Car -1 -1 -3.9780 0.0000 193.3513 413.8873 373.0000 1.6077 1.6564 4.0932 -2.7549 1.7112 4.0708 -4.5511 0.7942
Pedestrian -1 -1 -8.0980 665.0789 171.4905 690.6345 224.3976 1.7498 0.6520 0.9046 2.5464 1.4192 24.2529 -7.9998 0.7589
Pedestrian -1 -1 -3.9201 827.8555 152.5098 949.5038 358.2275 1.8084 0.6713 0.8428 2.6536 1.5543 6.7943 -3.5666 0.5940
Pedestrian -1 -1 -5.7168 983.9877 143.7839 1120.7332 337.3598 1.8937 0.7573 0.9810 4.7176 1.5255 7.6364 -5.1843 0.5722
Pedestrian -1 -1 -8.2000 535.1437 171.0861 562.5137 229.1127 1.8468 0.6059 0.9281 -1.7480 1.5158 23.4102 -8.2790 0.5601
Pedestrian -1 -1 -8.1065 921.0200 179.9988 977.9291 266.6958 1.4830 0.7445 0.7007 6.0931 1.4579 12.6991 -7.6726 0.5233
Pedestrian -1 -1 -3.9998 959.3061 157.1040 1031.1797 289.9561 1.8300 0.5688 0.7283 5.5895 1.4946 10.2933 -3.5184 0.4561
Car -1 -1 -7.6905 600.9226 178.2955 631.5981 201.3508 1.5782 1.6118 3.7741 1.1053 1.3589 51.1744 -7.6741 0.4526
Pedestrian -1 -1 -7.9586 686.2741 170.6403 707.9161 224.7373 1.7992 0.6311 0.8759 3.2075 1.4385 24.3356 -7.8342 0.3898
Car -1 -1 -8.3170 845.2764 198.5462 1237.0000 373.0000 1.4416 1.5026 3.3803 2.8356 1.5967 4.7863 -7.8118 0.3864
Pedestrian -1 -1 -7.1718 608.6344 172.1832 626.7117 205.2832 1.8461 0.5781 0.9120 0.9169 1.3266 40.5982 -7.1544 0.3655
Pedestrian -1 -1 -7.7530 755.8034 183.9373 794.6614 275.3273 1.5121 0.5864 0.7602 2.9544 1.5562 12.3628 -7.5288 0.3149
Cyclist -1 -1 -7.5561 448.2414 167.5665 488.5676 239.6161 1.8755 0.5826 1.8224 -3.6455 1.5133 19.6369 -7.7426 0.2942
Pedestrian -1 -1 -7.4217 457.4507 173.3398 475.3131 211.5134 1.8639 0.6326 0.7046 -6.6798 1.4657 35.4920 -7.6115 0.2642
Pedestrian -1 -1 -1.9278 14.5387 186.6178 50.8840 249.8514 1.5760 0.5301 0.6647 -14.5756 1.7103 18.3673 -2.5969 0.2267
Pedestrian -1 -1 -6.1035 478.6794 171.9852 510.7779 231.4398 1.8151 0.6341 0.8879 -3.3294 1.5251 22.2598 -6.2556 0.2117
Cyclist -1 -1 -6.8575 277.6966 174.4582 315.3979 208.9129 1.7049 0.6213 1.6967 -15.4541 1.3567 36.4227 -7.2613 0.2115
Pedestrian -1 -1 -3.8935 723.4235 165.1111 785.1437 264.0789 1.8019 0.6695 0.9427 2.8526 1.5041 13.6114 -3.6963 0.2114
Pedestrian -1 -1 -3.6424 301.4070 169.6813 319.1823 213.0647 1.8524 0.6136 0.4749 -12.6011 1.3481 31.0492 -4.0301 0.1922
Pedestrian -1 -1 -5.8465 1099.8728 146.8986 1164.2538 268.7734 1.9039 0.5759 0.6630 8.5558 1.3640 11.6522 -5.2291 0.1911
Cyclist -1 -1 -6.2476 1031.3993 154.6911 1237.0000 322.9469 1.8322 0.7443 2.0201 6.3931 1.5410 8.7287 -5.6351 0.1830
Cyclist -1 -1 -7.4340 0.0000 188.3967 75.6184 373.0000 1.6479 0.4925 1.6479 -5.1844 1.7157 6.1254 -8.1218 0.1815
Car -1 -1 -4.5686 635.4913 173.3177 657.7031 190.7915 1.6043 1.5985 3.7262 4.3339 0.8528 67.9363 -4.5100 0.1760
Cyclist -1 -1 -4.2375 417.5569 172.9615 468.5803 249.7810 1.8043 0.5533 1.6252 -3.9190 1.6043 17.7276 -4.4574 0.1736
Cyclist -1 -1 -4.8453 505.6107 177.9885 531.8991 233.0422 1.6810 0.6014 1.6776 -2.6689 1.5743 22.8213 -4.9657 0.1729
Car -1 -1 -2.6655 538.9282 177.0578 601.2233 202.1884 1.5447 1.5627 3.6396 -1.9890 1.2717 45.6194 -2.7139 0.1618
Car -1 -1 -4.5435 474.8248 182.0907 534.5530 225.3718 1.5094 1.6323 3.7335 -3.5820 1.5335 26.9956 -4.6794 0.1614
Car -1 -1 -4.8644 708.5394 174.6245 793.0079 243.1172 1.6355 1.5758 3.8381 3.8222 1.4719 19.1002 -4.6748 0.1596
Car -1 -1 -8.2566 563.2899 172.3125 598.7044 192.5883 1.6753 1.6694 3.7586 -1.7530 0.9160 61.4080 -8.2899 0.1591
Car -1 -1 -5.8382 0.0000 202.0163 108.7490 236.2246 1.4947 1.5507 4.0714 -25.9598 2.4993 33.9838 -6.4920 0.1562
Pedestrian -1 -1 -8.1104 915.5300 161.2084 956.1772 246.9935 1.8236 0.6029 0.8412 7.2730 1.3928 15.7346 -7.6891 0.1492
Car -1 -1 -6.5058 705.6205 174.8489 829.0125 225.7930 1.5867 1.6241 3.6019 5.2604 1.3800 23.1987 -6.2905 0.1352
Cyclist -1 -1 -7.1113 722.1945 169.6147 750.5297 201.3947 1.8544 0.6480 1.7509 8.0263 1.1610 42.7016 -6.9317 0.1351
Cyclist -1 -1 -7.8144 797.3237 158.5141 835.6641 271.2487 1.8315 0.5996 1.7369 3.7448 1.4587 12.5889 -7.5364 0.1235
Pedestrian -1 -1 -8.0570 357.1615 164.7645 373.2106 201.2393 1.8429 0.6678 0.6134 -12.0883 0.9975 36.7264 -8.3778 0.1229
Car -1 -1 -4.9911 704.5557 179.1898 758.5558 209.4388 1.4255 1.5915 3.9703 6.4245 1.3169 35.9117 -4.8204 0.1185
Pedestrian -1 -1 -6.4093 699.3629 171.6151 708.0591 192.1597 1.8285 0.5872 0.6981 9.1751 0.9485 64.2318 -6.2730 0.1179
Cyclist -1 -1 -2.8693 359.9998 171.7305 398.8145 209.3246 1.7685 0.7231 1.6319 -10.5659 1.3092 34.1785 -3.1720 0.1127
Pedestrian -1 -1 -5.2613 854.3494 166.2125 887.6692 229.4301 1.8072 0.5700 0.8050 7.8366 1.3707 20.9866 -4.9132 0.1103
Pedestrian -1 -1 -4.8173 90.0986 177.4334 124.8820 253.9245 1.7535 0.6152 0.5955 -11.6543 1.6608 16.8933 -5.4194 0.1089
Pedestrian -1 -1 -5.3529 467.5967 178.2590 499.5127 236.1845 1.6827 0.5603 0.8117 -3.5361 1.5890 21.3498 -5.5204 0.1082
Pedestrian -1 -1 -8.2766 379.9409 185.8344 424.8288 267.3638 1.5475 0.5932 0.7561 -3.9698 1.6364 14.1657 -8.5507 0.1032
Car -1 -1 -8.1479 699.4299 166.1620 733.6617 192.1140 2.1290 1.7235 4.1407 9.7721 0.8706 61.0997 -7.9949 0.1013
Car -1 -1 -6.3983 250.0731 172.9254 355.6869 212.4167 1.4751 1.5889 3.7001 -11.8210 1.1552 28.4299 -6.7942 0.0991
Pedestrian -1 -1 -7.4607 7.1559 197.3073 36.0588 246.3522 1.6206 0.5667 0.6274 -19.6842 2.1655 24.3629 -8.1404 0.0952
Car -1 -1 -3.9973 1174.7581 170.7952 1237.0000 373.0000 1.5012 1.6119 4.2187 7.3614 1.4278 5.8197 -3.1225 0.0917
Pedestrian -1 -1 -6.1745 791.0714 161.2784 840.5197 256.5559 1.8673 0.5080 0.9112 4.2840 1.4716 14.4854 -5.8973 0.0861
Pedestrian -1 -1 -4.5781 534.3490 167.0262 546.2720 199.1575 1.9575 0.6391 0.7532 -3.7517 1.0758 44.1529 -4.6673 0.0834
Pedestrian -1 -1 -5.3921 208.9328 178.5952 275.2329 307.7471 1.7991 0.5584 0.6757 -5.2445 1.7592 10.4005 -5.8550 0.0827
Pedestrian -1 -1 -7.7883 475.5006 169.4811 488.1780 201.7859 1.8248 0.6771 0.6057 -6.8110 1.1460 40.9130 -7.9572 0.0794
Car -1 -1 -8.1928 730.9315 161.5432 769.2449 190.5706 2.3385 1.7689 4.3489 12.4187 0.7306 60.1484 -7.9950 0.0791
Pedestrian -1 -1 -7.2773 371.2379 165.2705 386.7797 198.4780 1.8023 0.6428 0.5033 -12.1768 0.9216 39.3156 -7.5807 0.0771
Pedestrian -1 -1 -5.7827 753.5145 168.7993 761.9126 202.1540 1.8241 0.4526 0.2696 8.5990 1.1297 39.5433 -5.5750 0.0764
Pedestrian -1 -1 -8.1775 460.6895 179.8324 482.7668 225.8860 1.6528 0.6201 0.6371 -4.7582 1.5933 26.2088 -8.3606 0.0750
Car -1 -1 -4.3332 706.0637 173.2092 750.3593 198.7106 1.6064 1.5655 3.8840 8.3958 1.0842 47.3145 -4.1635 0.0745
Pedestrian -1 -1 -5.3265 779.6382 172.8080 817.1044 243.8593 1.6885 0.6070 0.6609 4.7523 1.4825 17.4866 -5.0702 0.0736
Pedestrian -1 -1 -4.2553 863.3047 160.7140 901.8740 235.8680 1.8576 0.6267 0.8068 7.1128 1.3444 18.2600 -3.8940 0.0734
Pedestrian -1 -1 -3.7337 944.6061 160.6347 981.0406 235.8027 1.8145 0.6104 0.5511 8.8522 1.3114 17.6810 -3.2807 0.0730
Pedestrian -1 -1 -7.2008 31.8955 173.5574 64.6060 236.0680 1.8283 0.5912 0.4902 -16.3942 1.5965 21.2557 -7.8570 0.0715
Cyclist -1 -1 -6.7880 21.5007 184.8472 116.7566 268.2672 1.6689 0.5005 1.5816 -11.3070 1.7444 15.2599 -7.4229 0.0701
Pedestrian -1 -1 -8.5705 754.8990 165.4669 772.3534 198.9209 1.8950 0.6399 0.7490 9.2921 0.9870 41.1726 -8.3549 0.0687
Pedestrian -1 -1 -4.7716 284.9047 172.3666 321.4465 272.0916 1.7801 0.5812 0.6993 -5.5549 1.6177 13.2644 -5.1668 0.0684
Pedestrian -1 -1 -6.7057 702.3283 174.6749 747.6844 248.3052 1.6752 0.5931 0.8730 2.8371 1.5204 16.7425 -6.5458 0.0669
Pedestrian -1 -1 -5.5963 273.2147 165.7073 327.4591 261.5340 1.8784 0.6747 0.7546 -6.1156 1.5695 14.5121 -5.9942 0.0666
Pedestrian -1 -1 -6.3373 397.2208 171.4562 436.2419 257.1405 1.7563 0.6095 0.7613 -3.9352 1.5510 15.1307 -6.5931 0.0644
Car -1 -1 -8.1937 520.7670 180.7903 581.6669 212.8587 1.4855 1.6789 4.1847 -2.5608 1.4529 35.5295 -8.2703 0.0639
Pedestrian -1 -1 -7.7357 759.7858 172.1908 773.0474 205.3510 1.7506 0.6285 0.5842 8.7926 1.2594 38.3032 -7.5166 0.0633
Pedestrian -1 -1 -6.4411 1064.9452 159.3241 1129.4941 297.5930 1.7759 0.5882 0.6149 6.5742 1.4917 9.6204 -5.8597 0.0620
Car -1 -1 -5.0482 667.6835 181.4424 732.1368 217.8669 1.4320 1.5047 3.7424 4.0506 1.4300 30.2264 -4.9213 0.0620
Pedestrian -1 -1 -7.7467 446.2792 181.4550 465.8302 225.9019 1.6393 0.6552 0.6334 -5.4502 1.6380 26.8400 -7.9504 0.0611
Car -1 -1 -4.3616 657.3014 178.5475 712.8774 209.2621 1.4425 1.4972 3.9822 4.2214 1.3041 35.8516 -4.2504 0.0607
Pedestrian -1 -1 -6.9467 515.8019 170.0815 531.2918 200.7661 1.8673 0.6583 0.6873 -4.7890 1.1725 44.1901 -7.0591 0.0604
Pedestrian -1 -1 -5.7463 230.4936 168.2223 251.5588 228.9733 1.8625 0.5492 0.3549 -11.2187 1.4559 22.3090 -6.2127 0.0597
Pedestrian -1 -1 -5.0911 901.6591 197.6491 977.3843 335.9123 1.3411 0.4946 0.6264 3.3978 1.5146 7.3642 -4.6779 0.0591
Cyclist -1 -1 -2.4422 276.7109 173.0694 308.8117 205.1533 1.8469 0.6478 1.7015 -18.0064 1.3617 41.9052 -2.8508 0.0585
Cyclist -1 -1 -5.8093 513.1434 165.5515 545.8105 198.9924 1.8756 0.5683 1.7856 -4.0986 0.9813 40.8775 -5.9135 0.0574
Cyclist -1 -1 -8.1377 909.9439 171.7125 964.7587 258.1392 1.6210 0.4972 1.7444 6.6452 1.4381 14.3712 -7.7169 0.0573
Pedestrian -1 -1 -3.8489 791.3161 165.2327 811.5851 211.7085 1.9179 0.5902 0.5681 8.3421 1.2470 30.0324 -3.5854 0.0566
Car -1 -1 -4.4576 50.1933 201.6212 97.0106 227.2842 1.5101 1.5772 3.9249 -34.9719 2.9053 47.6978 -5.0929 0.0551
Pedestrian -1 -1 -8.6952 754.1803 169.8916 807.0673 260.5383 1.7171 0.6658 0.7561 3.4734 1.4978 14.1079 -8.4636 0.0538
Car -1 -1 -4.7444 575.9943 177.3223 602.0768 202.8041 1.7018 1.6648 3.8384 -0.8852 1.4228 49.9349 -4.7671 0.0501
