Car -1 -1 -7.8883 522.4630 193.0651 550.4004 218.5422 1.4634 1.6613 4.0637 -4.8568 2.8377 46.9454 -7.9915 0.6924
Car -1 -1 -4.8737 1099.8506 191.8264 1152.3501 223.4470 1.5354 1.7399 3.7526 28.2010 2.6303 39.5849 -4.2588 0.6585
Car -1 -1 -6.6727 764.0223 185.0338 1028.3016 276.0646 1.5228 1.6338 4.1866 5.0411 1.7601 13.1925 -6.3161 0.4375
Car -1 -1 -4.6905 186.9150 189.7463 211.2604 212.8656 1.7454 1.6625 4.2062 -34.1575 3.2024 60.0003 -5.2064 0.3675
Car -1 -1 -8.0256 565.6892 186.5674 606.1124 217.6793 1.8440 1.8968 4.4796 -1.6676 2.7872 47.2559 -8.0613 0.3136
Car -1 -1 -4.8767 1066.7261 189.0763 1107.0702 212.6118 1.4291 1.6615 3.7554 32.0951 2.5697 48.6951 -4.2973 0.2915
Cyclist -1 -1 -3.5299 1123.0641 177.7547 1184.1820 223.2561 1.7460 0.6722 1.7974 21.2941 1.9420 28.3535 -2.8913 0.2785
Car -1 -1 -4.6944 1030.0645 186.8157 1057.1390 209.4856 1.4722 1.6002 3.9282 30.9554 2.5094 51.5238 -4.1564 0.1913
Car -1 -1 -7.4247 784.5999 186.2785 821.4992 206.6988 1.6494 1.6498 3.8843 16.8479 2.8583 62.9656 -7.1650 0.1696
Car -1 -1 -4.8397 1197.8092 193.3096 1241.0000 227.7011 1.4891 1.5101 3.6196 30.0850 2.5491 35.4690 -4.1409 0.1524
Car -1 -1 -4.4763 923.7032 191.6948 965.3220 216.5227 1.5265 1.6857 4.1902 23.0974 2.8837 49.8193 -4.0451 0.1256
Pedestrian -1 -1 -5.9070 1133.6453 167.6213 1150.1663 216.5701 1.9864 0.5450 0.3734 21.7653 1.7738 29.5849 -5.2779 0.1190
Car -1 -1 -8.0636 876.5114 184.4124 912.9655 208.2169 1.6081 1.7335 3.6572 20.6690 2.4812 52.5767 -7.6915 0.1034
Car -1 -1 -5.0377 423.3156 179.6303 463.9128 210.8030 2.2127 1.7143 4.2476 -12.6243 2.7450 54.4546 -5.2649 0.1012
Pedestrian -1 -1 -6.8618 954.3365 180.4948 975.7620 221.6635 1.8634 0.6666 0.6183 16.2732 2.2182 33.1647 -6.4098 0.0886
Pedestrian -1 -1 -8.5023 885.8568 173.2521 903.4493 208.3506 1.9760 0.6453 0.6886 16.1548 1.9986 41.0506 -8.1303 0.0844
Pedestrian -1 -1 -8.5714 1215.8658 175.3188 1241.0000 225.2656 1.7717 0.6640 0.6266 22.3336 1.8611 25.9432 -7.8667 0.0836
Car -1 -1 -7.7151 774.0306 185.4169 799.0580 205.8741 1.7353 1.6646 4.2932 16.2380 2.9300 66.3335 -7.4766 0.0833
Car -1 -1 -4.7621 1172.1849 183.7785 1214.5575 213.0399 1.5753 1.7113 4.5420 34.6089 2.2605 42.9352 -4.0875 0.0816
Pedestrian -1 -1 -7.4782 67.4047 195.4766 97.4860 247.5663 1.7072 0.6525 0.5740 -17.8208 2.4806 24.3191 -8.1056 0.0796
Car -1 -1 -7.2740 164.4487 194.7084 245.8387 229.3582 1.4345 1.5893 3.6935 -19.1124 2.5266 34.1679 -7.7810 0.0768
Car -1 -1 -4.6554 54.9607 185.5683 87.0408 208.8460 1.6285 1.7220 4.1324 -41.1243 2.6375 55.0788 -5.2946 0.0765
Car -1 -1 -8.0522 1052.6354 193.4200 1101.0594 222.1523 1.4620 1.6258 3.7145 26.8363 2.7062 41.6388 -7.4836 0.0763
Car -1 -1 -4.0755 0.0000 202.4889 88.8026 240.3593 1.4771 1.6238 4.3042 -26.7188 2.9512 33.7227 -4.7419 0.0747
Pedestrian -1 -1 -8.0918 882.0174 167.8264 897.1688 204.0952 1.9416 0.6417 0.5823 15.0539 1.6722 38.9572 -7.7260 0.0716
Pedestrian -1 -1 -4.6446 910.3111 177.2810 922.8697 212.0086 1.9658 0.6249 0.6131 17.5400 2.2218 41.3632 -4.2467 0.0713
Car -1 -1 -4.5187 278.4560 189.1071 305.9827 206.7758 1.5654 1.7259 3.8501 -30.7197 3.1839 69.7959 -4.9323 0.0703
Car -1 -1 -7.4935 273.8004 195.8106 311.3935 215.6875 1.4980 1.6165 3.9604 -26.8342 3.5048 61.0641 -7.9063 0.0699
Car -1 -1 -5.2745 914.2864 190.9169 987.5969 223.4854 1.4751 1.6027 3.7732 17.2789 2.4465 36.8417 -4.8397 0.0692
Car -1 -1 -4.9156 333.3674 193.2939 372.0409 219.5152 1.5545 1.6657 3.9760 -17.2650 2.9808 48.2295 -5.2580 0.0671
Pedestrian -1 -1 -4.0921 943.0187 174.0362 967.4258 218.1602 2.0530 0.7361 0.7614 16.2743 2.1094 34.1056 -3.6508 0.0605
Car -1 -1 -4.7011 201.0980 181.3572 223.5471 203.0800 1.8792 1.7611 4.3763 -36.6918 2.6914 66.6001 -5.2032 0.0600
Car -1 -1 -4.1286 374.9679 196.0206 440.9135 226.2787 1.4912 1.6526 4.0532 -11.4660 2.8801 41.0850 -4.3997 0.0599
Pedestrian -1 -1 -7.3010 1019.8796 173.8442 1046.0652 218.1640 1.9864 0.7419 0.7597 19.2233 2.0319 32.8689 -6.7762 0.0594
Car -1 -1 -3.2048 913.4214 183.8627 993.7285 213.7191 1.5337 1.6119 3.8761 18.7387 2.1600 39.6033 -2.7663 0.0571
Car -1 -1 -4.9817 1111.3185 187.7308 1164.0684 213.9065 1.5147 1.6664 4.2180 33.9622 2.5219 46.5973 -4.3555 0.0568
Car -1 -1 -7.6988 748.9964 182.2861 775.1428 203.4563 1.8548 1.7531 4.3639 14.2708 2.7697 67.6619 -7.4924 0.0566
Car -1 -1 -4.7008 1052.2799 192.6199 1091.2982 226.3141 1.5060 1.6037 4.1042 23.6057 2.5768 36.9405 -4.1365 0.0560
Car -1 -1 -4.9425 1144.2729 192.3355 1209.1122 225.8136 1.5181 1.7049 4.2805 29.4650 2.5978 37.6976 -4.2835 0.0537
Pedestrian -1 -1 -5.8866 63.1429 171.3946 125.6683 292.3611 1.9513 0.5063 0.7009 -8.5880 1.9274 11.9611 -6.4990 0.0535
Cyclist -1 -1 -8.1551 871.2611 182.1842 881.8344 204.8771 1.6504 0.3266 1.4260 19.8355 2.3549 53.7877 -7.8041 0.0528
Car -1 -1 -5.0363 476.1455 193.2929 508.2565 213.7614 1.6723 1.6144 4.2456 -10.7828 3.5971 65.7069 -5.1988 0.0524
Car -1 -1 -4.9716 609.3346 194.8653 647.8201 220.0576 1.5121 1.6411 3.9989 1.1873 3.0771 49.1760 -4.9484 0.0522
Car -1 -1 -4.2492 318.1184 198.6377 386.8792 232.8772 1.4503 1.5888 3.9888 -12.7153 2.8023 35.7673 -4.5889 0.0512
Car -1 -1 -5.5149 973.7405 184.5488 1075.1232 222.9111 1.5122 1.6341 3.7786 18.0727 2.0594 31.7325 -5.0018 0.0507
Pedestrian -1 -1 -4.2809 700.8696 172.1199 743.8574 256.4738 1.9952 0.7631 0.8299 2.6970 1.9775 17.6226 -4.1326 0.0505
