Car -1 -1 -7.7255 688.3395 172.2057 733.6255 206.3611 1.4605 1.5745 3.8327 4.6152 1.4325 32.9087 -7.5879 0.9240
Car -1 -1 -6.9871 0.0000 193.0444 381.4847 374.0000 1.4649 1.6060 3.7230 -3.7537 1.6862 5.9007 -7.5342 0.8912
Car -1 -1 -7.6556 660.8564 173.7836 696.4617 198.3537 1.4236 1.4930 3.5309 4.1743 1.4823 43.8569 -7.5618 0.8116
Car -1 -1 -4.4909 491.9567 180.6317 525.3245 203.9795 1.4178 1.4649 3.2093 -6.5418 1.9375 46.5815 -4.6301 0.5382
Pedestrian -1 -1 -3.9049 789.2736 163.5007 810.5406 200.8456 1.8369 0.6255 0.8207 9.4243 1.3765 35.9638 -3.6511 0.3011
Pedestrian -1 -1 -3.9269 854.1734 163.9071 868.7653 191.1248 1.8393 0.5546 0.7740 17.1062 1.2344 49.1770 -3.5943 0.2971
Pedestrian -1 -1 -5.4648 796.2585 156.6055 833.2192 221.0872 1.9372 0.5756 0.9858 6.2562 1.4487 22.2466 -5.1946 0.2893
Car -1 -1 -4.6545 542.7579 178.6539 562.6606 195.4679 1.4710 1.5987 4.1245 -5.2839 2.0230 66.6373 -4.7337 0.2488
Car -1 -1 -4.4863 452.0351 179.2925 493.3744 205.5454 1.5072 1.6074 4.2016 -8.4623 1.9239 44.6004 -4.6731 0.2238
Car -1 -1 -4.3112 0.0000 204.2549 50.6107 240.1879 1.5205 1.3941 3.5931 -29.4548 3.1621 35.8079 -4.9960 0.1830
Car -1 -1 -4.1967 303.9392 181.8998 410.0793 225.0152 1.4372 1.7426 4.6365 -9.5365 1.8124 27.5134 -4.5278 0.1395
Car -1 -1 -4.8867 503.7102 179.0445 529.0199 197.2579 1.4894 1.5217 3.8668 -8.1610 2.0429 62.4839 -5.0164 0.1390
Pedestrian -1 -1 -5.7669 448.3512 175.8370 470.6278 212.6359 1.7094 0.6616 0.8072 -7.1362 1.8516 34.0263 -5.9726 0.1251
Car -1 -1 -4.9800 211.4687 187.0793 373.8065 290.6270 1.4911 1.6190 4.2673 -5.9650 1.7926 13.1478 -5.3989 0.1084
Car -1 -1 -4.4195 76.3356 197.1158 152.8885 236.6785 1.4055 1.5918 3.8262 -20.6874 2.4909 30.2272 -5.0158 0.1014
Pedestrian -1 -1 -3.4161 607.3428 170.3846 616.4661 190.5617 1.8781 0.5030 0.7447 0.1563 1.6480 67.5048 -3.4141 0.1009
Car -1 -1 -4.6716 87.6187 192.8396 114.8789 214.4413 1.5675 1.6357 4.0072 -41.1803 3.2444 58.4235 -5.2836 0.0993
Pedestrian -1 -1 -5.2109 560.7358 166.0331 579.0414 201.8716 1.8609 0.6277 0.8585 -2.1538 1.5065 37.9963 -5.2676 0.0956
Car -1 -1 -4.1125 199.4670 185.4777 347.8480 241.6006 1.4314 1.7005 4.7223 -10.0746 1.8591 21.9883 -4.5380 0.0942
Car -1 -1 -5.5785 898.5839 165.8359 956.5539 184.6541 1.4947 1.6713 4.3249 26.1513 0.9370 59.6199 -5.1672 0.0938
Car -1 -1 -6.8981 249.0327 186.1774 363.0570 228.3401 1.4281 1.6057 3.8142 -11.6502 1.9783 27.7709 -7.2923 0.0913
Car -1 -1 -4.2448 61.9668 201.3623 134.1433 231.4109 1.4891 1.6326 4.4258 -30.0362 3.2570 42.4448 -4.8579 0.0824
Pedestrian -1 -1 -4.3799 116.9596 173.4115 139.6594 213.9534 1.9901 0.7110 0.8173 -24.0098 2.0179 35.9161 -4.9660 0.0802
Pedestrian -1 -1 -6.7950 669.0731 167.9314 679.1569 190.0397 1.8791 0.6210 0.6364 5.4608 1.4604 61.7425 -6.7076 0.0789
Car -1 -1 -4.8409 1102.3448 160.1056 1135.6577 180.4499 1.5379 1.6207 4.0336 39.9261 0.5739 56.7073 -4.2299 0.0743
Car -1 -1 -5.4686 0.0000 202.1825 76.3250 249.3029 1.4910 1.5443 4.1471 -21.1523 2.5525 25.1082 -6.1636 0.0692
Pedestrian -1 -1 -7.6060 777.3215 166.2980 793.1327 198.6452 1.8131 0.7520 0.5809 9.8902 1.4453 40.8746 -7.3706 0.0690
Pedestrian -1 -1 -6.9426 487.7181 178.5300 499.9759 202.6987 1.7252 0.6452 0.6066 -8.4261 2.1387 52.1546 -7.1024 0.0661
Car -1 -1 -4.6680 0.0000 182.9665 29.0652 211.0837 1.7701 1.7563 4.2940 -40.9216 2.4918 49.2792 -5.3585 0.0590
Car -1 -1 -5.3619 900.2052 169.7187 944.7278 186.5106 1.5806 1.6160 4.4355 30.3494 1.2852 70.2658 -4.9560 0.0590
Car -1 -1 -7.4840 288.7398 184.5094 354.6522 217.7242 1.4237 1.5634 4.0001 -13.6707 2.0105 34.3397 -7.8606 0.0572
Car -1 -1 -3.6213 760.3671 171.9883 856.3643 203.8607 1.4642 1.6276 4.1273 9.3882 1.4241 34.3840 -3.3574 0.0546
Car -1 -1 -8.5295 938.1905 163.1262 994.0874 184.3842 1.5638 1.6315 4.0859 27.1713 0.8479 55.2490 -8.0747 0.0545
Pedestrian -1 -1 -4.3070 392.3576 179.9645 414.5623 220.8907 1.5785 0.6043 0.7198 -8.1584 1.8616 28.3615 -4.5851 0.0528
Car -1 -1 -7.2357 1131.9147 150.4185 1241.0000 374.0000 1.5478 1.6484 4.2337 5.0643 1.4696 3.3375 -6.2878 0.0512
Car -1 -1 -4.7113 530.9213 177.8008 552.1732 197.1754 1.4069 1.5685 3.8613 -5.2841 1.8002 55.4110 -4.8064 0.0503
