Pedestrian -1 -1 -3.7226 781.4326 167.7448 849.2230 277.2376 1.9386 0.5929 1.0406 3.7017 1.8479 13.2182 -3.4565 0.1393
Pedestrian -1 -1 -5.5633 227.4335 159.9310 326.1482 324.8056 1.7661 0.4870 0.9123 -3.7882 1.6274 8.0941 -5.9893 0.1211
Pedestrian -1 -1 -3.5489 751.1347 172.1264 799.1967 260.7573 1.9617 0.6523 0.8738 3.6878 1.9453 16.3729 -3.3323 0.1027
Cyclist -1 -1 -4.9639 650.2938 185.8428 664.3064 210.3195 1.7364 0.5769 1.8818 3.4495 2.7114 53.2025 -4.9002 0.0932
Pedestrian -1 -1 -8.0724 686.8376 179.3749 705.4233 226.8963 1.8803 0.6113 0.6593 3.4143 2.1454 29.0073 -7.9573 0.0706
Pedestrian -1 -1 -2.5843 534.4751 179.4271 549.1602 211.8804 2.0100 0.7649 0.6069 -4.3188 2.4273 45.3608 -2.6793 0.0538
Pedestrian -1 -1 -6.1202 659.4380 180.5309 674.4078 212.6197 1.9627 0.6727 0.8289 3.4987 2.4431 44.7603 -6.0434 0.0522
Pedestrian -1 -1 -5.9919 148.9035 157.6260 267.4591 349.3681 1.7841 0.5929 0.8817 -3.9768 1.6421 7.0933 -6.4877 0.0519
Pedestrian -1 -1 -3.5830 672.7205 174.3107 685.6514 212.5981 1.8682 0.6138 0.4109 3.3705 1.9405 35.5927 -3.4900 0.2689
Cyclist -1 -1 -2.9462 530.2059 187.2545 561.5118 217.0254 1.7470 0.6739 1.7697 -3.8695 2.6172 43.1850 -3.0356 0.1340
Cyclist -1 -1 -5.0777 649.1907 186.8313 663.7620 210.7995 1.6932 0.4946 1.6802 3.3681 2.7340 52.8678 -5.0151 0.0750
Pedestrian -1 -1 -7.4309 667.5803 172.3621 684.1003 212.2475 1.9357 0.6854 0.4433 3.1880 1.9115 35.3787 -7.3424 0.0656
Car -1 -1 -8.0372 661.1453 195.1911 749.4138 259.7574 1.4079 1.5801 4.0087 2.3660 2.0655 19.2023 -7.9176 0.9286
Car -1 -1 -4.7841 595.7254 187.5769 623.0997 211.3479 1.5921 1.7141 4.0779 -0.1103 2.7165 53.0208 -4.7867 0.1109
Car -1 -1 -4.7635 533.1948 190.7615 560.7256 217.1903 1.4744 1.5103 3.5172 -3.9629 2.6268 44.6014 -4.8522 0.0858
Car -1 -1 -4.4859 478.4215 188.9230 533.0004 224.8918 1.5813 1.7467 4.4169 -5.1669 2.4340 36.0268 -4.6280 0.0829
Car -1 -1 -4.8932 646.0062 188.0581 677.2850 212.1140 1.6482 1.6188 4.1391 3.8148 2.8372 54.2964 -4.8240 0.0757
