Pedestrian -1 -1 -7.8221 520.2512 183.3306 535.1273 225.5287 1.9757 0.6859 0.4827 -3.9381 2.4756 34.1837 -7.9366 0.1040
Pedestrian -1 -1 -5.2583 745.6849 174.2974 773.6028 236.6590 1.9384 0.5995 0.6784 4.6902 1.9846 22.8676 -5.0594 0.0817
Pedestrian -1 -1 -3.8772 1127.4506 107.4028 1241.0000 374.0000 1.9669 0.6905 0.5563 3.9872 1.5559 4.8948 -3.2235 0.0812
Cyclist -1 -1 -4.1673 62.8569 147.8021 256.8433 374.0000 1.9037 0.6024 1.8305 -4.0200 1.7080 6.5468 -4.7007 0.0728
Pedestrian -1 -1 -4.9889 785.0803 168.9717 810.6135 234.0288 2.0404 0.6703 0.5017 5.9067 1.9183 22.8896 -4.7403 0.0711
Cyclist -1 -1 -7.8599 696.4180 186.6748 704.4608 223.7994 1.7405 0.3746 1.7361 4.3879 2.4347 35.3700 -7.7382 0.0585
Car -1 -1 -7.9588 371.8574 199.2163 460.7644 276.2748 1.4141 1.5799 3.8210 -4.6329 2.1003 16.7224 -8.2258 0.0556
Pedestrian -1 -1 -4.5974 713.3633 174.9088 730.7311 223.8170 1.9009 0.6183 0.5567 4.3711 1.9825 28.4222 -4.4471 0.0517
Cyclist -1 -1 -4.4039 416.8590 185.6706 465.7272 272.9493 1.7470 0.5355 1.6970 -3.6639 2.0385 15.5641 -4.6322 0.3560
Pedestrian -1 -1 -5.8098 490.4757 174.9966 523.2601 238.8336 2.0340 0.6216 0.8673 -3.3968 2.1047 23.4543 -5.9528 0.2898
Cyclist -1 -1 -7.2767 40.0929 178.7265 248.0517 374.0000 1.6849 0.5690 1.8196 -3.9314 1.7426 6.1988 -7.8233 0.2393
Pedestrian -1 -1 -8.0210 837.7578 159.4907 920.9137 345.0956 1.8224 0.6665 0.8502 2.7367 1.6909 7.5589 -7.6874 0.1933
Pedestrian -1 -1 -3.5816 699.7934 180.1262 722.2685 225.9194 1.9754 0.7017 0.7494 4.3944 2.2992 31.7142 -3.4459 0.1657
Pedestrian -1 -1 -5.5868 299.1071 170.6472 375.4435 306.8637 1.8685 0.5598 0.8619 -3.9444 1.8379 10.3046 -5.9448 0.1604
Pedestrian -1 -1 -4.9215 423.0581 192.9989 455.3558 272.5283 1.6241 0.5676 0.5299 -3.6721 2.0605 15.2789 -5.1544 0.1570
Pedestrian -1 -1 -4.8066 912.5651 172.5324 986.6740 347.7946 1.6995 0.6003 0.8314 3.4407 1.6961 7.4857 -4.3919 0.1537
Cyclist -1 -1 -4.3459 445.5425 184.1520 497.3271 269.8047 1.7693 0.5649 1.6776 -3.0994 2.0334 16.0112 -4.5350 0.1470
Pedestrian -1 -1 -2.6318 389.1991 182.3910 435.8350 278.7770 1.8328 0.6580 0.6461 -3.9311 2.0254 14.1958 -2.8981 0.1453
Pedestrian -1 -1 -7.1267 686.8024 180.5765 704.2141 218.1655 1.9419 0.5646 0.7331 4.4549 2.3523 37.9169 -7.0114 0.1319
Pedestrian -1 -1 -6.3806 667.7220 180.1445 678.4604 201.6656 1.7775 0.5596 0.8392 5.2251 2.3870 60.0714 -6.2947 0.1208
Pedestrian -1 -1 -5.0088 440.1229 183.9299 480.0365 268.5863 1.7880 0.6708 0.7407 -3.3509 2.0385 15.8529 -5.2147 0.1089
Pedestrian -1 -1 -6.9850 672.9563 180.9946 686.6188 207.2083 1.8207 0.5517 0.7887 4.8869 2.3992 50.8475 -6.8903 0.0991
Pedestrian -1 -1 -6.5793 552.6062 186.9858 566.4368 222.4389 1.8471 0.6772 0.5589 -2.7231 2.6059 38.3402 -6.6505 0.0912
Pedestrian -1 -1 -3.7836 693.4359 181.7437 712.0992 223.5664 1.9793 0.6840 0.6019 4.4291 2.4130 34.7825 -3.6588 0.0902
Pedestrian -1 -1 -2.5560 103.7258 204.2236 213.8595 374.0000 1.4274 0.5303 0.6009 -3.8812 1.7063 6.1440 -3.1007 0.0852
Pedestrian -1 -1 -4.5131 420.8070 177.5042 453.7803 265.5097 1.9043 0.5842 0.7037 -3.8770 2.0095 16.0132 -4.7478 0.0824
Cyclist -1 -1 -4.1098 0.0000 169.2198 210.9037 374.0000 1.7698 0.5703 1.8118 -4.2480 1.7432 6.1321 -4.6960 0.0744
Pedestrian -1 -1 -2.8700 560.3995 190.7894 571.1019 217.0564 1.7196 0.6721 0.5537 -2.9836 2.9258 48.1497 -2.9322 0.0708
Pedestrian -1 -1 -5.6823 513.4832 178.7397 526.2723 225.2300 1.9602 0.4907 0.3206 -3.8875 2.2134 30.7875 -5.8076 0.0708
Pedestrian -1 -1 -4.6518 470.9915 181.6694 503.0095 265.2759 1.8086 0.6612 0.7559 -2.7889 2.0101 16.1070 -4.8215 0.0600
Pedestrian -1 -1 -5.9081 507.4775 179.7312 524.1962 229.5943 1.8556 0.5246 0.4669 -3.5992 2.1180 27.2484 -6.0389 0.0537
Car -1 -1 -7.9854 655.9083 191.5510 700.0187 226.5065 1.4699 1.5725 4.0020 3.1529 2.4174 34.5465 -7.8960 0.8493
Car -1 -1 -8.0370 795.4705 175.8651 991.7884 340.0171 1.6361 1.5532 3.6069 3.2860 1.6820 9.1606 -7.7041 0.1865
Car -1 -1 -4.3706 562.9949 194.5923 609.3868 222.7328 1.5345 1.6851 3.8288 -1.4575 2.9417 44.6382 -4.4037 0.1658
Car -1 -1 -7.9618 661.4724 178.2386 685.3582 200.9162 1.8542 1.6390 3.7027 5.3724 2.3286 61.7509 -7.8759 0.0579
