Car -1 -1 -4.2615 677.6021 178.5242 715.1849 198.3387 1.6962 1.7114 4.2231 7.8293 2.2266 65.2882 -4.1431 0.1047
Pedestrian -1 -1 -3.9426 938.5687 159.8042 982.8164 242.5890 1.8342 0.6133 0.6668 7.9092 1.5448 16.3910 -3.5007 0.1044
Pedestrian -1 -1 -6.2585 597.7175 181.5942 609.9971 205.9131 1.6762 0.5309 0.8423 -0.4567 2.2873 50.2001 -6.2681 0.0891
Pedestrian -1 -1 -6.1981 588.8464 184.6433 601.0370 208.0320 1.5672 0.5898 0.7811 -1.0523 2.3725 48.9885 -6.2200 0.0830
Pedestrian -1 -1 -4.7333 892.4567 162.3314 917.0031 229.3011 1.8941 0.6333 0.8911 8.4935 1.5962 20.9361 -4.3534 0.0690
Pedestrian -1 -1 -4.9440 979.9105 159.4121 1019.3882 244.1871 1.8112 0.6057 0.7240 8.4907 1.5237 15.8415 -4.4603 0.0683
Pedestrian -1 -1 -4.6117 1181.2336 162.3959 1239.9681 283.8857 1.6608 0.6039 0.4714 8.4690 1.5176 10.2437 -3.9354 0.0680
Car -1 -1 -4.2518 354.6081 189.7415 451.7346 235.8346 1.3799 1.6365 4.0414 -7.1769 2.0219 25.3048 -4.5260 0.0679
Pedestrian -1 -1 -5.1249 741.3389 170.4338 759.0936 210.5457 1.9987 0.6188 0.7743 7.0296 1.8778 36.3988 -4.9362 0.0601
Cyclist -1 -1 -8.0928 687.1231 180.7630 710.9967 226.2556 1.6959 0.5441 1.6275 3.4019 2.0120 28.0303 -7.9740 0.0568
Car -1 -1 -4.7443 604.3618 179.6521 636.7092 210.7888 1.6376 1.6908 4.1254 0.5147 2.0426 40.9364 -4.7324 0.0555
Pedestrian -1 -1 -8.4164 533.2842 174.5914 550.0561 208.4362 1.9525 0.6598 0.7835 -4.0331 2.0551 42.1903 -8.5116 0.0548
Cyclist -1 -1 -7.8326 695.7891 175.3239 714.3818 230.5626 1.8048 0.5975 1.8618 3.2093 1.8921 24.6252 -7.7054 0.7847
Pedestrian -1 -1 -5.5121 113.8515 174.7464 179.3790 284.9780 1.8100 0.5945 0.7261 -7.8967 1.8428 12.2261 -6.0760 0.1595
Pedestrian -1 -1 -1.9722 91.3012 173.0700 152.6201 285.6564 1.7975 0.5827 0.7954 -8.1592 1.8009 11.9834 -2.5599 0.1556
Pedestrian -1 -1 -4.6109 3.2483 172.1809 55.1109 294.4480 1.8269 0.5444 0.8190 -9.1117 1.8165 11.2724 -5.2793 0.0889
Pedestrian -1 -1 -7.9905 59.8922 172.8322 106.4544 286.8049 1.8081 0.5329 0.7060 -8.7357 1.8074 11.8860 -8.6139 0.0524
Car -1 -1 -4.4219 499.4133 183.5820 575.1052 230.0074 1.5295 1.6481 4.3489 -2.6763 1.9666 27.1231 -4.5200 0.8609
Car -1 -1 -4.5187 601.2189 182.6076 640.1089 210.9149 1.5553 1.6028 3.9369 0.6498 2.1669 43.1766 -4.5044 0.8011
Car -1 -1 -4.3832 408.8843 176.9570 521.8989 250.5408 1.7416 1.7079 4.2110 -3.8095 1.8649 19.5263 -4.5741 0.7715
Car -1 -1 -4.4024 677.4752 179.7317 708.3538 199.3839 1.6937 1.7800 3.5994 7.5431 2.3378 65.5964 -4.2889 0.3262
Car -1 -1 -4.5066 538.6663 182.6064 579.9155 211.6803 1.5887 1.6599 4.0445 -3.0013 2.1977 42.9632 -4.5765 0.2897
Car -1 -1 -5.5910 762.0839 182.0797 825.0454 208.7968 1.4919 1.5775 3.4573 10.9744 2.0708 43.4362 -5.3457 0.1061
Car -1 -1 -4.9778 689.9987 178.5611 732.8388 204.9740 1.6264 1.6914 4.4163 6.6131 2.0218 47.7226 -4.8415 0.0826
