Pedestrian -1 -1 -3.9625 1221.1931 153.0039 1241.0000 204.4444 1.9016 0.7491 0.5676 23.5031 1.1675 27.0771 -3.2533 0.1994
Pedestrian -1 -1 -5.9913 455.5675 177.5541 466.6275 201.1673 1.7846 0.5404 0.6993 -11.3669 2.1442 54.9508 -6.1947 0.1970
Car -1 -1 -3.7386 1034.2599 170.1398 1141.4962 201.4287 1.5104 1.6193 4.2516 23.5326 1.3791 35.6789 -3.1596 0.1245
Pedestrian -1 -1 -6.4696 1066.2535 160.1508 1085.7983 192.7550 1.8325 0.5486 0.8430 26.4158 1.1182 40.9652 -5.9004 0.1034
Pedestrian -1 -1 -3.4305 828.4618 169.7845 838.1104 193.3494 1.8815 0.5118 0.6181 17.8797 1.6361 57.8695 -3.1327 0.0863
Cyclist -1 -1 -8.1809 753.5410 178.6364 804.4933 257.8895 1.5602 0.5358 1.6195 3.4707 1.6880 15.1595 -7.9610 0.0780
Car -1 -1 -4.3134 184.1561 179.8770 261.9471 219.0867 1.4905 1.5403 3.6515 -16.0254 1.8004 29.9902 -4.8007 0.0738
Pedestrian -1 -1 -8.2594 393.0903 172.0002 407.5422 203.4939 1.9330 0.6320 0.7107 -13.0437 1.8803 44.7621 -8.5417 0.0697
Cyclist -1 -1 -3.1682 975.2648 164.1086 1014.4957 201.3968 1.8299 0.6324 1.7106 19.1825 1.4004 36.0705 -2.6832 0.0653
Car -1 -1 -8.0790 489.4937 176.0447 516.2126 196.1489 1.8568 1.6528 4.1884 -10.3868 2.1743 69.6075 -8.2269 0.0650
Pedestrian -1 -1 -7.7792 1022.5803 161.3844 1038.6442 197.4369 1.8326 0.6754 0.5687 21.5892 1.2493 37.1021 -7.2559 0.0644
Car -1 -1 -4.5090 816.6577 172.5214 843.5174 191.3660 1.7208 1.6922 3.8084 20.7343 1.6902 67.9659 -4.2144 0.0616
Car -1 -1 -4.3885 681.2079 175.9542 724.7393 203.1141 1.5589 1.5586 3.6145 5.6509 1.7553 43.8282 -4.2616 0.0594
Pedestrian -1 -1 -6.7959 1190.6710 156.8588 1211.4611 193.0844 1.8027 0.6716 0.5479 29.6773 1.0065 36.2838 -6.1144 0.0561
Car -1 -1 -7.9138 187.6306 155.3879 218.3146 182.2800 1.9603 1.7848 4.2462 -31.0068 0.6868 54.8659 -8.4263 0.0545
Pedestrian -1 -1 -3.0918 1168.5780 156.4743 1188.3500 189.1849 1.7324 0.5055 0.8102 30.4266 0.8646 38.6699 -2.4290 0.0537
Car -1 -1 -8.5857 1092.0975 157.8197 1172.2363 188.5656 1.5874 1.5986 3.4648 28.1410 0.8109 39.0638 -7.9651 0.0511
Cyclist -1 -1 -7.8337 723.9808 174.8847 739.1552 225.4336 1.6225 0.4744 1.5762 4.0111 1.6921 24.0431 -7.6711 0.0849
Pedestrian -1 -1 -5.6261 719.3531 185.2747 737.9982 225.2119 1.2749 0.4392 0.4194 3.8216 1.6848 23.5255 -5.4678 0.0563
Cyclist -1 -1 -8.1666 710.3723 173.2948 738.3672 226.0557 1.6976 0.4543 1.5640 3.7483 1.7124 24.0368 -8.0145 0.0510
Car -1 -1 -7.8197 604.2957 175.8469 658.3164 228.0163 1.5942 1.6688 3.1574 0.7066 1.6996 23.8632 -7.7912 0.9716
Car -1 -1 -4.6130 601.2102 176.7157 622.3478 193.6146 1.4843 1.5543 4.0625 0.1707 1.8508 66.4356 -4.6108 0.3371
Car -1 -1 -4.5389 572.9833 178.4210 595.9705 193.2903 1.3442 1.5322 3.9719 -2.4259 1.8911 68.8501 -4.5744 0.2510
Car -1 -1 -7.5583 202.1126 169.7661 235.1722 186.9152 1.5483 1.6218 3.9569 -36.4456 1.2692 67.2437 -8.0534 0.1944
Car -1 -1 -4.6568 686.9338 175.7981 706.3394 192.9996 1.4872 1.5275 3.9870 7.8305 1.7615 65.1959 -4.5382 0.1900
Car -1 -1 -4.7965 701.6693 176.2141 751.8814 217.1048 1.5564 1.6834 4.2369 4.7347 1.7059 29.9930 -4.6420 0.1760
Car -1 -1 -4.0835 299.9075 164.9343 346.9327 192.9064 2.5399 1.7651 4.5661 -26.9433 1.8205 67.9478 -4.4599 0.1749
Car -1 -1 -4.3314 815.7700 169.8574 849.6270 187.8987 1.6559 1.6936 4.0256 21.0917 1.3806 68.3241 -4.0334 0.1289
Car -1 -1 -4.8538 690.8699 176.0318 737.5871 210.2209 1.5605 1.6674 4.2583 5.0130 1.7257 35.4604 -4.7151 0.1065
Car -1 -1 -4.6123 757.0468 173.4358 778.4177 189.8614 1.5440 1.6256 4.2182 15.3614 1.6021 70.2394 -4.3982 0.0915
Car -1 -1 -4.3467 622.5533 176.7236 657.1793 193.6966 1.4428 1.6481 4.3851 2.6976 1.8022 64.7395 -4.3056 0.0583
Car -1 -1 -4.4346 152.8794 167.0745 189.6637 187.6309 1.7207 1.6526 4.1310 -38.0367 1.2367 62.6089 -4.9788 0.0531
