Cyclist -1 -1 -7.3564 158.8082 178.3926 187.1581 213.5556 1.7157 0.4497 1.7269 -22.0416 2.0012 36.3541 -7.8985 0.3415
Pedestrian -1 -1 -3.1720 1164.3683 170.2425 1182.2651 213.8008 1.7639 0.5837 0.5577 23.0745 1.6578 29.6183 -2.5154 0.1441
Cyclist -1 -1 -4.8970 827.5508 174.3981 836.9062 197.7193 1.6453 0.3678 1.5005 15.9094 1.7574 51.7702 -4.6008 0.0851
Pedestrian -1 -1 -8.0942 1179.1340 159.0767 1219.8578 242.5184 1.8118 0.5896 0.5181 13.0308 1.5124 16.0261 -7.4209 0.0841
Pedestrian -1 -1 -4.6904 857.2046 172.1238 868.2336 202.3653 1.8239 0.6218 0.6560 15.3540 1.7796 43.9337 -4.3567 0.0739
Pedestrian -1 -1 -8.0741 1220.2122 173.7129 1241.0000 236.2730 1.7298 0.5467 0.4403 17.5141 1.7540 20.2811 -7.3695 0.0691
Pedestrian -1 -1 -5.7692 315.3814 173.5183 326.4667 196.0468 1.7944 0.6092 0.6033 -23.1954 1.8477 57.8340 -6.1493 0.0654
Car -1 -1 -4.9519 669.9328 179.3121 698.4122 197.8937 1.5718 1.6291 3.9790 6.5776 2.1680 64.5637 -4.8513 0.0642
Car -1 -1 -4.0277 0.0000 188.0904 85.6286 230.5141 1.4230 1.6510 4.2068 -22.6301 2.0548 27.8260 -4.7059 0.0603
Car -1 -1 -5.0323 699.7263 174.2525 731.8926 193.3767 1.7754 1.7588 4.4320 10.1508 1.9147 69.6627 -4.8886 0.0601
Car -1 -1 -8.6063 675.7691 179.1284 730.3967 202.7889 1.5158 1.6303 3.6592 6.2802 1.9606 49.2244 -8.4807 0.0586
Pedestrian -1 -1 -8.1599 644.4050 168.0234 658.6720 203.7462 1.9921 0.6405 0.6313 2.2990 1.7224 40.6225 -8.1042 0.0547
Pedestrian -1 -1 -8.0881 1062.5515 159.4046 1084.3109 208.5094 1.9478 0.6518 0.4229 18.5297 1.4140 28.9262 -7.5233 0.1886
Pedestrian -1 -1 -8.0795 1042.6112 160.3842 1065.5894 208.5221 1.9097 0.6744 0.5647 17.7980 1.4147 28.9986 -7.5339 0.1248
Pedestrian -1 -1 -7.3752 424.7195 170.8100 449.1465 218.7305 1.8400 0.7413 0.5783 -6.7756 1.7612 28.0743 -7.6104 0.1079
Pedestrian -1 -1 -7.9771 438.6768 171.7127 459.7895 218.9511 1.8127 0.7327 0.6114 -6.3082 1.7686 28.0988 -8.1964 0.0879
Pedestrian -1 -1 -7.9904 1046.4312 157.8104 1070.1562 207.8294 1.9643 0.7363 0.5128 17.7918 1.3732 28.7182 -7.4407 0.0822
Pedestrian -1 -1 -7.9386 1089.7466 157.3158 1111.9965 206.8175 1.9441 0.6916 0.4736 19.4833 1.3336 28.7128 -7.3474 0.0654
Pedestrian -1 -1 -7.8035 979.4435 167.5498 996.0251 210.6878 1.7649 0.5853 0.5379 15.6097 1.5476 29.8992 -7.3269 0.0617
Pedestrian -1 -1 -8.3882 1127.8878 159.3343 1150.9246 209.0449 1.9584 0.6689 0.3165 20.9473 1.4255 28.6144 -7.7615 0.0579
Cyclist -1 -1 -4.7963 554.8054 173.9070 562.0240 191.3184 1.6382 0.5548 1.5787 -4.9432 1.7395 68.8089 -4.8680 0.0533
Pedestrian -1 -1 -8.0783 928.4732 166.2127 948.9095 206.7579 1.7539 0.6796 0.6703 14.3501 1.4663 31.6076 -7.6561 0.0516
Car -1 -1 -7.8786 589.6901 173.6841 632.6381 216.9410 1.6219 1.6176 4.5215 -0.0631 1.6581 29.4237 -7.8814 0.9381
Car -1 -1 -4.5285 455.5600 175.5454 527.4573 227.2021 1.5611 1.6757 3.8153 -3.8840 1.6573 23.9341 -4.6882 0.9009
Car -1 -1 -4.6849 533.2582 177.6936 560.7463 203.1588 1.4888 1.6010 3.7973 -3.9151 1.8025 44.8664 -4.7719 0.6516
Car -1 -1 -4.5698 559.4504 176.3375 581.5547 191.7566 1.4058 1.5483 4.0439 -3.7569 1.7477 68.8067 -4.6245 0.3150
Car -1 -1 -4.4208 621.9618 173.8204 649.5208 191.7206 1.6476 1.5732 3.8969 2.4625 1.7422 68.7386 -4.3855 0.2007
Car -1 -1 -6.7332 1134.2662 168.4732 1234.8448 198.2494 1.6335 1.7215 4.1177 32.4152 1.3929 40.8667 -6.0664 0.1465
Car -1 -1 -4.9117 590.0406 174.6087 615.1898 191.7394 1.5862 1.6348 4.0974 -0.7623 1.7600 69.4304 -4.9230 0.0844
Car -1 -1 -7.8703 0.0000 171.2742 28.0380 196.0488 1.6078 1.6276 4.1507 -40.6185 1.5049 48.9317 -8.5606 0.0759
Car -1 -1 -7.9676 196.3973 158.5811 226.7562 186.9268 2.3740 1.8053 4.6211 -34.7497 1.1783 62.8362 -8.4711 0.0697
