Car -1 -1 -4.3952 299.2696 187.7725 406.7406 252.5813 1.4314 1.5006 3.7696 -6.5722 1.8571 18.7063 -4.7292 0.9644
Pedestrian -1 -1 -4.2622 1064.3966 158.7825 1078.8749 203.3893 1.9553 0.4966 0.2107 20.3611 1.3382 31.8936 -3.6985 0.1532
Car -1 -1 -3.5939 925.5977 177.8386 1005.9866 204.8886 1.4678 1.5522 3.7140 19.7499 1.7507 40.2164 -3.1408 0.1427
Car -1 -1 -7.3333 62.2829 175.1630 132.7091 206.5084 1.8674 1.7314 4.2427 -32.2463 2.0197 45.5007 -7.9472 0.1125
Car -1 -1 -7.9655 535.7597 175.9763 559.0765 193.4602 1.4610 1.5913 4.0187 -5.5328 1.7433 63.1812 -8.0529 0.1018
Car -1 -1 -6.9017 1123.1771 166.2962 1234.7256 197.3140 1.5698 1.6697 4.3988 29.4160 1.2376 37.4460 -6.2399 0.0918
Car -1 -1 -4.7074 480.0715 179.8529 514.3619 212.6635 1.5128 1.6122 4.2378 -5.7220 1.8873 36.4281 -4.8626 0.0870
Pedestrian -1 -1 -2.5835 133.7905 175.7036 261.9565 374.0000 1.6275 0.4059 0.7390 -3.1564 1.6496 5.4516 -3.0883 0.0781
Pedestrian -1 -1 -8.7221 1226.7692 154.9531 1241.0000 189.6458 1.8982 0.6541 0.7855 34.7564 0.9185 39.9179 -8.0094 0.0696
Cyclist -1 -1 -7.3763 230.2823 174.8583 252.4018 204.1409 1.8826 0.5249 1.7986 -24.2437 2.0165 47.4117 -7.8470 0.0664
Pedestrian -1 -1 -7.6374 5.7290 171.9871 20.8314 202.1752 1.7965 0.5840 0.5954 -35.8717 1.7446 43.3370 -8.3260 0.0564
Pedestrian -1 -1 -4.1165 1221.0660 170.8632 1241.0000 211.2510 1.6562 0.5661 0.6402 25.8606 1.5743 29.9463 -3.4094 0.0558
Car -1 -1 -4.6661 936.3472 154.2422 968.3093 187.1197 2.0160 1.6795 4.2371 22.0651 0.8745 46.5095 -4.2257 0.0534
Cyclist -1 -1 -7.3888 472.1985 178.4401 485.0898 198.8980 1.5914 0.4104 1.4283 -10.4490 2.0403 57.2779 -7.5688 0.0697
Cyclist -1 -1 -7.4602 1186.4977 157.9935 1241.0000 238.1037 1.8261 0.6543 1.5037 14.3688 1.4870 17.0879 -6.7699 0.0616
Cyclist -1 -1 -4.2626 1150.5791 162.3471 1221.5564 240.8489 1.7554 0.6352 1.6845 13.3591 1.5202 16.7922 -3.5996 0.0553
Cyclist -1 -1 -4.6373 667.0771 170.7005 684.5623 207.4649 1.6981 0.7080 1.6505 3.0875 1.5983 34.1987 -4.5486 0.0536
Cyclist -1 -1 -8.4796 1135.5353 165.4665 1210.1562 235.8662 1.6374 0.5399 1.6852 13.6583 1.4653 17.6314 -7.8290 0.0527
Cyclist -1 -1 -8.1054 1162.2122 166.2337 1207.1031 235.7297 1.6201 0.4304 1.7124 14.0119 1.4655 17.6918 -7.4440 0.0517
Car -1 -1 -7.8799 590.2074 176.0150 635.8127 218.9621 1.5579 1.6741 3.7503 0.0164 1.6901 28.3486 -7.8800 0.9342
Car -1 -1 -7.5284 892.2282 158.0340 1241.0000 374.0000 1.5944 1.6546 3.8403 4.3330 1.4951 6.6812 -6.9738 0.8498
Car -1 -1 -7.1736 681.3043 174.1494 798.3887 222.5601 1.5201 1.6503 4.2614 4.4756 1.5679 24.7832 -6.9976 0.8470
Car -1 -1 -4.4601 435.3175 175.9187 474.7636 201.3115 1.7301 1.7352 4.3784 -11.1222 1.9597 51.9201 -4.6705 0.8056
Car -1 -1 -7.3305 749.8095 175.5459 935.0439 264.6515 1.4761 1.5945 4.1301 4.5764 1.5356 14.0532 -7.0227 0.8050
Car -1 -1 -4.5897 487.0296 179.3116 518.3804 201.9045 1.4848 1.6906 4.0806 -7.5195 1.9563 50.6579 -4.7367 0.7449
Car -1 -1 -7.4164 818.8687 172.5478 1041.8545 296.2240 1.4843 1.5918 3.6184 4.6787 1.4803 10.4541 -7.0068 0.6180
Car -1 -1 -7.1366 658.5378 176.7036 750.2294 211.8856 1.4167 1.6164 4.1881 4.1252 1.5950 31.4835 -7.0081 0.5770
Car -1 -1 -4.4624 457.2100 177.3212 489.5193 197.4607 1.5486 1.6232 4.0389 -11.0541 1.9231 58.4664 -4.6488 0.5392
Car -1 -1 -4.6661 411.2634 176.7744 433.0081 196.0961 1.5288 1.5786 3.5982 -15.5654 1.8639 59.7953 -4.9200 0.4090
Car -1 -1 -7.4722 331.6240 161.9297 371.1453 191.4603 2.6364 1.8167 4.7119 -23.9026 1.6608 66.8059 -7.8148 0.2230
Car -1 -1 -4.1222 631.3505 173.4859 679.3431 195.1278 1.5391 1.6189 3.9701 3.3691 1.5875 53.5027 -4.0600 0.1945
Car -1 -1 -7.1284 645.0065 166.7991 708.5576 196.7220 1.8143 1.7042 4.1343 4.2384 1.4469 45.7851 -7.0371 0.1847
Car -1 -1 -7.7230 665.9106 176.1785 707.9956 208.3412 1.4741 1.6009 3.6241 3.7832 1.6460 35.4219 -7.6180 0.1179
Car -1 -1 -4.5140 474.9832 176.8338 501.9118 194.5544 1.5333 1.6129 4.2121 -11.0208 1.9061 65.5182 -4.6803 0.1158
Car -1 -1 -8.4853 1046.4036 172.8109 1210.4989 236.1840 1.4614 1.5808 3.5481 12.9936 1.4601 18.4318 -7.8791 0.0954
Car -1 -1 -5.1148 377.0723 178.0134 418.5796 199.0666 1.5480 1.6298 4.0838 -16.5766 1.9643 56.1734 -5.4008 0.0788
Car -1 -1 -8.4366 1108.8256 169.9189 1241.0000 238.9779 1.5546 1.6513 3.9518 14.6533 1.4882 18.2809 -7.7692 0.0752
Car -1 -1 -8.3262 1200.0304 170.8294 1241.0000 332.8174 1.4525 1.6011 3.8713 8.8199 1.4341 8.5577 -7.5432 0.0730
Car -1 -1 -9.1216 0.0000 0.0000 1241.0000 374.0000 1.5162 1.6204 3.6987 3.7194 1.5535 1.0441 -7.8965 0.0713
Car -1 -1 -4.8831 1241.0000 162.5524 1241.0000 374.0000 1.5131 1.6092 4.2073 5.6315 1.4741 4.8668 -4.0550 0.0706
Car -1 -1 -4.6174 439.4331 177.6788 465.9340 198.5624 1.6282 1.7307 4.3664 -12.9733 2.0415 59.5753 -4.8312 0.0589
