Pedestrian -1 -1 -5.8685 607.4530 171.0658 619.1469 192.9314 1.9069 0.5081 0.8981 0.2666 1.7507 63.3402 -5.8647 0.1543
Pedestrian -1 -1 -7.7522 280.0910 171.9476 298.6249 216.1807 1.9111 0.6931 0.4909 -14.0430 1.8716 31.5142 -8.1686 0.0884
Pedestrian -1 -1 -3.9441 718.7305 172.2940 728.6844 191.7779 1.7119 0.4112 0.8266 10.0334 1.6624 63.8108 -3.7892 0.0726
Pedestrian -1 -1 -5.3795 274.1438 183.2754 301.4427 232.8028 1.5977 0.5885 0.5844 -10.6910 1.9475 23.8396 -5.7973 0.0699
Car -1 -1 -6.3056 956.0447 180.0993 1063.7692 217.2702 1.4426 1.5825 3.8535 16.6045 1.7616 30.2072 -5.8076 0.0673
Pedestrian -1 -1 -3.1266 105.8005 173.6723 125.8933 223.8614 1.9405 0.5333 0.6412 -19.4276 1.9728 28.3098 -3.7238 0.0641
Pedestrian -1 -1 -4.7461 414.0807 170.9286 430.5205 214.9582 1.8804 0.6656 0.6989 -8.1737 1.7978 31.2444 -5.0004 0.0620
Car -1 -1 -7.7951 76.0350 184.1941 106.0179 208.7527 1.7910 1.6701 4.1368 -40.8664 2.7186 56.8424 -8.4164 0.0608
Car -1 -1 -7.5881 95.2503 179.8786 140.1975 209.2047 2.1449 1.7767 4.4787 -38.3859 2.7164 56.3320 -8.1842 0.0576
Car -1 -1 -4.4540 0.0000 186.2796 0.0000 219.5990 1.4492 1.6694 4.1046 -32.3016 2.1481 35.3679 -5.1905 0.0564
Car -1 -1 -2.6223 105.9003 181.6445 185.6702 206.5026 1.5325 1.6735 3.9808 -29.6277 2.1050 46.0783 -3.1913 0.0553
Car -1 -1 -4.6017 9.9379 186.9133 47.3812 209.8905 1.4753 1.6191 4.0504 -41.1436 2.5124 51.0964 -5.2773 0.0538
Pedestrian -1 -1 -7.6720 899.8496 169.6492 915.6328 207.7977 1.8188 0.6371 0.4281 14.2999 1.6657 34.7529 -7.2850 0.0538
Car -1 -1 -4.4060 393.4172 179.5793 430.1279 199.9951 1.4489 1.6073 3.7584 -14.9204 1.9732 54.3749 -4.6729 0.0521
Pedestrian -1 -1 -8.3142 858.1017 163.6423 889.8589 223.7031 1.8964 0.6545 0.8341 8.4445 1.6053 23.2350 -7.9702 0.5826
Pedestrian -1 -1 -5.0432 997.5116 160.0652 1054.8785 257.6999 1.8665 0.7332 0.8689 8.1677 1.6217 14.2866 -4.5334 0.3943
Pedestrian -1 -1 -6.3533 24.2556 157.2281 77.0220 259.5073 1.9034 0.5290 0.7704 -10.8127 1.6123 13.8811 -7.0060 0.2315
Pedestrian -1 -1 -7.8825 270.6063 177.0836 287.5507 219.1450 1.7999 0.6571 0.3867 -14.3799 1.9847 31.2591 -8.3108 0.2109
Pedestrian -1 -1 -7.9368 1220.0880 171.7047 1241.0000 226.7127 1.6959 0.6151 0.4372 19.4875 1.6602 22.6025 -7.2322 0.1708
Cyclist -1 -1 -5.9909 251.4058 171.6132 325.0135 233.0445 1.7925 0.6901 1.8856 -9.6198 1.7560 21.5127 -6.4072 0.1431
Pedestrian -1 -1 -5.1089 0.0000 169.7714 37.2611 260.9758 1.6731 0.5061 0.6952 -11.3408 1.6163 13.6232 -5.7936 0.1330
Pedestrian -1 -1 -8.4245 1071.5780 174.9578 1100.1616 223.1144 1.6376 0.6622 0.4856 16.3056 1.7103 24.8021 -7.8488 0.1320
Pedestrian -1 -1 -5.9544 10.7678 156.2030 77.3836 258.9912 1.9453 0.5799 0.8806 -11.0712 1.6298 14.0717 -6.6120 0.1207
Pedestrian -1 -1 -2.9830 80.1196 179.6904 93.1994 204.1528 1.7994 0.5101 0.7158 -38.9620 2.3114 53.6819 -3.6086 0.1055
Pedestrian -1 -1 -8.0780 952.1467 174.5183 973.4813 219.8192 1.6587 0.6029 0.5422 13.0412 1.7209 26.7741 -7.6297 0.1043
Pedestrian -1 -1 -7.2821 273.4609 171.5752 307.9855 234.0520 1.8125 0.6126 0.7745 -9.4940 1.7751 21.3626 -7.6961 0.0913
Pedestrian -1 -1 -4.6659 260.1212 170.1193 281.8587 234.1897 1.8468 0.5374 0.9188 -10.0605 1.7677 21.3248 -5.1023 0.0871
Cyclist -1 -1 -7.0415 0.4408 166.0887 98.8380 260.7591 1.7536 0.3751 1.7497 -11.0701 1.6279 14.2585 -7.6928 0.0754
Cyclist -1 -1 -6.8758 0.0000 167.6369 73.5092 264.0817 1.7295 0.4124 1.6895 -11.3211 1.6357 13.8071 -7.5532 0.0632
Cyclist -1 -1 -7.7198 809.6647 170.4601 834.2638 218.3462 1.7285 0.6699 1.6897 7.8831 1.6418 26.9532 -7.4388 0.0623
Cyclist -1 -1 -7.8825 783.2671 174.2573 796.8268 214.7827 1.6658 0.5039 1.5914 7.5713 1.7265 30.5475 -7.6424 0.0611
Cyclist -1 -1 -6.6731 853.1020 160.9649 916.1296 222.1893 1.9166 0.6666 1.7517 8.6732 1.5441 22.9498 -6.3166 0.0583
Pedestrian -1 -1 -6.5247 839.8311 170.1936 852.9548 196.1952 1.7068 0.5883 0.7023 15.5856 1.5318 47.6814 -6.2110 0.0572
Cyclist -1 -1 -6.2071 0.0000 164.0874 118.4309 260.2670 1.7731 0.5840 1.8805 -10.7753 1.6111 14.0540 -6.8522 0.0549
Cyclist -1 -1 -8.0713 772.2582 174.8245 793.8094 215.3384 1.6610 0.5488 1.5829 7.2479 1.7461 30.4545 -7.8404 0.0504
Car -1 -1 -4.3735 358.4094 185.1273 543.0747 298.7108 1.4619 1.6744 3.9695 -2.4269 1.6980 11.8185 -4.5727 0.9645
Car -1 -1 -8.0330 827.2878 180.0554 922.9577 253.4118 1.4765 1.4817 3.0930 5.8980 1.6572 16.4900 -7.6959 0.9439
Car -1 -1 -4.5294 562.4769 177.3965 634.1351 230.7504 1.5694 1.6540 3.9717 -0.3411 1.7314 23.6776 -4.5444 0.9217
Car -1 -1 -8.4703 1010.0533 190.5005 1241.0000 374.0000 1.4942 1.7310 4.3141 4.4449 1.6646 4.7418 -7.7487 0.8390
Car -1 -1 -4.4762 666.1913 176.4919 704.5620 203.3329 1.5108 1.5471 3.2930 4.4815 1.7360 42.9135 -4.3733 0.8336
Car -1 -1 -7.9676 802.1771 180.3690 873.0591 233.7504 1.4315 1.6023 3.6719 6.7479 1.6791 21.8489 -7.6725 0.8094
Car -1 -1 -4.5435 600.5236 178.7478 652.5323 220.0165 1.5251 1.5284 3.5215 0.6786 1.7776 29.0744 -4.5211 0.7551
Car -1 -1 -7.9697 786.7326 178.6703 842.3305 219.4324 1.4490 1.6291 3.8900 7.8927 1.6932 28.2802 -7.7008 0.6362
Car -1 -1 -4.3665 744.0230 173.5760 783.9197 196.6513 1.6057 1.6034 3.9322 11.1933 1.6600 52.4330 -4.1577 0.5532
Car -1 -1 -4.5800 626.0763 178.6839 667.4858 211.3484 1.5188 1.5857 3.9124 1.8643 1.8289 36.3550 -4.5297 0.5186
Car -1 -1 -7.8778 788.6201 176.2995 824.9465 208.6980 1.5077 1.6406 3.5871 9.7090 1.6882 35.9257 -7.6164 0.3907
Car -1 -1 -7.7037 884.7578 169.1543 909.8837 185.6172 1.4926 1.6270 3.8945 26.8834 1.1568 67.5082 -7.3265 0.3135
Car -1 -1 -4.4156 799.4528 174.4042 842.3946 198.6097 1.4589 1.6137 3.6812 13.3648 1.5611 45.7243 -4.1333 0.1447
Car -1 -1 -2.1602 47.8741 179.9863 107.0718 203.6373 1.7106 1.6678 3.9901 -40.2719 2.2638 54.5324 -2.7941 0.1417
Car -1 -1 -7.6727 827.8133 167.9257 863.2888 192.9716 1.6493 1.6198 4.0972 16.2284 1.3245 49.7013 -7.3591 0.1261
Car -1 -1 -4.5788 548.9055 178.0230 578.8571 200.1709 1.5128 1.6379 4.1216 -3.3369 1.9029 52.3841 -4.6426 0.1235
Car -1 -1 -4.6713 0.0000 188.9028 7.8046 214.3572 1.5135 1.6381 3.9714 -40.8817 2.6174 47.5769 -5.3785 0.1156
Car -1 -1 -7.7671 789.3218 166.5820 810.6373 185.2244 1.6996 1.6063 4.0049 17.8913 1.1275 67.9387 -7.5109 0.0955
Car -1 -1 -4.1577 0.0000 187.2744 79.2825 219.7507 1.4970 1.5676 4.0059 -29.4700 2.2813 37.1819 -4.8246 0.0854
Car -1 -1 -4.3580 44.6901 184.6820 119.9186 218.4978 1.5609 1.7382 4.2882 -27.1354 2.2083 37.2132 -4.9849 0.0787
Car -1 -1 -4.6085 6.1841 188.8222 42.7530 212.0483 1.4743 1.5867 3.9782 -41.1929 2.6444 50.7883 -5.2876 0.0715
Car -1 -1 -4.3956 681.9409 174.2895 725.0504 199.3193 1.5867 1.6732 4.0793 6.2564 1.6867 48.1937 -4.2677 0.0599
Car -1 -1 -4.5990 194.4298 184.7014 242.6722 217.3792 1.4121 1.6131 3.7781 -18.8100 2.0157 34.7225 -5.0926 0.0592
Car -1 -1 -4.6137 600.8834 180.8886 636.6985 207.4714 1.3885 1.6510 4.0463 0.5108 1.8688 41.0603 -4.6019 0.0549
Car -1 -1 -2.4445 0.0000 166.5811 0.0000 310.1844 1.6306 1.6805 4.3171 -11.1107 1.5591 9.3650 -3.3008 0.0529
Car -1 -1 -4.7354 524.6867 176.6280 549.2239 199.8217 1.5814 1.6594 4.1457 -5.3338 1.8647 52.0592 -4.8374 0.0504
