Pedestrian -1 -1 -5.1657 940.3605 172.5737 1007.6947 290.4968 1.5915 0.6272 0.6117 4.9976 1.5874 10.0449 -4.7166 0.1263
Pedestrian -1 -1 -7.3823 476.6939 182.6127 517.8398 255.4472 1.5938 0.6512 0.7551 -2.6028 1.8212 16.3723 -7.5383 0.1185
Pedestrian -1 -1 -2.7046 646.4116 174.9091 656.7334 198.3983 1.7412 0.7817 0.4875 3.0852 1.8961 54.0257 -2.6483 0.1167
Pedestrian -1 -1 -8.1386 969.7477 156.0970 1012.9644 240.6230 1.8621 0.6782 0.7381 8.5618 1.4927 16.3222 -7.6635 0.0898
Pedestrian -1 -1 -4.3376 423.9432 188.4106 456.4480 257.6913 1.5288 0.5277 0.6271 -3.9118 1.8902 16.4269 -4.5686 0.0778
Pedestrian -1 -1 -7.9364 426.6060 178.8521 450.2791 235.3021 1.6777 0.6512 0.6114 -5.2634 1.8628 21.9185 -8.1700 0.0700
Cyclist -1 -1 -2.9535 612.4243 169.6497 640.7886 197.4129 1.8035 0.5883 1.7825 1.0584 1.5951 47.3447 -2.9318 0.0671
Pedestrian -1 -1 -3.2175 851.1783 162.1346 867.2524 208.1874 1.8664 0.5925 0.5769 10.1760 1.4317 29.6011 -2.8899 0.0656
Car -1 -1 -4.5110 1241.0000 149.6405 1241.0000 374.0000 1.5454 1.5998 3.9809 7.6521 1.4366 4.8756 -3.5348 0.0614
Car -1 -1 -8.3801 666.8500 170.1481 704.2061 187.2675 1.6026 1.6806 4.2529 7.2486 1.3490 69.8285 -8.2774 0.0572
Car -1 -1 -7.3782 0.0000 189.8144 0.0000 374.0000 1.5295 1.5755 3.9713 -7.8405 1.7211 6.0281 -8.2718 0.0555
Car -1 -1 -8.6031 693.7872 174.8549 740.8130 196.5987 1.5333 1.5494 3.3479 7.8263 1.6851 53.0335 -8.4577 0.0554
Cyclist -1 -1 -7.5497 576.0924 170.8179 602.0678 217.7890 1.7494 0.5357 1.6351 -0.8364 1.6732 27.7322 -7.5802 0.0551
Cyclist -1 -1 -5.0126 605.4067 175.0135 622.9539 205.5153 1.6286 0.5135 1.5763 0.1824 1.7489 39.4705 -5.0086 0.0539
Pedestrian -1 -1 -4.3318 984.2048 172.9487 1041.9683 290.7290 1.6178 0.5710 0.5233 5.6953 1.6189 10.2984 -3.8396 0.0531
Pedestrian -1 -1 -8.0142 600.6934 169.2225 614.2844 201.8239 1.8171 0.6600 0.7039 -0.1815 1.6144 40.6181 -8.0191 0.1743
Cyclist -1 -1 -4.8590 581.9608 174.3086 597.7107 208.2757 1.6503 0.5688 1.4895 -1.0511 1.7240 35.9064 -4.8886 0.1583
Pedestrian -1 -1 -8.3007 550.9377 173.0308 575.9205 223.9990 1.7365 0.6089 0.7304 -1.6669 1.7425 25.0543 -8.3671 0.1462
Pedestrian -1 -1 -7.9001 607.4483 172.8969 618.2297 204.6122 1.7181 0.5572 0.6780 0.1147 1.7202 39.4392 -7.8977 0.1441
Pedestrian -1 -1 -4.0529 935.8048 171.3316 1009.0764 292.1250 1.6089 0.6732 0.6223 4.9843 1.5883 10.0505 -3.6050 0.1331
Pedestrian -1 -1 -7.6583 585.5142 172.8241 599.5385 207.4932 1.7024 0.6015 0.5424 -0.9040 1.7006 35.7486 -7.6840 0.1228
Cyclist -1 -1 -2.9691 574.0804 171.2012 606.5029 207.5396 1.7885 0.6186 1.5311 -1.0172 1.7068 35.9278 -2.9978 0.0979
Cyclist -1 -1 -6.0390 600.4667 169.6954 633.7027 203.2658 1.8034 0.6229 1.7096 0.3495 1.6334 39.2754 -6.0307 0.0837
Pedestrian -1 -1 -7.4761 1061.9952 164.0462 1120.3540 278.0572 1.7240 0.6255 0.4972 7.4825 1.5905 11.3099 -6.9043 0.0770
Cyclist -1 -1 -8.2443 1055.9913 166.8384 1138.1589 281.1496 1.6538 0.4264 1.6973 7.5313 1.5665 11.3121 -7.6696 0.0700
Cyclist -1 -1 -6.2074 573.9004 172.2528 606.1157 208.4738 1.7674 0.6316 1.5447 -1.0195 1.7378 35.5591 -6.2364 0.0578
Pedestrian -1 -1 -3.3593 1114.6920 161.0592 1168.6018 291.2079 1.7422 0.5725 0.4812 7.3105 1.5840 10.0157 -2.7434 0.0532
Pedestrian -1 -1 -4.7814 1102.4194 167.5325 1151.5518 291.6550 1.7098 0.5258 0.5259 7.3116 1.6362 10.2997 -4.1782 0.0530
Pedestrian -1 -1 -6.7401 1170.7303 152.1024 1241.0000 307.2402 1.8176 0.6209 0.4841 7.2351 1.5742 8.8084 -6.0694 0.0501
Car -1 -1 -8.0970 846.6769 163.7986 1031.9900 286.8141 1.7076 1.7345 4.4430 5.2803 1.5816 12.3430 -7.7022 0.9502
Car -1 -1 -4.5908 585.6843 181.4811 664.7704 250.0188 1.4862 1.5421 3.7004 0.4247 1.7253 18.0768 -4.5687 0.9419
Car -1 -1 -7.9784 764.2864 167.2863 809.7195 206.3689 1.7412 1.6345 3.5239 8.2381 1.4928 33.9872 -7.7430 0.9403
Car -1 -1 -7.7432 655.7231 173.8851 699.2095 208.3824 1.5516 1.6404 4.1985 3.2706 1.6042 34.8067 -7.6509 0.9163
Car -1 -1 -4.8811 747.8135 172.1973 786.7079 199.1614 1.5745 1.6368 4.1699 9.5521 1.5358 44.2495 -4.6702 0.3505
Car -1 -1 -4.7124 689.9793 171.2453 707.9466 187.9050 1.5611 1.6734 4.1167 8.5763 1.4101 69.7572 -4.5909 0.0820
Car -1 -1 -8.1930 925.9956 176.1039 1052.5464 242.8573 1.4571 1.5370 3.8559 9.2106 1.5467 17.9554 -7.7263 0.0788
