Pedestrian -1 -1 -3.9429 182.8180 183.0919 202.2882 212.3659 1.8274 0.5728 0.9508 -26.6103 2.4866 45.9448 -4.4656 0.1377
Pedestrian -1 -1 -5.9022 678.1429 182.6255 697.9655 225.8176 1.6779 0.6086 0.5999 3.0536 2.0708 28.6247 -5.7978 0.1269
Pedestrian -1 -1 -7.3895 854.7648 182.2457 874.1890 217.2414 1.5873 0.5712 0.7600 11.7560 2.0285 33.4486 -7.0549 0.1254
Pedestrian -1 -1 -5.0248 838.9266 174.9765 869.9630 235.6243 1.8495 0.6568 0.9320 7.5656 1.9167 22.5044 -4.7053 0.1198
Cyclist -1 -1 -2.3414 402.7585 180.4398 454.9414 234.8790 1.8240 0.6794 1.8335 -6.3709 2.0963 25.1614 -2.5875 0.0943
Pedestrian -1 -1 -6.3764 1056.9856 165.3342 1144.6986 319.8052 1.8537 0.4619 0.8631 6.0842 1.7631 9.0631 -5.8012 0.0869
Pedestrian -1 -1 -3.4442 32.1424 180.8249 55.3171 233.3690 2.0293 0.7180 0.5299 -22.3460 2.3475 28.4163 -4.1062 0.0745
Car -1 -1 -5.0305 634.9988 182.7559 667.2388 200.9178 1.4082 1.6434 3.5402 3.3584 2.2572 59.9659 -4.9753 0.0642
Car -1 -1 -4.9320 1241.0000 157.9501 1241.0000 185.3794 1.5949 1.6126 4.1026 41.2901 0.7280 44.1330 -4.1833 0.0637
Car -1 -1 -6.7794 631.6062 181.0236 693.6510 205.7290 1.5635 1.6474 3.8109 3.4855 2.1265 48.2144 -6.7082 0.0627
Car -1 -1 -5.3856 364.8564 196.3450 421.9800 220.7583 1.5044 1.6970 3.9246 -14.9883 3.1836 49.7718 -5.6771 0.0590
Car -1 -1 -4.7204 1090.9774 192.0932 1167.8062 254.3178 1.3946 1.5483 4.0671 13.9778 1.9730 19.5915 -4.1085 0.0563
Car -1 -1 -4.8018 1166.2911 164.9332 1201.7782 188.3527 1.6223 1.6377 4.0010 41.3698 1.0733 52.1039 -4.1337 0.0534
Car -1 -1 -4.6160 583.9416 181.3039 619.3443 209.6920 1.5145 1.6704 4.1009 -0.4731 2.0293 41.8671 -4.6278 0.0526
Car -1 -1 -4.6371 577.2945 183.2752 620.1027 219.4915 1.5425 1.7090 4.4017 -0.5144 2.0696 34.2720 -4.6527 0.0517
Car -1 -1 -4.9474 212.6294 201.6986 277.3914 241.7528 1.5090 1.6788 4.1198 -16.4492 2.8862 32.3427 -5.4150 0.0515
Pedestrian -1 -1 -4.8005 413.5381 199.3240 424.5845 232.4184 1.2068 0.3628 0.4340 -7.1923 2.2068 27.0021 -5.0590 0.0511
Pedestrian -1 -1 -2.6993 640.9155 176.7729 656.5094 203.8866 1.8762 0.5509 0.9459 2.6800 2.1529 50.5305 -2.6471 0.3202
Cyclist -1 -1 -2.3220 88.7524 193.2486 133.1196 233.8457 1.7923 0.6457 1.7472 -22.7695 2.7352 32.8646 -2.9243 0.1148
Cyclist -1 -1 -4.0993 270.9506 199.2448 296.7496 229.3674 1.5987 0.4286 1.6935 -18.4181 3.1188 40.6949 -4.5222 0.1071
Pedestrian -1 -1 -7.6659 16.8849 184.8867 33.7050 221.9245 1.9822 0.6066 0.6147 -31.8784 2.6441 39.2974 -8.3443 0.0633
Cyclist -1 -1 -7.7116 105.6150 196.7193 126.2252 235.7003 1.6712 0.5296 1.7486 -22.5851 2.7902 32.9399 -8.3091 0.0623
Pedestrian -1 -1 -4.5287 260.7171 196.8634 277.2466 236.5837 1.6956 0.5685 0.5107 -14.9301 2.7543 31.5065 -4.9684 0.0563
Cyclist -1 -1 -4.0080 273.7368 200.3699 301.3123 229.9580 1.5658 0.4901 1.6093 -18.1644 3.1454 40.5891 -4.4267 0.0559
Cyclist -1 -1 -2.7264 107.0330 192.3659 156.4798 231.7027 1.7528 0.7321 1.7479 -22.0029 2.6629 33.1592 -3.3088 0.0519
Car -1 -1 -7.8536 570.3538 183.5287 645.7808 257.2684 1.5796 1.6700 3.5358 -0.1067 1.8680 17.7430 -7.8607 0.9536
Car -1 -1 -4.1764 66.4700 204.1602 236.7795 268.3918 1.3736 1.7804 4.7996 -12.5955 2.3543 20.1968 -4.7284 0.9281
Car -1 -1 -4.0400 0.0000 210.0800 127.7111 261.3214 1.4133 1.6233 4.1548 -19.0307 2.8136 25.0493 -4.6848 0.8625
Car -1 -1 -4.6244 441.9518 189.7719 488.4637 227.8582 1.4479 1.6271 4.1626 -6.2953 2.2368 31.5036 -4.8207 0.7161
Car -1 -1 -4.2947 190.8115 199.2059 275.0464 241.6077 1.5026 1.6696 3.8589 -15.6058 2.6700 29.9989 -4.7711 0.6486
Car -1 -1 -4.4107 309.3202 196.5367 361.6437 226.2991 1.4821 1.7536 3.6522 -15.4879 2.8821 40.7887 -4.7719 0.6308
Car -1 -1 -4.3946 254.0387 197.7092 308.2822 226.0000 1.4292 1.7768 3.7383 -19.0298 2.9373 41.8359 -4.8195 0.4411
Car -1 -1 -5.8814 312.5431 180.5582 368.3486 201.0872 1.7081 1.6279 4.1603 -23.0180 2.3754 61.6228 -6.2378 0.3201
Car -1 -1 -4.5411 507.4203 184.1670 538.0928 205.9575 1.5126 1.6720 3.6961 -6.5125 2.3876 53.9365 -4.6612 0.2072
Car -1 -1 -4.5526 108.6075 195.0170 163.5271 232.8587 1.5591 1.5536 4.0398 -22.5680 2.6825 34.4211 -5.1296 0.1836
Car -1 -1 -5.0822 847.0377 173.0434 889.1263 193.9404 1.5507 1.6341 4.2122 19.8379 1.5656 55.7105 -4.7421 0.1504
Car -1 -1 -4.5047 0.0000 199.1709 38.0177 224.6391 1.4819 1.6400 4.0299 -40.0939 3.3342 48.6261 -5.1917 0.1063
Car -1 -1 -4.3606 2.0820 201.1090 60.7376 229.9062 1.6010 1.6211 4.1543 -37.3999 3.5171 46.7109 -5.0331 0.1052
Car -1 -1 -4.3687 79.8603 193.8307 143.1630 224.1497 1.5240 1.6848 4.1706 -28.6705 2.7976 41.5876 -4.9696 0.0905
Car -1 -1 -4.7237 675.5321 178.4636 700.2900 202.1653 1.6335 1.7352 4.3024 5.6616 2.0626 53.0046 -4.6184 0.0851
Car -1 -1 -4.4820 3.1300 191.0655 64.6342 224.3196 1.6030 1.7625 3.8858 -31.2883 2.6473 39.2519 -5.1518 0.0737
Car -1 -1 -4.8123 819.3781 173.0308 847.8240 195.9678 1.6423 1.6295 3.9050 16.5929 1.6557 53.7702 -4.5149 0.0603
Car -1 -1 -7.9718 629.6187 177.3988 659.7269 203.0679 1.7685 1.7054 4.1476 2.4554 2.1129 52.5942 -7.9260 0.0503
