Pedestrian -1 -1 -4.8192 367.1964 171.7284 383.3040 213.5981 1.9026 0.6440 0.6061 -10.8433 1.8511 33.1946 -5.1329 0.1972
Cyclist -1 -1 -7.5544 331.9348 180.7238 355.7119 223.8283 1.6136 0.4053 1.6303 -10.4107 1.9291 28.1358 -7.9062 0.1191
Pedestrian -1 -1 -4.5326 276.2428 171.4398 300.5893 230.1002 1.8527 0.6147 0.6041 -10.3615 1.8077 23.1541 -4.9495 0.1157
Pedestrian -1 -1 -7.3987 645.1215 172.1758 659.6196 202.4755 1.7635 0.6153 0.6812 2.4576 1.7238 42.4433 -7.3418 0.0796
Pedestrian -1 -1 -3.4223 648.7902 166.7602 666.8221 203.5185 1.8343 0.5927 0.7721 2.3678 1.5299 36.3784 -3.3583 0.0752
Pedestrian -1 -1 -5.1069 892.1656 164.3484 911.5720 203.5307 1.7813 0.6062 0.6887 13.3635 1.3943 33.1513 -4.7271 0.0684
Car -1 -1 -2.3971 452.9462 179.5453 511.8063 203.9758 1.5267 1.5526 3.7757 -8.4809 1.9841 47.6775 -2.5726 0.0626
Pedestrian -1 -1 -2.8630 775.3323 142.8070 883.9907 367.6677 1.7663 0.4337 0.7890 1.7845 1.5300 6.0590 -2.5911 0.0611
Pedestrian -1 -1 -4.0825 957.6505 182.9817 996.5367 271.2157 1.4139 0.3970 0.4287 5.9980 1.5845 11.9012 -3.6264 0.0571
Pedestrian -1 -1 -6.7055 867.8505 168.6878 879.9454 191.9338 1.6677 0.7237 0.5732 19.0395 1.3685 52.1477 -6.3575 0.0553
Cyclist -1 -1 -2.6181 151.2267 154.0645 194.2269 190.3702 1.7807 0.6921 1.7056 -21.6961 0.8588 35.7517 -3.1604 0.0509
Pedestrian -1 -1 -4.8863 818.8832 163.5261 836.4175 204.6912 1.9421 0.6876 0.6994 10.3390 1.5017 34.4270 -4.5973 0.4308
Pedestrian -1 -1 -3.7743 568.7089 173.8009 582.8505 201.6011 1.6519 0.6437 0.5797 -2.0916 1.7090 43.3357 -3.8227 0.1706
Pedestrian -1 -1 -4.6536 152.8539 171.1757 190.6925 263.5330 1.7719 0.5880 0.9002 -8.7716 1.7394 14.3777 -5.1935 0.1641
Pedestrian -1 -1 -5.7559 543.5601 174.6652 559.8412 210.4363 1.6700 0.5771 0.5520 -2.7952 1.7562 34.1028 -5.8376 0.1519
Pedestrian -1 -1 -6.8237 1145.6455 146.1270 1241.0000 374.0000 1.7803 0.6518 0.9827 4.5680 1.6002 5.2477 -6.1357 0.1324
Cyclist -1 -1 -3.8135 887.5110 163.9432 937.1667 208.1299 1.7723 0.7219 1.8253 12.3303 1.4146 29.5397 -3.4220 0.1026
Pedestrian -1 -1 -5.7539 548.8883 171.3930 567.4653 210.1828 1.8065 0.6876 0.6113 -2.4844 1.7381 34.0456 -5.8267 0.0864
Cyclist -1 -1 -2.7034 527.4849 170.1732 567.7308 208.5072 1.7792 0.7273 1.7537 -2.9916 1.6544 34.1310 -2.7906 0.0730
Pedestrian -1 -1 -7.9792 904.5694 164.9568 925.7661 209.3323 1.7808 0.7125 0.6745 12.3740 1.4636 29.3762 -7.5845 0.0709
Cyclist -1 -1 -2.3573 137.4203 173.2832 223.2412 253.8145 1.7019 0.5886 1.6920 -9.4270 1.7112 15.7497 -2.8895 0.0691
Cyclist -1 -1 -4.4016 630.8016 171.2510 649.5034 207.1523 1.7396 0.5087 1.4516 1.4605 1.6616 35.7302 -4.3616 0.0604
Cyclist -1 -1 -5.5526 151.0415 146.9453 192.5400 182.4753 1.7488 0.7148 1.7399 -21.9157 0.4733 36.0283 -6.0959 0.0544
Pedestrian -1 -1 -6.3547 567.8171 180.1973 579.8936 206.7721 1.4714 0.6202 0.6331 -2.0680 1.8867 40.4892 -6.4059 0.0530
Pedestrian -1 -1 -8.9913 888.9160 161.9101 910.4387 209.4173 1.8948 0.7141 0.5634 11.6905 1.4580 29.2279 -8.6147 0.0511
Car -1 -1 -4.4991 490.2851 179.2844 576.0334 237.0521 1.4754 1.6765 3.8824 -2.1660 1.6794 20.9001 -4.6018 0.9362
Car -1 -1 -4.6552 583.8062 176.2339 617.5506 206.1514 1.4479 1.5379 3.6096 -0.4783 1.6303 37.1719 -4.6685 0.8197
Car -1 -1 -7.8553 526.9267 174.7024 560.7136 207.4828 1.5308 1.5845 3.5604 -3.3229 1.6268 35.7503 -7.9478 0.1123
Car -1 -1 -8.1165 562.0416 173.2053 601.4247 198.9009 1.5196 1.5713 3.5039 -1.8225 1.5419 44.6290 -8.1575 0.0807
Car -1 -1 -4.3728 130.9616 146.9959 194.7371 178.9913 1.5167 1.6225 3.5197 -22.3244 0.2906 36.0935 -4.9235 0.0794
Car -1 -1 -7.9990 1194.4491 132.8357 1241.0000 374.0000 1.7767 1.7126 4.1207 5.7216 1.5867 5.5935 -7.2290 0.0756
Car -1 -1 -6.4614 562.1542 177.4859 640.2355 204.8289 1.5022 1.6673 4.2360 -0.5631 1.7748 41.2787 -6.4754 0.0701
