Pedestrian -1 -1 -3.5203 920.1928 157.6162 959.0099 221.3992 1.8805 0.6926 0.8608 9.8252 1.4310 21.6372 -3.0997 0.1371
Pedestrian -1 -1 -4.0519 1173.8503 145.1886 1241.0000 309.9242 1.7806 0.5761 0.6763 6.8706 1.4813 8.1561 -3.3701 0.0999
Cyclist -1 -1 -7.9036 794.1780 174.5590 810.1102 221.4401 1.6525 0.4745 1.5784 6.9523 1.7163 26.3143 -7.6487 0.0996
Pedestrian -1 -1 -6.1334 445.7972 176.2093 467.1450 220.1298 1.9167 0.6634 0.8339 -6.8248 2.0664 31.8983 -6.3431 0.0988
Pedestrian -1 -1 -8.1215 480.7332 177.3190 494.2766 207.3183 1.9013 0.7175 0.6221 -7.8940 2.1901 46.2915 -8.2899 0.0922
Car -1 -1 -2.8553 410.8826 186.2417 502.8880 218.6025 1.5060 1.6396 4.1162 -7.5035 2.1800 35.3657 -3.0634 0.0750
Pedestrian -1 -1 -7.8859 799.2217 165.7670 817.7188 213.1113 1.9561 0.7183 0.8389 8.2851 1.6630 30.3021 -7.6220 0.0720
Pedestrian -1 -1 -3.7060 838.5075 163.3490 860.2491 221.8249 1.8482 0.5550 0.4294 7.6215 1.5475 23.1276 -3.3920 0.0695
Car -1 -1 -7.6545 626.6695 168.3306 658.2308 196.3459 2.3058 1.8063 4.7350 2.8051 1.9332 61.9019 -7.6098 0.0627
Pedestrian -1 -1 -7.7514 418.6686 178.8750 430.5544 211.2539 1.8513 0.6096 0.5788 -10.7505 2.2018 41.7091 -8.0026 0.0583
Pedestrian -1 -1 -8.1331 1192.7692 163.1425 1241.0000 257.9029 1.7373 0.6183 0.5053 11.3870 1.5590 13.5829 -7.4466 0.0567
Car -1 -1 -5.0627 909.8209 176.3500 1032.3870 243.8282 1.5339 1.5771 3.7454 9.0646 1.6328 18.5433 -4.6150 0.0545
Cyclist -1 -1 -7.3734 496.1834 179.4223 522.8278 217.3680 1.8126 0.5940 1.6853 -4.9955 2.1451 35.6689 -7.5121 0.0541
Pedestrian -1 -1 -3.6172 799.4354 169.9727 808.2439 207.2647 1.9325 0.4512 0.2654 10.0712 1.7828 37.6386 -3.3582 0.0540
Pedestrian -1 -1 -7.7429 457.6200 175.1487 469.5419 207.8436 1.9440 0.6647 0.3431 -8.7865 2.0815 43.1306 -7.9431 0.0540
Car -1 -1 -4.6932 547.8898 182.4292 565.9318 201.6101 1.6711 1.5962 4.0509 -4.9245 2.5872 66.9916 -4.7668 0.0530
Pedestrian -1 -1 -4.8567 965.6999 157.9007 1011.1747 255.6229 1.8552 0.6914 0.6715 7.3424 1.5711 14.1270 -4.3865 0.3120
Pedestrian -1 -1 -7.7781 938.6395 168.5902 969.9733 236.9791 1.7250 0.6943 0.5472 8.8303 1.6172 18.6083 -7.3417 0.1708
Pedestrian -1 -1 -4.4991 397.9087 178.2757 420.5119 229.3445 1.8726 0.6602 0.7961 -7.5424 2.0781 26.9627 -4.7698 0.1292
Cyclist -1 -1 -4.8784 671.5775 177.4859 696.6411 229.4331 1.7056 0.5722 1.7045 2.4770 1.8695 24.7152 -4.7805 0.1091
Pedestrian -1 -1 -4.4168 985.2158 161.3322 1041.0514 266.5327 1.8048 0.6600 0.8572 7.1640 1.6069 12.9148 -3.9208 0.1089
Cyclist -1 -1 -8.3129 982.3757 166.5885 1033.3357 237.0528 1.6772 0.4388 1.5898 9.8327 1.5278 17.9765 -7.8198 0.0901
Pedestrian -1 -1 -5.4586 383.3432 181.3879 402.5513 228.5732 1.7828 0.5448 0.4526 -8.3877 2.1147 27.7379 -5.7502 0.0725
Cyclist -1 -1 -5.3900 958.6812 165.8826 1026.4957 237.6778 1.7162 0.5801 1.6616 9.5212 1.5493 18.1198 -4.9134 0.0652
Cyclist -1 -1 -4.4618 389.5721 181.5861 415.2411 229.8711 1.7294 0.5213 1.6839 -7.7985 2.0661 26.9992 -4.7409 0.0632
Cyclist -1 -1 -8.1306 659.7948 172.9433 690.6946 227.9809 1.7990 0.5833 1.7435 2.1510 1.8019 24.4996 -8.0448 0.0556
Cyclist -1 -1 -8.1316 994.3734 170.0295 1054.5879 274.8845 1.6629 0.4345 1.6292 6.9677 1.6179 12.2858 -7.6267 0.0533
Cyclist -1 -1 -2.8636 376.0564 180.7328 426.8136 229.5810 1.7871 0.5982 1.7127 -7.7808 2.0827 26.7963 -3.1441 0.0531
Pedestrian -1 -1 -3.5410 979.5903 159.9126 1023.5932 233.8602 1.8413 0.6217 0.7997 9.8764 1.5188 18.3113 -3.0536 0.0526
Cyclist -1 -1 -5.1604 1062.5197 171.6470 1170.4857 299.3825 1.6349 0.4985 1.7571 6.9942 1.6191 10.1398 -4.5708 0.0519
Car -1 -1 -7.6875 563.9481 180.0430 608.0131 212.8282 1.6662 1.7277 4.4683 -1.3059 2.0878 40.0204 -7.7205 0.9571
Car -1 -1 -7.9455 687.3135 174.9815 754.0927 232.4515 1.6881 1.7352 4.2065 3.4583 1.7635 23.4991 -7.8019 0.9302
Car -1 -1 -4.5265 496.7335 182.1250 554.9706 228.1994 1.6803 1.6384 3.9092 -3.3653 2.0801 29.1303 -4.6412 0.9265
Car -1 -1 -5.1135 794.1680 161.4713 1136.5127 374.0000 1.7356 1.6798 4.0344 3.3229 1.6438 7.8296 -4.7268 0.8889
Car -1 -1 -6.6067 667.3258 183.4213 757.7825 214.8241 1.4661 1.6682 4.1116 5.0052 2.0061 35.6927 -6.4691 0.2677
Car -1 -1 -6.3530 747.3041 180.5185 821.0023 205.8081 1.4778 1.6715 4.2600 10.5356 1.9578 44.0440 -6.1202 0.1750
Car -1 -1 -3.2627 795.1892 152.9007 856.1815 174.5083 1.6127 1.6581 4.2831 16.3706 0.1232 55.0263 -2.9750 0.1433
Car -1 -1 -5.1374 734.9670 180.5134 797.8259 212.7427 1.5132 1.6350 3.9869 7.9050 1.9283 37.0083 -4.9291 0.0866
Car -1 -1 -4.1313 486.6129 182.8676 548.2072 209.7713 1.4970 1.6936 4.2238 -5.6302 2.1404 44.1080 -4.2580 0.0712
Car -1 -1 -4.9206 758.2763 177.7909 815.3350 217.2043 1.5885 1.6344 3.8601 7.6036 1.8172 31.5198 -4.6866 0.0678
Car -1 -1 -4.7634 725.7342 178.9830 769.3556 218.5070 1.5715 1.6393 4.0390 5.8890 1.8563 31.4525 -4.5807 0.0671
