Pedestrian -1 -1 -4.6027 713.4311 174.8835 735.7296 229.7965 2.2549 0.8155 1.0809 4.7749 2.3416 30.3032 -4.4488 0.1698
Pedestrian -1 -1 -5.4251 424.9022 175.6520 453.8506 238.4882 1.9796 0.7244 0.5489 -5.5377 2.0711 23.2264 -5.6572 0.1644
Pedestrian -1 -1 -3.7832 962.6670 171.5911 987.9733 232.7016 1.9626 0.5272 0.5219 11.8356 1.9217 23.4782 -3.3220 0.1014
Pedestrian -1 -1 -8.5040 752.9340 181.2082 786.6741 244.7785 1.8487 0.6345 0.7923 4.7310 2.1042 21.6057 -8.2923 0.0992
Car -1 -1 -4.0646 0.0000 194.2545 251.2546 374.0000 1.5690 1.6458 3.9959 -4.3323 1.7788 5.0579 -4.7473 0.0965
Pedestrian -1 -1 -5.9944 703.6772 179.3223 721.1328 213.5618 1.7852 0.7168 0.7451 5.3965 2.1324 38.2817 -5.8560 0.0964
Pedestrian -1 -1 -3.9383 365.0160 161.1680 439.4967 298.4153 1.9234 0.5686 0.9301 -3.1096 1.7593 10.6560 -4.2166 0.0854
Pedestrian -1 -1 -4.8451 909.7722 200.5276 932.1916 253.4184 1.2960 0.4464 0.5783 7.8616 2.0132 18.3709 -4.4475 0.0820
Pedestrian -1 -1 -7.6962 894.6763 190.0643 923.2294 251.0317 1.6172 0.6241 0.7385 8.1926 2.1027 19.8865 -7.3115 0.0804
Pedestrian -1 -1 -4.6919 831.8988 171.5636 852.2866 229.8187 2.0414 0.6816 0.8628 8.2576 1.9959 25.8026 -4.3862 0.0747
Car -1 -1 -7.3319 1039.4135 216.5826 1241.0000 324.9461 1.5075 1.5659 3.4761 9.3610 2.3583 12.6168 -6.7060 0.0739
Car -1 -1 -7.9349 685.9308 173.1032 713.0872 204.0752 2.3233 1.7540 4.2430 6.9177 2.3432 56.3148 -7.8138 0.0734
Car -1 -1 -4.8931 708.8864 196.0028 759.5875 231.7336 1.4997 1.7071 3.9734 5.8947 2.6824 34.8750 -4.7279 0.0674
Car -1 -1 -6.1749 567.9531 187.0904 623.7377 210.5076 1.6060 1.5646 3.8423 -1.0190 2.6422 51.5851 -6.1951 0.0649
Pedestrian -1 -1 -8.8353 789.8984 174.1476 828.1236 251.7530 1.9179 0.7571 0.6226 5.0056 1.9513 18.3316 -8.5738 0.0645
Car -1 -1 -7.7990 895.2487 170.2254 921.8126 195.1113 1.8933 1.7317 4.0722 23.6268 1.6931 57.1060 -7.4088 0.0640
Car -1 -1 -7.9673 696.1746 182.0173 730.2250 210.4882 1.6438 1.6528 3.8961 6.3401 2.2387 44.8952 -7.8285 0.0600
Pedestrian -1 -1 -3.1264 709.8423 179.2929 721.1105 227.2500 2.0873 0.5830 0.4852 4.6104 2.3738 31.8176 -2.9847 0.0595
Pedestrian -1 -1 -5.7334 698.1669 180.2422 713.8641 212.6571 1.8181 0.7171 0.6024 5.4399 2.2439 41.1510 -5.6035 0.0567
Pedestrian -1 -1 -7.9376 738.3412 180.0367 762.1871 241.7007 1.8988 0.6687 0.8029 4.3677 2.1293 22.7531 -7.7513 0.0561
Car -1 -1 -6.5918 586.4832 186.8531 642.8395 207.3558 1.5854 1.6791 4.3185 0.3504 2.7620 59.2153 -6.5865 0.0550
Cyclist -1 -1 -5.1879 852.0603 185.1398 890.4570 234.5309 1.7177 0.6331 1.6338 9.4813 2.1809 26.3689 -4.8471 0.0543
Pedestrian -1 -1 -2.9470 902.2871 169.3762 911.8323 193.7193 1.8223 0.5025 0.5801 22.3615 1.5617 54.3841 -2.5591 0.0512
Pedestrian -1 -1 -3.6473 703.7851 182.7175 723.8903 228.0423 2.0569 0.7188 0.6533 4.7610 2.5193 33.3940 -3.5077 0.0504
Pedestrian -1 -1 -4.6707 718.9272 193.6131 736.6150 237.5251 1.6991 0.6679 0.7891 4.6601 2.5404 28.8000 -4.5129 0.4003
Cyclist -1 -1 -6.7589 1219.4124 177.9053 1241.0000 241.6679 1.7961 0.7191 1.5921 18.7922 1.9463 20.9547 -6.0355 0.2079
Pedestrian -1 -1 -5.0985 1220.3815 192.4228 1241.0000 242.1525 1.4152 0.4663 0.5417 18.2364 1.9968 21.1236 -4.3938 0.1955
Pedestrian -1 -1 -4.8206 1087.4230 184.2555 1114.1906 244.3505 1.3998 0.4632 0.5981 11.7230 1.6791 17.3200 -4.2340 0.1684
Cyclist -1 -1 -4.0954 1062.5863 177.1148 1137.1914 246.9419 1.6143 0.5976 1.7416 11.7265 1.7199 17.3449 -3.5094 0.1481
Pedestrian -1 -1 -5.8793 452.6615 189.8826 474.2950 245.0518 1.9377 0.7224 0.5226 -5.3214 2.5605 25.9993 -6.0800 0.1372
Cyclist -1 -1 -8.6940 1191.7030 186.0882 1241.0000 245.2922 1.6565 0.5179 1.6223 18.1960 2.0641 21.4032 -7.9968 0.1337
Pedestrian -1 -1 -4.8782 1143.9690 179.8515 1179.1207 251.5282 1.8554 0.6160 0.7927 14.6654 2.0467 19.2671 -4.2357 0.1329
Cyclist -1 -1 -2.8701 463.2694 195.8271 513.0055 242.7955 1.8065 0.6392 1.8381 -4.8622 2.7290 28.5694 -3.0380 0.1262
Pedestrian -1 -1 -5.1888 1133.7816 246.9456 1241.0000 374.0000 1.1654 0.3582 0.5810 3.6388 1.6698 4.5993 -4.5513 0.1215
Pedestrian -1 -1 -7.6095 1214.9513 180.4846 1241.0000 259.7643 1.9296 0.6961 0.5844 15.6606 2.1255 18.1019 -6.9051 0.1213
Cyclist -1 -1 -7.2236 405.8327 193.3818 465.7436 268.6129 1.6170 0.4789 1.6464 -4.0866 2.1196 16.8253 -7.4591 0.1199
Cyclist -1 -1 -8.6440 934.0265 192.2924 1207.2643 374.0000 1.5385 0.7382 1.7959 3.4575 1.7186 5.7348 -8.1253 0.1170
Cyclist -1 -1 -5.0706 1212.6136 184.5898 1241.0000 244.4858 1.6852 0.4872 1.5377 18.4846 2.0465 21.4228 -4.3661 0.1127
Pedestrian -1 -1 -4.2154 1171.6594 180.6766 1213.8455 253.9878 1.8677 0.6763 0.5588 15.2023 2.0768 18.8927 -3.5461 0.1086
Cyclist -1 -1 -7.6798 914.1179 182.1790 929.4857 217.3706 1.5996 0.4209 1.4755 14.6212 2.0471 33.9184 -7.2766 0.1083
Cyclist -1 -1 -5.6344 868.8842 180.8586 910.4716 223.5647 1.7883 0.5554 1.6921 12.1129 2.1460 31.4032 -5.2701 0.1064
Cyclist -1 -1 -4.7300 725.9400 192.1227 740.7634 236.9608 1.7055 0.5512 1.5750 4.8995 2.5007 28.9685 -4.5650 0.1050
Pedestrian -1 -1 -4.5516 1110.3341 181.0127 1153.2562 264.6151 1.7629 0.6641 0.7048 11.3697 1.9467 15.7938 -3.9373 0.1021
Cyclist -1 -1 -5.1029 907.6386 177.7150 988.0403 280.0099 1.7132 0.6271 1.8908 6.0400 1.8077 13.1292 -4.6812 0.0972
Pedestrian -1 -1 -4.9483 508.1909 201.0355 527.3256 243.8802 1.6411 0.6170 0.6475 -3.7026 2.7737 28.5931 -5.0768 0.0942
Cyclist -1 -1 -7.4614 370.9524 185.7121 421.3114 271.9526 1.7355 0.4461 1.6478 -4.6532 2.0285 15.6149 -7.7472 0.0936
Pedestrian -1 -1 -5.8840 936.5509 162.1996 987.9869 283.0405 2.0232 0.6291 0.6101 6.0563 1.8446 12.5178 -5.4436 0.0900
Pedestrian -1 -1 -3.2656 1076.6000 184.2166 1177.8877 374.0000 1.5787 0.4151 0.3835 2.7457 1.6447 3.9399 -2.6926 0.0892
Pedestrian -1 -1 -7.8861 856.2628 179.2279 870.8235 219.9289 1.8627 0.6207 0.4171 11.6929 2.1600 33.4031 -7.5528 0.0832
Pedestrian -1 -1 -4.0824 1061.5056 175.9525 1113.9370 260.6679 1.8733 0.6214 0.8433 10.8202 1.9454 16.4289 -3.5090 0.0822
Pedestrian -1 -1 -6.4090 878.0556 191.7528 957.7855 336.7062 1.5801 0.5872 0.7698 3.4836 1.8084 8.3461 -6.0275 0.0821
Pedestrian -1 -1 -8.5503 951.8005 164.2248 1014.2791 275.3178 1.9133 0.6483 0.7642 6.5884 1.7644 12.8733 -8.0874 0.0816
Cyclist -1 -1 -7.0944 904.6782 180.6808 943.7675 218.3380 1.7031 0.7353 1.6522 14.5786 2.0742 33.5727 -6.6886 0.0797
Pedestrian -1 -1 -3.4758 709.4220 185.8400 725.2840 229.3847 1.9753 0.7205 0.5157 4.9203 2.5829 33.3733 -3.3316 0.0788
Cyclist -1 -1 -5.9141 346.0479 187.1374 432.3489 267.5865 1.6998 0.6831 1.6724 -4.8679 2.0200 15.7902 -6.2093 0.0737
Cyclist -1 -1 -7.8055 421.1267 185.5963 443.4655 261.6569 1.7185 0.4420 1.7437 -4.3479 2.0431 17.5012 -8.0463 0.0729
Cyclist -1 -1 -6.9626 1084.8197 165.0977 1182.1667 243.0788 1.7981 0.6797 1.8513 12.2883 1.6189 17.0345 -6.3464 0.0722
Cyclist -1 -1 -7.9915 908.5790 180.5724 925.2104 217.5607 1.6759 0.5070 1.5106 14.3340 2.0459 33.8196 -7.5943 0.0722
Cyclist -1 -1 -5.1797 1222.3529 177.8210 1241.0000 241.0084 1.7751 0.6039 1.5559 18.7717 1.9267 21.2291 -4.4631 0.0702
Cyclist -1 -1 -7.7191 1080.0166 180.3564 1115.9116 257.3088 1.6957 0.4777 1.7943 11.3864 1.8797 16.8944 -7.1349 0.0693
Cyclist -1 -1 -4.5711 582.7297 190.3093 591.7969 212.8523 1.6478 0.4647 1.6453 -1.7534 2.9958 54.8909 -4.6035 0.0689
Cyclist -1 -1 -7.7861 470.5207 193.9027 488.4722 243.2045 1.8296 0.5723 1.9357 -5.2085 2.6931 28.6182 -7.9653 0.0679
Pedestrian -1 -1 -4.5390 963.4451 221.1605 1038.5710 374.0000 1.3378 0.5215 0.5353 3.4616 1.7968 6.4897 -4.0692 0.0670
Pedestrian -1 -1 -4.8872 1005.3686 218.2640 1099.2620 374.0000 1.3300 0.5587 0.4732 3.4835 1.7153 5.8117 -4.3707 0.0642
Pedestrian -1 -1 -5.2459 1077.2454 186.6059 1116.3639 251.0731 1.4853 0.5108 0.6392 11.4742 1.8171 17.0969 -4.6635 0.0624
Cyclist -1 -1 -3.6758 910.5693 164.4835 1039.5468 278.0081 1.9217 0.6650 1.9536 6.3102 1.7797 12.6244 -3.2225 0.0618
Pedestrian -1 -1 -3.6345 905.1487 172.2667 1034.1335 374.0000 1.6750 0.5444 0.7534 2.8013 1.6702 5.7823 -3.2045 0.0607
Cyclist -1 -1 -3.5225 1123.0989 184.7251 1212.7609 253.2735 1.7481 0.6071 1.7813 14.6942 2.0709 19.1108 -2.8752 0.0605
Pedestrian -1 -1 -5.5792 866.0246 191.1852 952.8030 349.9268 1.5313 0.4935 0.6673 3.0299 1.7311 7.4660 -5.2088 0.0594
Cyclist -1 -1 -3.0672 865.1927 179.4919 909.9909 222.2121 1.8284 0.6175 1.8011 12.1677 2.1262 31.7466 -2.7050 0.0592
Cyclist -1 -1 -4.6956 581.2007 188.5261 587.0053 211.8965 1.7175 0.4168 1.6405 -1.9977 2.9287 54.9550 -4.7324 0.0586
Cyclist -1 -1 -8.9707 1214.2198 180.6531 1241.0000 244.4818 1.7407 0.5186 1.7113 18.5024 1.9747 20.7840 -8.2510 0.0583
Cyclist -1 -1 -5.0080 936.6946 167.9752 1007.0641 282.5921 1.8620 0.5643 1.8463 6.2572 1.7825 12.6773 -4.5597 0.0580
Pedestrian -1 -1 -3.3667 823.0750 176.4267 901.0434 316.2535 1.6967 0.4452 0.8382 3.0835 1.7424 9.0291 -3.0489 0.0578
Cyclist -1 -1 -8.5674 913.1595 190.3593 1111.1191 374.0000 1.6185 0.5278 1.6974 3.4345 1.7963 6.4538 -8.0986 0.0575
Pedestrian -1 -1 -4.9019 1095.6378 176.5874 1129.9797 243.0945 1.5503 0.5423 0.7229 11.9992 1.6418 17.3081 -4.3042 0.0572
Cyclist -1 -1 -2.8210 471.1710 190.0062 522.8913 240.4494 1.9629 0.6797 1.9316 -4.5640 2.6615 28.9070 -2.9770 0.0560
Pedestrian -1 -1 -3.4531 836.1459 170.4561 929.4166 329.5459 1.7726 0.5660 0.8705 3.0750 1.7456 8.3352 -3.1125 0.0560
Cyclist -1 -1 -4.4249 355.5531 182.9767 400.8285 271.3519 1.7402 0.4573 1.6515 -4.9193 1.9652 15.2285 -4.7331 0.0553
Cyclist -1 -1 -6.7234 895.2512 178.3056 937.3643 215.1708 1.7133 0.6944 1.6940 14.3960 1.9730 34.0299 -6.3269 0.0547
Pedestrian -1 -1 -2.9490 865.9199 182.9234 937.0384 340.4818 1.6010 0.5422 0.6272 3.0879 1.7148 7.7782 -2.5854 0.0533
Pedestrian -1 -1 -8.8657 903.7233 181.0918 922.7783 219.6222 1.7605 0.6840 0.5376 14.0646 2.1482 33.5642 -8.4726 0.0532
Cyclist -1 -1 -7.9324 713.4595 192.5123 731.9705 239.8371 1.7698 0.5850 1.6909 4.4065 2.5713 28.5651 -7.7819 0.0531
Pedestrian -1 -1 -2.6333 793.7488 184.1665 841.5312 287.7835 1.6346 0.5489 0.5611 3.3582 1.8264 11.8603 -2.3651 0.0526
Pedestrian -1 -1 -7.8645 935.9189 170.8847 975.9550 277.2021 1.8905 0.6476 0.5641 6.2733 1.8551 13.2200 -7.4311 0.0522
Cyclist -1 -1 -6.5231 669.9380 192.2683 695.0646 216.5829 1.7060 0.6568 1.6856 5.1688 3.1109 51.7799 -6.4249 0.0521
Cyclist -1 -1 -7.7729 409.2620 187.6757 434.6622 263.1143 1.6987 0.4560 1.7385 -4.5949 2.0761 17.4943 -8.0268 0.0519
Cyclist -1 -1 -3.6133 899.4342 173.7618 1020.9141 276.0451 1.8108 0.6597 1.9026 6.2992 1.8275 13.1426 -3.1760 0.0506
Cyclist -1 -1 -5.1562 948.3360 144.5961 1188.0286 374.0000 1.7495 0.4704 1.5497 2.4512 1.6171 4.1599 -4.6555 0.0504
Car -1 -1 -4.5232 542.2289 196.1508 588.1529 233.4264 1.5614 1.5497 3.5339 -2.1241 2.7312 34.3888 -4.5852 0.9097
Car -1 -1 -7.6528 477.1996 200.0424 533.7846 242.6011 1.5185 1.6487 3.4908 -4.2970 2.7094 29.8223 -7.7955 0.5159
Car -1 -1 -7.9503 666.6681 192.8289 693.0614 215.2842 1.5020 1.5870 3.6655 5.1036 3.0297 53.3599 -7.8562 0.4696
Car -1 -1 -3.4035 847.7092 193.3911 963.5073 236.9124 1.4773 1.6061 3.6309 10.7126 2.2589 26.4582 -3.0235 0.2788
Car -1 -1 -5.8398 1218.4287 189.6645 1241.0000 247.1814 1.4361 1.5946 2.6519 19.2041 1.9475 20.4357 -5.0933 0.1453
Car -1 -1 -4.6220 681.4589 187.7796 703.0527 206.0005 1.5990 1.6944 4.1386 7.8872 3.0739 69.1167 -4.5094 0.0983
Car -1 -1 -7.5149 1103.3079 177.7133 1241.0000 255.4003 1.5560 1.6705 3.7103 12.9463 1.6774 16.3712 -6.8550 0.0875
Car -1 -1 -4.4856 566.9411 188.8324 598.6896 211.8628 1.6067 1.6479 3.6179 -2.0632 2.8661 54.9499 -4.5236 0.0845
Car -1 -1 -6.4208 712.4066 197.7284 807.9177 237.1192 1.4840 1.6020 3.5958 5.9809 2.5231 29.2410 -6.2219 0.0819
Car -1 -1 -2.8985 244.3394 197.7220 441.9822 267.7866 1.4586 1.6161 4.0279 -6.1070 2.0703 16.7467 -3.2438 0.0758
Car -1 -1 -6.5152 1107.9268 192.3189 1241.0000 261.1992 1.5952 1.5932 3.7769 15.5535 2.1515 19.1033 -5.8402 0.0740
Car -1 -1 -6.6415 583.4628 189.3485 632.2950 210.0648 1.5953 1.5758 3.6854 -0.2028 2.9794 59.1673 -6.6455 0.0720
Car -1 -1 -6.1595 568.0025 187.3366 623.9560 210.7664 1.6084 1.5923 3.8466 -1.0131 2.6667 51.7486 -6.1796 0.0682
Car -1 -1 -4.6415 868.1425 186.3091 910.3155 223.2384 1.5072 1.5529 3.6288 12.7121 2.1564 32.8580 -4.2761 0.0660
Car -1 -1 -7.0219 1114.7871 180.9591 1241.0000 374.0000 1.6003 1.6780 3.9909 5.0785 1.6534 3.5696 -6.1026 0.0572
