Pedestrian -1 -1 -3.4833 782.5234 138.0402 898.1876 321.4629 1.8792 0.5177 1.0521 2.4299 1.4446 7.5232 -3.1812 0.5293
Cyclist -1 -1 -4.9882 666.8099 165.8317 693.2335 210.6176 1.7486 0.6498 1.5734 2.9760 1.1761 28.4358 -4.8834 0.1344
Pedestrian -1 -1 -8.0215 548.3626 158.9192 578.1492 234.4210 1.8381 0.6280 0.7315 -1.0893 1.3130 17.6397 -8.0803 0.0990
Car -1 -1 -7.5870 572.3399 171.0069 626.5412 205.5306 1.5085 1.5921 3.7172 -0.2197 1.0939 32.8961 -7.5919 0.0814
Pedestrian -1 -1 -4.5656 385.7883 161.1388 421.2889 246.6017 1.7772 0.6073 0.8833 -4.3581 1.3749 15.1793 -4.8379 0.0790
Pedestrian -1 -1 -4.9853 986.8340 210.7953 1074.1790 369.0000 1.2703 0.4128 0.5748 3.1513 1.5147 5.3660 -4.4777 0.0736
Pedestrian -1 -1 -4.6623 298.4108 188.2453 315.9789 236.2876 1.2414 0.4031 0.4445 -7.8865 1.4489 18.6362 -5.0548 0.0655
Pedestrian -1 -1 -4.2763 350.8264 161.5262 395.0732 246.7680 1.7825 0.6301 0.7852 -5.0270 1.3861 15.2137 -4.5874 0.0628
Pedestrian -1 -1 -8.1277 457.7599 170.7757 496.3331 251.4593 1.6617 0.6084 0.8278 -2.7783 1.4618 15.0670 -8.3046 0.0564
Cyclist -1 -1 -7.8267 512.8112 166.3293 544.4601 263.7193 1.6763 0.5320 1.7789 -1.4399 1.4328 13.0776 -7.9320 0.0553
Pedestrian -1 -1 -3.6690 568.7432 163.1858 618.7883 248.6797 1.7238 0.5160 0.9043 -0.2789 1.3750 14.7107 -3.6858 0.0528
Pedestrian -1 -1 -4.8339 1116.5370 204.7030 1223.0000 369.0000 1.4112 0.5133 0.5285 3.3740 1.5696 4.2595 -4.1976 0.0517
Car -1 -1 -4.2267 460.3916 166.8337 575.5180 231.0253 1.6924 1.6540 4.0367 -2.4724 1.3324 20.8223 -4.3413 0.0512
Pedestrian -1 -1 -4.7818 1177.0061 161.1013 1223.0000 266.2216 1.7123 0.6041 0.7971 10.0929 1.3967 12.0167 -4.0946 0.3031
Pedestrian -1 -1 -5.4493 629.7033 168.8920 683.6104 262.2661 1.6375 0.5604 0.8403 0.8888 1.4343 12.9028 -5.3805 0.1898
Pedestrian -1 -1 -8.2279 839.1712 170.1453 871.7456 234.3051 1.5821 0.5731 0.6431 6.2452 1.3271 17.7680 -7.8938 0.1871
Cyclist -1 -1 -7.7866 851.8645 161.9906 886.0618 264.7343 1.7003 0.4736 1.6735 4.6576 1.3944 12.5621 -7.4380 0.1638
Pedestrian -1 -1 -4.0143 854.5490 165.3434 909.9128 267.5044 1.6681 0.5984 0.6452 4.6376 1.4210 11.9634 -3.6517 0.1364
Pedestrian -1 -1 -3.1745 1119.6648 157.4586 1175.6732 268.8897 1.7575 0.5946 0.6999 8.8321 1.3944 11.5951 -2.5351 0.1153
Pedestrian -1 -1 -5.1809 686.4423 166.7749 730.4909 252.6936 1.7059 0.5836 0.8224 2.0700 1.4338 14.5219 -5.0406 0.1024
Pedestrian -1 -1 -5.4616 1021.5724 159.6243 1079.1904 268.8739 1.7449 0.5662 0.5672 7.2655 1.4119 11.6272 -4.9136 0.0903
Pedestrian -1 -1 -4.2584 749.5730 173.0054 794.0394 256.0598 1.6125 0.5761 0.8122 3.3138 1.4674 14.2244 -4.0327 0.0880
Pedestrian -1 -1 -4.8954 676.3083 160.2433 706.1879 234.3126 1.8077 0.5848 0.9068 2.1115 1.3136 17.7270 -4.7771 0.0844
Pedestrian -1 -1 -4.4121 213.9324 166.7681 256.3057 254.8468 1.6842 0.5587 0.6795 -7.3079 1.4220 13.9022 -4.8849 0.0835
Pedestrian -1 -1 -7.8294 1088.3115 150.4969 1132.0635 264.2357 1.7878 0.5677 0.7006 8.2116 1.3166 11.5639 -7.2231 0.0828
Pedestrian -1 -1 -4.9748 777.2597 162.2868 823.3137 264.3382 1.7163 0.5807 0.7855 3.3315 1.4104 12.2847 -4.7147 0.0827
Pedestrian -1 -1 -4.5407 1104.0020 158.4531 1154.8069 268.5699 1.7340 0.5734 0.6444 8.5277 1.3872 11.5638 -3.9167 0.0787
Pedestrian -1 -1 -7.6436 664.9213 166.7301 704.3765 260.3074 1.6804 0.5753 0.8204 1.4451 1.4335 13.1763 -7.5352 0.0778
Pedestrian -1 -1 -4.9234 844.6229 198.0623 869.9721 257.0985 1.1266 0.3701 0.4968 4.9165 1.4795 13.9224 -4.5894 0.0770
Cyclist -1 -1 -6.2854 701.5892 167.8338 773.9922 233.6200 1.6294 0.6941 1.7781 3.3308 1.3160 18.0127 -6.1039 0.0756
Cyclist -1 -1 -2.9454 648.4811 138.2997 680.2018 170.9962 1.8032 0.6717 1.6837 3.3355 -0.5433 39.8723 -2.8604 0.0721
Pedestrian -1 -1 -8.4622 942.7325 163.9947 996.6872 267.2715 1.6460 0.5486 0.5837 5.9228 1.3833 11.5970 -7.9994 0.0719
Pedestrian -1 -1 -7.4301 661.9940 140.3746 678.7401 172.7629 1.7814 0.7201 0.6737 3.6478 -0.4382 39.5856 -7.3367 0.0712
Cyclist -1 -1 -3.3783 1001.5841 155.7184 1152.5491 269.9297 1.7734 0.6526 1.9587 7.6333 1.3890 11.6079 -2.8074 0.0694
Cyclist -1 -1 -7.6075 109.4846 169.8077 158.6719 258.0145 1.6124 0.3974 1.6223 -9.1801 1.4173 13.7563 -8.1835 0.0639
Cyclist -1 -1 -8.0243 955.8743 169.5291 1014.0823 279.3209 1.5967 0.4880 1.7862 5.9350 1.4375 11.2077 -7.5473 0.0626
Pedestrian -1 -1 -5.1476 834.1596 170.4685 864.7654 232.2569 1.5628 0.5299 0.6220 6.2527 1.3094 18.2208 -4.8207 0.0604
Pedestrian -1 -1 -7.9510 829.7253 167.8430 858.1749 233.3891 1.6212 0.6018 0.8220 6.0172 1.3084 17.9550 -7.6312 0.0601
Pedestrian -1 -1 -4.4118 857.3641 173.7201 897.6484 263.9327 1.5145 0.5115 0.5633 4.6740 1.4010 12.2491 -4.0541 0.0594
Pedestrian -1 -1 -8.2221 1059.8354 153.0681 1119.9658 265.4841 1.7745 0.5938 0.6939 7.8637 1.3419 11.5637 -7.6360 0.0577
Pedestrian -1 -1 -5.6943 121.5388 171.5335 168.9188 255.0786 1.6324 0.5239 0.6010 -9.1964 1.4576 14.0842 -6.2606 0.0570
Cyclist -1 -1 -6.4181 658.2131 139.2295 690.0953 171.6668 1.8169 0.6291 1.7321 3.9069 -0.5057 40.1388 -6.3196 0.0564
Pedestrian -1 -1 -7.2766 1001.1096 170.5920 1050.7214 268.8880 1.6398 0.4780 0.6139 7.1799 1.4749 12.1474 -6.7526 0.0552
Pedestrian -1 -1 -7.7214 959.8887 174.0023 1003.0392 272.8319 1.5273 0.5472 0.5553 5.9744 1.4272 11.3106 -7.2453 0.0546
Cyclist -1 -1 -3.8224 802.3530 158.9622 910.0131 263.9485 1.7688 0.6893 1.7640 4.4041 1.4063 12.5381 -3.4907 0.0545
Pedestrian -1 -1 -4.8397 856.2068 194.8969 891.8410 273.3026 1.2119 0.4721 0.4655 4.2464 1.4482 11.3103 -4.4880 0.0542
Pedestrian -1 -1 -2.8956 821.3242 179.0455 860.2356 253.6236 1.4455 0.4723 0.6416 4.6478 1.4176 14.0745 -2.5817 0.0535
Pedestrian -1 -1 -3.2178 758.2693 167.3573 795.3287 234.3091 1.6684 0.5446 0.8724 4.3128 1.3412 17.9561 -2.9844 0.0530
Pedestrian -1 -1 -4.4516 876.1053 193.0928 918.8219 282.7944 1.2538 0.4775 0.4577 4.2106 1.4435 10.3006 -4.0725 0.0528
Pedestrian -1 -1 -8.2988 776.1358 169.4039 809.0045 235.6833 1.6215 0.5808 0.6203 4.6367 1.3504 17.6576 -8.0447 0.0524
Pedestrian -1 -1 -7.9587 879.0778 163.0966 923.5975 264.9344 1.6556 0.6096 0.7436 4.9395 1.3730 11.9360 -7.5739 0.0522
Cyclist -1 -1 -8.2068 849.3859 172.3645 927.1616 276.9088 1.5122 0.5551 1.6985 4.3420 1.3949 11.0802 -7.8412 0.0521
Pedestrian -1 -1 -4.3402 116.6121 168.1548 163.8512 259.0621 1.6827 0.5563 0.6311 -8.8774 1.4546 13.4517 -4.9109 0.0516
Pedestrian -1 -1 -5.1246 900.0824 184.1513 943.7689 269.6868 1.3266 0.4634 0.5120 4.9822 1.3863 11.2444 -4.7162 0.0516
Cyclist -1 -1 -3.7238 836.1354 173.0180 961.4257 275.1630 1.5518 0.7053 1.7476 4.6142 1.4385 11.2621 -3.3431 0.0510
Pedestrian -1 -1 -3.1911 185.4642 164.3349 223.9025 253.7556 1.6986 0.5519 0.6324 -7.8801 1.3919 13.8323 -3.6972 0.0505
Cyclist -1 -1 -3.9221 820.5624 166.8373 924.0171 265.2845 1.6085 0.6402 1.7274 4.5691 1.3856 12.2024 -3.5705 0.0504
Cyclist -1 -1 -7.9188 844.6031 167.1749 866.5168 233.5528 1.6604 0.4266 1.5956 6.5068 1.3274 18.5123 -7.5845 0.0503
Pedestrian -1 -1 -4.8143 660.3983 161.5430 688.0928 235.2119 1.8023 0.6124 0.7584 1.6823 1.3388 17.6792 -4.7194 0.0501
Car -1 -1 -5.3883 0.0000 159.2287 151.0537 282.8204 1.6745 1.6987 4.3601 -9.5719 1.3867 10.8193 -6.0962 0.1863
Car -1 -1 -7.8467 657.0654 139.8778 687.0850 168.9709 1.5490 1.6613 3.8279 3.9112 -0.7044 41.2124 -7.7505 0.1143
Car -1 -1 -2.1352 0.0000 168.8910 24.4926 338.0203 1.5668 1.6177 4.1945 -8.9446 1.4597 7.6994 -2.9730 0.0515
