Car -1 -1 -4.2245 135.1583 177.6617 254.4563 245.0329 1.9517 1.6729 3.8809 -13.2037 2.1187 23.1441 -4.7383 0.2042
Pedestrian -1 -1 -6.2716 778.3002 174.2327 787.1100 194.1266 1.8056 0.4654 0.7775 15.7413 1.9318 65.8532 -6.0383 0.0830
Pedestrian -1 -1 -5.1647 0.0000 179.5667 21.6870 222.7632 1.8865 0.7483 0.5674 -26.8204 2.1892 32.1120 -5.8566 0.0770
Pedestrian -1 -1 -7.5706 1103.5868 173.0839 1135.2444 236.6518 1.8298 0.5888 0.7156 14.9371 1.8364 21.2267 -6.9645 0.0670
Car -1 -1 -4.7869 612.0458 178.1523 632.5621 195.4167 1.5793 1.6594 4.2045 1.1357 2.1049 69.4698 -4.7710 0.0665
Car -1 -1 -4.4303 289.3480 185.3805 360.4547 224.4703 1.4669 1.6686 4.3081 -12.0720 2.0384 30.7191 -4.8022 0.0602
Cyclist -1 -1 -3.8045 88.0734 190.1277 130.7221 227.2076 1.6119 0.5098 1.6350 -22.9309 2.4226 33.0207 -4.4080 0.0538
Pedestrian -1 -1 -7.2235 883.7383 174.1512 904.5388 213.4835 1.8349 0.6862 0.6138 13.4032 1.8968 34.1455 -6.8530 0.0513
Car -1 -1 -4.1412 260.2871 184.6991 326.4761 213.4023 1.5811 1.6630 4.2036 -19.1559 2.3357 43.7764 -4.5517 0.0505
Pedestrian -1 -1 -4.6282 488.0046 191.7567 501.2365 228.4862 1.2406 0.4154 0.4348 -4.0174 1.8972 24.8429 -4.7876 0.0501
Car -1 -1 -7.8445 593.7515 176.4426 621.9266 203.4743 1.7117 1.8066 4.2970 -0.1605 1.9628 48.4132 -7.8483 0.8424
Car -1 -1 -4.1997 140.5711 174.9064 263.4932 242.8710 2.0076 1.6638 4.1035 -13.1579 2.0800 23.4949 -4.7057 0.4471
Car -1 -1 -4.5496 365.8204 184.2331 410.3923 215.6498 1.5366 1.6288 4.3129 -12.0125 2.1893 39.1625 -4.8458 0.4296
Car -1 -1 -4.4797 402.6721 184.0159 430.5354 202.9652 1.6702 1.7138 3.7158 -18.1292 2.7462 67.6955 -4.7407 0.3390
Car -1 -1 -4.2082 226.7059 187.4583 293.8487 217.4520 1.4994 1.6085 4.0250 -19.3942 2.3528 40.1243 -4.6561 0.0749
Car -1 -1 -3.9987 159.8809 187.0964 251.9422 220.9741 1.4943 1.6477 4.1933 -20.0339 2.2467 35.9148 -4.5047 0.0590
