Cyclist -1 -1 -3.5602 1106.9369 160.7520 1241.0000 292.5261 1.6401 0.7410 1.8761 7.7591 1.4892 9.5695 -2.8944 0.5625
Pedestrian -1 -1 -3.5862 822.3779 163.9318 840.1371 197.8727 1.8728 0.6185 0.7514 12.2792 1.3802 40.1761 -3.2920 0.3213
Pedestrian -1 -1 -2.9526 848.9354 172.2362 865.8724 216.8750 1.4678 0.5004 0.4507 8.2016 1.4472 24.0543 -2.6282 0.2892
Pedestrian -1 -1 -3.6654 919.0833 161.5901 940.8859 197.2103 1.8788 0.5629 0.8989 16.9815 1.2844 38.3871 -3.2521 0.2464
Pedestrian -1 -1 -6.0160 388.2503 177.4674 402.1202 201.3199 1.8297 0.5238 0.9212 -16.6155 2.1874 55.7240 -6.3048 0.2218
Pedestrian -1 -1 -3.3248 834.0649 164.5790 845.6072 189.8946 1.7478 0.6036 0.6640 15.9422 1.1762 50.1557 -3.0190 0.1442
Car -1 -1 -3.3965 829.7446 163.9283 928.6891 202.3054 1.6985 1.7259 3.9234 12.1916 1.3031 32.9801 -3.0457 0.1374
Pedestrian -1 -1 -7.6861 773.4681 167.0451 782.4443 189.1241 1.7850 0.6115 0.6596 13.6514 1.3150 58.7543 -7.4592 0.1250
Pedestrian -1 -1 -3.8930 1229.5323 148.6209 1241.0000 196.9848 1.8814 0.4969 0.2519 24.6174 0.9384 28.3212 -3.1827 0.0878
Car -1 -1 -4.2679 184.6630 179.1276 234.0231 201.5571 1.5662 1.5882 4.1165 -29.7544 2.0507 53.6609 -4.7723 0.0840
Car -1 -1 -3.8964 1153.2913 151.5930 1231.9274 176.9113 1.6259 1.6488 3.9644 38.1361 0.2603 47.3160 -3.2210 0.0814
Pedestrian -1 -1 -8.1848 365.8151 173.6544 381.8217 208.0901 1.8062 0.6417 0.6187 -12.5784 1.8489 38.3069 -8.5003 0.0760
Pedestrian -1 -1 -3.5211 773.4398 166.0898 790.2064 196.7972 1.8086 0.5405 0.8258 10.1595 1.4099 42.8242 -3.2901 0.0742
Pedestrian -1 -1 -3.5992 941.9156 159.8161 977.4651 218.4181 1.7584 0.5043 0.8334 10.5627 1.3669 21.9078 -3.1556 0.0696
Car -1 -1 -4.6066 968.4442 154.7314 1001.6683 178.5769 1.5780 1.6441 3.8979 25.8959 0.3784 49.8278 -4.1298 0.0657
Pedestrian -1 -1 -5.6316 343.1276 172.2971 362.1298 204.7793 1.7671 0.6180 0.7662 -14.1836 1.7365 39.6637 -5.9733 0.0643
Pedestrian -1 -1 -4.7036 869.5190 160.7238 885.0544 205.5009 1.8541 0.6052 0.6774 11.1809 1.3515 30.3003 -4.3536 0.0634
Car -1 -1 -4.3718 0.0000 183.7117 3.2078 212.3335 1.4871 1.5544 4.2572 -36.7461 2.1449 41.4720 -5.0938 0.0612
Pedestrian -1 -1 -6.7731 113.9648 184.8086 136.2702 216.9942 1.5890 0.5459 0.7691 -24.5239 2.2002 36.4386 -7.3623 0.0592
Pedestrian -1 -1 -3.8806 1099.1157 159.9630 1119.1067 192.7755 1.7931 0.6453 0.6380 27.4843 1.0883 39.7928 -3.2798 0.0591
Car -1 -1 -4.5498 0.0000 184.1420 0.0000 210.9872 1.5496 1.6912 4.0817 -41.3867 2.2975 45.6529 -5.2834 0.0550
Car -1 -1 -4.6532 166.3144 184.5014 227.7096 231.2891 1.4205 1.6039 3.8855 -14.2945 1.8584 25.0481 -5.1675 0.0547
Car -1 -1 -4.5464 0.0000 184.6302 0.0000 212.9285 1.5074 1.6923 4.1136 -41.2611 2.2349 42.4194 -5.3149 0.0523
Pedestrian -1 -1 -3.1608 465.2989 173.3959 475.8745 197.7657 1.8244 0.5700 0.7717 -10.5398 1.8652 54.3918 -3.3517 0.0516
Pedestrian -1 -1 -2.8750 347.4586 170.4502 387.0905 254.7144 1.7262 0.6467 0.6389 -5.1305 1.6766 15.1216 -3.1974 0.5973
Pedestrian -1 -1 -7.5597 378.6575 178.1213 416.3798 243.2839 1.5370 0.6776 0.7855 -5.1886 1.6672 17.4790 -7.8447 0.2615
Pedestrian -1 -1 -5.6277 342.6849 164.1572 398.6974 250.7824 1.8300 0.6532 0.9582 -5.2570 1.6460 15.7093 -5.9462 0.1038
Pedestrian -1 -1 -8.4642 477.3587 175.8379 489.0840 197.9104 1.7725 0.6826 0.6590 -10.3127 2.0162 58.5430 -8.6381 0.0901
Pedestrian -1 -1 -3.8673 621.8841 166.4699 636.5964 196.9543 1.9420 0.6679 0.6726 1.2041 1.5350 46.4381 -3.8420 0.0798
Cyclist -1 -1 -4.9063 617.4164 173.2493 630.5377 200.0961 1.6048 0.5126 1.5209 0.8096 1.6290 43.9487 -4.8884 0.0660
Cyclist -1 -1 -4.1586 384.3968 168.4716 440.5656 241.3918 1.7356 0.5706 1.6511 -4.9635 1.6310 18.0459 -4.4239 0.0626
Cyclist -1 -1 -4.4820 382.5385 168.9335 421.0169 240.9487 1.7251 0.5640 1.6539 -5.2589 1.6309 18.1237 -4.7611 0.0550
Pedestrian -1 -1 -6.1898 748.8571 169.3893 759.1614 189.5698 1.7734 0.5255 0.8488 12.7074 1.4687 63.7802 -5.9943 0.0549
Cyclist -1 -1 -7.5132 261.3769 174.9737 320.1234 271.1681 1.6516 0.4439 1.6859 -5.8962 1.6929 13.2827 -7.9241 0.0534
Car -1 -1 -4.0354 99.0215 181.3390 313.5567 273.2696 1.4982 1.5979 3.8218 -7.7181 1.6883 14.1586 -4.5270 0.9559
Car -1 -1 -3.7385 542.9180 175.0302 658.5265 215.6765 1.4570 1.6051 4.3278 -0.3580 1.5468 27.9658 -3.7518 0.9151
Car -1 -1 -7.3124 399.2984 176.6516 465.0422 210.2511 1.5050 1.5072 3.4277 -8.5044 1.6966 34.6007 -7.5521 0.8652
Car -1 -1 -4.3848 520.2773 177.1775 554.1619 196.1684 1.4844 1.6309 3.8272 -5.9759 1.8522 59.3789 -4.4850 0.6011
Car -1 -1 -4.6399 565.5891 175.9650 588.1073 194.4031 1.4301 1.5451 4.0218 -2.6913 1.6915 58.6789 -4.6859 0.5269
Car -1 -1 -4.5186 697.8680 173.4085 729.2244 195.2023 1.4402 1.4646 3.6837 7.1422 1.4797 49.7631 -4.3773 0.5157
Car -1 -1 -8.3439 725.6851 169.8772 761.1548 187.9081 1.5839 1.5925 3.7170 12.0321 1.3221 65.3933 -8.1630 0.2314
Car -1 -1 -6.7418 1041.8105 151.2710 1114.4125 174.5232 1.5411 1.6461 3.7861 31.6105 0.1103 48.8537 -6.1702 0.2244
Car -1 -1 -4.9424 589.4945 171.1021 631.1887 198.7013 1.6469 1.6865 4.2321 -0.0669 1.5421 45.3087 -4.9443 0.1536
Car -1 -1 -3.9223 839.4084 163.8301 893.4116 184.9917 1.5751 1.6622 3.8460 19.6182 0.9031 55.2782 -3.5832 0.1090
Car -1 -1 -4.9224 563.7658 174.5074 604.0053 200.6945 1.5223 1.6449 4.1087 -1.6924 1.6288 44.4147 -4.9607 0.0928
Car -1 -1 -4.7970 178.1508 181.8289 228.5733 217.4300 1.4170 1.6109 4.0436 -18.0720 1.8401 31.9156 -5.3089 0.0756
Car -1 -1 -7.6747 602.4374 173.3271 647.7750 204.8768 1.5368 1.6413 4.1351 0.8023 1.5625 37.4020 -7.6539 0.0681
Car -1 -1 -8.0417 570.3082 175.4596 612.8846 204.8346 1.4745 1.5790 3.8364 -1.0740 1.6210 38.6224 -8.0698 0.0609
Car -1 -1 -4.1070 335.8957 184.1709 459.3769 248.2099 1.3820 1.4823 2.9797 -5.1904 1.6868 17.8026 -4.3873 0.0554
Car -1 -1 -2.3654 230.9008 175.0857 320.2556 211.5662 1.5386 1.5660 3.4924 -14.8277 1.6411 31.9195 -2.7974 0.0546
Car -1 -1 -4.6897 163.6895 184.0719 220.8689 231.1290 1.4377 1.6080 3.9152 -14.5306 1.8611 25.1515 -5.2093 0.0523
