Cyclist -1 -1 -8.1668 816.4628 175.2264 839.1400 214.9979 1.6507 0.4672 1.5449 9.2474 1.7543 30.8186 -7.8785 0.1448
Pedestrian -1 -1 -8.1699 294.9635 178.8599 308.9696 219.0210 1.9197 0.5557 0.3046 -14.9289 2.2121 34.8753 -8.5720 0.1305
Pedestrian -1 -1 -6.5577 1153.7017 165.8948 1241.0000 310.0151 1.6607 0.5107 0.8951 7.1381 1.5802 8.7221 -5.8890 0.1264
Pedestrian -1 -1 -6.3225 874.5609 164.2173 885.9315 200.6378 1.7356 0.6481 0.4849 12.9782 1.3237 34.7683 -5.9684 0.1148
Car -1 -1 -4.6835 502.8380 176.4839 521.0560 192.9541 1.5191 1.6284 3.8244 -9.4275 1.8780 69.4128 -4.8183 0.0760
Pedestrian -1 -1 -3.4441 315.3118 176.7945 332.0708 216.5479 1.9908 0.6713 0.6206 -14.5957 2.1934 36.6810 -3.8207 0.0717
Pedestrian -1 -1 -4.6442 205.1842 179.7335 223.9252 228.4951 1.9255 0.6236 0.5417 -15.9197 2.2051 28.9751 -5.1430 0.0690
Car -1 -1 -7.6183 601.3109 174.4920 627.7710 192.5571 1.6169 1.6069 3.8444 0.4312 1.7734 67.0106 -7.6122 0.0612
Cyclist -1 -1 -3.3084 864.3497 162.6703 909.5482 206.0609 1.9221 0.6869 1.8078 12.4065 1.4707 32.4748 -2.9470 0.0595
Pedestrian -1 -1 -4.9509 1205.7080 148.5953 1241.0000 225.5147 1.8085 0.5790 0.5079 14.6896 1.2378 17.3198 -4.2560 0.0589
Pedestrian -1 -1 -3.3098 1132.0897 113.9374 1241.0000 374.0000 1.9022 0.5154 0.6286 3.4723 1.5825 4.2857 -2.6628 0.0581
Car -1 -1 -4.3105 410.6188 182.3720 475.6058 217.0664 1.5400 1.6107 4.1393 -8.1436 2.0355 35.4026 -4.5355 0.0574
Pedestrian -1 -1 -8.1974 302.0399 170.5612 323.7013 219.4115 2.0424 0.6482 0.7160 -12.6658 1.9462 30.6498 -8.5865 0.0529
Car -1 -1 -4.7471 727.2061 175.8317 745.6072 192.8560 1.5616 1.5825 4.1670 12.0607 1.8555 69.1153 -4.5755 0.0504
Pedestrian -1 -1 -8.6483 720.2932 170.6869 743.7325 208.4746 1.8429 0.7001 0.9173 6.0050 1.7369 35.7658 -8.4838 0.4083
Pedestrian -1 -1 -3.7534 298.2027 190.0960 331.5322 244.1346 1.5456 0.6156 0.6853 -8.7925 2.0672 21.3826 -4.1397 0.3242
Cyclist -1 -1 -2.3454 24.6417 176.4890 120.0705 261.2129 1.8808 0.5783 1.9185 -12.3346 1.9658 16.4952 -2.9799 0.2970
Cyclist -1 -1 -4.5322 541.2542 177.4368 557.1428 209.9037 1.7454 0.5771 1.7332 -3.3934 2.0043 39.9302 -4.6170 0.1759
Pedestrian -1 -1 -3.7877 781.5532 174.1212 793.0789 201.4175 1.6459 0.5436 0.4416 10.7454 1.7232 43.8746 -3.5496 0.1753
Pedestrian -1 -1 -4.9649 1153.7534 164.6137 1193.7312 244.8634 1.5953 0.4966 0.6233 11.4427 1.4312 14.7273 -4.3144 0.1662
Pedestrian -1 -1 -5.5666 914.9306 168.6843 953.8701 234.9646 1.7002 0.5208 0.7832 8.4735 1.5929 18.9740 -5.1530 0.1475
Cyclist -1 -1 -4.7090 748.7273 174.2513 764.2730 227.3521 1.7539 0.5051 1.5065 4.9579 1.8028 24.6613 -4.5137 0.1473
Cyclist -1 -1 -3.0905 320.9809 149.4851 349.4334 176.6126 1.7950 0.5914 1.7517 -18.4143 0.2484 48.2940 -3.4530 0.1417
Pedestrian -1 -1 -4.4073 6.2690 180.9727 55.8840 280.3526 1.8167 0.5051 0.8362 -11.0686 1.9765 13.7489 -5.0758 0.1384
Pedestrian -1 -1 -4.7712 994.1932 166.0830 1021.3721 235.1084 1.7304 0.5591 0.7905 10.1748 1.5604 18.5645 -4.2771 0.1127
Pedestrian -1 -1 -4.5358 946.4630 159.9300 976.6718 232.0206 1.8442 0.5908 0.7830 9.1851 1.5133 18.9485 -4.0911 0.0989
Pedestrian -1 -1 -5.5376 737.8205 173.1564 763.2141 224.8387 1.7423 0.6143 0.5968 4.7722 1.7525 24.7515 -5.3501 0.0973
Cyclist -1 -1 -4.0870 328.8674 150.0061 350.2426 175.7095 1.6934 0.4930 1.6087 -18.1547 0.1878 48.3772 -4.4443 0.0934
Cyclist -1 -1 -4.1270 323.7196 149.8253 344.7348 175.7087 1.6973 0.4499 1.6930 -18.4395 0.1869 48.1893 -4.4907 0.0824
Pedestrian -1 -1 -8.2808 1183.2013 153.5182 1240.1305 243.0665 1.7624 0.6728 0.6470 12.1045 1.3816 14.5988 -7.5988 0.0820
Pedestrian -1 -1 -8.2369 1109.5890 158.9381 1155.7706 244.2100 1.7189 0.5962 0.5748 10.7239 1.4381 14.8926 -7.6226 0.0789
Pedestrian -1 -1 -6.2492 794.6711 168.2478 801.0570 199.7195 1.8650 0.4955 0.3536 11.1724 1.5917 43.0448 -5.9973 0.0788
Pedestrian -1 -1 -8.1377 1091.2178 158.7892 1135.4756 246.8765 1.7921 0.6204 0.5581 10.4280 1.5056 15.0402 -7.5411 0.0758
Cyclist -1 -1 -3.0492 314.0603 150.3288 342.1633 177.8535 1.8006 0.5766 1.6849 -18.6626 0.3268 47.7107 -3.4202 0.0697
Cyclist -1 -1 -4.2937 317.2425 149.8069 336.6986 175.9569 1.7019 0.5765 1.6536 -18.7719 0.2016 47.7998 -4.6661 0.0694
Cyclist -1 -1 -7.9356 1149.7496 163.4482 1187.2162 247.9124 1.6391 0.4513 1.6800 11.4063 1.4563 14.8329 -7.2900 0.0651
Cyclist -1 -1 -4.1556 1132.7490 163.3769 1215.8877 246.1447 1.6360 0.4954 1.7762 11.5335 1.4484 14.8086 -3.5039 0.0642
Pedestrian -1 -1 -4.8036 806.2289 163.9378 817.0908 192.8323 1.8655 0.6105 0.7830 13.1055 1.2895 47.0229 -4.5337 0.0612
Cyclist -1 -1 -8.2504 774.5778 172.4577 792.3586 200.7718 1.6916 0.5073 1.5002 10.5073 1.6676 43.8880 -8.0174 0.0592
Cyclist -1 -1 -6.6324 730.7560 173.7800 779.6225 227.4388 1.7942 0.5804 1.5226 4.8861 1.8259 24.5448 -6.4389 0.0560
Cyclist -1 -1 -6.4588 1060.8926 161.8233 1169.5175 248.1991 1.7322 0.5759 1.7846 10.4707 1.5107 15.0975 -5.8621 0.0559
Pedestrian -1 -1 -5.0777 321.9701 152.6219 334.1742 178.9038 1.7323 0.6218 0.4895 -18.7675 0.3985 47.9480 -5.4490 0.0548
Pedestrian -1 -1 -4.6199 1139.4960 159.4536 1175.4559 244.6188 1.6983 0.5385 0.6358 11.1814 1.4307 14.8045 -3.9830 0.0530
Pedestrian -1 -1 -5.3469 468.1040 179.5865 481.8883 205.7695 1.6786 0.6117 0.6557 -8.8156 2.1205 46.9364 -5.5319 0.0522
Car -1 -1 -4.3718 394.2016 186.0792 478.9586 235.5545 1.4505 1.5751 3.7914 -5.7528 1.9295 24.1777 -4.6036 0.9755
Car -1 -1 -4.4707 550.7986 178.8781 582.2109 199.8312 1.5344 1.5647 3.8340 -3.3676 2.0189 56.0317 -4.5308 0.7376
Car -1 -1 -7.6931 525.4940 181.0212 564.6642 209.8488 1.5225 1.6220 3.9424 -3.6991 2.0123 41.2775 -7.7824 0.2775
Car -1 -1 -8.0464 308.6799 149.9372 345.7541 174.5058 1.6108 1.6520 3.8811 -19.4191 0.1080 49.3889 -8.4193 0.1683
Car -1 -1 -4.9160 764.7249 174.1845 804.9094 198.6759 1.4895 1.6416 4.3648 11.1294 1.5787 46.3286 -4.6820 0.1418
Car -1 -1 -3.3972 890.0499 165.1606 955.8547 185.7013 1.4750 1.5291 4.1709 22.8578 0.9223 52.8818 -2.9914 0.1226
Car -1 -1 -7.8943 658.0604 175.5488 677.5726 192.8592 1.5027 1.5968 3.8012 5.1735 1.7530 65.1686 -7.8158 0.1162
Car -1 -1 -5.3280 675.5046 175.5879 720.2883 195.6753 1.5199 1.5953 3.8393 6.9034 1.7443 57.2259 -5.2089 0.1115
Car -1 -1 -6.4302 815.4825 168.7097 890.9918 194.2205 1.5535 1.6289 4.2756 15.1115 1.3009 45.1114 -6.1093 0.1063
Car -1 -1 -3.3473 966.1436 173.4716 1177.8348 243.8169 1.4292 1.5279 3.7113 10.0131 1.4438 16.0285 -2.7976 0.1031
Car -1 -1 -4.4207 463.4039 179.7723 503.2140 204.3957 1.5333 1.5871 3.7854 -8.4138 2.0123 48.0121 -4.5937 0.0948
Car -1 -1 -7.6493 0.0000 193.7190 14.6481 238.1662 1.6039 1.6950 3.9378 -26.4707 2.5376 30.1698 -8.3653 0.0815
Car -1 -1 -2.5151 0.0000 190.4214 123.2364 264.5142 1.5917 1.6355 3.0013 -13.4405 2.0217 16.7956 -3.1825 0.0738
Car -1 -1 -8.0205 285.8455 188.6489 359.9073 242.3248 1.4915 1.6042 3.8580 -9.3950 2.0471 23.3302 -8.3998 0.0609
Car -1 -1 -4.5865 0.0000 192.6260 59.3966 237.4131 1.6394 1.6783 4.0321 -24.6070 2.5334 30.4747 -5.2617 0.0579
