Pedestrian -1 -1 -7.5104 48.4763 186.5790 91.6395 261.8712 1.9551 0.7200 0.7345 -14.5230 2.3317 19.3583 -8.1476 0.1418
Pedestrian -1 -1 -3.1068 692.6583 171.7847 704.7775 196.6438 1.8282 0.5089 0.8737 6.5358 1.7493 53.3836 -2.9860 0.1010
Pedestrian -1 -1 -5.8636 685.0797 172.8330 694.4221 192.9274 1.7522 0.5696 0.6387 6.9760 1.7500 63.3223 -5.7548 0.0777
Car -1 -1 -5.2173 551.1171 179.6051 587.7364 196.9480 1.5766 1.7025 4.1969 -3.9645 2.2479 69.5571 -5.2744 0.0677
Car -1 -1 -4.4637 342.4962 189.6225 387.0262 217.6535 1.5378 1.6720 3.8247 -14.8999 2.6038 43.9131 -4.7894 0.0665
Pedestrian -1 -1 -8.0073 795.7847 179.5175 813.0575 218.7098 1.4989 0.5724 0.5149 7.4902 1.7596 27.9777 -7.7490 0.0647
Pedestrian -1 -1 -3.9709 1219.9176 151.5544 1241.0000 206.2374 1.8841 0.6041 0.5164 21.7675 1.1499 25.1913 -3.2642 0.0571
Car -1 -1 -5.2326 1141.4049 162.4818 1241.0000 206.6841 1.6072 1.6108 3.5415 22.5648 1.2297 28.1065 -4.5615 0.0548
Cyclist -1 -1 -6.2384 104.8398 187.8030 216.5529 285.8980 1.8047 0.6175 1.8345 -8.8461 2.1135 14.2057 -6.7874 0.3839
Pedestrian -1 -1 -7.8491 161.0345 188.8902 176.4938 228.1017 1.8298 0.6245 0.5547 -21.0704 2.6028 34.3949 -8.3956 0.1757
Pedestrian -1 -1 -3.7189 822.9175 176.5849 893.7495 306.0397 1.5554 0.5328 0.6514 3.0431 1.6036 9.0309 -3.4049 0.1365
Pedestrian -1 -1 -5.1094 115.9187 200.7430 166.8223 290.6368 1.6521 0.6464 0.6005 -9.1226 2.2086 13.9684 -5.6796 0.1250
Cyclist -1 -1 -3.1596 753.6035 170.5932 807.3474 221.3737 1.6901 0.6751 1.7542 5.7323 1.6146 24.5261 -2.9333 0.1122
Pedestrian -1 -1 -4.7838 725.2170 172.6811 739.8999 210.1806 1.8007 0.6419 0.8527 5.9170 1.7921 35.1022 -4.6187 0.0950
Pedestrian -1 -1 -4.8939 717.0789 170.3342 734.0237 208.9503 1.8629 0.6525 0.9613 5.6064 1.7410 35.2963 -4.7382 0.0945
Pedestrian -1 -1 -6.3129 157.0267 193.4939 193.1088 284.1211 1.7071 0.6423 0.5931 -8.6262 2.1258 14.2172 -6.8504 0.0891
Pedestrian -1 -1 -5.4275 755.1884 163.3225 786.5936 222.2172 1.9330 0.6717 0.7923 5.3427 1.6199 24.1910 -5.2134 0.0807
Pedestrian -1 -1 -7.6177 1093.5413 165.5493 1108.8306 200.8816 1.6873 0.5270 0.4206 23.6449 1.3382 34.7945 -7.0251 0.0748
Pedestrian -1 -1 -7.6875 26.1296 179.2040 59.8210 244.2299 2.1012 0.7793 0.6414 -18.7983 2.3151 23.8741 -8.3492 0.0745
Cyclist -1 -1 -6.9263 973.3021 166.7696 1013.9041 199.8462 1.6991 0.7155 1.7984 19.9231 1.3862 37.5594 -6.4422 0.0685
Cyclist -1 -1 -2.0129 69.8906 181.3436 96.1115 210.5293 1.7916 0.6900 1.6621 -33.1973 2.3338 45.4024 -2.6417 0.0654
Cyclist -1 -1 -7.4491 86.3176 185.0183 106.8459 211.8586 1.6412 0.4364 1.6689 -32.5839 2.4269 45.7613 -8.0652 0.0601
Cyclist -1 -1 -8.3491 758.9110 168.4539 798.7345 222.1163 1.7650 0.5588 1.7348 5.6976 1.6200 24.6421 -8.1252 0.0571
Pedestrian -1 -1 -2.2369 77.2148 190.8512 103.2424 242.1022 1.6585 0.5093 0.4838 -17.2475 2.2617 23.8810 -2.8573 0.0548
Cyclist -1 -1 -3.2751 781.7439 167.8820 945.4448 311.8822 1.6970 0.6819 1.8434 3.0514 1.6381 9.0054 -2.9595 0.0519
Pedestrian -1 -1 -7.8517 173.1471 187.2835 191.9247 229.8187 1.9735 0.7605 0.5329 -20.2903 2.6653 34.1858 -8.3842 0.0510
Car -1 -1 -8.2090 771.9281 184.2361 965.7681 304.0079 1.4424 1.5366 3.4377 3.5828 1.6397 10.7727 -7.8972 0.9655
Car -1 -1 -7.8683 603.4336 177.6594 663.8405 237.0746 1.6097 1.6594 3.3096 0.6210 1.7635 21.4829 -7.8407 0.9569
Car -1 -1 -8.3185 1010.2898 164.8953 1082.4805 200.3580 1.5261 1.5084 3.2012 19.6529 1.1833 32.7013 -7.7815 0.2833
Car -1 -1 -4.7225 974.9482 168.6783 1009.3323 198.9880 1.5469 1.5655 3.6036 20.4623 1.3335 38.7844 -4.2404 0.1714
Car -1 -1 -4.0309 19.0492 182.7997 153.6612 232.1187 1.5276 1.7237 3.8788 -18.1165 1.9013 25.1404 -4.6505 0.1710
Car -1 -1 -5.9177 63.6556 198.0859 170.7709 231.7961 1.4682 1.6095 3.9126 -23.5079 2.7171 34.4936 -6.5126 0.1630
Car -1 -1 -4.6358 63.4087 182.3006 100.0965 208.5862 1.5564 1.6021 3.7992 -33.8237 2.1880 46.2245 -5.2649 0.1138
Car -1 -1 -5.0381 852.5756 164.9971 896.2785 188.4982 1.6946 1.7833 4.3069 19.7686 1.1278 54.2010 -4.6903 0.0739
Car -1 -1 -4.2488 358.9881 183.9745 415.1116 210.6325 1.6255 1.8392 4.3199 -14.8436 2.4029 48.1816 -4.5464 0.0709
Car -1 -1 -4.5227 331.6564 182.8488 368.9634 209.2603 1.6154 1.6273 3.7989 -17.1301 2.3028 47.6471 -4.8664 0.0612
Car -1 -1 -2.9796 0.0000 205.8172 199.7161 296.1628 1.4474 1.6067 3.6850 -10.3054 2.1665 14.2124 -3.5983 0.0588
Car -1 -1 -3.2057 169.2367 195.3502 258.8626 229.6704 1.5265 1.6509 3.8339 -19.8149 2.7046 36.0723 -3.7052 0.0577
