Pedestrian -1 -1 -6.0129 865.6934 170.1288 880.0432 208.0948 1.8067 0.6838 0.4869 12.6225 1.6767 34.7555 -5.6677 0.0906
Car -1 -1 -7.9827 182.9990 160.7935 216.6824 183.6691 1.6729 1.7186 4.1160 -31.2790 0.7906 54.9282 -8.4984 0.0824
Car -1 -1 -7.1750 0.0000 178.7543 128.2449 237.5885 1.5101 1.7120 4.2257 -16.4240 1.6996 21.0795 -7.8309 0.0758
Pedestrian -1 -1 -8.3505 836.1465 172.4583 855.4509 205.5141 1.7351 0.6789 0.7893 12.4814 1.7141 38.3246 -8.0384 0.0659
Pedestrian -1 -1 -6.0581 252.2176 175.3460 268.0305 203.7787 1.7681 0.6329 0.7719 -22.0118 1.9257 45.3320 -6.5081 0.0936
Pedestrian -1 -1 -7.5688 74.5033 164.6953 96.8544 203.6512 1.7924 0.7215 0.5270 -24.4288 1.4167 33.5679 -8.1943 0.0790
Pedestrian -1 -1 -5.4232 236.2277 172.8757 250.0859 202.6321 1.7625 0.5555 0.4857 -21.9401 1.7635 43.0862 -5.8919 0.0517
Car -1 -1 -7.8393 573.3971 173.8360 613.9920 213.2149 1.5897 1.6452 4.4745 -0.7244 1.6353 31.4839 -7.8627 0.9399
Car -1 -1 -4.3267 303.7698 176.0335 346.8325 195.7390 1.4298 1.6679 4.0008 -21.6751 1.6807 55.0113 -4.7006 0.7541
Car -1 -1 -7.2548 0.0000 171.4480 52.3404 224.0942 1.5977 1.6224 3.7397 -20.5840 1.5547 23.8430 -7.9615 0.7371
Car -1 -1 -4.5002 622.0400 173.5907 657.1063 197.1056 1.5939 1.6394 4.2375 2.1169 1.6483 51.3062 -4.4596 0.2170
Car -1 -1 -2.6887 51.6644 166.2511 163.0435 200.9618 1.6074 1.6717 4.0552 -24.0192 1.3014 34.5454 -3.2927 0.2106
Car -1 -1 -7.6350 243.9418 176.5937 285.5818 201.2790 1.5207 1.6283 3.9677 -22.5585 1.7760 47.2044 -8.0789 0.1561
Car -1 -1 -7.8879 127.6094 158.7344 156.1594 180.8725 1.5983 1.6682 4.0666 -35.2416 0.5786 54.2390 -8.4619 0.1206
Car -1 -1 -7.3152 60.0940 150.3284 128.2847 177.3136 1.5529 1.5815 3.8593 -31.0435 0.2563 43.5064 -7.9321 0.0986
Car -1 -1 -2.2985 158.7522 171.2830 228.9543 196.9984 1.5134 1.6086 3.7522 -25.3009 1.4207 43.8209 -2.8196 0.0926
Car -1 -1 -3.9684 321.9908 172.8689 371.6517 192.9356 1.6474 1.7054 4.0096 -22.3739 1.6484 61.4169 -4.3166 0.0862
Car -1 -1 -7.6608 0.0000 151.2412 50.2044 179.3624 1.5909 1.6759 4.0284 -34.8769 0.3679 42.9928 -8.3394 0.0610
Car -1 -1 -4.2145 176.2996 175.9926 243.1146 204.8230 1.5333 1.6970 3.7596 -22.5122 1.7181 40.6688 -4.7175 0.0519
