Car -1 -1 -8.1941 730.2920 177.9563 1036.8688 374.0000 1.5950 1.6322 4.1766 2.5194 1.6658 7.9442 -7.8991 0.9674
Car -1 -1 -4.1972 0.0000 210.7896 392.0285 374.0000 1.4129 1.5165 3.4365 -2.6317 1.7304 4.3204 -4.7186 0.9273
Car -1 -1 -2.6800 0.0000 193.7081 335.5880 303.1191 1.4900 1.6624 4.3191 -6.7784 1.8416 11.1889 -3.2146 0.8191
Pedestrian -1 -1 -7.8077 64.5655 173.3714 80.8650 212.0063 1.8737 0.6127 0.6211 -26.4208 1.8991 35.4334 -8.4450 0.3081
Cyclist -1 -1 -6.7932 950.0847 165.3600 999.8322 207.5280 1.7997 0.6677 1.8257 15.7139 1.4796 31.1722 -6.3305 0.2937
Pedestrian -1 -1 -6.4190 690.8130 182.0604 704.1031 209.3541 1.7668 0.6523 0.7816 5.6929 2.3739 47.2659 -6.3005 0.2727
Pedestrian -1 -1 -3.6036 1087.1849 154.7893 1111.3403 210.8136 1.7955 0.5614 0.4428 15.8353 1.2163 23.4312 -3.0154 0.2254
Pedestrian -1 -1 -7.4054 775.7720 178.6384 791.9769 218.5770 1.7240 0.5585 0.4314 7.5694 1.9797 31.5897 -7.1730 0.2019
Pedestrian -1 -1 -6.3230 681.5206 179.6580 691.0911 202.7510 1.7942 0.6457 0.7201 5.9567 2.3310 56.6087 -6.2193 0.1898
Car -1 -1 -7.6768 401.1324 167.0457 430.2192 191.6520 1.9891 1.7153 3.7193 -16.2138 1.5193 60.2527 -7.9388 0.1551
Cyclist -1 -1 -8.2468 808.2063 175.5997 852.1465 238.5977 1.7163 0.5663 1.7407 6.2204 1.7979 20.6307 -7.9587 0.1527
Car -1 -1 -6.0638 675.7476 181.5323 724.5894 200.3056 1.4814 1.6028 3.7454 7.4264 2.2146 59.5988 -5.9409 0.1439
Car -1 -1 -7.2693 345.4925 167.5229 402.6973 193.7566 1.5555 1.5898 3.7072 -14.6132 1.2391 44.7802 -7.5832 0.1335
Pedestrian -1 -1 -8.1542 373.1061 172.9652 386.7772 205.3620 1.8145 0.6297 0.4559 -13.0406 1.8206 40.7826 -8.4621 0.1243
Car -1 -1 -6.1801 444.3920 172.3287 536.5345 211.7600 2.0385 1.8087 4.6690 -6.3246 2.0110 38.3440 -6.3430 0.1243
Pedestrian -1 -1 -7.8582 1076.2853 156.4539 1101.2450 210.5593 1.7851 0.6914 0.5646 16.0227 1.2437 24.2300 -7.2798 0.1220
Pedestrian -1 -1 -3.1581 778.3186 167.0332 802.2002 223.9509 1.9208 0.6379 0.7803 6.1289 1.7241 24.7472 -2.9188 0.1142
Pedestrian -1 -1 -7.2173 889.5224 168.2651 909.3138 203.8075 1.8427 0.7558 0.6001 15.1560 1.6045 37.8876 -6.8399 0.1140
Pedestrian -1 -1 -5.9712 928.0760 167.1019 939.0641 209.3485 1.8082 0.5047 0.2945 13.9352 1.5617 31.1692 -5.5548 0.1108
Car -1 -1 -4.4138 521.3712 182.9312 565.4586 210.2211 1.5194 1.5397 4.0842 -4.0323 2.1626 43.9218 -4.5054 0.1025
Pedestrian -1 -1 -7.4105 1147.5319 143.8128 1241.0000 305.1248 1.9608 0.6481 0.9558 7.4816 1.6075 9.2746 -6.7479 0.1006
Pedestrian -1 -1 -8.0829 335.6321 164.8143 350.0567 195.6302 1.8442 0.6594 0.7811 -16.2133 1.3628 43.6894 -8.4366 0.0993
Pedestrian -1 -1 -4.9086 1093.7361 158.9768 1158.4622 290.9988 1.8765 0.6335 0.7692 7.6009 1.6790 10.7342 -4.3061 0.0924
Pedestrian -1 -1 -7.0447 696.2495 175.8853 715.4722 215.6023 1.9563 0.7732 0.5790 4.7536 2.1096 36.0958 -6.9155 0.0895
Pedestrian -1 -1 -4.8968 21.8178 163.4690 45.4882 222.2657 1.8908 0.5439 0.3804 -18.8444 1.5887 23.5334 -5.5666 0.0842
Pedestrian -1 -1 -1.9468 182.0211 173.9212 196.5337 200.5718 1.6788 0.5948 0.6686 -26.8141 1.7471 45.9280 -2.4729 0.0818
Car -1 -1 -4.5933 156.3532 179.7751 184.0542 198.6264 1.5474 1.5902 4.0523 -38.3805 2.1722 62.9972 -5.1389 0.0772
Pedestrian -1 -1 -5.7716 75.1942 169.2000 91.1469 202.5148 1.9217 0.4583 0.6004 -30.6141 1.7106 41.8825 -6.3999 0.0772
Pedestrian -1 -1 -6.8665 1034.6470 165.3674 1056.0245 207.8252 1.8146 0.6328 0.5277 18.7561 1.4943 31.1659 -6.3293 0.0721
Pedestrian -1 -1 -8.2831 1160.9717 151.8667 1184.7858 196.0659 1.8900 0.6355 0.5582 24.2887 0.9923 31.1975 -7.6263 0.0717
Cyclist -1 -1 -4.8629 1020.8223 174.7396 1076.3339 284.6300 1.7193 0.5230 1.7203 7.3359 1.7533 12.2155 -4.3335 0.0707
Car -1 -1 -7.8713 518.1403 176.3764 541.1855 201.4592 1.8614 1.7102 4.2354 -6.3367 2.1471 56.3773 -7.9831 0.0700
Pedestrian -1 -1 -3.2513 397.9814 167.7898 408.6468 191.5200 1.8699 0.5832 0.7546 -16.4329 1.4705 57.2688 -3.5297 0.0675
Pedestrian -1 -1 -2.7974 0.0000 165.4053 42.4461 289.7102 1.9446 0.5070 0.7480 -9.7737 1.8277 11.6518 -3.4843 0.0675
Cyclist -1 -1 -4.6733 768.7029 177.2717 785.8663 225.6850 1.6826 0.5545 1.3969 5.9796 1.8459 25.9602 -4.4501 0.0649
Cyclist -1 -1 -5.1051 1149.9474 168.9875 1188.0920 215.9147 1.6384 0.5520 1.4798 20.0596 1.5031 25.9778 -4.4534 0.0642
Car -1 -1 -7.7886 419.9205 175.9214 448.3517 200.5894 1.6061 1.6352 4.1048 -12.0975 1.8262 49.6779 -8.0265 0.0626
Pedestrian -1 -1 -6.2764 903.6245 166.0725 915.6143 208.8145 1.8244 0.6584 0.4739 12.9093 1.5346 31.1923 -5.8877 0.0623
Car -1 -1 -4.3501 161.5856 175.8388 209.9987 200.1664 1.7440 1.7155 4.3638 -32.0426 1.9790 54.5833 -4.8790 0.0607
Pedestrian -1 -1 -3.6531 1041.4108 150.1190 1064.6545 209.8506 1.9153 0.5826 0.4077 14.3359 1.1860 23.4336 -3.1099 0.0602
Car -1 -1 -4.5242 403.6105 168.6367 431.4437 191.9087 2.0078 1.6522 4.1422 -17.1544 1.6437 64.3760 -4.7838 0.0601
Pedestrian -1 -1 -3.4380 1148.2676 154.8536 1234.1722 296.5469 1.8797 0.5607 0.7891 7.9540 1.6406 9.9735 -2.7798 0.0571
Pedestrian -1 -1 -5.4212 960.2910 192.6675 999.2163 251.7490 1.4117 0.4992 0.7369 9.1339 1.9155 17.9395 -4.9577 0.0538
Pedestrian -1 -1 -3.1637 824.1590 168.8736 836.0343 207.4414 1.9910 0.6016 0.5764 11.4316 1.7852 37.6143 -2.8713 0.0519
Pedestrian -1 -1 -3.2305 189.7562 172.2703 201.7949 201.3616 1.7446 0.7121 0.5728 -25.1399 1.7093 43.7275 -3.7499 0.0518
Car -1 -1 -6.2628 624.3149 175.0076 679.9296 197.8320 1.7333 1.7695 4.2447 3.2537 1.9034 56.0379 -6.2056 0.0511
Pedestrian -1 -1 -3.3829 148.2208 174.4885 159.9417 211.9226 1.7376 0.4706 0.3632 -21.4063 1.8145 33.8115 -3.9440 0.4024
Cyclist -1 -1 -5.7900 212.7611 165.9162 258.8330 207.8857 1.8787 0.6258 1.7643 -16.9532 1.5678 32.6260 -6.2661 0.3675
Pedestrian -1 -1 -7.4080 907.5663 159.6539 940.1919 222.7737 1.9773 0.6143 0.9499 10.0233 1.5635 23.1474 -7.0045 0.3094
Pedestrian -1 -1 -6.3214 164.8937 172.0679 184.8083 211.7371 1.8110 0.6681 0.7666 -20.2034 1.7748 33.4292 -6.8617 0.2648
Pedestrian -1 -1 -7.9676 939.5508 165.3973 968.0100 231.6807 1.8453 0.6312 0.8740 9.7560 1.6374 20.6016 -7.5315 0.2609
Pedestrian -1 -1 -5.2588 237.8706 170.9542 259.3691 207.9767 1.8412 0.6383 0.8166 -18.2554 1.7464 36.3708 -5.7213 0.1558
Pedestrian -1 -1 -7.9921 1016.3049 158.6007 1036.5331 203.8619 1.9223 0.6564 0.7343 17.9031 1.3166 31.1070 -7.4743 0.1432
Pedestrian -1 -1 -7.0635 735.2483 178.4389 751.9915 209.3388 1.7914 0.6772 0.6933 7.8291 2.1235 42.4772 -6.8830 0.1413
Pedestrian -1 -1 -8.2811 710.2867 183.4185 723.0407 210.7956 1.6077 0.5542 0.5957 6.3210 2.2425 43.0147 -8.1368 0.1332
Cyclist -1 -1 -4.7741 172.2635 171.0532 189.5799 210.7994 1.7811 0.5798 1.7856 -19.8127 1.7001 33.2349 -5.3084 0.1297
Cyclist -1 -1 -4.4327 918.3632 159.6548 962.8994 232.8516 1.9686 0.6641 1.8668 9.2828 1.6133 20.3329 -4.0105 0.1230
Cyclist -1 -1 -7.6088 329.9888 171.6435 345.4181 202.4619 1.6206 0.4092 1.5534 -14.6492 1.5567 38.7383 -7.9683 0.1213
Pedestrian -1 -1 -6.5310 139.9708 173.7211 163.5305 211.9296 1.7511 0.6580 0.7902 -21.3832 1.7918 33.6049 -7.0943 0.1207
Cyclist -1 -1 -6.8803 954.2836 160.9241 1002.6057 204.1383 1.8413 0.6306 1.8229 15.8697 1.3327 31.1753 -6.4136 0.1085
Cyclist -1 -1 -3.2682 1102.1990 158.7743 1157.5231 201.4182 1.7999 0.7303 1.8608 22.4178 1.2053 31.2149 -2.6500 0.1043
Pedestrian -1 -1 -6.9836 99.2447 175.5257 123.9091 218.1480 1.7673 0.6491 0.5690 -20.9869 1.8806 30.3230 -7.5851 0.1003
Pedestrian -1 -1 -7.9609 1063.9435 161.3005 1083.1373 204.5789 1.8514 0.6502 0.4645 20.0077 1.3568 31.2179 -7.3956 0.0984
Cyclist -1 -1 -8.2534 964.5342 169.9300 998.4448 223.0036 1.6207 0.3495 1.5967 11.6932 1.5311 22.8421 -7.7860 0.0969
Cyclist -1 -1 -7.8042 239.0688 174.5161 247.0981 203.0167 1.5668 0.3239 1.5392 -20.6405 1.6616 40.5241 -8.2729 0.0868
Cyclist -1 -1 -6.0657 220.2296 166.4644 267.1843 206.2589 1.7907 0.6748 1.8130 -16.7862 1.5028 33.0187 -6.5330 0.0784
Pedestrian -1 -1 -7.7065 179.9160 168.2334 200.3678 209.1041 1.8729 0.7374 0.6132 -19.5202 1.6608 33.4845 -8.2310 0.0634
Cyclist -1 -1 -2.3144 273.7787 170.5265 305.4438 202.6634 1.7604 0.5735 1.7563 -17.8621 1.6326 40.1376 -2.7309 0.0624
Cyclist -1 -1 -6.9082 1046.8082 160.6349 1095.3815 203.1163 1.8166 0.6453 1.7220 19.9052 1.2938 31.2299 -6.3453 0.0612
Cyclist -1 -1 -8.0037 168.8625 175.0785 184.6102 211.5437 1.6704 0.4040 1.5925 -20.3947 1.7769 33.8865 -8.5422 0.0611
Pedestrian -1 -1 -4.0518 249.8303 170.7612 267.6158 202.3318 1.7522 0.6005 0.6881 -19.7245 1.6357 40.4449 -4.5032 0.0607
Cyclist -1 -1 -8.0212 235.0525 175.9567 250.8459 209.8660 1.6803 0.4445 1.6816 -18.7204 1.8413 36.7102 -8.4901 0.0591
Cyclist -1 -1 -7.0736 232.0739 188.2504 293.8025 251.9836 1.5662 0.4510 1.6201 -9.1487 1.9888 18.9762 -7.5178 0.0587
Pedestrian -1 -1 -8.2571 1160.5720 152.2701 1185.5881 195.9034 1.8653 0.6835 0.5671 24.3034 0.9851 31.2059 -7.6001 0.0587
Cyclist -1 -1 -7.4342 157.5823 174.0753 177.1811 204.5439 1.7166 0.3455 1.5797 -25.4973 1.7880 41.5224 -7.9822 0.0579
Cyclist -1 -1 -7.3687 220.5363 169.7403 251.0532 208.8272 1.7391 0.5069 1.6862 -17.1123 1.6003 32.9489 -7.8447 0.0572
Cyclist -1 -1 -4.9590 159.7385 176.6771 178.8764 212.6671 1.6401 0.3876 1.5999 -20.6485 1.8223 33.7302 -5.5050 0.0570
Pedestrian -1 -1 -6.2806 323.3588 169.8773 340.1949 203.6958 1.7772 0.6003 0.8289 -14.8223 1.6205 38.3466 -6.6474 0.0566
Pedestrian -1 -1 -5.9620 109.4841 164.9059 130.6731 212.5432 1.9571 0.6354 0.5564 -20.4245 1.6303 30.0242 -6.5554 0.0553
Pedestrian -1 -1 -8.5116 704.7791 181.2449 721.1561 211.0329 1.7380 0.6411 0.7441 6.0775 2.2417 42.8527 -8.3723 0.0540
Cyclist -1 -1 -6.8955 1121.3104 155.8994 1172.2938 198.2786 1.8130 0.6237 1.7263 23.1555 1.0874 31.1979 -6.2617 0.0539
Cyclist -1 -1 -7.0920 928.0250 165.5075 995.0812 230.5692 1.7832 0.6456 1.8023 9.8895 1.5815 20.3977 -6.6468 0.0536
Pedestrian -1 -1 -7.7712 775.9689 181.1474 787.5340 209.7062 1.6612 0.6282 0.4516 10.0725 2.1526 42.4634 -7.5404 0.0516
Cyclist -1 -1 -7.7522 138.1983 173.8673 155.7975 212.1655 1.7357 0.5167 1.6994 -21.6063 1.7839 33.6228 -8.3200 0.0505
Cyclist -1 -1 -7.9218 151.5025 172.6471 167.6397 212.1357 1.7888 0.5240 1.7243 -20.9839 1.7791 33.5373 -8.4775 0.0501
Car -1 -1 -7.9518 640.6514 183.0604 676.6104 211.7385 1.5122 1.6535 4.2273 2.7226 2.1321 41.7097 -7.8877 0.9441
Car -1 -1 -2.8100 209.7895 192.4157 416.5674 263.1172 1.4254 1.5857 3.9176 -6.4773 1.8811 15.9276 -3.1910 0.9244
Car -1 -1 -6.1122 448.2731 185.1881 532.0782 216.2614 1.4811 1.5691 3.8949 -5.9450 2.1069 35.8253 -6.2760 0.5741
Car -1 -1 -2.7456 236.0449 188.3797 413.5530 253.3562 1.5447 1.6005 3.8974 -7.2356 1.9588 18.4100 -3.1157 0.5574
Car -1 -1 -6.0577 417.7125 184.3620 511.7759 221.6907 1.5592 1.5901 3.7668 -6.3378 2.0750 31.5093 -6.2551 0.4553
Car -1 -1 -3.3129 734.0649 180.9644 814.4244 207.4558 1.5353 1.6811 4.4815 9.7784 2.0329 43.3458 -3.0930 0.4016
Car -1 -1 -6.1483 375.8688 189.0124 503.0725 232.5520 1.4512 1.5776 4.2449 -6.0489 2.0499 25.7645 -6.3772 0.3609
Car -1 -1 -3.0786 487.2281 179.8813 550.6194 205.7602 1.7313 1.7329 4.2412 -6.2749 2.2257 49.8070 -3.2037 0.3306
Car -1 -1 -8.3719 1124.7087 156.0243 1212.8127 196.3446 1.8434 1.7021 3.7952 26.9273 1.0736 34.9816 -7.7201 0.2586
Car -1 -1 -2.8882 408.7470 188.4696 515.3104 227.1915 1.4355 1.5791 3.8287 -5.8089 2.0681 28.3543 -3.0891 0.2239
Car -1 -1 -4.6478 403.0848 189.0780 463.8674 242.7726 1.4494 1.6031 4.1363 -5.5752 2.0144 22.9660 -4.8840 0.1985
Car -1 -1 -3.7497 1089.6971 161.3828 1200.6700 197.7597 1.5657 1.6193 3.6808 23.5590 1.0717 31.9083 -3.1183 0.1826
Car -1 -1 -8.2559 1034.9594 167.8488 1103.7040 200.7660 1.5262 1.5890 3.4639 22.3370 1.2938 35.2890 -7.6956 0.1571
Car -1 -1 -4.8626 301.2152 172.8836 345.8758 202.2243 1.5352 1.7131 4.0301 -15.9310 1.5367 39.9307 -5.2402 0.1378
Car -1 -1 -7.0339 987.3816 168.0478 1175.8473 229.9501 1.4804 1.5844 4.0504 11.9252 1.3652 18.4045 -6.4666 0.1242
Car -1 -1 -4.7105 789.5007 188.2802 882.0048 276.0447 1.4774 1.6082 4.0721 4.6322 1.8464 15.0943 -4.4192 0.1127
Car -1 -1 -7.7715 136.2511 177.3299 175.6777 206.0400 1.5707 1.6341 3.8035 -26.5237 1.8448 42.1823 -8.3301 0.0902
Car -1 -1 -4.1635 304.2516 190.4921 419.7899 243.4580 1.4138 1.5863 3.9945 -7.7419 2.0228 22.7985 -4.4879 0.0747
Car -1 -1 -6.1107 465.5422 181.3060 543.3624 213.5289 1.6498 1.7356 3.8518 -5.6041 2.1094 38.3456 -6.2554 0.0606
Car -1 -1 -5.8164 214.7726 173.1531 310.8836 206.9056 1.5107 1.6247 3.6402 -15.9463 1.5245 33.1616 -6.2617 0.0544
Car -1 -1 -7.6265 204.6598 175.8612 252.9632 203.4885 1.5029 1.6478 3.8026 -22.0212 1.6851 41.7434 -8.1095 0.0509
