Pedestrian -1 -1 -5.7841 461.0354 170.6103 518.4056 284.3019 1.8202 0.5446 0.7696 -2.0392 1.7840 11.9350 -5.9508 0.0776
Car -1 -1 -8.0919 952.4111 163.8941 985.9703 187.6685 2.1909 1.8000 4.7037 34.2633 1.3649 68.9843 -7.6328 0.0605
Car -1 -1 -4.0198 0.0000 196.8191 97.8913 244.8786 1.4189 1.6940 3.9822 -20.3026 2.3262 25.3153 -4.6908 0.0557
Car -1 -1 -4.7966 641.1260 186.1026 669.3644 210.0638 1.5623 1.6514 4.2190 3.1595 2.5472 51.5275 -4.7364 0.0547
Car -1 -1 -7.2104 0.0000 199.3535 67.1490 244.3531 1.4873 1.8038 4.4413 -24.1848 2.6270 28.7774 -7.9049 0.0525
Car -1 -1 -4.4114 790.9566 180.8404 829.9477 204.8955 1.7099 1.6722 4.3099 15.3043 2.3441 55.0589 -4.1422 0.0513
Cyclist -1 -1 -8.2291 764.4868 177.0180 813.5325 253.6656 1.7433 0.5125 1.7983 4.2456 1.8489 17.4374 -7.9952 0.7683
Car -1 -1 -4.3868 362.7039 191.0486 401.9687 214.0926 1.5466 1.6220 3.8601 -16.8412 2.9431 53.4465 -4.6910 0.7859
Car -1 -1 -4.5518 648.9835 187.6369 693.5901 221.8554 1.5464 1.6309 4.1023 3.1317 2.3426 36.6858 -4.4681 0.1805
Car -1 -1 -4.7657 646.0096 186.2835 676.3482 213.7533 1.5559 1.6541 4.1757 3.1146 2.4327 45.0221 -4.6977 0.1538
Car -1 -1 -8.3752 1011.7336 186.3115 1241.0000 359.3394 1.5186 1.8444 4.6893 7.0353 1.7344 9.1487 -7.7360 0.1258
Car -1 -1 -4.7627 665.5421 186.5983 710.5270 227.7614 1.5839 1.7079 4.4319 3.2965 2.2272 31.5285 -4.6603 0.0691
Car -1 -1 -4.5388 495.0878 189.9875 530.2894 216.5730 1.4591 1.5078 3.6939 -5.9109 2.5456 43.8935 -4.6725 0.0614
