Pedestrian -1 -1 -3.0249 894.3860 172.3538 949.7878 279.0092 1.6645 0.5114 0.7743 4.9951 1.6564 11.6727 -2.6306 0.2293
Pedestrian -1 -1 -4.3410 140.5449 192.8202 208.4652 319.5669 1.3413 0.4528 0.6227 -4.9225 1.5743 8.0878 -4.8737 0.1296
Pedestrian -1 -1 -4.7035 443.7875 163.0462 464.2690 221.2493 1.8147 0.6260 0.8256 -5.0079 1.5086 22.9648 -4.9163 0.1184
Cyclist -1 -1 -2.7098 515.5271 157.4672 548.3877 190.8555 1.8948 0.6318 1.7793 -4.5284 1.0213 41.5305 -2.8180 0.0707
Pedestrian -1 -1 -5.2251 1099.6945 149.0585 1166.8157 269.6434 1.9158 0.6175 0.7108 8.5188 1.5374 11.8472 -4.6141 0.0665
Car -1 -1 -6.1033 698.6160 170.6656 767.3465 195.8074 1.5202 1.6264 4.0081 7.6518 1.3876 45.0733 -5.9366 0.0560
Pedestrian -1 -1 -8.9324 1068.9423 168.0736 1165.8717 314.2865 1.7366 0.6013 0.8119 6.3066 1.6795 9.0694 -8.3408 0.0528
Pedestrian -1 -1 -3.6629 959.6357 166.2119 1015.0856 267.1892 1.7514 0.5278 0.6999 6.6290 1.6359 12.7969 -3.1951 0.0503
Pedestrian -1 -1 -5.0145 1161.7444 115.8261 1241.0000 374.0000 1.9531 0.6161 0.9613 4.9582 1.5342 5.8557 -4.3371 0.1685
Cyclist -1 -1 -7.6923 576.8943 173.1461 592.3715 211.1871 1.5561 0.4141 1.5151 -1.1013 1.5684 30.3046 -7.7289 0.1245
Pedestrian -1 -1 -8.6585 795.1651 171.0214 820.8594 221.8303 1.6899 0.6317 0.5554 6.6474 1.6287 24.3996 -8.3962 0.1056
Cyclist -1 -1 -5.4556 773.9837 170.9706 814.2886 221.0292 1.6847 0.5097 1.4413 6.3286 1.6211 25.0383 -5.2115 0.1052
Pedestrian -1 -1 -3.9674 924.8898 161.2990 970.2308 249.2291 1.7995 0.5743 0.6512 7.0339 1.5627 15.1573 -3.5410 0.1044
Pedestrian -1 -1 -5.3293 102.7508 159.6885 158.8270 258.6155 1.7491 0.6023 0.6248 -8.7826 1.5160 13.1520 -5.9090 0.0904
Pedestrian -1 -1 -7.4133 786.7213 170.4968 810.3859 219.9371 1.6885 0.6344 0.5205 6.4978 1.6077 25.0447 -7.1629 0.0740
Pedestrian -1 -1 -4.9506 769.7709 164.6023 805.6931 253.2247 1.7935 0.5460 0.7973 3.6326 1.6262 15.0025 -4.7184 0.0735
Pedestrian -1 -1 -4.4647 1110.9266 124.9596 1231.5182 374.0000 1.9309 0.6460 0.7923 4.6701 1.5604 6.0788 -3.8336 0.0718
Pedestrian -1 -1 -3.5516 899.1401 152.5201 941.6564 238.1034 1.9087 0.5863 0.7094 6.9900 1.4549 16.3896 -3.1555 0.0671
Pedestrian -1 -1 -7.8044 726.0271 159.5909 760.0631 250.3280 1.8186 0.6608 0.7377 2.7001 1.5525 14.8945 -7.6295 0.0668
Cyclist -1 -1 -7.5854 580.7870 170.2135 601.3459 210.1751 1.6413 0.4624 1.6012 -0.8327 1.5325 30.4670 -7.6131 0.0619
Cyclist -1 -1 -8.4419 779.7274 173.0904 818.6011 222.1814 1.6099 0.4627 1.5949 6.3577 1.6179 24.4999 -8.1915 0.0576
Cyclist -1 -1 -7.6731 588.4496 171.2425 603.1691 205.4374 1.6458 0.4515 1.5764 -0.7319 1.5679 35.5418 -7.6941 0.0562
Pedestrian -1 -1 -4.8025 974.5049 152.7927 1014.6620 249.9680 1.9267 0.6476 0.8033 7.8217 1.5287 14.8002 -4.3252 0.0551
Pedestrian -1 -1 -5.2531 83.1734 169.0672 137.1034 266.0172 1.6502 0.5809 0.5460 -8.8188 1.5854 12.6592 -5.8519 0.0504
Car -1 -1 -7.9994 701.9998 164.7992 798.0714 252.3236 1.7933 1.6094 3.6787 3.0549 1.6279 16.6477 -7.8219 0.9559
Car -1 -1 -2.7610 134.1713 179.4006 415.7639 267.8787 1.4541 1.6410 4.2622 -5.8655 1.5790 12.8949 -3.1807 0.9359
Car -1 -1 -4.5159 445.8742 161.1179 551.2056 250.6082 1.8508 1.6570 4.1414 -2.5349 1.6078 17.0320 -4.6622 0.9062
Car -1 -1 -4.6712 535.0313 175.9068 580.7157 220.1235 1.4344 1.4623 3.6094 -1.8300 1.5497 25.4855 -4.7428 0.8066
Car -1 -1 -6.5493 599.3225 169.7273 654.3801 192.9957 1.5072 1.5601 3.3607 1.0724 1.3043 47.8994 -6.5274 0.6408
Car -1 -1 -4.6033 569.1465 168.9646 608.7886 201.6886 1.5881 1.6154 3.9593 -1.0672 1.3990 37.0538 -4.6323 0.3402
Car -1 -1 -4.5902 547.4366 170.6030 595.4617 209.8682 1.6128 1.6300 4.0113 -1.6715 1.5200 31.6937 -4.6430 0.3271
Car -1 -1 -6.2665 669.9627 174.3643 717.6370 192.3789 1.5798 1.6408 4.1830 7.4768 1.7169 64.5445 -6.1521 0.1582
Car -1 -1 -2.5956 247.3059 182.2566 422.1240 248.4814 1.4141 1.5134 3.5292 -6.4040 1.6465 16.7817 -2.9554 0.0961
