Car -1 -1 -8.2290 615.3552 176.1358 648.9280 195.5701 1.7845 1.7305 4.3980 2.0690 2.1107 69.4129 -8.1997 0.0765
Car -1 -1 -4.7688 592.3941 178.2303 612.5844 196.3012 1.6661 1.7158 4.2249 -0.7765 2.2033 69.9770 -4.7802 0.0674
Pedestrian -1 -1 -6.6632 778.9878 174.7334 792.3357 199.5869 1.8356 0.5886 0.8032 13.0400 1.9761 53.6921 -6.4266 0.0599
Car -1 -1 -4.5443 355.2484 183.8724 393.8118 209.2960 1.5624 1.7564 4.3943 -15.8437 2.3400 48.6379 -4.8580 0.0576
Car -1 -1 -7.3891 1208.7095 143.9005 1241.0000 374.0000 1.5151 1.6039 3.9566 5.1994 1.4244 3.3310 -6.4277 0.0553
Car -1 -1 -4.1255 1182.7305 123.8194 1241.0000 374.0000 1.6229 1.6407 4.2472 6.6781 1.3444 5.1088 -3.2353 0.0545
Car -1 -1 -7.3091 253.2806 181.0121 329.9848 215.7216 1.6436 1.7423 4.1167 -16.4109 2.0898 37.3357 -7.7210 0.0545
Car -1 -1 -4.6861 759.6831 175.1833 780.9021 197.7597 1.8082 1.6379 3.7959 13.3833 2.0089 60.2488 -4.4690 0.0514
Pedestrian -1 -1 -7.9728 1060.4028 169.3511 1085.0013 220.8534 1.8533 0.6857 0.6102 16.8680 1.7269 26.3870 -7.4096 0.0501
Pedestrian -1 -1 -6.4297 833.8201 175.9064 850.9877 203.1602 1.7088 0.6527 0.9484 14.6896 1.9036 45.7275 -6.1212 0.0997
Pedestrian -1 -1 -6.4714 736.9529 177.2360 755.2428 221.6677 1.7361 0.6775 0.5934 5.3458 1.9116 28.6009 -6.2892 0.0714
Cyclist -1 -1 -3.8345 730.1993 175.6811 771.1701 222.2325 1.8184 0.5752 1.6197 5.5956 1.9339 28.9064 -3.6459 0.0659
Cyclist -1 -1 -4.3237 724.1146 178.4094 750.1714 222.5248 1.7099 0.5084 1.4857 5.0610 1.9381 28.9230 -4.1529 0.0594
Pedestrian -1 -1 -3.7770 736.1405 179.0454 754.5250 220.2999 1.6261 0.5474 0.4947 5.3744 1.8768 28.9005 -3.5957 0.0558
Car -1 -1 -4.2605 196.7592 191.7322 291.0380 237.2505 1.3750 1.5069 3.5517 -12.6460 2.0771 25.0611 -4.7239 0.9713
Car -1 -1 -7.8502 598.5269 179.8358 626.7275 206.4046 1.5596 1.6995 4.2605 0.1358 2.0214 45.6136 -7.8478 0.8148
Car -1 -1 -4.4299 568.3280 179.8843 595.5733 196.4837 1.5277 1.6500 3.8263 -2.7170 2.2314 70.2017 -4.4689 0.1398
Car -1 -1 -7.0743 833.5122 177.1202 897.3278 202.0862 1.5287 1.6233 3.8548 16.3584 1.8114 46.2921 -6.7371 0.1326
Car -1 -1 -4.8387 824.6176 179.2679 928.3976 260.2048 1.5160 1.6091 3.7997 5.6605 1.6747 15.8616 -4.5026 0.1202
Car -1 -1 -4.6805 474.7844 181.4866 493.5853 199.5266 1.5007 1.5212 3.7911 -11.1404 2.2887 63.9045 -4.8527 0.1013
Car -1 -1 -4.5103 560.2926 176.6971 593.0115 200.7861 1.7327 1.6569 4.3087 -2.5195 2.0367 54.8755 -4.5564 0.0890
Car -1 -1 -5.2246 719.2531 179.7441 768.6047 201.4722 1.4925 1.6920 4.2850 9.8080 2.0233 53.3222 -5.0441 0.0882
Car -1 -1 -4.3730 274.0150 188.3048 327.1324 216.7172 1.5457 1.6297 4.2649 -18.7395 2.5300 43.8023 -4.7754 0.0663
Car -1 -1 -8.3848 929.7988 179.0520 1001.3050 211.4391 1.5735 1.6131 3.8542 18.4955 1.9149 37.7998 -7.9333 0.0620
