Pedestrian -1 -1 -5.6947 92.1755 147.4201 224.9608 332.9129 1.8576 0.5787 1.0279 -4.6975 1.5268 7.3922 -6.2398 0.8915
Pedestrian -1 -1 -8.0668 838.2100 168.8763 870.0233 233.2354 1.5855 0.6125 0.7226 6.2258 1.2995 17.8136 -7.7344 0.1660
Car -1 -1 -3.1196 584.3113 172.1702 693.4403 210.6820 1.5335 1.6762 4.3648 1.3754 1.2021 29.1437 -3.0712 0.0856
Pedestrian -1 -1 -4.9274 1017.6568 208.2203 1101.4988 369.0000 1.2612 0.4000 0.5384 3.2851 1.4792 5.2291 -4.3914 0.0824
Car -1 -1 -2.3209 0.0000 184.3423 120.0354 227.1367 1.4525 1.6640 4.4405 -20.0861 1.5970 25.3808 -2.9826 0.0816
Cyclist -1 -1 -7.7392 596.8576 148.7379 605.1252 172.0755 1.6515 0.4199 1.5973 -0.2850 -0.6226 51.4406 -7.7426 0.0733
Pedestrian -1 -1 -4.7673 28.3318 167.4784 67.5193 255.4280 1.7303 0.5940 0.7306 -11.3786 1.4744 14.3806 -5.4241 0.0611
Pedestrian -1 -1 -4.1476 371.4012 201.0155 411.4571 274.6813 1.1203 0.3663 0.5597 -3.4420 1.4564 11.2499 -4.4349 0.0589
Pedestrian -1 -1 -4.6863 266.2274 201.5481 294.5329 286.4153 1.1569 0.3505 0.4280 -4.6534 1.4639 10.0344 -5.1067 0.0578
Car -1 -1 -4.5027 566.7360 143.7632 600.9724 169.4224 1.7158 1.6799 3.9818 -1.4861 -0.8355 51.2138 -4.5294 0.0561
Pedestrian -1 -1 -6.2576 1155.4032 164.5807 1185.2156 237.4139 1.8426 0.6693 0.5924 14.6196 1.4402 18.3345 -5.5914 0.0528
Car -1 -1 -4.3070 484.0995 168.7387 583.7774 229.9239 1.6771 1.6379 3.7677 -2.0815 1.3550 21.4246 -4.4007 0.0523
Pedestrian -1 -1 -5.0442 1173.8048 167.4560 1223.0000 267.7974 1.6436 0.5641 0.7297 10.1138 1.4303 12.0215 -4.3562 0.2468
Cyclist -1 -1 -7.7196 500.4257 166.3523 548.4447 264.3551 1.6751 0.6353 1.8276 -1.4991 1.4336 13.0062 -7.8298 0.1432
Pedestrian -1 -1 -4.5994 849.3200 152.7859 890.6331 261.9773 1.8551 0.6087 0.7581 4.6374 1.3847 12.4876 -4.2503 0.1341
Cyclist -1 -1 -3.9579 24.6749 158.0518 137.6065 266.0638 1.8237 0.5877 1.7670 -9.5037 1.4451 12.8526 -4.5810 0.1315
Pedestrian -1 -1 -7.6886 1085.7397 154.1989 1135.7827 268.6158 1.7925 0.5666 0.6846 8.1923 1.3809 11.5200 -7.0818 0.1302
Pedestrian -1 -1 -4.1826 874.3041 194.1004 922.6282 284.7898 1.2665 0.4777 0.4764 4.2261 1.4716 10.3091 -3.8026 0.1243
Pedestrian -1 -1 -4.7828 690.1882 170.6681 721.8344 253.0915 1.6445 0.5843 0.7928 2.0196 1.4487 14.5223 -4.6459 0.1221
Cyclist -1 -1 -6.3296 659.8802 143.1183 691.7635 175.0340 1.7776 0.6427 1.7608 3.9729 -0.3110 39.8756 -6.2290 0.1188
Pedestrian -1 -1 -4.0267 853.6030 160.3667 911.4474 265.8074 1.7197 0.6035 0.7043 4.6451 1.3917 11.9686 -3.6636 0.1045
Pedestrian -1 -1 -6.3857 1130.6201 140.9220 1200.5732 264.0812 1.9301 0.5980 0.8300 9.0867 1.3102 11.5527 -5.7309 0.1012
Cyclist -1 -1 -8.2486 859.0491 177.5140 943.0789 286.5914 1.4971 0.5268 1.6787 4.3161 1.4566 10.5479 -7.8689 0.0998
Pedestrian -1 -1 -8.0813 547.0401 158.6256 578.5279 234.5381 1.8456 0.6367 0.7220 -1.1000 1.3141 17.6265 -8.1407 0.0990
Pedestrian -1 -1 -7.7908 64.3785 165.8245 107.4871 264.5173 1.7438 0.5933 0.5726 -9.5007 1.4849 12.8927 -8.4123 0.0811
Pedestrian -1 -1 -7.4883 662.5715 144.7039 678.8455 176.8347 1.7724 0.6833 0.7537 3.6694 -0.2077 39.6038 -7.3945 0.0791
Pedestrian -1 -1 -5.0904 775.3640 166.8837 825.6365 266.1503 1.6710 0.5994 0.7629 3.3445 1.4422 12.3161 -4.8300 0.0756
Pedestrian -1 -1 -7.5984 1012.7712 172.2601 1058.7870 272.4787 1.6295 0.5396 0.5704 7.1946 1.4960 11.8890 -7.0643 0.0754
Pedestrian -1 -1 -4.3050 874.1622 200.6099 915.1880 280.8737 1.1457 0.4333 0.4335 4.2724 1.4550 10.5527 -3.9290 0.0744
Pedestrian -1 -1 -3.3550 817.4956 173.3716 861.8591 252.9592 1.5520 0.5064 0.7443 4.6166 1.4133 14.0764 -3.0431 0.0725
Pedestrian -1 -1 -7.7036 882.7056 158.2545 927.8025 264.1837 1.7151 0.6072 0.7053 5.0117 1.3553 11.9067 -7.3129 0.0675
Pedestrian -1 -1 -6.1330 190.4724 158.2441 233.7083 250.6352 1.7897 0.5664 0.6718 -7.8574 1.3590 14.0770 -6.6307 0.0666
Pedestrian -1 -1 -4.7237 450.1795 162.9856 481.4331 248.1415 1.7548 0.6349 0.8211 -3.0079 1.3942 15.0360 -4.9153 0.0652
Pedestrian -1 -1 -5.3855 900.2816 184.5639 949.1586 269.9741 1.3110 0.4697 0.5396 5.0095 1.3776 11.2045 -4.9739 0.0652
Cyclist -1 -1 -7.9022 494.3701 163.3185 529.4926 262.0981 1.7217 0.5661 1.7450 -1.8094 1.4226 13.2325 -8.0331 0.0616
Cyclist -1 -1 -4.6812 669.8394 143.9011 679.6296 175.2937 1.7210 0.4982 1.6717 3.9288 -0.3001 39.9098 -4.5817 0.0606
Cyclist -1 -1 -8.9239 1117.4523 153.4937 1223.0000 260.3665 1.7064 0.5551 1.7291 9.8807 1.2756 12.1935 -8.2539 0.0600
Pedestrian -1 -1 -4.2705 99.9811 171.1854 149.3709 259.7837 1.6423 0.5461 0.6585 -9.1859 1.4700 13.4711 -4.8562 0.0594
Pedestrian -1 -1 -5.8302 566.8134 158.8325 618.1011 247.6708 1.7938 0.5110 0.9376 -0.3052 1.3566 14.7054 -5.8487 0.0594
Pedestrian -1 -1 -7.7298 264.4450 164.9328 304.8207 257.2923 1.7336 0.6064 0.8840 -6.2771 1.4418 13.7824 -8.1467 0.0580
Pedestrian -1 -1 -7.7496 1068.5640 155.6289 1114.5428 268.6735 1.7743 0.5605 0.6614 7.8878 1.3843 11.5312 -7.1608 0.0579
Pedestrian -1 -1 -5.5506 628.8527 169.9777 681.4614 262.2182 1.6211 0.5345 0.8061 0.8634 1.4366 12.9016 -5.4837 0.0566
Pedestrian -1 -1 -7.6598 520.8883 162.3299 560.1161 259.3822 1.7123 0.5681 0.8077 -1.2149 1.3921 12.9061 -7.7496 0.0539
Cyclist -1 -1 -3.5459 838.9948 169.7331 970.8674 273.5934 1.5960 0.6903 1.8017 4.6812 1.4309 11.2260 -3.1591 0.0536
Cyclist -1 -1 -8.0806 953.9382 169.5918 1019.1464 280.2231 1.6007 0.4741 1.8502 5.9415 1.4433 11.1851 -7.6023 0.0535
Cyclist -1 -1 -3.8657 820.7658 164.0971 930.0299 265.2118 1.6552 0.6798 1.7604 4.6201 1.3871 12.2085 -3.5108 0.0529
Pedestrian -1 -1 -2.8385 895.5020 161.9093 939.4949 262.3847 1.6713 0.5715 0.5507 5.3253 1.3624 12.1570 -2.4334 0.0525
Pedestrian -1 -1 -5.0602 221.7235 166.2870 263.3623 253.2585 1.6867 0.5740 0.5980 -7.2879 1.4114 14.1263 -5.5255 0.0517
Cyclist -1 -1 -3.5753 851.3464 162.9869 981.4789 266.9824 1.6946 0.6960 1.8883 5.1626 1.4096 11.8996 -3.1740 0.0510
Pedestrian -1 -1 -4.6124 400.2956 164.7364 433.5043 247.5679 1.7224 0.6040 0.8488 -4.0694 1.3950 15.1682 -4.8674 0.0510
Pedestrian -1 -1 -7.8109 612.4742 160.7482 639.6107 235.0378 1.8135 0.6455 0.8226 0.4923 1.3317 17.6936 -7.7818 0.0509
Cyclist -1 -1 -3.7885 899.3429 171.9927 1040.0267 278.4922 1.5681 0.7726 1.8548 5.5825 1.4432 10.9613 -3.3275 0.0507
Pedestrian -1 -1 -8.4345 942.3427 163.1275 995.5527 267.6456 1.6685 0.5502 0.5717 5.9137 1.3916 11.6035 -7.9725 0.0505
Pedestrian -1 -1 -8.3443 898.7352 159.9417 953.2169 267.1434 1.7182 0.5819 0.6400 5.2386 1.3891 11.6739 -7.9309 0.0503
Car -1 -1 -7.9450 662.0346 145.8425 696.4106 174.3789 1.5562 1.6543 3.7762 4.2753 -0.3737 41.2723 -7.8404 0.2016
Car -1 -1 -7.7097 761.0424 175.7326 860.3614 252.8088 1.4900 1.6019 3.7491 4.6217 1.3982 15.7065 -7.4273 0.0690
Car -1 -1 -7.7210 692.5739 144.8179 730.2690 173.3588 1.5063 1.6295 3.8899 6.1214 -0.4297 40.4606 -7.5698 0.0519
