Pedestrian -1 -1 -4.1012 544.3803 167.6757 560.4567 199.0681 2.0162 0.5861 0.9804 -3.7743 1.6833 46.9125 -4.1814 0.1495
Pedestrian -1 -1 -7.8992 696.4921 160.0302 715.7656 212.6166 1.9723 0.6956 0.6189 3.6003 1.4910 27.3987 -7.7705 0.1012
Cyclist -1 -1 -6.4243 414.4523 176.3966 451.2510 211.7596 1.7761 0.7261 1.7497 -9.1325 1.9609 37.0352 -6.6649 0.0731
Pedestrian -1 -1 -3.6362 948.2392 141.3572 1005.5795 268.6652 1.9371 0.5991 0.5807 5.6742 1.4575 11.2897 -3.1816 0.0731
Car -1 -1 -4.4629 374.5699 183.4433 443.1535 225.0751 1.4582 1.6187 4.1422 -7.8680 1.9056 28.4195 -4.7311 0.0631
Pedestrian -1 -1 -3.3328 840.3923 151.7389 888.5763 245.5495 1.8483 0.5415 0.8234 5.0643 1.4320 14.5406 -3.0046 0.0580
Pedestrian -1 -1 -5.9382 366.2029 171.7308 382.8032 209.3706 2.0091 0.6239 0.6784 -12.7102 1.9488 38.8355 -6.2529 0.0575
Cyclist -1 -1 -2.8301 600.1219 177.2768 625.6087 204.8666 1.7229 0.5955 1.5058 0.1483 2.0062 45.7403 -2.8274 0.0540
Cyclist -1 -1 -4.7758 451.1550 175.0324 476.0593 239.2624 1.7431 0.5830 1.7539 -4.2356 1.8077 20.5664 -4.9770 0.8752
Cyclist -1 -1 -4.7985 414.8755 177.0582 444.5167 247.9412 1.7132 0.5900 1.6892 -4.6733 1.8256 18.4403 -5.0440 0.8380
Pedestrian -1 -1 -6.3283 403.9410 174.9381 415.9822 202.5046 1.8147 0.5946 0.7453 -13.3302 1.9541 47.9582 -6.5983 0.1523
Cyclist -1 -1 -6.3808 415.5758 177.7864 450.7804 212.6646 1.7634 0.7011 1.7059 -9.1735 2.0221 37.2675 -6.6210 0.0711
Cyclist -1 -1 -5.0440 1104.7328 163.1320 1241.0000 348.0595 1.6565 0.5566 1.7611 5.6455 1.5691 7.3867 -4.4113 0.0656
Pedestrian -1 -1 -3.2827 1097.0234 180.7337 1155.7272 321.1553 1.4899 0.5339 0.4495 5.6772 1.5810 8.0321 -2.6854 0.0562
Pedestrian -1 -1 -8.1058 667.6766 172.1252 684.1556 210.7171 1.7580 0.6272 0.5880 2.9892 1.7245 33.2089 -8.0174 0.0512
Car -1 -1 -8.1253 666.5721 176.9066 782.2209 259.8050 1.5096 1.5104 3.2887 2.2080 1.6034 15.0360 -7.9833 0.9622
Car -1 -1 -5.1960 803.9725 180.3089 1241.0000 374.0000 1.4850 1.6565 3.8746 2.9495 1.5661 5.9072 -4.7538 0.9589
Car -1 -1 -7.9940 559.4772 177.4814 605.4417 213.2849 1.5606 1.6346 3.8153 -1.3941 1.7913 33.9966 -8.0352 0.9551
Car -1 -1 -7.7710 324.6870 188.7429 405.9664 257.3633 1.4063 1.5662 3.5303 -5.9014 1.8347 17.5671 -8.0912 0.9180
Car -1 -1 -8.1301 607.0231 174.6886 692.6202 233.0414 1.6067 1.6172 3.7523 1.0682 1.6675 22.0042 -8.0830 0.8923
Car -1 -1 -7.9268 539.3057 178.7074 568.0206 204.9218 1.5033 1.4940 3.4046 -3.5001 1.8743 43.9753 -8.0063 0.6615
Car -1 -1 -7.7622 413.8045 183.1853 451.6926 212.6082 1.4417 1.6218 4.0006 -9.5458 2.0288 38.9260 -8.0016 0.5770
Car -1 -1 -4.6820 359.3808 183.7155 419.1741 238.5460 1.5019 1.6501 3.8941 -6.9112 1.8746 22.6878 -4.9750 0.4756
Car -1 -1 -7.0492 1085.0182 183.3313 1241.0000 345.3300 1.3915 1.5982 3.9639 7.1253 1.5060 7.1005 -6.2831 0.3313
Car -1 -1 -8.7480 0.0000 0.0000 1241.0000 374.0000 1.4658 1.5781 3.6965 2.7380 1.5999 1.4424 -7.7439 0.3065
Car -1 -1 -8.1319 626.8442 176.8072 682.0450 210.8562 1.5250 1.6084 4.0315 2.0438 1.7279 34.9559 -8.0745 0.2910
Car -1 -1 -7.6964 391.0998 175.3445 424.3497 201.2633 1.7001 1.6117 3.9091 -13.9328 1.8786 49.7537 -7.9684 0.2829
Car -1 -1 -7.7960 522.9358 178.2334 544.6794 198.1830 1.5643 1.5756 3.6153 -6.2720 2.0207 59.4134 -7.9011 0.1391
Car -1 -1 -5.3689 603.0303 177.3325 672.9626 206.3695 1.4709 1.6015 4.1538 1.4302 1.7284 39.3705 -5.3334 0.0628
