Cyclist -1 -1 -8.0209 565.9688 173.2024 625.1709 272.6830 1.7070 0.8004 1.7535 -0.3526 1.7136 13.3249 -8.0481 0.9399
Cyclist -1 -1 -4.7791 509.4984 171.3386 523.3434 205.7099 1.8227 0.6242 1.8144 -5.1318 1.7420 39.2126 -4.9089 0.6880
Pedestrian -1 -1 -4.1136 323.1950 171.5076 361.7101 235.8813 1.8879 0.6773 0.9332 -8.0837 1.8481 21.6952 -4.4667 0.4677
Pedestrian -1 -1 -7.9509 681.2753 167.0610 695.1334 203.3245 1.8359 0.6355 0.7218 3.9555 1.5423 36.8923 -7.8454 0.3496
Car -1 -1 -7.9931 609.4647 175.3879 648.3770 206.4190 1.5340 1.5499 3.5528 0.9076 1.6730 37.8244 -7.9698 0.2086
Pedestrian -1 -1 -5.4104 401.6236 162.7540 413.4058 186.8957 1.8759 0.4748 0.8162 -15.8819 1.0908 56.4940 -5.6834 0.1117
Pedestrian -1 -1 -4.5107 905.5530 190.8260 967.2809 336.5581 1.3465 0.4701 0.5080 3.1546 1.5315 7.0939 -4.1087 0.0839
Car -1 -1 -4.7031 574.9499 176.3202 618.8658 219.0082 1.5873 1.6543 4.2333 -0.5603 1.7380 29.2996 -4.7227 0.0714
Car -1 -1 -7.7106 325.7877 172.0583 368.2592 202.6773 1.5862 1.6568 3.7194 -14.3277 1.5447 39.3674 -8.0577 0.0668
Cyclist -1 -1 -8.0988 694.8225 168.7454 708.8839 202.2736 1.6936 0.3409 1.5869 4.6957 1.4857 37.2543 -7.9748 0.0619
Car -1 -1 -4.5988 594.9113 172.2641 620.9323 193.7459 1.5916 1.5743 3.8798 -0.1549 1.5476 55.4750 -4.6020 0.0582
Pedestrian -1 -1 -4.2486 76.8289 170.6773 127.1409 274.6415 1.8211 0.5219 0.6062 -9.1784 1.7826 12.9758 -4.8549 0.0571
Pedestrian -1 -1 -4.6003 371.7715 167.5965 382.8315 196.9077 1.8208 0.6129 0.4367 -14.5760 1.4939 45.0956 -4.9115 0.0571
Pedestrian -1 -1 -3.4332 756.2221 162.2242 779.2571 218.7831 1.9189 0.6592 0.6080 5.3772 1.5580 24.8336 -3.2230 0.0523
Pedestrian -1 -1 -6.2636 161.1689 164.4328 181.9209 223.4473 1.8412 0.5723 0.5501 -13.9565 1.5782 22.8971 -6.8061 0.0500
Pedestrian -1 -1 -5.1412 1079.2281 147.1657 1179.8510 317.5805 1.7581 0.6183 0.7632 5.5811 1.4928 7.8722 -4.5426 0.7711
Pedestrian -1 -1 -4.6524 74.3059 164.8117 96.0067 221.4872 1.7915 0.5314 0.5250 -16.8977 1.5370 23.1720 -5.2772 0.4357
Pedestrian -1 -1 -7.9838 378.5937 170.6126 393.0814 207.2583 1.9227 0.6532 0.6707 -11.9384 1.8048 38.2973 -8.2843 0.2319
Cyclist -1 -1 -7.9194 774.6008 173.7664 796.8052 227.5103 1.5877 0.5475 1.6225 5.3418 1.6165 22.1895 -7.6869 0.2037
Pedestrian -1 -1 -4.3629 1156.7769 132.4523 1241.0000 315.3649 1.8460 0.6313 0.7373 6.3472 1.4379 7.7442 -3.6953 0.1907
Pedestrian -1 -1 -3.7404 387.4171 172.0080 399.8450 207.9233 1.8254 0.4765 0.4137 -11.1299 1.7821 36.9837 -4.0311 0.1414
Pedestrian -1 -1 -7.6535 333.7084 166.1082 359.0524 219.4632 1.9305 0.7334 0.7871 -9.7386 1.6862 26.5506 -8.0022 0.1292
Pedestrian -1 -1 -5.2688 319.4021 166.5045 344.9939 224.5550 1.8877 0.5974 0.5356 -9.2339 1.6809 23.8631 -5.6347 0.1235
Cyclist -1 -1 -4.7887 163.8439 176.7298 189.9769 234.8302 1.6588 0.5500 1.6402 -12.9868 1.7786 21.5392 -5.3261 0.1219
Pedestrian -1 -1 -3.5050 1125.6904 134.6441 1241.0000 311.6295 1.8711 0.5879 0.9228 6.3438 1.4668 8.0403 -2.8552 0.1011
Pedestrian -1 -1 -4.9819 77.8032 166.0522 104.5841 223.7949 1.8201 0.5978 0.4571 -16.6697 1.6054 23.1190 -5.6013 0.0909
Pedestrian -1 -1 -5.4077 230.9109 173.1756 255.6223 234.3147 1.8043 0.5537 0.3669 -11.0367 1.8138 21.6241 -5.8750 0.0856
Pedestrian -1 -1 -2.7811 555.9110 172.6827 572.7858 203.0038 1.7146 0.4418 0.8598 -2.6388 1.7046 41.1374 -2.8452 0.0771
Cyclist -1 -1 -4.8725 785.1018 166.4065 815.5312 226.2362 1.7346 0.6116 1.7138 5.6828 1.5474 21.8004 -4.6215 0.0760
Cyclist -1 -1 -5.2813 56.9166 161.5663 108.7147 219.0014 1.8065 0.5359 1.6718 -17.0377 1.4512 23.2504 -5.9083 0.0757
Cyclist -1 -1 -6.6703 761.6964 172.1146 827.6896 227.3956 1.6372 0.8088 1.7645 5.5433 1.6150 21.8956 -6.4263 0.0717
Cyclist -1 -1 -4.7022 152.7723 176.4052 176.0255 237.8828 1.7070 0.5524 1.6912 -13.0059 1.8144 21.0025 -5.2512 0.0708
Cyclist -1 -1 -7.5709 346.9513 176.5246 366.5944 208.4630 1.6370 0.5289 1.6767 -13.3742 1.8345 38.0301 -7.9072 0.0698
Pedestrian -1 -1 -3.4727 1112.3848 145.8080 1212.7313 302.7634 1.7430 0.4873 0.8040 6.3235 1.4423 8.3637 -2.8427 0.0696
Cyclist -1 -1 -8.2116 758.9485 175.9939 793.2802 230.2660 1.6049 0.4857 1.6226 5.0603 1.7051 22.2704 -7.9918 0.0678
Cyclist -1 -1 -7.7729 76.8153 166.4341 103.5635 222.8684 1.7253 0.5427 1.7636 -16.5687 1.5287 22.9549 -8.3928 0.0670
Pedestrian -1 -1 -7.7598 466.4753 171.6463 478.0494 202.1975 1.7859 0.6088 0.6889 -8.1558 1.7150 42.5503 -7.9484 0.0623
Cyclist -1 -1 -7.6282 615.7787 173.0802 633.6380 203.1912 1.6685 0.6657 1.6320 0.8047 1.6813 40.8678 -7.6092 0.0603
Cyclist -1 -1 -4.6370 382.5429 176.2985 395.0942 207.7913 1.6294 0.5165 1.6303 -11.7932 1.8163 38.3697 -4.9336 0.0598
Cyclist -1 -1 -5.6058 33.1609 160.1692 102.1176 219.6889 1.8395 0.6250 1.7211 -17.0560 1.4472 22.6442 -6.2458 0.0573
Cyclist -1 -1 -7.9928 765.8110 170.9176 790.4113 225.9812 1.6855 0.5113 1.7757 5.2936 1.6260 22.9931 -7.7700 0.0549
Pedestrian -1 -1 -3.1090 58.5417 165.0088 79.1844 223.2147 1.8330 0.6398 0.5065 -17.3886 1.5856 23.1291 -3.7482 0.0510
Car -1 -1 -8.1704 722.8132 172.7237 973.9167 339.9438 1.5857 1.6415 3.8271 2.5219 1.5841 8.7922 -7.9012 0.9734
Car -1 -1 -7.9808 639.8334 179.4181 719.7660 243.0900 1.4992 1.6265 3.7731 1.7144 1.6920 19.3030 -7.8945 0.9319
Car -1 -1 -8.0901 662.9667 178.2923 800.5592 273.2100 1.5327 1.6318 4.1692 2.1260 1.6545 14.0473 -7.9441 0.9164
Car -1 -1 -4.4684 275.1360 189.8839 395.7675 272.0509 1.4352 1.5251 3.6107 -5.7020 1.8394 15.2589 -4.8210 0.9153
Car -1 -1 -4.2731 46.8142 175.0265 333.8342 336.2806 1.7652 1.7074 4.2899 -5.5203 1.8020 10.1415 -4.7612 0.8980
Car -1 -1 -4.4862 348.1730 185.2549 429.7338 244.0152 1.4926 1.5179 3.3638 -6.3198 1.8793 20.7864 -4.7783 0.8782
Car -1 -1 -3.8331 0.0000 201.4512 141.1818 374.0000 1.4652 1.5508 3.9343 -5.5064 1.7455 5.0594 -4.6345 0.7380
Car -1 -1 -2.9764 391.8878 177.4922 474.4887 207.3468 1.5119 1.6286 3.9886 -9.2461 1.7607 37.7960 -3.2151 0.7220
Car -1 -1 -8.7193 0.0000 0.0000 1241.0000 374.0000 1.4661 1.5536 3.7677 2.7779 1.5892 1.6546 -7.7618 0.4484
Car -1 -1 -7.9927 626.6761 179.9265 692.7719 228.8808 1.4579 1.6336 4.0654 1.5291 1.7151 24.1808 -7.9311 0.3493
Car -1 -1 -7.8169 456.1445 175.5401 486.4625 203.0215 1.5952 1.6812 4.1852 -8.5445 1.7688 44.5087 -8.0058 0.2973
Car -1 -1 -2.6733 352.1237 181.7330 441.7870 215.5339 1.4466 1.5772 3.5510 -9.6262 1.8604 32.5541 -2.9590 0.2642
Car -1 -1 -7.7932 558.3356 168.7974 591.6879 200.8327 1.8227 1.7444 4.1649 -2.0801 1.5916 43.1459 -7.8416 0.2588
Car -1 -1 -8.0414 605.6161 174.3134 644.6549 201.5972 1.5089 1.5740 3.8819 0.8000 1.5980 42.1680 -8.0230 0.2306
Car -1 -1 -7.9992 617.4290 175.9825 665.0567 212.4720 1.5512 1.6230 3.8299 1.3271 1.7026 33.0046 -7.9599 0.2013
Car -1 -1 -4.5302 96.6112 183.7346 191.0674 242.8513 1.4654 1.5722 3.9152 -13.3310 1.8101 20.7713 -5.0952 0.1473
Car -1 -1 -6.6122 765.0781 174.6226 916.8113 225.7205 1.5116 1.6569 4.1496 7.0067 1.5682 22.2949 -6.3121 0.1310
Car -1 -1 -7.5820 481.5255 176.2532 523.6756 202.7444 1.5436 1.5962 3.8612 -6.6166 1.7627 44.5739 -7.7289 0.1176
Car -1 -1 -7.4150 1240.4547 140.5584 1241.0000 374.0000 1.5252 1.5832 4.0178 5.8404 1.4009 3.9196 -6.4697 0.0633
