Pedestrian -1 -1 -8.5710 537.9340 166.5756 590.9844 261.8678 1.7401 0.6776 0.7501 -0.7444 1.4681 13.6219 -8.6302 0.8599
Pedestrian -1 -1 -5.1955 713.2147 161.6813 755.9766 243.0350 1.8110 0.5954 0.9321 3.0149 1.3703 16.5252 -5.0232 0.6866
Pedestrian -1 -1 -4.0314 1031.1023 138.9015 1057.7461 200.0033 1.7836 0.5432 0.3961 13.0961 0.5406 21.2920 -3.4904 0.2044
Pedestrian -1 -1 -3.6315 453.0446 163.3122 475.9511 201.9592 1.9325 0.6758 0.9340 -6.9620 1.0233 36.4770 -3.8237 0.1286
Cyclist -1 -1 -8.2270 692.9194 160.3224 717.3402 202.3799 1.7559 0.4442 1.6807 4.4247 0.8721 30.8598 -8.0908 0.1247
Pedestrian -1 -1 -7.0553 707.6646 163.9988 718.1910 200.2066 1.8515 0.5060 0.2532 5.7356 0.9568 37.0120 -6.9076 0.1214
Pedestrian -1 -1 -3.2862 726.4495 158.4960 751.0846 210.8571 1.9224 0.5743 0.8199 5.0714 1.0782 26.6748 -3.1052 0.1206
Cyclist -1 -1 -7.9144 455.2166 174.6992 463.7178 199.9331 1.6155 0.4460 1.4947 -9.2407 1.1801 46.7675 -8.1134 0.1033
Car -1 -1 -4.5021 411.8713 177.9191 465.5443 212.5139 1.5187 1.6613 3.9796 -7.5354 1.3618 33.5361 -4.7265 0.0862
Cyclist -1 -1 -2.3942 323.5202 165.0234 360.1748 202.0851 1.8458 0.7050 1.7280 -13.1760 1.0254 36.4356 -2.7439 0.0835
Car -1 -1 -8.1790 844.4454 148.2515 914.9057 189.9159 1.5944 1.6043 3.5113 11.2307 0.3224 29.2697 -7.8205 0.0820
Cyclist -1 -1 -2.6626 310.7171 165.1419 352.7991 206.4192 1.8458 0.6283 1.6842 -12.2216 1.1146 32.5324 -3.0244 0.0801
Car -1 -1 -4.6528 92.6280 171.7500 138.7983 209.6105 1.7389 1.6374 4.1243 -23.7308 1.2914 35.1839 -5.2477 0.0773
Car -1 -1 -7.3084 0.0000 191.3627 61.4929 343.4037 1.5219 1.6170 3.8869 -9.1458 1.6817 9.5281 -8.0652 0.0694
Car -1 -1 -4.6767 82.6975 190.9470 141.9644 237.8851 1.4885 1.6154 3.9904 -17.4707 1.8554 25.7513 -5.2733 0.0670
Car -1 -1 -6.5878 606.5174 172.0707 670.4910 195.0788 1.5338 1.6584 4.0634 2.5364 0.9052 49.2068 -6.5415 0.0669
Pedestrian -1 -1 -4.6727 39.5148 162.7303 56.1118 201.1355 1.8966 0.6352 0.6096 -27.6775 0.9699 35.9060 -5.3307 0.0663
Pedestrian -1 -1 -2.3039 306.8907 167.7908 323.5656 215.7211 1.8588 0.5106 0.3415 -11.2400 1.3275 28.1626 -2.6856 0.0652
Pedestrian -1 -1 -4.7066 704.7057 181.6954 723.6753 228.7109 1.3313 0.5316 0.5663 3.2097 1.3374 20.6626 -4.5597 0.0644
Pedestrian -1 -1 -2.9385 732.6478 161.6293 753.8988 213.0320 1.8227 0.5204 0.6619 5.0792 1.1185 25.8383 -2.7514 0.0617
Pedestrian -1 -1 -7.5850 0.0000 182.0697 26.9402 230.6373 1.7462 0.6344 0.6876 -21.5450 1.7677 26.2796 -8.2720 0.0541
Pedestrian -1 -1 -4.8337 673.5867 181.6565 690.1094 223.6737 1.3304 0.4477 0.6404 2.5506 1.3359 23.0706 -4.7300 0.0536
Car -1 -1 -8.0024 651.8670 167.3480 685.3414 194.5386 1.6728 1.5932 3.6169 4.2699 0.8022 46.0473 -7.9154 0.0535
Pedestrian -1 -1 -7.8839 1152.4319 122.3974 1176.2219 179.2580 1.7205 0.5564 0.4811 17.2986 -0.0697 22.1212 -7.2308 0.0527
Car -1 -1 -6.7994 668.7183 173.9953 743.4875 201.2076 1.4306 1.5997 3.7373 5.7036 1.0362 39.1965 -6.6609 0.0526
Car -1 -1 -8.4250 1180.3870 105.0863 1237.0000 158.2274 1.5143 1.5894 3.9790 21.7997 -0.8571 24.3820 -7.7054 0.0504
Pedestrian -1 -1 -2.0343 182.6497 161.9079 297.9233 348.0481 1.7792 0.7111 0.9664 -3.7924 1.5927 7.4406 -2.4977 0.8461
Pedestrian -1 -1 -4.8991 869.6692 159.9585 965.5925 353.3260 1.6411 0.6397 0.8143 2.8036 1.4590 6.5583 -4.5152 0.8457
Pedestrian -1 -1 -8.1476 761.4471 162.6548 851.7824 355.0022 1.6586 0.5837 0.7680 1.8066 1.4968 6.5901 -7.8961 0.8417
Pedestrian -1 -1 -4.1671 1113.6414 146.9308 1204.2653 274.7449 1.8005 0.7017 0.8983 8.1808 1.3142 10.6131 -3.5276 0.7559
Pedestrian -1 -1 -4.1641 942.1409 150.5803 1000.9197 251.9176 1.7804 0.6269 0.8134 6.7059 1.2378 13.1027 -3.7044 0.6404
Pedestrian -1 -1 -5.0172 1023.8624 181.1347 1166.0460 373.0000 1.4908 0.7152 0.5038 3.4678 1.4891 5.1749 -4.4557 0.5752
Pedestrian -1 -1 -3.8457 484.6959 170.2084 517.7604 226.7902 1.7612 0.6978 0.7759 -3.2191 1.4102 22.8808 -3.9891 0.5416
Pedestrian -1 -1 -5.6469 993.3258 155.9836 1054.8052 276.0873 1.7226 0.5137 0.6012 6.2312 1.3573 10.6822 -5.1348 0.5401
Cyclist -1 -1 -4.4041 500.5963 171.0390 537.2591 229.6236 1.7348 0.6089 1.8326 -2.5612 1.4255 22.2286 -4.5228 0.5185
Pedestrian -1 -1 -6.1903 259.5636 172.9211 267.7347 196.9172 1.8518 0.6688 0.5178 -26.2357 1.1897 55.8388 -6.6327 0.4817
Pedestrian -1 -1 -3.4923 416.9222 169.9276 443.5933 220.3754 1.8312 0.6547 0.7805 -6.3545 1.4116 26.5643 -3.7300 0.4705
Pedestrian -1 -1 -7.6035 430.0934 170.3247 452.2233 220.8141 1.7907 0.6576 0.5646 -5.7696 1.3947 25.7677 -7.8268 0.4599
Pedestrian -1 -1 -2.5492 612.0255 170.2095 630.1432 199.6750 1.6547 0.4553 0.9322 1.1123 1.0208 40.7948 -2.5271 0.3798
Cyclist -1 -1 -4.6823 144.0858 173.4557 206.4674 334.7138 1.7091 0.5746 1.7996 -5.0762 1.6245 8.5408 -5.2111 0.3314
Pedestrian -1 -1 -7.9671 645.6538 163.6755 668.4304 220.8873 1.8465 0.6360 0.9631 1.7981 1.2717 23.6790 -7.8973 0.3029
Pedestrian -1 -1 -3.2109 1097.1714 161.5706 1143.2581 262.1574 1.6008 0.6642 0.5595 8.5070 1.2842 11.8603 -2.6043 0.2976
Pedestrian -1 -1 -3.9554 862.0629 157.2205 892.1469 211.4678 1.8447 0.6213 0.7600 9.5175 1.0195 24.8737 -3.5985 0.2617
Pedestrian -1 -1 -7.8255 1027.9359 148.4274 1062.8772 238.3223 1.7602 0.5882 0.6237 8.9133 1.1132 14.4866 -7.2871 0.2611
Pedestrian -1 -1 -4.9407 1178.7073 136.6432 1233.6707 239.4541 1.8296 0.6166 0.7238 11.0894 1.0319 13.2437 -4.2584 0.2439
Pedestrian -1 -1 -5.1940 918.1955 165.5425 971.8760 256.1954 1.5771 0.5950 0.7201 6.1010 1.3001 12.8720 -4.7645 0.2110
Pedestrian -1 -1 -3.7433 968.8422 153.9155 1021.3110 237.9626 1.7164 0.5915 0.7582 8.1748 1.1537 15.0076 -3.2571 0.1998
Pedestrian -1 -1 -7.6620 311.3867 185.2615 332.0377 229.5975 1.5067 0.5345 0.7610 -9.7178 1.6397 24.9051 -8.0358 0.1802
Pedestrian -1 -1 -7.6768 223.2533 170.0252 236.2130 199.4425 1.7628 0.5811 0.7215 -22.4922 1.0753 43.4776 -8.1567 0.1800
Pedestrian -1 -1 -5.9294 592.8807 166.6058 605.1560 190.1737 1.8546 0.5429 0.8379 -0.1696 0.6824 56.9250 -5.9373 0.1780
Pedestrian -1 -1 -2.8836 852.9769 159.1913 886.3547 227.4299 1.7597 0.5966 0.7013 7.0498 1.1849 18.9688 -2.5374 0.1639
Cyclist -1 -1 -4.5289 896.0925 158.4842 936.8522 238.1001 1.6186 0.5305 1.6531 6.7471 1.1513 15.4394 -4.1283 0.1461
Pedestrian -1 -1 -6.3504 259.9298 174.7458 265.5185 196.8871 1.7183 0.8096 0.3388 -26.4731 1.1940 56.1838 -6.7939 0.1425
Pedestrian -1 -1 -4.5866 262.7476 190.8016 286.5129 241.4073 1.4451 0.5580 0.6570 -9.6038 1.7233 21.0553 -5.0152 0.1307
Pedestrian -1 -1 -2.2949 296.7094 175.6224 326.7758 228.8936 1.6881 0.5315 0.7562 -9.3707 1.5023 23.1697 -2.6806 0.1199
Pedestrian -1 -1 -3.5229 412.0580 173.0913 438.6483 219.0427 1.7438 0.5577 0.8499 -6.8195 1.4250 27.7341 -3.7670 0.1135
Cyclist -1 -1 -4.6225 611.9681 168.6835 622.4567 195.9525 1.6772 0.5274 1.5717 0.9972 0.8890 44.9919 -4.6054 0.1132
Cyclist -1 -1 -7.7019 855.2657 163.2104 883.3707 229.0674 1.6556 0.4602 1.6991 7.0316 1.1963 18.9143 -7.3556 0.1113
Cyclist -1 -1 -7.5923 680.9169 170.6861 705.5939 215.9529 1.6477 0.5338 1.6065 3.4387 1.2545 26.9925 -7.4719 0.1086
Pedestrian -1 -1 -4.5034 909.6877 160.6933 945.1934 239.4927 1.6493 0.5679 0.7242 6.9960 1.2144 15.4950 -4.0908 0.1082
Pedestrian -1 -1 -7.3662 886.1970 159.8680 913.2950 216.4771 1.7173 0.6310 0.4615 9.1799 1.0615 22.1808 -6.9830 0.0985
Pedestrian -1 -1 -4.8134 1044.3644 143.4968 1085.2341 236.6696 1.7944 0.6059 0.6809 9.1532 1.0631 14.2731 -4.2566 0.0984
Cyclist -1 -1 -7.9628 891.7816 160.6114 918.7558 218.3316 1.6397 0.5435 1.6127 8.9437 1.0468 21.2560 -7.5740 0.0947
Cyclist -1 -1 -8.0018 893.6253 157.7887 919.2724 215.7193 1.6929 0.4610 1.6456 9.2306 1.0005 21.8458 -7.6114 0.0923
Cyclist -1 -1 -6.7456 0.0000 192.7479 161.3439 373.0000 1.5597 0.6665 1.7352 -5.2755 1.6811 6.7819 -7.3943 0.0836
Cyclist -1 -1 -3.9582 919.9214 156.5703 1026.3362 255.3150 1.6588 0.5999 1.8171 6.5122 1.2406 12.6646 -3.4969 0.0832
Cyclist -1 -1 -7.9063 883.3443 163.0484 904.1671 218.7859 1.6562 0.4933 1.6030 8.9857 1.1084 22.1838 -7.5306 0.0826
Pedestrian -1 -1 -3.0105 774.1409 155.0950 808.5749 222.4255 1.8607 0.5668 0.8779 5.3313 1.1315 20.2778 -2.7617 0.0793
Pedestrian -1 -1 -2.9718 87.2386 167.1750 176.1362 318.3712 1.7796 0.4976 0.8436 -5.8116 1.6117 8.8494 -3.5453 0.0770
Pedestrian -1 -1 -4.6553 0.0000 219.3234 57.2233 366.3832 1.2487 0.4127 0.5559 -5.3423 1.6164 6.6235 -5.3209 0.0746
Pedestrian -1 -1 -4.7446 1068.6029 143.8949 1106.3328 238.2564 1.7901 0.5803 0.6276 9.4514 1.0773 14.0464 -4.1660 0.0743
Pedestrian -1 -1 -6.3897 256.2053 174.5757 262.7834 197.5675 1.7670 0.5629 0.3999 -26.4247 1.2347 55.5503 -6.8368 0.0717
Cyclist -1 -1 -8.4584 1010.5139 152.9734 1066.2996 211.6597 1.6715 0.5616 1.6476 12.8955 0.8595 21.3010 -7.9244 0.0714
Cyclist -1 -1 -8.4665 852.7936 165.5263 894.8259 218.7906 1.5882 0.3883 1.5383 8.3724 1.1124 22.2123 -8.1150 0.0697
Cyclist -1 -1 -7.5873 492.5582 165.5538 524.5484 226.9969 1.8573 0.5428 1.8471 -2.9400 1.3757 22.6653 -7.7201 0.0697
Pedestrian -1 -1 -4.2237 145.9336 208.9712 216.3893 337.5030 1.3365 0.4783 0.5149 -4.6296 1.6475 7.8489 -4.7482 0.0694
Pedestrian -1 -1 -5.0710 408.9206 170.4002 432.5883 220.4911 1.8107 0.5857 0.8405 -6.6865 1.4099 26.4792 -5.3212 0.0691
Pedestrian -1 -1 -7.4905 149.1247 189.0851 177.7074 243.9768 1.5523 0.5781 0.4576 -12.6297 1.7740 20.6691 -8.0387 0.0687
Pedestrian -1 -1 -4.7127 998.2350 144.3701 1030.6482 226.9413 1.8786 0.6451 0.7383 9.6243 1.0344 16.8220 -4.2048 0.0663
Pedestrian -1 -1 -7.2435 708.3773 166.5872 736.1046 220.8363 1.6735 0.6181 0.6193 3.7713 1.2139 22.5968 -7.0852 0.0656
Pedestrian -1 -1 -7.8576 379.9629 180.5612 398.3041 231.1220 1.5992 0.5585 0.7928 -6.8815 1.5699 23.1805 -8.1484 0.0650
Pedestrian -1 -1 -4.4608 119.2323 190.2975 144.9192 240.7312 1.5559 0.5481 0.5973 -14.8289 1.8384 22.6609 -5.0403 0.0627
Cyclist -1 -1 -2.4171 343.9655 173.1200 399.4614 229.3973 1.7656 0.5989 1.7425 -7.4377 1.5032 23.1602 -2.7298 0.0606
Pedestrian -1 -1 -2.6528 499.7097 181.4607 527.6994 231.9148 1.4922 0.5417 0.6602 -2.6677 1.4915 21.6155 -2.7795 0.0599
Cyclist -1 -1 -7.5999 504.4809 168.2887 534.3546 228.3577 1.8444 0.5260 1.7900 -2.6344 1.4392 22.9784 -7.7180 0.0598
Cyclist -1 -1 -5.1426 1070.6920 155.3489 1156.4420 264.3750 1.6746 0.4910 1.6300 8.3731 1.2735 11.8778 -4.5441 0.0597
Cyclist -1 -1 -6.9765 874.6483 156.9088 934.4252 215.0963 1.7259 0.6286 1.6643 9.1898 0.9970 21.8557 -6.5878 0.0593
Cyclist -1 -1 -6.8851 874.3924 154.5111 939.4185 213.8192 1.7323 0.6906 1.7030 9.1036 0.9444 21.4967 -6.4939 0.0584
Pedestrian -1 -1 -7.7016 695.9344 169.5687 716.8159 221.5510 1.6705 0.5779 0.7312 3.4117 1.2875 23.5166 -7.5643 0.0568
Pedestrian -1 -1 -5.5403 904.9163 175.6961 937.2496 238.8007 1.3082 0.4206 0.4614 6.7161 1.1885 15.1886 -5.1355 0.0566
Pedestrian -1 -1 -8.7384 1006.1301 146.5379 1055.3442 233.0657 1.7563 0.5405 0.6966 8.9174 1.0472 15.0015 -8.2149 0.0558
Pedestrian -1 -1 -7.4667 1003.3055 153.3302 1043.3885 237.3396 1.6803 0.5279 0.6004 8.6285 1.1174 14.7605 -6.9506 0.0558
Pedestrian -1 -1 -2.5906 494.9829 170.0954 526.5760 225.6375 1.7558 0.6118 0.8108 -2.9478 1.3958 23.1534 -2.7210 0.0555
Pedestrian -1 -1 -4.7042 351.3788 174.6781 372.5223 229.5656 1.7228 0.6326 0.7805 -7.6986 1.5091 23.0160 -5.0288 0.0549
Cyclist -1 -1 -8.0648 866.8762 164.5961 891.1617 218.3137 1.6164 0.3694 1.5672 8.6197 1.1082 22.4171 -7.7068 0.0545
Pedestrian -1 -1 -4.8771 744.8557 163.6440 768.4221 219.4403 1.7949 0.6045 0.9229 5.0596 1.2210 23.5814 -4.6732 0.0540
Cyclist -1 -1 -4.7746 416.6345 172.1490 434.9814 219.3790 1.7470 0.5665 1.7289 -6.7502 1.4015 27.4808 -5.0184 0.0533
Cyclist -1 -1 -3.6461 1181.8322 113.2684 1237.0000 167.8202 1.7277 0.5700 1.7476 20.0617 -0.4541 23.4221 -2.9481 0.0532
Cyclist -1 -1 -7.7191 525.7542 173.4007 538.9700 208.8505 1.6152 0.4210 1.5246 -3.2273 1.2464 33.4977 -7.8195 0.0527
Cyclist -1 -1 -5.6758 862.0412 160.3454 916.0240 211.3473 1.6960 0.5218 1.7314 9.8623 0.9930 24.7516 -5.3053 0.0520
Pedestrian -1 -1 -8.1371 221.4157 171.2164 237.4625 198.7040 1.6581 0.7219 0.6260 -22.6832 1.0378 43.8060 -8.6174 0.0519
Cyclist -1 -1 -7.1842 1163.8584 116.1760 1222.7717 169.9945 1.7240 0.5872 1.6902 19.4852 -0.3865 23.6866 -6.5060 0.0517
Cyclist -1 -1 -7.9513 1179.5974 113.1512 1204.9475 166.8735 1.6562 0.4532 1.7233 19.2461 -0.4943 23.4512 -7.2742 0.0517
Cyclist -1 -1 -4.5365 212.7304 173.6340 244.7358 234.7984 1.8253 0.6081 1.6415 -11.5861 1.5910 22.3114 -5.0159 0.0517
Cyclist -1 -1 -7.7113 262.3532 174.8640 269.9932 197.1339 1.7227 0.3240 1.6127 -26.2912 1.2092 56.3842 -8.1508 0.0517
Pedestrian -1 -1 -4.4166 47.9916 230.3953 117.9830 357.6488 1.1456 0.3872 0.6476 -5.1711 1.6559 7.1182 -5.0336 0.0516
Pedestrian -1 -1 -3.3885 1198.7476 138.3491 1237.0000 229.9791 1.7785 0.6241 0.6504 12.4123 0.9415 14.3650 -2.6900 0.0515
Pedestrian -1 -1 -6.7686 194.2399 186.3869 225.5621 241.0887 1.6258 0.6239 0.6168 -11.9412 1.7779 21.8563 -7.2690 0.0512
Pedestrian -1 -1 -5.4787 399.7331 168.7809 425.6406 218.7010 1.8261 0.5912 0.7294 -7.0426 1.3612 26.7193 -5.7392 0.0507
Cyclist -1 -1 -7.9995 1167.2677 112.1984 1195.0973 166.0866 1.6604 0.4376 1.7567 18.9237 -0.5226 23.5027 -7.3318 0.0503
Pedestrian -1 -1 -3.1619 1170.0662 158.8318 1208.2405 246.5478 1.5204 0.4929 0.5074 10.4204 1.1281 12.8006 -2.4938 0.0501
Car -1 -1 -7.8767 559.6087 171.3479 581.6717 192.1578 1.5478 1.5877 3.9309 -2.3873 0.7926 55.4439 -7.9245 0.2740
Car -1 -1 -4.5302 458.9410 161.1402 529.6498 221.1054 2.0764 1.8555 4.5951 -3.9679 1.3718 27.2009 -4.6789 0.2288
Car -1 -1 -5.2925 184.5938 185.2089 310.0710 237.7685 1.5167 1.5811 4.0546 -11.2369 1.6430 22.6758 -5.7533 0.1647
Car -1 -1 -7.6869 539.5268 171.0920 563.0377 187.9633 1.5419 1.6260 3.7335 -4.6531 0.5904 67.5862 -7.7602 0.1501
Car -1 -1 -7.8529 219.7652 170.3452 249.6777 197.1823 1.6116 1.6144 3.7534 -23.0557 0.9418 45.1744 -8.3274 0.0987
Car -1 -1 -4.5576 497.2246 170.7741 543.9985 206.5857 1.6324 1.6484 4.1732 -3.8669 1.1438 34.8625 -4.6723 0.0826
Car -1 -1 -4.9677 1165.8647 105.5816 1237.0000 162.5190 1.5029 1.6395 3.9070 19.2149 -0.6498 22.4896 -4.2711 0.0699
Car -1 -1 -7.9004 615.0193 171.3101 646.2108 198.9610 1.5638 1.6329 4.0873 1.6897 0.9877 42.6792 -7.8660 0.0661
Car -1 -1 -2.5965 63.1879 188.5220 228.9853 236.2184 1.5279 1.7245 4.4711 -15.2493 1.7735 24.1786 -3.1595 0.0565
Car -1 -1 -7.8958 256.0352 172.9586 281.3915 197.0994 1.8588 1.6621 3.8926 -26.5991 1.2010 57.4221 -8.3328 0.0538
Car -1 -1 -6.7427 872.3973 155.1667 1025.7008 205.6543 1.4547 1.5936 3.8301 10.3113 0.6964 21.5373 -6.3059 0.0525
