Car -1 -1 -8.0640 476.8316 181.1163 529.2044 220.4090 1.7423 1.7067 4.0373 -5.3034 2.1691 35.1051 -8.2134 0.9415
Car -1 -1 -3.0451 292.5789 174.3939 360.3462 198.8827 1.7160 1.7048 4.4149 -20.4608 1.8301 52.1608 -3.4175 0.3805
Pedestrian -1 -1 -4.1818 1130.2664 160.1154 1149.4799 217.4899 1.8187 0.4572 0.2001 16.9289 1.4146 23.1209 -3.5562 0.1793
Car -1 -1 -7.7664 282.4516 166.6158 305.2241 185.5235 1.7611 1.6573 4.0162 -30.3838 1.1798 69.3741 -8.1779 0.0826
Car -1 -1 -4.7591 312.2414 183.4453 341.2345 209.2327 1.5342 1.5663 4.0106 -18.4535 2.2530 46.8427 -5.1328 0.0674
Car -1 -1 -4.4921 338.2573 182.4282 381.0392 209.8653 1.6047 1.6829 4.2369 -15.9066 2.2431 45.9339 -4.8241 0.0588
Cyclist -1 -1 -7.9764 522.5530 183.4655 534.0040 216.0235 1.6363 0.4000 1.5867 -4.3051 2.2012 37.6134 -8.0901 0.0526
Car -1 -1 -4.6665 0.0000 166.6821 31.2694 191.4362 1.6230 1.6790 4.1789 -40.8861 1.2180 49.4830 -5.3546 0.0513
Cyclist -1 -1 -8.0585 314.6116 180.4037 334.5941 216.7050 1.7424 0.5849 1.7357 -14.2432 2.1269 35.8881 -8.4341 0.1767
Cyclist -1 -1 -7.5877 162.9280 147.2740 178.2606 175.1194 1.6651 0.3904 1.5923 -26.8004 0.1352 43.9646 -8.1325 0.1370
Pedestrian -1 -1 -1.8659 36.9256 149.4004 54.3440 181.5926 1.7645 0.5676 0.7527 -31.3231 0.4787 39.9984 -2.5271 0.0981
Pedestrian -1 -1 -2.8407 0.0000 184.6888 39.2268 286.9337 1.5867 0.4962 0.6400 -9.7339 1.7829 11.6284 -3.5265 0.0973
Pedestrian -1 -1 -5.5857 1050.7615 179.0471 1099.2306 264.4810 1.7674 0.5469 0.6750 9.8578 1.9027 15.3906 -5.0256 0.0935
Pedestrian -1 -1 -4.7258 1101.3142 176.6600 1134.1843 263.9769 1.8070 0.5567 0.6220 10.7618 1.8900 15.3814 -4.1250 0.0847
Pedestrian -1 -1 -5.9582 1106.8975 173.6399 1155.2943 263.6862 1.8628 0.5532 0.7000 11.0510 1.8798 15.3805 -5.3450 0.0741
Pedestrian -1 -1 -7.6355 0.0000 154.2108 23.6333 199.6636 1.8736 0.7154 0.7626 -25.1760 1.1048 30.2450 -8.3254 0.0737
Pedestrian -1 -1 -7.6659 330.1923 176.0792 351.2405 226.3623 1.8235 0.5900 0.7947 -9.9908 1.9444 26.6643 -8.0216 0.0722
Cyclist -1 -1 -3.2309 979.4655 178.3389 1082.9314 264.0547 1.7595 0.6098 1.8734 8.9829 1.8825 15.5600 -2.7163 0.0702
Pedestrian -1 -1 -4.4882 998.4203 175.2393 1037.7213 260.3822 1.7968 0.6043 0.7341 8.8450 1.8501 15.7288 -3.9847 0.0699
Pedestrian -1 -1 -2.6780 159.9289 148.6349 179.7688 177.3162 1.7270 0.6715 0.8141 -26.7584 0.2684 43.8152 -3.2237 0.0696
Cyclist -1 -1 -2.2420 298.3379 176.5140 334.9597 215.7517 1.8948 0.6941 1.8294 -14.5731 2.0796 35.7360 -2.6269 0.0689
Pedestrian -1 -1 -5.7004 1031.6315 180.3917 1081.0439 263.5148 1.7180 0.5183 0.7354 9.4887 1.8836 15.4366 -5.1586 0.0656
Pedestrian -1 -1 -5.9805 1064.7629 172.7171 1114.2662 261.7351 1.8427 0.5697 0.7484 10.1822 1.8396 15.4062 -5.4060 0.0656
Pedestrian -1 -1 -5.5882 925.4294 177.5686 971.2003 260.4818 1.7923 0.6074 0.6971 7.4879 1.9001 16.0937 -5.1606 0.0645
Pedestrian -1 -1 -8.1827 344.2198 176.5596 369.9348 226.5918 1.8127 0.6506 0.8831 -9.4328 1.9527 26.7718 -8.5188 0.0575
Cyclist -1 -1 -7.5440 159.4541 145.9609 176.6118 173.9592 1.6821 0.4154 1.6331 -27.0948 0.0661 44.1927 -8.0913 0.0523
Pedestrian -1 -1 -6.0019 144.3396 174.7862 199.4405 288.9861 1.7237 0.6401 0.5789 -6.8940 1.7547 11.2870 -6.5401 0.0503
Car -1 -1 -2.7734 97.2052 183.8390 298.0782 252.0195 1.5077 1.6293 3.8743 -9.8345 1.7884 17.3805 -3.2821 0.8003
Car -1 -1 -6.1189 170.4447 174.0096 321.5071 242.9448 1.8180 1.6077 3.5847 -10.1875 1.8524 20.3619 -6.5779 0.7269
Car -1 -1 -2.6964 0.0000 182.1605 265.2724 271.6783 1.5874 1.6745 4.0110 -9.1905 1.7828 14.0981 -3.2658 0.6590
Car -1 -1 -2.6953 0.0000 156.0848 213.3481 296.2795 1.9339 1.7846 4.0979 -8.7694 1.7022 11.2434 -3.3464 0.6428
Car -1 -1 -7.6470 276.2629 180.4026 332.8256 222.1055 1.6011 1.5312 3.2272 -12.7002 1.9333 30.0567 -8.0439 0.5462
Car -1 -1 -3.0753 242.2609 181.4152 333.9110 218.4636 1.6249 1.6603 3.8083 -15.0032 2.0419 33.7389 -3.4911 0.5168
Car -1 -1 -2.9949 249.4743 177.9456 371.1642 227.5337 1.7526 1.6989 4.0075 -11.1803 1.9525 27.0738 -3.3834 0.3955
Car -1 -1 -7.8644 0.0000 161.5568 43.7392 198.3790 1.5184 1.6687 3.9433 -26.1342 1.0522 31.8024 -8.5482 0.1946
Car -1 -1 -7.9049 295.7200 183.1392 333.2656 217.0333 1.5877 1.5973 3.7033 -15.2433 2.1441 37.0380 -8.2931 0.1512
Car -1 -1 -4.5032 163.7919 142.7668 211.1869 170.8918 1.6225 1.6987 3.9885 -25.7798 -0.1261 44.0862 -5.0298 0.1383
Car -1 -1 -7.7390 98.1708 158.1629 134.5957 181.5797 1.6027 1.6970 3.9537 -35.2282 0.5969 51.5286 -8.3364 0.1042
Car -1 -1 -7.6683 0.0000 143.9450 32.4712 176.5902 1.6053 1.6844 4.0380 -31.6658 0.1834 37.6548 -8.3641 0.0813
Car -1 -1 -7.8465 332.5421 182.4763 372.5179 220.7659 1.5765 1.6195 3.8822 -11.7435 2.0425 32.8628 -8.1875 0.0749
Car -1 -1 -7.0889 0.0000 181.4988 0.0000 311.9412 1.5680 1.6551 3.9705 -11.9592 1.7234 10.9670 -7.9054 0.0657
Car -1 -1 -4.5324 39.8010 161.7226 82.3386 186.0995 1.6348 1.6400 4.2086 -38.4876 0.8880 50.6358 -5.1799 0.0621
Car -1 -1 -4.6194 100.3639 144.8941 140.7308 175.6641 1.7392 1.6161 3.9565 -29.0816 0.1585 42.9059 -5.2122 0.0559
Car -1 -1 -7.7783 27.6810 146.2529 72.1616 176.5412 1.6534 1.7025 4.1829 -32.2615 0.2010 41.6024 -8.4349 0.0529
Car -1 -1 -7.4391 58.7756 157.5512 137.9862 192.9053 1.5627 1.6650 3.7181 -23.9548 0.8860 33.8788 -8.0510 0.0503
