Cyclist -1 -1 -8.0456 499.5029 174.0710 560.0426 274.7486 1.7500 0.8041 1.7255 -1.5853 1.7740 13.5085 -8.1613 0.8828
Pedestrian -1 -1 -7.8665 538.3585 173.6953 549.7244 204.0273 1.8522 0.6881 0.6669 -4.1006 1.9042 44.4492 -7.9585 0.2537
Car -1 -1 -7.8586 429.8391 173.3721 464.5786 210.2619 1.9035 1.7611 4.3133 -8.9779 1.9332 39.5943 -8.0805 0.1756
Pedestrian -1 -1 -7.7753 1049.1869 140.2238 1107.2295 287.9227 1.8095 0.5867 0.6989 5.9795 1.4095 9.2953 -7.2186 0.1240
Pedestrian -1 -1 -2.7170 834.9473 141.9942 884.2883 247.4121 1.9582 0.6280 0.7033 4.7452 1.3847 13.8723 -2.3946 0.1143
Pedestrian -1 -1 -3.7666 279.0101 180.3888 289.2453 208.7231 1.8140 0.4863 0.3930 -21.0977 2.3038 46.6400 -4.1895 0.1020
Pedestrian -1 -1 -4.7216 144.7880 237.0511 167.8138 325.2775 1.0902 0.2507 0.3214 -5.9749 1.9455 9.4136 -5.2749 0.0995
Pedestrian -1 -1 -4.4928 145.1064 178.2173 174.3288 245.2224 1.8735 0.5878 0.6123 -12.9114 2.0294 20.6225 -5.0467 0.0856
Pedestrian -1 -1 -3.7898 0.0000 231.4444 54.3110 374.0000 1.3245 0.4301 0.4517 -5.2465 1.8519 6.2276 -4.4692 0.0767
Pedestrian -1 -1 -3.5024 1072.3965 132.6591 1241.0000 372.7469 1.7878 0.4551 0.9666 4.2329 1.4882 5.7137 -2.8898 0.0734
Car -1 -1 -4.6385 377.4543 176.5406 398.9995 194.0425 1.5304 1.5828 4.2151 -20.3557 1.8801 66.2648 -4.9357 0.0703
Pedestrian -1 -1 -3.8268 725.4117 154.1222 765.1721 229.7376 1.9088 0.6278 0.7936 3.4497 1.4356 18.6807 -3.6477 0.0644
Car -1 -1 -8.3869 887.2131 177.2523 1133.4589 284.9359 1.4104 1.6149 3.9010 6.0634 1.4930 11.6107 -7.9167 0.0636
Pedestrian -1 -1 -4.1315 6.6367 178.9160 57.0972 274.8676 1.8382 0.5663 0.5437 -11.3854 1.9593 14.1556 -4.7998 0.0622
Car -1 -1 -7.3188 1229.8011 140.2425 1241.0000 374.0000 1.5496 1.6192 4.2187 7.0288 1.3644 5.1564 -6.4081 0.0583
Car -1 -1 -4.8401 475.0473 176.6090 509.2704 204.0423 1.6913 1.6802 4.2869 -7.8185 1.9496 47.4056 -5.0031 0.0578
Pedestrian -1 -1 -3.3954 940.0621 140.3320 989.9716 239.6911 1.8905 0.6087 0.7405 6.8704 1.2714 14.0982 -2.9506 0.0541
Pedestrian -1 -1 -3.6119 877.1145 151.4548 925.0867 257.8852 1.8087 0.6106 0.5561 5.0171 1.4447 12.5934 -3.2415 0.0527
Car -1 -1 -9.1355 0.0000 0.0000 1241.0000 374.0000 1.4808 1.5674 3.7852 3.7538 1.5018 1.8239 -8.0791 0.0511
Pedestrian -1 -1 -7.9800 682.2958 163.2584 708.6216 230.0325 1.8209 0.6437 0.6606 2.3141 1.5589 20.0105 -7.8674 0.5861
Pedestrian -1 -1 -5.6161 393.2262 174.7460 408.2775 200.7248 1.9247 0.5151 0.9701 -15.6707 2.0669 53.9376 -5.8979 0.2463
Pedestrian -1 -1 -7.6290 276.2504 180.2468 296.6920 222.8642 1.8016 0.6791 0.6234 -13.9393 2.1228 31.0030 -8.0487 0.1566
Pedestrian -1 -1 -7.7054 261.1494 178.1742 277.6878 217.5776 1.8230 0.6258 0.5536 -16.0071 2.0748 33.8324 -8.1446 0.1123
Pedestrian -1 -1 -4.6766 218.2563 175.1484 238.6673 227.8546 1.9391 0.6489 0.7538 -14.3520 2.0264 27.0680 -5.1603 0.0845
Pedestrian -1 -1 -5.7020 363.6945 178.1710 379.2942 203.6818 1.7582 0.5131 0.8972 -16.6382 2.1308 50.2438 -6.0205 0.0819
Pedestrian -1 -1 -4.6148 239.5832 170.9370 259.9032 221.0018 2.0737 0.6971 0.7168 -15.1886 1.9940 30.3458 -5.0757 0.0753
Pedestrian -1 -1 -5.6471 249.3766 173.1931 274.4847 219.8961 1.9938 0.6897 0.7068 -15.0959 2.0083 31.2139 -6.0945 0.0713
Pedestrian -1 -1 -8.2297 531.2369 180.4965 558.7340 235.4577 1.6319 0.6773 0.5499 -2.0268 1.8682 21.9332 -8.3215 0.0648
Car -1 -1 -8.0505 551.3215 175.1207 642.9824 245.2920 1.6201 1.6304 3.9237 -0.4970 1.6857 18.8880 -8.0773 0.9736
Car -1 -1 -8.1957 620.4269 181.3210 791.0334 291.4140 1.4522 1.5348 3.7224 1.3192 1.6138 11.8117 -8.0885 0.9707
Car -1 -1 -4.3775 103.3275 196.8522 287.0031 300.0505 1.4776 1.6844 3.9774 -7.4958 1.9931 13.4089 -4.8793 0.9649
Car -1 -1 -7.8382 803.6182 175.4708 1018.3600 368.0593 1.5055 1.6479 3.5038 3.0521 1.5399 7.6258 -7.4718 0.9588
Car -1 -1 -4.5729 273.0080 189.9953 340.2238 240.4535 1.4180 1.5160 3.6447 -9.8626 2.0238 23.5591 -4.9658 0.7071
Car -1 -1 -4.5220 215.6366 184.3265 322.7227 262.4605 1.6880 1.6765 4.2306 -8.6239 2.0177 18.5037 -4.9531 0.5148
Car -1 -1 -8.1004 514.9929 180.7067 590.5582 231.6584 1.4870 1.6083 3.6618 -2.0016 1.7660 23.6653 -8.1846 0.4677
Car -1 -1 -4.5959 293.1731 188.3256 345.4665 229.2538 1.4478 1.5241 3.6410 -11.6399 2.1104 28.9586 -4.9754 0.3198
Car -1 -1 -7.9812 502.6016 180.9565 553.3107 222.1480 1.5083 1.5834 3.5308 -3.4037 1.8558 29.0731 -8.0974 0.2680
Car -1 -1 -7.6869 493.6155 180.0605 541.5107 215.7653 1.5434 1.6269 3.7565 -4.3195 1.9005 33.8703 -7.8133 0.2537
Car -1 -1 -8.0412 480.7993 179.0537 518.3392 207.4852 1.5580 1.5580 3.4150 -6.5338 1.9366 42.2237 -8.1942 0.2439
Car -1 -1 -2.5382 294.7960 185.9390 368.5072 213.1517 1.4745 1.5990 3.7004 -16.0180 2.2483 41.4720 -2.9050 0.2396
Car -1 -1 -7.8169 327.6414 181.1860 356.6238 206.7458 1.5197 1.5991 3.8375 -17.1899 2.0783 46.3243 -8.1707 0.2117
Car -1 -1 -4.6647 487.2181 166.5488 507.1658 184.1629 1.5844 1.6419 3.9816 -10.4629 1.0169 66.9689 -4.8193 0.1182
Car -1 -1 -7.8264 354.1083 177.4825 380.5110 202.4897 1.6967 1.6865 4.1852 -17.4907 2.0446 52.0332 -8.1494 0.1067
