Pedestrian -1 -1 -3.6306 728.1422 169.0405 741.5149 192.1501 1.8639 0.4274 0.9839 10.1027 1.5560 58.5513 -3.4609 0.1823
Pedestrian -1 -1 -7.9894 1102.0758 140.8040 1127.0332 188.9579 1.8019 0.7046 0.5589 19.1136 0.6023 27.4084 -7.3855 0.1071
Pedestrian -1 -1 -3.3161 1219.9371 124.6925 1241.0000 221.4178 1.8910 0.5316 0.4157 12.4818 0.9491 14.4402 -2.6134 0.0951
Cyclist -1 -1 -4.0826 38.4176 189.6923 164.2499 322.1921 1.6126 0.4769 1.7085 -6.9341 1.8625 9.8611 -4.6832 0.0928
Pedestrian -1 -1 -8.0689 995.0418 160.7128 1029.4105 224.7121 1.7929 0.7562 0.5331 11.4115 1.4524 20.5751 -7.5691 0.0807
Car -1 -1 -3.7299 1075.9843 162.0363 1239.5962 205.6355 1.4802 1.6593 4.4273 19.1593 1.1126 25.4385 -3.0901 0.0790
Car -1 -1 -7.7207 304.7703 189.3415 366.5674 236.4307 1.5460 1.6571 3.9969 -10.3396 2.2186 27.3155 -8.0798 0.0751
Car -1 -1 -5.9589 358.2064 165.8698 417.7277 185.0966 1.6509 1.6385 4.6766 -19.3281 1.0509 62.8342 -6.2563 0.0707
Pedestrian -1 -1 -2.4927 213.3965 165.3906 263.7255 271.1336 1.9624 0.6041 0.6112 -7.1196 1.8236 13.7422 -2.9633 0.0706
Pedestrian -1 -1 -2.4464 239.9852 168.8824 287.2209 265.5279 1.8885 0.5880 0.6209 -6.9890 1.8105 14.4609 -2.8899 0.0689
Car -1 -1 -5.0581 1155.0441 134.5165 1241.0000 174.1226 1.4499 1.5663 3.5108 22.9723 0.0461 28.3285 -4.3816 0.0637
Pedestrian -1 -1 -3.7915 1140.0093 134.6230 1231.4896 280.8238 1.8793 0.6133 0.7253 7.5706 1.3876 9.5826 -3.1382 0.0623
Pedestrian -1 -1 -8.4966 1022.6284 157.6968 1062.2816 224.3672 1.8455 0.7051 0.6559 12.1321 1.4256 20.3381 -7.9655 0.0599
Car -1 -1 -4.6319 695.9823 172.2587 716.0211 188.6492 1.5155 1.5913 3.8897 9.1559 1.4602 68.7852 -4.5005 0.0573
Car -1 -1 -4.9180 587.3835 179.9919 615.5399 197.9306 1.4265 1.6243 3.8504 -0.7808 2.0507 61.0697 -4.9312 0.0510
Pedestrian -1 -1 -8.1304 1112.2045 152.7384 1149.5437 220.4145 1.8410 0.7070 0.5717 14.3892 1.2935 20.0156 -7.5143 0.0509
Cyclist -1 -1 -4.6878 495.1608 179.8703 503.0585 203.8980 1.7140 0.5304 1.7690 -8.1568 2.2370 52.9124 -4.8404 0.4008
Pedestrian -1 -1 -3.6288 1139.1307 141.4423 1241.0000 358.3040 1.8349 0.6432 0.8697 5.3676 1.5688 6.4994 -2.9613 0.2620
Pedestrian -1 -1 -8.4049 941.7396 164.7297 1002.7137 278.4544 1.7594 0.6001 0.6785 5.7205 1.6334 11.5306 -7.9553 0.2258
Cyclist -1 -1 -4.5659 360.8469 179.8082 387.7327 239.2865 1.7347 0.5610 1.5359 -7.2324 1.9546 22.0361 -4.8801 0.1459
Pedestrian -1 -1 -4.7926 1049.0536 136.5314 1125.9186 326.0904 1.9052 0.5946 0.9740 5.0881 1.5399 7.8213 -4.2337 0.1281
Pedestrian -1 -1 -6.7745 687.8056 174.3547 701.8135 202.7578 1.8071 0.5923 0.6961 5.4129 1.9040 46.3517 -6.6595 0.1252
Pedestrian -1 -1 -3.7522 988.7275 159.0646 1063.5316 310.3003 1.7519 0.7162 0.4477 4.9656 1.5918 8.7384 -3.2507 0.1185
Cyclist -1 -1 -7.7243 693.2098 176.8313 701.8447 202.2812 1.6176 0.3693 1.5015 5.6569 1.8800 46.8763 -7.6054 0.1112
Pedestrian -1 -1 -8.8582 766.6044 178.7169 794.8074 245.8611 1.5445 0.6033 0.3857 3.9734 1.6852 17.0074 -8.6334 0.1068
Pedestrian -1 -1 -5.0284 739.1677 161.2063 779.9518 246.6969 1.9441 0.7184 0.7878 3.4293 1.6789 16.8420 -4.8318 0.1031
Pedestrian -1 -1 -8.4908 748.4511 175.8603 781.9788 247.0730 1.6494 0.6200 0.4666 3.6211 1.7217 17.0827 -8.2864 0.1026
Cyclist -1 -1 -2.2505 402.4230 174.8614 440.2741 218.8703 1.8339 0.6184 1.7295 -8.1288 1.9216 30.8983 -2.5061 0.0969
Pedestrian -1 -1 -3.8175 423.5258 182.9271 442.3790 221.5171 1.6048 0.5656 0.5417 -7.5500 2.0370 30.5941 -4.0579 0.0864
Cyclist -1 -1 -4.5906 369.6250 179.8382 396.8880 237.7520 1.6730 0.5987 1.5895 -6.9090 1.8926 21.8806 -4.8935 0.0816
Pedestrian -1 -1 -4.6403 1037.5002 129.3402 1058.2295 172.1576 1.8044 0.7087 0.7933 18.7422 -0.0307 30.9529 -4.0998 0.0789
Cyclist -1 -1 -4.3720 344.8878 180.7442 379.6946 239.9641 1.6980 0.4784 1.6110 -7.4835 1.9440 21.7123 -4.7007 0.0786
Pedestrian -1 -1 -8.2306 859.2667 201.8261 949.3946 371.4721 1.4187 0.5982 0.4704 2.5202 1.6833 6.3562 -7.8704 0.0756
Pedestrian -1 -1 -3.3533 1027.9265 130.2664 1050.2153 172.5354 1.8043 0.6180 0.7120 18.5103 -0.0143 31.2105 -2.8219 0.0744
Pedestrian -1 -1 -4.3114 1014.6313 134.0474 1032.3062 175.2399 1.7608 0.5570 0.3856 17.8238 0.1017 31.1815 -3.7960 0.0744
Pedestrian -1 -1 -3.5599 981.1293 154.0034 1071.9297 314.1348 1.7986 0.6093 0.7289 4.7930 1.5865 8.4378 -3.0592 0.0730
Pedestrian -1 -1 -6.9985 597.2624 174.6107 610.0497 201.3650 1.9272 0.6203 0.6935 -0.4917 2.0559 52.4980 -7.0083 0.0656
Cyclist -1 -1 -7.6082 344.3874 180.0078 376.5225 236.2219 1.6678 0.5535 1.6748 -7.8052 1.8989 22.4833 -7.9392 0.0649
Pedestrian -1 -1 -2.1957 418.6603 183.1571 437.6125 221.6560 1.6118 0.6022 0.5068 -7.8085 2.0570 30.8113 -2.4424 0.0649
Pedestrian -1 -1 -4.2610 1018.1066 131.9825 1036.1227 176.1533 1.8730 0.5373 0.4263 17.8404 0.1396 30.9379 -3.7418 0.0644
Cyclist -1 -1 -6.8804 1010.7220 129.9197 1057.7672 170.9633 1.7330 0.6552 1.6560 18.1083 -0.0822 30.8864 -6.3541 0.0643
Pedestrian -1 -1 -7.2683 431.1092 183.2265 449.3904 221.6738 1.6135 0.5654 0.5225 -7.2898 2.0611 30.8094 -7.4992 0.0640
Cyclist -1 -1 -8.6264 1101.8845 149.3450 1241.0000 365.5436 1.7592 0.3787 1.6160 5.3250 1.5676 6.6962 -7.9765 0.0617
Cyclist -1 -1 -8.1147 418.4239 179.8869 440.7172 220.4425 1.6812 0.4866 1.7920 -7.8369 1.9931 31.1261 -8.3598 0.0614
Cyclist -1 -1 -8.5005 968.1519 158.1188 1128.4067 320.4133 1.6898 0.5890 1.8306 4.9841 1.5360 8.4582 -7.9839 0.0587
Pedestrian -1 -1 -7.7883 903.9135 168.2931 923.8462 214.7997 1.7388 0.6638 0.5795 11.4889 1.5680 27.3836 -7.3954 0.0585
Cyclist -1 -1 -7.1034 429.9742 177.5553 467.0993 221.5088 1.8168 0.6475 1.5773 -6.9334 2.0230 30.8491 -7.3232 0.0585
Pedestrian -1 -1 -3.4263 494.0863 178.0909 507.4245 203.6503 1.8481 0.5256 0.8508 -8.0186 2.2338 52.7600 -3.5769 0.0558
Cyclist -1 -1 -8.5992 1012.1294 153.5640 1179.3695 332.2919 1.7731 0.4934 1.7038 5.2639 1.5814 8.0406 -8.0371 0.0554
Cyclist -1 -1 -5.0228 1021.7746 129.8197 1048.8938 170.7477 1.6985 0.5091 1.6603 18.1544 -0.0930 30.8982 -4.4955 0.0549
Cyclist -1 -1 -3.7733 1005.6115 132.4961 1049.6188 172.0191 1.7009 0.5897 1.6285 18.1550 -0.0371 31.4523 -3.2536 0.0538
Cyclist -1 -1 -2.6955 401.6465 178.5957 447.9763 220.3133 1.7146 0.7238 1.7447 -7.8204 1.9597 30.3232 -2.9463 0.0536
Cyclist -1 -1 -7.7808 496.9975 177.5224 504.9138 202.2514 1.8031 0.4585 1.7520 -8.1607 2.1569 53.8373 -7.9310 0.0508
Pedestrian -1 -1 -3.1747 419.8986 171.2685 429.1251 220.5742 1.9604 0.4861 0.3428 -7.4931 1.8971 28.9702 -3.4261 0.0507
Car -1 -1 -8.1958 761.3496 181.6295 1068.8531 364.7041 1.5100 1.6525 4.4903 3.0265 1.6395 8.4199 -7.8631 0.9797
Car -1 -1 -4.4093 322.1030 192.3105 473.2254 287.8956 1.4024 1.5594 3.8318 -3.7744 1.8134 13.3150 -4.6812 0.9568
Car -1 -1 -8.0647 717.2099 178.8010 844.6675 273.6437 1.5422 1.5820 3.5930 3.0464 1.6701 13.7560 -7.8523 0.9524
Car -1 -1 -8.0872 639.0306 178.2605 689.3615 212.9110 1.5800 1.6388 3.7144 2.5651 1.8603 35.4791 -8.0162 0.9484
Car -1 -1 -4.3435 135.2984 196.9320 392.3865 362.6492 1.4529 1.5201 3.4914 -3.8753 1.7995 8.6190 -4.7555 0.9442
Car -1 -1 -3.1521 742.3270 178.6599 840.7026 219.3640 1.4753 1.6215 3.5564 6.8777 1.7074 27.6864 -2.9117 0.8810
Car -1 -1 -8.0727 591.5443 178.5966 625.3226 202.9374 1.5920 1.6119 3.4933 -0.1758 2.0043 49.9602 -8.0767 0.8224
Car -1 -1 -3.8666 0.0000 211.1749 246.3804 374.0000 1.4454 1.5576 3.7091 -3.6039 1.7285 3.4294 -4.6385 0.7962
Car -1 -1 -8.7338 917.0899 195.4569 1241.0000 374.0000 1.4850 1.6208 3.9434 2.7367 1.6230 2.3823 -7.9394 0.7796
Car -1 -1 -3.7881 549.3116 178.0815 593.4919 196.5361 1.5916 1.6102 3.7726 -3.4864 2.0762 65.0971 -3.8418 0.5183
Car -1 -1 -5.2906 893.2302 172.3573 989.1314 214.5635 1.4829 1.5827 3.5548 12.3448 1.4652 27.2308 -4.8695 0.2974
Car -1 -1 -7.8865 662.2537 172.2167 682.0219 190.6787 1.6240 1.6518 3.9415 5.5895 1.5677 65.4815 -7.8021 0.1234
Car -1 -1 -4.8573 626.8971 177.6495 651.5964 196.5789 1.5496 1.5639 3.9483 2.4628 1.9760 62.1499 -4.8184 0.1026
Car -1 -1 -4.8824 413.2831 182.4036 470.8853 222.7029 1.5157 1.6902 4.0645 -7.1757 1.9467 30.3822 -5.1129 0.0763
Car -1 -1 -4.6911 476.7703 178.7635 500.1127 202.0593 1.6507 1.6473 3.8160 -9.1195 2.1103 54.1510 -4.8575 0.0734
Car -1 -1 -4.7037 361.1096 189.7123 420.0503 243.6319 1.3656 1.5412 3.6349 -6.5471 1.9125 21.4603 -4.9969 0.0731
Car -1 -1 -4.6330 454.0062 180.5255 484.9693 206.4781 1.5727 1.6573 4.2341 -9.1817 2.0978 47.2194 -4.8244 0.0635
Car -1 -1 -7.9895 1002.7399 127.8325 1057.3011 163.5596 1.4509 1.6003 3.7604 18.7462 -0.4441 32.4089 -7.4687 0.0633
Car -1 -1 -4.5112 631.6711 175.8355 667.9129 201.2505 1.6444 1.6917 4.1275 2.7379 1.8574 49.4130 -4.4567 0.0622
Car -1 -1 -3.4809 972.2541 171.8618 1126.9916 214.1700 1.4547 1.6348 4.4805 15.6923 1.4203 26.0496 -2.9441 0.0618
Car -1 -1 -6.4089 688.2257 175.2324 752.0832 200.3189 1.5960 1.6956 3.9228 7.0972 1.7535 46.9664 -6.2603 0.0569
Car -1 -1 -4.8645 754.6730 179.5125 829.0319 231.4481 1.4588 1.6271 4.2940 5.6454 1.6916 23.0417 -4.6279 0.0545
