Car -1 -1 -4.4798 414.2596 182.5997 476.8296 228.6754 1.7129 1.7186 3.4749 -6.6497 2.1321 29.3098 -4.7016 0.1159
Pedestrian -1 -1 -4.8185 729.5349 207.7781 749.6925 265.7294 1.0845 0.3434 0.3625 2.4452 1.7675 13.9259 -4.6495 0.1008
Pedestrian -1 -1 -4.9441 717.9152 207.3818 736.3795 259.3182 1.0859 0.3178 0.3508 2.4655 1.8374 15.5227 -4.7907 0.0981
Car -1 -1 -8.4005 969.2524 151.0841 1033.1641 183.1010 1.9833 1.8232 3.9784 25.2173 0.6344 46.7306 -7.9084 0.0926
Pedestrian -1 -1 -5.4218 673.2006 190.0448 685.1365 221.1795 1.4069 0.3958 0.3773 3.1374 2.2033 33.1691 -5.3291 0.0737
Car -1 -1 -5.1448 539.9104 187.3023 576.6855 206.2124 1.5227 1.6997 4.0194 -4.6140 2.8391 63.5865 -5.2175 0.0726
Pedestrian -1 -1 -5.0733 786.6630 197.1831 802.9673 236.4220 1.1171 0.3385 0.4016 5.3357 1.8333 21.0318 -4.8291 0.0676
Pedestrian -1 -1 -4.9798 751.1146 199.7461 768.6469 242.8278 1.1607 0.3661 0.4530 4.0969 1.9138 19.9758 -4.7813 0.0670
Pedestrian -1 -1 -4.9185 732.7025 195.9342 752.1607 245.2523 1.2262 0.3913 0.5035 3.3299 1.8239 18.4382 -4.7436 0.0626
Pedestrian -1 -1 -3.3041 1221.3202 158.4835 1241.0000 230.7685 1.9350 0.4804 0.4682 16.9442 1.5500 19.6410 -2.6001 0.0612
Car -1 -1 -4.9289 780.1486 176.9317 817.8021 201.5804 1.6204 1.6808 4.0822 13.0596 1.9155 50.1903 -4.6763 0.0565
Car -1 -1 -4.4673 481.2037 185.2417 522.5758 210.4831 1.4654 1.6817 4.0315 -6.8753 2.2912 46.0273 -4.6153 0.0534
Car -1 -1 -4.9553 758.7617 180.1718 792.3161 203.4817 1.6955 1.6115 3.9457 12.7098 2.2805 55.7195 -4.7327 0.0523
Car -1 -1 -6.9385 75.3323 169.5893 163.9356 196.9361 1.5889 1.6410 4.4056 -30.0108 1.3989 44.2723 -7.5316 0.0509
Pedestrian -1 -1 -5.3380 704.5275 199.1228 726.7714 251.1248 1.1986 0.3701 0.3794 2.4569 1.8316 17.1412 -5.1991 0.0501
Cyclist -1 -1 -8.0837 799.8439 176.8895 819.1931 219.0038 1.6923 0.3925 1.6905 8.2428 1.8646 30.0090 -7.8188 0.6821
Pedestrian -1 -1 -3.9870 906.7475 173.5037 953.5361 248.3078 1.6889 0.6514 0.7644 7.3782 1.7041 16.7558 -3.5795 0.6568
Cyclist -1 -1 -4.1688 959.1819 177.1131 1014.1644 238.8482 1.6314 0.5645 1.6764 10.3162 1.7522 19.8424 -3.6961 0.3902
Cyclist -1 -1 -8.1096 871.1995 176.0640 897.9025 231.4293 1.6132 0.3748 1.5151 8.2647 1.7137 21.8861 -7.7536 0.3657
Pedestrian -1 -1 -3.8293 1055.6644 169.1573 1075.0187 212.8170 1.8074 0.5962 0.3946 19.0054 1.6541 30.1911 -3.2723 0.3235
Pedestrian -1 -1 -5.4134 1078.8639 168.6393 1124.8788 231.1382 1.8552 0.6539 1.0137 14.9052 1.7298 21.9582 -4.8238 0.2361
Pedestrian -1 -1 -9.2952 1184.3169 169.9586 1241.0000 295.0721 1.5346 0.6117 0.6017 7.7639 1.4988 9.2790 -8.6145 0.2222
Pedestrian -1 -1 -7.8655 1162.5784 169.8087 1188.7941 239.1919 1.7355 0.5155 0.4589 14.3576 1.6590 18.3861 -7.2108 0.2157
Pedestrian -1 -1 -7.6184 1022.2355 173.1567 1040.0519 211.1229 1.8713 0.6211 0.7176 20.9993 1.8863 36.0455 -7.0949 0.1944
Cyclist -1 -1 -8.2834 928.5927 177.3589 956.0687 216.9670 1.6629 0.4332 1.6341 14.3565 1.8631 31.2972 -7.8575 0.1814
Pedestrian -1 -1 -3.2361 413.6644 173.6943 457.2364 268.7302 1.8635 0.6281 0.7998 -3.5860 1.8806 14.5827 -3.4739 0.1242
Car -1 -1 -6.0273 1195.6139 168.4805 1241.0000 317.4622 1.4459 1.4694 2.5358 8.6759 1.4031 8.4679 -5.2474 0.1082
Cyclist -1 -1 -7.6349 765.2678 180.2674 784.4032 221.3346 1.6764 0.4518 1.6407 6.9547 1.9991 30.5956 -7.4142 0.0954
Cyclist -1 -1 -8.0036 759.5414 180.2519 777.3811 221.6745 1.6847 0.4812 1.6965 6.6474 2.0061 30.5148 -7.7919 0.0954
Cyclist -1 -1 -8.0020 390.7104 188.3984 405.8319 225.4754 1.6744 0.4512 1.6239 -10.0587 2.4270 34.1146 -8.2871 0.0944
Cyclist -1 -1 -8.1767 856.1678 178.9373 876.7781 215.1381 1.7054 0.4416 1.6337 12.4191 2.0078 35.0863 -7.8398 0.0847
Cyclist -1 -1 -8.4712 914.6625 173.9200 950.1996 215.3161 1.7575 0.5518 1.6620 14.0358 1.8051 31.5471 -8.0566 0.0824
Cyclist -1 -1 -4.5907 729.0520 179.7511 740.8402 210.0432 1.7158 0.4883 1.6293 7.2607 2.1261 42.1061 -4.4217 0.0787
Cyclist -1 -1 -5.1323 720.0822 179.6537 740.9551 210.2009 1.7266 0.5373 1.7307 6.9829 2.1315 42.0907 -4.9697 0.0772
Cyclist -1 -1 -7.9014 358.4132 191.0316 371.1952 228.8304 1.6045 0.4654 1.6174 -11.0153 2.4384 32.2724 -8.2283 0.0748
Pedestrian -1 -1 -3.7116 1037.3774 168.9264 1056.9652 213.7093 1.8532 0.5702 0.4640 18.2200 1.6903 30.1500 -3.1728 0.0730
Cyclist -1 -1 -8.2763 930.2894 175.9895 956.8596 216.6012 1.7265 0.4023 1.6638 14.5676 1.8673 31.6364 -7.8489 0.0714
Cyclist -1 -1 -5.7640 1075.9026 173.7398 1142.4958 231.3600 1.6887 0.4708 1.6507 15.1544 1.7165 22.0170 -5.1679 0.0690
Cyclist -1 -1 -3.6929 1127.1818 161.4857 1241.0000 299.9883 1.6568 0.7328 1.8863 7.7177 1.5205 9.1208 -3.0071 0.0658
Cyclist -1 -1 -7.7981 866.2136 179.2333 877.3206 215.0472 1.6912 0.4289 1.5711 12.7225 2.0090 35.1671 -7.4542 0.0643
Cyclist -1 -1 -8.2060 729.6893 177.7131 755.1309 221.0378 1.8085 0.5234 1.6935 5.6679 2.0243 31.1964 -8.0286 0.0637
Cyclist -1 -1 -7.0785 1021.1817 173.8568 1060.3135 211.6631 1.8453 0.6936 1.6788 21.3288 1.8956 35.8004 -6.5453 0.0635
Cyclist -1 -1 -8.1453 379.7687 185.6992 402.5943 224.2627 1.7461 0.5748 1.6765 -10.3909 2.3681 34.0986 -8.4394 0.0634
Pedestrian -1 -1 -4.0423 1158.9772 169.0248 1193.3459 237.9466 1.7443 0.5468 0.4307 14.5222 1.6471 18.5788 -3.3871 0.0629
Cyclist -1 -1 -7.8547 231.3167 189.9248 244.8091 233.3432 1.6834 0.4773 1.5477 -15.1976 2.3976 29.4003 -8.3285 0.0604
Pedestrian -1 -1 -6.3630 392.1064 196.7469 405.9477 228.2783 1.4266 0.5399 0.5763 -9.8493 2.5486 33.5378 -6.6471 0.0604
Cyclist -1 -1 -8.3137 720.5012 178.8421 749.4645 221.2955 1.7664 0.4989 1.7585 5.3448 2.0326 31.1939 -8.1463 0.0595
Pedestrian -1 -1 -3.4799 1108.2379 136.3480 1234.4795 313.0097 1.9495 0.4649 1.0550 6.3982 1.5464 8.3397 -2.8431 0.0581
Cyclist -1 -1 -7.2416 394.2489 186.3769 424.7699 224.9413 1.7455 0.5425 1.6478 -9.5111 2.4011 34.1327 -7.5119 0.0533
Cyclist -1 -1 -8.2141 839.8051 180.7026 859.1501 212.9655 1.6256 0.4068 1.6138 12.4184 2.0428 37.5666 -7.8978 0.0528
Cyclist -1 -1 -7.6064 786.0093 179.0955 813.1559 237.2255 1.6570 0.4221 1.5622 5.6174 1.8497 21.5239 -7.3552 0.0524
Pedestrian -1 -1 -2.3368 353.1521 196.2516 371.9775 229.4084 1.4259 0.4897 0.6269 -10.9815 2.4718 31.9013 -2.6663 0.0518
Pedestrian -1 -1 -6.0141 1153.4546 166.1577 1180.9004 238.0777 1.7967 0.5037 0.4381 14.1202 1.6291 18.3520 -5.3666 0.0502
Car -1 -1 -7.8579 566.0890 181.2367 659.4540 270.8575 1.6015 1.7129 3.5988 -0.0137 1.7969 15.0359 -7.8600 0.9544
Car -1 -1 -5.6810 0.0000 195.5072 54.1208 235.7408 1.4995 1.5698 3.8369 -24.9481 2.4396 28.9751 -6.3874 0.4461
Car -1 -1 -5.4359 937.6694 180.5524 1042.1531 221.0289 1.5066 1.5950 3.9245 15.4984 1.8462 29.7532 -4.9603 0.2730
Car -1 -1 -4.6599 24.5481 167.2707 63.7333 195.2926 1.5538 1.5910 3.7390 -32.9192 1.2439 41.9982 -5.3217 0.1838
Car -1 -1 -6.4220 230.9499 192.0540 334.2687 231.3380 1.4722 1.5500 3.7795 -13.7797 2.3231 30.3284 -6.8455 0.1624
Car -1 -1 -4.1397 494.8120 185.9502 550.1171 210.8787 1.5330 1.6603 4.3198 -5.9284 2.4658 49.1005 -4.2598 0.1573
Car -1 -1 -6.1049 1207.6079 167.1313 1241.0000 316.6878 1.4550 1.5139 2.6257 8.9169 1.3990 8.5303 -5.3148 0.1275
Car -1 -1 -4.8473 199.8218 169.0824 235.3714 192.5621 1.5458 1.6273 3.9953 -27.0321 1.2972 49.5959 -5.3442 0.1116
Car -1 -1 -4.6208 691.9603 178.2534 716.8791 201.0520 1.6700 1.5845 3.6925 7.2970 2.1018 55.7626 -4.4919 0.1091
Car -1 -1 -7.6373 736.5325 182.0305 793.0346 218.8234 1.4622 1.6244 4.0364 6.8664 1.8957 31.9330 -7.4281 0.1085
Car -1 -1 -5.0534 1104.2240 185.9090 1187.8840 222.4218 1.3898 1.5789 4.1599 23.0597 1.9954 31.2699 -4.4230 0.1045
Car -1 -1 -6.2707 869.5934 181.1739 964.3153 215.0018 1.4877 1.6765 4.0223 14.4069 1.8984 34.0728 -5.8743 0.0959
Car -1 -1 -5.6069 0.0000 194.9419 96.6229 228.6386 1.4577 1.6180 4.3721 -26.3642 2.4967 33.1227 -6.2754 0.0931
Car -1 -1 -5.3043 792.6809 183.7883 857.2336 211.2746 1.6249 1.7520 4.5995 13.9026 2.3751 47.0677 -5.0194 0.0817
Car -1 -1 -5.1281 727.8345 184.0848 780.7581 210.5994 1.4921 1.6904 4.0824 8.8232 2.2202 44.6250 -4.9348 0.0783
Car -1 -1 -7.5682 388.8452 192.2156 442.8961 225.5681 1.4390 1.5469 3.7609 -9.4508 2.4351 35.2344 -7.8289 0.0747
Car -1 -1 -8.1444 963.2372 180.2145 1023.3395 214.1703 1.5215 1.5949 3.5988 18.5143 1.8986 35.0800 -7.6628 0.0736
Car -1 -1 -4.4400 437.1069 185.1897 501.0281 223.9276 1.5930 1.7506 4.5277 -6.4847 2.2049 33.4819 -4.6304 0.0704
Car -1 -1 -4.7471 137.9879 172.6309 169.4320 198.0265 1.5822 1.6029 3.8410 -29.7753 1.5680 46.9920 -5.3095 0.0675
Car -1 -1 -7.0477 670.0740 183.4169 761.9896 220.3718 1.5599 1.6740 4.2450 4.9117 2.0776 33.4675 -6.9039 0.0573
Car -1 -1 -5.0967 774.4292 184.7927 827.0849 211.4483 1.5323 1.6629 4.4754 12.0209 2.3298 45.8895 -4.8427 0.0542
