Pedestrian -1 -1 -5.1674 438.4739 169.8795 484.4973 266.4431 1.7220 0.6160 0.6315 -2.7946 1.6686 13.3050 -5.3714 0.1055
Pedestrian -1 -1 -5.2333 168.5926 150.0030 314.8494 374.0000 1.8158 0.6283 0.6662 -2.5198 1.6765 4.8358 -5.6927 0.0811
Pedestrian -1 -1 -6.4694 518.5225 179.1030 553.7416 240.3078 1.6065 0.5044 0.8616 -2.0371 1.7772 19.3786 -6.5736 0.0630
Cyclist -1 -1 -8.2627 777.1572 163.8471 804.2535 201.9203 1.7677 0.6065 1.7374 8.5607 1.3492 34.4066 -8.0213 0.0598
Pedestrian -1 -1 -8.5654 725.8646 167.8817 739.7775 198.5460 1.8823 0.6299 0.5704 7.5729 1.5768 44.6977 -8.3991 0.0593
Car -1 -1 -9.5508 1241.0000 149.6604 1241.0000 374.0000 1.5372 1.5951 3.8942 6.2650 1.5145 2.7626 -8.4344 0.0519
Pedestrian -1 -1 -4.7654 163.3106 123.7806 279.4374 374.0000 1.8710 0.6387 0.8628 -2.6914 1.5756 4.8729 -5.2483 0.1723
Pedestrian -1 -1 -3.7920 903.0950 152.6598 946.1028 227.8872 1.9440 0.6759 0.7941 8.2576 1.4218 19.0704 -3.3895 0.1693
Pedestrian -1 -1 -4.3304 1061.4235 137.1391 1144.6855 291.6397 1.8852 0.5835 0.9648 6.3138 1.4491 9.3192 -3.7501 0.1629
Cyclist -1 -1 -8.2858 1026.3667 148.0534 1133.0667 291.6245 1.8024 0.5411 1.6946 6.3452 1.4908 9.9324 -7.7314 0.1149
Pedestrian -1 -1 -2.2975 0.0000 111.1852 147.5845 374.0000 1.8546 0.6793 0.6317 -3.0772 1.5591 3.8500 -2.9392 0.0782
Cyclist -1 -1 -4.9972 913.0258 164.0480 954.6064 232.0784 1.6645 0.5304 1.5946 8.2182 1.4487 18.4784 -4.5851 0.0732
Pedestrian -1 -1 -7.4525 656.1348 174.3991 673.0756 209.9029 1.6288 0.6137 0.5652 2.4970 1.7012 33.5284 -7.3794 0.0732
Cyclist -1 -1 -8.0695 911.4810 164.3291 952.2113 230.2651 1.6656 0.6134 1.7376 8.4607 1.4500 19.1386 -7.6595 0.0527
Cyclist -1 -1 -5.1395 889.1347 158.1490 941.8730 228.9782 1.7801 0.6069 1.7214 7.9654 1.4103 19.0054 -4.7487 0.0505
Car -1 -1 -8.2529 836.4108 179.2535 1199.6548 374.0000 1.4968 1.6150 4.2365 3.7609 1.5839 7.7084 -7.8149 0.9778
Car -1 -1 -8.0197 792.1136 156.2575 944.6542 281.5876 1.8639 1.7454 4.7004 4.4080 1.6168 13.1847 -7.7047 0.8305
Car -1 -1 -7.7803 784.8724 165.0061 847.5056 222.9425 1.7260 1.6914 4.2151 6.8169 1.4919 23.7649 -7.5048 0.6001
Car -1 -1 -8.6769 1087.5428 177.8396 1241.0000 374.0000 1.5379 1.6084 3.8219 3.3649 1.5669 2.2635 -7.7574 0.5548
Car -1 -1 -7.2212 820.1514 155.2010 869.2714 179.0411 1.7727 1.6086 3.8834 18.0224 0.4597 55.4398 -6.9086 0.0881
