Cyclist -1 -1 -4.5818 571.1038 173.7203 603.6332 237.7940 1.6954 0.6891 1.7071 -0.6588 1.7202 19.9993 -4.6152 0.8047
Pedestrian -1 -1 -7.4369 133.0917 166.2375 168.4265 240.2979 1.8411 0.5747 0.5626 -11.6634 1.6763 18.2572 -7.9990 0.1458
Cyclist -1 -1 -6.3787 691.0887 172.8105 722.7941 205.1436 1.8007 0.6626 1.7087 5.4022 1.7980 40.5459 -6.2477 0.0914
Pedestrian -1 -1 -3.4570 691.0205 168.7763 702.4135 198.1666 1.9138 0.6034 0.5827 5.6541 1.6480 47.3382 -3.3393 0.0724
Pedestrian -1 -1 -8.6613 843.0587 169.7266 863.4514 219.9443 1.7944 0.6025 0.3920 8.7513 1.6823 26.0965 -8.3418 0.0722
Car -1 -1 -7.6027 536.8361 162.2731 568.3041 188.2681 2.2273 1.7664 4.3319 -5.0823 1.3204 64.1070 -7.6817 0.0671
Pedestrian -1 -1 -8.0984 694.3471 167.8406 708.0740 199.8604 1.9520 0.6704 0.7687 5.5754 1.6461 44.4085 -7.9748 0.0664
Pedestrian -1 -1 -6.7127 672.5627 173.3643 685.1985 196.2443 1.7372 0.6837 0.7455 5.2442 1.7763 55.2504 -6.6189 0.0655
Cyclist -1 -1 -7.8275 690.2515 176.4004 697.7809 203.7176 1.6028 0.4109 1.6241 5.0201 1.8199 43.3850 -7.7135 0.0623
Pedestrian -1 -1 -5.3835 853.1420 164.6198 878.7474 211.5368 1.8378 0.6818 0.6835 10.1314 1.5149 28.6979 -5.0478 0.0578
Cyclist -1 -1 -8.1709 766.2312 157.6167 908.5039 357.7183 1.7365 0.7032 2.0901 2.1479 1.6040 7.3210 -7.8978 0.0569
Cyclist -1 -1 -7.5311 336.7120 179.5645 385.4296 258.5396 1.5532 0.4440 1.7174 -5.2665 1.7022 15.1963 -7.8600 0.0541
Car -1 -1 -6.5554 0.0000 0.0000 1241.0000 374.0000 1.5017 1.5789 3.7613 -5.2792 1.6514 1.9653 -7.7237 0.0508
Pedestrian -1 -1 -4.7330 436.7333 171.9264 459.1443 227.5757 1.7217 0.6730 0.9163 -5.1857 1.6927 22.8481 -4.9542 0.4028
Pedestrian -1 -1 -7.3769 392.4757 184.6967 411.7412 219.3084 1.6406 0.7247 0.5410 -10.0554 2.2164 34.7666 -7.6569 0.3742
Cyclist -1 -1 -5.0212 935.1700 174.5643 1030.0844 318.5616 1.6932 0.5643 1.7313 4.7405 1.7173 9.4028 -4.5678 0.3354
Pedestrian -1 -1 -4.2723 44.5946 155.7730 99.1618 253.3525 1.8286 0.5948 0.7133 -10.4261 1.5082 13.9284 -4.9058 0.2733
Pedestrian -1 -1 -7.7618 459.4392 173.7034 480.0326 221.5701 1.7233 0.6859 0.5967 -5.1578 1.7544 26.3196 -7.9540 0.1593
Cyclist -1 -1 -8.1904 779.7139 173.7735 816.8920 241.7321 1.6529 0.4182 1.5410 4.7204 1.6770 18.3566 -7.9434 0.1267
Pedestrian -1 -1 -4.7207 154.7908 176.4515 213.9753 314.0527 1.6032 0.6069 0.8406 -5.3300 1.6501 8.9500 -5.2453 0.1257
Pedestrian -1 -1 -7.5011 464.6120 173.5057 485.3736 216.7397 1.7713 0.6810 0.6009 -5.6398 1.7984 29.9254 -7.6863 0.0997
Pedestrian -1 -1 -5.4739 65.2233 154.7397 119.6844 248.5505 1.7930 0.6355 0.5923 -10.2001 1.4465 14.1593 -6.0895 0.0903
Pedestrian -1 -1 -3.5280 996.0882 172.5735 1088.3914 331.3659 1.6922 0.5829 0.7062 4.7278 1.6889 8.0235 -3.0126 0.0852
Cyclist -1 -1 -7.4660 0.0000 154.6786 111.1001 335.6079 1.7745 0.5764 1.7534 -6.2756 1.5959 7.9979 -8.1154 0.0828
Pedestrian -1 -1 -3.4763 877.5100 154.4946 928.3035 275.2838 1.9862 0.6968 0.5946 4.8949 1.6840 12.2238 -3.1047 0.0809
Cyclist -1 -1 -6.0616 390.2341 179.5091 426.4638 217.9035 1.8358 0.6438 1.5895 -9.8097 2.1616 34.9872 -6.3334 0.0778
Pedestrian -1 -1 -6.1447 0.0000 158.3140 97.2990 326.4585 1.7537 0.5900 0.8983 -6.3290 1.6017 8.0032 -6.7979 0.0776
Cyclist -1 -1 -8.3025 1114.2596 156.9057 1241.0000 374.0000 1.7418 0.5753 1.8053 4.9941 1.6264 6.1519 -7.6446 0.0747
Cyclist -1 -1 -5.1086 843.9050 166.6017 915.7235 273.0310 1.7727 0.5585 1.7248 4.7252 1.6683 12.8940 -4.7656 0.0733
Pedestrian -1 -1 -5.5175 23.1276 176.7729 108.0079 309.5006 1.6043 0.4672 0.7282 -6.8495 1.6545 9.0169 -6.1531 0.0710
Pedestrian -1 -1 -7.6274 275.5748 166.7216 308.1761 233.3428 1.9147 0.7103 0.8158 -9.3871 1.7381 21.2032 -8.0400 0.0705
Cyclist -1 -1 -7.3360 35.4206 147.1190 189.1503 345.0989 1.9020 0.5551 1.7530 -5.3600 1.6545 7.8251 -7.9212 0.0689
Pedestrian -1 -1 -5.8532 0.0000 150.9515 81.9657 344.6949 1.8146 0.6481 0.8871 -5.9725 1.6092 7.1802 -6.5290 0.0678
Pedestrian -1 -1 -4.8306 134.9437 186.0705 193.3005 321.5139 1.5118 0.5283 0.5489 -5.3159 1.6743 8.5067 -5.3756 0.0653
Pedestrian -1 -1 -5.1983 21.0896 171.7418 127.8061 350.3365 1.6575 0.4948 0.8875 -5.3368 1.6469 7.1147 -5.8243 0.0646
Pedestrian -1 -1 -4.7892 403.9646 171.7068 428.5055 237.0452 1.7108 0.5763 0.8003 -5.2558 1.6805 19.3661 -5.0513 0.0624
Pedestrian -1 -1 -6.9174 955.6257 163.0018 1033.7313 307.0722 1.7877 0.5871 0.6686 4.8875 1.6651 9.2973 -6.4474 0.0602
Pedestrian -1 -1 -7.7186 351.4659 169.3725 385.7845 248.2288 1.6718 0.6014 0.8471 -5.3163 1.5977 15.7684 -8.0393 0.0572
Pedestrian -1 -1 -5.0669 16.9535 160.2398 119.1685 341.2376 1.7403 0.5883 0.8521 -5.6284 1.6187 7.4179 -5.6990 0.0567
Cyclist -1 -1 -4.0868 76.2641 174.8258 231.2564 321.6898 1.6028 0.6836 1.7564 -5.5305 1.6290 8.8008 -4.6347 0.0567
Cyclist -1 -1 -2.8025 380.8263 178.8719 418.4448 218.4446 1.8671 0.6975 1.5883 -10.1076 2.1582 34.5547 -3.0855 0.0566
Pedestrian -1 -1 -3.7318 922.7283 170.1205 994.3423 303.1684 1.7702 0.5492 0.6983 4.7281 1.7336 9.9264 -3.2999 0.0549
Pedestrian -1 -1 -3.4387 967.8193 179.0791 1032.7681 318.0628 1.6254 0.5406 0.5535 4.6791 1.7036 8.7815 -2.9641 0.0506
Car -1 -1 -2.6618 66.5918 175.1033 357.8076 263.3864 1.5234 1.6733 4.4603 -7.2421 1.5674 13.3517 -3.1508 0.9404
Car -1 -1 -8.1347 761.3737 183.5621 994.3696 372.0676 1.5344 1.4777 2.5228 2.4458 1.6615 7.3011 -7.8250 0.9322
Car -1 -1 -7.9892 708.3468 185.7696 834.3141 291.4211 1.4622 1.5552 3.4015 2.5114 1.7108 12.1587 -7.7915 0.9320
Car -1 -1 -4.5421 454.7250 171.1822 542.8495 240.3827 1.6834 1.6728 4.1733 -2.9538 1.6424 19.6574 -4.6899 0.9127
Car -1 -1 -7.7179 514.6061 180.0951 567.0132 222.0800 1.4510 1.5043 3.6111 -2.6090 1.7442 27.4053 -7.8125 0.7966
Car -1 -1 -4.7443 639.0917 175.6847 668.8730 202.8840 1.5817 1.6892 4.0412 2.6309 1.7637 44.4267 -4.6861 0.7922
Car -1 -1 -7.8242 639.0216 174.7838 658.9981 192.7968 1.5014 1.6166 4.1280 3.3947 1.6745 62.7204 -7.7708 0.3231
Car -1 -1 -4.7067 572.1947 170.2020 592.9971 191.6280 1.8133 1.7601 4.3409 -2.4156 1.5886 63.2622 -4.7450 0.1971
Car -1 -1 -4.6057 561.3312 179.4186 597.7669 207.5414 1.4641 1.6296 4.0377 -1.7011 1.8520 40.5969 -4.6478 0.1272
Car -1 -1 -4.4363 489.8426 179.2311 533.9417 208.0418 1.5154 1.5228 3.6737 -5.5232 1.8921 40.7309 -4.5707 0.1158
Car -1 -1 -7.6055 538.6889 164.0249 569.7099 192.5319 2.4419 1.7436 4.3011 -4.9359 1.6853 64.0737 -7.6824 0.1061
Car -1 -1 -7.7545 545.9840 173.6375 570.5662 194.1356 1.6450 1.6623 3.9065 -4.2961 1.7120 60.0310 -7.8260 0.0970
Car -1 -1 -7.6363 256.7440 174.9802 338.5042 232.6029 1.6511 1.5992 3.6461 -9.7906 1.7236 22.7570 -8.0387 0.0806
Car -1 -1 -5.9418 374.8304 180.3680 475.7206 217.5800 1.5130 1.5627 3.8555 -7.8558 1.8422 30.6790 -6.1909 0.0730
