Pedestrian -1 -1 -5.8239 625.7527 173.7659 634.1907 191.6031 1.6753 0.5525 0.6165 1.8676 1.7616 68.1942 -5.7970 0.1678
Pedestrian -1 -1 -3.6037 825.9041 163.3230 857.9645 222.2543 2.0197 0.6720 0.8510 8.0244 1.6928 25.1275 -3.2986 0.1588
Cyclist -1 -1 -6.0319 528.6899 178.7029 559.5392 208.8783 1.7564 0.6727 1.7024 -3.9262 2.1056 42.6474 -6.1236 0.1252
Pedestrian -1 -1 -8.1276 938.4810 155.3078 962.2167 204.5728 1.9061 0.7184 0.5417 13.2716 1.2269 28.2423 -7.6927 0.1087
Car -1 -1 -7.5291 494.5872 180.9993 539.0400 208.6655 1.5729 1.6080 3.6746 -5.6844 2.0929 44.1335 -7.6569 0.0590
Car -1 -1 -7.9288 739.3367 173.6802 787.7408 216.5337 1.6860 1.6683 4.3347 6.4203 1.7235 30.7311 -7.7254 0.0580
Pedestrian -1 -1 -3.3919 732.0386 170.5390 744.8068 199.1731 1.9291 0.6785 0.7058 8.6820 1.7728 48.9759 -3.2179 0.0533
Pedestrian -1 -1 -4.0038 847.9526 157.2561 910.2936 263.7658 1.9687 0.6865 0.9282 5.1145 1.6801 13.8643 -3.6582 0.4590
Pedestrian -1 -1 -5.4475 312.9390 177.3671 369.8053 274.0934 1.7385 0.6624 0.7525 -5.0678 1.8254 13.4798 -5.8013 0.2661
Pedestrian -1 -1 -3.0106 808.9089 168.0852 839.2759 243.8981 1.9321 0.7272 0.6766 5.5488 1.8103 18.8573 -2.7295 0.1987
Cyclist -1 -1 -8.6766 783.8789 173.8858 857.4349 243.9273 1.7272 0.6548 1.8914 5.4056 1.7552 18.8000 -8.4016 0.1938
Pedestrian -1 -1 -5.5291 97.1929 165.7978 188.2356 308.4832 1.8374 0.5217 0.9129 -6.2842 1.7463 9.6332 -6.0950 0.1718
Pedestrian -1 -1 -3.3028 929.3333 165.7333 976.5716 266.0681 1.7354 0.6513 0.6578 6.0551 1.6120 12.8813 -2.8729 0.1607
Pedestrian -1 -1 -6.5179 807.7575 169.4097 821.6302 201.9332 1.9571 0.7091 0.6611 12.3829 1.7496 43.7865 -6.2445 0.1493
Pedestrian -1 -1 -7.7503 902.5614 180.5157 934.4561 247.5656 1.6000 0.6791 0.4411 7.4984 1.7910 17.6557 -7.3555 0.1401
Pedestrian -1 -1 -7.9906 1112.3693 148.3757 1195.4771 326.7574 1.8375 0.5875 0.9601 5.9367 1.5851 7.9943 -7.3702 0.1186
Pedestrian -1 -1 -7.6578 1015.3470 155.0723 1094.5787 326.5609 1.7930 0.6052 0.9214 4.9392 1.6068 8.0893 -7.1266 0.1166
Pedestrian -1 -1 -2.9804 0.0000 168.1475 103.9827 338.3934 1.8495 0.5787 1.0240 -6.5654 1.7980 8.3349 -3.6324 0.1155
Cyclist -1 -1 -8.3084 728.2241 176.2568 748.0203 208.1673 1.6948 0.3953 1.5999 6.9341 1.8838 39.3206 -8.1357 0.0930
Pedestrian -1 -1 -4.8721 1062.3486 149.5613 1149.4053 328.3366 1.8053 0.6106 0.9780 5.3079 1.5698 7.8569 -4.2960 0.0850
Pedestrian -1 -1 -1.8452 167.9915 168.6930 225.9885 304.0886 1.8535 0.4973 0.9216 -6.0028 1.7963 10.3790 -2.3590 0.0847
Cyclist -1 -1 -3.1913 877.3206 180.2360 951.1622 248.7602 1.6436 0.5909 1.6625 7.5024 1.8330 17.9814 -2.8027 0.0841
Pedestrian -1 -1 -5.4276 40.4241 174.6250 148.8480 336.7127 1.7991 0.5901 0.8946 -6.0526 1.8205 8.4128 -6.0367 0.0824
Pedestrian -1 -1 -2.7996 130.8138 174.7642 201.7155 302.3088 1.8234 0.4889 0.7701 -6.5843 1.8521 10.6411 -3.3430 0.0791
Cyclist -1 -1 -8.0763 730.4655 173.9018 741.9330 199.1134 1.6882 0.4353 1.5467 8.5606 1.7604 49.1631 -7.9054 0.0776
Pedestrian -1 -1 -5.0249 889.5340 183.5672 920.4501 246.2350 1.5263 0.5636 0.5625 7.2912 1.7973 17.9748 -4.6461 0.0761
Cyclist -1 -1 -3.0032 871.0475 179.3479 954.1284 251.1028 1.6685 0.6707 1.8034 7.3433 1.8338 17.6553 -2.6158 0.0706
Pedestrian -1 -1 -4.1711 958.6451 156.4532 1059.1399 326.0312 1.7890 0.6060 0.9323 4.4267 1.6156 8.1129 -3.6878 0.0699
Cyclist -1 -1 -7.9036 738.3659 176.2527 748.2610 208.5055 1.7123 0.4463 1.5846 7.2161 1.9009 39.2929 -7.7238 0.0671
Pedestrian -1 -1 -4.8254 841.6819 176.1901 870.0939 243.8149 1.6995 0.6086 0.7298 6.2774 1.7871 18.5940 -4.5055 0.0601
Cyclist -1 -1 -8.5267 880.2495 177.3677 938.9062 247.5128 1.6874 0.4633 1.6065 7.5186 1.8068 18.3003 -8.1434 0.0555
Cyclist -1 -1 -5.4324 958.2695 148.3877 1133.8842 334.7412 1.8256 0.5882 1.8153 4.6874 1.5856 8.0172 -4.9202 0.0540
Pedestrian -1 -1 -5.1815 893.1953 182.4374 924.4315 244.3097 1.5407 0.5776 0.4767 7.5275 1.7871 18.3107 -4.7979 0.0535
Pedestrian -1 -1 -6.1264 1144.0315 141.9772 1241.0000 320.3095 1.8447 0.5412 0.9999 6.5481 1.5250 8.0145 -5.4599 0.0505
Car -1 -1 -4.3463 299.2813 186.1355 518.3303 321.8803 1.5387 1.7115 4.0760 -2.7532 1.7749 10.7202 -4.5929 0.9667
Car -1 -1 -7.9720 729.5714 182.4993 861.6598 299.9525 1.5108 1.5452 3.2992 2.6908 1.6844 11.2881 -7.7451 0.9427
Car -1 -1 -4.4994 634.5053 176.8366 665.3885 199.8507 1.6590 1.5776 3.7954 3.0375 1.9721 54.7558 -4.4447 0.6043
Car -1 -1 -7.4820 352.7898 183.2409 466.8401 252.7233 1.5955 1.6374 3.7602 -5.2120 1.8985 19.1110 -7.7454 0.0892
Car -1 -1 -4.7492 515.5266 184.3350 550.8935 216.5032 1.4191 1.5692 4.0395 -3.8595 2.0165 35.4503 -4.8574 0.0727
Car -1 -1 -7.9230 741.5896 175.6535 789.8035 218.3800 1.6710 1.6842 4.3919 6.5283 1.7991 30.8091 -7.7167 0.0726
Car -1 -1 -6.8164 725.2791 177.5712 804.0432 207.6346 1.5830 1.6375 3.9743 8.4956 1.8524 39.8467 -6.6084 0.0671
Car -1 -1 -5.2520 729.4725 171.6011 787.1816 202.9580 1.9778 1.7681 4.3178 9.7319 1.8984 47.8395 -5.0530 0.0560
Car -1 -1 -5.3436 0.0000 178.8148 4.0484 374.0000 1.5166 1.5778 4.1533 -7.6450 1.5716 5.8230 -6.2411 0.0540
