Pedestrian -1 -1 -5.9827 278.2015 159.8339 377.7357 302.9882 1.7662 0.5022 1.0794 -3.5624 1.5117 9.0078 -6.3456 0.8804
Pedestrian -1 -1 -8.2259 837.2615 168.9782 870.6860 233.5780 1.5959 0.6092 0.6125 6.2143 1.3116 17.7857 -7.8936 0.1109
Pedestrian -1 -1 -4.3819 1178.6119 172.9967 1223.0000 268.4531 1.5663 0.5298 0.6265 10.1348 1.4435 11.9910 -3.6917 0.1009
Pedestrian -1 -1 -8.1783 776.7265 165.4363 807.5231 233.0822 1.6618 0.5693 0.6371 4.6382 1.2921 17.7074 -7.9248 0.0757
Pedestrian -1 -1 -4.6837 675.8879 168.6621 706.7990 251.8362 1.6645 0.6143 0.7311 1.7387 1.4279 14.5559 -4.5657 0.0754
Pedestrian -1 -1 -4.7373 65.0312 179.6942 90.1131 237.2304 1.6275 0.5692 0.7381 -15.3066 1.6050 20.4655 -5.3704 0.0721
Pedestrian -1 -1 -6.6544 1148.6571 164.8540 1192.6860 243.4096 1.9877 0.7462 0.6614 14.6207 1.5921 18.3436 -5.9884 0.0707
Pedestrian -1 -1 -4.9832 1014.7231 207.9641 1103.4800 369.0000 1.2679 0.4059 0.5468 3.2818 1.4839 5.2311 -4.4478 0.0672
Pedestrian -1 -1 -4.3920 0.0000 176.1787 45.6643 262.6889 1.6828 0.5781 0.6860 -11.7448 1.5991 14.1761 -5.0712 0.0646
Car -1 -1 -3.9148 1183.1008 159.6607 1223.0000 366.9869 1.4990 1.5707 4.0091 7.6478 1.3488 6.0957 -3.0406 0.0556
Pedestrian -1 -1 -5.0143 634.6176 170.9004 676.6778 262.6345 1.6139 0.5311 0.8597 0.8669 1.4454 12.9194 -4.9472 0.0550
Car -1 -1 -4.7857 595.8273 165.2768 636.7353 199.5835 1.4384 1.5371 3.9792 0.4257 0.8003 31.6757 -4.7705 0.0531
Pedestrian -1 -1 -4.9124 1160.3319 224.3481 1223.0000 359.3271 1.1236 0.3666 0.5482 5.2882 1.5428 6.4254 -4.2461 0.0509
Pedestrian -1 -1 -7.8647 266.0874 164.8405 302.2050 257.3377 1.7325 0.6224 0.8433 -6.2879 1.4396 13.7563 -8.2829 0.0507
Pedestrian -1 -1 -3.0754 780.2222 158.9449 784.4257 185.3302 1.8249 0.4405 0.2552 12.3262 0.3341 49.1501 -2.8294 0.0506
Car -1 -1 -4.2398 460.8023 162.8084 576.4814 228.5449 1.7202 1.6672 4.0853 -2.4346 1.2576 20.7079 -4.3533 0.0506
Pedestrian -1 -1 -3.8993 853.6694 161.3790 909.9419 266.8012 1.7251 0.6039 0.6500 4.6325 1.4126 11.9741 -3.5373 0.1746
Pedestrian -1 -1 -4.5124 663.3312 141.9677 677.1542 174.4798 1.8039 0.6388 0.7538 3.6669 -0.3431 39.8510 -4.4193 0.1616
Pedestrian -1 -1 -7.9504 528.9601 160.0563 564.8960 259.2365 1.7697 0.5805 0.8752 -1.1331 1.4053 13.0984 -8.0328 0.1223
Pedestrian -1 -1 -4.4104 271.4881 187.7657 312.1898 275.8232 1.3598 0.4429 0.5631 -5.0338 1.4792 11.2719 -4.8182 0.1172
Pedestrian -1 -1 -6.3112 1023.4232 159.1713 1066.8673 270.2511 1.7760 0.5637 0.5859 7.2184 1.4354 11.6944 -5.7686 0.1055
Pedestrian -1 -1 -8.0646 607.2875 162.0068 638.1608 234.8219 1.7784 0.6198 0.7913 0.3951 1.3270 17.7148 -8.0409 0.0936
Cyclist -1 -1 -6.4246 658.8961 143.0247 690.6116 174.4884 1.7657 0.6414 1.7196 3.9442 -0.3445 40.1718 -6.3254 0.0916
Cyclist -1 -1 -4.3920 59.8619 168.0022 126.0927 263.2297 1.6442 0.4759 1.6622 -9.4738 1.4288 13.0723 -5.0058 0.0906
Cyclist -1 -1 -7.4031 76.4537 169.0863 150.5716 262.9208 1.6542 0.4774 1.6076 -9.2449 1.4533 13.2939 -7.9977 0.0901
Cyclist -1 -1 -4.3629 247.4514 180.5746 322.9206 283.0865 1.4953 0.5358 1.6569 -5.0524 1.4970 11.1584 -4.7756 0.0874
Pedestrian -1 -1 -5.2358 944.5549 159.6713 998.3404 266.1364 1.6995 0.5527 0.6024 5.9532 1.3674 11.6032 -4.7711 0.0812
Pedestrian -1 -1 -8.2909 546.6110 160.1539 581.5696 234.5528 1.8080 0.5983 0.7788 -1.0689 1.3139 17.6672 -8.3485 0.0791
Pedestrian -1 -1 -2.9950 666.6813 155.7777 702.5547 230.0387 1.8778 0.5403 0.8515 2.0178 1.2530 18.2487 -2.8849 0.0771
Cyclist -1 -1 -7.9937 700.8864 166.6722 721.1871 212.1929 1.6877 0.5471 1.5857 4.0096 1.1753 27.0092 -7.8463 0.0760
Cyclist -1 -1 -8.0417 852.2993 176.7731 909.7167 278.7372 1.5036 0.5244 1.6913 4.3270 1.4490 11.3040 -7.6838 0.0743
Pedestrian -1 -1 -8.2379 775.9161 165.7673 808.5318 233.3087 1.6561 0.5749 0.6775 4.6410 1.2952 17.7101 -7.9843 0.0709
Pedestrian -1 -1 -4.2048 747.4922 168.0352 792.4229 255.0364 1.6887 0.5491 0.8289 3.2743 1.4471 14.2156 -3.9816 0.0701
Cyclist -1 -1 -4.7346 854.4603 159.0304 886.3009 267.1562 1.7631 0.4649 1.6546 4.5813 1.4134 12.3870 -4.3869 0.0695
Cyclist -1 -1 -6.8655 702.9642 161.3717 748.9376 211.4623 1.8475 0.6647 1.6123 4.5391 1.1422 26.7063 -6.6974 0.0674
Cyclist -1 -1 -6.2529 660.5174 140.7092 692.4901 174.7275 1.8789 0.6755 1.7643 4.0021 -0.3273 39.6554 -6.1510 0.0666
Pedestrian -1 -1 -5.0495 902.2514 162.0349 954.3252 267.7784 1.6870 0.5815 0.6783 5.2597 1.3928 11.6407 -4.6336 0.0663
Pedestrian -1 -1 -8.2207 457.4016 172.8795 497.7332 252.9589 1.6467 0.5845 0.8364 -2.7632 1.4903 15.0482 -8.3969 0.0659
Pedestrian -1 -1 -4.7369 860.6833 195.2086 888.9115 273.1057 1.2019 0.4043 0.4590 4.2554 1.4432 11.2980 -4.3842 0.0652
Pedestrian -1 -1 -7.5999 702.9951 164.7027 721.3494 211.8269 1.7583 0.5966 0.4307 4.0176 1.1691 26.6969 -7.4505 0.0627
Cyclist -1 -1 -7.8845 514.2302 160.4442 547.5762 261.6875 1.7451 0.5573 1.7894 -1.4417 1.3998 13.1113 -7.9896 0.0624
Pedestrian -1 -1 -4.8514 777.4880 162.9247 819.6103 265.0633 1.7156 0.5928 0.8133 3.3094 1.4208 12.3154 -4.5936 0.0610
Pedestrian -1 -1 -8.9793 972.5320 155.5196 1032.9717 269.7204 1.8309 0.5859 0.6968 6.5782 1.4308 11.7898 -8.4801 0.0595
Cyclist -1 -1 -4.6991 669.7162 141.6460 679.1634 173.8333 1.7618 0.5086 1.6728 3.9127 -0.3844 39.9163 -4.6000 0.0595
Pedestrian -1 -1 -8.1098 811.9664 161.8710 858.2183 264.3149 1.7265 0.5957 0.7178 3.9382 1.4129 12.2891 -7.8055 0.0559
Pedestrian -1 -1 -4.5599 920.9554 181.2027 959.6207 270.8952 1.3843 0.4983 0.4456 5.2817 1.3962 11.2407 -4.1297 0.0557
Cyclist -1 -1 -8.0993 953.8656 172.7952 1027.6759 282.8651 1.5642 0.5470 1.8420 5.9052 1.4551 11.0074 -7.6172 0.0547
Pedestrian -1 -1 -6.2128 844.8163 164.9159 886.6488 263.1068 1.6877 0.5530 0.6640 4.5791 1.4202 12.5392 -5.8691 0.0544
Pedestrian -1 -1 -3.5465 1113.2556 147.7109 1181.2872 265.3234 1.8610 0.5847 0.7041 8.7939 1.3426 11.5539 -2.9075 0.0544
Pedestrian -1 -1 -8.1436 588.4548 161.2720 620.3574 235.5594 1.8035 0.5867 0.8134 -0.0635 1.3370 17.6387 -8.1454 0.0523
Pedestrian -1 -1 -4.4453 676.2930 158.3213 708.0715 233.1313 1.8220 0.5930 0.8359 2.1493 1.2821 17.7190 -4.3249 0.0514
Pedestrian -1 -1 -7.0935 996.7974 164.3674 1050.2578 266.7783 1.7095 0.5146 0.6059 7.1286 1.4406 12.1357 -6.5721 0.0512
Pedestrian -1 -1 -4.9130 1085.7081 149.9359 1136.8151 266.7439 1.8367 0.5433 0.6849 8.1974 1.3565 11.5394 -4.3066 0.0508
Pedestrian -1 -1 -7.5114 909.0432 152.6685 959.5674 263.6261 1.7976 0.5858 0.6674 5.4936 1.3471 11.8982 -7.0872 0.0507
Car -1 -1 -7.7494 663.7862 144.2210 698.8898 172.5468 1.5288 1.6563 3.7064 4.4848 -0.4864 41.2653 -7.6399 0.1904
Car -1 -1 -7.8528 778.6340 181.4267 859.4584 253.0244 1.3905 1.5310 3.6289 4.6926 1.4140 15.7386 -7.5669 0.0704
Car -1 -1 -3.0926 477.4294 161.5690 647.5728 230.5399 1.7219 1.7707 4.2500 -1.1087 1.2496 18.5541 -3.1494 0.0605
Car -1 -1 -7.6807 691.2782 143.1133 731.3402 171.5167 1.4876 1.6186 3.8904 6.1167 -0.5407 40.4635 -7.5297 0.0504
