Pedestrian -1 -1 -3.1770 541.0557 160.4603 638.4577 330.6683 1.7043 0.6640 0.9802 -0.2275 1.5041 7.4420 -3.2044 0.8294
Pedestrian -1 -1 -7.5661 17.7263 169.6819 71.0892 258.6832 1.7455 0.6556 0.7544 -11.3957 1.5337 14.3372 -8.2251 0.1083
Pedestrian -1 -1 -4.9997 987.7816 204.5919 1080.8523 369.0000 1.3227 0.4316 0.6054 3.1672 1.5171 5.3484 -4.4886 0.0934
Pedestrian -1 -1 -4.0235 843.5085 154.0417 854.2861 190.9616 1.8486 0.4639 0.2444 12.2831 0.5240 35.6646 -3.6928 0.0862
Cyclist -1 -1 -6.9317 1158.1495 152.4957 1223.0000 221.7084 1.7621 0.6584 1.7053 15.4529 1.0494 18.3672 -6.2391 0.0788
Pedestrian -1 -1 -2.6816 407.6321 165.1903 456.2443 247.5826 1.7210 0.5540 0.8533 -3.7432 1.4015 15.1334 -2.9174 0.0774
Cyclist -1 -1 -5.0226 667.7863 166.6855 693.9445 211.2387 1.7342 0.5745 1.6163 3.0027 1.1967 28.3707 -4.9166 0.0715
Pedestrian -1 -1 -7.5918 259.0246 163.2253 306.7926 256.9619 1.7522 0.6182 0.9321 -6.2822 1.4297 13.7253 -8.0105 0.0709
Pedestrian -1 -1 -4.9014 1152.0737 220.8862 1223.0000 357.8210 1.1428 0.3838 0.6076 5.2598 1.5332 6.4696 -4.2409 0.0692
Car -1 -1 -7.4869 489.0595 171.3127 584.9943 229.4142 1.6243 1.6498 3.8951 -2.0266 1.3677 21.8651 -7.5763 0.0686
Pedestrian -1 -1 -7.9759 225.8245 160.4820 262.8446 252.2359 1.7741 0.5871 0.6553 -7.2448 1.3874 14.1062 -8.4394 0.0615
Pedestrian -1 -1 -4.7986 281.4005 201.2843 309.2653 285.9047 1.1512 0.3285 0.4414 -4.4445 1.4543 10.0247 -5.2024 0.0603
Car -1 -1 -4.8051 594.6580 175.9167 642.7446 215.5411 1.5228 1.6012 4.1800 0.4727 1.3469 29.3173 -4.7874 0.0575
Pedestrian -1 -1 -8.2193 456.2809 171.8898 497.4619 252.0103 1.6494 0.6180 0.8018 -2.7793 1.4725 15.0582 -8.3964 0.0546
Pedestrian -1 -1 -4.3437 373.6595 198.2817 410.7304 273.6070 1.1536 0.3879 0.5603 -3.4329 1.4446 11.2625 -4.6300 0.0534
Pedestrian -1 -1 -4.5956 63.8522 174.4685 92.1962 232.3513 1.6375 0.5643 0.7983 -15.2988 1.4672 20.4886 -5.2278 0.0518
Cyclist -1 -1 -3.0975 774.1022 163.2442 869.1928 251.6233 1.6929 0.5413 1.7794 4.2613 1.3627 14.0904 -2.8083 0.2076
Pedestrian -1 -1 -5.0016 837.0060 169.3655 870.9875 234.9596 1.6119 0.5894 0.8314 6.2178 1.3386 17.8032 -4.6694 0.1961
Pedestrian -1 -1 -5.6969 816.3475 169.4766 861.3730 253.6010 1.6221 0.5656 0.6459 4.6024 1.4099 14.0626 -5.3855 0.1554
Pedestrian -1 -1 -4.2136 661.6596 138.9786 679.0264 171.2943 1.7822 0.6492 0.8444 3.6699 -0.5254 39.8280 -4.1202 0.1460
Cyclist -1 -1 -5.9115 663.8884 169.3288 750.9924 253.6099 1.6500 0.5446 1.6830 2.0430 1.4317 14.4912 -5.7727 0.1360
Pedestrian -1 -1 -6.1716 1023.8006 161.7613 1072.0400 272.3687 1.7629 0.5358 0.6255 7.2632 1.4646 11.6725 -5.6256 0.1344
Pedestrian -1 -1 -2.9049 995.2919 154.3552 1049.1274 267.6687 1.7978 0.5571 0.6565 6.8212 1.3834 11.6455 -2.3852 0.1288
Pedestrian -1 -1 -4.2566 1175.0050 178.0862 1223.0000 270.8809 1.5284 0.5380 0.6013 10.1196 1.4891 12.0152 -3.5681 0.1220
Cyclist -1 -1 -8.0220 956.9766 172.0755 1021.5453 282.2567 1.5874 0.5553 1.8976 5.9778 1.4664 11.1748 -7.5409 0.1216
Pedestrian -1 -1 -4.2054 855.7072 164.9976 910.0245 267.8437 1.6714 0.5915 0.7010 4.6442 1.4199 11.9427 -3.8418 0.1195
Cyclist -1 -1 -6.3120 655.0905 136.7237 686.5925 170.2690 1.8498 0.6780 1.7386 3.6679 -0.5790 39.6249 -6.2182 0.0976
Pedestrian -1 -1 -7.8853 987.0148 159.2565 1026.7244 269.9254 1.7519 0.5370 0.6411 6.5322 1.4160 11.6002 -7.3825 0.0905
Pedestrian -1 -1 -8.1245 545.6719 161.5434 577.3622 235.7820 1.8063 0.6298 0.6783 -1.1307 1.3454 17.6267 -8.1856 0.0864
Pedestrian -1 -1 -7.2169 1078.4370 151.6479 1143.0500 268.7179 1.8520 0.5396 0.7207 8.2101 1.3959 11.5564 -6.6105 0.0863
Pedestrian -1 -1 -8.6339 642.6799 166.4814 697.8901 259.9378 1.6659 0.5906 0.8519 1.1583 1.4164 13.1201 -8.5462 0.0835
Pedestrian -1 -1 -5.0130 773.0721 162.9248 822.9155 264.5500 1.7309 0.6326 0.7988 3.3376 1.4319 12.4551 -4.7558 0.0803
Pedestrian -1 -1 -8.1764 945.1578 166.4954 996.0256 270.8283 1.6622 0.5679 0.6224 5.9422 1.4394 11.6123 -7.7128 0.0796
Cyclist -1 -1 -4.2239 949.1456 158.7958 1051.8646 274.5560 1.7687 0.6242 2.0024 6.4691 1.4375 11.6157 -3.7257 0.0790
Pedestrian -1 -1 -7.2106 999.8604 169.8126 1053.3436 269.5178 1.6619 0.5071 0.6432 7.1888 1.4842 12.1448 -6.6859 0.0785
Pedestrian -1 -1 -5.0835 634.5432 170.9946 678.7288 261.5791 1.5947 0.5375 0.8308 0.8860 1.4278 12.9241 -5.0150 0.0759
Pedestrian -1 -1 -5.8408 744.5137 165.8713 797.2979 255.0389 1.7311 0.5653 0.8767 3.2886 1.4475 14.2199 -5.6168 0.0749
Pedestrian -1 -1 -5.6012 1111.3490 154.3761 1183.7932 269.8278 1.8238 0.5823 0.7409 8.8375 1.4115 11.6005 -4.9617 0.0740
Pedestrian -1 -1 -4.9371 844.3522 158.1937 890.1115 262.9158 1.7982 0.5971 0.7741 4.5965 1.4155 12.5606 -4.5927 0.0739
Cyclist -1 -1 -6.4691 809.6483 165.8960 879.7564 234.4510 1.7064 0.6016 1.6042 6.0423 1.3432 18.0041 -6.1490 0.0739
Cyclist -1 -1 -3.5455 976.9833 158.7311 1128.8698 271.9056 1.7949 0.6401 2.0337 7.2978 1.4500 11.6762 -2.9975 0.0713
Pedestrian -1 -1 -4.9953 676.2273 161.8332 707.9669 234.4322 1.7727 0.5705 0.8570 2.1344 1.3172 17.7336 -4.8758 0.0686
Cyclist -1 -1 -4.7291 670.0903 140.3490 678.7899 171.2825 1.6889 0.4615 1.5763 3.8994 -0.5304 39.8865 -4.6303 0.0686
Cyclist -1 -1 -8.2472 851.5538 173.6205 931.8449 280.8468 1.5351 0.5340 1.6633 4.3469 1.4370 10.9601 -7.8777 0.0683
Cyclist -1 -1 -4.9754 656.3044 138.0501 672.4155 169.5298 1.7124 0.4966 1.6388 3.3286 -0.6322 39.9050 -4.8906 0.0679
Pedestrian -1 -1 -4.1308 873.4336 189.6149 921.6191 284.4533 1.3291 0.4788 0.4549 4.2071 1.4665 10.2982 -3.7520 0.0649
Pedestrian -1 -1 -6.8094 705.9869 163.6130 748.1022 234.1301 1.7503 0.5521 0.8984 3.0567 1.3315 17.9657 -6.6421 0.0620
Pedestrian -1 -1 -7.7672 588.2168 163.0326 615.5307 236.8017 1.8010 0.6172 0.8004 -0.1127 1.3749 17.6860 -7.7717 0.0612
Cyclist -1 -1 -6.4655 658.5677 141.1934 690.5878 172.8978 1.7749 0.6151 1.7259 3.9323 -0.4356 40.1422 -6.3664 0.0601
Pedestrian -1 -1 -6.0852 665.4938 157.0900 704.4725 231.9416 1.8882 0.5139 0.9159 2.0229 1.2980 18.2196 -5.9748 0.0600
Pedestrian -1 -1 -4.2854 1062.4915 154.0600 1119.6487 268.9671 1.8103 0.5467 0.6690 7.8868 1.3941 11.5479 -3.6973 0.0595
Pedestrian -1 -1 -3.4541 961.2459 182.7477 1008.7121 281.6284 1.3652 0.4489 0.4732 5.3318 1.3983 10.0336 -2.9770 0.0591
Pedestrian -1 -1 -4.6096 881.1689 164.0510 925.7217 266.5829 1.6573 0.6273 0.7223 4.9769 1.3918 11.8947 -4.2211 0.0580
Pedestrian -1 -1 -8.8499 805.8368 162.8699 862.6492 265.1750 1.7035 0.5927 0.7321 3.9174 1.4104 12.2444 -8.5460 0.0580
Pedestrian -1 -1 -7.6313 965.7094 160.3988 1002.9349 248.5997 1.7139 0.5697 0.4611 7.5177 1.3237 14.0997 -7.1491 0.0570
Pedestrian -1 -1 -7.7642 612.7602 163.6312 641.3815 236.4395 1.7782 0.6515 0.7587 0.5171 1.3666 17.6844 -7.7338 0.0559
Cyclist -1 -1 -3.7361 914.8664 174.2913 1065.7490 288.5938 1.5389 0.7452 1.7630 5.3628 1.4557 9.9888 -3.2548 0.0549
Pedestrian -1 -1 -8.2795 645.1672 160.3349 678.9796 233.9550 1.7995 0.6095 0.6972 1.3828 1.3069 17.7136 -8.2012 0.0546
Cyclist -1 -1 -8.3542 974.3464 165.8243 1039.6180 252.9195 1.6120 0.3764 1.5991 7.8116 1.3408 13.8869 -7.8499 0.0525
Pedestrian -1 -1 -3.9752 668.0104 172.8044 714.3613 253.8860 1.6268 0.5416 0.8244 1.7436 1.4727 14.6606 -3.8577 0.0516
Pedestrian -1 -1 -7.1943 694.5396 171.3075 731.2828 236.0879 1.6060 0.5889 0.7510 2.7072 1.3784 18.0010 -7.0459 0.0506
Pedestrian -1 -1 -3.9496 949.6553 152.5375 1012.6705 265.6959 1.8241 0.5831 0.7348 6.2177 1.3737 11.7929 -3.4737 0.0503
Pedestrian -1 -1 -5.1090 835.4866 175.9850 864.4586 232.9512 1.4370 0.4771 0.6749 6.2545 1.3235 18.1894 -4.7815 0.0503
Car -1 -1 -5.3753 0.0000 183.8339 126.6550 227.7439 1.4991 1.6192 4.1254 -19.7564 1.6265 25.6488 -6.0239 0.1604
Car -1 -1 -7.8619 657.6819 141.0886 687.6659 169.9031 1.5454 1.6644 3.7675 3.9250 -0.6482 41.3068 -7.7657 0.1096
Car -1 -1 -5.0017 611.4731 138.1025 659.9933 167.8354 1.5321 1.6269 4.2871 1.6906 -0.7689 40.6524 -4.9582 0.0505
