Cyclist -1 -1 -7.2434 68.2056 187.9115 125.2875 249.0417 1.6057 0.4654 1.5911 -14.3452 2.0423 20.1408 -7.8563 0.1478
Pedestrian -1 -1 -4.7892 287.9193 171.0810 300.7715 204.1379 1.9688 0.6699 0.5238 -19.0062 1.8629 43.3622 -5.2003 0.1351
Pedestrian -1 -1 -4.7382 440.6125 169.5374 456.4593 212.7197 2.0577 0.7285 0.6667 -7.8299 1.8994 34.7952 -4.9584 0.1269
Pedestrian -1 -1 -3.8722 923.3820 155.5589 985.6831 270.4034 1.9674 0.5792 0.8178 6.0308 1.6709 12.7581 -3.4403 0.1254
Pedestrian -1 -1 -5.3242 958.8856 160.3751 978.9252 197.8397 1.9841 0.6182 0.7894 19.1818 1.3229 38.6499 -4.8669 0.1179
Pedestrian -1 -1 -4.6845 221.1801 180.5789 240.9231 228.1349 1.7886 0.6546 0.5076 -14.5510 2.0881 27.6293 -5.1656 0.1081
Pedestrian -1 -1 -4.5669 763.0436 170.0070 784.4544 219.8340 1.8723 0.6798 0.9077 6.2361 1.7650 27.6580 -4.3481 0.0855
Pedestrian -1 -1 -6.2840 478.7526 178.5242 488.2810 201.8409 1.7226 0.5570 0.6963 -9.4608 2.1477 53.8030 -6.4577 0.0811
Car -1 -1 -7.8286 370.2414 175.1322 395.8629 202.7623 1.9033 1.6648 4.0110 -16.4154 2.0746 52.2151 -8.1320 0.0753
Car -1 -1 -7.1113 0.0000 158.3064 52.8623 228.1939 2.0472 1.8070 3.9648 -20.3828 1.6208 23.1416 -7.8278 0.0752
Pedestrian -1 -1 -6.0032 701.8477 171.3197 714.7861 195.3349 1.8915 0.5130 0.9113 7.7738 1.7703 57.2474 -5.8693 0.0680
Pedestrian -1 -1 -3.5635 710.3597 168.5177 727.4202 202.3685 1.9877 0.6425 0.8072 6.4189 1.7328 42.7877 -3.4160 0.0646
Car -1 -1 -4.5297 569.8563 178.4392 598.8276 197.2309 1.4380 1.6403 4.0850 -2.0730 1.9081 58.6269 -4.5653 0.0586
Car -1 -1 -4.6811 599.7150 177.8301 625.9583 201.9379 1.5585 1.6798 4.1274 0.2001 1.9147 49.5994 -4.6776 0.0540
Car -1 -1 -4.8498 414.1042 177.8981 450.4150 204.6076 1.5846 1.6752 4.2471 -11.3957 1.9215 45.9525 -5.0919 0.0516
Car -1 -1 -4.8260 654.9410 175.5880 681.1333 195.9091 1.5731 1.6476 4.1512 4.6439 1.8025 58.5250 -4.7477 0.0511
Car -1 -1 -3.6088 1037.9287 174.6021 1098.7137 195.5290 1.5150 1.6343 3.4258 33.8322 1.6463 53.3735 -3.0467 0.0501
Pedestrian -1 -1 -2.0896 321.5254 178.1637 341.1223 213.9711 1.7899 0.6678 0.7061 -14.2110 2.0632 36.6929 -2.4570 0.1396
Pedestrian -1 -1 -6.8114 969.6503 170.2430 990.1854 202.0234 1.7671 0.6219 0.8223 20.6982 1.6216 40.4536 -6.3418 0.1228
Pedestrian -1 -1 -7.6694 212.5810 175.9685 235.1244 225.8004 1.8808 0.6631 0.5961 -14.8449 2.0016 27.6651 -8.1581 0.1032
Pedestrian -1 -1 -7.9893 869.9548 173.7380 883.2631 204.0503 1.6983 0.6377 0.5307 15.0250 1.7484 40.7719 -7.6390 0.1031
Pedestrian -1 -1 -8.4126 958.0098 163.3634 977.6187 199.0936 1.9015 0.6500 0.7393 19.1976 1.3961 38.7989 -7.9564 0.0968
Cyclist -1 -1 -7.8465 976.3891 172.0169 985.0773 202.1376 1.7068 0.4389 1.6611 21.4040 1.6591 41.7244 -7.3757 0.0921
Pedestrian -1 -1 -7.7652 175.8638 174.4937 202.3784 229.8313 1.8455 0.7278 0.5825 -14.3342 1.9019 24.5062 -8.2899 0.0823
Pedestrian -1 -1 -7.2907 477.3638 178.3856 489.8085 202.1508 1.7509 0.6538 0.6770 -9.4536 2.1664 53.8009 -7.4642 0.0651
Pedestrian -1 -1 -5.1824 206.8821 176.0747 235.3704 228.0462 1.8149 0.6307 0.7347 -13.9090 1.9315 25.7231 -5.6741 0.0641
Pedestrian -1 -1 -7.5317 222.4134 173.9186 246.4771 223.4350 1.8891 0.6593 0.6301 -14.5632 1.9305 27.9045 -8.0091 0.0587
Cyclist -1 -1 -7.8384 969.8087 172.3342 981.1036 202.6150 1.7127 0.5627 1.7489 21.0969 1.6830 41.7151 -7.3734 0.0585
Pedestrian -1 -1 -7.5508 814.9460 172.5855 830.2504 202.7690 1.7471 0.6995 0.6461 12.4063 1.7312 42.2265 -7.2674 0.0577
Pedestrian -1 -1 -5.5912 382.7136 180.9059 397.1522 207.1101 1.8168 0.6168 0.7499 -15.4991 2.3873 50.7193 -5.8867 0.0562
Car -1 -1 -6.0483 476.8766 181.4265 538.8512 200.1349 1.3591 1.6337 4.3643 -7.6994 2.0169 54.3721 -6.1887 0.8846
Car -1 -1 -2.3886 0.0000 191.7928 129.8570 337.2513 1.4976 1.6741 4.0856 -8.3146 1.7426 8.4986 -3.1474 0.8620
Car -1 -1 -7.6168 355.6157 179.8778 397.0445 206.3789 1.5727 1.6325 3.8972 -14.8367 2.0386 45.8856 -7.9281 0.2815
Car -1 -1 -4.5186 319.5567 179.5924 359.1966 206.4483 1.5952 1.6312 3.9440 -17.2220 2.0437 45.9787 -4.8754 0.2343
Car -1 -1 -4.5191 414.1534 179.0875 439.6074 197.7056 1.6317 1.5434 3.9703 -16.8921 2.2244 66.6151 -4.7668 0.2184
Car -1 -1 -6.8840 811.8790 173.1011 880.7770 199.0475 1.4942 1.6196 3.6080 13.9907 1.5090 42.8636 -6.5709 0.1464
Car -1 -1 -4.4805 524.0889 179.8967 562.2246 205.0580 1.5251 1.5846 4.0675 -4.3418 2.0048 47.0494 -4.5725 0.0845
Car -1 -1 -4.6811 799.5037 171.7689 827.2102 198.3762 1.6234 1.5945 3.7979 12.9819 1.5569 46.0749 -4.4085 0.0822
Car -1 -1 -4.5472 606.1520 179.9097 634.5074 198.4431 1.4037 1.6597 4.0203 0.8454 1.9952 58.3931 -4.5333 0.0765
Car -1 -1 -4.9663 1216.6301 168.5781 1241.0000 198.3551 1.6295 1.6067 3.8495 36.5183 1.3952 41.5650 -4.2492 0.0730
Car -1 -1 -4.3451 381.5052 181.9805 429.1471 206.5686 1.5890 1.8059 4.2194 -14.2712 2.2543 50.4346 -4.6198 0.0705
Car -1 -1 -2.6432 272.1806 180.6425 353.6356 212.2704 1.5719 1.6508 3.5449 -15.3932 1.9860 37.3752 -3.0317 0.0689
Car -1 -1 -4.8229 410.6761 179.5012 445.3111 205.5015 1.5328 1.6813 4.2067 -11.6673 1.9767 45.9586 -5.0705 0.0689
Car -1 -1 -4.2284 0.0000 190.7223 0.0000 374.0000 1.5156 1.5598 3.9752 -7.2337 1.7038 5.4806 -5.1270 0.0565
