Pedestrian -1 -1 -4.8330 889.8762 143.2555 907.7091 180.6275 1.8468 0.7555 0.6213 14.3845 0.3838 36.0518 -4.4561 0.1989
Pedestrian -1 -1 -5.6321 0.0000 150.6826 62.4874 318.2718 1.7922 0.5241 0.7463 -6.6917 1.5548 7.9891 -6.3132 0.1934
Pedestrian -1 -1 -8.0271 900.3837 142.4059 918.9881 180.0245 1.8608 0.7742 0.5435 14.9244 0.3544 36.0402 -7.6374 0.1774
Pedestrian -1 -1 -4.4652 315.0919 163.7947 342.0031 225.7794 1.8811 0.6482 0.5860 -8.7127 1.6059 22.2274 -4.8351 0.1654
Pedestrian -1 -1 -6.2566 1070.3394 154.8694 1103.0442 247.7989 1.6229 0.6480 0.4816 8.5388 1.3085 13.0039 -5.6863 0.1606
Cyclist -1 -1 -7.9136 1115.5321 149.0004 1162.0428 278.2759 1.6368 0.3845 1.6805 7.2109 1.3345 9.9518 -7.3010 0.1346
Pedestrian -1 -1 -4.4683 215.7924 170.2780 247.2315 237.9019 1.7401 0.5615 0.7728 -10.0115 1.6735 19.0076 -4.9476 0.1107
Pedestrian -1 -1 -4.4928 246.1334 162.2980 279.5938 232.7608 1.8133 0.6417 0.7652 -9.1872 1.5413 19.0124 -4.9378 0.0862
Pedestrian -1 -1 -3.6952 908.1700 143.2468 927.8027 180.0561 1.8054 0.6850 0.6276 15.2266 0.3529 35.7760 -3.2957 0.0826
Cyclist -1 -1 -6.5884 593.4841 167.5926 627.3076 199.6072 1.7990 0.6817 1.8071 -0.0157 1.5030 41.1420 -6.5892 0.0789
Pedestrian -1 -1 -3.0789 1087.1863 139.7742 1188.0414 360.9196 1.6092 0.4524 0.6138 4.0440 1.3682 5.6174 -2.4800 0.0742
Pedestrian -1 -1 -5.9780 441.9519 159.3603 460.5297 198.5181 1.9366 0.5928 0.7629 -7.9607 1.2689 36.0131 -6.1943 0.0729
Pedestrian -1 -1 -3.5466 1098.9594 150.4592 1161.1250 266.8542 1.5938 0.5843 0.5197 7.2943 1.2869 10.2184 -2.9406 0.0721
Pedestrian -1 -1 -7.7576 167.4625 165.4634 193.8299 237.0215 1.8540 0.5503 0.5057 -11.3742 1.6623 19.0402 -8.2902 0.0689
Cyclist -1 -1 -7.9328 1061.5514 154.0510 1094.9152 248.0492 1.6262 0.3635 1.6454 8.5553 1.3006 13.2957 -7.3715 0.0688
Pedestrian -1 -1 -7.2993 128.6882 166.2655 161.2479 239.6959 1.9222 0.5674 0.4610 -12.3695 1.7494 19.1222 -7.8674 0.0686
Pedestrian -1 -1 -5.4976 30.9582 169.0355 71.7832 251.3892 1.8310 0.5905 0.4443 -12.7143 1.7458 16.3643 -6.1504 0.0644
Pedestrian -1 -1 -7.8120 225.0211 158.3976 273.3754 270.8855 1.8606 0.7145 0.5370 -6.2043 1.6212 12.3244 -8.2702 0.0587
Pedestrian -1 -1 -3.2774 1073.5278 149.5713 1116.2047 254.2783 1.7201 0.5844 0.5179 8.1512 1.3373 12.2278 -2.7009 0.0536
Pedestrian -1 -1 -6.6698 1174.6102 125.6437 1241.0000 290.1224 1.7654 0.5308 0.7571 6.8579 1.2584 8.1090 -5.9859 0.0523
Pedestrian -1 -1 -5.8932 236.9172 161.7200 346.1696 350.5943 1.6846 0.5769 0.7689 -3.0062 1.5850 6.7303 -6.2998 0.0517
Pedestrian -1 -1 -3.3800 942.3809 158.7158 957.6139 201.0748 1.8330 0.5476 0.4842 14.8153 1.2209 31.5389 -2.9447 0.0507
Car -1 -1 -7.7667 807.1063 174.2520 925.5609 273.8125 1.3898 1.5819 3.5168 4.3325 1.4166 12.0545 -7.4301 0.9735
Car -1 -1 -4.4161 340.2936 177.7308 470.8290 252.0870 1.4508 1.6678 4.2517 -4.5406 1.5767 16.5117 -4.6810 0.9402
Car -1 -1 -4.1302 0.0000 181.6821 344.6933 374.0000 1.5424 1.5091 3.5470 -3.4509 1.6288 5.2953 -4.6858 0.9303
Car -1 -1 -7.6593 483.3767 167.2531 599.2294 254.6603 1.6520 1.6979 4.3898 -1.3994 1.5458 15.9102 -7.7465 0.9106
Car -1 -1 -7.4092 849.1917 161.0511 997.9338 237.7717 1.5795 1.5934 4.0811 7.3265 1.3362 16.8006 -7.0049 0.7016
Car -1 -1 -7.8659 593.2079 171.8430 621.5079 197.5013 1.4501 1.6001 4.0481 -0.2217 1.3927 42.8165 -7.8715 0.1220
Car -1 -1 -5.1695 544.4053 168.5341 594.1591 195.1132 1.6486 1.6470 3.9492 -2.7243 1.3804 46.8794 -5.2276 0.0881
Car -1 -1 -4.3347 408.3909 165.4184 470.5410 201.8559 1.7906 1.7582 4.1051 -8.8480 1.4249 37.6168 -4.5645 0.0772
Car -1 -1 -7.3075 1241.0000 121.8954 1241.0000 374.0000 1.5600 1.5942 4.0035 7.2932 1.2486 5.4353 -6.4029 0.0631
Car -1 -1 -4.6678 173.2472 188.5660 290.3500 290.2607 1.4252 1.5940 3.7360 -6.5992 1.7472 12.7697 -5.1368 0.0605
Car -1 -1 -6.4204 852.0901 173.0887 973.1584 210.4081 1.4416 1.6468 4.3272 12.1010 1.4512 29.2248 -6.0318 0.0579
Car -1 -1 -7.9361 578.9181 170.4700 599.5482 188.1711 1.6529 1.6382 4.2649 -2.0515 1.4300 69.5885 -7.9658 0.0572
Car -1 -1 -7.5121 1240.8673 123.5460 1241.0000 374.0000 1.4967 1.6144 4.1330 5.2686 1.3588 3.3249 -6.5436 0.0569
