Pedestrian -1 -1 -3.3182 192.0272 170.6982 209.8728 217.1909 1.9680 0.6051 0.5697 -17.5941 1.8765 30.9574 -3.8316 0.0678
Cyclist -1 -1 -7.6543 152.4040 177.1040 179.0978 230.1279 1.7023 0.4500 1.5838 -14.8808 1.8488 24.1166 -8.2025 0.0671
Car -1 -1 -4.9256 770.6366 174.2348 812.2647 200.3049 1.5747 1.6946 4.2423 11.4608 1.6665 45.9553 -4.6832 0.0645
Car -1 -1 -7.3542 21.1114 170.4883 87.2416 199.9606 1.9346 1.7967 4.2055 -38.1219 1.7790 49.5780 -8.0072 0.0562
Pedestrian -1 -1 -6.5414 928.3897 177.3107 944.7262 205.8662 1.5205 0.5418 0.6837 17.5384 1.7622 38.8445 -6.1206 0.0557
Pedestrian -1 -1 -8.0337 141.5724 172.8527 170.9106 231.9046 1.8082 0.6570 0.7458 -14.2563 1.8079 22.5908 -8.5915 0.0554
Pedestrian -1 -1 -5.7453 590.5703 171.5112 602.9276 194.3268 1.8796 0.4588 0.9200 -1.1254 1.7687 59.8703 -5.7644 0.0550
Car -1 -1 -7.8325 165.9776 175.6416 197.8653 202.4263 1.6236 1.6688 3.7617 -27.4054 1.8097 46.2117 -8.3655 0.0530
Pedestrian -1 -1 -3.7826 1011.9661 157.6667 1032.7109 197.9292 1.9574 0.6489 0.6183 20.2079 1.2188 35.4391 -3.2682 0.0523
Pedestrian -1 -1 -6.5182 920.9588 171.1557 934.4371 201.6600 1.7656 0.6994 0.5711 18.5215 1.6670 42.1562 -6.1072 0.0515
Pedestrian -1 -1 -4.7416 973.3431 154.2965 996.7081 214.2425 1.9920 0.6715 0.9178 12.6964 1.3751 24.5357 -4.2693 0.1955
Pedestrian -1 -1 -3.9725 342.1137 149.3368 436.8970 315.2531 1.9277 0.5951 1.0184 -2.7764 1.6542 8.9710 -4.2654 0.1800
Pedestrian -1 -1 -3.0348 298.0458 156.1272 398.5904 349.2810 1.7440 0.4236 0.8513 -2.5101 1.5926 6.8196 -3.3762 0.1567
Pedestrian -1 -1 -6.1327 963.0168 168.3434 980.9493 203.3102 1.7750 0.6169 0.7421 18.5698 1.5457 37.0928 -5.6721 0.1355
Pedestrian -1 -1 -4.5141 82.4677 170.8392 96.0857 201.7384 1.8556 0.5364 0.7260 -31.6201 1.7343 43.7709 -5.1369 0.1050
Cyclist -1 -1 -6.2646 592.1810 166.9695 635.6744 213.8516 1.9256 0.6731 1.7878 0.1242 1.6836 29.9923 -6.2611 0.0971
Pedestrian -1 -1 -7.7201 908.3922 174.5869 931.0405 222.4792 1.6295 0.6512 0.5926 10.6863 1.6903 25.0016 -7.3210 0.0959
Pedestrian -1 -1 -6.9728 106.0595 170.8766 126.1401 203.7606 1.8318 0.5988 0.7157 -27.8391 1.7214 40.6208 -7.5707 0.0704
Cyclist -1 -1 -7.4090 374.5287 174.6765 393.6290 202.2262 1.7427 0.5606 1.5569 -14.6022 1.8620 46.5590 -7.7116 0.0653
Pedestrian -1 -1 -7.2387 920.2741 169.4997 949.3988 221.4983 1.7522 0.6614 0.6448 11.0988 1.6389 24.7627 -6.8224 0.0624
Cyclist -1 -1 -8.1580 1118.1904 178.3614 1160.5820 246.1498 1.4282 0.3697 1.3033 11.6580 1.5551 15.9880 -7.5372 0.0623
Car -1 -1 -8.4093 930.0062 183.1708 1106.3448 265.5945 1.3625 1.4776 3.1675 7.6572 1.5851 13.9620 -7.9172 0.9787
Car -1 -1 -8.1074 742.2686 184.1854 862.3679 263.2122 1.3456 1.4891 3.2859 3.6514 1.5975 14.4100 -7.8650 0.9579
Car -1 -1 -4.6059 142.8232 174.7864 169.7563 192.5744 1.4813 1.5670 3.9208 -39.3790 1.6544 62.6491 -5.1653 0.1484
Car -1 -1 -5.7368 237.5230 172.1798 291.2644 190.6662 1.6875 1.6060 4.2835 -32.0338 1.6256 66.8791 -6.1821 0.0994
Car -1 -1 -7.8873 166.1574 171.6127 199.4986 200.5609 1.7863 1.7249 4.1585 -27.7349 1.7094 46.7400 -8.4205 0.0948
Car -1 -1 -5.1526 885.1710 176.2929 961.6837 211.4859 1.4811 1.6133 4.0031 14.0984 1.6468 32.7932 -4.7503 0.0840
Car -1 -1 -7.7914 785.7985 170.5121 810.4880 193.1103 1.8068 1.7315 4.2557 15.6446 1.6192 59.9805 -7.5378 0.0801
Car -1 -1 -3.2319 1070.5707 170.9192 1162.8706 201.6927 1.5385 1.6181 3.8079 26.3417 1.4414 37.7142 -2.6262 0.0712
Car -1 -1 -4.8122 352.3098 177.6837 383.6930 202.5857 1.5306 1.5646 3.9303 -15.9229 1.8609 47.2806 -5.1357 0.0658
Car -1 -1 -6.4285 1125.4988 183.8830 1241.0000 218.3161 1.4811 1.5920 4.0977 26.7381 2.0241 33.8364 -5.7645 0.0619
Car -1 -1 -7.1740 950.0037 171.8803 1050.7410 209.8434 1.5580 1.6734 4.0358 16.8214 1.5178 31.1692 -6.6835 0.0552
Car -1 -1 -7.8335 913.7717 176.9318 964.1136 221.0752 1.4392 1.5368 3.5439 11.7372 1.5957 25.8118 -7.4115 0.0543
