Car -1 -1 -8.5636 954.9153 181.5479 1241.0000 374.0000 1.4954 1.5918 3.7031 3.2075 1.5579 3.3493 -7.8435 0.8374
Pedestrian -1 -1 -5.9321 683.9371 165.2485 706.1928 213.1884 1.9171 0.5329 0.7604 3.4066 1.6126 29.2624 -5.8180 0.4129
Pedestrian -1 -1 -7.8696 741.5996 164.2615 761.2620 216.8209 1.8629 0.6795 0.7818 5.0473 1.5580 26.0169 -7.6807 0.3289
Pedestrian -1 -1 -4.9306 758.9461 159.5528 786.2091 215.4115 1.9339 0.7284 1.0339 5.6890 1.4731 25.4985 -4.7141 0.2842
Pedestrian -1 -1 -7.9190 108.8705 169.2787 126.6085 210.5071 1.8903 0.6475 0.5459 -22.8949 1.7261 33.4971 -8.5150 0.1931
Car -1 -1 -6.6283 848.1558 165.1302 933.2609 194.6991 1.5463 1.6399 3.9164 14.9248 1.1421 38.5927 -6.2622 0.1857
Car -1 -1 -2.7099 700.1971 163.9574 748.4462 182.3118 1.6847 1.6428 4.1921 10.7488 0.8678 68.0714 -2.5541 0.1544
Pedestrian -1 -1 -3.4260 181.9628 173.0151 190.9409 198.7901 1.8737 0.5110 0.4414 -31.0190 1.8852 52.7915 -3.9552 0.1448
Car -1 -1 -4.7180 829.7237 159.3085 852.1692 180.7039 1.6475 1.6531 3.9014 18.4098 0.6042 57.6678 -4.4106 0.1443
Car -1 -1 -7.4509 258.6371 168.2883 300.7310 195.1034 2.4041 1.8761 4.6558 -30.6425 1.9944 67.0385 -7.8783 0.1119
Pedestrian -1 -1 -7.4972 0.0000 152.2556 23.5364 192.5426 1.8471 0.6576 0.6981 -27.8371 0.9024 33.5181 -8.1865 0.1022
Car -1 -1 -5.8531 568.6329 180.2899 640.8377 207.4037 1.5605 1.7050 4.0639 -0.3591 2.0305 44.0196 -5.8617 0.1003
Car -1 -1 -7.7211 304.3334 168.2064 329.9519 190.7232 2.0300 1.7269 3.7145 -27.2048 1.6107 67.0627 -8.1053 0.0963
Car -1 -1 -5.6573 119.9145 179.5126 209.3325 210.5743 1.4433 1.5350 3.4232 -21.4856 1.7724 34.8055 -6.2071 0.0921
Car -1 -1 -7.8472 529.2510 171.4670 551.9091 196.1081 2.0199 1.8515 4.5325 -5.9251 1.9059 61.4860 -7.9432 0.0861
Car -1 -1 -4.5060 475.0068 184.9853 517.3939 212.7121 1.4509 1.6092 4.1127 -6.5521 2.1867 41.6853 -4.6615 0.0822
Pedestrian -1 -1 -3.2145 904.0452 152.3130 921.6538 202.2691 1.8877 0.5968 0.5765 11.5507 1.1112 27.6384 -2.8227 0.0769
Pedestrian -1 -1 -6.6234 246.8728 170.7540 257.9618 210.5595 1.8106 0.5155 0.3019 -16.4503 1.7148 33.1080 -7.0815 0.0764
Pedestrian -1 -1 -3.4932 891.1492 130.0352 1019.3204 329.0557 1.9320 0.5507 1.0422 3.4147 1.5160 7.3149 -3.0727 0.0568
Car -1 -1 -4.6170 886.2693 148.5262 914.5890 171.9361 1.7876 1.7043 4.2865 23.1765 -0.0765 57.5727 -4.2360 0.0533
Pedestrian -1 -1 -6.9478 621.3687 172.1401 631.4009 192.5664 1.7839 0.4878 0.7381 1.4171 1.7212 63.4301 -6.9259 0.0530
Car -1 -1 -4.5353 498.0097 180.1658 540.2164 209.4842 1.5017 1.6261 4.1233 -5.0306 1.9291 40.1062 -4.6598 0.0522
Cyclist -1 -1 -7.1814 330.8763 183.1230 368.2065 228.8631 1.6346 0.3919 1.6141 -9.7681 2.0301 26.9837 -7.5261 0.1932
Pedestrian -1 -1 -3.5195 0.0000 191.9710 34.6400 293.0873 1.6885 0.5617 0.4787 -10.4619 2.0292 12.5251 -4.2051 0.1692
Pedestrian -1 -1 -5.4537 46.0446 178.6307 95.5171 267.5845 1.9059 0.5689 0.6689 -11.8884 2.0352 15.8477 -6.0895 0.1329
Cyclist -1 -1 -8.1041 257.1570 183.8306 280.8469 230.3334 1.6111 0.3885 1.6185 -12.3887 2.0192 26.0987 -8.5437 0.1213
Cyclist -1 -1 -3.3547 328.7166 176.7591 368.5607 216.6474 1.7989 0.6717 1.6293 -12.1352 1.9832 33.3975 -3.7011 0.1027
Cyclist -1 -1 -4.0871 0.0000 188.4029 70.1353 292.6718 1.6890 0.4631 1.6313 -10.4104 1.9814 12.7600 -4.7614 0.0965
Pedestrian -1 -1 -6.5021 662.6635 173.6893 672.7170 192.5641 1.7067 0.5916 0.8014 5.2232 1.7828 65.6245 -6.4234 0.0733
Pedestrian -1 -1 -7.6374 298.1650 179.9711 323.0918 234.3706 1.7768 0.6100 0.8078 -10.0537 2.0190 24.1357 -8.0286 0.0632
Pedestrian -1 -1 -6.5837 657.6367 174.3076 667.1334 192.7310 1.6647 0.5823 0.7207 4.7407 1.7973 65.6202 -6.5123 0.0607
Cyclist -1 -1 -4.4377 0.0000 186.8513 39.3141 294.7736 1.7500 0.4242 1.6514 -10.6756 2.0136 12.7601 -5.1242 0.0585
Cyclist -1 -1 -2.3519 0.0000 185.8250 73.9459 294.1982 1.8175 0.5499 1.7992 -10.4400 2.0496 12.5579 -3.0352 0.0559
Pedestrian -1 -1 -7.8995 339.2934 176.2846 358.0567 217.0768 1.8451 0.7829 0.6374 -12.0521 2.0046 33.1558 -8.2460 0.0551
Cyclist -1 -1 -7.7795 364.6352 181.6174 370.7014 202.4148 1.5930 0.3413 1.4953 -19.0600 2.2904 56.6784 -8.1028 0.0549
Pedestrian -1 -1 -6.9657 329.8191 186.1577 356.8939 235.8695 1.5814 0.5836 0.5952 -8.7575 2.0232 23.5739 -7.3182 0.0530
Car -1 -1 -8.1399 729.0904 178.2487 893.7468 287.7270 1.4931 1.5683 3.6094 3.0528 1.5952 11.8566 -7.8949 0.9791
Car -1 -1 -4.4123 319.1156 188.6496 430.3198 260.2418 1.5123 1.5644 3.7674 -5.7635 1.9466 17.9641 -4.7191 0.9534
Car -1 -1 -8.1565 696.3397 178.3209 802.4091 249.8903 1.5100 1.5306 3.3176 3.1626 1.6534 17.2303 -7.9789 0.9385
Car -1 -1 -4.4727 395.9911 187.9000 467.8412 239.1391 1.4550 1.4776 3.3449 -5.6772 1.9722 23.1447 -4.7112 0.8748
Car -1 -1 -5.6857 0.0000 188.2750 154.5818 245.5257 1.4539 1.5050 3.8414 -14.8409 1.8906 19.6104 -6.3272 0.8294
Car -1 -1 -2.8761 405.9994 178.7775 474.0736 204.0516 1.6229 1.6471 4.0868 -11.2208 2.0211 47.6452 -3.1066 0.5612
Car -1 -1 -8.0109 689.4370 180.6515 758.9319 231.5585 1.4234 1.5616 3.6806 3.4379 1.6872 22.5879 -7.8625 0.5175
Car -1 -1 -5.5611 0.0000 191.9388 87.5823 261.0499 1.5130 1.6048 4.2902 -15.1232 1.9853 17.0562 -6.2788 0.3211
Car -1 -1 -4.7202 667.5204 171.7163 685.1329 188.2011 1.5154 1.6139 3.8947 6.2416 1.4105 68.3376 -4.6299 0.3087
Car -1 -1 -4.7271 424.6141 186.9088 468.0374 229.2862 1.4432 1.5255 3.4543 -6.3436 2.0180 27.6637 -4.9510 0.2970
Car -1 -1 -4.2308 106.3748 186.8818 218.4304 233.0744 1.3945 1.5532 4.1638 -15.5163 1.9256 25.2037 -4.7782 0.2440
Car -1 -1 -4.6214 878.9555 151.7730 907.0304 174.8203 1.7670 1.7209 4.1852 22.5830 0.1504 57.5743 -4.2493 0.1247
Car -1 -1 -7.9762 713.9033 174.2241 743.2190 197.2011 1.5831 1.5854 4.1002 8.4784 1.6856 52.0399 -7.8160 0.1173
Car -1 -1 -4.6124 359.2720 181.3922 384.2735 202.2182 1.5739 1.5499 3.6874 -19.1787 2.2845 58.1106 -4.9301 0.1132
Car -1 -1 -4.3348 193.2863 183.2864 266.6200 220.5196 1.4426 1.5747 3.5172 -16.1790 1.9142 30.8109 -4.8151 0.0809
Car -1 -1 -6.1105 284.5670 183.8680 372.2465 217.2581 1.4698 1.5174 3.5925 -13.0798 1.9988 33.5785 -6.4796 0.0766
Car -1 -1 -4.3716 387.0835 181.9801 423.6364 200.3196 1.3839 1.6707 3.7903 -16.5235 2.1460 58.3304 -4.6468 0.0733
Car -1 -1 -4.7910 709.4063 176.1901 747.6278 207.0634 1.4784 1.6074 4.0275 5.9948 1.6591 37.0711 -4.6325 0.0665
Car -1 -1 -4.5327 740.1288 175.7801 785.2740 206.6017 1.4269 1.5780 3.6027 7.5669 1.5795 35.7425 -4.3263 0.0644
Car -1 -1 -2.2747 239.7426 186.3840 336.7668 230.1950 1.4680 1.5781 3.1624 -11.8335 1.9897 26.4380 -2.6922 0.0567
Car -1 -1 -7.6127 364.0493 186.3877 430.7747 228.5289 1.4279 1.5842 3.7677 -8.0870 1.9811 27.5945 -7.8957 0.0523
