Cyclist -1 -1 -4.2235 253.7518 173.2871 284.6266 210.4458 1.8603 0.5887 1.9485 -17.5590 1.8829 37.1344 -4.6627 0.4823
Pedestrian -1 -1 -3.4623 635.3727 170.1724 643.6732 189.6535 1.7587 0.6443 0.5790 2.6578 1.5164 65.5298 -3.4222 0.1396
Pedestrian -1 -1 -4.1540 855.2654 166.3710 881.9573 218.9630 1.7741 0.6084 0.6576 8.8351 1.5551 24.7833 -3.8159 0.0679
Pedestrian -1 -1 -8.1107 657.7789 168.7460 673.8968 205.4615 1.8843 0.7200 0.5304 2.8494 1.6732 37.3567 -8.0357 0.0673
Pedestrian -1 -1 -4.2665 1167.7966 148.2837 1193.0469 193.3685 1.9455 0.6757 0.5990 24.9134 0.8849 31.5715 -3.6031 0.0671
Car -1 -1 -4.1523 193.6366 182.5242 269.6343 211.6720 1.5281 1.7953 4.4293 -21.7497 2.1162 41.6208 -4.6315 0.0596
Pedestrian -1 -1 -3.0488 538.0324 172.1388 550.6542 211.1031 1.7146 0.6457 0.5021 -2.9583 1.6828 32.0737 -3.1405 0.3528
Cyclist -1 -1 -5.9372 522.0598 171.5360 561.3420 211.2630 1.7296 0.6192 1.6156 -3.0608 1.6719 31.9130 -6.0326 0.1523
Pedestrian -1 -1 -7.7366 1148.0004 157.5695 1166.9683 199.1306 1.8294 0.6223 0.4913 24.3537 1.1563 32.1528 -7.0930 0.1174
Pedestrian -1 -1 -7.6687 651.1765 169.0299 665.4468 200.5701 1.8421 0.7240 0.7044 2.8169 1.6185 42.5734 -7.6036 0.0951
Pedestrian -1 -1 -4.4504 761.2905 168.4023 773.0620 196.2076 1.8288 0.5962 0.7316 10.4067 1.5357 47.9173 -4.2382 0.0778
Cyclist -1 -1 -4.8270 540.3167 173.4540 556.3306 211.7937 1.6550 0.5298 1.5565 -2.7847 1.6820 31.9872 -4.9137 0.0727
Pedestrian -1 -1 -6.2332 1074.0093 161.3364 1086.5464 218.0564 1.7913 0.5283 0.3142 15.0049 1.4273 23.0938 -5.6632 0.0701
Cyclist -1 -1 -5.5235 1043.0574 150.0528 1118.5249 224.5080 1.8820 0.6069 1.7250 12.4035 1.3053 19.1483 -4.9561 0.0677
Cyclist -1 -1 -7.2451 1144.3225 154.7806 1189.3940 196.7414 1.8344 0.6746 1.8219 24.7621 1.0440 32.1418 -6.5933 0.0659
Pedestrian -1 -1 -5.2175 877.4229 161.0647 908.2960 214.7466 1.7880 0.6615 0.8129 9.5420 1.3950 24.4803 -4.8504 0.0651
Cyclist -1 -1 -4.7825 656.7388 172.8097 667.2528 200.7715 1.6264 0.5163 1.4551 3.0354 1.6235 42.6963 -4.7125 0.0637
Pedestrian -1 -1 -4.3006 657.4115 195.2735 719.0292 324.2411 1.3000 0.4851 0.5432 0.7880 1.5515 7.7516 -4.2048 0.0618
Pedestrian -1 -1 -5.7632 1058.2391 157.6662 1097.5820 223.5372 1.7518 0.5597 0.7158 12.6781 1.3476 19.6354 -5.1971 0.0593
Pedestrian -1 -1 -5.1873 934.3898 160.2558 968.1986 222.9692 1.7286 0.5965 0.7087 9.5228 1.3811 20.2546 -4.7539 0.0585
Cyclist -1 -1 -4.9322 527.6541 172.4727 547.2616 211.7143 1.6947 0.5384 1.5437 -3.2664 1.6779 31.9773 -5.0337 0.0562
Cyclist -1 -1 -8.7453 1176.4524 147.5788 1240.5044 203.3319 1.7814 0.4427 1.7373 19.7821 0.9735 23.9500 -8.0611 0.0561
Pedestrian -1 -1 -4.9779 861.1625 161.6253 886.3667 217.7125 1.8652 0.6246 0.7373 8.8610 1.4915 24.3876 -4.6337 0.0549
Pedestrian -1 -1 -5.2225 951.5955 155.9671 987.7986 221.6100 1.8331 0.6243 0.7670 10.1853 1.3612 20.5492 -4.7685 0.0541
Pedestrian -1 -1 -7.5101 1176.9885 157.4793 1199.4550 198.4747 1.8093 0.6395 0.5438 25.8079 1.1305 32.2600 -6.8400 0.0533
Pedestrian -1 -1 -7.6383 1098.9873 157.9844 1129.6499 222.4140 1.7095 0.5786 0.5587 13.6114 1.3147 19.5466 -7.0374 0.0532
Pedestrian -1 -1 -4.3564 1002.4312 161.5109 1032.3461 220.4721 1.6764 0.5586 0.6782 11.7782 1.3536 20.9478 -3.8506 0.0517
Pedestrian -1 -1 -7.3764 1147.3109 158.0004 1169.4530 198.6462 1.8036 0.6265 0.5139 24.5877 1.1442 32.4107 -6.7320 0.0508
Pedestrian -1 -1 -5.6120 938.0621 157.6136 975.2852 222.2227 1.8014 0.5960 0.7487 9.8356 1.3762 20.5850 -5.1723 0.0507
Car -1 -1 -7.8539 551.0770 184.1313 710.3339 326.7411 1.4197 1.6523 3.6449 0.1884 1.5937 9.3107 -7.8360 0.8443
Car -1 -1 -7.7715 581.3850 173.3327 642.2198 228.7163 1.6461 1.6693 3.8174 0.0879 1.6627 23.4525 -7.7686 0.3930
Car -1 -1 -4.8717 449.4986 176.5386 476.0789 195.4174 1.5058 1.5844 3.8767 -12.3889 1.8249 60.4605 -5.0733 0.3599
Car -1 -1 -7.4010 718.9634 169.8237 764.7192 193.3676 1.6279 1.6924 3.9431 9.5021 1.4181 51.9800 -7.2215 0.2851
Car -1 -1 -4.9638 761.3024 171.4347 800.4460 194.3739 1.5529 1.6732 4.2465 11.9866 1.4565 50.9870 -4.7346 0.2387
Car -1 -1 -4.3833 240.6628 182.4684 286.3169 206.8339 1.5386 1.6238 3.9136 -23.5994 2.2211 49.2083 -4.8287 0.1604
Car -1 -1 -5.1339 802.1488 172.8953 882.3945 211.4946 1.5009 1.6851 3.9782 9.5526 1.5024 30.1345 -4.8302 0.1360
Car -1 -1 -8.5851 1131.8031 157.4051 1241.0000 280.9847 1.4577 1.5793 3.8707 9.6875 1.2752 10.4482 -7.8517 0.1193
Car -1 -1 -5.5189 813.8996 174.9505 893.1100 203.5089 1.4361 1.5723 4.0637 12.9655 1.5547 38.7650 -5.1988 0.0980
Car -1 -1 -7.3915 1191.2289 144.1810 1241.0000 195.4727 1.6080 1.6379 4.0278 21.5706 0.7088 24.1351 -6.6681 0.0938
Car -1 -1 -7.2178 0.0000 183.3929 77.4615 239.6570 1.7867 1.8046 4.4081 -21.6804 2.1991 26.0047 -7.9079 0.0734
Car -1 -1 -4.6603 238.1813 181.9995 266.9397 207.2139 1.7153 1.6733 4.0879 -26.1901 2.4135 52.8967 -5.1183 0.0726
Car -1 -1 -2.0243 191.2845 181.6988 242.4263 207.1635 1.7100 1.7164 3.8024 -28.1097 2.3632 51.5069 -2.5219 0.0653
Car -1 -1 -7.8850 647.2204 174.2262 675.4190 199.8492 1.5035 1.6037 3.8753 3.0927 1.5916 44.5138 -7.8165 0.0649
Car -1 -1 -7.1929 1227.5814 142.0116 1241.0000 341.8805 1.5568 1.5962 4.1604 8.2201 1.3162 6.4767 -6.3115 0.0638
Car -1 -1 -7.8981 641.3093 175.0830 699.8528 230.2969 1.6121 1.6755 3.8998 1.8199 1.6895 23.2021 -7.8216 0.0535
