Pedestrian -1 -1 -3.1558 214.3131 192.2797 247.4378 276.0007 1.8071 0.6057 0.6473 -8.5588 2.2539 16.1890 -3.6359 0.4632
Pedestrian -1 -1 -8.1644 539.5165 178.9647 555.7261 217.8958 2.0363 0.7087 0.5938 -3.3498 2.3637 38.2806 -8.2517 0.1738
Pedestrian -1 -1 -5.2052 328.8120 183.8954 348.8001 229.9213 1.9293 0.6480 0.4842 -11.6344 2.4072 30.8422 -5.5635 0.1367
Cyclist -1 -1 -4.4318 299.9475 190.0584 320.4072 225.3652 1.6746 0.5258 1.5568 -14.9079 2.5472 35.8071 -4.8240 0.0857
Cyclist -1 -1 -4.6646 613.7491 181.6681 623.8210 211.6981 1.7523 0.5366 1.4991 0.4968 2.2905 43.3154 -4.6539 0.0774
Pedestrian -1 -1 -4.1707 993.8023 171.2400 1016.2903 213.1357 1.8446 0.6826 0.5745 17.5894 1.7732 32.2082 -3.6752 0.0743
Pedestrian -1 -1 -8.9734 1071.5068 172.5949 1087.8149 214.6079 1.8909 0.6521 0.3770 21.3110 1.8789 32.8045 -8.4018 0.0728
Cyclist -1 -1 -6.7167 1118.2927 174.6772 1174.8409 218.0347 1.7857 0.6827 1.7822 22.4471 1.8632 30.2710 -6.0838 0.0705
Pedestrian -1 -1 -3.7310 774.4581 170.7875 790.5539 207.2610 2.0119 0.6741 0.5978 9.5759 1.8976 40.2200 -3.4994 0.0699
Car -1 -1 -6.1796 452.4555 182.7749 509.0409 203.5680 1.5120 1.6451 4.0482 -9.7284 2.2724 54.3584 -6.3563 0.0652
Pedestrian -1 -1 -8.4631 1087.0190 169.2269 1111.4083 215.5623 1.7973 0.5870 0.5389 19.1132 1.6563 28.2627 -7.8738 0.0584
Cyclist -1 -1 -2.9988 298.3281 184.4286 351.1084 234.6647 1.7569 0.6878 1.6881 -10.3096 2.1823 26.0069 -3.3732 0.0574
Pedestrian -1 -1 -8.1727 1069.9824 164.4596 1094.9454 213.4327 1.8952 0.6776 0.5508 18.4636 1.5701 28.2751 -7.5994 0.0555
Car -1 -1 -4.9648 637.5864 183.4980 666.1424 201.5603 1.5296 1.6156 4.1204 3.7618 2.5329 65.8493 -4.9085 0.0545
Car -1 -1 -7.9349 821.1983 167.0378 844.5935 187.5624 1.7610 1.6456 4.1248 19.7431 1.2617 64.0999 -7.6377 0.0532
Car -1 -1 -4.7140 664.7937 183.2591 689.4332 204.8168 1.4101 1.6726 3.8514 4.7142 2.1756 51.1120 -4.6231 0.0508
Pedestrian -1 -1 -5.3669 223.8873 188.5305 253.6675 239.4536 1.8584 0.6839 0.7428 -13.9790 2.4568 27.0879 -5.8397 0.0505
Pedestrian -1 -1 -7.5216 432.9323 183.7940 485.6478 277.4607 1.7476 0.7582 0.8873 -2.9769 1.9680 14.0643 -7.7274 0.6280
Pedestrian -1 -1 -5.7379 490.5553 183.5258 532.5610 260.8182 1.7973 0.7176 0.7383 -2.4182 2.0612 17.3858 -5.8750 0.4967
Pedestrian -1 -1 -2.6768 500.7663 183.1100 539.6647 259.0545 1.8363 0.5895 0.7801 -2.2826 2.0972 17.9644 -2.8024 0.4540
Cyclist -1 -1 -8.3318 553.1807 189.1615 573.7512 219.3253 1.6475 0.4466 1.6777 -2.6991 2.5959 41.1433 -8.3976 0.3357
Pedestrian -1 -1 -4.3975 828.4630 174.6922 851.6911 225.5171 1.9087 0.6167 0.8573 8.7786 1.9803 27.6637 -4.0940 0.2985
Cyclist -1 -1 -5.9567 657.3693 188.2593 709.6761 238.7816 1.7077 0.6570 1.7147 2.5435 2.2644 25.4379 -5.8592 0.2946
Pedestrian -1 -1 -6.0131 716.3597 169.9986 731.9120 206.6599 1.9846 0.6520 0.6934 6.2117 1.8297 39.4985 -5.8587 0.2563
Pedestrian -1 -1 -6.3953 476.5027 190.1621 495.5916 226.0346 1.7772 0.7083 0.8814 -6.3397 2.6672 36.6555 -6.5660 0.2396
Cyclist -1 -1 -5.2673 582.4937 176.6249 619.1681 222.7152 1.8747 0.5691 2.0169 -0.4490 2.0392 30.5154 -5.2826 0.2298
Cyclist -1 -1 -3.1010 452.1726 183.3335 483.8732 214.2080 1.7982 0.6841 1.8203 -8.4521 2.4268 42.8244 -3.2952 0.1769
Pedestrian -1 -1 -2.7151 328.4237 196.7147 339.4424 223.0261 1.8092 0.5956 0.5205 -19.3496 3.4892 50.4964 -3.0797 0.1711
Cyclist -1 -1 -2.6513 546.8187 189.1892 581.7150 220.5473 1.7111 0.7669 1.8256 -2.6273 2.6521 40.8536 -2.7158 0.1557
Cyclist -1 -1 -6.3000 704.0847 183.3232 733.5280 215.1756 1.8270 0.6563 1.6859 6.3041 2.4439 42.1057 -6.1531 0.1546
Pedestrian -1 -1 -3.2021 556.4168 185.5388 567.4756 220.0712 1.9240 0.7202 0.5815 -2.7625 2.6493 40.8841 -3.2699 0.1279
Pedestrian -1 -1 -8.0590 562.7816 184.8059 578.8591 215.5938 1.7668 0.7432 1.0613 -2.3479 2.4803 42.4864 -8.1145 0.1218
Cyclist -1 -1 -7.9645 330.7846 198.5357 339.6708 222.6263 1.6144 0.4142 1.5759 -19.3971 3.4521 50.8442 -8.3277 0.1175
Pedestrian -1 -1 -7.2643 331.9320 196.2365 345.0776 221.9462 1.7736 0.6617 0.5681 -19.1325 3.4300 50.7695 -7.6235 0.1006
Pedestrian -1 -1 -5.2816 628.3849 176.0416 654.7771 231.8452 2.0272 0.6719 0.7628 1.1228 2.1473 26.7668 -5.2411 0.0971
Cyclist -1 -1 -4.6122 332.5067 193.1419 357.3131 256.7397 1.7529 0.5273 1.5935 -7.8450 2.3738 21.2583 -4.9623 0.0964
Pedestrian -1 -1 -5.7404 708.4404 180.6656 722.1907 212.8715 1.8412 0.6296 0.5431 6.0752 2.2987 41.8684 -5.5980 0.0901
Pedestrian -1 -1 -4.8738 570.6295 180.1483 587.8666 224.8460 1.9346 0.6575 0.6697 -1.3992 2.2593 31.7531 -4.9182 0.0897
Cyclist -1 -1 -7.6296 572.1603 187.3920 587.1937 218.1641 1.6873 0.4893 1.7329 -1.7645 2.5373 41.3068 -7.6727 0.0884
Cyclist -1 -1 -6.3492 557.5215 186.4314 589.1996 218.2593 1.7757 0.7233 1.7576 -2.1304 2.5577 41.1128 -6.4013 0.0867
Cyclist -1 -1 -7.8305 570.2681 187.4494 579.8212 218.0042 1.6818 0.5108 1.6669 -2.0349 2.5350 41.3566 -7.8800 0.0851
Cyclist -1 -1 -5.8198 212.2924 193.7158 260.4223 237.5037 1.7786 0.6255 1.6707 -15.5364 2.6532 29.9382 -6.2952 0.0824
Pedestrian -1 -1 -4.5403 327.1426 196.1966 350.6870 254.7184 1.6313 0.5445 0.5566 -7.8196 2.3110 20.6953 -4.8980 0.0803
Cyclist -1 -1 -7.0824 809.4510 174.9791 848.2916 215.6355 1.8421 0.6148 1.8473 10.1208 1.9426 33.4859 -6.7919 0.0787
Cyclist -1 -1 -8.0234 820.8848 178.2553 839.9353 213.2513 1.7546 0.6258 1.9031 11.3915 2.0421 37.4624 -7.7309 0.0783
Cyclist -1 -1 -4.2909 333.8761 192.6016 373.5784 255.1843 1.7271 0.5047 1.5586 -7.5628 2.3292 21.2131 -4.6300 0.0779
Cyclist -1 -1 -7.9701 831.9267 180.9641 852.7226 228.6387 1.7080 0.5464 1.6180 8.6304 2.0205 26.9834 -7.6645 0.0732
Pedestrian -1 -1 -6.8299 748.9973 181.4783 768.0998 223.0844 1.8940 0.6769 0.6017 6.8401 2.2984 33.4406 -6.6306 0.0716
Pedestrian -1 -1 -4.6804 276.2837 191.7720 294.4934 235.5500 1.7865 0.6750 0.6455 -13.6428 2.5902 30.2398 -5.1013 0.0705
Pedestrian -1 -1 -3.7609 217.3228 199.4405 236.8391 238.5383 1.5660 0.5413 0.4862 -15.8044 2.6726 29.6999 -4.2465 0.0699
Cyclist -1 -1 -8.0745 319.6390 195.1998 351.1868 256.0410 1.6700 0.5210 1.6499 -8.1475 2.3536 21.2488 -8.4371 0.0639
Cyclist -1 -1 -4.9074 1036.8384 135.8609 1052.6599 164.8848 1.6962 0.5007 1.6492 26.1661 -0.4903 43.5016 -4.3686 0.0571
Cyclist -1 -1 -2.2842 319.0361 195.8504 343.2228 221.7842 1.7500 0.6479 1.6683 -19.5783 3.3831 50.5705 -2.6523 0.0567
Pedestrian -1 -1 -4.8912 833.4891 190.5005 847.8675 228.3125 1.3840 0.4143 0.5732 8.5864 2.0519 27.0100 -4.5874 0.0550
Cyclist -1 -1 -2.8405 425.0856 191.1687 457.4701 219.1724 1.6454 0.7404 1.7561 -10.1753 2.7574 43.3915 -3.0700 0.0531
Pedestrian -1 -1 -6.0342 549.2505 187.3379 560.7234 218.8750 1.8139 0.5959 0.5388 -3.2483 2.6666 42.1517 -6.1113 0.0529
Pedestrian -1 -1 -7.9659 755.2416 173.3299 771.6224 218.0676 2.0847 0.6768 0.7165 7.1883 2.1071 34.0197 -7.7601 0.0525
Pedestrian -1 -1 -2.0460 319.2294 190.1387 346.6561 253.9081 1.7950 0.5528 0.5482 -8.0778 2.3049 20.9094 -2.4110 0.0518
Cyclist -1 -1 -7.5888 832.7625 176.2388 859.8466 224.1647 1.7705 0.5458 1.7906 9.0320 1.9043 27.6822 -7.2773 0.0512
Cyclist -1 -1 -5.9203 323.3927 192.8638 379.3623 254.9000 1.7621 0.5232 1.4380 -7.5487 2.3504 20.9493 -6.2627 0.0510
Cyclist -1 -1 -7.7305 314.5249 194.7852 341.2122 257.5548 1.6795 0.5161 1.6224 -8.1469 2.3357 20.7489 -8.1009 0.0505
Car -1 -1 -4.2800 224.4062 200.3563 448.2300 317.4870 1.4338 1.7310 4.5435 -4.3738 1.9909 12.2778 -4.6163 0.9656
Car -1 -1 -4.0315 1143.8776 175.4474 1241.0000 222.1869 1.4780 1.6190 4.3363 20.3941 1.5689 24.1663 -3.3369 0.9216
Car -1 -1 -8.0005 801.8689 184.7859 842.0812 214.4109 1.4372 1.5485 3.3903 11.1408 2.0984 38.2232 -7.7195 0.3068
Car -1 -1 -4.2604 532.4216 188.7209 601.1223 225.7418 1.5505 1.7027 3.9357 -2.0192 2.3494 34.2005 -4.3196 0.2547
Car -1 -1 -4.4883 703.4245 180.4456 730.5034 197.3968 1.4531 1.5654 4.1997 9.8087 2.1719 66.1009 -4.3421 0.1676
Car -1 -1 -4.7070 707.8660 186.3668 736.0262 215.5271 1.6105 1.6090 3.5628 6.7123 2.4598 43.4822 -4.5556 0.1391
Car -1 -1 -7.0511 756.0011 184.1340 850.2637 219.6371 1.5173 1.6456 4.3395 9.0125 2.0723 33.7428 -6.7929 0.1385
Car -1 -1 -5.4088 607.0067 191.6754 711.9851 237.4574 1.4724 1.6394 4.1575 1.7298 2.2364 27.1416 -5.3467 0.1259
Car -1 -1 -4.4833 328.2095 197.0710 364.0081 221.1038 1.5343 1.5796 3.9304 -19.0826 3.3557 52.2322 -4.8324 0.1251
Car -1 -1 -3.2684 508.5634 192.5587 577.9902 221.8385 1.5430 1.6879 3.7342 -3.8405 2.6936 40.9130 -3.3621 0.1055
Car -1 -1 -4.5899 559.4880 178.2631 587.2999 203.1279 1.7391 1.5722 4.0996 -2.7044 2.1555 53.4802 -4.6406 0.0976
Car -1 -1 -4.8018 546.3259 189.7995 578.1064 217.8733 1.5329 1.5823 3.8274 -2.9778 2.6096 43.8438 -4.8698 0.0905
Car -1 -1 -3.1213 446.0392 185.5092 509.2415 213.3435 1.6069 1.6543 3.7026 -8.0363 2.3939 43.7784 -3.3023 0.0794
Car -1 -1 -4.9354 1061.7107 135.5441 1111.3219 162.6848 1.5354 1.6981 4.0067 29.3593 -0.6598 44.6217 -4.3562 0.0748
Car -1 -1 -8.0747 1113.2916 135.0784 1164.3759 163.7905 1.6015 1.6414 4.0209 31.9805 -0.5776 43.7871 -7.4468 0.0558
Car -1 -1 -7.9597 614.5911 190.2539 658.0342 226.0693 1.4928 1.6254 3.9502 1.1438 2.3632 34.0759 -7.9272 0.0549
Car -1 -1 -4.9783 984.1428 135.6537 1035.1077 163.3410 1.5657 1.6858 4.2257 24.5875 -0.6180 44.6003 -4.4770 0.0536
Car -1 -1 -5.0813 1021.9233 134.0293 1079.4393 161.4548 1.5513 1.6650 4.0919 27.2206 -0.7417 44.7669 -4.5376 0.0536
