Pedestrian -1 -1 -7.8243 936.8519 179.4022 956.4611 229.9930 1.5891 0.5561 0.7145 10.7902 1.8036 23.2231 -7.3948 0.1614
Cyclist -1 -1 -8.0316 511.6573 179.4189 519.5009 200.7237 1.5858 0.3454 1.4164 -7.2137 2.0914 54.8806 -8.1621 0.1459
Cyclist -1 -1 -7.3647 1204.6149 160.7377 1241.0000 205.2301 1.8634 0.7630 1.7096 26.3793 1.3557 30.8901 -6.6629 0.1150
Pedestrian -1 -1 -8.0023 899.8308 169.3982 922.9123 222.7910 1.8778 0.6559 0.7356 10.7278 1.7560 25.8120 -7.6131 0.0991
Pedestrian -1 -1 -7.6315 1184.4987 165.5549 1205.3573 207.9583 1.8259 0.6117 0.5078 25.4655 1.5113 31.4674 -6.9561 0.0980
Pedestrian -1 -1 -5.3616 1218.0778 157.4617 1241.0000 194.4003 1.8196 0.5233 0.9540 30.9752 1.0610 36.0331 -4.6557 0.0952
Car -1 -1 -7.8734 472.3179 179.0457 500.8328 207.5894 1.6037 1.6130 3.8767 -7.5089 1.9942 43.4861 -8.0438 0.0792
Car -1 -1 -4.5830 444.2182 179.8083 488.2608 214.3319 1.5780 1.6307 4.1096 -7.1352 1.9443 35.9321 -4.7781 0.0750
Pedestrian -1 -1 -5.2133 816.1459 162.4731 846.2553 222.3692 1.9416 0.6300 0.8253 7.2597 1.6048 23.8588 -4.9220 0.0700
Pedestrian -1 -1 -6.9925 1126.1643 163.7699 1149.3832 202.4379 1.9511 0.6633 0.6884 26.8481 1.4924 36.7659 -6.3659 0.0693
Pedestrian -1 -1 -4.5787 888.2957 162.6952 906.0639 210.2043 2.0416 0.6448 0.6217 12.4701 1.6048 31.4356 -4.2047 0.0671
Cyclist -1 -1 -6.6328 1187.2965 168.7865 1241.0000 219.7048 1.8709 0.6572 1.6696 22.7865 1.7211 27.1017 -5.9394 0.0612
Pedestrian -1 -1 -8.2870 1181.1230 158.0700 1202.6440 195.5850 1.8960 0.7019 0.5152 29.6336 1.1485 36.8011 -7.6132 0.0596
Car -1 -1 -4.7887 581.0607 179.8524 606.0962 198.9578 1.4567 1.7257 3.9968 -1.3932 2.0450 58.6086 -4.8128 0.0569
Car -1 -1 -6.2166 896.2491 172.8122 980.3749 200.0896 1.5213 1.6212 4.3621 19.0478 1.5187 41.9818 -5.7936 0.0568
Cyclist -1 -1 -5.4009 776.4459 174.4838 811.6674 219.2816 1.7325 0.4996 1.5258 7.2771 1.7989 28.7581 -5.1561 0.0502
Cyclist -1 -1 -6.3200 802.4216 168.5615 832.7152 200.7086 1.8261 0.6507 1.6490 11.8905 1.5820 41.4985 -6.0432 0.4291
Cyclist -1 -1 -5.2832 804.2389 171.8732 828.5801 201.6093 1.6771 0.5780 1.5854 11.8340 1.6214 41.5360 -5.0079 0.1227
Cyclist -1 -1 -8.0183 689.8884 175.5929 700.0411 203.9298 1.6359 0.3350 1.5930 4.9764 1.8005 42.6147 -7.9034 0.0771
Cyclist -1 -1 -7.9293 813.2167 168.4065 824.3008 198.6031 1.7159 0.4889 1.6475 12.0668 1.4628 41.8559 -7.6509 0.0554
Pedestrian -1 -1 -6.3501 690.7399 175.1430 705.7051 205.6293 1.7094 0.5995 0.8006 4.9513 1.8397 40.8263 -6.2308 0.0528
Car -1 -1 -4.2051 96.2879 181.2812 280.0074 273.4754 1.5572 1.5627 3.5870 -8.1929 1.7451 14.3131 -4.7173 0.9431
Car -1 -1 -7.8979 579.3721 179.1055 615.7770 213.3988 1.5634 1.6120 4.0285 -0.7047 1.8904 35.7081 -7.9181 0.9007
Car -1 -1 -4.4356 360.9027 183.4784 432.5191 224.7914 1.4324 1.6069 4.0999 -8.2582 1.8766 28.1295 -4.7191 0.8179
Car -1 -1 -4.5269 365.5695 183.4837 438.8712 234.7961 1.4804 1.5925 3.9981 -6.7774 1.8601 23.7335 -4.8026 0.2480
Car -1 -1 -2.7347 232.2420 188.9606 407.7313 245.1773 1.4462 1.6524 4.1953 -7.9811 1.9114 19.9626 -3.1109 0.1599
Car -1 -1 -4.1412 137.4720 184.9073 215.5103 212.4939 1.4683 1.7691 4.5578 -25.5864 2.2203 42.7286 -4.6783 0.1020
Car -1 -1 -6.0842 898.0147 170.6910 981.6581 198.0350 1.5270 1.6968 4.2005 19.2271 1.4059 42.2083 -5.6597 0.1013
Car -1 -1 -8.0272 681.9998 176.6719 718.3547 203.2904 1.5280 1.5764 3.6238 5.3943 1.7693 43.8012 -7.9060 0.0997
Car -1 -1 -7.1008 0.0000 197.0949 134.5761 374.0000 1.4562 1.6159 4.1530 -6.7907 1.7584 6.9249 -7.8572 0.0937
Car -1 -1 -4.4454 190.9365 182.0345 244.9908 211.4981 1.5507 1.6789 4.2079 -22.5612 2.1083 41.6104 -4.9398 0.0819
Car -1 -1 -7.6662 422.6310 183.8386 476.3159 221.1077 1.4282 1.5623 3.6539 -6.7800 1.9217 30.5886 -7.8830 0.0685
Car -1 -1 -7.9842 630.7397 177.1398 675.4032 212.2495 1.6230 1.6807 4.1693 2.0476 1.8494 36.0194 -7.9285 0.0513
