Pedestrian -1 -1 -4.3008 1070.3265 127.6963 1197.1445 336.3833 2.0071 0.7483 0.9984 5.3968 1.5725 7.5209 -3.6976 0.0871
Pedestrian -1 -1 -1.9141 91.1605 200.0471 130.3972 274.4950 1.5206 0.5051 0.6424 -10.7196 2.1162 15.4177 -2.5138 0.0772
Cyclist -1 -1 -3.7314 314.5605 183.2021 357.4138 229.6585 1.7921 0.5979 1.5366 -11.0403 2.2191 28.9897 -4.0927 0.0743
Car -1 -1 -4.4153 483.2886 182.2701 528.0868 210.7519 1.5582 1.5490 3.9461 -6.1828 2.1449 42.9116 -4.5581 0.0692
Cyclist -1 -1 -7.5573 307.1129 176.4003 323.7968 205.4569 1.6813 0.4325 1.7189 -17.5139 1.8959 42.8397 -7.9435 0.0682
Car -1 -1 -8.0322 630.2042 175.9323 660.6816 199.0776 1.7084 1.6496 4.1082 2.6807 1.9560 55.9722 -7.9851 0.0674
Car -1 -1 -4.2104 375.5621 178.3326 417.9216 201.8531 1.8255 1.6599 3.8812 -17.4258 2.2893 59.0409 -4.4965 0.0651
Cyclist -1 -1 -7.7056 735.5916 171.7241 765.6998 237.6481 1.8311 0.6274 1.6602 4.0443 1.7994 20.9287 -7.5182 0.0601
Car -1 -1 -4.5272 565.3993 178.2944 590.3226 195.0540 1.5493 1.6577 4.3698 -3.1223 2.0975 70.4614 -4.5717 0.0583
Pedestrian -1 -1 -3.4823 1024.5306 134.8922 1133.9619 313.0938 1.9685 0.6164 0.9029 5.3542 1.5489 8.3668 -2.9297 0.0534
Cyclist -1 -1 -3.4874 460.7839 180.5314 495.5464 219.4589 1.7949 0.6404 1.4911 -6.2837 2.1652 34.1781 -3.6684 0.0524
Car -1 -1 -4.0454 0.0000 202.9490 228.8906 333.5892 1.4181 1.5185 3.3117 -7.2218 1.9193 10.3209 -4.6442 0.0519
Pedestrian -1 -1 -8.0080 694.2803 173.6998 709.2290 208.9201 1.8302 0.6760 0.7069 4.7738 1.8747 37.8754 -7.8841 0.3201
Pedestrian -1 -1 -4.1840 181.0824 223.8855 213.6012 297.7127 1.1200 0.3265 0.3191 -6.5327 1.9326 11.3320 -4.6973 0.1296
Pedestrian -1 -1 -3.0345 704.6690 171.1687 720.0162 206.9982 1.8949 0.5772 0.7556 5.4286 1.8054 38.5309 -2.8961 0.1118
Pedestrian -1 -1 -1.8921 188.6672 213.5347 220.0441 297.7719 1.2856 0.3374 0.3715 -6.5221 1.9479 11.5030 -2.3986 0.0887
Cyclist -1 -1 -8.0674 647.7638 178.3548 664.3229 214.9656 1.7469 0.4643 1.6785 2.2192 2.0242 35.5530 -8.0063 0.0860
Pedestrian -1 -1 -4.3917 69.6596 223.6915 114.0027 329.5817 1.2636 0.3546 0.3587 -6.5467 1.9164 9.0468 -5.0045 0.0828
Cyclist -1 -1 -3.8163 689.9651 172.1871 725.6907 207.9168 1.8572 0.7322 1.8220 5.1563 1.8222 38.2878 -3.6840 0.0637
Pedestrian -1 -1 -4.4158 167.6692 212.8277 208.4068 303.7498 1.3299 0.4152 0.4828 -6.5291 1.9593 11.0834 -4.9382 0.0580
Pedestrian -1 -1 -3.5838 719.8990 168.4684 741.7126 211.8442 1.9358 0.6117 0.7849 5.4137 1.7398 32.6035 -3.4213 0.0579
Pedestrian -1 -1 -3.1119 716.9651 167.9752 737.2811 211.0994 1.9776 0.5362 0.9156 5.3884 1.7536 33.4369 -2.9540 0.0512
Cyclist -1 -1 -4.4165 461.4078 182.9650 482.9688 220.4760 1.7195 0.5802 1.5536 -6.5837 2.2113 34.3125 -4.6052 0.0511
Cyclist -1 -1 -8.1259 685.8779 172.9427 706.6973 209.0867 1.8594 0.6579 1.6759 4.4944 1.8638 38.0014 -8.0096 0.0502
Car -1 -1 -8.3054 795.7971 176.3015 1241.0000 374.0000 1.5876 1.5877 3.8755 2.7370 1.6238 5.6751 -7.8775 0.9708
Car -1 -1 -7.9651 688.7067 188.3390 774.7157 255.4001 1.3492 1.5788 3.7766 2.7563 1.7620 17.3244 -7.8109 0.9526
Car -1 -1 -7.9412 660.7605 181.2769 703.8862 217.5838 1.4956 1.5910 3.7757 3.1584 1.8968 32.4965 -7.8459 0.8752
Car -1 -1 -7.8301 598.3787 179.8512 621.4581 201.6803 1.4944 1.5939 3.5990 -0.0076 2.0197 52.3800 -7.8307 0.8258
Car -1 -1 -7.9560 647.7513 179.6121 687.1056 212.3321 1.5523 1.6209 3.7096 2.8458 1.9150 36.8811 -7.8802 0.7995
Car -1 -1 -7.9816 671.5104 183.9265 741.2561 237.1237 1.4399 1.6100 4.0197 2.8442 1.8140 22.3811 -7.8577 0.7828
Car -1 -1 -7.8330 624.6960 179.5927 648.0056 202.2008 1.4925 1.5624 3.6304 1.8451 1.9821 50.5977 -7.7972 0.3777
Car -1 -1 -4.0295 0.0000 210.6959 199.5462 370.3677 1.4153 1.6204 4.0019 -7.3836 2.0130 9.3789 -4.6829 0.1972
Car -1 -1 -4.5219 495.9883 179.8209 526.6917 202.3779 1.6052 1.6028 3.8306 -7.4430 2.1502 54.5127 -4.6574 0.1463
Car -1 -1 -3.0227 388.4422 185.6779 485.8660 220.3553 1.5638 1.6913 4.3499 -8.2155 2.1947 34.4302 -3.2557 0.1373
Car -1 -1 -9.0913 0.0000 0.0000 1241.0000 374.0000 1.5364 1.6269 3.8310 2.7614 1.5140 0.7769 -7.8907 0.1228
Car -1 -1 -4.4752 322.1261 181.1306 364.4531 207.7175 1.5209 1.5631 3.9590 -16.4645 2.0559 44.6103 -4.8271 0.1110
Car -1 -1 -4.6888 533.1470 177.6563 560.0701 204.8413 1.7327 1.7212 4.2611 -4.2914 2.0727 48.9415 -4.7763 0.1062
Car -1 -1 -4.9326 623.7345 176.1244 649.7366 194.5032 1.6036 1.5405 3.9290 2.3826 1.9108 65.7650 -4.8969 0.1059
Car -1 -1 -4.4378 518.7574 178.4512 550.8182 198.5770 1.5809 1.6048 4.0915 -6.2408 2.0629 60.0259 -4.5414 0.0943
Car -1 -1 -5.1074 1171.6549 174.2810 1241.0000 374.0000 1.5196 1.5952 3.9699 5.6964 1.5340 5.2986 -4.3137 0.0901
Car -1 -1 -8.2207 639.5784 178.4483 691.9176 209.6359 1.6428 1.6448 3.9294 3.0621 1.9759 40.8851 -8.1470 0.0741
Car -1 -1 -4.7386 553.4852 178.5777 574.3143 197.7499 1.5362 1.6500 4.0245 -3.9587 2.0374 61.1357 -4.8034 0.0728
Car -1 -1 -9.3937 0.0000 0.0000 1241.0000 374.0000 1.5792 1.6185 3.8120 4.6123 1.4842 1.4410 -8.1828 0.0648
Car -1 -1 -4.5930 450.9042 185.1746 491.2116 217.5342 1.5369 1.6285 3.7587 -7.2393 2.2128 37.6712 -4.7820 0.0616
Car -1 -1 -5.5933 493.5130 179.7574 565.4060 209.6234 1.6749 1.6736 4.1558 -4.8737 2.1050 43.1477 -5.7056 0.0553
Car -1 -1 -4.6862 634.9502 176.9139 661.8367 203.7504 1.6325 1.6340 4.1901 2.4888 1.9070 46.6959 -4.6338 0.0509
