Pedestrian -1 -1 -5.8300 656.1578 170.2516 665.8715 189.6670 1.7947 0.5472 0.7363 4.7247 1.5539 67.1191 -5.7604 0.1798
Cyclist -1 -1 -7.7898 482.4722 175.7002 491.4418 205.1516 1.6723 0.4118 1.6275 -7.1870 1.8408 41.9613 -7.9588 0.1266
Car -1 -1 -2.5217 158.1106 192.9033 326.8200 248.7295 1.4057 1.5562 4.0212 -10.1936 1.9916 20.0195 -2.9877 0.1211
Cyclist -1 -1 -8.4080 855.1754 171.5345 883.1985 207.0147 1.6128 0.4116 1.6604 12.0324 1.5525 33.6538 -8.0679 0.1022
Car -1 -1 -7.5674 462.8827 173.2005 511.3755 201.8554 1.7303 1.7863 4.7278 -7.8061 1.7533 46.0825 -7.7346 0.0940
Cyclist -1 -1 -3.7633 848.7528 159.3827 885.7802 194.7807 1.7713 0.6487 1.7171 13.0285 1.0969 36.6569 -3.4246 0.0830
Car -1 -1 -5.5649 294.7494 188.6767 404.6390 230.1839 1.3927 1.5428 3.7292 -9.6660 2.0080 26.6739 -5.9098 0.0752
Car -1 -1 -6.7765 931.6301 165.9513 1052.8387 202.0907 1.5066 1.6398 4.3348 16.2740 1.2185 30.9274 -6.2963 0.0697
Cyclist -1 -1 -3.4143 816.6674 171.4961 853.4532 207.6247 1.7845 0.6357 1.6393 11.1732 1.7171 35.9774 -3.1160 0.0676
Car -1 -1 -4.6880 556.4797 174.2732 573.7855 190.5246 1.4957 1.5518 4.0527 -4.2750 1.6348 68.8205 -4.7502 0.0645
Cyclist -1 -1 -2.7391 240.9068 173.9979 299.4362 224.1759 1.8000 0.7275 1.7882 -12.4151 1.8420 26.2964 -3.1767 0.0628
Pedestrian -1 -1 -4.1458 15.2326 176.9366 61.4184 265.5650 1.8099 0.5313 0.5720 -11.9862 1.8967 15.0740 -4.8091 0.0575
Car -1 -1 -7.8246 628.0663 168.6128 648.0634 190.8150 2.0490 1.7794 4.5859 2.6922 1.6573 68.9376 -7.7860 0.0527
Pedestrian -1 -1 -2.2563 133.2658 172.6348 178.8837 256.9210 1.8741 0.5818 0.6789 -10.3822 1.8690 16.4286 -2.8129 0.0514
Pedestrian -1 -1 -6.0338 347.3036 172.0874 357.7077 199.8927 1.8124 0.5319 0.5277 -16.9183 1.7621 47.3202 -6.3757 0.0504
Cyclist -1 -1 -8.4027 985.9413 158.5666 1022.6422 205.6147 1.5873 0.3866 1.4994 13.6518 1.1050 25.1023 -7.9097 0.1251
Cyclist -1 -1 -4.9480 687.6458 171.6698 708.3036 207.6004 1.7705 0.6739 1.6024 4.3861 1.7119 36.3895 -4.8295 0.0736
Pedestrian -1 -1 -7.9704 1035.2831 169.6729 1054.6301 206.4610 1.5248 0.6498 0.3998 18.1702 1.3927 30.2215 -7.4337 0.0565
Car -1 -1 -8.1846 780.0881 180.6326 983.8476 304.0773 1.4847 1.6123 3.7593 3.7505 1.6211 10.7999 -7.8598 0.9817
Car -1 -1 -4.2915 125.8867 191.0638 379.9297 332.5656 1.5020 1.6666 3.8540 -4.7087 1.8051 10.0885 -4.7188 0.9676
Car -1 -1 -4.3972 323.5307 186.9625 459.5707 268.4614 1.4712 1.6328 4.0701 -4.6466 1.8201 15.7993 -4.6794 0.9503
Car -1 -1 -8.1000 724.7151 178.7058 848.3713 256.2678 1.4580 1.6286 4.1507 3.6800 1.6043 15.9743 -7.8784 0.9473
Car -1 -1 -4.4656 405.3116 185.0360 497.4154 240.7775 1.3969 1.6318 4.2538 -4.5717 1.7905 21.1785 -4.6763 0.9250
Car -1 -1 -8.4376 922.7511 183.9904 1241.0000 374.0000 1.4981 1.6138 4.0114 3.8273 1.6092 5.1892 -7.8299 0.8880
Car -1 -1 -8.0132 705.7640 177.8053 781.7586 234.2086 1.4755 1.5848 3.6469 3.7531 1.6322 21.0324 -7.8398 0.8701
Car -1 -1 -4.5427 509.5639 177.0250 551.6481 209.8042 1.5830 1.5939 3.4176 -4.0674 1.8070 37.0450 -4.6518 0.8390
Car -1 -1 -7.9376 699.6929 178.7933 751.0978 221.9795 1.4505 1.5567 3.4839 4.1313 1.6833 26.5186 -7.7854 0.7926
Car -1 -1 -4.5260 526.4816 174.7584 566.4346 205.7823 1.6989 1.6126 3.8861 -3.6641 1.8142 41.7733 -4.6134 0.5854
Car -1 -1 -8.6911 1089.5742 156.2912 1241.0000 219.2913 1.5905 1.5151 3.3548 15.3101 1.1721 20.0068 -8.0453 0.5827
Car -1 -1 -8.0076 684.7322 177.2835 736.0743 214.6541 1.5285 1.6454 3.9623 4.3381 1.7369 31.9839 -7.8746 0.5402
Car -1 -1 -6.3519 742.6276 167.4886 792.0940 187.9053 1.7187 1.6918 4.0329 13.4297 1.2668 61.8674 -6.1394 0.3731
Car -1 -1 -8.6688 924.6708 158.8031 1070.4595 212.5383 1.6091 1.6543 4.2517 12.6070 1.1880 23.8859 -8.1886 0.2085
Car -1 -1 -5.4302 1065.7319 171.3034 1180.4686 213.4915 1.4252 1.5110 3.3948 18.4186 1.3725 26.1452 -4.8221 0.1981
Car -1 -1 -5.1824 1019.6865 165.7535 1164.8953 227.4415 1.4191 1.5628 3.6599 12.1229 1.2554 18.4987 -4.6099 0.1793
Car -1 -1 -8.5651 1123.5532 132.5840 1241.0000 260.2981 2.0321 1.7757 4.3275 12.0845 1.3911 13.6467 -7.8514 0.1558
Car -1 -1 -7.7372 709.7815 169.7696 732.1332 188.6914 1.7249 1.6281 4.0192 10.4523 1.4435 67.9306 -7.5855 0.1431
Car -1 -1 -5.5472 988.4987 159.6933 1140.0454 210.9419 1.5337 1.6698 4.1735 14.7707 1.1396 23.8312 -4.9981 0.1428
Car -1 -1 -7.7644 693.0699 177.7440 730.8639 208.0929 1.4608 1.6160 3.7754 5.2897 1.7276 37.4022 -7.6255 0.1178
Car -1 -1 -6.7175 890.8868 174.8931 987.7765 205.9295 1.5386 1.6043 4.1997 16.6616 1.6444 36.7056 -6.2948 0.1100
Car -1 -1 -4.4262 439.9292 181.1868 502.4348 218.3394 1.4498 1.6003 3.9121 -5.9437 1.8319 31.0898 -4.6140 0.0803
Car -1 -1 -2.5511 200.3530 185.8230 311.9243 229.2388 1.5158 1.5833 3.4246 -13.1570 2.0159 26.8207 -3.0036 0.0782
Car -1 -1 -4.5879 503.9641 172.3822 530.2485 192.1992 1.5469 1.6604 3.6618 -7.4807 1.5098 58.1575 -4.7156 0.0722
Car -1 -1 -4.4038 398.3819 183.3579 462.5452 219.0587 1.4035 1.5842 3.9900 -7.8228 1.8932 31.6130 -4.6449 0.0539
