Pedestrian -1 -1 -7.9430 439.4880 176.5473 461.0073 231.4560 1.9694 0.7017 0.7872 -5.9006 2.1068 26.4247 -8.1612 0.1412
Pedestrian -1 -1 -2.8086 197.5902 174.9787 245.6087 278.5544 1.9353 0.5925 0.6517 -7.4919 1.9768 13.8393 -3.2973 0.1051
Cyclist -1 -1 -4.7708 485.3029 187.6650 498.3751 220.4365 1.6344 0.5825 1.4901 -6.1847 2.4199 37.4900 -4.9338 0.1020
Pedestrian -1 -1 -7.1670 689.5188 182.0742 707.0879 211.5927 1.7520 0.7536 0.7465 5.3110 2.3168 43.6879 -7.0474 0.0799
Pedestrian -1 -1 -2.3367 0.0000 165.2970 62.0142 334.0230 2.0361 0.5975 0.6714 -7.4904 1.9446 9.0462 -3.0140 0.0691
Car -1 -1 -4.4274 318.2533 194.6101 421.0386 257.3180 1.4468 1.6439 3.9325 -6.5762 2.1100 20.0171 -4.7415 0.0672
Car -1 -1 -2.9646 476.4686 192.9201 538.2391 216.7141 1.4904 1.6400 3.8041 -6.7696 2.8380 47.5796 -3.1057 0.0669
Pedestrian -1 -1 -3.8587 1159.7985 155.8407 1241.0000 317.9853 2.0108 0.6594 0.5307 7.5455 1.7995 9.2907 -3.1929 0.0641
Car -1 -1 -7.9170 641.2905 184.8892 669.0565 209.9697 1.7020 1.7554 4.5616 3.2724 2.6312 53.4403 -7.8568 0.0621
Car -1 -1 -4.4384 519.5411 171.6533 555.1170 196.3521 1.8496 1.6588 4.3077 -5.6493 1.7594 56.2994 -4.5383 0.0592
Car -1 -1 -5.0247 728.2515 195.0376 803.1993 237.7645 1.4223 1.6454 4.2128 5.9951 2.3644 28.4678 -4.8201 0.0543
Pedestrian -1 -1 -5.3268 482.9947 181.6795 502.3852 220.1259 1.9525 0.7166 0.7038 -6.1159 2.4154 37.3751 -5.4885 0.1353
Pedestrian -1 -1 -6.6366 634.9290 188.7387 648.4171 212.7787 1.6729 0.6410 0.7818 2.2147 2.8090 51.1960 -6.5943 0.0774
Cyclist -1 -1 -5.2127 639.1290 190.0419 666.5916 229.8662 1.6661 0.4967 1.5954 1.8302 2.4413 31.7272 -5.1564 0.0542
Car -1 -1 -7.9638 668.6340 191.0828 744.2199 255.8129 1.5260 1.6299 3.8148 2.5235 2.0796 20.0078 -7.8412 0.9745
Car -1 -1 -4.4526 303.1545 197.0224 508.1760 337.8507 1.4554 1.6554 4.5517 -2.7151 1.8843 10.5273 -4.7002 0.9560
Car -1 -1 -4.6618 537.0988 189.1154 573.0141 222.0611 1.5083 1.6402 4.0892 -2.8159 2.3914 37.1351 -4.7376 0.8791
Car -1 -1 -8.5334 0.0000 0.0000 1241.0000 374.0000 1.4846 1.6079 3.7581 2.3805 1.7053 1.5593 -7.6267 0.6239
Car -1 -1 -4.8558 642.0514 191.7499 688.3140 228.1961 1.4586 1.5501 3.8557 2.4147 2.3719 32.9065 -4.7840 0.4280
Car -1 -1 -4.6794 560.8251 185.9033 585.1313 211.0684 1.6987 1.6491 3.9315 -2.7027 2.6881 52.7407 -4.7310 0.4086
Car -1 -1 -7.8767 637.8151 188.6213 661.4477 211.6567 1.5367 1.6287 3.9278 2.8400 2.7346 52.8430 -7.8239 0.1857
Car -1 -1 -4.3183 256.9621 196.5340 371.6649 256.9012 1.4138 1.6461 3.7498 -8.2056 2.1404 20.2634 -4.6990 0.1764
Car -1 -1 -4.9244 591.6543 187.1158 626.9263 209.3502 1.5084 1.8045 4.1094 -0.1267 2.6183 53.9706 -4.9274 0.0774
