Cyclist -1 -1 -4.3175 273.0683 187.3194 307.8082 235.2255 1.7572 0.5302 1.9269 -12.4315 2.3381 28.0200 -4.7320 0.6972
Pedestrian -1 -1 -3.0132 777.1710 167.9804 794.9594 203.0251 1.9757 0.6138 0.9156 10.0002 1.7006 41.1278 -2.7767 0.3325
Car -1 -1 -5.1835 667.3701 182.3639 715.1989 207.5209 1.5349 1.5919 3.7632 5.2811 2.1889 47.6073 -5.0742 0.1591
Pedestrian -1 -1 -7.9910 837.9965 170.8417 854.4340 208.1812 1.7625 0.6621 0.6356 11.2256 1.6672 34.4280 -7.6788 0.1269
Pedestrian -1 -1 -5.8958 0.0000 177.1862 13.6460 238.3575 2.0220 0.4662 0.2671 -20.2813 2.1683 24.1499 -6.5890 0.1139
Car -1 -1 -5.1005 911.7316 158.6289 948.5050 181.3559 2.0895 1.7252 4.1775 30.2944 0.7814 68.4500 -4.6856 0.1050
Car -1 -1 -8.2509 984.5459 154.5384 1045.0923 186.5742 1.6898 1.6236 3.6478 22.3025 0.7234 39.9608 -7.7451 0.0841
Pedestrian -1 -1 -2.0289 0.0000 211.0706 16.4067 282.4749 1.6694 0.4072 0.2621 -14.6488 2.6015 17.3648 -2.7223 0.0839
Pedestrian -1 -1 -4.7199 490.7441 175.9237 503.7801 214.0457 1.9840 0.6728 0.8601 -5.9965 2.1479 38.1082 -4.8755 0.0800
Pedestrian -1 -1 -8.1562 323.0237 177.5781 337.4332 212.4911 2.0422 0.6327 0.6481 -16.6238 2.3250 42.7787 -8.5251 0.0768
Car -1 -1 -4.4691 777.3339 181.3842 830.3431 212.8052 1.4870 1.7115 4.2318 10.1266 1.9585 37.6438 -4.2088 0.0735
Car -1 -1 -7.9299 841.3984 162.9097 864.1494 183.6728 1.9277 1.7261 4.4754 23.2840 1.0042 69.3717 -7.6076 0.0694
Pedestrian -1 -1 -3.6028 813.1433 164.7031 825.6016 198.7459 1.9474 0.5676 0.4869 12.0322 1.4809 41.5989 -3.3235 0.0628
Pedestrian -1 -1 -4.2170 155.0228 179.0859 198.4905 268.5972 1.9550 0.5945 0.6514 -9.7355 2.0971 16.1436 -4.7528 0.0609
Car -1 -1 -5.0927 854.6810 162.2349 897.8612 187.5316 1.7559 1.6305 3.7513 19.0978 1.0185 51.9835 -4.7426 0.0605
Car -1 -1 -4.5624 356.8679 195.5500 402.4818 229.2757 1.3998 1.5208 3.8997 -11.0675 2.5568 34.7452 -4.8691 0.0594
Pedestrian -1 -1 -3.5912 876.7808 157.6837 887.4844 197.7946 1.9123 0.4970 0.2926 13.0300 1.1888 34.6614 -3.2347 0.0585
Pedestrian -1 -1 -4.7144 102.2485 201.0341 127.4571 262.3134 1.6502 0.5769 0.7365 -13.9947 2.4620 20.3262 -5.3115 0.0558
Car -1 -1 -8.3791 947.0863 153.3286 992.6926 177.6312 2.1769 1.7344 4.5379 33.3030 0.4276 66.9512 -7.9193 0.0557
Pedestrian -1 -1 -6.1911 415.6527 182.2655 430.3620 214.9546 1.8579 0.5760 0.7706 -10.8022 2.4041 41.5535 -6.4443 0.0556
Car -1 -1 -4.4861 531.2789 184.5108 557.7796 202.1241 1.5773 1.6571 4.1697 -6.3059 2.7378 69.6756 -4.5764 0.0537
Pedestrian -1 -1 -7.4673 86.4886 184.6656 113.8735 237.4219 1.9678 0.7298 0.4553 -19.3666 2.4203 27.3531 -8.0790 0.0522
Pedestrian -1 -1 -4.9565 1061.9131 168.6050 1099.5833 243.0245 1.7285 0.6030 0.6608 11.1382 1.6295 17.1676 -4.3894 0.0514
Pedestrian -1 -1 -4.8659 430.5456 199.1365 444.7417 236.6481 1.3067 0.4335 0.4269 -6.2118 2.2565 25.8054 -5.1004 0.1528
Cyclist -1 -1 -7.5862 386.9104 187.5855 410.9624 235.3095 1.7499 0.4837 1.5912 -8.1490 2.3324 27.7489 -7.8699 0.1361
Cyclist -1 -1 -4.6397 428.5618 185.6896 437.6626 209.2501 1.6712 0.5194 1.8444 -13.0587 2.6337 53.1707 -4.8798 0.1142
Cyclist -1 -1 -4.7403 432.2451 187.6978 447.0276 237.6283 1.7187 0.4767 1.5425 -6.2211 2.2724 26.1227 -4.9725 0.0972
Pedestrian -1 -1 -5.9611 496.4878 183.6865 510.9145 210.5385 1.7085 0.5905 0.7742 -6.8902 2.4125 46.5554 -6.1077 0.0959
Cyclist -1 -1 -8.2058 417.7888 187.3132 445.3761 237.3830 1.7284 0.4647 1.5446 -6.5151 2.2669 26.1213 -8.4485 0.0894
Cyclist -1 -1 -8.3965 1192.3011 129.1566 1238.0479 178.5605 1.6902 0.4225 1.6846 21.3556 0.1949 25.5500 -7.7058 0.0888
Cyclist -1 -1 -2.7962 758.8294 171.3515 784.0134 196.2619 1.7828 0.6373 1.6657 11.6790 1.6749 52.3527 -2.5783 0.0808
Cyclist -1 -1 -8.1012 379.7591 187.4968 403.4077 234.6094 1.7231 0.4964 1.5828 -8.4382 2.3012 27.6963 -8.3948 0.0783
Cyclist -1 -1 -6.0439 379.4986 186.0026 422.8960 234.3301 1.8041 0.5702 1.4919 -7.9717 2.3092 27.4227 -6.3248 0.0713
Pedestrian -1 -1 -4.5675 389.2042 193.4041 404.0682 232.4796 1.4502 0.4768 0.4718 -8.1232 2.2358 27.3261 -4.8544 0.0701
Cyclist -1 -1 -7.5265 367.3045 182.9829 384.8655 213.0419 1.7688 0.4584 1.8157 -14.2832 2.3987 43.9833 -7.8392 0.0528
Cyclist -1 -1 -4.4897 435.2384 183.7372 459.8641 234.9723 1.7863 0.5256 1.6513 -5.9607 2.1956 26.3330 -4.7108 0.0524
Car -1 -1 -2.9056 438.2328 187.6335 502.9124 214.8262 1.4991 1.5693 3.3866 -8.0390 2.3681 41.5755 -3.0959 0.8099
Car -1 -1 -5.6512 0.0000 219.3732 68.7292 374.0000 1.4602 1.6454 3.9621 -7.7690 1.9706 6.7087 -6.4898 0.5737
Car -1 -1 -2.8783 455.1974 185.0915 513.2819 210.5439 1.5955 1.5774 3.4422 -8.2136 2.4097 47.0781 -3.0506 0.4039
Car -1 -1 -7.4194 349.3854 185.3965 399.3168 213.2476 1.5791 1.5658 3.5655 -14.4954 2.3840 44.4539 -7.7332 0.3370
Car -1 -1 -7.4076 383.2116 185.3682 427.4197 208.8419 1.5447 1.6010 3.6849 -14.5923 2.4716 51.5128 -7.6827 0.2831
Car -1 -1 -7.8056 513.9817 183.0479 536.3458 204.6246 1.5737 1.5577 3.7412 -6.6244 2.3967 56.3583 -7.9225 0.2219
Car -1 -1 -7.6117 490.9970 182.1909 527.0634 206.5684 1.6139 1.6625 3.8624 -7.1655 2.3035 51.3124 -7.7502 0.1311
Car -1 -1 -4.4555 816.0712 171.2820 853.5335 194.1746 1.5542 1.5836 3.9718 15.9198 1.4472 51.0907 -4.1554 0.0976
Car -1 -1 -6.9802 1098.3002 138.2157 1225.2467 175.0014 1.5095 1.6453 4.2000 23.2452 0.0878 30.5362 -6.3340 0.0717
Car -1 -1 -6.9621 1193.6779 124.8962 1241.0000 171.3369 1.5578 1.6322 3.9960 23.0303 -0.0552 25.1906 -6.2270 0.0707
Car -1 -1 -4.5803 539.4940 180.8500 570.3172 204.9245 1.6121 1.6702 4.2305 -3.9499 2.2109 51.9082 -4.6563 0.0691
Car -1 -1 -5.0047 755.0171 172.6970 790.8986 195.2799 1.6280 1.5962 3.7372 12.1073 1.6163 53.9364 -4.7854 0.0544
