Pedestrian -1 -1 -6.3785 772.1271 170.6775 787.4381 206.4469 1.8310 0.7383 0.7016 8.7445 1.7193 37.3479 -6.1508 0.5493
Pedestrian -1 -1 -7.8591 757.9868 170.6563 775.4398 213.8159 1.8887 0.7481 0.6622 6.8982 1.7923 31.9762 -7.6491 0.3855
Pedestrian -1 -1 -8.1495 775.3874 166.0133 789.5215 197.0504 1.8688 0.6596 0.6937 10.4329 1.4566 43.8119 -7.9177 0.1356
Car -1 -1 -5.0836 782.9885 159.7264 847.3658 199.6178 1.9422 1.7839 4.1857 10.4785 1.3027 37.3004 -4.8121 0.1344
Pedestrian -1 -1 -8.1063 864.7271 163.1881 888.7272 217.9788 1.8730 0.6396 0.6320 9.1929 1.5423 25.0105 -7.7585 0.1220
Pedestrian -1 -1 -4.9969 814.3898 166.2068 844.2523 231.2970 1.8304 0.6450 0.6922 6.2162 1.6432 20.6373 -4.7090 0.1198
Car -1 -1 -7.9510 615.6141 174.1451 643.9901 197.9079 1.7477 1.7265 4.7785 1.4570 1.8516 55.7779 -7.9254 0.1086
Car -1 -1 -4.3169 0.0000 153.5509 408.8656 374.0000 1.8433 1.7092 3.8765 -3.0487 1.7338 6.0641 -4.7664 0.1074
Pedestrian -1 -1 -4.7353 978.1235 160.0210 1002.7010 229.5526 1.8191 0.5589 0.7219 10.1301 1.4831 19.3240 -4.2592 0.0940
Pedestrian -1 -1 -3.9225 1086.2885 155.7695 1142.1479 265.3466 1.8138 0.5633 0.5373 8.5109 1.5307 12.2700 -3.3279 0.0916
Pedestrian -1 -1 -5.9644 901.8571 162.0981 942.3157 250.9081 1.8197 0.6348 0.6204 6.5344 1.5990 15.2272 -5.5668 0.0824
Pedestrian -1 -1 -4.7829 697.2091 211.9222 716.4407 270.4880 1.0631 0.3288 0.3864 1.7642 1.8083 13.5682 -4.6576 0.0767
Pedestrian -1 -1 -5.1875 911.7078 160.0813 944.0585 224.6101 1.8998 0.6268 0.7142 9.4689 1.5235 21.6209 -4.7803 0.0758
Pedestrian -1 -1 -5.3763 900.9051 220.9073 999.6376 374.0000 1.2798 0.3899 0.4179 2.0933 1.6017 4.5867 -4.9736 0.0750
Pedestrian -1 -1 -3.8141 682.3289 168.2878 702.3914 215.9165 1.9308 0.5454 0.6122 3.3387 1.7454 29.6434 -3.7037 0.0623
Pedestrian -1 -1 -4.5843 331.8819 166.3820 350.7059 220.0657 1.9908 0.6049 0.4804 -10.1187 1.7505 27.0592 -4.9393 0.0612
Pedestrian -1 -1 -5.7566 1187.2930 141.2865 1241.0000 252.8516 1.8228 0.5337 0.8397 10.4033 1.3067 12.2747 -5.0657 0.0609
Pedestrian -1 -1 -5.1192 955.4601 243.6298 1020.8156 369.3675 1.0457 0.3648 0.4519 3.3372 1.7059 6.4992 -4.6644 0.0607
Cyclist -1 -1 -7.4896 550.9579 178.3259 575.4133 214.2422 1.7608 0.6759 1.7040 -2.4001 2.0447 36.5646 -7.5553 0.0595
Pedestrian -1 -1 -3.2509 1113.5217 171.2837 1148.1384 254.0251 1.5199 0.3564 0.4859 9.7037 1.4907 13.5269 -2.6394 0.0590
Car -1 -1 -6.7352 569.1392 182.5216 622.5699 204.8196 1.5034 1.6186 3.4496 -1.0372 2.2128 51.4607 -6.7558 0.0572
Pedestrian -1 -1 -7.5292 725.6498 175.9231 738.8683 207.4455 1.6812 0.5769 0.4914 6.5543 1.8479 38.9038 -7.3641 0.0527
Car -1 -1 -7.3070 1022.4357 168.1783 1241.0000 374.0000 1.5640 1.6613 4.3431 4.1802 1.5518 2.8892 -6.3881 0.0520
Pedestrian -1 -1 -5.7954 1090.9086 170.0626 1136.7001 257.9654 1.5288 0.4111 0.5426 8.9380 1.4800 12.8850 -5.2001 0.0512
Car -1 -1 -7.7192 517.9476 179.2306 560.3548 214.5973 1.6851 1.6527 3.9726 -3.6272 2.0307 37.1222 -7.8165 0.0503
Pedestrian -1 -1 -7.9652 787.2261 174.4655 807.1985 213.6258 1.7218 0.7790 0.7661 8.3044 1.7944 32.1932 -7.7156 0.3555
Cyclist -1 -1 -6.7568 617.2013 175.4346 642.9876 201.0467 1.8652 0.6759 1.7968 1.4585 2.0583 53.3788 -6.7301 0.2412
Cyclist -1 -1 -3.6350 905.4952 191.1500 1133.4998 369.3845 1.5294 0.5338 1.7621 3.6027 1.7015 6.5226 -3.1506 0.1536
Cyclist -1 -1 -8.0123 783.9466 166.0428 797.1527 201.5553 1.8416 0.4174 1.6540 9.5268 1.4881 38.2583 -7.7705 0.1448
Pedestrian -1 -1 -4.9255 818.7464 200.8761 852.2179 270.7799 1.2352 0.4772 0.5491 4.0881 1.7619 13.2764 -4.6341 0.1324
Cyclist -1 -1 -6.4813 784.9548 170.6450 833.5989 211.0480 1.7567 0.8725 1.9345 8.7430 1.6604 31.8721 -6.2165 0.1291
Pedestrian -1 -1 -6.3437 621.0507 181.1930 633.6535 207.0320 1.7108 0.5491 0.8098 1.1254 2.2715 48.2508 -6.3211 0.1284
Cyclist -1 -1 -7.9524 623.1788 181.8915 631.4611 206.6515 1.6209 0.4049 1.5434 1.1296 2.2391 48.5936 -7.9298 0.1163
Pedestrian -1 -1 -4.6986 710.4880 206.2226 733.3070 279.1984 1.1673 0.3682 0.4102 1.8041 1.7319 11.9845 -4.5541 0.1037
Pedestrian -1 -1 -6.6472 808.2276 163.1552 831.2924 209.9873 2.0186 0.6927 0.7679 9.1030 1.6002 31.4777 -6.3687 0.0966
Pedestrian -1 -1 -4.8426 723.1011 203.7093 753.4150 294.6314 1.2890 0.3787 0.4539 1.8273 1.7528 10.6206 -4.6783 0.0946
Pedestrian -1 -1 -5.0610 904.9031 228.2294 995.6227 374.0000 1.2247 0.3883 0.4290 2.0902 1.5938 4.5882 -4.6588 0.0881
Pedestrian -1 -1 -5.1053 1018.5891 226.3199 1093.9645 366.6199 1.1929 0.4578 0.3975 3.9721 1.6937 6.5353 -4.5801 0.0881
Pedestrian -1 -1 -4.8802 913.3271 198.9689 962.7286 310.8080 1.3016 0.4417 0.6609 3.9973 1.6386 8.9454 -4.4733 0.0875
Pedestrian -1 -1 -4.8128 791.0368 201.6662 819.2204 264.1337 1.1858 0.4792 0.5700 3.8098 1.7695 14.3083 -4.5588 0.0679
Pedestrian -1 -1 -7.7329 866.8881 183.8365 902.8076 266.5137 1.4627 0.5614 0.5236 4.9851 1.6692 13.2221 -7.3806 0.0661
Pedestrian -1 -1 -4.4738 847.2085 213.5563 900.4865 322.5754 1.1950 0.5016 0.4499 3.0447 1.6912 8.4766 -4.1413 0.0619
Cyclist -1 -1 -8.3187 830.4022 185.6884 960.0913 342.5599 1.5345 0.6220 1.6965 3.0646 1.6935 8.0800 -7.9695 0.0573
Pedestrian -1 -1 -4.2956 922.4262 207.0088 981.3134 322.3260 1.2670 0.4816 0.4654 3.9507 1.6831 8.4606 -3.8732 0.0560
Pedestrian -1 -1 -2.9819 934.9258 196.2769 984.8717 308.6922 1.3309 0.4052 0.5076 4.2996 1.6322 8.9813 -2.5492 0.0550
Pedestrian -1 -1 -5.0985 874.0349 232.7163 956.5466 374.0000 1.1885 0.3499 0.3986 1.8694 1.5854 4.5848 -4.7351 0.0543
Pedestrian -1 -1 -4.5413 842.9365 220.2075 885.6783 319.3217 1.1217 0.4244 0.4562 3.0319 1.7158 8.7551 -4.2197 0.0537
Pedestrian -1 -1 -5.0598 957.6317 235.5270 1018.8871 367.7464 1.1200 0.3808 0.3680 3.3449 1.7026 6.5080 -4.6046 0.0534
Pedestrian -1 -1 -4.6413 1105.8688 214.2064 1207.9111 374.0000 1.4069 0.4912 0.5689 3.4112 1.6906 4.5788 -4.0326 0.0525
Cyclist -1 -1 -8.0879 785.7956 167.0078 801.3221 201.5359 1.8044 0.4262 1.6525 9.7561 1.4986 38.5363 -7.8422 0.0522
Pedestrian -1 -1 -5.2041 904.6005 216.7614 953.7659 312.6907 1.0929 0.3476 0.4904 3.7926 1.6391 8.7195 -4.8073 0.0514
Pedestrian -1 -1 -4.6694 1052.7875 215.6682 1110.6825 365.9613 1.2612 0.4261 0.4399 4.2090 1.6662 6.5282 -4.1182 0.0507
Pedestrian -1 -1 -4.9285 913.9974 214.5231 955.7436 317.4498 1.1441 0.3642 0.3846 3.7290 1.6431 8.4231 -4.5258 0.0506
Cyclist -1 -1 -6.7006 787.8255 167.4716 831.8679 207.1654 1.7599 0.7039 1.7775 8.9450 1.5209 32.4718 -6.4346 0.0504
Car -1 -1 -6.5154 675.4573 177.3932 857.9913 243.2118 1.6048 1.7311 4.3196 3.8993 1.7277 18.6514 -6.3133 0.9508
Car -1 -1 -4.5049 372.0380 187.2210 506.7642 285.4255 1.4702 1.5873 4.1302 -3.0482 1.7796 13.4829 -4.7240 0.9505
Car -1 -1 -4.5824 474.6829 185.6060 541.6043 240.5170 1.4525 1.5225 3.7942 -3.0482 1.8724 21.8726 -4.7200 0.9194
Car -1 -1 -6.2738 628.4516 178.0257 727.0182 216.9514 1.6729 1.7852 4.2863 2.9901 1.9128 32.4043 -6.1833 0.9106
Car -1 -1 -6.2729 653.6295 181.9356 783.8273 228.7903 1.4865 1.6230 4.2199 3.6119 1.8081 24.4537 -6.1288 0.5414
Car -1 -1 -4.0696 0.0000 195.7457 194.3198 374.0000 1.4836 1.6820 4.1422 -5.6746 1.7535 6.3986 -4.7747 0.3484
Car -1 -1 -4.5726 543.6091 175.7256 577.0932 206.1041 1.9132 1.6473 4.2696 -3.2906 2.1128 48.0435 -4.6411 0.2858
Car -1 -1 -7.8396 796.7153 186.2220 884.5618 263.8449 1.3843 1.6045 3.8882 4.9550 1.7135 15.6871 -7.5400 0.2807
Car -1 -1 -4.5368 396.6413 188.0565 460.7888 235.5919 1.3829 1.4417 3.7226 -6.0216 1.9308 24.1149 -4.7795 0.2382
Car -1 -1 -4.4813 426.0109 184.7809 486.5599 226.0427 1.4589 1.5068 3.7949 -6.0445 1.9619 28.5328 -4.6887 0.2187
Car -1 -1 -7.7624 612.5284 177.4709 638.5193 200.8637 1.6907 1.6230 4.0707 1.1917 2.0565 55.0967 -7.7414 0.1880
Car -1 -1 -4.4691 442.2130 184.8524 495.8945 219.3824 1.4361 1.5651 3.7629 -6.4711 2.0209 33.2630 -4.6603 0.1629
Car -1 -1 -6.6944 0.0000 0.0000 1241.0000 374.0000 1.6492 1.6371 3.7932 -3.0982 1.7307 1.2899 -7.7957 0.1165
Car -1 -1 -6.7085 779.8234 170.1549 885.1752 205.0277 1.5298 1.6814 4.2577 10.0209 1.4111 32.7646 -6.4146 0.1074
Car -1 -1 -8.0053 617.0789 180.9156 647.4188 204.3907 1.5200 1.5563 3.6595 1.4722 2.0991 49.9428 -7.9765 0.1058
Car -1 -1 -4.9018 622.4064 183.4532 665.0092 213.9045 1.4642 1.5409 3.8211 1.6880 2.0528 38.0899 -4.8585 0.1058
Car -1 -1 -4.7985 608.9904 175.9863 632.6003 197.0372 1.6753 1.6234 3.9493 0.8418 1.9445 60.0553 -4.7850 0.0933
Car -1 -1 -6.8144 569.8019 180.5682 622.9126 203.5277 1.5532 1.5835 3.4623 -0.9951 2.1199 51.4545 -6.8341 0.0760
Car -1 -1 -8.1692 782.2179 167.2941 839.4359 203.6698 1.7845 1.6990 3.9458 10.2965 1.5115 37.4096 -7.9030 0.0745
Car -1 -1 -7.2479 982.4522 182.3047 1241.0000 374.0000 1.5722 1.5900 4.1369 3.8817 1.6225 2.8943 -6.3662 0.0549
Car -1 -1 -6.5775 794.6095 182.7934 1034.8066 280.0911 1.4225 1.5049 3.2517 4.7013 1.5943 11.6102 -6.2025 0.0524
Car -1 -1 -6.4403 0.0000 0.0000 1241.0000 374.0000 1.6138 1.6227 3.8165 -1.5168 1.7014 -0.0271 -7.8410 0.0513
