Cyclist -1 -1 -8.2051 886.6376 158.1688 930.5583 228.6809 1.7768 0.4854 1.7492 7.8118 1.4064 19.0634 -7.8221 0.9013
Pedestrian -1 -1 -2.9705 853.5594 165.1151 927.4055 374.0000 1.7103 0.5550 0.5066 2.3186 1.6485 6.0996 -2.6247 0.4699
Pedestrian -1 -1 -6.8479 677.4678 176.1459 699.7482 221.8105 1.6150 0.6056 0.5590 2.7809 1.7350 25.9714 -6.7431 0.2861
Pedestrian -1 -1 -7.7992 655.6453 174.7425 670.5513 210.5786 1.7239 0.6931 0.5899 2.5435 1.8163 35.0817 -7.7281 0.1613
Pedestrian -1 -1 -4.1327 715.8231 168.7532 755.9055 261.5063 1.7195 0.5417 0.5501 2.3474 1.6432 13.7621 -3.9684 0.1543
Car -1 -1 -8.0267 1231.5574 151.6971 1241.0000 178.4843 1.6231 1.6323 4.0812 40.9803 0.3408 45.8835 -7.3009 0.1099
Pedestrian -1 -1 -6.1555 422.3270 182.8490 431.1692 204.9774 1.8514 0.7078 0.6412 -15.5429 2.7030 61.1102 -6.4039 0.1071
Car -1 -1 -4.3725 223.3316 183.9174 257.8951 202.5329 1.6852 1.7114 4.1065 -35.8129 2.7914 70.0173 -4.8440 0.0995
Pedestrian -1 -1 -7.6222 0.0000 202.9624 22.9638 280.8479 1.6675 0.6003 0.5543 -13.6273 2.3560 16.1253 -8.3158 0.0796
Car -1 -1 -6.0472 361.0413 182.5386 411.5117 203.3343 1.7658 1.6120 3.9463 -19.5452 2.6245 63.0644 -6.3469 0.0743
Pedestrian -1 -1 -3.7688 786.5967 161.6254 801.2351 189.3389 1.8528 0.5590 0.7757 12.3651 1.1018 48.6427 -3.5216 0.0742
Pedestrian -1 -1 -3.5103 843.4633 159.2223 856.3055 185.7697 1.8858 0.6070 0.6981 17.1138 0.9172 51.5756 -3.1919 0.0660
Pedestrian -1 -1 -4.1687 42.8673 210.9364 79.6537 268.8353 1.4104 0.5050 0.6002 -13.9805 2.3945 18.3268 -4.8135 0.0652
Pedestrian -1 -1 -5.7763 252.2797 182.6867 274.7270 225.6302 1.9834 0.6680 0.7146 -16.2889 2.4492 33.8433 -6.2222 0.0510
Pedestrian -1 -1 -4.3600 927.0170 162.4330 956.7906 223.1665 1.6433 0.5250 0.7549 9.1410 1.3611 19.9767 -3.9369 0.0508
Pedestrian -1 -1 -8.3249 1204.2605 143.7627 1236.7600 195.8743 1.8543 0.6662 0.6623 22.0051 0.8189 26.0722 -7.6295 0.2117
Pedestrian -1 -1 -8.2226 1217.3982 149.2375 1241.0000 199.7561 1.7813 0.6734 0.5625 22.2302 0.9483 25.8186 -7.5175 0.1721
Cyclist -1 -1 -2.0934 163.9165 189.6764 199.0122 230.5282 1.8690 0.6416 1.7659 -20.4239 2.6853 34.3126 -2.6272 0.1700
Pedestrian -1 -1 -7.1092 726.6287 167.3192 742.9500 197.2815 1.8876 0.6248 0.8342 7.9144 1.5386 45.9583 -6.9402 0.1195
Pedestrian -1 -1 -8.0688 780.6504 169.0613 799.9620 209.2976 1.7440 0.7031 0.6151 7.8472 1.5793 31.5908 -7.8280 0.1191
Pedestrian -1 -1 -6.9344 811.7836 165.3390 828.8438 192.5430 1.6576 0.8566 0.6150 12.9252 1.1994 44.4752 -6.6536 0.1134
Pedestrian -1 -1 -7.5089 662.8502 174.3397 680.8387 216.0575 1.7086 0.5835 0.5805 2.5262 1.7708 29.9642 -7.4263 0.1017
Pedestrian -1 -1 -4.7554 149.9297 187.3540 169.8939 234.9948 1.9732 0.6941 0.6205 -19.1396 2.5971 30.6117 -5.3105 0.0987
Cyclist -1 -1 -6.5833 1189.0465 145.8321 1241.0000 197.5061 1.8034 0.7323 1.8346 21.9782 0.8600 25.8740 -5.8848 0.0966
Cyclist -1 -1 -4.4657 103.3084 197.0961 130.6280 239.3282 1.6847 0.5229 1.8544 -21.1033 2.7531 30.8472 -5.0619 0.0927
Pedestrian -1 -1 -7.7843 774.2150 163.3743 790.5211 202.7656 1.9129 0.7400 0.6173 8.4286 1.4523 35.4434 -7.5531 0.0901
Pedestrian -1 -1 -7.0202 821.5849 161.5004 838.6882 192.7611 1.8372 0.6211 0.7481 13.0350 1.1697 42.8472 -6.7270 0.0825
Pedestrian -1 -1 -6.2769 107.2931 201.5629 121.4003 240.4449 1.5974 0.6292 0.4882 -21.0786 2.8315 30.6271 -6.8759 0.0765
Pedestrian -1 -1 -7.5473 1096.9365 152.2904 1119.1738 189.9658 1.8232 0.6961 0.7870 24.4173 0.8278 35.4330 -6.9479 0.0758
Pedestrian -1 -1 -3.6542 1054.5680 153.4431 1069.6313 187.7005 1.8500 0.5765 0.4709 24.5598 0.8014 39.2626 -3.0987 0.0684
Cyclist -1 -1 -3.3439 1175.8734 145.9653 1241.0000 198.5095 1.8671 0.6466 1.8375 21.8448 0.9114 26.3534 -2.6574 0.0648
Pedestrian -1 -1 -7.8337 745.8441 175.5136 759.2648 207.1793 1.6044 0.6641 0.7115 7.2824 1.7422 37.0467 -7.6416 0.0573
Cyclist -1 -1 -7.4827 317.8682 187.9019 337.3444 218.4301 1.6781 0.4565 1.6895 -16.2049 2.5576 41.3395 -7.8545 0.0570
Cyclist -1 -1 -8.1942 750.5359 170.2075 774.5513 208.4268 1.7056 0.5420 1.6765 6.9355 1.5872 33.0664 -7.9897 0.0544
Cyclist -1 -1 -7.6550 714.5443 175.4513 731.2969 216.4660 1.6700 0.4115 1.4964 4.6979 1.7814 30.2509 -7.5030 0.0515
Pedestrian -1 -1 -4.2479 1037.8652 152.1538 1054.8323 189.2473 1.9016 0.5931 0.4966 22.5611 0.8401 37.3739 -3.7084 0.0507
Car -1 -1 -7.9095 702.4609 175.3497 733.0399 202.5512 1.5180 1.5670 3.6630 6.2716 1.6713 42.5083 -7.7645 0.6805
Car -1 -1 -4.7667 334.6621 187.2931 362.6841 213.9166 1.6062 1.5448 3.6147 -17.3093 2.5983 47.6276 -5.1138 0.5942
Car -1 -1 -4.3150 32.6334 204.0301 123.3943 247.5938 1.4737 1.6751 3.5938 -21.3989 2.8159 29.1290 -4.9444 0.4959
Car -1 -1 -5.9568 300.6574 183.6023 373.1265 208.3430 1.7197 1.7280 4.5639 -19.6321 2.5067 51.9115 -6.3170 0.3962
Car -1 -1 -4.2786 296.6262 189.6635 351.1722 217.9685 1.4894 1.5969 3.5574 -16.6070 2.5090 41.9550 -4.6537 0.3094
Car -1 -1 -7.8243 767.1347 171.4939 800.5041 203.9890 1.5824 1.5710 3.6238 8.9315 1.5159 37.0910 -7.5902 0.2413
Car -1 -1 -8.1620 757.8297 174.4566 813.5661 209.5698 1.5042 1.5385 3.2114 7.8655 1.5802 32.7192 -7.9286 0.2333
Car -1 -1 -8.0188 739.8374 173.7366 775.8859 200.1562 1.4742 1.5141 3.3724 8.5456 1.5275 42.0874 -7.8202 0.2310
Car -1 -1 -5.0268 1054.1652 153.9501 1112.1702 184.6039 1.6327 1.5648 3.9344 26.4589 0.6255 40.5334 -4.4519 0.1924
Car -1 -1 -7.0308 803.0785 168.3525 870.9505 193.6044 1.5417 1.6347 4.0784 14.3407 1.2666 45.6679 -6.7287 0.1800
Car -1 -1 -6.6669 1066.5961 154.0423 1162.8922 186.7612 1.5801 1.6645 3.5767 25.0967 0.6713 36.0482 -6.0626 0.1213
Car -1 -1 -4.8769 981.8004 163.5597 1010.1558 182.8217 1.6267 1.5436 3.9657 33.6673 0.8415 63.0591 -4.3886 0.1157
Car -1 -1 -4.9884 1056.0729 155.5460 1095.9973 177.0883 1.7327 1.7471 4.0556 38.8157 0.3403 60.2297 -4.4182 0.1070
Car -1 -1 -8.2621 683.9142 173.7492 734.5414 201.3017 1.7040 1.6788 4.3306 6.3767 1.7649 47.0847 -8.1288 0.0985
Car -1 -1 -8.0095 793.5449 168.5482 822.5079 189.9691 1.5741 1.5521 3.7617 15.0205 1.2574 54.9765 -7.7445 0.0903
Car -1 -1 -2.6785 237.3293 188.7502 317.3648 217.6187 1.6045 1.6914 3.8875 -19.3633 2.5499 42.0144 -3.1083 0.0889
Car -1 -1 -2.8162 170.2237 199.2420 274.7040 234.6029 1.5027 1.6321 3.9560 -17.9382 2.7678 33.4726 -3.3052 0.0808
Car -1 -1 -4.6203 710.6507 177.8153 753.9720 215.0312 1.4811 1.5167 3.8256 5.3129 1.7101 31.3025 -4.4543 0.0530
Car -1 -1 -7.7732 832.5110 163.1534 860.1461 185.3784 1.6357 1.6905 4.2045 18.1376 0.9215 55.3684 -7.4584 0.0529
