Pedestrian -1 -1 -3.6223 1023.3250 139.8255 1153.7958 332.4110 1.6942 0.4364 0.8949 4.2957 1.4033 6.5986 -3.0661 0.0979
Car -1 -1 -5.3556 715.6244 169.8002 764.5327 192.4207 1.6952 1.6242 4.0778 10.0654 1.4661 56.2599 -5.1798 0.0792
Car -1 -1 -7.3327 1066.6558 152.1539 1241.0000 374.0000 1.4719 1.6460 4.2707 4.3404 1.4193 2.8726 -6.3929 0.0788
Car -1 -1 -4.9610 504.9792 171.7030 543.7762 198.3985 1.6661 1.6075 3.8703 -5.6666 1.5940 47.1273 -5.0803 0.0736
Pedestrian -1 -1 -3.9655 1124.4968 145.0681 1145.1326 203.7757 1.8059 0.4657 0.2596 16.2774 0.9509 22.4495 -3.3445 0.0690
Pedestrian -1 -1 -7.3338 1143.4674 157.4690 1160.2510 200.5827 1.7156 0.4963 0.2172 21.7193 1.1031 28.9834 -6.6957 0.0664
Car -1 -1 -4.5971 0.0000 174.5573 37.6947 201.0334 1.6361 1.5866 4.2592 -38.6687 1.7523 47.0956 -5.2819 0.0660
Pedestrian -1 -1 -8.0409 783.6235 163.8858 798.1380 197.2458 1.8053 0.6816 0.5169 9.8169 1.3197 39.3230 -7.7984 0.0631
Car -1 -1 -6.0887 501.5142 176.3671 586.6202 207.5256 1.4648 1.6057 3.8919 -3.2169 1.6404 35.1441 -6.1798 0.0612
Pedestrian -1 -1 -5.6882 268.7475 173.3363 281.9640 196.3086 1.8205 0.5007 0.8153 -26.6965 1.8589 57.5065 -6.1213 0.0572
Car -1 -1 -5.2299 719.2044 174.3694 779.9367 202.0666 1.4718 1.6575 3.8554 7.7627 1.5612 40.6618 -5.0430 0.0560
Car -1 -1 -2.1547 18.5374 178.9404 81.5547 204.0293 1.5156 1.5595 3.3412 -35.3244 1.9097 45.4846 -2.8123 0.0537
Pedestrian -1 -1 -5.5186 150.5178 174.6138 168.0420 205.7481 1.9011 0.5543 0.7375 -27.7961 2.0101 44.4453 -6.0750 0.0528
Pedestrian -1 -1 -6.5799 720.5542 167.4262 730.8475 187.9118 1.8608 0.4637 0.8273 10.5322 1.3674 65.8259 -6.4223 0.0520
Pedestrian -1 -1 -8.0557 856.1163 153.5895 881.5516 213.5763 1.8743 0.6308 0.6928 8.1707 1.2721 22.9302 -7.7179 0.0508
Car -1 -1 -4.2065 379.2724 178.2751 413.2249 193.9930 1.4451 1.5254 3.7343 -20.6283 1.9834 69.6981 -4.4935 0.0504
Car -1 -1 -5.1466 772.6714 186.2028 808.2254 203.6342 1.5047 1.6471 4.1309 16.8930 2.7995 67.8155 -4.9040 0.0501
Pedestrian -1 -1 -7.6631 793.6406 162.2547 813.9769 207.8827 1.7815 0.6447 0.7935 7.6592 1.3674 28.6697 -7.4051 0.2829
Cyclist -1 -1 -8.0969 1079.9799 157.2851 1135.6141 254.0980 1.6289 0.4102 1.6721 8.8788 1.3666 12.9959 -7.5085 0.2466
Pedestrian -1 -1 -6.7879 1182.8699 147.8685 1241.0000 269.5417 1.6876 0.6221 0.7434 8.7920 1.3407 10.3813 -6.0995 0.2414
Pedestrian -1 -1 -4.8558 664.6670 162.4572 680.7073 202.5452 1.9166 0.6776 0.6969 2.9844 1.4192 34.8635 -4.7716 0.1963
Cyclist -1 -1 -7.9172 910.9442 168.2950 928.7961 224.7782 1.5646 0.3577 1.6219 8.8778 1.4380 20.8111 -7.5196 0.1831
Pedestrian -1 -1 -6.1808 855.6854 158.8913 888.6694 214.7785 1.8099 0.5599 0.9746 8.6119 1.3574 23.8293 -5.8384 0.1329
Cyclist -1 -1 -3.7026 1118.6804 146.9770 1241.0000 263.0004 1.6430 0.6152 1.8342 8.5950 1.2762 10.6200 -3.0360 0.1187
Cyclist -1 -1 -8.7607 794.5629 164.6667 838.6486 210.1145 1.6924 0.4727 1.6901 7.8670 1.3872 27.6900 -8.4872 0.1163
Pedestrian -1 -1 -8.1464 995.4793 149.6003 1043.4746 245.2059 1.8167 0.6358 0.6983 7.9454 1.3746 14.1189 -7.6432 0.1088
Cyclist -1 -1 -7.6861 341.5944 181.4630 348.8410 200.4257 1.4457 0.3003 1.4081 -20.7152 2.1268 56.3836 -8.0370 0.1051
Pedestrian -1 -1 -3.3465 619.1448 163.5973 637.8268 201.7229 1.8351 0.5265 0.8166 0.8551 1.3893 35.0625 -3.3228 0.0962
Pedestrian -1 -1 -3.6786 1191.0013 131.9639 1241.0000 266.3810 1.7974 0.6184 0.6838 8.5807 1.2504 10.0074 -2.9846 0.0946
Cyclist -1 -1 -7.8088 919.3566 161.4324 938.9176 222.4545 1.6764 0.4490 1.7192 9.1121 1.3623 20.6928 -7.3997 0.0846
Pedestrian -1 -1 -7.7803 664.8418 168.4675 680.0087 203.3280 1.6838 0.6796 0.8768 3.0206 1.4716 35.3365 -7.6962 0.0825
Pedestrian -1 -1 -3.5174 1193.2283 133.9180 1241.0000 269.4380 1.7518 0.5565 0.6405 8.2893 1.2482 9.6909 -2.8250 0.0732
Cyclist -1 -1 -8.2784 1001.7416 141.0902 1077.6884 242.4965 1.8905 0.5848 1.8123 8.4627 1.2980 14.3816 -7.7558 0.0712
Pedestrian -1 -1 -7.6677 903.6559 153.5474 933.4739 223.0271 1.8190 0.6042 0.8029 8.2461 1.3133 19.3920 -7.2715 0.0678
Pedestrian -1 -1 -7.8816 19.0521 186.4393 44.5477 233.5308 1.5946 0.6803 0.4564 -20.1228 2.0735 25.0538 -8.5532 0.0651
Cyclist -1 -1 -7.2235 792.1156 161.1997 831.8243 205.7866 1.7570 0.6414 1.7568 8.1460 1.2975 29.2307 -6.9547 0.0573
Pedestrian -1 -1 -4.7333 801.8051 162.8384 819.2706 209.1981 1.7518 0.6261 0.7727 7.6522 1.3730 27.7152 -4.4671 0.0572
Cyclist -1 -1 -4.1336 1148.3319 139.4335 1241.0000 270.2001 1.7195 0.6511 1.8735 8.4771 1.2797 10.0815 -3.4490 0.0558
Pedestrian -1 -1 -6.1954 628.4221 163.6471 643.3943 202.5299 1.8568 0.6491 0.6692 1.2123 1.4168 34.8191 -6.1614 0.0550
Cyclist -1 -1 -7.8023 338.3420 181.1589 344.8044 201.0000 1.5114 0.3981 1.4539 -20.9871 2.1684 56.3483 -8.1576 0.0548
Pedestrian -1 -1 -4.4147 1070.3485 159.9442 1113.9017 247.7437 1.5900 0.5324 0.5861 8.9385 1.3559 13.4587 -3.8389 0.0541
Cyclist -1 -1 -6.8898 993.0488 146.7123 1101.7754 243.1056 1.8003 0.6551 1.7277 8.3331 1.3117 13.8671 -6.3584 0.0529
Cyclist -1 -1 -4.2665 1066.5625 160.4469 1155.2363 253.4775 1.5686 0.6119 1.7771 8.8985 1.3591 12.8798 -3.6730 0.0518
Cyclist -1 -1 -4.5879 618.0908 164.4737 636.8768 202.4616 1.7974 0.7060 1.7329 0.8190 1.4006 35.0483 -4.5652 0.0504
Car -1 -1 -4.1619 60.2818 186.5585 165.3791 225.1019 1.4388 1.6251 4.3673 -21.0570 2.0643 30.7314 -4.7587 0.9416
Car -1 -1 -4.2230 213.8958 183.9901 273.5437 211.1781 1.4421 1.5390 3.6216 -21.0790 2.1120 41.5972 -4.6897 0.9224
Car -1 -1 -4.2252 153.8646 184.6994 224.1750 216.8416 1.4672 1.4639 3.7313 -21.0821 2.0927 36.2229 -4.7494 0.8391
Car -1 -1 -4.3339 300.0873 178.7474 340.4803 202.1015 1.6146 1.5121 3.5820 -21.0921 2.0584 52.5800 -4.7140 0.6969
Car -1 -1 -4.2699 253.9931 181.0623 307.6068 206.1592 1.5081 1.5986 3.9827 -21.2557 2.0616 46.6754 -4.6954 0.5907
Car -1 -1 -3.9594 0.0000 190.5990 41.4683 242.4597 1.4371 1.6518 3.9216 -20.8436 2.0596 23.3371 -4.6828 0.5423
Car -1 -1 -4.6186 326.5216 179.4147 351.8058 198.9132 1.4637 1.5377 3.7875 -21.5965 2.0052 57.5582 -4.9763 0.3076
Car -1 -1 -5.0055 1080.0529 164.8502 1144.2698 196.2863 1.4485 1.5903 3.5531 24.3583 1.0794 35.1817 -4.4040 0.1460
Car -1 -1 -5.1494 710.8077 172.6463 766.4438 200.1993 1.5048 1.6405 3.9011 7.2978 1.4932 41.5048 -4.9770 0.1144
Car -1 -1 -5.4495 712.2682 172.4780 762.3745 194.5736 1.6567 1.5905 3.9567 9.8454 1.6282 56.1975 -5.2773 0.1045
Car -1 -1 -4.1875 343.3999 179.7633 387.7146 198.8810 1.4295 1.6345 3.8459 -19.4471 1.9992 57.4795 -4.5126 0.0943
Car -1 -1 -4.6536 361.6330 177.9310 383.6391 196.8752 1.5714 1.5940 4.0312 -20.7670 2.0306 63.1554 -4.9704 0.0790
Car -1 -1 -4.3480 32.4033 188.1834 114.9887 221.8271 1.3584 1.6363 4.3038 -24.8206 2.1188 33.5138 -4.9819 0.0723
Car -1 -1 -6.4174 630.9653 171.6444 715.1593 202.6214 1.5217 1.6530 4.0387 3.0968 1.4620 36.3728 -6.3336 0.0708
Car -1 -1 -4.6840 299.6017 178.0001 329.9345 204.9126 1.6264 1.6946 4.1341 -19.0916 1.9750 46.6918 -5.0705 0.0688
Car -1 -1 -4.1188 136.4529 182.7131 212.6254 211.6201 1.4948 1.6701 4.1112 -24.5794 2.0812 40.8407 -4.6580 0.0668
Car -1 -1 -7.2185 1241.0000 134.6373 1241.0000 314.6000 1.4657 1.5508 3.9622 8.5256 1.1541 6.7615 -6.3392 0.0623
Car -1 -1 -6.9135 789.5096 168.4643 890.3813 207.6624 1.5045 1.6015 3.6239 9.1960 1.3357 29.0341 -6.6101 0.0515
