Car -1 -1 -8.1244 647.8600 179.9643 741.6998 244.0547 1.4620 1.5613 3.2325 2.0350 1.6616 18.5638 -8.0179 0.9730
Pedestrian -1 -1 -4.3299 22.2061 219.0695 63.0738 295.3910 1.2005 0.3905 0.4491 -9.4397 1.9826 11.9449 -4.9880 0.2172
Car -1 -1 -7.8548 522.0894 178.6907 541.5977 198.1437 1.6084 1.6363 3.5907 -6.8128 2.1301 62.6558 -7.9631 0.1525
Car -1 -1 -6.4607 593.0423 178.7168 666.8431 204.4634 1.4878 1.6440 4.2045 1.1369 1.8488 43.3397 -6.4352 0.0837
Car -1 -1 -4.4879 307.3826 186.1842 368.7703 223.4131 1.4651 1.6621 4.1592 -12.0558 2.0984 32.1217 -4.8446 0.0806
Pedestrian -1 -1 -5.2596 360.8055 183.9379 372.2854 217.8675 1.5957 0.4149 0.3149 -11.6358 2.1273 34.3648 -5.5842 0.0775
Pedestrian -1 -1 -7.9582 672.1801 163.2249 690.3577 209.6028 1.9651 0.7052 0.6876 3.0065 1.5568 30.9202 -7.8628 0.0747
Pedestrian -1 -1 -3.8388 0.0000 183.3103 42.9903 271.3109 1.7936 0.5967 0.7019 -12.5853 2.0194 15.2027 -4.5218 0.0616
Cyclist -1 -1 -4.5422 439.6387 177.1328 466.4584 234.8003 1.7477 0.5480 1.7167 -5.0060 1.8882 22.8661 -4.7559 0.0583
Pedestrian -1 -1 -5.8698 432.2491 178.2567 447.7776 210.4369 1.8122 0.6544 0.6543 -9.7270 2.1229 41.1427 -6.1009 0.0582
Pedestrian -1 -1 -4.6888 469.5632 187.7737 482.9813 227.6776 1.3307 0.4380 0.4735 -4.5911 1.8432 24.5305 -4.8725 0.0557
Car -1 -1 -7.9089 605.8965 178.2578 655.9911 222.9705 1.5623 1.6773 4.3828 0.6915 1.7880 27.9632 -7.8852 0.0517
Pedestrian -1 -1 -7.3469 98.7603 183.2600 144.1637 273.9669 1.8126 0.5863 0.5279 -10.0454 2.0294 14.7712 -7.9360 0.0517
Car -1 -1 -4.5948 520.5524 180.4410 543.3704 201.2760 1.8852 1.6691 4.4066 -7.4597 2.6348 69.1079 -4.7023 0.0513
Pedestrian -1 -1 -4.7840 444.8574 174.0408 467.5005 231.2737 1.8060 0.6474 0.9786 -5.0320 1.8450 23.3515 -4.9945 0.6134
Cyclist -1 -1 -4.7542 471.1028 175.5247 490.7552 227.2589 1.7473 0.6051 1.7569 -4.5989 1.8444 25.3879 -4.9322 0.4932
Cyclist -1 -1 -7.9867 433.5012 180.9552 446.6989 211.8853 1.7068 0.5148 1.6735 -9.7323 2.1783 41.1474 -8.2180 0.2479
Pedestrian -1 -1 -6.1385 409.5518 176.8622 424.0862 202.3338 1.8154 0.6238 0.9300 -13.9233 2.1055 51.9041 -6.3997 0.1408
Pedestrian -1 -1 -3.1130 397.6830 173.3665 403.7183 198.5204 1.8601 0.6581 0.4131 -15.6168 1.8982 53.7413 -3.3948 0.0712
Cyclist -1 -1 -7.9592 428.1035 180.0201 441.4328 211.7682 1.7552 0.5636 1.6947 -10.0457 2.1728 41.1853 -8.1974 0.0687
Pedestrian -1 -1 -7.7469 607.1561 172.1758 626.6765 223.8439 1.8165 0.6220 0.7588 0.2053 1.7924 25.7795 -7.7398 0.0604
Car -1 -1 -7.8254 370.6613 188.4258 432.4274 243.0950 1.3708 1.5931 3.4695 -6.0626 1.8651 21.0394 -8.1032 0.9429
Car -1 -1 -8.0371 557.1733 180.3810 599.1751 210.7964 1.4589 1.5598 3.4699 -1.7330 1.8682 37.4004 -8.0836 0.9153
Car -1 -1 -5.0549 737.8553 179.8201 970.8300 324.5425 1.4941 1.6122 3.8199 2.8918 1.6053 9.5918 -4.7717 0.9015
Car -1 -1 -8.4209 825.8806 91.1847 1241.0000 374.0000 1.9148 1.7557 4.6105 2.9013 1.6695 4.4896 -7.8779 0.8489
Car -1 -1 -8.1090 603.8439 174.2327 675.2039 225.3058 1.6609 1.6327 3.6559 0.9188 1.7131 25.5326 -8.0742 0.7648
Car -1 -1 -4.6069 382.6770 184.9108 440.6440 230.2034 1.4413 1.6009 4.0874 -7.1750 1.9154 26.2475 -4.8717 0.5615
Car -1 -1 -7.9019 537.4119 179.7834 564.1688 204.6404 1.5380 1.5764 3.8269 -3.9854 2.0155 47.7591 -7.9851 0.4764
Car -1 -1 -6.7079 629.4247 177.7030 705.4623 209.0191 1.5565 1.5505 3.6373 2.9508 1.8182 37.6289 -6.6308 0.3533
Car -1 -1 -7.6366 400.2886 175.9446 434.2729 199.6151 1.6791 1.6279 3.9550 -14.3300 1.9175 53.7187 -7.8964 0.2926
Car -1 -1 -4.5208 437.3976 181.7477 478.3593 210.8941 1.5747 1.6318 3.8618 -8.8596 2.1174 42.1114 -4.7274 0.1050
Car -1 -1 -4.5022 437.3677 184.6185 485.1091 215.3566 1.4626 1.6092 4.2774 -7.8276 2.1188 38.1194 -4.7038 0.0857
Car -1 -1 -7.7920 408.2487 184.0802 441.8063 212.9214 1.5199 1.6383 3.8816 -10.6759 2.2003 41.6879 -8.0416 0.0604
Car -1 -1 -4.3859 413.1840 182.8040 476.0521 219.2389 1.5435 1.6285 4.1448 -7.7216 2.0400 33.8831 -4.6088 0.0551
