Car -1 -1 -7.8024 597.2897 178.2140 627.1034 204.7044 1.5718 1.6803 4.3139 0.1492 1.9288 45.9002 -7.7997 0.8666
Pedestrian -1 -1 -7.3058 793.9173 176.7671 816.3439 213.8535 1.7971 0.7495 0.8267 9.5975 1.9931 35.6373 -7.0454 0.5366
Pedestrian -1 -1 -4.5040 809.0229 164.2050 832.2350 219.6634 1.9602 0.6614 0.7693 7.5458 1.6542 25.9974 -4.2251 0.5346
Pedestrian -1 -1 -6.8206 1034.3091 158.6481 1088.2509 243.8965 1.7872 0.5670 0.7981 9.5768 1.4890 15.4136 -6.2737 0.4562
Car -1 -1 -4.7350 503.7862 178.9461 521.7130 195.6177 1.4858 1.5790 3.9155 -9.1903 2.0759 67.8659 -4.8694 0.3501
Pedestrian -1 -1 -6.1137 159.5173 184.7939 175.9621 212.3744 1.8053 0.4415 0.8688 -29.3954 2.6039 47.9110 -6.6618 0.2356
Pedestrian -1 -1 -6.6265 31.7641 188.1574 52.8393 217.7567 1.6963 0.4937 0.8568 -33.3583 2.6049 42.3562 -7.2908 0.1489
Car -1 -1 -4.5109 632.6374 175.1162 657.9427 192.7445 1.6146 1.6190 4.1468 3.3796 1.8371 68.8609 -4.4625 0.1399
Car -1 -1 -4.3681 258.7837 181.6231 303.8071 207.0798 1.7037 1.6577 4.0842 -23.5818 2.3590 51.8412 -4.7934 0.1270
Car -1 -1 -7.9273 1110.6776 156.5560 1141.2245 179.7004 1.7677 1.6564 4.1810 40.9181 0.5226 57.3261 -7.3099 0.1148
Car -1 -1 -4.9809 742.3495 176.3840 786.2393 204.5161 1.6528 1.6710 3.9411 9.5122 1.8822 44.9174 -4.7741 0.1089
Cyclist -1 -1 -4.9428 1161.7933 123.8960 1183.4287 161.2689 1.6925 0.4315 1.6496 26.4862 -0.5603 34.0373 -4.2854 0.0934
Pedestrian -1 -1 -7.8914 864.5264 173.2934 882.4270 221.3044 1.6462 0.5579 0.6417 9.1272 1.6614 25.1365 -7.5474 0.0891
Pedestrian -1 -1 -4.8333 937.5839 150.8369 964.0621 215.5737 1.9561 0.6598 0.6410 10.4344 1.2905 22.2087 -4.3995 0.0837
Car -1 -1 -4.4804 0.0000 188.9624 6.5193 217.4075 1.4954 1.6015 4.2008 -37.3401 2.4980 42.6917 -5.1960 0.0833
Car -1 -1 -4.3377 409.9899 180.0061 454.1189 202.9932 1.5287 1.6474 4.1629 -12.6744 2.0605 51.5099 -4.5782 0.0804
Car -1 -1 -4.6786 0.0000 191.6383 10.1787 216.9461 1.5078 1.6081 3.9217 -41.0745 2.8112 48.0448 -5.3834 0.0802
Car -1 -1 -5.4659 1050.3973 126.2621 1161.3439 165.8249 1.5124 1.6736 3.8083 20.6530 -0.3152 30.3110 -4.8719 0.0784
Pedestrian -1 -1 -5.8407 1185.4105 142.0652 1241.0000 272.9572 1.7945 0.5851 0.7383 8.7875 1.3721 10.3504 -5.1511 0.0783
Car -1 -1 -4.4250 508.6237 180.7038 545.0892 204.1416 1.4821 1.4721 3.6769 -5.6202 2.0344 48.8619 -4.5393 0.0779
Pedestrian -1 -1 -5.1759 995.6071 166.3247 1033.0198 235.9859 1.7206 0.5190 0.7943 10.1525 1.5590 18.2280 -4.6751 0.0778
Car -1 -1 -4.8870 1110.1804 127.4977 1169.2990 162.2055 1.5156 1.6224 3.9517 25.5297 -0.5475 34.9475 -4.2597 0.0753
Car -1 -1 -4.3882 433.1371 181.4680 463.5079 198.1133 1.5063 1.6292 4.1322 -15.5850 2.3631 69.6505 -4.6079 0.0711
Cyclist -1 -1 -8.0007 822.6606 174.5066 840.1125 214.9670 1.6429 0.4564 1.6304 9.2142 1.7137 30.2062 -7.7079 0.0700
Car -1 -1 -4.3601 202.3156 184.8326 260.4507 216.4353 1.6258 1.6422 3.9320 -21.3276 2.3358 40.7312 -4.8401 0.0671
Pedestrian -1 -1 -6.2538 75.4736 182.7665 84.1131 206.8948 1.7370 0.6812 0.4879 -38.7572 2.4665 52.7058 -6.8856 0.0669
Pedestrian -1 -1 -5.8151 392.6299 177.8459 404.4143 203.6192 1.8277 0.7574 0.5261 -15.1953 2.1883 51.7495 -6.0997 0.0638
Car -1 -1 -4.6707 46.5443 185.9606 77.7462 209.3269 1.6083 1.6920 4.0722 -41.1638 2.6323 54.2369 -5.3177 0.0619
Pedestrian -1 -1 -4.3766 874.0746 177.2284 895.0747 223.1280 1.5077 0.5064 0.5492 9.1413 1.6560 24.1445 -4.0193 0.0592
Car -1 -1 -4.6515 508.7299 177.1643 533.0211 200.9659 1.6843 1.5712 3.7061 -6.6237 2.0158 53.6453 -4.7742 0.0572
Pedestrian -1 -1 -5.9492 830.5967 177.0954 851.7119 221.5734 1.6967 0.6194 0.6144 8.9385 1.8638 28.0387 -5.6443 0.0570
Pedestrian -1 -1 -6.8640 970.8530 155.6721 1004.4805 221.5153 1.9164 0.6247 0.6423 11.1172 1.4160 21.3458 -6.3899 0.0567
Car -1 -1 -4.5859 0.0000 191.8651 0.0000 221.0988 1.5136 1.7170 4.1668 -41.1679 2.6875 42.3805 -5.3537 0.0562
Car -1 -1 -8.7909 0.0000 0.0000 1241.0000 374.0000 1.4876 1.5929 3.7595 3.7330 1.5084 1.8814 -7.7485 0.0556
Car -1 -1 -5.2288 708.2764 177.2991 748.3729 200.0827 1.6616 1.5249 3.4337 8.9908 2.0130 55.2267 -5.0687 0.0536
Car -1 -1 -8.0920 893.5803 159.5180 928.1839 185.2922 2.1147 1.7392 4.3114 25.5518 1.0202 61.4644 -7.7000 0.0531
Car -1 -1 -4.4859 143.8102 189.0465 199.2745 223.4316 1.4710 1.4530 3.8385 -21.1389 2.2988 34.8490 -5.0280 0.0524
Car -1 -1 -4.4060 0.0000 189.4882 31.7908 222.5561 1.5484 1.6426 3.9276 -32.2465 2.4745 38.0566 -5.1056 0.0511
Pedestrian -1 -1 -3.6523 690.5460 169.5727 709.9393 209.8818 1.9203 0.5715 0.7424 4.3071 1.7637 34.7783 -3.5307 0.0509
Car -1 -1 -4.6451 771.0666 177.0449 806.4034 208.4982 1.6545 1.6758 4.0981 10.0983 1.9037 40.7484 -4.4044 0.0507
Pedestrian -1 -1 -6.7461 1147.1772 152.0593 1214.9692 264.2278 1.7526 0.5473 0.6788 9.1153 1.4273 11.6064 -6.0931 0.0504
Cyclist -1 -1 -7.1910 443.3107 177.3452 480.6533 225.9040 1.7694 0.5558 1.5339 -5.6215 1.9438 27.2520 -7.3931 0.0896
Cyclist -1 -1 -7.8042 492.7459 178.6858 502.7007 212.1467 1.6950 0.4379 1.5461 -5.8873 2.0051 37.6178 -7.9589 0.0852
Cyclist -1 -1 -7.7432 434.7820 178.9645 454.0567 227.9186 1.7435 0.5223 1.6041 -6.1690 1.9766 26.7306 -7.9685 0.0664
Cyclist -1 -1 -4.4885 504.2461 178.5250 517.8289 207.6136 1.6844 0.4671 1.5575 -5.9113 2.0275 42.8890 -4.6251 0.0540
Pedestrian -1 -1 -4.5508 442.7127 183.0294 460.4345 225.3521 1.5448 0.5595 0.5621 -5.9211 1.9263 26.7750 -4.7669 0.0537
Car -1 -1 -4.6091 454.3200 181.8904 488.2455 207.7377 1.4552 1.6310 4.0219 -8.4733 2.0337 44.1442 -4.7980 0.6511
Car -1 -1 -4.4328 396.2141 183.4361 441.4232 208.6190 1.4187 1.6401 4.0149 -11.7303 2.0988 44.3741 -4.6902 0.6442
Car -1 -1 -7.2268 0.0000 189.3557 160.3868 251.5544 1.5700 1.7302 4.5692 -15.8687 2.1186 21.7122 -7.8523 0.3459
Car -1 -1 -7.4899 283.4209 187.1997 403.4645 255.0337 1.4967 1.6235 3.8591 -6.7954 1.9066 18.6877 -7.8347 0.2162
Car -1 -1 -3.0688 398.3089 183.1126 491.5413 216.8423 1.5128 1.6552 4.1947 -7.7881 2.0145 34.1807 -3.2916 0.2162
Car -1 -1 -4.6821 483.3694 181.6334 512.1977 210.4703 1.5343 1.5272 3.5866 -6.4391 2.0606 41.4059 -4.8359 0.2066
Car -1 -1 -7.3722 211.9813 184.6630 293.6408 223.2899 1.5572 1.6381 3.9088 -15.9092 2.1175 32.2723 -7.8272 0.1741
Car -1 -1 -7.4764 289.0161 182.8130 349.5811 215.2623 1.6141 1.6633 4.0585 -15.7337 2.1825 39.1687 -7.8564 0.1335
Car -1 -1 -4.3993 327.4640 183.2924 376.9800 210.4540 1.5078 1.6197 4.1637 -15.6019 2.1712 43.7735 -4.7401 0.0964
Car -1 -1 -7.6290 360.9538 186.1425 442.1732 239.1306 1.4771 1.6265 4.0844 -6.6441 1.9432 23.2391 -7.9050 0.0855
Car -1 -1 -4.7342 436.6418 178.6760 469.6738 210.9333 1.6632 1.7027 4.0586 -8.8077 2.0045 40.1593 -4.9492 0.0824
Car -1 -1 -4.6373 381.0826 182.1098 418.6005 212.6812 1.5461 1.6824 4.2671 -11.6642 2.0894 40.1192 -4.9188 0.0814
Car -1 -1 -4.4446 355.2673 182.7575 396.6327 207.0241 1.4903 1.5976 4.0692 -15.5652 2.1781 48.0666 -4.7565 0.0781
Car -1 -1 -7.6995 412.7963 182.0545 469.4951 227.6791 1.6109 1.5818 3.8421 -6.5772 1.9959 28.2446 -7.9268 0.0661
Car -1 -1 -3.0611 417.1299 181.4569 503.1154 212.9647 1.5599 1.6759 4.2430 -7.7449 2.0186 37.4091 -3.2643 0.0614
Car -1 -1 -4.3781 205.0950 184.5450 261.6947 215.8479 1.6189 1.6418 3.9202 -21.3095 2.3148 40.9101 -4.8560 0.0579
Car -1 -1 -4.8622 275.6802 182.9852 313.3929 210.3053 1.6453 1.6879 3.9529 -20.6801 2.3369 47.1507 -5.2737 0.0551
Car -1 -1 -7.2650 115.0034 187.8265 228.6442 234.8546 1.4788 1.5759 3.9006 -15.6497 2.0580 25.9412 -7.8035 0.0547
Car -1 -1 -4.3142 159.4073 187.7729 341.7201 280.2459 1.4410 1.6185 4.2049 -6.7925 1.7758 14.0696 -4.7571 0.0513
Car -1 -1 -4.5708 276.0122 183.6565 318.0131 212.1082 1.5470 1.7060 4.3779 -18.7689 2.2306 43.3429 -4.9775 0.0503
