Car -1 -1 -4.0999 52.7714 184.9849 159.8616 226.6462 1.4685 1.5700 3.7607 -19.7447 1.9777 28.4196 -4.7029 0.9063
Pedestrian -1 -1 -8.0181 892.3079 164.1272 917.1772 221.7630 1.8374 0.6342 0.7158 9.5118 1.5589 23.4200 -7.6372 0.1111
Car -1 -1 -7.9390 278.0479 169.1930 304.4621 191.9464 1.9262 1.7607 4.3641 -28.0674 1.6160 63.4208 -8.3543 0.1027
Cyclist -1 -1 -4.2157 493.2149 176.6982 521.9961 222.0685 1.7038 0.5185 1.3621 -4.0003 1.8563 27.9482 -4.3572 0.0915
Pedestrian -1 -1 -8.1023 868.8421 161.4732 895.8002 220.4917 1.9039 0.6559 0.7650 8.8863 1.5365 23.6919 -7.7481 0.0831
Pedestrian -1 -1 -7.7653 798.5599 167.7507 813.4236 206.5809 1.8008 0.6216 0.6394 9.1606 1.5639 33.8697 -7.5039 0.0786
Car -1 -1 -4.5951 567.6276 175.5551 590.6772 194.5526 1.6334 1.6058 4.0416 -2.7576 1.8831 64.7030 -4.6379 0.0729
Pedestrian -1 -1 -5.6192 1085.6759 167.3034 1136.7247 247.4636 1.6402 0.4908 0.7353 10.4878 1.5263 15.1885 -5.0244 0.0712
Car -1 -1 -4.8536 271.1763 181.9034 317.3275 213.2743 1.4800 1.6318 4.1311 -16.4868 1.9773 37.4882 -5.2656 0.0588
Car -1 -1 -7.2795 1143.5500 148.9875 1241.0000 374.0000 1.5099 1.6210 4.1375 5.0230 1.4300 3.3179 -6.3327 0.0588
Pedestrian -1 -1 -3.3781 799.3279 161.1893 850.6697 246.5554 1.9043 0.5146 1.0219 4.8173 1.6438 16.3753 -3.0977 0.0568
Car -1 -1 -7.2405 1240.5750 141.6143 1241.0000 334.2942 1.4785 1.5740 4.1586 8.2831 1.2385 6.4703 -6.3548 0.0565
Pedestrian -1 -1 -3.9678 673.8839 169.0619 695.9676 206.1173 1.8235 0.6720 0.8913 3.7045 1.6366 36.0543 -3.8668 0.0564
Car -1 -1 -4.6471 9.7492 171.0446 45.4067 194.6343 1.5881 1.6701 4.2550 -40.9795 1.4660 50.7972 -5.3235 0.0563
Pedestrian -1 -1 -7.6870 48.8291 177.2477 69.5330 218.5128 1.8621 0.6579 0.6298 -25.2912 2.0659 33.0830 -8.3360 0.0559
Car -1 -1 -4.7723 759.1889 172.2002 794.5836 202.0608 1.5669 1.6456 4.2268 9.1785 1.5323 40.0816 -4.5492 0.0538
Pedestrian -1 -1 -8.0317 913.5439 167.0325 935.6771 217.9631 1.7215 0.5958 0.5985 10.7378 1.5244 24.7471 -7.6271 0.0536
Car -1 -1 -4.4450 186.3799 182.3228 248.6788 214.6618 1.4702 1.6673 4.3282 -19.7641 1.9783 36.4441 -4.9392 0.0530
Car -1 -1 -7.8340 262.9371 171.1606 283.3329 188.5800 1.6307 1.6999 4.3279 -32.6059 1.4718 69.8677 -8.2694 0.0521
Car -1 -1 -4.9003 680.5568 175.5925 709.8932 196.4066 1.5431 1.5494 3.9070 6.5511 1.7631 56.0253 -4.7849 0.0513
Car -1 -1 -4.6483 720.7374 173.8375 746.2560 195.3059 1.5778 1.6723 4.2631 9.5046 1.6562 55.5018 -4.4799 0.0509
Pedestrian -1 -1 -7.0424 1112.8477 155.4415 1179.7882 263.0795 1.7318 0.5483 0.7058 8.8009 1.4513 11.9281 -6.4189 0.1255
Pedestrian -1 -1 -6.7287 1083.4242 161.2798 1131.2130 257.2398 1.6792 0.5292 0.5241 8.8446 1.4764 12.9254 -6.1397 0.1125
Pedestrian -1 -1 -3.9485 1132.2057 154.0165 1201.4105 267.1319 1.7617 0.5655 0.6822 8.8647 1.4680 11.5726 -3.3075 0.0805
Pedestrian -1 -1 -3.8463 1159.6963 153.0015 1229.3173 263.6612 1.6839 0.5382 0.6507 9.0553 1.3815 11.2618 -3.1821 0.0773
Pedestrian -1 -1 -5.7385 1058.6342 158.4179 1111.4609 256.3470 1.7310 0.5313 0.6203 8.5975 1.4755 13.1497 -5.1702 0.0730
Pedestrian -1 -1 -7.0899 1130.0887 145.1932 1199.1434 266.4015 1.8384 0.5828 0.6304 8.6069 1.4186 11.2838 -6.4512 0.0637
Cyclist -1 -1 -3.3674 1027.9595 151.6536 1160.7977 258.8144 1.8225 0.6455 1.8699 8.5441 1.4616 12.8937 -2.7932 0.0538
Car -1 -1 -4.1341 144.7699 186.7532 236.5054 219.1217 1.3405 1.6945 4.1936 -19.5930 2.0338 33.8632 -4.6554 0.8992
Car -1 -1 -4.2202 236.0261 183.3963 305.0868 211.3355 1.4553 1.6788 4.4716 -19.4942 2.0958 41.5819 -4.6564 0.8217
Car -1 -1 -4.4153 290.9367 182.1595 332.4353 206.9153 1.5004 1.4874 3.6700 -19.4324 2.1314 47.0526 -4.8053 0.6160
Car -1 -1 -4.5003 328.1079 180.7320 362.9768 203.1247 1.5173 1.6051 3.8012 -19.1458 2.1096 52.2858 -4.8500 0.5369
Car -1 -1 -4.3823 383.1193 179.2946 414.5531 196.9469 1.4690 1.5450 3.6477 -18.4978 2.0499 63.2586 -4.6660 0.4696
Car -1 -1 -4.3328 166.9865 184.6188 229.2879 212.1668 1.4277 1.6815 4.1409 -23.5807 2.1379 41.4099 -4.8479 0.1392
Car -1 -1 -4.0716 63.5298 186.2983 162.2541 219.8761 1.4187 1.6585 4.2334 -23.5707 2.0987 34.3588 -4.6694 0.0995
Car -1 -1 -4.7508 378.2109 179.9096 404.1794 200.8247 1.4428 1.6864 3.9192 -16.2328 1.9849 53.3386 -5.0451 0.0827
Car -1 -1 -4.3775 413.1996 179.2726 448.1426 196.5133 1.4329 1.6873 4.2737 -15.8339 2.0199 63.8149 -4.6201 0.0787
