Pedestrian -1 -1 -6.4456 0.0000 179.0089 20.5495 272.5646 1.7038 0.5674 0.3853 -11.4020 1.8216 13.5156 -7.1368 0.1436
Pedestrian -1 -1 -5.2263 32.2140 170.2418 103.3751 305.3662 1.9592 0.6148 0.6606 -8.2223 1.9211 10.8775 -5.8621 0.1361
Pedestrian -1 -1 -6.8581 753.7252 166.2251 762.4147 199.3919 1.6993 0.4457 0.2333 7.5970 1.3593 37.2170 -6.6587 0.0676
Pedestrian -1 -1 -3.3953 1184.2184 136.5793 1241.0000 288.8298 1.8183 0.5592 0.6926 7.6337 1.3848 9.0162 -2.7092 0.0672
Pedestrian -1 -1 -6.3598 574.0668 169.7799 581.3262 192.0341 1.8443 0.6240 0.5577 -2.7194 1.5893 60.1411 -6.4051 0.0663
Pedestrian -1 -1 -8.2671 1022.2901 148.6049 1079.2948 262.8985 1.8130 0.5520 0.7097 7.1573 1.4281 11.8308 -7.7346 0.0616
Pedestrian -1 -1 -7.6426 735.0717 155.7631 762.0408 218.6820 1.9170 0.6620 0.8716 4.2799 1.3959 22.5130 -7.4578 0.2014
Pedestrian -1 -1 -8.6068 1054.2356 146.7973 1102.8174 229.0489 1.8005 0.6812 0.6075 10.4311 1.2298 16.1568 -8.0421 0.2001
Cyclist -1 -1 -7.6711 508.3274 171.5602 519.9689 201.8031 1.7009 0.3831 1.5746 -5.5271 1.6278 41.3752 -7.8035 0.1804
Cyclist -1 -1 -7.8218 599.2088 171.3813 604.4037 190.5359 1.6448 0.4052 1.5006 -0.7333 1.5180 62.7119 -7.8338 0.1564
Pedestrian -1 -1 -5.1572 806.0074 161.6351 846.7098 238.4854 1.7330 0.6120 0.8049 4.9510 1.4797 16.7171 -4.8747 0.1495
Pedestrian -1 -1 -1.9224 234.7517 183.7475 280.3311 273.7082 1.6557 0.5784 0.7103 -6.8180 1.8713 13.8450 -2.3729 0.1274
Pedestrian -1 -1 -7.5548 783.8703 163.0888 818.1451 239.0723 1.7161 0.5722 0.7743 4.3932 1.4952 16.7756 -7.3037 0.1184
Pedestrian -1 -1 -3.9689 711.9880 162.9772 740.3309 213.8152 1.8984 0.6774 0.8381 4.3767 1.5292 27.4691 -3.8131 0.1080
Pedestrian -1 -1 -5.1296 252.5435 180.2914 299.8344 276.2415 1.6926 0.5931 0.6049 -6.1676 1.8328 13.2160 -5.5591 0.1069
Pedestrian -1 -1 -3.1042 1121.0845 106.0514 1241.0000 374.0000 1.9095 0.6678 0.6924 3.7579 1.5130 4.7569 -2.4660 0.1066
Pedestrian -1 -1 -5.2046 1040.6934 142.2735 1085.5298 221.2473 1.7889 0.6015 0.7318 10.4401 1.0959 16.7265 -4.6547 0.1035
Pedestrian -1 -1 -3.6755 929.1192 134.0803 1050.0583 321.2420 1.8994 0.6216 0.9525 3.9535 1.5056 7.6680 -3.2159 0.0903
Pedestrian -1 -1 -2.8429 353.6343 175.9711 380.6714 240.6375 1.7299 0.5534 0.5581 -6.6458 1.8155 19.6124 -3.1660 0.0882
Cyclist -1 -1 -5.8940 510.6761 173.0894 536.2773 198.3151 1.7577 0.6897 1.6530 -6.1254 1.7741 50.8382 -6.0137 0.0877
Pedestrian -1 -1 -9.1706 1061.2871 142.2534 1104.7798 223.8740 1.7986 0.6527 0.6884 10.6817 1.1240 16.3742 -8.6010 0.0816
Pedestrian -1 -1 -4.5570 745.2243 154.5120 761.1041 196.8559 1.9631 0.6356 0.6815 6.6831 1.1124 33.8797 -4.3643 0.0803
Cyclist -1 -1 -4.2487 139.2481 177.3643 241.1636 306.8154 1.7397 0.5136 1.8623 -6.2178 1.8123 10.7061 -4.7646 0.0789
Pedestrian -1 -1 -7.4368 396.7950 173.6072 429.4578 232.7886 1.7438 0.6315 0.9223 -5.9816 1.7668 21.7770 -7.7024 0.0789
Pedestrian -1 -1 -4.8077 877.0793 152.5286 925.3851 281.9367 1.7549 0.5519 0.7713 4.0583 1.4789 10.2301 -4.4407 0.0787
Pedestrian -1 -1 -8.0193 292.8501 176.1260 327.2364 258.2718 1.7527 0.6105 0.5817 -6.6377 1.8260 15.8356 -8.4108 0.0779
Pedestrian -1 -1 -3.6666 750.2569 157.5881 795.7430 235.7137 1.8059 0.6029 0.8648 3.8059 1.4527 17.0978 -3.4520 0.0737
Cyclist -1 -1 -8.9509 1021.5717 150.1565 1112.7943 230.6852 1.7196 0.5345 1.6730 10.2149 1.2346 16.2614 -8.3985 0.0673
Cyclist -1 -1 -6.4449 729.2075 166.4663 777.5506 214.6231 1.7831 0.6120 1.6991 5.3179 1.5463 27.0471 -6.2534 0.0604
Pedestrian -1 -1 -6.3727 746.8686 161.4676 785.2991 234.5279 1.7564 0.6014 0.8666 3.7671 1.4824 17.6949 -6.1671 0.0593
Pedestrian -1 -1 -4.9473 802.4180 159.5164 838.0911 239.0132 1.7682 0.5978 0.8347 4.7388 1.4712 16.4773 -4.6727 0.0577
Cyclist -1 -1 -4.7808 349.9198 175.0664 374.3179 241.3293 1.7526 0.5349 1.5338 -6.9135 1.8159 19.9487 -5.1108 0.0577
Cyclist -1 -1 -8.3130 743.8344 152.9023 803.1322 240.0055 1.9323 0.6138 1.7949 3.7563 1.4894 16.9515 -8.0994 0.0550
Pedestrian -1 -1 -4.5641 294.2139 176.9787 328.4291 256.4135 1.7597 0.6179 0.7355 -6.8554 1.8560 16.4598 -4.9536 0.0536
Pedestrian -1 -1 -4.2235 824.5205 149.7040 877.6543 255.9483 1.8296 0.5868 0.8303 4.2674 1.4307 12.9254 -3.9122 0.0522
Cyclist -1 -1 -2.3779 322.2923 173.0996 381.1821 241.2659 1.8024 0.5717 1.5453 -7.0890 1.8089 19.6589 -2.7202 0.0520
Pedestrian -1 -1 -4.7452 1037.3685 145.0242 1074.1423 230.4870 1.8477 0.6627 0.8245 9.8939 1.2457 16.1213 -4.2032 0.0515
Cyclist -1 -1 -8.2013 746.1021 167.7970 776.6775 215.9189 1.7500 0.5709 1.7048 5.6286 1.5658 27.1247 -7.9994 0.0512
Pedestrian -1 -1 -8.1430 210.8704 162.5601 265.9779 288.7693 1.9438 0.6362 0.6209 -6.0069 1.7850 11.5569 -8.6135 0.0505
Pedestrian -1 -1 -6.8144 922.4464 149.3853 1027.7935 317.1236 1.7911 0.5929 0.8640 3.9909 1.5402 8.0370 -6.3689 0.0503
Pedestrian -1 -1 -5.2453 273.5586 171.3552 321.5500 260.6778 1.8222 0.6501 0.7254 -6.6315 1.7913 15.1958 -5.6509 0.0502
Car -1 -1 -4.4564 424.7006 181.0815 523.2185 246.6461 1.4995 1.6193 3.7864 -3.4967 1.7373 18.9392 -4.6372 0.9361
Car -1 -1 -7.9072 653.5071 174.6804 725.8262 242.7426 1.5346 1.5866 3.5491 1.8650 1.5848 18.1747 -7.8074 0.9305
Car -1 -1 -4.0585 0.0000 222.3391 268.3436 374.0000 1.3595 1.5478 3.8817 -3.6247 1.7749 4.0908 -4.7520 0.8617
Car -1 -1 -4.5854 599.8516 172.0886 623.1780 189.7085 1.5026 1.6052 3.6442 0.1373 1.4370 63.4405 -4.5835 0.3798
Car -1 -1 -2.6280 342.2966 176.6382 471.7564 221.7158 1.5462 1.6880 4.2647 -7.4166 1.6908 26.3000 -2.9007 0.2205
Car -1 -1 -7.9459 681.5068 164.8565 716.2729 198.8706 1.7603 1.5228 3.7637 4.7504 1.3461 39.2422 -7.8268 0.1486
Car -1 -1 -4.8163 668.4456 172.5882 690.0457 189.4454 1.5828 1.6525 4.1350 6.6507 1.5576 69.8244 -4.7221 0.1076
Car -1 -1 -8.0438 726.7065 168.5764 793.8898 215.3377 1.5162 1.6063 3.6870 5.1258 1.3772 25.2455 -7.8463 0.0736
Car -1 -1 -7.6319 511.8661 171.9310 546.2668 198.3767 1.8538 1.6930 3.8133 -5.8836 1.7888 52.5682 -7.7431 0.0675
Car -1 -1 -4.3889 467.4767 169.8779 521.2144 203.3495 1.7794 1.7359 4.2002 -6.4690 1.6209 40.5729 -4.5464 0.0567
Car -1 -1 -4.9910 643.1533 171.3048 673.3259 189.1196 1.6698 1.7372 4.5209 4.6198 1.5243 70.0229 -4.9257 0.0553
Car -1 -1 -7.9340 656.9152 174.9181 721.1840 227.8059 1.5226 1.6775 4.1545 2.3818 1.5942 23.0309 -7.8330 0.0525
