Cyclist -1 -1 -7.3874 95.9245 180.7331 119.8580 211.6049 1.7415 0.4075 1.7301 -29.2766 2.2100 42.0396 -7.9929 0.2137
Pedestrian -1 -1 -9.2783 1178.1902 143.4662 1241.0000 302.4398 1.8172 0.5326 0.7230 7.2980 1.4810 8.6942 -8.5971 0.1206
Pedestrian -1 -1 -4.4974 619.3522 166.6806 634.3411 203.6875 2.0285 0.6826 0.7746 0.8994 1.6898 40.0070 -4.4756 0.1080
Pedestrian -1 -1 -7.6443 871.4285 174.4074 883.8944 210.2427 1.6985 0.5056 0.3121 12.7529 1.7730 34.4890 -7.2934 0.0989
Pedestrian -1 -1 -7.7769 702.0826 168.2109 720.5553 220.0481 1.8868 0.6231 0.7624 3.7074 1.7175 26.7010 -7.6411 0.0863
Pedestrian -1 -1 -3.3545 186.0348 180.6413 229.4550 254.5223 1.7476 0.5825 0.8255 -9.8963 1.9432 17.6619 -3.8592 0.0730
Pedestrian -1 -1 -7.8244 782.8698 165.3276 801.7628 220.3013 1.8713 0.6154 0.8793 6.2916 1.6148 25.0676 -7.5819 0.0729
Car -1 -1 -2.5632 91.8209 184.0873 204.5056 217.0883 1.4498 1.6690 4.1221 -21.1941 1.9789 33.1451 -3.1286 0.0672
Pedestrian -1 -1 -3.9641 367.3347 171.2903 387.9847 216.9203 2.0156 0.6868 0.5525 -10.4316 1.9462 32.2683 -4.2748 0.0626
Car -1 -1 -4.3408 196.3889 181.0273 244.7775 206.5601 1.5858 1.5806 3.7317 -25.8769 2.1513 48.0067 -4.8331 0.0607
Car -1 -1 -8.1606 849.8922 156.7799 882.8867 180.0964 2.1657 1.7037 4.4712 24.5465 0.6724 69.2808 -7.8215 0.0586
Car -1 -1 -4.5404 261.8835 182.7364 297.2117 204.4278 1.3931 1.6092 3.7683 -22.9782 2.1083 50.2120 -4.9678 0.0583
Car -1 -1 -4.4561 499.0586 178.1417 537.2660 202.6287 1.6402 1.6800 4.2646 -6.5344 2.0337 51.5140 -4.5821 0.0572
Pedestrian -1 -1 -5.5222 965.9681 163.3221 1002.1404 230.3180 1.8913 0.5739 0.7311 10.7324 1.6219 20.8098 -5.0524 0.0565
Pedestrian -1 -1 -3.9907 1094.1108 141.5807 1182.7622 293.4081 1.8702 0.5979 0.7147 6.7144 1.4847 9.2625 -3.3791 0.0560
Pedestrian -1 -1 -7.7360 767.4752 169.1422 786.8687 221.1592 1.8332 0.6102 0.6205 5.9392 1.7021 25.8235 -7.5130 0.0553
Pedestrian -1 -1 -4.1932 627.8412 168.4794 644.9716 205.7562 1.9664 0.6455 0.7145 1.3733 1.7353 38.5357 -4.1584 0.0550
Car -1 -1 -7.3578 140.8226 176.6808 203.6004 208.4059 1.7714 1.6797 3.5293 -25.7592 2.0062 42.5242 -7.8998 0.0535
Car -1 -1 -3.5264 765.7844 179.2719 882.4328 217.7324 1.4848 1.7011 4.2051 8.5909 1.7543 29.2719 -3.2442 0.0515
Car -1 -1 -4.5859 289.8968 182.2850 322.8564 204.1022 1.4186 1.6611 3.8546 -21.3576 2.1094 50.7935 -4.9823 0.0510
Car -1 -1 -4.6842 503.0358 178.0893 525.0007 198.9012 1.6020 1.6579 4.2695 -7.8226 2.0448 58.8614 -4.8161 0.0501
Pedestrian -1 -1 -4.6403 829.3243 157.4725 858.7767 229.4592 1.9931 0.7290 1.1386 6.6539 1.5669 20.6410 -4.3332 0.1884
Cyclist -1 -1 -7.3650 23.2129 175.4455 48.4758 208.6153 1.8350 0.3938 1.6392 -32.5603 1.9846 40.8901 -8.0344 0.0949
Cyclist -1 -1 -8.0021 690.1299 167.2013 717.1795 229.5298 1.8434 0.5634 1.7568 2.8198 1.6759 22.2243 -7.8783 0.0746
Pedestrian -1 -1 -7.8048 0.0000 178.3570 14.6479 212.1350 1.8382 0.6408 0.6615 -33.3702 2.1454 39.8711 -8.4985 0.0736
Pedestrian -1 -1 -6.3140 609.8282 176.7184 616.3321 200.0198 1.6702 0.6570 0.4490 0.1909 1.9511 52.1646 -6.3109 0.0589
Car -1 -1 -8.0108 605.0795 175.1402 733.9895 282.8597 1.6124 1.6660 3.5808 0.8444 1.6583 12.7393 -7.9474 0.9724
Car -1 -1 -7.9541 556.3423 182.1170 615.4459 228.9529 1.4131 1.5993 4.1446 -0.9547 1.7588 24.7885 -7.9929 0.9405
Car -1 -1 -4.7991 239.8072 181.7449 267.3251 202.1872 1.4776 1.5870 3.8893 -27.7317 2.1933 56.0330 -5.2570 0.3393
Car -1 -1 -3.2975 964.4865 178.0552 1044.2336 204.1938 1.4934 1.5326 3.9903 23.4784 1.8143 43.1626 -2.8026 0.1320
Car -1 -1 -5.2095 568.7465 176.4216 620.6066 202.7430 1.6615 1.6581 4.2198 -1.1114 1.9116 48.3964 -5.2329 0.1281
Car -1 -1 -5.3675 712.9741 145.3963 767.5085 168.9061 1.5608 1.6579 4.0325 9.0862 -0.2902 50.8045 -5.1915 0.1116
Car -1 -1 -4.9006 576.1929 178.9568 619.8362 207.6161 1.4928 1.6915 4.2329 -0.7721 1.8565 40.7851 -4.9200 0.1001
Car -1 -1 -4.9263 560.7530 180.0245 614.9283 214.8440 1.4549 1.6128 4.2940 -1.1373 1.8089 33.3680 -4.9607 0.0987
Car -1 -1 -2.1338 0.0000 176.5320 40.0212 206.8800 1.6488 1.6484 3.7948 -34.5634 1.8639 40.8936 -2.8324 0.0917
Car -1 -1 -3.3127 716.9494 174.0146 868.9244 232.2333 1.6574 1.7172 4.1620 5.3164 1.6934 21.5754 -3.0750 0.0770
Car -1 -1 -8.4002 931.6987 176.3468 1002.7878 205.0093 1.5416 1.6978 4.2304 20.4231 1.7529 41.5253 -7.9463 0.0697
Car -1 -1 -8.1261 756.5106 143.5223 794.3643 166.5759 1.5506 1.6589 3.8217 11.7385 -0.4657 51.5436 -7.9033 0.0615
Car -1 -1 -4.9720 583.0466 179.6677 635.9097 211.0572 1.4306 1.6121 4.1679 -0.1322 1.7920 36.0723 -4.9762 0.0601
