Pedestrian -1 -1 -3.2748 966.2318 172.7318 980.5361 204.0032 1.7438 0.5067 0.6550 20.3967 1.7367 40.5809 -2.8124 0.3683
Pedestrian -1 -1 -4.3878 1120.6821 181.7406 1179.8621 300.8662 1.4780 0.4853 0.5021 6.9405 1.5971 9.3472 -3.7648 0.3366
Pedestrian -1 -1 -5.1226 775.6323 159.1755 798.7100 209.4942 2.0506 0.6930 0.7241 7.2737 1.4929 29.8210 -4.8861 0.3052
Pedestrian -1 -1 -4.4263 974.5106 156.9961 1002.7505 217.8442 1.8373 0.6002 0.7059 11.6275 1.3581 22.2487 -3.9506 0.1572
Cyclist -1 -1 -7.8963 354.5291 180.0592 362.3185 210.1465 1.6127 0.3399 1.5864 -13.9388 2.0184 39.8584 -8.2310 0.1481
Pedestrian -1 -1 -3.2615 326.2312 168.2746 350.6331 213.2169 1.9762 0.6226 0.9529 -12.1717 1.7746 32.2239 -3.6203 0.1379
Pedestrian -1 -1 -3.1376 1188.8907 155.2379 1215.0437 231.1987 1.8112 0.5557 0.4863 14.3610 1.3909 17.5735 -2.4610 0.1157
Pedestrian -1 -1 -3.4588 855.5665 161.5495 893.0236 221.5193 1.8463 0.5826 0.9619 8.1921 1.4980 22.5186 -3.1147 0.1144
Cyclist -1 -1 -8.0036 391.6306 183.9582 405.7542 218.0663 1.6073 0.4295 1.6042 -10.4001 2.1637 35.3527 -8.2882 0.1017
Cyclist -1 -1 -7.7236 192.9860 187.8146 221.1750 254.7468 1.6155 0.4240 1.6053 -10.4261 2.0181 18.6086 -8.2286 0.0936
Pedestrian -1 -1 -3.0744 195.3776 168.5443 231.9804 234.2179 2.0006 0.5874 0.9595 -12.3663 1.8690 22.4473 -3.5732 0.0932
Pedestrian -1 -1 -3.9746 468.1207 184.1422 486.9997 221.2729 1.4320 0.4934 0.5443 -5.2581 1.8819 28.4092 -4.1565 0.0863
Car -1 -1 -4.4204 1147.6565 166.9400 1217.0829 199.4132 1.5242 1.6147 4.0291 28.2927 1.2463 35.6869 -3.7544 0.0859
Pedestrian -1 -1 -3.4338 391.3576 175.6277 408.7130 207.1463 1.7722 0.6705 0.7910 -12.0136 1.9320 41.1544 -3.7165 0.0837
Car -1 -1 -8.3041 680.1096 171.5264 730.0353 198.8693 1.7444 1.7742 3.8989 6.2591 1.6594 48.1630 -8.1761 0.0822
Pedestrian -1 -1 -5.6437 865.0236 187.4744 912.1266 264.2105 1.4165 0.5134 0.6733 5.3091 1.7065 13.9022 -5.2869 0.0785
Pedestrian -1 -1 -6.1872 804.0417 172.5496 812.3525 209.0532 1.8051 0.5937 0.3470 9.8551 1.7898 36.0191 -5.9227 0.0772
Cyclist -1 -1 -3.0935 732.6808 170.1217 819.0037 253.4482 1.7228 0.6381 1.7676 3.4991 1.6660 15.4578 -2.8760 0.0772
Pedestrian -1 -1 -4.7505 861.8242 168.0302 901.0302 270.0294 1.6210 0.5684 0.6997 4.4050 1.5440 11.8862 -4.4046 0.0762
Pedestrian -1 -1 -7.8077 174.9915 182.6943 197.4969 240.5054 1.7360 0.5696 0.5634 -13.0682 2.0434 22.1789 -8.3352 0.0691
Car -1 -1 -5.0215 469.9308 179.6635 511.4944 204.5294 1.6076 1.6531 4.1659 -8.3567 2.1011 50.0991 -5.1863 0.0673
Pedestrian -1 -1 -7.9070 1122.0669 156.6482 1150.8387 224.5717 1.7802 0.5875 0.5615 14.0273 1.3551 19.3051 -7.2863 0.0667
Pedestrian -1 -1 -3.7620 956.1237 156.7097 970.0070 201.3067 1.9649 0.5343 0.2977 15.6518 1.2533 32.0782 -3.3119 0.0641
Pedestrian -1 -1 -7.9724 422.1811 170.9097 436.4139 205.8441 1.8625 0.6643 0.7198 -9.7884 1.7585 38.9228 -8.2176 0.0636
Cyclist -1 -1 -2.8965 224.6754 173.3470 265.1165 209.2198 1.7469 0.7524 1.6521 -18.0899 1.7714 35.7007 -3.3628 0.0623
Cyclist -1 -1 -5.6859 306.8961 174.6259 353.2841 217.3062 1.8092 0.6749 1.8008 -12.1283 1.8867 31.1628 -6.0545 0.0620
Car -1 -1 -5.4490 391.6478 179.3716 444.4424 203.0284 1.5423 1.5917 3.4585 -13.2193 2.0039 49.5328 -5.7089 0.0617
Car -1 -1 -4.7577 583.6300 176.8375 603.8393 195.1562 1.4908 1.5489 3.6866 -1.4346 1.8402 61.4361 -4.7813 0.0577
Cyclist -1 -1 -5.0475 907.9226 169.6661 987.5751 283.3704 1.5798 0.4943 1.8179 5.0196 1.5352 10.9512 -4.6286 0.0566
Car -1 -1 -4.2988 181.9110 188.1853 263.3299 227.5168 1.4351 1.5643 3.7707 -15.9209 2.1087 29.7762 -4.7864 0.0558
Cyclist -1 -1 -2.6579 223.2029 178.6293 275.8052 225.4458 1.8093 0.6285 1.7558 -14.1742 2.0382 28.3014 -3.1188 0.0550
Cyclist -1 -1 -8.3634 985.9291 176.2783 1013.5546 208.8828 1.6689 0.5390 1.6419 20.4348 1.8526 37.9326 -7.8730 0.0547
Car -1 -1 -8.0683 350.2398 175.4278 386.8347 199.2546 1.5776 1.6339 3.8643 -16.8966 1.7642 50.3022 -8.3911 0.0534
Pedestrian -1 -1 -3.3339 1067.3843 172.6123 1117.0403 260.2368 1.5610 0.4475 0.6769 8.7483 1.5564 13.1882 -2.7590 0.0518
Pedestrian -1 -1 -4.0601 248.5273 186.2061 290.1373 249.6644 1.5740 0.5763 0.8395 -8.8070 1.9260 18.5669 -4.4979 0.2986
Cyclist -1 -1 -7.7994 1001.3858 165.5016 1027.8264 247.4297 1.6312 0.4111 1.7448 8.4911 1.4845 15.2159 -7.2992 0.2766
Cyclist -1 -1 -4.4430 450.1506 175.7188 468.1081 207.4446 1.6648 0.5410 1.5963 -8.1467 1.8219 38.8242 -4.6489 0.2282
Pedestrian -1 -1 -4.0931 141.2914 175.3801 186.9437 254.8957 1.8075 0.5738 0.7532 -10.4365 1.8675 16.8228 -4.6416 0.2006
Pedestrian -1 -1 -4.9211 792.2952 165.5281 817.4704 220.3190 1.8492 0.6495 0.9475 6.6540 1.6017 24.8416 -4.6629 0.1671
Pedestrian -1 -1 -4.8816 988.7245 162.3660 1025.7135 246.3000 1.7043 0.5480 0.7693 8.2496 1.4910 15.1024 -4.3904 0.1526
Pedestrian -1 -1 -2.4880 118.8102 182.7946 165.4026 263.7673 1.6960 0.5054 0.6684 -10.0715 1.9125 15.4611 -3.0578 0.1191
Cyclist -1 -1 -5.4719 306.3130 177.4760 348.9350 219.9637 1.7723 0.6792 1.7568 -12.1485 1.9745 30.9266 -5.8437 0.1152
Pedestrian -1 -1 -3.8151 403.1319 172.9484 423.5286 209.9162 1.8814 0.6687 0.7657 -10.1855 1.8860 37.2296 -4.0808 0.1094
Pedestrian -1 -1 -2.7707 776.6865 162.6395 823.2222 249.2113 1.7621 0.5912 0.7869 3.9374 1.5539 15.1557 -2.5221 0.1089
Pedestrian -1 -1 -7.2733 945.4760 163.8233 974.6923 222.4379 1.7431 0.6120 0.5198 10.5521 1.4743 21.8543 -6.8293 0.1074
Pedestrian -1 -1 -4.6954 257.2856 181.9708 284.5789 248.5069 1.6239 0.6087 0.6442 -8.5689 1.8581 18.1427 -5.1315 0.1063
Pedestrian -1 -1 -3.3373 163.2605 177.1680 205.0518 261.5920 1.7523 0.5755 0.6742 -9.1768 1.8471 15.4599 -3.8658 0.0986
Pedestrian -1 -1 -3.8391 962.1390 162.5786 1009.8947 241.1177 1.6908 0.5009 0.7971 8.2117 1.4693 15.8678 -3.3697 0.0953
Cyclist -1 -1 -7.4102 396.1563 179.0244 422.7296 222.2648 1.6984 0.4345 1.5106 -8.1880 1.9557 29.3452 -7.6804 0.0823
Cyclist -1 -1 -3.1892 442.3591 173.1432 474.2099 206.3159 1.7559 0.6687 1.6431 -8.1853 1.7714 38.7329 -3.3965 0.0786
Cyclist -1 -1 -7.9372 674.8416 175.0492 682.6945 201.5314 1.6572 0.3732 1.4808 4.3478 1.7992 46.0188 -7.8440 0.0783
Cyclist -1 -1 -7.7935 997.3577 163.2786 1024.2880 243.8234 1.6810 0.4322 1.7676 8.8050 1.4809 15.9233 -7.2968 0.0774
Pedestrian -1 -1 -6.3196 1101.4003 153.7252 1161.0316 268.4326 1.7647 0.5563 0.7439 8.2599 1.4701 11.5357 -5.7108 0.0735
Pedestrian -1 -1 -7.8283 770.7120 164.6520 790.0690 218.5488 1.8501 0.6440 0.6380 5.8973 1.5683 25.1580 -7.6013 0.0701
Cyclist -1 -1 -7.9253 969.9501 164.7047 1001.3861 247.0005 1.6648 0.4650 1.5807 7.9554 1.4997 15.4153 -7.4572 0.0699
Pedestrian -1 -1 -6.9701 871.8791 163.0342 910.9424 235.0723 1.7343 0.6005 0.6654 6.8709 1.4976 17.7611 -6.6072 0.0697
Pedestrian -1 -1 -5.4924 459.3039 174.3733 476.8365 206.0550 1.7856 0.5478 0.8421 -8.1361 1.8729 41.1733 -5.6867 0.0696
Cyclist -1 -1 -7.6347 456.8372 174.1507 472.6260 206.6714 1.7207 0.5001 1.6109 -7.8920 1.7920 39.0520 -7.8332 0.0678
Pedestrian -1 -1 -3.6926 446.4222 171.7207 464.1869 206.3508 1.8420 0.7085 0.6627 -8.3710 1.7814 38.8634 -3.9038 0.0670
Pedestrian -1 -1 -3.8579 981.2792 165.9529 1028.2451 243.0286 1.6434 0.5664 0.6988 8.5522 1.4960 15.7393 -3.3686 0.0667
Cyclist -1 -1 -7.9957 720.7982 164.7186 745.0010 217.0161 1.8442 0.6199 1.7571 4.4237 1.5570 26.3292 -7.8317 0.0658
Cyclist -1 -1 -5.5992 91.8934 178.2559 193.3412 261.1299 1.6937 0.5782 1.8471 -9.8798 1.8100 15.1902 -6.1682 0.0650
Cyclist -1 -1 -3.2520 723.8469 166.9625 809.3261 248.7718 1.7400 0.6353 1.7591 3.3408 1.6144 15.7453 -3.0476 0.0633
Cyclist -1 -1 -2.9010 385.0561 179.9167 428.4220 221.9196 1.6782 0.6181 1.5925 -8.2818 1.9678 29.2774 -3.1748 0.0626
Cyclist -1 -1 -8.0318 396.0768 179.8171 413.7724 220.9841 1.6220 0.4268 1.5562 -8.4333 1.9140 29.4903 -8.3085 0.0625
Cyclist -1 -1 -7.9907 669.4968 175.2900 680.0238 202.1290 1.6741 0.4560 1.5548 4.0833 1.8315 45.9369 -7.9031 0.0609
Cyclist -1 -1 -5.8949 224.5799 182.0325 300.9032 249.3039 1.6743 0.6171 1.6441 -8.8924 1.9127 18.4098 -6.3396 0.0582
Pedestrian -1 -1 -8.1670 420.7059 171.0571 437.6690 205.9466 1.8584 0.7024 0.7122 -9.7931 1.7624 38.9208 -8.4123 0.0573
Cyclist -1 -1 -8.4989 737.0356 167.0335 805.9595 252.7866 1.7420 0.4987 1.7283 3.3946 1.6235 15.5464 -8.2888 0.0562
Pedestrian -1 -1 -8.4709 734.5912 170.0195 773.6275 246.7375 1.6412 0.6047 0.5973 3.1057 1.5802 15.8325 -8.2816 0.0551
Pedestrian -1 -1 -6.5890 853.3866 163.5441 881.8135 222.4127 1.8142 0.5894 0.6881 7.9930 1.5270 22.5408 -6.2529 0.0542
Cyclist -1 -1 -8.2769 829.5995 166.2810 887.8693 253.7375 1.6890 0.5027 1.5889 5.0011 1.5618 14.7510 -7.9569 0.0533
Cyclist -1 -1 -7.9487 1019.1300 162.4472 1053.6036 245.9161 1.6347 0.4312 1.7545 8.8005 1.4306 15.0186 -7.4277 0.0519
Cyclist -1 -1 -4.2602 231.7856 181.8044 281.4987 250.3970 1.6624 0.5084 1.5597 -9.0696 1.9009 18.4705 -4.7114 0.0515
Car -1 -1 -4.6933 561.6732 179.1046 584.9188 201.2128 1.4942 1.5972 3.8834 -2.6360 1.9600 51.8421 -4.7443 0.6488
Car -1 -1 -7.9842 713.4995 176.3414 770.0712 219.6816 1.5252 1.6324 3.7303 4.9206 1.6675 27.5965 -7.8102 0.2102
Car -1 -1 -4.3637 513.8316 178.2496 549.8584 198.9534 1.5635 1.5907 4.0169 -6.2379 2.0111 57.7463 -4.4712 0.1682
Car -1 -1 -4.8246 694.7737 179.2064 741.7268 215.2278 1.4364 1.5535 4.1788 4.6339 1.7332 31.6307 -4.6810 0.1618
Car -1 -1 -6.2749 671.6580 176.6990 736.7902 201.0604 1.5016 1.6708 4.0362 5.9553 1.7519 45.9240 -6.1473 0.1533
Car -1 -1 -2.0986 222.0015 183.8129 314.4730 223.7758 1.5014 1.6258 4.1016 -14.2579 1.9837 29.9427 -2.5399 0.1047
Car -1 -1 -8.2801 680.6522 173.6108 727.2435 199.5196 1.6679 1.7166 3.7246 6.2465 1.7207 48.6020 -8.1534 0.0960
Car -1 -1 -4.0057 216.7969 179.7836 293.1405 210.9331 1.4687 1.5527 3.5535 -18.0594 1.8400 36.7860 -4.4595 0.0956
Car -1 -1 -7.0230 695.5685 175.7446 767.7646 205.5315 1.5117 1.5821 3.7195 6.4906 1.6728 38.6182 -6.8582 0.0889
Car -1 -1 -7.5529 363.2475 175.9896 407.9755 201.3274 1.5346 1.6620 3.8374 -14.3099 1.7430 46.0963 -7.8526 0.0860
Car -1 -1 -5.7020 312.3805 181.8092 413.9801 218.9152 1.5073 1.6366 3.9015 -10.6973 1.9102 31.2082 -6.0300 0.0796
Car -1 -1 -3.0464 340.4500 181.8404 427.1619 221.2426 1.5135 1.6104 3.2241 -9.1759 1.8926 29.3434 -3.3474 0.0565
Car -1 -1 -7.8834 659.5200 177.2314 701.7166 218.3423 1.5502 1.5887 3.9483 2.7995 1.7420 29.6575 -7.7909 0.0564
Car -1 -1 -4.5690 776.5598 176.3749 834.7288 222.4990 1.5435 1.5458 3.8224 7.2040 1.6827 26.5221 -4.3072 0.0502
