Pedestrian -1 -1 -3.6339 675.1705 173.8614 704.2774 226.6494 1.4875 0.5082 0.6660 2.4978 1.2728 20.6012 -3.5199 0.2145
Pedestrian -1 -1 -5.2037 1085.8866 147.6841 1127.1105 220.1532 1.8612 0.6000 0.7422 13.2077 0.9932 18.8503 -4.6041 0.2123
Pedestrian -1 -1 -4.5260 80.3309 166.3380 104.1226 214.9759 1.8981 0.6730 0.5858 -20.1745 1.3068 28.4405 -5.1437 0.1020
Pedestrian -1 -1 -7.2597 831.7551 154.0899 852.1661 196.3541 1.9420 0.6725 0.6165 11.1898 0.6828 33.4612 -6.9443 0.0991
Pedestrian -1 -1 -5.7746 443.9470 166.5750 458.2275 194.4502 1.8094 0.5187 0.7584 -9.8266 0.8406 46.9873 -5.9845 0.0977
Cyclist -1 -1 -2.2558 144.0069 165.5154 182.4904 202.5722 1.8369 0.6401 1.8311 -22.0989 1.0448 36.2125 -2.8055 0.0911
Pedestrian -1 -1 -7.5549 1121.0601 153.7964 1149.5044 210.0823 1.6880 0.5804 0.4938 16.2604 0.8576 21.9224 -6.9274 0.0762
Car -1 -1 -3.5557 486.3604 171.3981 532.0953 188.0394 1.5271 1.5565 3.9822 -8.6315 0.5998 67.6186 -3.6871 0.0735
Pedestrian -1 -1 -3.5657 842.5174 156.9082 851.0021 192.3562 1.8414 0.4713 0.2446 12.8198 0.5641 37.5628 -3.2439 0.0733
Pedestrian -1 -1 -4.3427 179.2590 162.9199 198.0582 203.8016 1.8929 0.6073 0.5450 -19.3029 1.0329 33.5764 -4.8660 0.0719
Pedestrian -1 -1 -3.8888 1114.3552 147.2133 1127.7816 187.2557 1.7980 0.4382 0.2624 23.4859 0.2587 32.4894 -3.2716 0.0697
Car -1 -1 -7.2295 376.7244 172.0754 431.3896 196.7848 1.5045 1.5766 3.5601 -12.4943 0.9308 45.6817 -7.4999 0.0677
Pedestrian -1 -1 -3.5533 854.8054 155.9626 867.0242 185.6200 1.8554 0.5265 0.5569 16.3370 0.2578 45.2217 -3.2133 0.0649
Pedestrian -1 -1 -7.6320 96.0303 169.7638 115.9113 212.7534 1.7336 0.5510 0.6026 -20.2576 1.2607 29.3498 -8.2370 0.0635
Pedestrian -1 -1 -5.4464 425.7522 171.7883 444.4464 208.7024 1.6852 0.6575 0.5291 -7.7031 1.2421 33.2147 -5.6776 0.0629
Pedestrian -1 -1 -4.9853 109.9773 169.6659 124.0109 207.3913 1.8156 0.5154 0.2531 -23.5123 1.2463 34.8493 -5.5803 0.0629
Cyclist -1 -1 -2.4592 156.7241 170.7231 204.0866 211.6310 1.7384 0.7168 1.6899 -18.1829 1.2807 31.0066 -2.9909 0.0616
Car -1 -1 -4.7016 588.4828 166.5512 608.4294 185.4566 1.5579 1.6438 4.1010 -0.2163 0.3259 61.2464 -4.7100 0.0614
Pedestrian -1 -1 -3.8393 1204.1819 137.2558 1222.9092 183.8062 1.8139 0.5202 0.2920 24.0499 0.0902 28.2519 -3.1435 0.0612
Car -1 -1 -7.9478 1196.1139 153.1918 1236.0651 178.9998 1.6337 1.6277 3.9632 40.9970 -0.1743 47.9712 -7.2482 0.0587
Cyclist -1 -1 -4.7663 812.8492 162.8765 826.1031 198.8482 1.7048 0.5115 1.6875 10.5815 0.8224 34.9241 -4.4791 0.0581
Pedestrian -1 -1 -3.4719 789.8118 160.3603 802.4664 187.9126 1.8508 0.6549 0.6456 13.1803 0.4308 48.6043 -3.2133 0.0578
Car -1 -1 -7.9162 460.0707 169.6277 482.6777 188.3403 1.5385 1.6176 4.2034 -11.0994 0.5622 61.2932 -8.0995 0.0575
Car -1 -1 -8.1911 551.5229 167.2250 586.2753 185.1812 1.4503 1.6315 4.0815 -2.7399 0.2972 60.2159 -8.2412 0.0572
Car -1 -1 -7.7782 741.2845 165.5841 770.3701 188.6698 1.5207 1.6790 4.1200 10.6913 0.4723 49.5314 -7.5716 0.0570
Pedestrian -1 -1 -3.5727 958.3966 149.0743 967.1267 177.6246 1.8626 0.5039 0.3290 23.7416 -0.2559 47.1892 -3.1136 0.0553
Car -1 -1 -8.2217 1092.8693 138.1722 1168.0382 176.4276 1.7515 1.6998 3.8079 26.0210 -0.2650 35.4931 -7.5974 0.0542
Pedestrian -1 -1 -4.8362 842.0256 154.0079 857.2814 190.5239 1.9700 0.6754 0.8961 13.5559 0.4870 39.2598 -4.5107 0.0524
Car -1 -1 -5.2529 0.0000 170.1981 72.4912 217.2961 1.5421 1.5609 3.5728 -20.3715 1.1725 24.8571 -5.9393 0.0518
Pedestrian -1 -1 -7.8782 372.5204 175.8795 386.4968 213.0881 1.7568 0.6264 0.3239 -10.5695 1.4917 34.1705 -8.1811 0.0511
Car -1 -1 -8.0109 1134.7983 153.8976 1179.8284 179.6180 1.5558 1.6414 3.9573 35.4540 -0.1258 45.8955 -7.3608 0.0507
Car -1 -1 -4.5427 446.4324 178.0655 493.5208 208.5159 1.4115 1.6173 4.1585 -6.4179 1.2525 35.3871 -4.7259 0.0504
Pedestrian -1 -1 -5.3647 984.6551 151.8909 1036.1956 230.3658 1.8359 0.6313 0.9425 9.8084 1.1437 17.3180 -4.8610 0.1986
Pedestrian -1 -1 -3.7813 1139.5876 144.9958 1159.7800 182.2847 1.8873 0.5605 0.6017 27.9505 0.0399 36.6381 -3.1379 0.1613
Pedestrian -1 -1 -6.5655 297.4035 166.5396 312.9276 198.7164 1.8535 0.6540 0.6794 -17.2603 0.9918 41.8458 -6.9594 0.1472
Pedestrian -1 -1 -6.5935 673.1243 165.7910 688.3237 203.5830 1.7057 0.7607 0.4766 3.6075 0.9970 32.8424 -6.4900 0.1294
Pedestrian -1 -1 -4.0460 900.4484 165.7906 934.2703 226.3899 1.6972 0.5214 0.7737 8.9973 1.2577 20.5329 -3.6429 0.1276
Pedestrian -1 -1 -4.8577 883.2198 160.5679 909.2518 221.2546 1.8111 0.6091 0.8481 8.9572 1.1869 21.9204 -4.4791 0.1209
Pedestrian -1 -1 -5.4450 255.6952 173.4534 273.0448 205.2283 1.6928 0.6112 0.5852 -18.1465 1.2643 38.6651 -5.8862 0.1153
Pedestrian -1 -1 -5.0196 1044.5179 155.2335 1094.8496 246.0643 1.7400 0.6022 0.8290 9.2227 1.2374 14.2373 -4.4583 0.1092
Pedestrian -1 -1 -6.2735 265.9353 169.6658 278.0601 203.2430 1.7897 0.6239 0.5896 -17.7476 1.1591 38.6930 -6.7060 0.1024
Cyclist -1 -1 -5.8642 251.1223 170.1882 289.4985 202.7923 1.7448 0.6625 1.7657 -17.8756 1.1397 38.7871 -6.2985 0.1006
Pedestrian -1 -1 -7.1971 1071.5165 157.9622 1123.5410 243.2196 1.6715 0.5709 0.6753 9.9406 1.2106 14.4616 -6.6085 0.0946
Pedestrian -1 -1 -8.0355 690.0319 161.0251 707.5753 200.9325 1.8415 0.7067 0.6151 4.5205 0.8970 33.4735 -7.9073 0.0896
Cyclist -1 -1 -8.4152 868.5792 162.8661 911.4791 211.7401 1.6884 0.5717 1.7428 10.2869 1.0451 25.7255 -8.0434 0.0875
Pedestrian -1 -1 -3.4532 1024.1002 154.3905 1070.2816 238.8030 1.7785 0.5178 0.7158 9.5486 1.2079 15.4684 -2.9129 0.0860
Pedestrian -1 -1 -3.2250 491.1069 168.2499 498.7634 193.0208 1.7529 0.6905 0.4809 -7.5835 0.8152 51.2253 -3.3761 0.0776
Pedestrian -1 -1 -4.5914 1009.4949 152.3937 1044.2765 232.7215 1.8019 0.6060 0.8469 9.8179 1.1495 16.6339 -4.0702 0.0754
Cyclist -1 -1 -6.4142 858.2804 162.6403 915.9036 211.4494 1.7060 0.7471 1.8261 10.1667 1.0472 25.6859 -6.0458 0.0744
Pedestrian -1 -1 -7.5996 892.1362 168.2151 918.6918 227.5154 1.6622 0.5524 0.6830 8.6761 1.2903 20.5734 -7.2103 0.0724
Cyclist -1 -1 -6.8646 1044.8286 148.9715 1085.0366 182.9215 1.7853 0.6702 1.7081 24.5840 0.0749 38.1245 -6.2998 0.0711
Cyclist -1 -1 -7.9629 970.2480 143.6847 984.9842 176.7960 1.7051 0.4916 1.7383 19.9613 -0.2555 38.1469 -7.4884 0.0708
Pedestrian -1 -1 -7.1575 1165.3997 152.9120 1237.0000 259.7838 1.7650 0.5741 0.7927 10.1568 1.2935 12.2222 -6.4799 0.0708
Pedestrian -1 -1 -6.6881 686.4319 159.8115 704.1711 200.5409 1.8551 0.7065 0.5762 4.3132 0.8675 33.1368 -6.5647 0.0701
Cyclist -1 -1 -3.4038 948.9551 138.3916 989.0513 173.5850 1.7908 0.6216 1.7471 19.0388 -0.4155 37.2486 -2.9388 0.0687
Cyclist -1 -1 -8.0036 958.6411 146.5207 973.3448 177.8578 1.6442 0.4468 1.6840 19.6575 -0.2008 38.7621 -7.5418 0.0675
Cyclist -1 -1 -7.3697 312.7859 170.0253 329.6079 196.1941 1.6415 0.3049 1.5813 -17.8781 0.9218 45.8626 -7.7444 0.0665
Cyclist -1 -1 -2.6121 238.3494 169.2263 275.8051 202.4213 1.8343 0.6203 1.8199 -19.2089 1.1562 40.0754 -3.0615 0.0649
Cyclist -1 -1 -3.3579 881.2264 167.7561 955.0910 226.5236 1.6414 0.6953 1.8243 9.0131 1.2580 20.5739 -2.9549 0.0639
Pedestrian -1 -1 -6.6302 1187.8456 141.4362 1237.0000 264.5327 1.8111 0.5616 0.7634 9.4889 1.2223 10.9632 -5.9338 0.0626
Pedestrian -1 -1 -7.3717 1190.2593 161.4919 1237.0000 260.5838 1.6329 0.5679 0.7189 10.5296 1.3038 12.2370 -6.6769 0.0623
Cyclist -1 -1 -6.8604 973.4930 157.1277 1057.8909 230.5128 1.7335 0.5828 1.7309 9.9367 1.1583 17.3178 -6.3512 0.0616
Pedestrian -1 -1 -7.9619 865.2896 154.0407 887.4499 208.7565 1.9514 0.6624 0.7889 9.9518 0.9725 26.0828 -7.6058 0.0608
Cyclist -1 -1 -6.9598 957.2578 144.0994 994.9296 177.5271 1.7632 0.6089 1.8125 20.0645 -0.2154 38.4870 -6.4868 0.0607
Cyclist -1 -1 -3.8097 951.7807 137.6265 989.1872 173.2898 1.8297 0.6319 1.7228 19.2852 -0.4346 37.5588 -3.3429 0.0606
Cyclist -1 -1 -5.0415 961.3688 137.9443 985.2648 172.7673 1.7436 0.5551 1.7424 19.2987 -0.4645 37.3214 -4.5718 0.0544
Cyclist -1 -1 -8.5369 849.5976 157.5870 894.0122 210.5143 1.8300 0.5104 1.7130 9.6372 1.0036 25.7293 -8.1869 0.0526
Pedestrian -1 -1 -5.5454 589.2983 166.3817 603.5592 192.0517 1.7686 0.6461 0.7534 -0.3376 0.7270 49.9821 -5.5571 0.0519
Pedestrian -1 -1 -6.0949 671.6605 163.8849 686.1663 202.8789 1.7813 0.6891 0.5521 3.5724 0.9769 33.2240 -5.9937 0.0518
Car -1 -1 -7.7083 468.5933 174.8668 546.2993 235.5721 1.4419 1.5503 3.3211 -2.3967 1.2849 18.7338 -7.8390 0.9811
Car -1 -1 -7.5674 261.6396 182.7949 498.9482 338.7673 1.4504 1.5802 4.0620 -2.4130 1.4706 8.7596 -7.8345 0.9389
Car -1 -1 -7.8804 596.7591 167.4648 644.6339 210.4855 1.5189 1.6762 4.5077 0.6441 1.0237 27.6220 -7.8624 0.8755
Car -1 -1 -7.7641 551.3273 164.2739 592.2370 199.2479 1.5887 1.6472 3.8540 -1.3858 0.8065 34.5919 -7.8088 0.7818
Car -1 -1 -7.8766 582.6889 166.7075 606.1077 187.8257 1.4645 1.5763 3.8150 -0.5241 0.4386 51.7503 -7.8915 0.4201
Car -1 -1 -6.0670 640.7407 165.4188 744.4775 200.3400 1.5385 1.7738 4.4889 4.2104 0.8303 33.2244 -5.9469 0.2571
Car -1 -1 -5.1645 884.7211 146.3107 939.7847 173.4856 1.5854 1.6909 3.6920 19.3668 -0.5221 44.9104 -4.7642 0.2001
Car -1 -1 -6.5530 1043.2136 152.1214 1140.2137 182.0526 1.5336 1.6277 3.9619 25.9722 0.0285 38.2006 -5.9639 0.1974
Car -1 -1 -4.3350 234.8605 177.1308 289.6696 204.3518 1.5082 1.5800 3.8595 -19.6515 1.2663 41.7776 -4.7772 0.1409
Car -1 -1 -5.2749 598.6415 169.6818 663.8988 198.1506 1.4672 1.6071 4.0796 1.5610 0.8583 39.1873 -5.2403 0.0887
Car -1 -1 -5.5002 906.1017 139.9891 987.5231 173.8822 1.6937 1.6729 3.9278 18.6523 -0.4359 38.9887 -5.0613 0.0855
Car -1 -1 -7.7777 488.4825 168.6741 514.1652 189.3353 1.4655 1.5998 3.9105 -7.3292 0.5557 52.9551 -7.9194 0.0804
Car -1 -1 -4.7983 860.1343 149.8145 893.9808 176.7878 1.6136 1.6551 3.8682 17.5243 -0.3140 45.7881 -4.4394 0.0768
Car -1 -1 -2.7557 589.9606 165.6754 658.6303 190.1437 1.5771 1.6875 4.2567 1.5292 0.5572 47.9256 -2.7288 0.0636
Car -1 -1 -3.7873 275.0770 168.2551 346.2445 195.9981 1.6874 1.7448 3.9627 -18.4889 0.8819 45.8405 -4.1736 0.0512
Car -1 -1 -4.4634 544.1691 165.5225 580.3823 187.8355 1.5499 1.6695 4.1466 -2.7784 0.4400 52.0896 -4.5213 0.0505
