Pedestrian -1 -1 -3.5810 840.3515 157.2297 911.4290 303.3878 2.0224 0.6608 0.7412 3.7440 1.8059 10.3505 -3.2443 0.2952
Pedestrian -1 -1 -3.1503 370.1381 172.4107 414.8155 260.3876 1.6864 0.5264 0.8274 -4.3342 1.6776 14.2044 -3.4420 0.1851
Pedestrian -1 -1 -4.3738 411.3007 170.2029 458.1125 259.0217 1.7780 0.7025 0.8318 -3.6589 1.7246 14.8929 -4.6114 0.1507
Pedestrian -1 -1 -3.2690 679.1896 173.6336 690.7278 208.0620 1.8801 0.7667 0.5380 4.0948 1.9232 39.8094 -3.1678 0.1018
Pedestrian -1 -1 -3.9853 134.4024 144.7890 222.5538 309.2389 1.9160 0.6059 0.7079 -5.3101 1.5887 8.8132 -4.5148 0.0986
Pedestrian -1 -1 -5.0789 429.0282 166.3129 475.1537 258.2250 1.8527 0.6599 0.9113 -3.3653 1.7206 15.1063 -5.2952 0.0910
Cyclist -1 -1 -7.6921 506.7075 181.5751 520.1640 217.1074 1.6354 0.3893 1.5708 -4.6361 2.0603 34.3878 -7.8257 0.0857
Pedestrian -1 -1 -3.9206 783.4991 174.6607 830.7026 274.3665 1.8575 0.6028 0.6357 3.7338 1.8930 13.8774 -3.6643 0.0822
Pedestrian -1 -1 -4.1876 411.8328 184.9576 451.4380 263.4378 1.5205 0.5298 0.6239 -3.6236 1.7691 14.4677 -4.4295 0.0810
Pedestrian -1 -1 -5.8107 378.0977 168.3578 428.5757 255.8986 1.7542 0.5750 0.8256 -4.2910 1.6638 14.8207 -6.0884 0.0802
Pedestrian -1 -1 -3.2873 842.6559 189.0857 925.7047 342.4748 1.6417 0.5002 0.8006 3.0075 1.8312 8.1142 -2.9457 0.0764
Pedestrian -1 -1 -3.9902 79.7047 150.3562 173.9219 310.0186 1.8686 0.6761 0.6812 -5.9507 1.6050 8.8296 -4.5697 0.0718
Cyclist -1 -1 -8.3383 823.6154 180.5997 933.1674 347.7235 1.7466 0.5002 1.5634 3.0217 1.8455 8.4267 -8.0066 0.0700
Pedestrian -1 -1 -8.3642 450.4567 170.9268 496.3900 257.7051 1.7924 0.6541 0.8053 -2.9751 1.7523 15.4223 -8.5524 0.0668
Pedestrian -1 -1 -3.4975 158.6597 147.1965 250.7213 307.4747 1.8334 0.5680 0.8300 -4.9656 1.5396 8.7533 -4.0011 0.0638
Pedestrian -1 -1 -4.5516 118.4070 147.7495 186.0236 310.6877 1.8873 0.5806 0.7366 -5.6246 1.5962 8.8090 -5.1066 0.0575
Cyclist -1 -1 -7.7664 502.5570 178.9503 514.2990 216.4211 1.7315 0.4152 1.6374 -4.8825 2.0291 34.4393 -7.9068 0.0545
Car -1 -1 -8.0046 642.9232 181.3979 687.9009 216.7666 1.5646 1.6631 3.1953 2.5513 1.9910 34.3777 -7.9318 0.9183
Car -1 -1 -7.8883 661.5782 168.9000 683.7537 192.6297 1.8508 1.6421 3.8899 5.0030 1.5421 58.2613 -7.8034 0.0818
Car -1 -1 -4.5195 465.4763 182.0430 519.2996 219.8377 1.5662 1.6872 3.9777 -5.3311 2.0105 32.8958 -4.6795 0.0788
Car -1 -1 -7.6992 515.2505 180.5867 548.8140 206.8499 1.6580 1.6403 4.1702 -5.2713 2.2048 48.9229 -7.8065 0.0773
Car -1 -1 -8.2121 740.7891 175.2663 878.1898 259.8125 1.7585 1.7200 4.3158 4.5560 1.8238 17.3726 -7.9607 0.0674
Car -1 -1 -4.5899 499.2518 174.7393 538.8703 209.4355 1.9115 1.7897 4.2289 -5.2841 2.0267 42.0974 -4.7145 0.0660
Car -1 -1 -2.1312 0.0000 141.3540 0.0000 374.0000 1.6081 1.6884 4.3158 -7.4142 1.4262 5.1564 -3.0697 0.0535
Car -1 -1 -5.3329 1055.6824 188.4245 1241.0000 374.0000 1.7704 1.7248 4.0475 4.0012 1.8945 3.6208 -4.5389 0.0530
