Pedestrian -1 -1 -4.9567 140.2205 173.8546 171.6567 231.8199 1.7701 0.6768 0.7304 -14.2377 1.8017 22.5475 -5.5148 0.1548
Cyclist -1 -1 -2.9882 589.7589 167.9361 634.0091 213.6585 1.8724 0.6475 1.7628 0.0402 1.6707 30.0035 -2.9876 0.0857
Cyclist -1 -1 -7.8958 643.2174 172.8507 655.7318 198.7013 1.6235 0.7156 1.9729 2.4908 1.6230 46.3042 -7.8428 0.0733
Pedestrian -1 -1 -8.6499 755.8647 171.0527 766.4385 193.4115 1.9182 0.7084 0.5578 13.0331 1.7634 62.3312 -8.4451 0.0707
Pedestrian -1 -1 -2.1205 81.5355 171.5520 95.6541 202.4500 1.8606 0.5097 0.4981 -31.6711 1.7819 43.7803 -2.7441 0.0696
Pedestrian -1 -1 -4.7662 271.9656 177.3557 289.7003 218.2081 1.6855 0.6452 0.6328 -13.8657 1.8769 30.2945 -5.1924 0.0642
Pedestrian -1 -1 -7.1050 905.6233 173.9216 929.7398 221.0379 1.5968 0.5737 0.5039 10.5410 1.6338 24.8358 -6.7084 0.0637
Car -1 -1 -7.2797 17.6255 170.0073 90.3746 201.9344 2.1012 1.8618 4.4258 -38.2648 1.9135 49.7653 -7.9328 0.0577
Car -1 -1 -4.8470 722.4755 176.5682 764.6729 207.2504 1.4358 1.5681 3.7768 6.5963 1.6315 36.1515 -4.6684 0.0569
Pedestrian -1 -1 -3.2107 377.1867 173.7545 388.5021 196.5311 1.8353 0.4720 0.8453 -18.4576 1.9085 58.5431 -3.5151 0.0547
Pedestrian -1 -1 -4.6142 694.0453 181.2267 706.3114 214.7377 1.3819 0.4651 0.4897 3.7308 1.7353 30.1882 -4.4930 0.0528
Car -1 -1 -4.6979 689.7007 175.4595 709.4341 193.9831 1.4420 1.5432 3.9808 7.3009 1.6616 58.8295 -4.5754 0.0522
Car -1 -1 -5.1902 883.0891 175.6816 961.0115 211.0594 1.4837 1.6119 3.8585 13.9400 1.6188 32.5630 -4.7895 0.0514
Pedestrian -1 -1 -4.4891 352.8076 152.0322 425.3653 315.6347 1.9053 0.6369 1.0708 -2.7718 1.6625 8.9592 -4.7819 0.2772
Pedestrian -1 -1 -2.9102 300.7010 158.1571 400.1235 341.2391 1.6788 0.3847 0.8212 -2.5068 1.5437 6.8517 -3.2497 0.0860
Car -1 -1 -8.0159 690.8101 184.2583 776.3615 244.3824 1.3186 1.5574 3.4090 2.9619 1.6326 18.1795 -7.8578 0.9754
Car -1 -1 -8.1721 761.1470 178.8640 833.0532 217.0865 1.3714 1.5521 4.0173 7.2733 1.6264 28.5954 -7.9260 0.9602
Car -1 -1 -8.3533 851.7361 182.3146 1241.0000 374.0000 1.4649 1.5867 4.1718 3.5853 1.5757 6.3760 -7.8617 0.9416
Car -1 -1 -7.9174 640.3408 176.3092 666.4050 199.5992 1.4251 1.4539 3.3072 2.7194 1.6544 46.2994 -7.8595 0.7959
Car -1 -1 -8.1694 700.1993 176.2788 744.2687 202.3656 1.4358 1.5480 3.3869 6.4466 1.6433 41.9822 -8.0186 0.7259
Car -1 -1 -9.2625 0.0000 0.0000 1241.0000 374.0000 1.5732 1.6399 3.7476 3.7212 1.5828 0.9717 -8.0199 0.1009
Car -1 -1 -9.5945 0.0000 0.0000 1241.0000 374.0000 1.6424 1.6217 3.9681 5.5803 1.5958 1.8535 -8.3915 0.0798
Car -1 -1 -5.5116 742.6273 174.6922 808.4190 199.1555 1.4751 1.6386 4.0982 10.4596 1.5974 45.9957 -5.2897 0.0674
Car -1 -1 -4.8206 717.3031 175.3260 758.6799 206.6918 1.4683 1.6017 3.9614 6.3095 1.5987 36.1227 -4.6496 0.0655
