Pedestrian -1 -1 -8.0203 295.3431 175.4385 311.5262 218.5420 1.9171 0.5955 0.5095 -13.8564 2.0346 32.5116 -8.4206 0.1871
Pedestrian -1 -1 -4.6557 129.7823 170.5989 149.9741 217.9279 2.0540 0.7101 0.6076 -20.7252 1.9558 31.7526 -5.2304 0.1480
Car -1 -1 -4.3426 333.4106 182.4875 396.7489 213.5913 1.4645 1.6515 4.3549 -12.6940 1.9952 37.5575 -4.6668 0.1056
Pedestrian -1 -1 -7.7723 390.9955 176.3987 403.0655 208.2158 1.7713 0.6027 0.6257 -12.0230 1.9723 40.6176 -8.0587 0.1039
Pedestrian -1 -1 -6.3050 498.3758 175.5933 507.4263 197.7865 1.7494 0.5845 0.6980 -8.5349 1.9680 57.3081 -6.4526 0.1015
Pedestrian -1 -1 -6.6021 1187.9576 114.3183 1226.7908 199.4076 1.8248 0.5482 0.5050 13.0355 0.5692 15.8196 -5.9218 0.0838
Pedestrian -1 -1 -4.4036 1.2710 169.7687 29.9381 224.9474 1.8938 0.6074 0.6311 -20.7729 1.7876 25.1692 -5.0885 0.0802
Pedestrian -1 -1 -3.6885 982.7242 141.3993 1049.6694 276.7408 1.8690 0.5892 0.6096 5.7150 1.4343 10.2740 -3.1937 0.0801
Pedestrian -1 -1 -4.5296 710.8904 163.4748 727.5149 205.4976 1.9291 0.6661 0.6060 5.0331 1.4982 33.5176 -4.3824 0.0747
Car -1 -1 -4.3667 357.8247 182.9514 421.1401 216.4747 1.4408 1.5980 4.0388 -10.4402 1.9494 34.3092 -4.6604 0.0680
Cyclist -1 -1 -2.5634 89.3922 178.4282 130.1097 212.2861 1.8096 0.6718 1.7252 -27.0954 2.1137 39.0405 -3.1671 0.0674
Pedestrian -1 -1 -4.3940 17.2759 176.0727 47.3159 240.1581 1.9353 0.5702 0.5699 -17.8089 2.0356 22.1916 -5.0646 0.0530
Pedestrian -1 -1 -5.5412 137.0779 175.2085 162.0186 231.9138 1.9176 0.5980 0.4302 -15.8433 1.9992 24.7599 -6.1058 0.0516
Pedestrian -1 -1 -4.9277 735.3503 166.9348 758.3989 223.6205 1.7885 0.5662 0.7966 4.3416 1.6014 23.1724 -4.7455 0.7670
Pedestrian -1 -1 -7.8944 305.7421 180.6307 324.2449 225.2952 1.7722 0.6686 0.6419 -11.9887 2.0913 29.2092 -8.2811 0.5051
Pedestrian -1 -1 -3.9438 788.4423 164.2180 822.2362 225.3349 1.7564 0.6184 0.7395 5.6862 1.5079 21.1915 -3.6858 0.1220
Cyclist -1 -1 -8.4036 726.1155 171.6365 755.6496 210.1547 1.6512 0.5259 1.5812 5.7058 1.5987 31.7635 -8.2280 0.1059
Pedestrian -1 -1 -3.3589 837.8654 158.4493 877.2073 240.6548 1.8711 0.6177 0.7447 5.6915 1.5429 16.7688 -3.0377 0.0859
Pedestrian -1 -1 -5.5289 306.6043 177.1316 335.7480 223.2059 1.8470 0.6849 0.8744 -11.8462 2.0243 29.4918 -5.9081 0.0802
Cyclist -1 -1 -7.5559 291.8393 180.6547 317.8149 225.7948 1.6480 0.4248 1.7166 -11.6690 1.9547 27.5197 -7.9539 0.0742
Pedestrian -1 -1 -5.7964 744.2936 167.7092 759.0288 212.1845 1.7854 0.5344 0.3827 5.7078 1.5786 29.2932 -5.6064 0.0717
Pedestrian -1 -1 -5.4097 293.5489 181.3650 314.5313 226.1160 1.6710 0.5100 0.5349 -11.6727 1.9983 27.4240 -5.8090 0.0663
Pedestrian -1 -1 -8.1918 724.2816 172.3573 741.9163 208.9656 1.6755 0.5732 0.7941 5.6634 1.6525 33.4648 -8.0261 0.0649
Pedestrian -1 -1 -7.8761 736.0826 167.4112 751.4285 208.5260 1.7929 0.6496 0.5996 5.8506 1.5552 31.8111 -7.6964 0.0626
Pedestrian -1 -1 -7.0134 778.8301 165.1773 798.1665 209.5294 1.8032 0.5508 0.5437 7.3034 1.4908 29.7065 -6.7752 0.0619
Cyclist -1 -1 -7.6318 245.3580 182.5965 268.8360 231.2455 1.6186 0.4044 1.5275 -12.3166 1.9681 25.1128 -8.0839 0.0607
Cyclist -1 -1 -7.5491 251.9399 184.8343 277.8456 232.8430 1.5967 0.3752 1.5133 -12.0667 2.0270 25.1598 -7.9925 0.0604
Car -1 -1 -8.0088 666.8173 178.1842 732.7424 225.8555 1.4484 1.5726 4.1047 2.9052 1.6443 24.4700 -7.8927 0.9546
Car -1 -1 -8.2500 805.8071 179.0902 1241.0000 374.0000 1.5005 1.6094 4.1853 2.8735 1.5701 5.9680 -7.8216 0.9520
Car -1 -1 -8.0898 742.8423 177.4427 918.7149 302.6259 1.5271 1.5997 3.6671 3.0210 1.6072 10.7939 -7.8251 0.9416
Car -1 -1 -4.4441 365.3270 186.2687 438.8395 229.5130 1.3809 1.5872 3.8503 -7.4889 1.9030 26.1700 -4.7206 0.8948
Car -1 -1 -7.8422 593.5342 175.7524 621.9636 202.7466 1.5139 1.6100 3.6187 -0.1508 1.6923 42.6698 -7.8463 0.8859
Car -1 -1 -4.5132 445.7300 179.8257 489.9276 209.8761 1.5215 1.6022 4.0470 -7.7598 1.9225 39.5025 -4.7063 0.8458
Car -1 -1 -7.8450 659.3778 176.8627 701.3195 216.1512 1.4945 1.6164 3.8835 2.8772 1.6714 29.8727 -7.7505 0.7897
Car -1 -1 -4.5227 404.6647 182.9436 457.3616 220.7021 1.4956 1.5410 3.8076 -7.8002 1.9637 31.5571 -4.7635 0.6862
Car -1 -1 -7.8017 643.2672 172.1854 670.4298 198.2591 1.6566 1.6046 3.8204 3.1067 1.6138 47.8324 -7.7377 0.6604
Car -1 -1 -4.7603 648.7683 175.1972 673.9078 197.0444 1.5176 1.6203 4.2182 3.6829 1.6954 52.7031 -4.6913 0.1399
Car -1 -1 -9.3871 0.0000 0.0000 1241.0000 374.0000 1.5401 1.6221 3.7474 3.7134 1.5338 1.0304 -8.1591 0.1187
Car -1 -1 -4.5799 619.0334 173.9054 649.8257 196.6568 1.5906 1.7055 4.3188 1.8045 1.6707 52.9240 -4.5464 0.0583
Car -1 -1 -9.3926 0.0000 0.0000 1241.0000 374.0000 1.6188 1.6330 3.9196 5.2501 1.5601 1.5482 -8.1595 0.0579
Car -1 -1 -4.7304 487.7334 178.0887 518.6669 207.9292 1.5221 1.5988 4.0773 -5.9523 1.8254 39.6992 -4.8787 0.0567
Car -1 -1 -9.4629 0.0000 0.0000 1241.0000 374.0000 1.6277 1.6263 3.9244 2.0778 1.5853 -0.3768 -7.8501 0.0530
