Pedestrian -1 -1 -5.2497 814.3785 153.8327 866.0800 248.4301 2.0164 0.6251 1.0686 5.0282 1.6106 15.9727 -4.9508 0.1297
Pedestrian -1 -1 -4.3119 36.2464 174.7331 95.7924 272.8412 1.8251 0.6811 0.7298 -10.4959 1.8621 13.8744 -4.9505 0.1278
Pedestrian -1 -1 -8.3496 522.9006 182.4040 534.7484 205.5135 1.6390 0.5860 0.6996 -5.8820 2.3330 52.0039 -8.4621 0.0918
Pedestrian -1 -1 -5.9282 0.0000 166.2033 59.0566 332.1889 1.9067 0.6541 0.7746 -7.3101 1.8300 8.7228 -6.6108 0.0767
Pedestrian -1 -1 -3.2278 246.1577 181.9487 293.6161 278.6894 1.7497 0.5898 0.7618 -6.4570 1.9261 13.5794 -3.6647 0.0745
Pedestrian -1 -1 -5.8069 501.1706 178.1918 517.1403 207.7799 1.8098 0.5458 0.8204 -6.2765 2.1428 44.6678 -5.9462 0.0621
Pedestrian -1 -1 -7.9306 545.9578 176.0754 558.9704 208.2385 1.8171 0.7052 0.4601 -3.3162 2.0016 41.1029 -8.0111 0.0611
Pedestrian -1 -1 -3.4239 1002.5655 133.2639 1030.5552 191.8522 1.7982 0.6093 0.6118 12.6280 0.5828 22.5098 -2.9182 0.0609
Pedestrian -1 -1 -4.4748 173.1722 176.6959 218.4846 276.8548 1.8315 0.5981 0.6739 -7.8655 1.9059 13.6310 -4.9901 0.0578
Pedestrian -1 -1 -4.9154 386.0112 179.6406 416.2979 248.3857 1.6999 0.6191 0.6657 -5.3703 1.8764 18.3667 -5.1966 0.0563
Pedestrian -1 -1 -3.1213 730.6652 163.4499 754.7924 218.5289 1.9656 0.5676 0.8496 4.7602 1.6297 26.1116 -2.9436 0.0539
Car -1 -1 -4.9384 614.1838 178.9847 647.6390 200.1409 1.5039 1.6254 4.2246 1.5157 1.9883 54.8146 -4.9114 0.0512
Cyclist -1 -1 -8.0758 810.2048 181.8732 856.7579 267.5474 1.5638 0.5111 1.6189 4.3083 1.7509 14.1684 -7.7874 0.7605
Pedestrian -1 -1 -4.7048 878.9898 160.3661 918.8175 268.8723 1.8694 0.6429 0.8092 5.1152 1.6539 12.9252 -4.3367 0.1901
Pedestrian -1 -1 -7.8872 714.3955 171.1523 729.7992 212.8448 1.8396 0.6540 0.7034 4.9597 1.7642 32.2244 -7.7365 0.1492
Pedestrian -1 -1 -7.7068 448.2217 180.3557 463.9085 221.3411 1.6451 0.5675 0.4184 -6.2868 1.9515 29.2718 -7.9170 0.1037
Cyclist -1 -1 -4.1401 0.0000 129.7462 220.5600 374.0000 1.8352 0.6569 1.6014 -2.1200 1.7346 2.5045 -4.7928 0.1034
Pedestrian -1 -1 -7.9049 427.8292 175.6217 443.9724 222.7882 1.7683 0.5762 0.3760 -6.6443 1.8739 27.3435 -8.1416 0.1009
Pedestrian -1 -1 -7.2234 1182.0378 153.0074 1241.0000 296.0354 1.8634 0.5822 0.4649 8.1421 1.6046 9.7415 -6.5426 0.0952
Cyclist -1 -1 -4.2601 443.7834 178.7316 472.5185 221.6524 1.7004 0.5763 1.4521 -6.2547 1.9473 29.5710 -4.4673 0.0902
Pedestrian -1 -1 -8.9624 973.4908 160.2246 1022.3734 267.7330 1.8944 0.5694 0.5947 6.9983 1.6715 13.1219 -8.4825 0.0844
Pedestrian -1 -1 -6.4581 1040.8129 154.5850 1135.4824 337.5760 1.8558 0.6273 0.7364 5.0477 1.6702 7.7463 -5.8988 0.0843
Pedestrian -1 -1 -8.6454 1130.6304 146.3931 1212.3871 296.2367 1.9539 0.5942 0.6401 7.5309 1.6085 9.7693 -8.0038 0.0824
Pedestrian -1 -1 -4.2092 1086.7179 137.9819 1228.1183 358.3428 1.9220 0.6496 1.0622 5.1065 1.6175 6.8154 -3.5876 0.0812
Cyclist -1 -1 -3.7703 0.0000 130.7167 133.6400 374.0000 1.8647 0.6346 1.6424 -2.7180 1.7643 2.5787 -4.5317 0.0730
Cyclist -1 -1 -4.8443 427.6223 179.3096 447.0432 224.8162 1.6616 0.5261 1.4709 -6.5980 1.9130 27.3481 -5.0793 0.0679
Pedestrian -1 -1 -7.8915 751.3902 178.0012 781.9089 262.2042 1.6275 0.5622 0.6901 3.0604 1.7325 14.3800 -7.6870 0.0650
Pedestrian -1 -1 -4.3059 0.0000 207.3120 164.2571 374.0000 1.5979 0.5566 0.4310 -2.1027 1.7380 2.6704 -4.9271 0.0645
Pedestrian -1 -1 -5.1739 897.5400 159.7876 953.6317 269.0860 1.8857 0.6302 0.7756 5.5542 1.6600 12.8555 -4.7753 0.0612
Pedestrian -1 -1 -8.5629 1132.6501 149.5871 1241.0000 368.6147 1.8710 0.6580 1.1078 5.5599 1.6719 6.7304 -7.8946 0.0560
Pedestrian -1 -1 -1.9628 0.0000 176.1428 159.9168 374.0000 1.7317 0.6034 0.5722 -2.3219 1.7464 2.8723 -2.5995 0.0547
Pedestrian -1 -1 -7.3750 642.4183 173.6318 659.3233 209.3062 1.8541 0.6186 0.7393 2.1152 1.8953 37.9963 -7.3204 0.0532
Cyclist -1 -1 -3.8772 0.0000 133.9518 100.5960 374.0000 1.8615 0.5960 1.6549 -2.4216 1.7949 2.0668 -4.6794 0.0522
Cyclist -1 -1 -6.4409 742.5130 175.2216 837.1346 263.3504 1.6915 0.5834 1.7363 3.4682 1.7390 14.2242 -6.2075 0.0515
Car -1 -1 -8.0184 678.3041 176.2743 784.3986 262.0216 1.6524 1.6690 3.7142 2.4896 1.7365 15.9218 -7.8672 0.9787
Car -1 -1 -4.5519 421.4670 185.8986 523.6113 268.4283 1.4999 1.5905 3.4767 -2.8667 1.8101 15.4223 -4.7335 0.9188
Car -1 -1 -7.9825 662.6162 184.6219 734.1320 241.1429 1.4124 1.5545 3.4647 2.3761 1.7749 20.5012 -7.8696 0.8967
Car -1 -1 -4.5619 528.5865 181.4386 572.9218 211.1588 1.5033 1.7930 4.5959 -3.2708 2.0094 40.2108 -4.6430 0.7713
Car -1 -1 -7.9829 648.6903 174.1289 711.8865 227.6140 1.7470 1.6921 4.2104 2.3768 1.7960 25.8056 -7.8928 0.7658
Car -1 -1 -7.9753 637.8294 174.2623 679.2514 209.3927 1.8331 1.7351 4.6474 2.6023 1.9159 40.2099 -7.9117 0.3514
Car -1 -1 -3.6539 0.0000 0.0000 1241.0000 374.0000 1.4769 1.6379 3.8738 -2.7429 1.7579 1.3821 -4.6798 0.2802
Car -1 -1 -5.6358 0.0000 0.0000 1241.0000 374.0000 1.5006 1.6733 3.8846 2.4358 1.7179 1.2933 -4.6448 0.2634
Car -1 -1 -4.7543 633.9686 177.9936 660.4710 203.9297 1.6130 1.5717 3.9796 2.3888 1.9664 47.6607 -4.7050 0.1914
Car -1 -1 -8.0478 521.4821 163.2882 547.1009 182.9584 1.7243 1.6137 3.7262 -6.8981 0.8855 65.2682 -8.1528 0.1277
Car -1 -1 -8.0329 703.4890 173.9425 754.3601 212.4554 1.7049 1.6499 4.0926 5.5110 1.7592 34.1209 -7.8747 0.1191
Car -1 -1 -4.7283 519.2264 177.0054 541.2076 197.9601 1.5537 1.6387 3.8814 -6.2842 1.8892 56.3308 -4.8393 0.0889
Car -1 -1 -5.1574 589.4044 181.4706 628.8326 201.9653 1.5088 1.6597 3.7257 -0.1330 2.2120 56.8713 -5.1602 0.0797
Car -1 -1 -4.4352 544.1211 181.4244 579.7094 202.0170 1.4503 1.6267 4.1525 -3.6381 2.1277 54.8496 -4.5016 0.0703
Car -1 -1 -4.7687 435.1495 184.4220 486.2990 229.1656 1.4405 1.6034 4.0200 -5.5880 1.8994 26.4909 -4.9752 0.0598
