Pedestrian -1 -1 -7.9851 141.0547 180.2003 193.4456 303.3951 1.7362 0.5937 0.5472 -6.5706 1.8481 10.6155 -8.5286 0.1307
Pedestrian -1 -1 -8.0896 737.2294 165.7277 755.9808 209.5869 1.9330 0.6844 0.6566 6.0395 1.6186 32.1463 -7.9061 0.1011
Car -1 -1 -4.2668 389.9453 185.5168 446.8968 216.1301 1.4195 1.5143 3.3183 -9.7236 2.0942 36.6930 -4.5245 0.0856
Pedestrian -1 -1 -3.0583 389.2967 169.6103 418.8969 231.2838 2.0356 0.6557 0.9041 -6.9516 1.9282 24.2236 -3.3354 0.0814
Pedestrian -1 -1 -5.0880 1181.2216 135.1687 1241.0000 254.2448 1.8044 0.5746 0.7685 9.4767 1.2331 11.3869 -4.4068 0.0776
Pedestrian -1 -1 -4.3799 309.8800 172.4644 346.8585 252.1840 1.8170 0.6254 0.6407 -6.5918 1.8078 16.7768 -4.7495 0.0681
Pedestrian -1 -1 -7.7478 362.9720 168.3909 392.9578 242.2630 1.9297 0.6938 0.6708 -6.2315 1.8128 19.2464 -8.0574 0.0607
Pedestrian -1 -1 -8.3365 439.9730 178.4527 451.3284 211.1920 1.8626 0.5057 0.4062 -9.4843 2.1866 41.4772 -8.5604 0.0598
Car -1 -1 -7.6998 654.8723 174.3459 679.1727 193.5536 1.7295 1.6684 4.0428 5.3404 1.8731 67.4617 -7.6215 0.0597
Pedestrian -1 -1 -5.4475 34.6637 166.5624 132.7836 323.7833 1.8375 0.5580 0.8278 -6.4588 1.7637 8.7944 -6.0669 0.0544
Pedestrian -1 -1 -5.7779 443.9579 171.1461 462.3562 213.4134 1.9346 0.5846 0.6278 -7.2986 1.8561 33.3951 -5.9919 0.0532
Pedestrian -1 -1 -5.0203 399.4077 165.8075 426.4705 226.1633 2.0566 0.6825 0.8541 -6.9134 1.8162 25.1302 -5.2866 0.0530
Car -1 -1 -4.8202 504.1733 182.6013 544.6569 215.3607 1.4900 1.5868 3.9943 -4.3844 2.0076 36.2078 -4.9403 0.0505
Pedestrian -1 -1 -3.7219 1189.3462 150.7089 1241.0000 296.4401 1.6893 0.4970 0.7369 7.4606 1.4323 8.6528 -3.0276 0.4200
Pedestrian -1 -1 -8.3507 1061.1339 147.9742 1118.3424 256.2391 1.8169 0.5551 0.6929 8.2255 1.3991 12.4752 -7.7790 0.2404
Pedestrian -1 -1 -3.5043 1061.6771 146.6499 1109.1404 259.4613 1.8131 0.6045 0.4651 7.8005 1.3916 11.9394 -2.9374 0.1137
Cyclist -1 -1 -7.9602 544.5853 181.7386 551.4025 200.2239 1.5173 0.4036 1.6010 -5.2571 2.2763 60.8419 -8.0464 0.0774
Pedestrian -1 -1 -5.1346 1004.9608 148.7165 1056.4054 245.0496 1.8434 0.5991 0.7890 8.2267 1.3812 14.2275 -4.6198 0.0733
Cyclist -1 -1 -5.1727 918.4998 159.1614 987.9094 252.0919 1.7113 0.5431 1.6234 6.6179 1.4589 14.1069 -4.7427 0.0725
Pedestrian -1 -1 -4.9937 1018.8159 157.3280 1064.2195 262.2011 1.7434 0.5388 0.5104 7.2960 1.4850 12.3074 -4.4696 0.0614
Pedestrian -1 -1 -4.9516 1047.9442 155.7425 1093.9774 256.9198 1.7043 0.5411 0.5925 7.9319 1.4157 12.5193 -4.3980 0.0604
Cyclist -1 -1 -8.0948 539.9542 180.1221 549.3679 199.8623 1.6251 0.4206 1.5945 -5.5378 2.2458 60.8279 -8.1856 0.0599
Cyclist -1 -1 -8.0934 942.3276 161.4250 995.7673 255.7514 1.7211 0.5322 1.6522 6.8951 1.5122 14.0283 -7.6455 0.0594
Pedestrian -1 -1 -5.0656 1175.7645 144.1609 1238.9937 257.1168 1.7379 0.5601 0.7062 9.4680 1.2961 11.5248 -4.3907 0.0575
Car -1 -1 -8.2052 763.0437 181.8740 992.0335 319.9348 1.4681 1.5790 3.8680 3.3098 1.6160 9.8918 -7.8924 0.9783
Car -1 -1 -8.1195 695.4801 162.6883 825.3050 261.7275 1.8963 1.6971 4.2262 3.0966 1.7014 15.9886 -7.9327 0.9611
Car -1 -1 -4.3790 228.4308 182.2112 453.1555 330.6154 1.6285 1.6787 3.9159 -3.5304 1.7850 10.1276 -4.7072 0.9455
Car -1 -1 -4.4883 375.5216 181.0886 488.0629 269.6307 1.5840 1.5364 3.2994 -3.5974 1.7724 14.8738 -4.7224 0.7246
Car -1 -1 -4.5334 430.4937 188.2866 506.9213 241.2250 1.3898 1.5913 4.0884 -4.2854 1.9080 22.1910 -4.7227 0.6580
Car -1 -1 -4.6306 497.1164 183.0700 530.7067 212.1891 1.5666 1.6321 3.9580 -5.6162 2.1931 42.2519 -4.7624 0.6400
Car -1 -1 -4.6995 610.0697 176.1148 628.7202 193.5612 1.5757 1.7049 4.0845 0.8889 1.8920 68.0019 -4.6868 0.3133
Car -1 -1 -4.5576 474.1174 180.0847 505.2751 203.5796 1.6871 1.7353 4.1170 -9.1791 2.2601 55.1494 -4.7222 0.1508
Car -1 -1 -4.9234 505.9390 183.3669 542.1086 208.0307 1.5425 1.6335 4.0211 -5.9287 2.2898 49.1412 -5.0433 0.1487
Car -1 -1 -4.7019 542.7391 181.5106 561.1602 199.4676 1.4389 1.5178 3.5710 -4.9479 2.1974 61.4187 -4.7823 0.1433
Car -1 -1 -4.6387 574.4489 179.9152 597.0577 197.8138 1.4343 1.6419 3.9025 -2.0569 2.0540 61.3682 -4.6724 0.0885
Car -1 -1 -4.6418 477.6837 185.1680 515.9468 217.4985 1.4346 1.5853 4.1009 -5.5898 2.0801 35.7335 -4.7964 0.0827
Car -1 -1 -7.3212 1231.6580 133.3075 1241.0000 374.0000 1.5940 1.6376 4.1961 7.0426 1.3699 5.1592 -6.4098 0.0746
Car -1 -1 -4.3871 515.5514 180.2406 553.1172 200.7923 1.4905 1.6471 4.2212 -5.8703 2.0883 56.1794 -4.4912 0.0668
Car -1 -1 -4.3572 483.4200 179.9177 522.3062 201.7927 1.6915 1.7307 4.4854 -8.8360 2.2989 59.7004 -4.5039 0.0598
