Pedestrian -1 -1 -6.3590 734.1376 167.5603 785.4504 278.8137 1.6094 0.4098 0.7103 2.1534 1.5325 10.6827 -6.1665 0.1019
Pedestrian -1 -1 -5.1053 231.3345 151.6799 284.3010 269.3910 1.8736 0.5985 0.6126 -5.8683 1.5363 11.9118 -5.5547 0.0986
Pedestrian -1 -1 -4.6196 306.0981 158.1687 343.0525 245.8279 1.9277 0.6859 1.0723 -6.5547 1.6045 16.4776 -4.9931 0.0958
Pedestrian -1 -1 -5.3517 0.0000 170.9905 9.3065 200.0300 1.7999 0.4568 0.1487 -37.7609 1.6841 44.9603 -6.0474 0.0953
Pedestrian -1 -1 -2.5134 472.7616 168.2894 485.4523 212.5705 1.8717 0.5083 0.2897 -5.6274 1.6784 30.7898 -2.6931 0.0809
Pedestrian -1 -1 -6.2781 155.8003 172.6472 171.8345 224.9907 1.8630 0.5869 0.4879 -16.1564 1.8554 26.0589 -6.8288 0.0727
Pedestrian -1 -1 -3.9897 81.4276 272.7071 161.9669 374.0000 0.9409 0.2932 0.4865 -4.0284 1.7911 5.8841 -4.5698 0.0681
Pedestrian -1 -1 -5.9455 578.8188 165.5919 599.7794 222.8957 1.8819 0.4959 0.5659 -0.7344 1.6431 24.0182 -5.9764 0.0681
Pedestrian -1 -1 -6.0563 357.3114 175.2143 365.3685 197.5673 1.7603 0.7122 0.4562 -19.7645 1.9486 57.2781 -6.3874 0.0627
Pedestrian -1 -1 -4.8672 854.1139 165.1873 889.8363 247.4442 1.6448 0.5774 0.7317 5.3247 1.4912 14.8399 -4.5297 0.0611
Cyclist -1 -1 -3.6630 135.6240 180.2528 173.9631 213.8772 1.7285 0.4991 1.6999 -24.2102 2.1302 38.3403 -4.2233 0.0608
Pedestrian -1 -1 -4.4515 397.3347 206.7595 418.4614 255.0776 1.0631 0.3581 0.4541 -4.6496 1.8454 16.4258 -4.7239 0.0593
Pedestrian -1 -1 -4.2844 318.0825 219.1640 350.8827 290.1825 1.0579 0.3363 0.4124 -4.3458 1.7934 11.2478 -4.6460 0.0583
Pedestrian -1 -1 -6.2650 179.0312 180.1183 195.3059 213.7980 1.8599 0.6700 0.7759 -23.7857 2.2725 40.5344 -6.7930 0.0572
Pedestrian -1 -1 -8.2050 984.0657 145.5853 1006.8047 189.8734 1.9565 0.7679 0.5001 17.1402 0.7516 32.1751 -7.7194 0.0567
Cyclist -1 -1 -6.2562 549.3300 171.9860 589.3903 214.9726 1.8332 0.6766 1.7078 -1.7875 1.7959 31.1348 -6.3136 0.0555
Pedestrian -1 -1 -3.9255 741.4128 168.7647 788.3300 250.8728 1.6417 0.5804 0.7584 3.1391 1.5596 14.8775 -3.7225 0.0552
Car -1 -1 -7.7046 69.3655 174.4757 116.8683 203.3554 1.5692 1.6545 3.8782 -29.7286 1.6670 41.5446 -8.3228 0.0549
Pedestrian -1 -1 -3.7683 1003.1432 149.4416 1020.8795 195.5003 1.8104 0.5245 0.3779 15.9124 0.8899 28.6453 -3.2657 0.0531
Pedestrian -1 -1 -8.9160 1184.5687 137.6329 1215.1758 212.3396 1.8321 0.5526 0.3709 14.6389 0.9680 17.9709 -8.2405 0.0505
Pedestrian -1 -1 -3.8609 735.3482 161.9936 763.9390 216.1623 1.9229 0.6394 0.7893 5.0015 1.5371 26.0895 -3.6742 0.0503
Car -1 -1 -7.7530 287.6649 179.7364 318.7228 204.3627 1.6291 1.6316 3.8970 -21.6750 2.1354 51.0081 -8.1532 0.0503
Car -1 -1 -8.3676 995.3758 157.7085 1160.5687 246.5807 1.4562 1.4378 2.5088 8.2986 1.2077 13.1049 -7.8136 0.5983
Pedestrian -1 -1 -5.0003 393.2172 168.6055 421.2679 224.8975 1.8814 0.6652 1.0122 -6.9988 1.7391 24.7212 -5.2739 0.5416
Pedestrian -1 -1 -7.8799 188.4248 168.0291 234.5742 284.9336 1.7468 0.6125 0.6791 -6.2598 1.6744 11.2284 -8.3789 0.0738
Cyclist -1 -1 -6.0951 135.9467 169.5896 281.2653 286.9586 1.7301 0.7127 1.8791 -6.2570 1.6816 11.2613 -6.5927 0.0586
Cyclist -1 -1 -8.9736 1174.6707 129.3190 1241.0000 251.9131 1.7159 0.4994 1.8408 9.7652 1.1062 11.0426 -8.2627 0.0575
Cyclist -1 -1 -4.3883 392.7828 179.2222 434.3294 251.9962 1.6215 0.4822 1.5243 -4.6553 1.7780 16.9875 -4.6525 0.0554
Cyclist -1 -1 -5.8236 191.7395 158.7043 318.0591 272.0705 1.8205 0.5541 1.8090 -5.8739 1.5930 11.8717 -6.2747 0.0552
Pedestrian -1 -1 -5.8782 284.9807 165.4940 343.2033 276.9878 1.7945 0.5567 0.7272 -4.9238 1.6758 11.8990 -6.2634 0.0544
Pedestrian -1 -1 -6.9440 201.2161 162.3362 262.7428 279.9434 1.7795 0.6041 0.6146 -5.9810 1.6200 11.3231 -7.4208 0.0539
Cyclist -1 -1 -7.9455 389.0848 168.8927 411.6019 225.4284 1.8418 0.5652 1.8624 -7.1710 1.7124 24.4755 -8.2280 0.0533
Pedestrian -1 -1 -7.5730 898.5391 155.7310 940.7916 248.3425 1.7139 0.5586 0.7730 5.8853 1.3967 13.8295 -7.1789 0.0515
Car -1 -1 -2.8187 132.0212 188.7177 405.1473 273.5161 1.4117 1.6478 4.2976 -6.2179 1.7299 13.4432 -3.2450 0.9402
Car -1 -1 -2.4934 0.0000 192.9242 283.6404 340.1279 1.4441 1.7005 4.2704 -6.2779 1.6957 8.1860 -3.1322 0.9302
Car -1 -1 -8.3885 991.4161 160.4771 1161.3689 247.9112 1.4414 1.4394 2.6373 8.3382 1.2370 13.2260 -7.8364 0.7862
Car -1 -1 -8.5448 1094.6720 149.2722 1241.0000 242.2350 1.4399 1.5497 3.5679 10.6512 1.0744 12.9713 -7.8685 0.6612
Car -1 -1 -5.7137 166.3681 184.0256 329.7179 240.1639 1.5051 1.5396 3.9992 -10.3822 1.8409 20.7208 -6.1735 0.5403
Car -1 -1 -7.2482 1083.4313 145.7725 1241.0000 374.0000 1.5223 1.6236 3.8968 5.0841 1.4044 4.1639 -6.3980 0.4984
Car -1 -1 -4.1195 5.0068 187.9853 131.9565 233.3855 1.5137 1.8393 4.1945 -20.5825 2.1373 27.6148 -4.7555 0.4824
Car -1 -1 -4.5922 0.0000 186.0418 17.7303 226.9012 1.5090 1.6316 3.9980 -26.0776 2.0981 30.1288 -5.3014 0.2523
Car -1 -1 -4.5171 138.6505 175.5791 188.0975 207.1756 1.7553 1.6821 4.2897 -26.4404 1.9253 42.7845 -5.0680 0.2284
Car -1 -1 -4.3868 364.4246 180.9012 435.6730 218.2752 1.4612 1.6856 4.2545 -9.0492 1.8342 31.3053 -4.6663 0.2099
Car -1 -1 -6.3731 226.2332 186.7743 420.5878 260.5355 1.4187 1.5096 3.8493 -6.3581 1.7565 15.9923 -6.7464 0.0849
Car -1 -1 -7.4969 1120.3779 146.9925 1241.0000 279.5721 1.4758 1.5673 3.7871 8.6369 1.1876 9.6241 -6.7808 0.0756
Car -1 -1 -8.9730 0.0000 0.0000 1241.0000 374.0000 1.5041 1.5979 3.7576 3.7467 1.5288 1.4072 -7.8290 0.0656
Car -1 -1 -4.7161 12.0725 186.6716 62.9348 225.2520 1.4852 1.6451 4.0218 -24.9061 2.1253 31.3566 -5.3833 0.0580
