Car -1 -1 -4.5387 448.7175 185.1533 552.4745 258.8540 1.5389 1.7964 4.5037 -2.6364 1.8861 18.1047 -4.6821 0.9509
Car -1 -1 -8.0266 667.5527 183.1106 735.0427 232.5938 1.5452 1.6566 4.0850 3.0841 1.9367 25.4800 -7.9083 0.9140
Car -1 -1 -8.0695 691.9567 173.0171 806.5574 258.4462 1.8517 1.7780 4.6915 3.2453 1.8560 18.0293 -7.8953 0.6910
Car -1 -1 -7.9582 656.8469 184.8521 704.2045 224.2182 1.5295 1.6132 4.0045 2.9482 2.0827 31.2720 -7.8658 0.4144
Pedestrian -1 -1 -4.3714 397.5648 193.2028 428.1999 250.4148 1.4720 0.5484 0.8178 -5.3140 2.0280 19.2971 -4.6373 0.2193
Pedestrian -1 -1 -3.9265 456.4730 181.1762 481.3940 229.0572 1.7385 0.5951 0.6902 -5.2849 2.0526 26.8079 -4.1199 0.1299
Car -1 -1 -3.0321 523.4998 183.7905 572.0994 204.5365 1.5983 1.6832 3.6914 -4.9488 2.4815 57.4042 -3.1181 0.1169
Car -1 -1 -4.8639 666.4053 179.0665 691.2998 197.8012 1.6464 1.6987 4.0260 6.3224 2.2393 66.8336 -4.7704 0.1036
Pedestrian -1 -1 -4.3524 188.4044 205.7949 246.4730 320.8128 1.4363 0.4782 0.6394 -5.2424 1.8883 9.5579 -4.8430 0.0974
Pedestrian -1 -1 -4.1843 0.0000 214.9207 69.9984 358.3416 1.3299 0.4281 0.6204 -5.8858 1.7704 7.2246 -4.8502 0.0877
Pedestrian -1 -1 -8.0642 398.6038 174.4846 424.9058 238.3328 1.9199 0.6331 0.7738 -6.1548 1.9709 22.2111 -8.3321 0.0720
Car -1 -1 -4.7572 615.9322 184.1604 636.8795 201.5043 1.4815 1.7336 4.3768 1.4641 2.5612 66.7182 -4.7358 0.0709
Pedestrian -1 -1 -2.2909 391.0667 182.7953 416.5929 234.3631 1.6865 0.5242 0.6481 -6.9463 2.0244 24.1467 -2.5687 0.0639
Car -1 -1 -4.7258 698.5732 170.2295 718.0264 191.7838 1.9639 1.7491 4.1239 9.1997 1.7244 67.8926 -4.5921 0.0603
Pedestrian -1 -1 -4.2749 381.0006 196.1354 407.8219 249.9114 1.4211 0.5513 0.4671 -5.8955 2.0612 19.5749 -4.5644 0.0573
Car -1 -1 -4.9539 632.7308 185.5709 662.5916 202.0840 1.3849 1.7465 4.3382 3.4007 2.5944 66.3460 -4.9034 0.0523
Cyclist -1 -1 -2.9423 455.6590 179.6665 493.6214 219.7498 1.8124 0.6623 1.6120 -6.2401 2.1277 33.0840 -3.1278 0.0513
Car -1 -1 -8.4629 854.1251 185.6003 1241.0000 374.0000 1.5887 1.6648 4.2964 2.6867 1.6886 3.5189 -7.8516 0.8926
Car -1 -1 -4.8331 665.6215 176.4155 689.4017 194.0306 1.5761 1.7147 4.1947 6.2643 1.9196 67.5385 -4.7414 0.4299
Car -1 -1 -4.9662 577.7200 184.7852 604.9801 202.5499 1.5617 1.6571 3.8641 -1.8170 2.7255 68.3173 -4.9932 0.2465
Car -1 -1 -4.8792 522.0544 185.3374 563.6375 214.8534 1.5400 1.6754 4.5243 -4.0096 2.3093 42.0804 -4.9741 0.2033
Car -1 -1 -4.6467 473.7917 187.6421 511.6342 220.8764 1.4322 1.5559 3.7466 -5.6400 2.1840 34.7573 -4.8070 0.1132
Car -1 -1 -4.5693 516.9983 185.1163 562.5098 219.5872 1.4935 1.6101 4.1892 -3.3745 2.1227 34.9074 -4.6656 0.0544
Car -1 -1 -4.3647 422.9484 184.5019 482.0060 221.5634 1.6131 1.6176 3.6265 -7.5057 2.2007 34.5084 -4.5779 0.0518
