Car -1 -1 -7.6656 422.8520 179.8083 499.6161 233.7768 1.5048 1.6237 3.6454 -4.4067 1.3542 21.8734 -7.8624 0.9752
Car -1 -1 -7.5185 219.4831 178.1480 435.3080 314.3917 1.5932 1.6310 3.8569 -3.7977 1.5107 10.3412 -7.8624 0.9589
Car -1 -1 -7.2761 55.5774 189.2815 262.9034 282.4243 1.4653 1.6008 3.3871 -8.0385 1.5498 13.1829 -7.8149 0.9456
Pedestrian -1 -1 -4.4165 444.7303 172.7411 455.3123 196.8905 1.8167 0.5756 0.8005 -11.9763 0.8784 54.5002 -4.6321 0.1670
Pedestrian -1 -1 -8.3207 763.2428 170.3286 789.0421 225.3721 1.7019 0.5916 0.5756 5.2392 1.2417 22.5764 -8.0958 0.1206
Car -1 -1 -4.5990 565.4890 178.8349 586.7639 195.1699 1.5365 1.6111 4.0955 -3.0466 0.9365 69.7151 -4.6429 0.0785
Car -1 -1 -7.0452 0.0000 180.3527 98.5440 246.1001 1.5876 1.6897 3.9837 -16.2215 1.4704 19.4373 -7.7340 0.0706
Car -1 -1 -7.5971 364.0231 183.8464 416.8459 214.0563 1.4163 1.5654 3.8938 -10.7477 1.3523 35.6744 -7.8880 0.0611
Car -1 -1 -4.5280 601.3696 177.8005 645.1887 207.6578 1.4484 1.5694 3.8762 0.8162 1.0888 36.9301 -4.5064 0.0572
Car -1 -1 -7.2522 0.0000 179.2125 25.7826 244.8500 1.6497 1.6811 4.1469 -18.7317 1.4990 20.2371 -7.9926 0.0566
Car -1 -1 -4.5964 553.6298 177.6924 582.8077 200.1546 1.4869 1.5674 3.9377 -2.7132 0.9890 49.5970 -4.6512 0.0546
Pedestrian -1 -1 -7.6530 1009.1761 147.7655 1054.0592 257.6897 1.9128 0.5994 0.5670 7.5653 1.2613 12.9196 -7.1330 0.0536
Car -1 -1 -7.4246 172.2830 183.7930 260.5445 221.4557 1.4894 1.7204 4.1189 -16.5345 1.4333 30.5381 -7.9175 0.0524
Car -1 -1 -7.6870 712.4173 178.8493 755.3644 207.9416 1.4942 1.6619 4.0249 6.8757 1.1674 39.0946 -7.5146 0.0501
Car -1 -1 -4.4306 159.8671 176.0706 196.6386 198.3907 2.0104 1.8032 4.3493 -40.0298 1.1868 67.0796 -4.9672 0.0501
Cyclist -1 -1 -8.1144 640.8452 176.9585 654.5095 206.1935 1.5731 0.3810 1.4636 2.1514 1.1290 39.4370 -8.0607 0.1296
Cyclist -1 -1 -7.8686 648.4100 177.9514 655.5978 206.4418 1.5342 0.3675 1.5604 2.3950 1.1431 39.4970 -7.8088 0.1193
Cyclist -1 -1 -7.5240 300.3762 176.7335 341.2751 237.4996 1.7213 0.6052 1.6833 -8.4913 1.4812 21.2179 -7.9006 0.1010
Cyclist -1 -1 -7.1614 301.2416 176.4072 357.1280 238.1678 1.7315 0.5916 1.6729 -8.1733 1.4847 21.0408 -7.5280 0.0890
Cyclist -1 -1 -7.6016 649.7425 175.0681 664.2072 205.8243 1.6579 0.4373 1.4946 2.6807 1.1110 39.5273 -7.5348 0.0849
Pedestrian -1 -1 -6.5252 643.7472 177.5884 658.9084 206.6936 1.5650 0.5192 0.7161 2.3278 1.1551 38.9748 -6.4664 0.0728
Cyclist -1 -1 -7.3389 269.3299 177.4804 323.0705 239.1800 1.7224 0.6565 1.7543 -9.1062 1.5066 20.9752 -7.7441 0.0518
Car -1 -1 -7.8578 579.3646 173.1911 647.5323 239.2684 1.6217 1.6731 3.7864 0.0909 1.3268 19.5364 -7.8537 0.9437
Car -1 -1 -7.6908 477.6085 179.7913 521.8238 212.2843 1.4254 1.4802 3.4599 -4.9852 1.1876 33.2747 -7.8387 0.8638
Car -1 -1 -4.6025 506.7593 177.0215 542.4929 203.7359 1.4686 1.6090 4.1432 -4.7890 1.0183 41.5943 -4.7168 0.6573
Car -1 -1 -7.6667 407.9200 180.7569 455.1758 211.4862 1.4544 1.6061 3.8392 -8.7902 1.2435 35.9805 -7.9049 0.6264
Car -1 -1 -7.2601 249.5549 183.7653 341.0264 220.5077 1.3880 1.5545 3.7610 -12.6021 1.3334 29.1486 -7.6651 0.5869
Car -1 -1 -4.7917 578.3807 178.8682 622.8108 216.7304 1.4382 1.5058 3.6283 -0.3846 1.1972 29.1813 -4.8052 0.3745
Car -1 -1 -4.7898 396.6521 174.8773 425.8377 200.7164 1.7081 1.6463 3.8722 -13.6202 1.0248 49.6204 -5.0567 0.2944
Car -1 -1 -2.4421 173.4681 187.0040 336.4488 241.1422 1.4953 1.6941 4.2444 -10.4579 1.5517 21.2838 -2.8942 0.1976
Car -1 -1 -7.7299 647.3693 175.8900 684.9039 205.0470 1.5565 1.6207 4.0967 3.3094 1.0588 40.5442 -7.6495 0.0921
Car -1 -1 -7.5273 302.5530 183.9027 400.2692 238.3953 1.4862 1.6010 3.7997 -7.5882 1.4506 21.5128 -7.8628 0.0602
