Cyclist -1 -1 -3.1125 826.1185 169.6354 884.6124 216.8116 1.6109 0.8581 1.9164 8.5776 1.5007 25.3700 -2.7905 0.8770
Pedestrian -1 -1 -6.1988 37.8620 166.8971 60.0196 217.8255 1.9082 0.6393 0.6124 -21.3982 1.6847 27.4689 -6.8560 0.1380
Pedestrian -1 -1 -6.8301 1131.3921 168.6616 1154.6064 206.7767 1.7340 0.6713 0.5945 24.4653 1.5429 33.1840 -6.1994 0.1064
Pedestrian -1 -1 -8.0629 919.6017 159.3340 953.3868 228.0208 1.9276 0.7499 0.6905 9.2912 1.5479 20.6641 -7.6463 0.0987
Car -1 -1 -3.2225 899.0372 175.2341 963.3110 197.8142 1.5799 1.5743 4.1283 23.1442 1.7565 52.2050 -2.8077 0.0936
Pedestrian -1 -1 -8.0200 869.9003 159.5093 901.2645 227.0879 1.9307 0.7544 0.6313 7.9613 1.5491 20.9955 -7.6628 0.0863
Car -1 -1 -4.7217 1063.1384 164.8580 1089.9388 185.5508 1.5398 1.6884 4.2743 36.1077 0.9445 55.9514 -4.1512 0.0806
Car -1 -1 -4.3095 638.9084 173.6831 670.1634 189.8902 1.5226 1.5791 4.0399 4.3430 1.6054 70.1658 -4.2483 0.0806
Pedestrian -1 -1 -5.4464 1110.5759 153.6570 1128.9092 186.0192 1.8933 0.5991 0.6540 30.0365 0.7699 42.5729 -4.8353 0.0789
Car -1 -1 -3.6516 1153.3167 157.1539 1241.0000 183.9980 1.5847 1.6084 4.1088 35.6459 0.6576 43.7361 -2.9711 0.0787
Pedestrian -1 -1 -3.9993 1125.6487 149.3652 1206.9833 281.5843 1.8501 0.5101 0.8429 7.9821 1.5211 10.4367 -3.3605 0.0772
Car -1 -1 -7.8535 628.9136 173.2550 647.6860 191.3740 1.4932 1.5488 3.6695 2.3815 1.5281 61.4095 -7.8153 0.0763
Pedestrian -1 -1 -5.3945 459.8730 176.0385 472.8922 200.4343 1.8427 0.5588 0.8589 -10.9995 2.0878 55.1158 -5.5909 0.0637
Car -1 -1 -4.5210 0.0000 172.2875 14.6615 211.9231 1.6130 1.7016 3.8434 -27.4956 1.5897 31.4534 -5.2352 0.0610
Pedestrian -1 -1 -2.8409 875.3947 160.9663 899.9794 213.0143 1.8780 0.6031 0.6970 10.1480 1.4488 26.4868 -2.4792 0.0600
Pedestrian -1 -1 -5.2678 244.3129 170.6695 263.6869 203.2376 1.8657 0.6306 0.8960 -20.6794 1.7403 41.8394 -5.7245 0.0594
Pedestrian -1 -1 -6.8109 982.1337 163.2665 994.9559 186.2479 1.7490 0.6517 0.6253 28.9567 1.0191 55.2534 -6.3306 0.0579
Cyclist -1 -1 -4.7503 191.1760 176.9084 210.0356 227.0887 1.6809 0.5166 1.5091 -14.2800 1.8259 25.0735 -5.2637 0.0559
Car -1 -1 -4.4972 0.0000 179.5722 37.5673 211.7790 1.5184 1.6462 4.1631 -31.0699 1.8849 37.1725 -5.1900 0.0555
Pedestrian -1 -1 -3.4895 329.7928 171.1391 348.4393 210.1516 1.9005 0.6236 0.6907 -13.4099 1.8167 35.6110 -3.8475 0.0539
Car -1 -1 -3.0902 892.5380 168.3542 957.7610 187.8296 1.4491 1.6181 4.5168 24.1624 1.1139 55.4138 -2.6812 0.0521
Pedestrian -1 -1 -4.9412 1036.9812 157.0323 1052.0205 188.0003 1.8509 0.6209 0.7524 26.2022 0.9050 43.5785 -4.4030 0.0520
Pedestrian -1 -1 -7.7395 511.3185 173.6846 526.5836 209.5520 1.6660 0.6377 0.6853 -4.3125 1.7050 33.8760 -7.8656 0.3742
Pedestrian -1 -1 -3.0797 499.3245 171.2806 514.9413 212.0872 1.7587 0.7132 0.6324 -4.5264 1.6905 31.4772 -3.2218 0.3148
Cyclist -1 -1 -6.3427 277.4344 174.0088 319.2874 214.5073 1.7619 0.6541 1.6742 -13.9030 1.8140 32.0966 -6.7488 0.1298
Pedestrian -1 -1 -3.5240 821.0585 163.9422 839.6514 201.0661 1.9297 0.6352 0.7486 11.5183 1.4662 37.8557 -3.2312 0.1020
Pedestrian -1 -1 -5.0352 750.3889 169.1213 760.5731 191.9392 1.8432 0.6118 0.7265 11.8036 1.5414 58.6840 -4.8380 0.1008
Cyclist -1 -1 -2.6170 496.3218 171.7839 532.9355 211.0590 1.8066 0.6443 1.5910 -4.5081 1.7570 33.7911 -2.7491 0.0916
Cyclist -1 -1 -4.2459 277.1741 176.9890 307.8311 215.6534 1.6694 0.6071 1.5689 -14.1621 1.8578 32.1249 -4.6584 0.0889
Pedestrian -1 -1 -6.6999 800.5674 167.9955 809.8759 187.2922 1.7543 0.6180 0.6237 17.8196 1.3123 65.9483 -6.4374 0.0804
Pedestrian -1 -1 -8.1858 367.3645 178.4431 376.9465 197.9766 1.7828 0.7138 0.5037 -21.9447 2.3009 66.5075 -8.5036 0.0794
Cyclist -1 -1 -7.9511 769.0565 169.3432 780.7371 199.6536 1.6643 0.4852 1.5403 9.1921 1.4713 40.4140 -7.7295 0.0713
Cyclist -1 -1 -4.4459 178.9535 178.5281 204.4621 219.5580 1.6550 0.5287 1.5535 -17.5075 1.8982 30.1492 -4.9684 0.0663
Cyclist -1 -1 -2.6998 194.2058 175.2853 231.7086 208.2041 1.8142 0.6596 1.7138 -22.1492 1.9506 40.2010 -3.2008 0.0631
Pedestrian -1 -1 -7.9040 872.2371 167.7642 883.6522 193.5015 1.6661 0.6673 0.5957 17.4511 1.3363 47.0916 -7.5515 0.0570
Cyclist -1 -1 -4.8380 772.8694 169.4123 787.7910 200.1820 1.6808 0.6085 1.6015 9.4534 1.4925 40.2412 -4.6093 0.0561
Cyclist -1 -1 -2.8940 242.6013 172.9625 286.1679 212.7935 1.7508 0.6241 1.6501 -15.4451 1.7554 32.1854 -3.3385 0.0554
Pedestrian -1 -1 -6.3296 888.7485 166.0522 898.1182 193.3638 1.7661 0.5892 0.5394 18.4354 1.3259 47.0224 -5.9584 0.0533
Cyclist -1 -1 -7.6179 514.1713 170.5173 535.0754 208.6599 1.7649 0.6112 1.6801 -4.0832 1.6565 34.2572 -7.7361 0.0518
Car -1 -1 -8.0250 739.5336 179.5730 849.3878 254.2824 1.3985 1.6131 4.1135 3.8746 1.5666 15.9870 -7.7923 0.9653
Car -1 -1 -3.2050 824.6998 168.3834 893.4382 191.9263 1.5269 1.6412 4.2329 16.5218 1.2367 48.1434 -2.8766 0.8544
Car -1 -1 -3.5983 651.2136 171.5257 722.7705 196.6244 1.5901 1.7417 4.3395 5.0081 1.5056 47.2780 -3.4939 0.7587
Car -1 -1 -5.7662 366.1332 178.2796 426.0396 203.1541 1.5308 1.5741 3.3224 -13.6698 1.8854 46.0482 -6.0535 0.7058
Car -1 -1 -4.9586 270.8140 180.1394 310.2321 203.2102 1.4997 1.5749 4.0453 -22.3308 2.0282 50.2946 -5.3748 0.2819
Car -1 -1 -8.0699 981.6886 165.2096 1024.7678 190.7319 1.5920 1.6412 3.9697 25.5938 1.1148 47.1405 -7.5753 0.2030
Car -1 -1 -4.1872 191.4939 178.3559 253.7879 207.0583 1.5516 1.4792 3.7517 -22.3084 1.8832 41.6342 -4.6766 0.1832
Car -1 -1 -4.4610 100.0385 181.0779 147.3819 207.9420 1.6089 1.6279 3.8124 -31.3365 2.1626 46.5464 -5.0511 0.1690
Car -1 -1 -7.6782 958.6893 160.9412 988.4007 178.5515 1.5403 1.7128 4.1311 32.8920 0.4981 65.2792 -7.2133 0.1474
Car -1 -1 -7.6261 351.0516 179.4749 378.9859 197.0061 1.5773 1.6594 3.9552 -23.2430 2.2245 68.5140 -7.9523 0.1465
Car -1 -1 -4.8571 791.6974 168.5307 815.8126 185.8479 1.5729 1.5945 4.1356 18.1187 1.1800 67.6844 -4.5968 0.1157
Car -1 -1 -7.7881 778.0101 172.2876 811.3525 200.1244 1.5001 1.5953 3.8066 10.4779 1.4693 40.9406 -7.5396 0.1042
Car -1 -1 -4.6577 904.8536 161.5666 927.3851 179.1126 1.5324 1.6569 4.2212 27.6965 0.5463 65.2781 -4.2581 0.0894
Car -1 -1 -5.2403 695.4866 173.3238 738.6537 191.7699 1.4648 1.6342 4.1902 8.7785 1.5048 59.6615 -5.0952 0.0769
Car -1 -1 -3.6403 181.8776 179.9472 293.9201 217.9680 1.5089 1.5700 4.1046 -16.2258 1.8399 31.5684 -4.1120 0.0753
Car -1 -1 -7.9021 997.5962 158.2043 1021.2938 176.3110 1.5858 1.6774 3.9344 36.1090 0.3025 65.3291 -7.3991 0.0691
Car -1 -1 -4.8315 384.9746 177.4859 421.6767 205.1684 1.5277 1.6062 4.1612 -12.3350 1.8165 42.7954 -5.1108 0.0629
Car -1 -1 -4.8513 307.5050 177.2113 344.6644 204.5567 1.6535 1.6738 4.1367 -18.3854 1.9477 46.5475 -5.2258 0.0585
Car -1 -1 -7.8466 773.9575 168.9402 796.9859 190.9606 1.6891 1.7227 4.4048 14.0117 1.3886 57.6931 -7.6098 0.0585
Car -1 -1 -7.7822 322.3868 179.5463 344.4145 198.8392 1.7724 1.7026 4.1344 -26.8409 2.4425 70.0554 -8.1471 0.0582
Car -1 -1 -7.7627 913.9857 167.4365 956.7833 199.4943 1.5628 1.6841 3.8581 16.8054 1.2984 37.2698 -7.3423 0.0576
Car -1 -1 -4.8349 748.6247 169.6772 790.0807 201.8040 1.5905 1.6253 3.9858 8.2456 1.4330 37.7800 -4.6221 0.0552
Car -1 -1 -4.1358 112.2809 178.9471 180.2889 205.5029 1.5232 1.6594 3.8684 -28.3621 1.9127 44.2178 -4.7036 0.0505
