Pedestrian -1 -1 -5.6221 808.9973 189.5105 832.3663 233.7918 1.3583 0.4607 0.5290 6.6081 1.4948 22.4675 -5.3399 0.1106
Pedestrian -1 -1 -5.6876 956.4058 176.9859 1002.2936 265.8794 1.7837 0.5701 0.6316 7.6147 1.6187 14.8390 -5.2216 0.1029
Cyclist -1 -1 -3.0510 373.2593 180.7012 419.9413 225.9270 1.7520 0.7068 1.7101 -8.3545 1.5773 28.3592 -3.3353 0.0734
Cyclist -1 -1 -7.8718 876.2436 172.0745 888.7269 208.6235 1.6913 0.5166 1.6177 12.9937 1.0834 34.1138 -7.5110 0.0673
Pedestrian -1 -1 -4.1079 312.1271 170.8789 369.3988 266.7189 1.8212 0.6638 0.9010 -5.3044 1.5490 14.1795 -4.4600 0.0616
Car -1 -1 -4.9143 818.4056 177.3186 859.7100 203.3476 1.4775 1.5560 4.0011 13.7067 1.0294 42.8754 -4.6072 0.0615
Cyclist -1 -1 -7.6617 223.4354 186.7525 242.9538 221.6463 1.8728 0.5786 2.0222 -20.7170 1.9601 39.7258 -8.1401 0.0609
Pedestrian -1 -1 -3.0895 271.8447 171.9919 320.0369 266.7591 1.8131 0.6422 0.8390 -6.1962 1.5602 14.1992 -3.4944 0.0589
Pedestrian -1 -1 -6.3704 730.8572 173.4068 740.3051 194.1023 1.7243 0.5894 0.7294 10.6898 0.7406 60.2182 -6.1959 0.0560
Pedestrian -1 -1 -6.8338 419.5757 180.9154 446.5474 229.5892 1.6911 0.5770 0.7342 -6.2243 1.5418 25.4392 -7.0718 0.0515
Pedestrian -1 -1 -8.2674 870.7419 174.7171 896.6862 216.8090 1.7291 0.7084 0.8926 11.4672 1.2980 29.9949 -7.9058 0.2256
Cyclist -1 -1 -4.4726 630.4703 179.4399 644.1143 207.1148 1.6000 0.4474 1.5664 1.7178 1.2663 42.3757 -4.4329 0.1805
Pedestrian -1 -1 -5.4381 568.1838 184.0303 590.9535 227.2652 1.4439 0.5063 0.5924 -1.0012 1.4045 24.3962 -5.4792 0.1362
Pedestrian -1 -1 -4.0813 185.1471 215.8345 218.0260 281.8590 1.1409 0.3503 0.3861 -7.2995 1.6966 12.8319 -4.5899 0.1327
Cyclist -1 -1 -4.7605 809.3171 178.0797 827.8289 233.4227 1.6961 0.4857 1.4202 6.6252 1.4776 22.7782 -4.4812 0.1276
Pedestrian -1 -1 -6.0808 699.6420 179.2693 712.9279 206.1783 1.6455 0.5933 0.7085 6.0528 1.2821 44.3564 -5.9465 0.0859
Cyclist -1 -1 -8.1538 564.7297 175.0864 589.5604 226.7691 1.7334 0.3942 1.6247 -1.1177 1.3938 24.9409 -8.1986 0.0823
Cyclist -1 -1 -4.4745 152.7780 198.1523 216.4865 290.6868 1.4832 0.5649 1.7347 -7.4815 1.7281 12.6887 -4.9984 0.0821
Cyclist -1 -1 -5.0471 862.7890 173.0508 890.4633 215.2551 1.7134 0.5403 1.7182 11.1823 1.2197 30.0475 -4.6943 0.0756
Pedestrian -1 -1 -3.8242 170.4766 214.2422 206.5019 283.3550 1.1756 0.3793 0.4005 -7.4551 1.6987 12.6962 -4.3463 0.0744
Cyclist -1 -1 -7.8237 630.1348 176.6181 637.5117 205.4415 1.6802 0.3935 1.5808 1.5229 1.1792 42.7049 -7.7887 0.0716
Cyclist -1 -1 -8.3273 550.9822 175.9663 586.3417 227.0711 1.7099 0.5113 1.6771 -1.4126 1.4006 24.9047 -8.3838 0.0705
Cyclist -1 -1 -8.5207 786.5837 177.8526 831.1077 233.3611 1.6979 0.4969 1.5571 6.3140 1.4728 22.8019 -8.2542 0.0658
Cyclist -1 -1 -3.9029 801.5804 178.6641 849.8010 233.3846 1.6767 0.5176 1.5164 6.8105 1.4761 22.6016 -3.6141 0.0647
Cyclist -1 -1 -7.2967 703.8753 175.7100 724.4930 204.0476 1.7337 0.5597 1.5064 6.6009 1.1523 44.7362 -7.1516 0.0637
Cyclist -1 -1 -4.3897 503.0046 178.3232 526.4293 221.7642 1.6309 0.4515 1.4829 -3.6231 1.3723 27.7595 -4.5187 0.0596
Cyclist -1 -1 -5.4660 136.6624 190.0190 230.9436 285.5330 1.6377 0.4969 1.5972 -7.6244 1.7268 12.8390 -5.9931 0.0547
Pedestrian -1 -1 -4.1241 901.3644 172.5347 929.6204 235.7371 1.8631 0.5424 0.5945 9.1911 1.4894 21.5807 -3.7266 0.0526
Pedestrian -1 -1 -8.2954 666.1710 173.1924 680.4523 201.7055 1.8735 0.6560 0.8195 4.3244 1.0836 47.7313 -8.2060 0.0516
Car -1 -1 -7.7644 733.2281 176.8771 789.1293 223.7704 1.6094 1.7239 3.5403 5.6942 1.3233 26.6159 -7.5563 0.9724
Car -1 -1 -7.6122 132.3266 200.5972 202.8721 239.2145 1.4909 1.7048 4.1235 -19.3668 2.2179 31.7450 -8.1568 0.8763
Car -1 -1 -7.6532 797.7217 173.1006 831.1281 196.5533 1.6390 1.6611 3.5663 15.0141 0.7925 52.2040 -7.3750 0.6868
Car -1 -1 -7.6301 201.5062 192.6533 249.7433 222.6221 1.5342 1.5819 3.6243 -21.0836 1.9656 39.7252 -8.1157 0.6005
Car -1 -1 -7.4784 281.5179 196.0774 348.4027 230.3996 1.4687 1.6153 3.8485 -13.7598 2.0104 33.9129 -7.8616 0.5283
Car -1 -1 -7.6740 231.9891 185.1518 269.0013 209.1606 1.5578 1.5960 3.7332 -24.1541 1.5538 48.6553 -8.1330 0.2871
Car -1 -1 -4.6686 180.1956 194.4505 208.6681 217.6761 1.5398 1.5888 4.0500 -29.6157 2.2299 51.5428 -5.1883 0.2841
Car -1 -1 -4.5982 158.5614 190.5627 197.7416 217.1279 1.5658 1.6782 3.9342 -27.0832 1.9193 45.3697 -5.1342 0.2092
Car -1 -1 -4.5449 693.5950 177.6919 728.4808 202.6298 1.5272 1.5844 3.9653 6.6440 1.0666 46.1523 -4.4032 0.1638
Car -1 -1 -5.0162 303.3565 194.1302 350.1657 222.5362 1.5366 1.4990 3.7364 -16.4884 2.0818 42.0218 -5.3885 0.1429
Car -1 -1 -5.0415 719.5472 173.2698 767.4733 200.4220 1.6890 1.7614 4.3183 8.7787 0.9460 46.9793 -4.8583 0.1416
Car -1 -1 -2.3467 0.0000 201.3205 221.4061 291.7346 1.3974 1.5571 4.0214 -9.1782 1.7055 12.6277 -2.9654 0.1082
Car -1 -1 -4.8908 325.0946 192.5542 363.1361 217.4067 1.4727 1.5930 4.0409 -16.9372 1.9645 46.0112 -5.2421 0.0970
Car -1 -1 -4.7267 615.3891 178.3114 642.5463 204.2919 1.5164 1.5850 3.6872 1.2322 1.1136 43.8119 -4.6992 0.0754
Car -1 -1 -4.6450 733.3230 177.5677 769.4673 206.3239 1.4957 1.6833 4.2140 7.9349 1.0981 39.6432 -4.4492 0.0622
Car -1 -1 -4.4779 291.4521 194.4311 354.2302 231.2448 1.4083 1.5961 3.9707 -12.0830 1.8276 30.6161 -4.8513 0.0573
