Pedestrian -1 -1 -6.5328 409.8164 182.5483 431.6991 220.8770 1.7856 0.7246 0.8568 -9.0662 2.2546 34.4039 -6.7891 0.3546
Cyclist -1 -1 -7.8676 427.1615 187.5154 438.0771 230.8172 1.6018 0.3898 1.5129 -6.9337 2.1863 28.0003 -8.1087 0.3019
Pedestrian -1 -1 -4.8738 632.8698 189.0853 646.4141 223.7914 1.3231 0.4594 0.4364 1.1026 1.9577 27.9799 -4.8356 0.2100
Pedestrian -1 -1 -6.6660 628.3443 185.9652 652.3708 225.7037 1.4932 0.5747 0.7638 1.1210 2.0049 27.7754 -6.6269 0.1450
Pedestrian -1 -1 -5.1001 843.5455 231.8269 900.9446 374.0000 1.1317 0.3130 0.4089 2.1277 1.6423 6.0361 -4.7779 0.1106
Pedestrian -1 -1 -5.7428 349.7823 179.6994 361.7872 205.1408 1.7880 0.6264 0.5625 -18.0918 2.2775 51.2680 -6.0808 0.1085
Cyclist -1 -1 -8.4031 616.1594 178.7871 649.8861 223.1132 1.6726 0.5519 1.6228 0.8446 1.9119 28.2932 -8.3743 0.0831
Pedestrian -1 -1 -5.9714 599.0610 182.4504 611.2737 207.7467 1.6602 0.5586 0.6741 -0.3529 2.3031 47.9998 -5.9793 0.0792
Cyclist -1 -1 -7.9293 354.2599 182.1093 361.6056 204.7483 1.5819 0.3901 1.4459 -18.1174 2.2551 51.7647 -8.2647 0.0682
Pedestrian -1 -1 -4.8153 632.4466 174.6956 643.4727 203.1679 1.8868 0.6528 0.8448 1.8365 2.0109 48.3143 -4.7781 0.0656
Cyclist -1 -1 -8.1480 597.6235 181.0609 610.3508 206.1993 1.6431 0.4018 1.6181 -0.4433 2.2044 48.5378 -8.1576 0.0593
Cyclist -1 -1 -7.8527 417.3975 184.3969 432.9635 228.9039 1.6317 0.5641 1.7109 -7.1691 2.0908 27.8182 -8.1032 0.0559
Pedestrian -1 -1 -3.4780 1009.2830 154.3148 1142.9834 374.0000 1.7247 0.4891 0.7257 3.4582 1.5914 5.4888 -2.9407 0.0557
Pedestrian -1 -1 -4.1065 258.9433 172.7400 273.9215 200.4380 1.9149 0.6347 0.7393 -23.9791 1.9067 50.3001 -4.5495 0.0544
Pedestrian -1 -1 -7.3060 1079.9081 139.3454 1207.2410 345.1346 1.8132 0.5990 0.8984 4.9713 1.5177 6.8122 -6.6967 0.0513
Pedestrian -1 -1 -3.2022 325.5793 175.6262 331.0891 209.1136 1.9166 0.4712 0.2682 -16.2808 2.0772 41.6106 -3.5733 0.0511
Cyclist -1 -1 -4.3416 632.7641 179.5121 661.0847 223.5072 1.6571 0.5819 1.5715 1.4134 1.9254 28.2671 -4.2929 0.0511
Car -1 -1 -4.5819 434.8462 182.6250 502.9872 236.4895 1.6351 1.7655 4.1115 -4.7912 1.9988 24.7711 -4.7716 0.9111
Car -1 -1 -4.5192 420.7216 188.4655 448.3016 209.2283 1.7647 1.6776 4.3603 -16.2434 3.2592 66.8725 -4.7571 0.1376
Car -1 -1 -4.5846 394.8907 183.1447 421.5781 201.5971 1.6150 1.8594 4.5879 -19.0564 2.6221 68.2335 -4.8563 0.1125
Car -1 -1 -8.0874 590.8165 181.7792 625.4525 205.1341 1.4931 1.5414 3.7941 -0.2002 2.1327 49.7024 -8.0920 0.1093
Car -1 -1 -4.4073 356.8591 180.0110 396.8218 203.5750 1.5998 1.6465 3.9098 -16.8233 2.1360 52.1357 -4.7183 0.0968
Car -1 -1 -4.4194 203.3812 176.0855 236.7415 193.6701 1.6293 1.7125 4.1507 -37.7269 1.9518 69.8676 -4.9132 0.0852
Car -1 -1 -4.5418 259.9389 172.3076 287.8331 190.4465 1.7037 1.7283 4.4230 -32.6432 1.6521 70.1318 -4.9762 0.0582
Car -1 -1 -7.6568 286.9965 170.4176 315.6382 191.1794 1.9368 1.7738 4.0488 -29.6976 1.7092 69.4715 -8.0596 0.0566
