Pedestrian -1 -1 -7.8824 998.1808 164.6503 1024.1636 227.5121 2.0203 0.7253 0.4445 13.0408 1.7564 23.5525 -7.3826 0.3123
Pedestrian -1 -1 -5.8501 634.0243 178.5592 646.1961 201.6541 1.8531 0.5644 0.8266 2.4175 2.3192 58.5513 -5.8096 0.1739
Pedestrian -1 -1 -4.4210 852.7513 167.9255 880.9756 231.3595 1.6703 0.5930 0.5181 6.8504 1.5402 19.3823 -4.0867 0.1274
Pedestrian -1 -1 -6.0968 1007.6721 167.7001 1016.5629 214.9131 1.8333 0.5420 0.2109 15.7240 1.6328 28.2933 -5.5945 0.0993
Car -1 -1 -4.7293 275.9981 188.5934 296.1930 205.0194 1.3857 1.6435 3.6908 -30.0089 2.8857 66.7598 -5.1506 0.0897
Car -1 -1 -2.3008 202.9039 187.6583 279.1497 216.2358 1.5001 1.6441 3.9355 -20.9413 2.3690 40.8844 -2.7719 0.0798
Pedestrian -1 -1 -4.3702 796.8374 161.9895 824.8824 222.2922 1.8461 0.6166 0.8003 6.2442 1.5132 22.5940 -4.1045 0.0752
Pedestrian -1 -1 -6.1012 776.2506 161.9555 789.3130 215.7749 1.8508 0.5289 0.3549 5.9716 1.4757 25.1267 -5.8710 0.0705
Car -1 -1 -4.6420 214.3313 185.0751 241.3884 206.2675 1.5361 1.6173 3.6833 -29.9830 2.5291 56.6316 -5.1272 0.0633
Pedestrian -1 -1 -2.9634 865.2203 173.9266 895.7319 232.0414 1.6712 0.5272 0.7603 7.8927 1.7030 21.1843 -2.6120 0.0628
Car -1 -1 -4.6705 274.1204 183.7782 305.9603 211.0969 1.6096 1.6981 4.2525 -20.6621 2.3500 46.6329 -5.0857 0.0624
Pedestrian -1 -1 -7.9072 775.1196 168.8926 798.8495 230.4995 1.7289 0.6208 0.6456 5.0028 1.6175 20.6226 -7.6732 0.0624
Pedestrian -1 -1 -7.9003 556.7902 176.5675 573.1492 215.2778 1.6760 0.6785 0.8633 -2.0315 1.8417 31.7954 -7.9641 0.0609
Pedestrian -1 -1 -4.0328 984.5358 151.2340 1031.2483 231.7732 1.8961 0.6658 0.7516 9.5602 1.3868 17.4393 -3.5389 0.0609
Cyclist -1 -1 -8.0354 722.6691 171.4183 746.9920 224.9401 1.6713 0.4824 1.6184 3.9771 1.6261 23.3435 -7.8694 0.0584
Car -1 -1 -6.5557 616.9407 180.0663 688.7664 206.3481 1.4652 1.6434 3.8840 2.4454 1.8980 42.1119 -6.4987 0.0583
Pedestrian -1 -1 -3.4536 1086.2903 160.2375 1099.5511 218.6273 1.9072 0.4486 0.2344 15.8892 1.4948 23.8148 -2.8713 0.0572
Pedestrian -1 -1 -7.2811 845.2410 171.7197 857.6423 212.1754 1.9543 0.5157 0.2563 11.7160 1.8992 35.1374 -6.9624 0.0545
Pedestrian -1 -1 -7.4739 699.1440 166.9925 725.8238 221.9836 1.8049 0.6833 0.6768 3.3844 1.6122 24.1455 -7.3370 0.0534
Pedestrian -1 -1 -7.8759 884.7271 160.6315 911.7541 228.2587 1.8108 0.6682 0.5569 7.8110 1.4832 19.6961 -7.5040 0.0522
Car -1 -1 -2.6873 345.8361 182.7281 423.9207 210.5378 1.5166 1.6589 3.9350 -12.8835 2.0963 41.2646 -2.9885 0.0513
Cyclist -1 -1 -7.6610 0.0000 192.9843 14.1756 233.6754 1.6430 0.3781 1.5234 -25.7731 2.5188 30.6436 -8.3562 0.2745
Pedestrian -1 -1 -5.8146 702.4517 177.6502 720.7722 214.7699 1.7622 0.6587 0.6491 4.8649 1.9965 34.8280 -5.6776 0.2605
Pedestrian -1 -1 -6.4118 989.1009 146.0824 1076.9486 292.3366 1.7574 0.5128 0.8858 5.2380 1.4354 9.0726 -5.9028 0.2479
Cyclist -1 -1 -4.3923 703.5963 175.8880 723.7872 212.9330 1.6352 0.4792 1.4485 4.6686 1.7756 32.7274 -4.2524 0.1521
Pedestrian -1 -1 -7.4091 1047.0685 135.7216 1142.8694 303.0052 1.7748 0.5664 0.9271 5.4146 1.3806 8.1405 -6.8393 0.1328
Pedestrian -1 -1 -5.9238 660.5235 174.7284 675.2161 202.5583 1.7679 0.5934 0.7823 3.6829 1.8891 46.3291 -5.8455 0.1276
Cyclist -1 -1 -4.8824 1161.1871 137.9262 1241.0000 345.0959 1.7140 0.5215 1.6967 5.6541 1.4247 6.8393 -4.2130 0.1017
Pedestrian -1 -1 -3.7225 1063.0891 134.3828 1163.4418 285.6854 1.8308 0.5020 0.8983 6.1924 1.3650 8.9847 -3.1347 0.0912
Cyclist -1 -1 -3.9776 173.5669 185.4594 209.4560 225.0232 1.7042 0.5317 1.4864 -18.7949 2.2829 32.3610 -4.5005 0.0841
Pedestrian -1 -1 -6.3160 1031.1223 154.9872 1083.9105 281.7656 1.7034 0.5316 0.5992 6.1770 1.4630 10.0719 -5.7795 0.0810
Pedestrian -1 -1 -6.7779 1084.5099 143.0507 1197.0479 301.7076 1.7042 0.5593 0.8488 5.8589 1.3838 8.0770 -6.1681 0.0768
Pedestrian -1 -1 -4.2715 1002.2559 144.2632 1063.4359 276.1820 1.7991 0.5341 0.6383 5.9453 1.4089 10.2428 -3.7587 0.0690
Pedestrian -1 -1 -7.4342 708.6863 173.2054 726.6967 211.4110 1.7157 0.6352 0.5670 4.8571 1.7316 32.8189 -7.2891 0.0653
Pedestrian -1 -1 -7.2303 1152.7688 137.9358 1241.0000 297.7730 1.7021 0.5388 0.8543 6.5972 1.3300 8.0604 -6.5625 0.0635
Pedestrian -1 -1 -1.9237 0.0000 190.2686 11.3885 233.0861 1.7533 0.6749 0.5978 -25.7668 2.4961 30.3460 -2.6235 0.0619
Cyclist -1 -1 -7.9321 1005.6620 138.2836 1060.6222 294.1233 1.7988 0.4382 1.6672 5.2932 1.3995 9.1775 -7.4234 0.0568
Pedestrian -1 -1 -5.9319 67.9023 189.7933 84.5905 224.5266 1.6806 0.6563 0.4648 -26.4175 2.5265 35.6630 -6.5661 0.0549
Cyclist -1 -1 -4.3260 65.4994 193.6293 90.1813 227.8926 1.6039 0.4277 1.5377 -26.2403 2.6500 35.5419 -4.9586 0.0542
Pedestrian -1 -1 -7.0112 1098.7834 134.7460 1230.4218 319.0671 1.7293 0.5775 0.8666 5.3772 1.3714 7.0999 -6.3833 0.0539
Pedestrian -1 -1 -3.0307 1086.0161 142.5185 1158.6364 277.0435 1.7323 0.4967 0.7556 6.8468 1.3414 9.7260 -2.4319 0.0525
Car -1 -1 -4.1417 0.0000 194.5050 85.8519 228.7722 1.4291 1.5641 3.4723 -26.7885 2.5080 34.1660 -4.8031 0.9052
Car -1 -1 -4.1746 78.6520 191.0878 157.7292 222.3952 1.5335 1.6663 4.2694 -27.2229 2.6006 40.0587 -4.7686 0.7773
Car -1 -1 -4.2809 148.6761 189.9581 201.1973 215.3434 1.4829 1.4935 3.6956 -28.0926 2.6339 46.6506 -4.8206 0.6831
Car -1 -1 -4.2170 184.0272 186.3210 236.9138 210.7674 1.5966 1.5743 4.0011 -28.3860 2.5920 51.3414 -4.7201 0.4666
Car -1 -1 -4.0878 147.3785 189.8180 222.8883 225.1536 1.4671 1.5124 2.9851 -19.4067 2.2796 33.0121 -4.6160 0.2793
Car -1 -1 -4.6812 277.3541 186.7622 297.1246 203.2313 1.4049 1.5573 3.7706 -29.9797 2.7361 67.0353 -5.1005 0.1692
Car -1 -1 -3.9755 70.7696 193.0731 151.0027 219.3473 1.4893 1.7790 4.3904 -32.2408 2.8626 46.7250 -4.5771 0.1425
Car -1 -1 -3.2985 612.8743 178.5552 675.7677 203.2404 1.5353 1.5873 3.8311 2.1453 1.9091 46.3409 -3.2530 0.1352
Car -1 -1 -4.1843 0.0000 195.0263 19.2326 238.1130 1.4883 1.5882 3.8429 -25.9118 2.4436 29.0605 -4.9080 0.1212
Car -1 -1 -4.5730 638.7338 179.2574 682.8308 213.3445 1.4638 1.5429 3.8789 2.3915 1.7818 33.8148 -4.5036 0.0872
Car -1 -1 -4.3981 81.5818 190.7336 155.0789 225.1005 1.4220 1.7265 3.9665 -23.2570 2.3230 34.2300 -4.9915 0.0814
Car -1 -1 -5.1471 540.7308 181.0829 606.7545 215.9389 1.4889 1.5766 3.9397 -1.8089 1.8995 33.9259 -5.2006 0.0660
Car -1 -1 -4.3276 180.6201 188.3035 237.8529 214.9910 1.4792 1.7381 3.8889 -24.6048 2.4727 44.3808 -4.8316 0.0587
Car -1 -1 -6.4903 602.4994 178.3800 666.2970 201.6801 1.5091 1.6761 4.0222 1.5853 1.8890 48.4665 -6.4583 0.0569
Car -1 -1 -4.7014 620.2173 178.5596 647.9410 205.5020 1.5019 1.5802 4.1418 1.4250 1.8600 43.2166 -4.6691 0.0567
Car -1 -1 -7.1001 1189.9432 134.5238 1241.0000 361.9362 1.5367 1.6332 4.2941 7.4911 1.2774 5.8359 -6.2154 0.0544
