Car -1 -1 -7.7937 404.4656 161.0745 468.9853 216.9831 1.4810 1.6055 3.4543 -4.9986 1.1686 20.9516 -8.0254 0.9129
Pedestrian -1 -1 -3.4888 1002.9944 149.6220 1087.5061 299.8916 1.5129 0.3764 0.6610 4.4562 1.2787 7.5062 -2.9706 0.1153
Pedestrian -1 -1 -5.1222 1080.4460 125.2946 1204.1791 325.5754 1.6803 0.5949 0.8484 4.7166 1.2810 6.5272 -4.5180 0.0846
Car -1 -1 -7.3973 1194.5137 134.1852 1241.0000 374.0000 1.4691 1.5948 4.1519 5.1974 1.3493 3.3358 -6.4365 0.0662
Car -1 -1 -2.5956 550.8148 150.0685 615.3042 176.2251 1.5969 1.5371 3.8365 -1.7506 0.2055 45.6560 -2.6338 0.0603
Pedestrian -1 -1 -2.9603 1034.2965 164.0641 1116.5623 306.0680 1.4483 0.4679 0.6781 4.9448 1.3583 7.7593 -2.4105 0.0596
Pedestrian -1 -1 -4.9287 299.2930 162.7853 330.5744 231.5043 1.7033 0.5882 0.7625 -7.5644 1.4534 18.3652 -5.3147 0.0583
Pedestrian -1 -1 -3.4976 1078.9126 130.5423 1121.7816 197.3931 1.6639 0.6106 0.7308 12.4008 0.6105 18.3393 -2.9104 0.0531
Pedestrian -1 -1 -2.2692 318.7307 157.6659 357.8695 225.7479 1.7457 0.5729 0.8146 -7.1852 1.3559 18.9504 -2.6273 0.0531
Pedestrian -1 -1 -7.8049 466.2510 155.9297 483.5881 200.4259 1.7354 0.6468 0.5371 -5.3673 1.0750 28.4502 -7.9900 0.0515
Pedestrian -1 -1 -4.8129 951.5150 129.8134 988.4516 231.4659 1.7631 0.5281 0.5684 6.3586 1.0163 12.8721 -4.3634 0.1799
Pedestrian -1 -1 -8.5342 878.6692 142.5006 914.4029 209.3562 1.6740 0.6160 0.5868 7.2675 0.9137 18.4403 -8.1644 0.1698
Pedestrian -1 -1 -3.6715 885.8062 143.0337 923.1220 223.2741 1.6122 0.4874 0.5325 5.9729 1.0127 14.7786 -3.2946 0.1650
Cyclist -1 -1 -8.1334 623.0657 148.5911 658.1046 212.8635 1.7195 0.5142 1.7343 0.7878 1.0701 20.2066 -8.0955 0.1571
Pedestrian -1 -1 -3.7829 870.7583 137.1502 910.8702 220.6521 1.6786 0.5491 0.5481 5.7190 0.9606 14.8446 -3.4221 0.1561
Pedestrian -1 -1 -3.6967 774.1541 145.5903 806.9760 211.0603 1.6869 0.5731 0.6277 4.6904 0.9841 18.9608 -3.4581 0.1529
Pedestrian -1 -1 -3.0832 618.2781 151.3718 635.6125 192.9440 1.7971 0.5744 0.7257 0.7001 0.8681 31.5054 -3.0616 0.1492
Pedestrian -1 -1 -8.3010 827.2092 144.7083 859.4658 211.0883 1.6640 0.5945 0.5663 5.8973 0.9582 18.4098 -7.9959 0.1479
Pedestrian -1 -1 -5.2509 852.5405 144.9417 887.5013 213.2357 1.6357 0.5946 0.5673 6.2927 0.9669 17.6190 -4.9134 0.1379
Pedestrian -1 -1 -5.1237 731.4164 142.1624 770.3459 221.9474 1.7096 0.6115 0.6916 3.0383 1.0517 15.8668 -4.9384 0.1370
Pedestrian -1 -1 -4.6848 830.5977 141.2666 855.8860 211.9476 1.6935 0.5779 0.4848 5.6439 0.9364 17.6112 -4.3798 0.1350
Pedestrian -1 -1 -4.7565 961.9013 145.8024 992.6849 219.5504 1.5783 0.5745 0.4699 7.9696 0.9991 15.7731 -4.2964 0.1213
Pedestrian -1 -1 -4.9958 710.1555 139.4333 744.2169 225.4814 1.8369 0.5472 0.7395 2.5066 1.1232 15.8051 -4.8419 0.1198
Pedestrian -1 -1 -5.9281 621.4279 155.1966 639.5875 196.1859 1.6592 0.6394 0.5585 0.7998 0.9441 29.6074 -5.9018 0.1038
Pedestrian -1 -1 -5.4587 766.6711 138.3472 805.8293 217.4001 1.7425 0.5106 0.7143 3.9343 0.9816 16.3405 -5.2269 0.1037
Pedestrian -1 -1 -8.4171 994.2217 133.9166 1042.4559 231.9149 1.7155 0.5642 0.5087 7.2394 1.0336 12.9021 -7.9156 0.1020
Pedestrian -1 -1 -3.7564 785.9485 144.5910 817.4721 209.3756 1.6434 0.5567 0.5704 4.9049 0.9262 18.6648 -3.5036 0.1003
Cyclist -1 -1 -8.0987 621.5500 150.1882 641.8932 191.8065 1.6974 0.4578 1.6716 0.8575 0.7727 30.2935 -8.0710 0.0998
Pedestrian -1 -1 -8.8138 864.2534 142.5410 900.3427 209.1000 1.6792 0.6297 0.6254 6.9819 0.9142 18.6404 -8.4608 0.0995
Cyclist -1 -1 -8.1712 610.3540 149.7809 651.8161 214.3694 1.7083 0.6099 1.8068 0.5133 1.0977 20.0363 -8.1465 0.0990
Pedestrian -1 -1 -5.0631 840.2079 146.5303 871.5099 211.1611 1.6160 0.5900 0.5700 6.1905 0.9575 18.3348 -4.7427 0.0984
Pedestrian -1 -1 -7.9931 951.2553 141.3234 987.5952 217.9281 1.6631 0.6472 0.5510 7.9219 0.9783 16.0265 -7.5415 0.0949
Pedestrian -1 -1 -7.6103 879.7891 143.5710 911.9100 212.0558 1.6371 0.6040 0.6187 6.9525 0.9368 17.6746 -7.2415 0.0927
Pedestrian -1 -1 -4.4289 884.3942 146.4037 915.0742 212.6901 1.6225 0.5826 0.5595 7.2022 0.9748 18.0611 -4.0553 0.0915
Pedestrian -1 -1 -4.3319 901.4256 143.1059 938.6318 223.6254 1.5978 0.5574 0.4871 6.2570 1.0072 14.6871 -3.9367 0.0896
Cyclist -1 -1 -3.6296 998.1534 138.7464 1123.9661 228.3504 1.5903 0.7123 1.8374 8.1703 0.9847 13.2129 -3.0858 0.0889
Pedestrian -1 -1 -6.2397 968.4567 135.8084 1005.1369 238.2911 1.7427 0.5999 0.5528 6.5635 1.1125 12.6667 -5.7713 0.0872
Pedestrian -1 -1 -2.9923 922.8547 133.2359 961.2581 218.2097 1.7333 0.5403 0.6629 6.9086 0.9249 15.1241 -2.5714 0.0826
Pedestrian -1 -1 -8.3755 719.2287 142.0045 756.6212 219.5062 1.6749 0.5715 0.6391 2.7777 1.0079 15.9919 -8.2071 0.0812
Cyclist -1 -1 -4.8538 845.5877 135.1646 883.5901 210.0750 1.7729 0.6424 1.7127 6.2684 0.8806 17.9777 -4.5236 0.0792
Pedestrian -1 -1 -7.9516 614.2952 151.6362 629.9905 190.8427 1.7496 0.6493 0.6163 0.5022 0.8025 32.5329 -7.9366 0.0789
Pedestrian -1 -1 -5.4949 963.3796 153.4448 998.3677 221.0592 1.4254 0.4922 0.4535 7.9125 1.0159 15.5030 -5.0309 0.0785
Cyclist -1 -1 -7.9184 609.6874 149.5218 620.9717 184.5325 1.6476 0.4365 1.6253 0.2097 0.5493 34.7786 -7.9127 0.0780
Pedestrian -1 -1 -5.2109 759.8182 137.7941 798.0951 220.3049 1.7939 0.5500 0.7233 3.7128 1.0313 16.1101 -4.9888 0.0766
Pedestrian -1 -1 -4.3794 931.3081 142.8180 968.8387 231.7485 1.6335 0.5244 0.4504 6.3544 1.0815 13.5975 -3.9509 0.0757
Pedestrian -1 -1 -5.2476 743.1825 138.9103 781.7272 219.2411 1.7391 0.5755 0.6675 3.3288 1.0039 16.0305 -5.0470 0.0727
Pedestrian -1 -1 -8.4637 980.1292 137.1821 1031.3929 234.0992 1.6793 0.5730 0.5706 6.9687 1.0609 12.8202 -7.9757 0.0725
Cyclist -1 -1 -5.4083 924.1457 129.3816 1017.7496 233.3019 1.7259 0.4920 1.7156 6.3366 1.0036 12.8754 -4.9602 0.0712
Pedestrian -1 -1 -3.3316 616.5020 152.6140 646.4985 213.8221 1.7135 0.6129 0.7503 0.5581 1.1466 20.5631 -3.3055 0.0712
Pedestrian -1 -1 -4.8325 980.4398 147.5288 1011.4429 220.0461 1.5075 0.5054 0.6209 8.1651 0.9807 15.3791 -4.3525 0.0707
Pedestrian -1 -1 -4.2469 903.7801 140.4338 945.5600 228.9373 1.6596 0.5796 0.4956 6.0114 1.0513 13.9111 -3.8470 0.0704
Cyclist -1 -1 -8.5112 930.0446 136.3747 1028.1151 237.6249 1.7028 0.5814 1.8077 6.5792 1.0890 13.0781 -8.0544 0.0698
Cyclist -1 -1 -5.3127 949.9697 131.8812 1044.3275 237.6700 1.7959 0.6504 1.6985 6.9394 1.1000 13.1319 -4.8361 0.0685
Pedestrian -1 -1 -3.3933 863.9772 140.1017 901.8994 209.0574 1.6307 0.5705 0.7320 6.5159 0.8558 17.3839 -3.0404 0.0682
Pedestrian -1 -1 -4.8355 850.2495 143.3724 876.9888 210.1744 1.6347 0.5577 0.5795 6.2684 0.9129 17.9970 -4.5057 0.0675
Pedestrian -1 -1 -3.2713 994.5878 146.2272 1030.1129 224.8481 1.5809 0.6000 0.5608 8.2400 1.0452 14.8889 -2.7744 0.0668
Cyclist -1 -1 -8.0397 619.3965 151.4338 637.1589 190.9468 1.6748 0.4582 1.7318 0.7443 0.7666 31.4751 -8.0165 0.0652
Pedestrian -1 -1 -3.1095 603.0844 149.4080 614.6744 183.9173 1.7712 0.5568 0.5829 -0.0952 0.5675 37.3209 -3.1122 0.0643
Pedestrian -1 -1 -3.2574 1085.1814 139.1823 1119.3857 215.9326 1.6065 0.5408 0.5410 10.4910 0.9014 15.4665 -2.6702 0.0643
Pedestrian -1 -1 -4.2741 843.6865 139.2768 877.0573 209.7201 1.6598 0.5603 0.6033 5.9911 0.8683 17.4125 -3.9481 0.0641
Pedestrian -1 -1 -8.7235 980.9428 141.9639 1027.7542 228.8855 1.6238 0.6428 0.4901 7.4993 1.0464 13.8261 -8.2357 0.0604
Pedestrian -1 -1 -6.4521 818.5370 143.3326 851.4541 208.6209 1.7144 0.6269 0.7419 5.9610 0.9389 19.3040 -6.1571 0.0602
Pedestrian -1 -1 -7.3416 943.0188 146.7086 984.0377 233.5146 1.5883 0.5434 0.4483 6.5842 1.1096 13.5534 -6.8982 0.0595
Pedestrian -1 -1 -7.1519 935.3605 137.4358 978.8325 219.3920 1.6745 0.5961 0.5681 7.2215 0.9505 15.1314 -6.7144 0.0583
Pedestrian -1 -1 -5.5333 972.6962 154.7072 1012.5120 225.3530 1.4446 0.4814 0.5569 7.9480 1.0732 15.0980 -5.0570 0.0579
Cyclist -1 -1 -3.3852 920.2863 144.8920 1048.7904 235.7939 1.5747 0.8445 1.9208 6.7009 1.0900 13.1200 -2.9224 0.0577
Cyclist -1 -1 -8.2234 809.6211 139.9442 858.9638 208.4859 1.6729 0.6431 1.6432 5.6586 0.8694 18.4545 -7.9306 0.0575
Pedestrian -1 -1 -4.8178 836.0145 140.6499 863.6499 208.6440 1.6712 0.5905 0.6260 5.9587 0.8794 18.1016 -4.5049 0.0574
Pedestrian -1 -1 -3.2032 912.5668 142.1946 944.8918 222.4861 1.6462 0.5168 0.5840 6.6251 1.0173 15.1350 -2.7980 0.0570
Pedestrian -1 -1 -5.9925 395.9498 150.9791 419.7790 203.0625 1.7690 0.5806 0.6496 -6.9909 1.0257 24.8033 -6.2647 0.0570
Cyclist -1 -1 -7.9430 889.7531 137.1721 921.7246 209.8948 1.6989 0.5640 1.6804 7.2010 0.8650 17.7421 -7.5634 0.0568
Pedestrian -1 -1 -3.2490 888.1282 136.8770 923.3149 209.3614 1.6810 0.5853 0.7083 6.9518 0.8464 17.1105 -2.8693 0.0558
Pedestrian -1 -1 -7.4639 1026.8868 135.4760 1075.2280 232.8919 1.6998 0.6016 0.4960 7.8765 1.0473 12.9792 -6.9286 0.0547
Pedestrian -1 -1 -4.5814 861.8530 137.4039 891.0404 209.7879 1.6832 0.5892 0.5413 6.2851 0.8586 17.1544 -4.2359 0.0538
Cyclist -1 -1 -7.8492 603.2065 147.0899 611.9241 179.5398 1.6834 0.4522 1.7669 -0.1653 0.3465 38.3137 -7.8537 0.0535
Cyclist -1 -1 -4.8283 568.7797 152.7387 582.3209 185.6013 1.6066 0.5013 1.5178 -1.7686 0.6229 36.0635 -4.8772 0.0535
Pedestrian -1 -1 -3.3606 892.8652 136.9273 932.0111 209.5168 1.7137 0.5425 0.7657 7.2184 0.8652 17.3656 -2.9728 0.0534
Cyclist -1 -1 -4.7103 891.0236 136.5790 914.0480 204.5494 1.6786 0.5297 1.6177 7.5107 0.7824 18.6685 -4.3334 0.0531
Cyclist -1 -1 -3.0077 685.3431 140.4419 770.4542 222.8686 1.7463 0.6566 1.7768 2.5418 1.0593 15.8549 -2.8522 0.0529
Pedestrian -1 -1 -5.5421 1085.6869 134.2118 1128.0907 201.3070 1.6450 0.6261 0.6124 12.3801 0.6973 18.0611 -4.9488 0.0521
Pedestrian -1 -1 -3.5295 779.7357 138.5860 814.8489 204.6353 1.7620 0.6175 0.7430 5.0329 0.8475 19.6061 -3.2821 0.0518
Cyclist -1 -1 -5.3990 875.4481 132.5870 960.3508 226.1642 1.7253 0.5584 1.7227 5.9659 0.9826 14.2082 -5.0091 0.0512
Cyclist -1 -1 -7.0976 1052.2656 136.0442 1154.7617 224.0732 1.5954 0.5717 1.7256 9.2079 0.9280 13.5499 -6.5108 0.0508
Pedestrian -1 -1 -5.3474 896.2233 140.7593 938.4293 224.9732 1.6212 0.5271 0.5727 6.0021 1.0031 14.2320 -4.9559 0.0501
Car -1 -1 -7.8263 440.8188 152.8818 483.2988 191.9603 1.5202 1.6241 4.2156 -6.1880 0.7430 30.2853 -8.0263 0.5945
Car -1 -1 -8.3282 640.5817 140.7997 788.5810 217.5626 1.6851 1.8061 4.4870 2.4100 0.9812 18.2562 -8.1995 0.2777
Car -1 -1 -4.7238 566.9870 147.5613 590.3264 169.4310 1.5650 1.6906 3.9211 -2.4108 -0.2673 54.2658 -4.7681 0.1516
Car -1 -1 -6.1819 555.6791 154.6398 626.1747 181.7206 1.4970 1.6458 3.8441 -1.0840 0.4898 40.8500 -6.2085 0.1196
Car -1 -1 -3.0029 558.6007 152.7717 636.2419 182.6217 1.4643 1.6160 3.7321 -0.6438 0.4789 36.4226 -3.0206 0.1044
Car -1 -1 -3.0995 571.4643 155.1438 657.2796 187.1565 1.4359 1.5862 3.8630 0.1864 0.6412 33.2466 -3.0942 0.0896
Car -1 -1 -7.1641 1062.7878 135.8551 1241.0000 215.7301 1.4344 1.5286 3.7201 10.9972 0.7697 14.1247 -6.5125 0.0840
Car -1 -1 -6.8022 477.0388 154.8516 555.2938 182.2591 1.4823 1.5859 4.1617 -5.3236 0.5083 40.9103 -6.9310 0.0827
Car -1 -1 -6.7688 476.8531 155.6705 544.0615 181.2890 1.5125 1.5228 3.8223 -6.1282 0.4977 44.3330 -6.9055 0.0824
Car -1 -1 -7.7744 792.2896 147.4394 861.8006 207.4613 1.4820 1.5632 3.4314 5.9388 0.8542 19.6981 -7.4859 0.0777
Car -1 -1 -6.7150 478.3460 157.2444 565.1141 185.8323 1.3977 1.5403 4.1567 -4.5426 0.6342 37.0238 -6.8365 0.0725
Car -1 -1 -4.6058 592.9696 146.2598 620.3106 168.1268 1.5444 1.6216 4.0936 -0.2436 -0.3679 53.9946 -4.6103 0.0712
Car -1 -1 -7.9723 584.4092 155.8996 661.1649 215.4936 1.4599 1.6133 3.9062 0.2005 1.0443 19.7056 -7.9629 0.0657
Car -1 -1 -4.1305 1118.7302 140.8897 1241.0000 242.4214 1.4087 1.4985 3.7652 10.0358 0.9649 11.2404 -3.4146 0.0632
Car -1 -1 -7.2535 380.2662 149.5732 464.7503 188.8300 1.6126 1.6265 3.9908 -8.2105 0.6560 31.7920 -7.5044 0.0623
Car -1 -1 -7.5122 331.3918 156.6363 424.3749 205.8930 1.5029 1.6788 4.0388 -7.6609 1.0078 24.0645 -7.8175 0.0612
Car -1 -1 -7.6475 368.8674 152.6189 432.6944 195.2821 1.5398 1.6208 3.8169 -8.0781 0.8092 28.0030 -7.9260 0.0525
