Cyclist -1 -1 -4.5166 403.6831 178.8199 457.2031 282.1459 1.7099 0.6097 1.6845 -3.2314 1.8233 12.8944 -4.7583 0.9323
Cyclist -1 -1 -4.5597 462.3231 170.2523 493.8732 239.4745 1.8255 0.5923 1.7926 -3.6739 1.7566 19.9319 -4.7403 0.8929
Pedestrian -1 -1 -8.1730 403.9129 164.3095 422.3889 205.6101 1.9560 0.6360 0.8067 -9.5055 1.5510 34.6839 -8.4388 0.1561
Cyclist -1 -1 -4.9050 908.5837 154.1416 934.7318 203.7699 1.6623 0.5189 1.6311 10.7448 1.0353 25.0201 -4.5039 0.1224
Pedestrian -1 -1 -4.3300 298.3344 167.1648 327.7548 227.7559 1.9453 0.6457 0.7733 -9.7338 1.7624 23.5542 -4.7183 0.1114
Pedestrian -1 -1 -5.6556 0.0000 172.9523 51.0544 296.2105 1.8516 0.6821 0.5474 -9.2575 1.8529 11.1944 -6.3350 0.0864
Car -1 -1 -5.4289 873.4647 168.2333 1055.1658 241.5265 1.4218 1.4897 3.7374 7.6040 1.3319 15.9992 -4.9928 0.0676
Pedestrian -1 -1 -4.4079 754.1592 163.3705 774.3472 211.7386 1.8296 0.5998 0.6270 5.8813 1.4706 27.7136 -4.2014 0.0545
Pedestrian -1 -1 -4.5301 213.7210 174.3599 246.6155 249.3739 1.8293 0.6051 0.7233 -9.5418 1.8676 18.0475 -5.0108 0.0542
Pedestrian -1 -1 -4.3343 773.2714 161.4754 799.0240 216.7918 1.8384 0.6337 0.7075 5.9238 1.4599 24.4509 -4.0999 0.0516
Pedestrian -1 -1 -8.3627 833.1495 155.8041 884.5856 254.0367 1.7714 0.5951 0.7840 4.5740 1.4636 13.4518 -8.0423 0.6574
Pedestrian -1 -1 -5.9208 611.8171 168.3036 627.4889 196.6467 1.8012 0.6087 0.8449 0.5868 1.5117 46.2918 -5.9086 0.3291
Pedestrian -1 -1 -8.4420 619.3986 166.7051 634.8230 196.1155 1.8775 0.5916 0.9065 1.0690 1.4846 46.6021 -8.4197 0.2279
Cyclist -1 -1 -4.4243 98.9077 192.1245 155.3006 285.5885 1.6084 0.4309 1.6194 -9.1229 1.9937 13.5998 -5.0064 0.2120
Pedestrian -1 -1 -4.8813 919.6653 146.4052 971.7048 262.4557 1.8098 0.6311 0.7929 5.3786 1.3971 11.7151 -4.4610 0.1985
Pedestrian -1 -1 -3.1611 721.0312 159.4859 738.6705 200.6423 1.9421 0.6413 0.8154 5.6721 1.3110 34.4231 -2.9996 0.1501
Pedestrian -1 -1 -6.2506 577.4038 169.2376 588.8057 190.1440 1.7662 0.4759 0.9519 -2.3040 1.4604 61.1973 -6.2884 0.1467
Pedestrian -1 -1 -4.7763 735.5646 159.9370 752.4197 205.1611 1.9215 0.6734 0.5826 5.7070 1.3724 30.9851 -4.5964 0.0984
Pedestrian -1 -1 -3.5031 493.8739 168.3782 501.9187 194.4706 1.8282 0.5114 0.4057 -7.9364 1.5143 50.8766 -3.6574 0.0798
Pedestrian -1 -1 -5.8263 1150.8958 191.3056 1241.0000 374.0000 1.4746 0.4979 0.4707 3.0421 1.5745 3.5992 -5.1649 0.0658
Cyclist -1 -1 -8.7856 1021.9153 124.9813 1241.0000 374.0000 1.7873 0.5262 1.6047 3.0610 1.5831 3.9178 -8.1591 0.0646
Cyclist -1 -1 -4.5781 617.3157 170.3183 629.6954 197.2676 1.7100 0.5864 1.6571 0.8461 1.5488 46.6474 -4.5605 0.0606
Pedestrian -1 -1 -4.9594 1068.7894 144.5572 1141.7125 294.6522 1.7354 0.5407 0.7980 5.9653 1.4080 8.8079 -4.3801 0.0588
Pedestrian -1 -1 -5.9539 1180.1163 124.4387 1241.0000 285.8929 1.8379 0.5419 0.8563 7.4649 1.2865 8.7204 -5.2628 0.0587
Pedestrian -1 -1 -8.0219 983.5199 145.2347 1033.8689 260.2095 1.7721 0.5869 0.6985 6.3096 1.3461 11.5453 -7.5329 0.0570
Pedestrian -1 -1 -7.3230 152.0358 183.5578 321.1207 374.0000 1.6946 0.6602 0.7640 -2.4091 1.7689 4.6212 -7.7818 0.0553
Cyclist -1 -1 -3.9679 112.1221 189.2867 199.4527 283.0385 1.6230 0.4512 1.5544 -8.5586 1.9503 13.5794 -4.5218 0.0524
Cyclist -1 -1 -7.9073 647.4773 172.7323 661.2828 213.0374 1.6261 0.4849 1.5192 1.7861 1.6209 29.8719 -7.8488 0.0521
Pedestrian -1 -1 -7.3768 207.0065 186.3643 365.9716 374.0000 1.6572 0.6284 0.7553 -2.0517 1.7492 4.5304 -7.7821 0.0518
Cyclist -1 -1 -8.9210 957.8316 127.7816 1241.0000 374.0000 1.7476 0.5401 1.6887 2.7284 1.5614 3.8487 -8.3406 0.0513
Pedestrian -1 -1 -8.7447 1070.1848 144.2403 1167.3099 291.9008 1.7348 0.5543 0.8154 6.2318 1.3983 8.9482 -8.1523 0.0509
Car -1 -1 -8.1006 692.8724 175.7850 806.9420 260.4055 1.5308 1.5326 3.1309 2.6936 1.5971 14.7802 -7.9248 0.9792
Car -1 -1 -7.9894 663.4247 169.1818 743.2730 237.0335 1.6945 1.6583 3.7294 2.4218 1.6024 19.8973 -7.8708 0.9569
Car -1 -1 -4.3939 312.2262 184.0605 436.7093 263.8188 1.5623 1.5690 3.8463 -5.3089 1.8499 16.6095 -4.6993 0.8315
Car -1 -1 -4.5435 472.1063 177.4989 515.6980 210.2828 1.4598 1.4707 3.5890 -5.5290 1.6929 34.4423 -4.7020 0.8232
Car -1 -1 -4.1976 131.2062 193.7340 375.5701 315.8591 1.4819 1.6349 4.1114 -5.4508 1.8784 11.5956 -4.6289 0.7773
Car -1 -1 -7.9450 652.7787 169.5652 712.9967 222.6118 1.7020 1.6904 4.2098 2.4167 1.5962 25.2572 -7.8514 0.7265
Car -1 -1 -4.5328 531.1323 169.8745 560.1472 192.2829 1.7080 1.6114 3.9180 -5.0758 1.4806 57.0209 -4.6215 0.5791
Car -1 -1 -4.4856 385.9710 181.7134 470.1954 238.9193 1.5253 1.6065 3.9702 -5.4422 1.8178 21.8540 -4.7275 0.3948
Car -1 -1 -4.8065 642.0414 175.4293 680.6752 208.0623 1.4639 1.4851 3.7417 2.3691 1.5937 34.5572 -4.7391 0.3177
Car -1 -1 -4.3633 420.5642 178.9946 497.6115 224.1170 1.5249 1.5558 3.9582 -5.5983 1.7722 27.0191 -4.5662 0.1544
Car -1 -1 -7.8262 652.2009 175.2054 693.4090 212.8603 1.4797 1.6337 3.9951 2.6773 1.5862 30.6903 -7.7406 0.1405
Car -1 -1 -3.2568 0.0000 198.7041 146.7769 374.0000 1.6099 1.6369 3.8824 -4.9501 1.8173 3.7215 -4.1482 0.1245
Car -1 -1 -7.7492 575.3879 170.8866 598.3497 189.9362 1.6121 1.6206 3.7760 -2.0145 1.4453 63.0046 -7.7814 0.1211
Car -1 -1 -7.9253 483.6588 166.2381 511.6217 193.5141 1.9054 1.7163 4.1860 -8.2625 1.4430 52.6367 -8.0806 0.1001
Car -1 -1 -4.0004 0.0000 0.0000 1241.0000 374.0000 1.5661 1.6633 4.1604 -2.3499 1.7450 2.0807 -4.7848 0.0902
Car -1 -1 -2.7593 0.0000 198.8402 182.3847 286.5455 1.4037 1.5965 3.7478 -10.4333 1.9369 13.5547 -3.4060 0.0900
Car -1 -1 -7.3943 1167.4286 155.5869 1241.0000 374.0000 1.4684 1.5973 4.2280 5.0579 1.4159 3.3058 -6.4427 0.0889
Car -1 -1 -8.5107 616.4908 168.0894 661.6742 187.8785 1.6672 1.6812 4.2689 2.4770 1.2655 63.0158 -8.4719 0.0765
Car -1 -1 -7.2074 1224.0240 142.8995 1241.0000 362.6671 1.5284 1.5931 4.0948 7.6402 1.3198 5.8832 -6.3169 0.0670
Car -1 -1 -4.6479 604.6779 170.5432 654.5025 216.7309 1.6610 1.6782 4.1418 0.7861 1.5776 28.0869 -4.6209 0.0514
