Pedestrian -1 -1 -8.1058 742.2456 163.8651 825.8784 333.4358 1.6640 0.6394 0.8352 1.8255 1.4916 7.4748 -7.8802 0.8795
Pedestrian -1 -1 -8.1911 828.3655 162.7850 926.1957 328.0519 1.6655 0.7176 0.8526 2.8642 1.4776 7.6668 -7.8504 0.8203
Pedestrian -1 -1 -1.9033 0.0000 176.2382 97.4137 350.4193 1.7099 0.6498 1.0372 -5.9914 1.6589 7.6080 -2.5597 0.7527
Cyclist -1 -1 -7.5019 416.1841 178.7743 466.4279 257.3525 1.6794 0.5572 1.7162 -3.6299 1.6217 16.2397 -7.7240 0.1481
Car -1 -1 -8.0054 605.8514 160.5297 630.0205 178.9699 1.7008 1.6875 4.1763 1.5915 -0.2512 69.0366 -7.9872 0.1261
Pedestrian -1 -1 -3.2305 714.8770 160.5826 741.0544 218.2869 1.9149 0.5864 0.8131 4.2232 1.2212 24.1613 -3.0645 0.1160
Pedestrian -1 -1 -4.9336 719.8730 186.1687 743.1358 240.2761 1.2877 0.4509 0.5013 3.1107 1.4030 17.4029 -4.7647 0.1074
Cyclist -1 -1 -8.1540 647.4398 169.0514 664.8154 201.8112 1.7067 0.4294 1.7003 2.9005 1.0584 38.3009 -8.0839 0.1060
Pedestrian -1 -1 -3.9993 1121.4281 136.6179 1136.6007 177.7194 1.8534 0.4976 0.2737 24.0125 -0.1734 32.7171 -3.3748 0.0979
Pedestrian -1 -1 -5.6323 512.7287 171.8947 523.7714 192.4414 1.7836 0.4617 0.8524 -7.2397 0.9495 62.7704 -5.7515 0.0870
Pedestrian -1 -1 -5.0167 419.4693 163.5361 439.7668 205.0484 1.9110 0.6867 0.8876 -8.0589 1.0843 33.6263 -5.2552 0.0846
Car -1 -1 -7.1829 1101.1581 108.4613 1237.0000 166.1924 1.5250 1.6080 3.9202 16.8058 -0.4704 20.8636 -6.5156 0.0706
Pedestrian -1 -1 -4.8450 673.0155 160.1258 689.1237 201.1818 1.9579 0.7010 0.5399 3.8142 0.9389 34.5368 -4.7409 0.0664
Cyclist -1 -1 -8.0030 683.2198 164.4275 700.1650 209.1042 1.7095 0.4183 1.5837 3.5239 1.0566 28.2846 -7.8853 0.0656
Pedestrian -1 -1 -2.9800 690.8649 160.7442 699.7682 199.9331 1.8766 0.5002 0.3537 4.5233 0.8829 34.6884 -2.8562 0.0651
Cyclist -1 -1 -5.7911 90.8010 189.6537 180.6016 257.1651 1.5362 0.6163 1.6719 -10.9141 1.7319 16.8120 -6.3652 0.0634
Pedestrian -1 -1 -6.2675 761.3395 155.2491 794.7131 228.8143 1.9081 0.5999 0.8450 4.6420 1.2278 19.0263 -6.0366 0.0624
Cyclist -1 -1 -4.7918 779.8726 165.5804 802.5970 218.3040 1.6476 0.5698 1.6033 6.1115 1.1506 23.2866 -4.5430 0.0622
Cyclist -1 -1 -7.6016 39.0962 173.7954 59.5753 207.9276 1.6684 0.4247 1.6226 -27.6224 1.2920 35.9423 -8.2583 0.0589
Car -1 -1 -6.0824 0.0000 180.5726 138.1780 222.8477 1.4661 1.6418 4.0052 -19.6060 1.4343 26.5021 -6.7196 0.0571
Pedestrian -1 -1 -3.5024 739.9409 162.7563 774.5163 226.3366 1.7925 0.5570 0.8221 4.4287 1.2645 20.5910 -3.2984 0.0561
Cyclist -1 -1 -1.8902 0.0000 190.7686 33.7948 261.0083 1.6926 0.5914 1.7923 -15.1785 1.9377 18.2272 -2.5829 0.0550
Pedestrian -1 -1 -4.6426 0.0000 206.9814 32.3643 373.0000 1.4567 0.4360 0.6449 -5.2227 1.6894 6.1497 -5.3321 0.0549
Pedestrian -1 -1 -8.3682 920.1895 137.7820 947.1857 184.8507 1.6645 0.6637 0.6044 11.8731 0.1189 25.7338 -7.9446 0.0544
Car -1 -1 -8.3759 909.3493 117.5234 1009.0027 162.9005 1.4587 1.5609 3.8603 13.1439 -0.7423 26.6992 -7.9268 0.0522
Pedestrian -1 -1 -8.2137 649.0073 171.5435 689.4821 242.7882 1.6332 0.6883 0.8570 1.5560 1.4055 16.9726 -8.1290 0.8863
Pedestrian -1 -1 -2.3440 350.8091 171.7977 419.1083 275.8929 1.7098 0.6821 0.9060 -3.7517 1.5511 12.3159 -2.6395 0.8160
Pedestrian -1 -1 -4.6152 397.8928 173.5368 430.4669 249.9423 1.7521 0.6607 0.9529 -4.4558 1.5701 16.9959 -4.8733 0.7262
Pedestrian -1 -1 -3.5563 1063.5469 145.5141 1187.8900 299.8249 1.8033 0.7042 1.0330 6.3631 1.3835 8.8380 -2.9517 0.6682
Cyclist -1 -1 -4.3517 421.0130 171.8804 473.3672 252.2323 1.7470 0.5930 1.7865 -3.5598 1.5384 16.5446 -4.5659 0.6605
Pedestrian -1 -1 -8.1588 844.4000 161.8892 899.9100 274.4059 1.7082 0.6417 0.6408 4.1769 1.4111 11.2381 -7.8161 0.6396
Cyclist -1 -1 -7.5147 1149.0924 142.0822 1237.0000 292.1977 1.7953 0.5821 1.8182 7.8052 1.3246 9.3164 -6.8364 0.5842
Pedestrian -1 -1 -4.5763 999.8735 151.5282 1051.0363 274.7537 1.7676 0.5832 0.6903 6.3057 1.3383 10.7551 -4.0619 0.5784
Pedestrian -1 -1 -3.7075 914.3875 163.9341 943.0099 231.6400 1.6438 0.4452 0.4750 8.0222 1.2179 17.6961 -3.2926 0.5220
Pedestrian -1 -1 -8.3228 358.9587 170.6819 384.2738 221.5115 1.8241 0.6015 0.7600 -8.4260 1.4362 26.2594 -8.6356 0.4859
Pedestrian -1 -1 -8.0627 622.4290 171.8839 647.7526 229.5093 1.6657 0.5975 0.7527 0.9558 1.3882 21.1851 -8.0235 0.4788
Pedestrian -1 -1 -2.6594 589.1769 170.7847 609.5616 203.3077 1.7122 0.5408 0.9432 -0.1159 1.1483 38.2739 -2.6674 0.2762
Cyclist -1 -1 -8.0094 395.6362 175.5573 407.1386 203.2844 1.6022 0.3991 1.6239 -11.7936 1.2589 42.3288 -8.2845 0.2465
Pedestrian -1 -1 -5.3949 226.9331 173.7661 263.8161 238.4482 1.7783 0.5405 0.8052 -10.0241 1.5661 20.1614 -5.8564 0.2154
Pedestrian -1 -1 -6.4235 900.9615 155.6066 931.9089 226.5311 1.8320 0.6567 0.6547 8.2695 1.1637 18.9560 -6.0223 0.2084
Pedestrian -1 -1 -2.9731 971.5897 165.8304 1035.3197 278.7626 1.5564 0.5362 0.7286 5.7366 1.3411 10.3349 -2.4825 0.1984
Pedestrian -1 -1 -8.4259 664.4762 168.9117 692.6738 220.4457 1.7221 0.6046 0.8218 2.6011 1.3019 24.5080 -8.3264 0.1868
Pedestrian -1 -1 -4.8951 569.5847 170.3229 578.0039 193.6234 1.8491 0.5456 0.7288 -2.1896 0.9620 57.4222 -4.9380 0.1787
Pedestrian -1 -1 -4.6440 878.2670 169.0474 902.3951 227.8474 1.5792 0.5819 0.5683 7.8812 1.2453 19.6737 -4.2728 0.1770
Pedestrian -1 -1 -3.5507 891.0944 167.3039 921.5950 228.2737 1.5621 0.5729 0.5432 7.8953 1.1989 18.6964 -3.1614 0.1609
Pedestrian -1 -1 -4.6676 291.3620 175.4344 316.8765 239.3893 1.7592 0.6305 0.8498 -8.4116 1.5929 20.2663 -5.0618 0.1549
Pedestrian -1 -1 -7.1239 698.9210 171.1833 733.5854 229.3305 1.6024 0.6046 0.7755 3.2087 1.3186 20.2754 -6.9742 0.1507
Cyclist -1 -1 -4.4661 586.7908 169.7528 604.0881 199.2771 1.7063 0.6509 1.6333 -0.3453 1.0275 42.3850 -4.4792 0.1464
Cyclist -1 -1 -7.7778 401.6746 174.7109 411.0614 203.0317 1.6451 0.4254 1.5734 -11.5462 1.2508 42.5385 -8.0463 0.1459
Pedestrian -1 -1 -6.5659 263.0903 165.5305 285.2256 208.1613 1.9013 0.6523 0.7594 -14.8363 1.1893 32.5320 -6.9958 0.1437
Cyclist -1 -1 -3.6900 942.0093 160.0459 1091.2555 276.7729 1.6205 0.7112 1.7586 5.9133 1.3233 10.3682 -3.1879 0.1392
Pedestrian -1 -1 -4.8498 1126.5000 132.2847 1180.3934 252.7729 1.8970 0.5910 0.7419 8.9875 1.1228 11.7765 -4.2138 0.1378
Pedestrian -1 -1 -5.2967 393.6941 169.6610 421.0436 219.3560 1.7921 0.6950 0.7070 -7.1548 1.3655 26.3985 -5.5640 0.1343
Pedestrian -1 -1 -3.2371 919.3978 161.1428 952.9276 243.7103 1.5991 0.4510 0.5542 6.5752 1.2054 14.2142 -2.8161 0.1208
Cyclist -1 -1 -4.6519 936.3160 157.9884 969.2028 253.8842 1.6449 0.4679 1.6512 6.4067 1.2422 13.1583 -4.2119 0.1188
Cyclist -1 -1 -8.2079 386.4433 173.7812 404.5278 202.7534 1.6738 0.4931 1.6009 -12.1316 1.2280 42.2909 -8.4907 0.1181
Pedestrian -1 -1 -7.9945 966.0493 152.0928 1010.1607 248.5128 1.6885 0.6031 0.6772 6.9411 1.1741 12.9987 -7.5176 0.1161
Pedestrian -1 -1 -2.4616 587.7653 167.7597 598.8851 198.9776 1.8287 0.5709 0.3845 -0.4783 1.0240 42.4234 -2.4777 0.1136
Pedestrian -1 -1 -7.8955 276.2164 165.1141 294.0920 212.8106 1.9234 0.6419 0.6347 -12.9632 1.2630 29.3945 -8.3126 0.1117
Pedestrian -1 -1 -4.5328 1023.3727 150.1610 1067.0583 250.0454 1.6904 0.5589 0.6112 7.7238 1.1606 12.5706 -3.9963 0.1009
Pedestrian -1 -1 -4.7809 884.4202 164.2676 910.5224 227.5768 1.6618 0.5840 0.8259 7.9270 1.2100 19.3383 -4.4018 0.1008
Cyclist -1 -1 -6.3627 1028.1276 140.5993 1160.4786 253.9578 1.8326 0.6439 1.8162 8.3507 1.1720 12.3314 -5.7825 0.0878
Pedestrian -1 -1 -6.6694 1072.9020 144.2913 1125.9824 252.0236 1.7926 0.5345 0.5811 8.4525 1.1741 12.2727 -6.0814 0.0856
Cyclist -1 -1 -4.1372 928.3856 155.8097 1014.0861 251.4769 1.6423 0.5407 1.7361 6.6656 1.2019 13.0070 -3.6770 0.0821
Cyclist -1 -1 -7.4640 677.5692 172.1532 715.7500 230.8378 1.6554 0.5195 1.6967 2.7861 1.3922 21.1299 -7.3398 0.0807
Pedestrian -1 -1 -4.2968 1015.1309 136.3892 1061.6163 227.8903 1.8187 0.6008 0.6674 8.9096 0.9227 14.7167 -3.7653 0.0800
Cyclist -1 -1 -4.1136 957.2733 144.9382 1074.4006 275.3827 1.8405 0.5937 1.8824 6.2109 1.3253 10.8238 -3.6084 0.0796
Pedestrian -1 -1 -4.6875 315.3073 177.1665 339.1022 239.6130 1.7306 0.6141 0.8102 -7.8089 1.6110 20.3916 -5.0543 0.0777
Pedestrian -1 -1 -7.0461 1049.3896 150.4896 1103.2256 248.7556 1.6665 0.4688 0.6328 8.1962 1.1412 12.4740 -6.4796 0.0775
Cyclist -1 -1 -7.5315 265.0211 181.5902 297.6008 231.1048 1.5854 0.4760 1.7107 -10.6481 1.5889 23.8769 -7.9522 0.0773
Pedestrian -1 -1 -3.0680 862.7439 157.1327 898.0685 234.6857 1.7547 0.5587 0.7311 6.4346 1.2039 16.6595 -2.7099 0.0773
Cyclist -1 -1 -7.9268 893.8610 164.9860 918.4044 228.3076 1.6450 0.4704 1.6942 8.2398 1.2165 19.5399 -7.5377 0.0739
Cyclist -1 -1 -4.7514 262.9690 168.6049 277.8421 207.9953 1.7363 0.5401 1.7047 -15.0192 1.1682 32.5458 -5.1857 0.0734
Pedestrian -1 -1 -6.9237 409.3925 172.3280 428.6743 221.2187 1.7139 0.5536 0.4144 -6.5043 1.3928 25.5172 -7.1761 0.0719
Pedestrian -1 -1 -3.0302 287.0414 165.2290 298.8486 204.7229 1.8276 0.5712 0.4486 -14.4311 1.0749 33.5795 -3.4382 0.0661
Pedestrian -1 -1 -5.7352 577.6600 169.3451 589.0417 191.6374 1.8043 0.5344 0.7611 -1.4506 0.8203 58.5620 -5.7648 0.0653
Pedestrian -1 -1 -4.5922 943.4974 158.7246 982.6055 251.8129 1.6469 0.5762 0.6291 6.5694 1.2446 13.1291 -4.1414 0.0643
Pedestrian -1 -1 -5.1766 1191.3435 132.1334 1237.0000 253.1864 1.7851 0.5750 0.7672 9.5668 1.0577 11.0323 -4.4791 0.0642
Cyclist -1 -1 -4.4749 400.5975 169.2595 441.7902 252.2376 1.8270 0.5325 1.7772 -4.2042 1.5580 16.7073 -4.7232 0.0631
Pedestrian -1 -1 -5.2050 1152.3292 132.3600 1224.8190 250.8284 1.8053 0.6064 0.7302 9.2176 1.0571 11.3582 -4.5397 0.0614
Cyclist -1 -1 -7.9315 901.8237 165.5159 924.8228 226.4405 1.6074 0.4321 1.6689 8.5553 1.1862 19.8123 -7.5339 0.0603
Cyclist -1 -1 -3.7276 893.4986 168.4408 962.7116 231.0592 1.5057 0.5276 1.5149 7.9894 1.1922 17.6619 -3.3135 0.0599
Cyclist -1 -1 -3.4426 851.4561 168.7903 921.7148 229.1674 1.6183 0.6937 1.6522 7.7488 1.2781 19.6534 -3.0767 0.0595
Cyclist -1 -1 -2.5206 373.7690 171.2478 405.6789 203.0010 1.8268 0.7204 1.6806 -12.3603 1.2371 41.9404 -2.8105 0.0595
Pedestrian -1 -1 -3.4126 876.2358 164.7321 905.0566 224.4797 1.7071 0.6472 0.6204 8.3668 1.2285 20.8771 -3.0410 0.0591
Cyclist -1 -1 -7.4148 691.0118 170.0469 734.3112 231.7204 1.6871 0.5309 1.7767 3.1659 1.3743 20.5374 -7.2690 0.0588
Cyclist -1 -1 -4.7492 303.1929 174.1491 327.6454 239.2097 1.7612 0.5747 1.6982 -8.1416 1.5627 20.3384 -5.1309 0.0580
Pedestrian -1 -1 -5.4413 1088.7714 137.3999 1128.7439 226.9939 1.8959 0.5132 0.4802 10.8820 0.9633 15.4721 -4.8414 0.0561
Cyclist -1 -1 -3.3416 963.0651 151.9593 1090.2346 253.5176 1.7049 0.6004 1.8357 7.3814 1.2096 12.6284 -2.8269 0.0560
Cyclist -1 -1 -6.0806 687.5488 175.2988 756.3024 241.2938 1.5689 0.6412 1.5727 2.9260 1.4220 17.6532 -5.9241 0.0558
Cyclist -1 -1 -7.8442 912.6887 159.9323 931.7559 225.6699 1.6753 0.4457 1.6778 8.5199 1.1262 19.1642 -7.4361 0.0553
Cyclist -1 -1 -7.4700 681.4926 169.1947 721.7774 231.4758 1.7242 0.5432 1.7726 2.8865 1.3841 20.7921 -7.3390 0.0549
Pedestrian -1 -1 -4.6756 939.8064 173.2491 968.4943 253.9239 1.4213 0.4553 0.5093 6.3360 1.2766 12.9865 -4.2349 0.0533
Cyclist -1 -1 -8.2771 860.9818 165.7902 904.1646 228.0966 1.6561 0.5170 1.5216 7.7208 1.2390 19.8688 -7.9161 0.0533
Pedestrian -1 -1 -4.3897 1002.8598 154.3189 1048.4410 252.3522 1.6686 0.5377 0.5876 7.4108 1.2066 12.6229 -3.8731 0.0529
Cyclist -1 -1 -6.5565 578.5435 167.7448 607.6946 198.8952 1.8117 0.6188 1.6084 -0.4915 1.0118 42.3047 -6.5730 0.0527
Pedestrian -1 -1 -3.7350 280.7933 181.4327 315.4162 240.0194 1.6451 0.6016 0.6992 -8.7392 1.6437 20.6277 -4.1365 0.0520
Car -1 -1 -4.6605 530.5155 171.5763 562.9597 199.9742 1.6224 1.7496 4.1572 -3.2366 1.0556 43.1408 -4.7399 0.7431
Car -1 -1 -5.3357 96.2390 182.0046 240.2074 244.2770 1.6326 1.6653 3.6623 -12.2953 1.6484 20.3415 -5.8790 0.5598
Car -1 -1 -7.9347 565.4982 171.3821 595.4612 196.4453 1.6069 1.6509 4.1875 -1.4401 0.9582 48.2300 -7.9693 0.4159
Car -1 -1 -4.6246 466.0532 168.8155 513.7385 213.9502 1.8202 1.6865 4.3509 -4.7867 1.3090 31.1972 -4.7807 0.3942
Car -1 -1 -7.4479 130.8990 183.2045 201.0073 213.4447 1.4482 1.6249 3.9939 -22.1701 1.5404 36.7242 -7.9930 0.1509
Car -1 -1 -7.9203 384.8232 176.5630 416.3261 201.6519 1.4482 1.5759 3.6937 -12.1856 1.1633 43.4686 -8.1970 0.1431
Car -1 -1 -4.6866 578.8135 171.7694 600.5958 193.6806 1.6180 1.5878 4.0139 -0.8505 0.8994 55.0548 -4.7069 0.1379
Car -1 -1 -4.5528 423.8358 164.2216 501.2411 225.9289 1.9115 1.9016 4.5612 -4.6507 1.3767 24.5600 -4.7432 0.1357
Car -1 -1 -7.9909 889.6964 166.6676 971.5923 225.9654 1.4791 1.5097 3.7146 8.9785 1.1097 19.9108 -7.5773 0.0838
Car -1 -1 -7.9130 926.5266 162.5849 1029.1857 247.1347 1.4641 1.5280 3.6499 7.3728 1.1372 14.4176 -7.4528 0.0716
Car -1 -1 -4.6271 451.0616 175.3262 483.3891 200.4875 1.4399 1.5903 4.0294 -8.0222 1.0867 43.1935 -4.8146 0.0640
Car -1 -1 -7.3705 1237.0000 146.0357 1237.0000 299.2571 1.4554 1.5746 4.2337 10.0513 1.1192 8.0382 -6.4952 0.0548
