Pedestrian -1 -1 -7.8365 273.7226 178.5599 287.5666 215.9730 1.9885 0.6688 0.4860 -17.7519 2.2979 38.8133 -8.2632 0.1161
Pedestrian -1 -1 -6.5781 457.9288 178.4877 468.8601 200.5922 1.8935 0.4576 0.8294 -12.7048 2.3836 62.4096 -6.7785 0.1020
Pedestrian -1 -1 -3.8362 99.4740 185.8313 123.5405 221.3076 1.7435 0.5364 0.8495 -25.1098 2.4047 36.2951 -4.4382 0.0915
Pedestrian -1 -1 -5.7799 83.8113 176.2701 107.2700 213.0797 1.9649 0.5796 0.8570 -27.7796 2.1505 38.9152 -6.3968 0.0849
Pedestrian -1 -1 -4.7288 448.4830 174.4560 462.7915 212.1347 1.9572 0.7238 0.7225 -8.1607 2.0422 37.9509 -4.9397 0.0830
Pedestrian -1 -1 -5.7627 134.8790 177.3351 156.1962 212.0412 1.9511 0.5941 0.8325 -26.4001 2.2071 40.9618 -6.3324 0.0785
Pedestrian -1 -1 -5.4152 246.7124 181.7652 269.1945 221.2219 1.8473 0.6612 0.7117 -16.8373 2.2778 34.4298 -5.8673 0.0668
Pedestrian -1 -1 -4.7895 713.1092 187.4524 734.3377 247.2918 1.4162 0.4679 0.4910 2.6975 1.7745 17.4657 -4.6397 0.0645
Cyclist -1 -1 -3.1277 803.8054 166.9408 835.1885 197.6799 1.8668 0.6692 1.8413 12.8560 1.5074 44.4061 -2.8481 0.0638
Car -1 -1 -2.3571 263.7837 189.9243 335.4431 216.8986 1.5302 1.6891 4.0408 -19.1350 2.6167 44.4046 -2.7621 0.0635
Pedestrian -1 -1 -5.3564 167.9176 193.1003 190.1353 233.3625 1.8861 0.6988 0.5966 -20.7498 2.8710 34.6761 -5.8925 0.0556
Car -1 -1 -5.2178 954.0641 172.7792 1032.1111 204.2597 1.4161 1.5687 3.9164 18.1367 1.4125 34.4350 -4.7368 0.0537
Car -1 -1 -4.6170 957.9788 173.1066 1024.2795 221.2133 1.4888 1.6393 3.9453 12.9250 1.4978 24.4534 -4.1362 0.0518
Car -1 -1 -4.9012 583.2438 177.4747 608.7666 195.0779 1.6195 1.7218 4.0902 -1.4038 2.0795 69.7047 -4.9217 0.0514
Pedestrian -1 -1 -3.1865 123.0113 178.1194 149.6511 239.0834 1.9638 0.6086 0.7092 -15.6562 2.1403 23.7753 -3.7639 0.0504
Pedestrian -1 -1 -4.7104 153.8704 186.1209 171.3180 236.2478 1.6606 0.4975 0.4433 -15.1687 2.1147 24.3912 -5.2622 0.1425
Cyclist -1 -1 -7.0398 855.5171 167.1467 891.0820 202.5116 1.8422 0.6894 1.7893 13.9237 1.5446 38.2598 -6.6937 0.1353
Pedestrian -1 -1 -7.2595 870.7339 169.0840 889.5762 205.3244 1.8538 0.6415 0.6843 13.9513 1.6607 37.3688 -6.9053 0.1279
Cyclist -1 -1 -8.1327 742.0215 172.5656 755.3641 196.9567 1.7519 0.4861 1.7656 10.0968 1.7309 52.7251 -7.9450 0.1233
Pedestrian -1 -1 -7.9985 854.9459 168.5646 869.8019 204.2389 1.8672 0.6573 0.6122 13.2936 1.6424 38.1283 -7.6658 0.1130
Pedestrian -1 -1 -2.9611 166.9483 171.5868 215.8755 269.9048 1.9941 0.6519 0.7774 -8.7814 1.9681 15.0712 -3.4814 0.1024
Pedestrian -1 -1 -6.3336 159.3837 187.9217 181.8727 226.0016 1.8689 0.7042 0.9363 -22.2090 2.6405 36.4053 -6.8784 0.0999
Cyclist -1 -1 -3.9921 864.2844 169.2793 897.7476 203.1212 1.7335 0.7017 1.6846 14.1114 1.5501 37.6681 -3.6366 0.0885
Cyclist -1 -1 -7.0417 130.9704 185.5251 183.7584 237.8875 1.6693 0.4452 1.6467 -15.2438 2.1101 24.2676 -7.5979 0.0612
Cyclist -1 -1 -2.8792 135.8830 184.2181 193.0269 237.3079 1.7521 0.5268 1.5674 -15.1509 2.1450 24.4902 -3.4287 0.0551
Pedestrian -1 -1 -6.6084 741.3585 171.9981 755.1541 196.6331 1.7872 0.6034 0.8400 10.0661 1.7248 52.7020 -6.4211 0.0523
Car -1 -1 -5.5439 0.0000 202.3878 226.8701 308.0208 1.4593 1.7012 4.4474 -8.8599 1.9787 11.6303 -6.1841 0.9362
Car -1 -1 -2.9875 494.7696 180.6604 548.4573 200.8173 1.5212 1.5952 3.9371 -6.8582 2.1359 55.9811 -3.1093 0.6956
Car -1 -1 -4.0651 0.0000 195.1350 106.2610 245.2489 1.4002 1.5809 3.6981 -18.6370 2.1884 23.6739 -4.7267 0.5072
Car -1 -1 -4.8679 614.0342 178.7249 637.6162 195.3209 1.5164 1.6745 3.9257 1.4733 2.0978 69.4400 -4.8472 0.1532
Car -1 -1 -7.1888 275.4958 186.6906 342.8053 213.9880 1.5394 1.7426 4.0649 -18.7607 2.4461 45.1040 -7.5812 0.1239
Car -1 -1 -5.8501 260.0428 175.4130 320.0775 194.2252 1.5525 1.5774 4.3500 -26.8627 1.7700 60.5952 -6.2659 0.1110
Car -1 -1 -4.3614 555.3292 179.8531 601.4124 206.0275 1.5407 1.6406 4.0221 -1.9883 2.0056 45.7944 -4.4050 0.0780
Car -1 -1 -5.1567 418.2378 173.1472 453.1244 193.4287 1.8474 1.6059 4.0435 -16.4412 1.8756 67.8607 -5.3938 0.0677
Car -1 -1 -4.9150 630.1977 178.8948 656.0953 196.9881 1.6484 1.6669 4.2170 3.1347 2.2479 69.4281 -4.8706 0.0570
Car -1 -1 -4.7698 597.9872 178.6042 628.9116 206.2702 1.6244 1.6944 4.2407 0.1384 2.0034 45.4291 -4.7673 0.0567
