Pedestrian -1 -1 -4.4366 1155.0212 149.1431 1213.1350 270.1025 1.8065 0.5180 0.8055 8.8763 1.4521 11.2241 -3.7807 0.0782
Pedestrian -1 -1 -7.9846 1214.7861 148.9651 1240.3699 198.1110 1.7519 0.6245 0.6241 22.3303 0.9000 26.1522 -7.2835 0.0685
Pedestrian -1 -1 -3.8727 1048.4274 155.7869 1064.5977 181.9724 1.8451 0.5344 0.8312 31.6379 0.6422 51.1783 -3.3217 0.0613
Car -1 -1 -4.6113 689.8240 171.4931 712.4015 190.5142 1.7141 1.6981 3.9620 8.4845 1.5912 67.1424 -4.4864 0.0579
Pedestrian -1 -1 -3.0771 471.9911 160.9729 496.8833 212.1347 1.8707 0.5761 0.8733 -4.6893 1.4360 26.7165 -3.2496 0.0569
Car -1 -1 -8.1372 637.6558 165.8534 670.6176 192.2254 2.3725 1.8035 4.7737 4.0558 1.7424 67.4399 -8.0778 0.0559
Car -1 -1 -3.2826 1079.1699 165.0323 1165.7428 189.8257 1.6101 1.6423 4.5644 34.3958 1.1018 48.6243 -2.6700 0.0549
Car -1 -1 -7.1919 1228.2366 145.5197 1241.0000 341.5059 1.5348 1.5837 4.1330 8.2286 1.3205 6.5012 -6.3118 0.0541
Pedestrian -1 -1 -6.7688 920.1108 162.3232 933.5801 184.5613 1.7625 0.5595 0.8153 25.2185 0.9276 57.4959 -6.3575 0.3247
Cyclist -1 -1 -6.4982 609.9022 168.9787 643.4127 201.1772 1.8020 0.7253 1.7850 0.9029 1.5848 40.9079 -6.4768 0.3108
Cyclist -1 -1 -6.5480 242.4266 181.5192 302.3629 235.9701 1.6104 0.5111 1.5985 -10.4580 1.8861 22.2757 -6.9827 0.1917
Pedestrian -1 -1 -8.9852 1062.9916 151.6931 1085.9307 192.4924 1.7770 0.6286 0.6474 20.4689 0.8550 31.8672 -8.4186 0.1651
Cyclist -1 -1 -3.9694 143.5049 184.8390 204.5991 245.9406 1.5915 0.4566 1.6374 -12.0864 1.9371 19.9744 -4.5079 0.1599
Cyclist -1 -1 -3.8186 850.8291 162.3617 895.0628 202.9831 1.6860 0.6927 1.7042 11.0891 1.2502 30.5527 -3.4738 0.1274
Pedestrian -1 -1 -3.8606 577.0242 165.3605 592.8505 202.0305 1.8401 0.6566 0.4915 -1.3124 1.4638 36.6138 -3.8966 0.1226
Cyclist -1 -1 -7.1743 265.2838 174.9214 312.6786 228.3336 1.7006 0.4723 1.6962 -10.6657 1.7714 23.9218 -7.5899 0.0982
Pedestrian -1 -1 -3.4727 1063.9836 151.6183 1086.5922 193.8208 1.8557 0.6778 0.6589 20.6723 0.9216 32.1331 -2.9054 0.0798
Cyclist -1 -1 -7.7547 625.1019 170.3551 635.8894 199.1508 1.6142 0.4585 1.6552 1.1420 1.4738 41.2965 -7.7277 0.0656
Pedestrian -1 -1 -8.3236 1072.0952 153.7036 1095.9835 193.4727 1.7233 0.6467 0.6551 20.7288 0.8932 31.6258 -7.7478 0.0625
Cyclist -1 -1 -8.0233 1073.5438 155.2141 1092.1105 194.0072 1.6819 0.3954 1.7360 21.0201 0.9168 32.1589 -7.4487 0.0619
Pedestrian -1 -1 -2.0492 106.6963 180.8514 145.2956 245.0577 1.6714 0.6182 0.6761 -13.0105 1.8901 19.3249 -2.6356 0.0590
Cyclist -1 -1 -2.2458 102.5477 179.5065 174.3931 243.2573 1.6690 0.6640 1.7932 -12.8654 1.8550 19.6124 -2.8204 0.0587
Pedestrian -1 -1 -8.0455 1072.2826 155.6958 1093.8405 194.1218 1.6902 0.7009 0.5899 21.0246 0.9352 32.1419 -7.4705 0.0580
Pedestrian -1 -1 -7.3921 242.6232 183.0653 269.7562 234.6058 1.5415 0.5851 0.4851 -10.7941 1.8549 21.9225 -7.8451 0.0572
Pedestrian -1 -1 -5.6104 332.3633 171.5102 366.4385 236.7935 1.7746 0.5116 0.7269 -7.2605 1.7377 19.9724 -5.9553 0.0560
Cyclist -1 -1 -4.9346 922.5004 162.1320 936.1494 184.4993 1.7408 0.5988 1.8079 25.2343 0.9060 57.1005 -4.5205 0.0558
Pedestrian -1 -1 -6.8114 1094.8970 162.8438 1110.7374 185.0919 1.7850 0.6885 0.8200 39.7614 0.9815 58.2599 -6.2151 0.0554
Cyclist -1 -1 -4.8630 918.7206 161.5854 930.3781 183.7264 1.7329 0.5810 1.8033 24.9971 0.8507 57.4199 -4.4544 0.0539
Cyclist -1 -1 -3.5855 223.6694 181.7132 281.8390 238.3649 1.6557 0.4365 1.5574 -10.9554 1.9356 22.0673 -4.0419 0.0535
Cyclist -1 -1 -3.7463 372.1293 170.8075 425.5249 227.4317 1.7720 0.7214 1.5216 -6.8824 1.7077 23.3982 -4.0298 0.0513
Cyclist -1 -1 -4.6146 496.7865 175.8584 513.2073 219.7474 1.5929 0.4697 1.4644 -3.9710 1.7083 27.0316 -4.7597 0.0509
Cyclist -1 -1 -7.1385 252.9900 182.7686 307.2695 244.4223 1.5662 0.4184 1.5361 -8.8853 1.8431 19.3807 -7.5636 0.0504
Car -1 -1 -4.1794 365.3377 178.5438 508.2601 242.2138 1.4970 1.7503 4.4915 -4.6170 1.6718 19.7999 -4.4061 0.9485
Car -1 -1 -7.8670 757.9758 167.9568 830.5625 234.1453 1.5653 1.6819 3.7212 4.7649 1.4492 19.0658 -7.6263 0.9411
Car -1 -1 -6.7570 978.8337 158.9688 1076.9675 189.9981 1.4761 1.5539 3.8588 20.2806 0.8153 35.1877 -6.2379 0.8995
Car -1 -1 -3.6583 0.0000 184.6484 93.1519 374.0000 1.5884 1.6182 3.8647 -8.0426 1.7480 7.7001 -4.4481 0.6832
Car -1 -1 -7.8862 1095.5942 162.8484 1122.2067 182.6053 1.5679 1.6583 4.0430 41.0136 0.7736 59.4109 -7.2844 0.2783
Car -1 -1 -6.2134 575.3778 172.6683 630.6866 194.5704 1.5953 1.6406 3.9971 -0.5193 1.5815 53.4948 -6.2235 0.2029
Car -1 -1 -4.5008 846.2772 168.1502 902.4614 203.0140 1.4386 1.5477 3.9457 11.6786 1.2442 31.8567 -4.1528 0.1095
Car -1 -1 -8.1791 878.9515 163.9085 916.1155 183.9171 1.5796 1.6319 3.9561 23.4255 0.8731 58.9801 -7.8029 0.1078
Car -1 -1 -3.2173 1076.0625 163.7386 1170.4341 189.9388 1.4685 1.6240 4.3844 29.9048 0.9573 42.2593 -2.6048 0.1055
Car -1 -1 -2.5158 282.8014 183.1077 407.8933 229.1175 1.4231 1.5526 3.7270 -8.8782 1.7836 24.1321 -2.8652 0.0989
Car -1 -1 -3.7731 1021.0576 158.5473 1134.9421 192.8366 1.4964 1.6267 4.1387 20.9383 0.8718 32.4299 -3.2040 0.0856
Car -1 -1 -7.9469 1177.7507 159.5805 1220.4763 187.4816 1.5900 1.6016 3.9584 35.1824 0.8333 43.2106 -7.2670 0.0839
Car -1 -1 -2.2351 154.6307 184.4352 301.9529 243.0128 1.4506 1.5786 3.8406 -10.6225 1.7951 19.9719 -2.7187 0.0804
Car -1 -1 -6.2649 623.7110 169.5013 698.7857 196.7050 1.5277 1.6866 4.2251 2.9180 1.3392 41.5457 -6.1957 0.0739
Car -1 -1 -4.1114 511.0489 170.2220 584.3394 203.2197 1.5894 1.7407 4.0735 -3.1625 1.4623 36.9550 -4.1966 0.0682
Car -1 -1 -6.2976 746.9124 167.4590 813.8073 191.7547 1.5812 1.7208 4.2783 11.3235 1.2298 48.2543 -6.0687 0.0675
Car -1 -1 -8.2444 906.9797 162.7622 948.6388 183.1790 1.6093 1.6683 4.0967 25.8751 0.8136 58.9403 -7.8327 0.0659
Car -1 -1 -4.5439 444.5583 177.8346 509.8267 225.0267 1.4956 1.5956 3.9872 -4.6114 1.6837 25.2918 -4.7230 0.0645
Car -1 -1 -4.9318 1065.4113 162.1063 1101.3342 182.5779 1.6352 1.6787 3.8339 39.1053 0.7764 59.7246 -4.3545 0.0502
