Pedestrian -1 -1 -5.3525 912.4702 141.6676 1030.8160 336.8408 1.7229 0.6028 0.8455 3.3952 1.3805 6.7133 -4.9011 0.8183
Pedestrian -1 -1 -8.5253 704.5786 143.1659 805.1065 320.1136 1.7014 0.6402 0.8221 1.4786 1.3428 7.3106 -8.3319 0.8005
Pedestrian -1 -1 -5.1913 489.9268 142.9991 581.9304 316.8175 1.7365 0.6436 0.8970 -0.8117 1.3623 7.6153 -5.2911 0.7922
Pedestrian -1 -1 -5.2465 999.5582 144.0104 1121.7319 328.9683 1.6446 0.6029 0.8733 4.2408 1.3206 6.7264 -4.7031 0.6778
Pedestrian -1 -1 -3.6974 881.6436 161.8389 927.9357 227.8384 1.6251 0.5696 0.9061 7.4833 1.1659 17.7635 -3.3034 0.6761
Pedestrian -1 -1 -4.8928 809.5714 137.8878 885.7502 322.1387 1.7433 0.5736 0.8188 2.3687 1.3406 7.1328 -4.5832 0.6339
Pedestrian -1 -1 -5.2289 652.7878 137.5005 726.4581 278.6288 1.7634 0.6179 0.8621 1.0525 1.2265 9.3525 -5.1184 0.5608
Pedestrian -1 -1 -8.0432 242.1259 157.1943 265.2226 203.8761 1.6568 0.6391 0.6519 -12.7264 0.8299 25.5465 -8.4984 0.4402
Car -1 -1 -4.4296 0.0000 79.0785 273.3922 369.0000 1.8018 1.6477 4.2601 -3.2371 1.5136 4.2940 -5.0390 0.4131
Pedestrian -1 -1 -8.4592 550.8976 133.7216 642.4630 293.4467 1.8051 0.6656 0.9874 -0.1680 1.2769 8.5858 -8.4759 0.4120
Car -1 -1 -7.6354 62.3959 145.4323 127.1516 180.8623 1.5315 1.6275 3.7328 -23.4528 0.0159 32.5981 -8.2523 0.2681
Pedestrian -1 -1 -5.6001 1103.6661 210.1512 1223.0000 369.0000 1.3903 0.4366 0.3624 2.1495 1.5116 2.6502 -4.9723 0.2477
Pedestrian -1 -1 -5.1892 895.5732 190.2874 915.2881 231.5328 1.0654 0.3166 0.4225 7.8572 1.3262 18.5935 -4.7939 0.1810
Pedestrian -1 -1 -8.1987 311.3388 146.1229 337.3951 202.9968 1.7774 0.6072 0.5976 -8.9749 0.7034 22.5215 -8.5709 0.1617
Car -1 -1 -4.1202 0.0000 138.1994 56.9013 178.2032 1.6709 1.6467 3.9725 -26.9073 -0.1099 31.8294 -4.8149 0.1164
Pedestrian -1 -1 -7.4705 105.5334 135.5252 167.7354 250.6545 1.8536 0.6382 0.7187 -7.8455 1.1299 11.7965 -8.0429 0.1163
Car -1 -1 -4.2949 359.4049 144.9711 403.3300 168.6793 1.6015 1.6300 3.8658 -16.3197 -0.8994 51.7847 -4.5962 0.1123
Pedestrian -1 -1 -5.0091 621.9631 145.5521 687.7032 287.8736 1.6632 0.5903 0.8191 0.5466 1.2552 8.7296 -4.9467 0.1110
Pedestrian -1 -1 -4.7497 1041.6188 157.7957 1067.4880 221.4034 1.8183 0.6129 0.5062 13.0428 1.1696 20.5839 -4.1903 0.1086
Cyclist -1 -1 -2.6443 0.0000 154.3736 50.9773 200.9805 1.7728 0.6834 1.7455 -22.6758 0.7792 27.3915 -3.3282 0.0829
Car -1 -1 -4.4224 112.3765 157.1686 208.1134 204.2616 1.4603 1.6119 4.1493 -15.0662 0.7371 24.1365 -4.9724 0.0817
Pedestrian -1 -1 -3.4708 660.7287 149.7034 680.9755 209.6716 1.8721 0.5309 0.4923 2.0467 0.9110 22.3891 -3.3790 0.0763
Pedestrian -1 -1 -7.9316 83.9795 148.0358 114.5962 212.4669 1.7831 0.6635 0.6212 -14.3568 0.8850 20.0177 -8.5442 0.0758
Pedestrian -1 -1 -4.6492 823.5516 147.9577 846.5338 209.2969 1.8914 0.6501 0.6441 7.1966 0.8882 22.2202 -4.3384 0.0732
Pedestrian -1 -1 -2.9851 726.8981 152.5599 794.5029 280.2245 1.5676 0.4834 0.7829 1.9434 1.2249 9.0467 -2.7785 0.0680
Pedestrian -1 -1 -4.4932 764.0093 157.5485 787.6046 214.5662 1.8409 0.6648 0.4800 5.5685 1.1001 23.1891 -4.2589 0.0670
Car -1 -1 -5.7981 0.0000 0.0000 1223.0000 369.0000 1.5313 1.6357 3.8928 2.4410 1.6555 0.6006 -4.5876 0.0639
Car -1 -1 -4.3114 385.6757 146.6272 430.2116 169.2983 1.5329 1.6793 4.1075 -14.4507 -0.8591 52.0779 -4.5783 0.0632
Cyclist -1 -1 -2.2605 155.1140 151.9299 199.1039 195.1412 1.7297 0.6429 1.6452 -17.5047 0.5863 28.8812 -2.7984 0.0608
Pedestrian -1 -1 -6.2732 546.5994 164.4217 559.1102 211.0169 1.5237 0.6937 0.4073 -1.7627 0.9982 23.4799 -6.3452 0.0590
Pedestrian -1 -1 -5.5435 1209.1656 145.6156 1223.0000 214.8357 1.9965 0.6416 0.3525 18.0263 0.9906 20.6059 -4.8308 0.0535
Pedestrian -1 -1 -4.7746 490.6071 140.2266 528.5041 242.5376 1.8525 0.6560 0.7945 -1.8456 1.1236 13.2552 -4.9076 0.5442
Pedestrian -1 -1 -4.7492 611.3632 138.1828 643.8622 236.0027 1.8209 0.5909 0.8036 0.3776 1.0335 13.5653 -4.7199 0.4665
Pedestrian -1 -1 -4.8207 567.5480 141.4725 603.6876 238.4474 1.7900 0.6201 0.6187 -0.4214 1.0700 13.4001 -4.8493 0.4037
Pedestrian -1 -1 -7.9872 245.9928 145.4784 295.5782 258.8368 1.7810 0.6500 0.7196 -5.5309 1.2311 11.5864 -8.4200 0.3677
Pedestrian -1 -1 -6.0567 286.9720 153.7616 340.9812 254.1227 1.7221 0.6517 0.7537 -5.1841 1.2637 12.5124 -6.4386 0.3590
Pedestrian -1 -1 -8.3580 631.5284 155.9257 655.9333 200.7334 1.6554 0.6570 0.7049 1.4229 0.7478 26.5821 -8.3032 0.3493
Pedestrian -1 -1 -6.8618 484.6819 145.5810 504.9139 180.5360 1.8008 0.6816 0.8030 -5.7752 0.0020 36.9471 -7.0134 0.3058
Cyclist -1 -1 -7.6382 252.7921 144.1884 273.1709 180.6155 1.6838 0.5097 1.7108 -16.2490 0.0055 33.5743 -8.0830 0.2388
Pedestrian -1 -1 -5.6776 297.6827 144.5712 312.1793 182.1355 1.8094 0.6008 0.3724 -14.6119 0.0789 34.3888 -6.0739 0.2194
Pedestrian -1 -1 -5.0031 656.2592 133.7653 703.4020 234.9657 1.8708 0.6430 0.9842 1.3797 1.0072 13.6142 -4.9023 0.2106
Cyclist -1 -1 -5.9851 626.1523 152.6200 679.1740 200.9323 1.7528 0.7266 1.8369 1.7442 0.7416 26.3204 -5.9178 0.1995
Cyclist -1 -1 -7.6090 291.3577 148.7798 349.7707 254.9489 1.7398 0.5392 1.7325 -5.0320 1.2204 12.4797 -7.9815 0.1885
Pedestrian -1 -1 -8.0441 406.8081 146.4651 419.7387 175.8206 1.8169 0.6362 0.8574 -12.0631 -0.2976 44.4522 -8.3051 0.1676
Pedestrian -1 -1 -7.6897 355.9167 145.2479 372.8090 182.4223 1.8043 0.6576 0.8299 -11.8505 0.0935 34.7785 -8.0131 0.1505
Cyclist -1 -1 -4.1803 562.3571 145.5790 584.3383 176.4701 1.7639 0.5088 1.6709 -1.8570 -0.2411 41.4532 -4.2226 0.1477
Cyclist -1 -1 -7.9989 419.6922 144.3139 435.8425 179.7248 1.7820 0.5676 1.7457 -9.1838 -0.0409 36.5371 -8.2409 0.1442
Pedestrian -1 -1 -6.9977 387.2089 161.4919 420.4426 225.6373 1.4866 0.6091 0.4753 -4.8086 1.0464 16.7520 -7.2702 0.1336
Pedestrian -1 -1 -3.1790 424.1517 148.0560 436.4485 182.8864 1.7724 0.5814 0.5938 -8.9981 0.1216 36.3394 -3.4176 0.1242
Cyclist -1 -1 -7.2074 362.7173 155.1792 424.9900 229.0800 1.5553 0.4737 1.5630 -4.7030 1.0228 15.6955 -7.4909 0.1205
Pedestrian -1 -1 -5.2873 269.6446 154.0716 321.9339 258.1329 1.6410 0.5464 0.5988 -5.0958 1.2246 11.5434 -5.6909 0.1187
Pedestrian -1 -1 -7.0084 542.4072 144.1586 568.4393 189.8917 1.8364 0.6847 0.8127 -2.0542 0.3774 28.9217 -7.0764 0.1136
Pedestrian -1 -1 -7.3486 568.0222 147.4464 585.9161 186.2086 1.7235 0.5795 0.6157 -1.2840 0.2540 31.8439 -7.3864 0.1088
Pedestrian -1 -1 -4.0310 302.2059 141.5579 320.3586 175.8313 1.7957 0.6366 0.6283 -15.6096 -0.2504 37.5442 -4.4198 0.1033
Cyclist -1 -1 -7.0742 298.4814 154.2704 371.6844 229.4729 1.5726 0.4533 1.6861 -5.9830 1.0245 15.6477 -7.4306 0.1031
Cyclist -1 -1 -4.1296 295.2983 145.4420 322.7701 180.3801 1.6618 0.4265 1.5893 -14.4287 -0.0058 34.4561 -4.5206 0.1027
Pedestrian -1 -1 -7.9372 516.2773 144.1103 530.7184 176.2018 1.8105 0.7602 0.7789 -4.6801 -0.2487 40.4683 -8.0492 0.0992
Pedestrian -1 -1 -4.6534 642.3351 156.3213 662.9756 203.2286 1.7059 0.7172 0.7897 1.7369 0.8268 26.1507 -4.5860 0.0989
Pedestrian -1 -1 -3.4844 496.3646 145.2541 506.4814 180.6375 1.7987 0.5359 0.3546 -5.3309 0.0071 36.2624 -3.6269 0.0952
Pedestrian -1 -1 -7.6621 433.5668 149.4844 447.4778 180.4338 1.7243 0.6538 0.6205 -9.2487 -0.0036 39.7151 -7.8870 0.0943
Pedestrian -1 -1 -7.5226 478.6905 145.2474 494.5114 177.7660 1.8111 0.6943 0.6823 -6.6811 -0.1555 39.8391 -7.6852 0.0941
Cyclist -1 -1 -7.4072 377.1634 154.9487 434.2009 228.8406 1.5439 0.5329 1.6847 -4.4244 1.0104 15.6492 -7.6753 0.0936
Cyclist -1 -1 -6.2574 361.8007 155.6394 443.1386 228.8496 1.5688 0.6478 1.6999 -4.5114 1.0364 15.6727 -6.5302 0.0935
Pedestrian -1 -1 -8.1471 275.5573 139.0021 312.4482 216.8076 1.8458 0.6278 0.7884 -7.6445 0.8617 17.2777 -8.5547 0.0929
Cyclist -1 -1 -4.6920 483.6526 144.7854 496.7567 179.7543 1.7686 0.6330 1.7182 -5.9660 -0.0395 36.6920 -4.8497 0.0906
Cyclist -1 -1 -4.7736 367.3728 148.3097 381.9445 181.2034 1.6371 0.6148 1.5977 -11.7673 0.0352 36.0457 -5.0843 0.0879
Cyclist -1 -1 -7.5799 253.6529 147.2910 314.7974 260.8095 1.7501 0.4711 1.6947 -5.3527 1.2385 11.7726 -7.9945 0.0870
Cyclist -1 -1 -4.9105 491.7285 144.3394 509.3332 179.8658 1.7898 0.5771 1.7129 -5.4275 -0.0335 36.5570 -5.0544 0.0857
Pedestrian -1 -1 -8.0862 414.3800 147.2049 428.8741 177.2276 1.6438 0.6480 0.6504 -10.1939 -0.1836 39.2473 -8.3362 0.0855
Pedestrian -1 -1 -7.4362 563.7339 147.4749 581.8513 185.0752 1.6855 0.6339 0.5961 -1.4827 0.2053 32.0886 -7.4798 0.0853
Cyclist -1 -1 -5.4248 285.1720 164.7907 415.4594 302.0674 1.5624 0.5529 1.6767 -3.2046 1.3840 8.7031 -5.7640 0.0848
Pedestrian -1 -1 -3.4846 325.7165 163.6431 378.3745 267.0034 1.5345 0.5213 0.6273 -3.9492 1.2846 10.8969 -3.8210 0.0847
Cyclist -1 -1 -2.8582 417.3408 146.2267 449.8988 179.1868 1.8234 0.6256 1.6589 -9.5805 -0.0739 39.4958 -3.0922 0.0839
Pedestrian -1 -1 -3.7013 306.8181 182.5895 367.4935 290.3444 1.3099 0.4281 0.5821 -3.4470 1.3379 8.9704 -4.0544 0.0832
Pedestrian -1 -1 -7.6420 341.1905 146.1605 360.6009 188.4828 1.8211 0.6660 0.6803 -11.0901 0.3437 30.8041 -7.9821 0.0823
Cyclist -1 -1 -6.2032 524.6297 143.8211 554.5580 176.0078 1.8372 0.6239 1.6733 -3.7762 -0.2609 40.7675 -6.2926 0.0821
Pedestrian -1 -1 -3.9942 346.4979 182.6528 410.9440 296.1292 1.3222 0.4668 0.6023 -2.8047 1.3500 8.6224 -4.2959 0.0809
Pedestrian -1 -1 -6.6440 336.6025 150.6409 346.7505 189.2547 1.7546 0.4811 0.2858 -12.0914 0.3980 32.4042 -6.9959 0.0805
Pedestrian -1 -1 -5.8436 389.9254 156.5505 422.8809 227.0337 1.5371 0.5633 0.5146 -4.4600 1.0151 15.7405 -6.1123 0.0794
Pedestrian -1 -1 -3.2950 248.4801 140.8303 259.7208 176.3901 1.8222 0.5765 0.4418 -18.2213 -0.2152 36.6790 -3.7504 0.0789
Pedestrian -1 -1 -7.9090 363.0169 153.8056 393.1609 228.4879 1.5945 0.6031 0.4713 -4.9966 1.0249 15.4223 -8.2142 0.0779
Pedestrian -1 -1 -5.1422 309.3932 156.3845 359.0284 253.3304 1.6562 0.6310 0.5971 -4.8405 1.2446 12.5135 -5.5007 0.0778
Cyclist -1 -1 -2.8085 395.4790 146.5341 428.5740 179.8481 1.8409 0.6179 1.6719 -10.7756 -0.0366 39.4535 -3.0710 0.0754
Pedestrian -1 -1 -5.4188 374.4127 146.1447 393.0702 177.4569 1.6857 0.6152 0.7790 -12.1006 -0.1681 38.6243 -5.7178 0.0750
Pedestrian -1 -1 -2.6483 242.7427 144.5101 269.0752 183.0900 1.8015 0.6284 0.9266 -16.4809 0.1211 33.3482 -3.1014 0.0747
Pedestrian -1 -1 -4.5576 305.5756 178.3120 335.3304 255.4500 1.2446 0.4030 0.3488 -4.7222 1.2096 11.6218 -4.9320 0.0738
Cyclist -1 -1 -4.6501 252.0014 144.4830 266.5145 180.7963 1.6969 0.5140 1.6909 -16.5982 0.0140 33.9199 -5.0993 0.0736
Cyclist -1 -1 -5.9171 243.0300 150.9599 363.9643 253.8304 1.6853 0.6120 1.7743 -5.1009 1.2017 11.9128 -6.3100 0.0711
Cyclist -1 -1 -7.4283 257.2043 145.5029 283.9818 182.0130 1.7070 0.5152 1.6604 -16.0334 0.0709 33.8896 -7.8644 0.0710
Pedestrian -1 -1 -5.5165 298.6184 152.1077 312.6463 192.3430 1.7054 0.5070 0.2785 -12.8341 0.5022 30.2559 -5.9118 0.0709
Cyclist -1 -1 -5.9562 253.8811 142.4648 371.9914 252.5605 1.8475 0.7120 1.7587 -5.0830 1.2096 12.2687 -6.3378 0.0698
Pedestrian -1 -1 -3.1580 438.7456 147.3803 453.7092 178.7819 1.7357 0.5784 0.8077 -8.8847 -0.0968 39.4968 -3.3754 0.0695
Pedestrian -1 -1 -7.7953 282.4763 165.4086 317.7346 242.6801 1.4863 0.6158 0.3031 -6.0110 1.1964 13.8454 -8.1945 0.0692
Cyclist -1 -1 -4.1361 293.1510 144.3568 322.7363 179.4484 1.6846 0.5042 1.6850 -14.6533 -0.0530 34.8704 -4.5284 0.0685
Pedestrian -1 -1 -4.7858 469.0469 146.6058 481.7507 178.3123 1.7512 0.6524 0.6679 -7.2581 -0.1234 39.5124 -4.9639 0.0684
Cyclist -1 -1 -2.9063 385.4980 144.9132 419.4767 178.1455 1.8075 0.5950 1.7023 -11.1289 -0.1303 38.8333 -3.1810 0.0680
Cyclist -1 -1 -5.8008 458.9351 143.2604 553.9688 239.4969 1.7613 0.4447 1.7891 -1.9285 1.0801 13.4521 -5.9377 0.0678
Cyclist -1 -1 -4.5906 570.3342 125.8620 618.2219 245.8389 2.0935 0.6907 1.7411 -0.2202 1.1405 13.2403 -4.6047 0.0676
Pedestrian -1 -1 -7.2706 397.6640 180.5335 458.9218 287.0660 1.3644 0.5663 0.5789 -2.3999 1.3652 9.4234 -7.5100 0.0670
Pedestrian -1 -1 -6.7070 561.7644 145.5776 573.0734 181.3448 1.7415 0.5285 0.3707 -1.8676 0.0413 34.7452 -6.7580 0.0663
Pedestrian -1 -1 -4.7811 432.7599 162.1019 466.8421 252.7645 1.5250 0.5401 0.5638 -2.7400 1.2159 12.2389 -4.9938 0.0654
Cyclist -1 -1 -6.2319 546.6222 136.0851 642.3109 242.2299 1.9300 0.6495 1.7461 -0.2303 1.1228 13.2120 -6.2469 0.0654
Cyclist -1 -1 -2.5175 351.4963 146.1113 388.6573 181.9347 1.7426 0.6134 1.7090 -11.6293 0.0700 34.9451 -2.8338 0.0630
Pedestrian -1 -1 -5.6303 295.1184 154.2032 308.3211 193.9848 1.6844 0.5225 0.2523 -12.9869 0.5712 30.2224 -6.0303 0.0623
Pedestrian -1 -1 -5.5319 314.1507 156.2386 346.7729 217.0235 1.5658 0.6381 0.4985 -7.2594 0.9412 18.6034 -5.8961 0.0613
Pedestrian -1 -1 -5.6635 328.6611 150.0966 341.5851 185.6184 1.6990 0.5504 0.3224 -13.0438 0.2450 34.1254 -6.0233 0.0611
Pedestrian -1 -1 -3.5691 301.4034 180.9254 354.8765 281.6419 1.3230 0.4094 0.5605 -3.8224 1.3294 9.6338 -3.9337 0.0609
Cyclist -1 -1 -7.0210 315.0382 154.6102 386.1005 228.9121 1.5583 0.4166 1.6138 -5.6409 1.0157 15.6376 -7.3586 0.0602
Cyclist -1 -1 -5.6985 338.0569 157.1712 448.2029 249.9646 1.5605 0.7198 1.7624 -3.7858 1.1685 12.4939 -5.9837 0.0598
Cyclist -1 -1 -6.0949 288.4444 143.4718 326.8250 179.9065 1.7469 0.5380 1.6468 -14.4528 -0.0290 34.3445 -6.4877 0.0593
Cyclist -1 -1 -4.3457 341.8709 147.6894 369.0429 187.9605 1.7139 0.5652 1.6404 -10.9220 0.3177 30.9207 -4.6799 0.0591
Cyclist -1 -1 -5.4479 244.9987 145.9411 280.6356 182.3808 1.7014 0.5331 1.6884 -16.2741 0.0880 33.5796 -5.8933 0.0587
Cyclist -1 -1 -5.3964 250.1816 168.6617 376.0824 291.1953 1.5507 0.6641 1.7102 -4.0469 1.4013 9.6511 -5.7800 0.0586
Pedestrian -1 -1 -6.9327 537.3987 143.6695 549.1095 177.5696 1.8591 0.5736 0.3765 -3.4355 -0.1636 39.1734 -7.0173 0.0581
Pedestrian -1 -1 -4.7088 324.0315 148.2055 342.2533 190.3821 1.7980 0.7284 0.6292 -11.7723 0.4215 30.5634 -5.0709 0.0580
Pedestrian -1 -1 -8.0564 528.0565 147.0335 543.1002 177.2335 1.7065 0.7242 0.7427 -3.9925 -0.1892 40.5135 -8.1517 0.0579
Cyclist -1 -1 -2.7516 368.0624 143.2083 401.2476 177.3231 1.8535 0.5750 1.6465 -12.1145 -0.1760 38.8436 -3.0494 0.0576
Cyclist -1 -1 -4.5919 409.2270 145.5148 424.2335 178.5092 1.7973 0.5979 1.7712 -10.5332 -0.1138 39.5439 -4.8481 0.0576
Pedestrian -1 -1 -3.9527 495.6876 146.2937 510.5901 178.6939 1.8065 0.6164 0.5592 -5.7569 -0.1028 39.8744 -4.0928 0.0567
Pedestrian -1 -1 -6.7966 236.2311 153.4015 250.7596 197.5210 1.7239 0.5444 0.2811 -14.2914 0.6653 27.8955 -7.2634 0.0567
Pedestrian -1 -1 -4.6804 371.2092 165.8000 402.9726 248.9582 1.4854 0.5385 0.4484 -4.0221 1.2232 12.9157 -4.9733 0.0565
Cyclist -1 -1 -5.9816 361.7149 156.0086 447.2886 223.9409 1.5651 0.7145 1.8111 -4.7517 1.0012 16.6751 -6.2521 0.0565
Pedestrian -1 -1 -2.8553 332.8810 148.5860 346.0951 184.3484 1.7117 0.5359 0.4634 -12.8320 0.1844 34.1239 -3.2098 0.0562
Pedestrian -1 -1 -4.1546 260.1755 196.2097 315.2002 298.8993 1.1501 0.3843 0.4900 -3.7581 1.3403 8.2722 -4.5647 0.0557
Pedestrian -1 -1 -7.7856 493.3478 145.5115 505.1458 177.6916 1.8070 0.6169 0.6683 -6.0107 -0.1607 40.1224 -7.9309 0.0554
Pedestrian -1 -1 -3.7988 568.6882 144.8560 589.6345 184.9541 1.7617 0.6827 0.6526 -1.1770 0.1959 31.5356 -3.8336 0.0553
Cyclist -1 -1 -6.1310 517.8322 143.3504 549.1247 176.3617 1.8571 0.6056 1.6982 -4.0745 -0.2373 40.2124 -6.2290 0.0551
Cyclist -1 -1 -4.8234 281.6560 162.6668 347.2286 301.4969 1.5360 0.5701 1.7223 -3.6640 1.3391 8.7158 -5.2065 0.0545
Cyclist -1 -1 -2.7030 476.7686 144.1935 510.6564 179.8851 1.8261 0.5771 1.6494 -5.7927 -0.0322 36.7014 -2.8560 0.0541
Cyclist -1 -1 -2.7390 476.3172 146.0456 509.6485 181.8184 1.8157 0.5834 1.5924 -5.7768 0.0671 36.3655 -2.8930 0.0536
Cyclist -1 -1 -4.6104 230.6216 152.7944 259.1346 220.8918 1.5931 0.4574 1.5506 -8.8616 0.9453 17.3476 -5.0732 0.0531
Cyclist -1 -1 -7.5745 312.4576 159.8012 370.4088 254.2615 1.5752 0.5032 1.7306 -4.7357 1.2304 12.6713 -7.9220 0.0530
Cyclist -1 -1 -6.1563 623.7418 152.6378 670.9311 198.2193 1.7003 0.6344 1.7224 1.5827 0.6612 26.8464 -6.0961 0.0530
Pedestrian -1 -1 -3.8822 357.2592 177.1519 418.1403 282.2350 1.3682 0.4949 0.6179 -2.9960 1.3250 9.5978 -4.1735 0.0530
Cyclist -1 -1 -2.7315 375.5864 143.3862 409.4482 176.5252 1.8094 0.6234 1.6864 -11.7646 -0.2221 39.1175 -3.0192 0.0527
Cyclist -1 -1 -7.0320 328.6829 155.3974 400.7165 231.9383 1.5827 0.4411 1.6168 -5.2597 1.0640 15.4348 -7.3521 0.0524
Cyclist -1 -1 -7.4533 335.9771 153.2862 385.7414 226.1686 1.5982 0.4696 1.6602 -5.6604 1.0018 16.3495 -7.7785 0.0517
Cyclist -1 -1 -7.3773 299.1552 157.0582 357.0348 240.2974 1.5892 0.3545 1.6767 -5.6335 1.1420 14.3520 -7.7418 0.0516
Pedestrian -1 -1 -5.3831 317.5964 155.3040 356.3815 227.0166 1.5614 0.6298 0.5104 -6.0280 1.0132 15.7961 -5.7388 0.0507
Cyclist -1 -1 -4.8515 427.4386 146.5768 442.7430 177.8368 1.7148 0.6153 1.6784 -9.5922 -0.1533 39.8321 -5.0839 0.0503
Cyclist -1 -1 -4.6602 432.8840 148.3104 443.6558 175.6763 1.6856 0.5721 1.6912 -10.5511 -0.3112 44.7445 -4.8881 0.0502
Cyclist -1 -1 -6.0777 295.8513 143.7338 333.3887 180.6219 1.7991 0.6164 1.6236 -14.3538 0.0061 34.9321 -6.4622 0.0501
Car -1 -1 -7.8858 435.2810 146.0921 464.7046 174.5301 1.6254 1.6460 4.0596 -9.5801 -0.3855 43.4934 -8.0989 0.1396
Car -1 -1 -7.3630 507.3974 144.1552 569.1450 175.4278 1.5601 1.6644 3.8930 -3.5448 -0.2882 38.0773 -7.4529 0.1289
Car -1 -1 -4.6333 414.9502 146.3453 451.9952 176.4249 1.5127 1.6161 4.0977 -9.2475 -0.2330 38.2893 -4.8662 0.1271
Car -1 -1 -6.1042 537.1865 148.8380 652.6011 188.5490 1.5350 1.6874 4.4260 -0.3977 0.3114 28.5315 -6.1158 0.1228
Car -1 -1 -4.7378 377.7484 147.6214 411.3692 177.8800 1.4680 1.5857 4.0699 -11.0283 -0.1445 36.8614 -5.0239 0.1159
Car -1 -1 -4.1978 108.6276 157.6796 277.8351 228.3739 1.4175 1.5628 3.9252 -9.2117 0.9603 16.1445 -4.7057 0.1086
Car -1 -1 -7.9307 403.7691 149.5044 434.5499 174.3445 1.5147 1.6653 3.8284 -12.1887 -0.4205 46.2277 -8.1846 0.1054
Car -1 -1 -7.4216 291.5284 145.9816 354.7095 176.2277 1.4333 1.5586 3.7089 -14.2662 -0.2285 35.9413 -7.7942 0.1024
Car -1 -1 -8.1012 354.0352 147.1398 400.9059 175.3459 1.4910 1.6307 3.9541 -13.0086 -0.3087 40.2569 -8.4092 0.0975
Car -1 -1 -7.8902 255.8730 139.6596 291.6757 170.0189 1.4872 1.6255 3.9469 -17.9612 -0.5982 38.2334 -8.3238 0.0834
Car -1 -1 -6.0078 294.4056 152.0896 405.1902 187.7464 1.5378 1.6906 4.3423 -11.3078 0.3127 31.4761 -6.3473 0.0817
Car -1 -1 -6.3463 486.4977 147.7019 559.7408 175.3736 1.5478 1.6686 4.1417 -4.8030 -0.3070 41.1724 -6.4593 0.0812
Car -1 -1 -6.2939 548.2216 149.4489 656.2791 184.5739 1.4728 1.6771 4.5358 -0.1505 0.1710 30.5160 -6.2966 0.0752
Car -1 -1 -7.4069 544.2856 145.9696 603.5253 176.6622 1.5178 1.6449 3.8279 -1.6081 -0.2151 37.5690 -7.4471 0.0661
Car -1 -1 -4.6814 216.7447 138.4557 253.7814 169.5667 1.4873 1.5943 4.0018 -19.5499 -0.6124 37.4622 -5.1565 0.0626
Car -1 -1 -5.5274 305.1153 155.9419 458.9791 215.3201 1.4320 1.5706 3.8321 -5.9199 0.8400 18.5981 -5.8285 0.0617
Car -1 -1 -7.3216 543.6665 146.0402 613.3976 177.6759 1.4204 1.6042 3.9088 -1.2356 -0.1449 34.2209 -7.3551 0.0592
Car -1 -1 -7.5476 248.8255 144.3410 308.6544 176.0788 1.4512 1.6069 3.7324 -16.0051 -0.2298 34.8217 -7.9727 0.0534
Car -1 -1 -3.8113 107.3625 150.6155 278.0213 210.5896 1.4576 1.5947 3.8445 -11.0956 0.7316 19.2651 -4.3246 0.0514
