Pedestrian -1 -1 -4.4942 464.4997 198.0771 494.0500 269.2052 1.4001 0.4782 0.5872 -2.7142 1.9249 14.7198 -4.6744 0.1061
Pedestrian -1 -1 -7.0727 0.0000 167.2872 61.6591 296.4096 1.8454 0.6696 0.4448 -8.5858 1.7655 10.5703 -7.7427 0.1043
Pedestrian -1 -1 -2.4475 546.1650 174.9427 578.4271 236.0651 1.9204 0.6245 0.8267 -1.5815 1.9887 23.1991 -2.5156 0.0796
Pedestrian -1 -1 -3.9313 0.0000 194.8421 77.1853 330.6666 1.5877 0.6148 0.6303 -7.1726 1.8691 8.8962 -4.5955 0.0751
Pedestrian -1 -1 -2.9036 738.0502 175.3375 748.6803 215.3940 2.0695 0.5632 0.4264 6.9237 2.2000 37.6638 -2.7239 0.0677
Pedestrian -1 -1 -5.9945 387.6669 159.6769 489.6362 350.4556 1.8882 0.5865 0.8956 -1.8102 1.7575 7.4595 -6.2261 0.0658
Pedestrian -1 -1 -3.4436 707.0477 178.7005 716.4556 208.4165 1.9168 0.6743 0.4247 6.6003 2.3008 47.0544 -3.3057 0.0619
Pedestrian -1 -1 -7.4994 362.7867 167.3270 400.6838 249.9991 1.9608 0.6801 0.6822 -5.5701 1.8294 17.4709 -7.8043 0.0617
Car -1 -1 -4.7939 680.1850 185.7694 710.6384 212.2816 1.6300 1.6926 4.0212 5.6518 2.5322 48.3835 -4.6789 0.0567
Pedestrian -1 -1 -4.9803 274.9105 177.3636 311.6245 267.7832 1.7827 0.4824 0.8460 -6.5346 1.8777 14.7547 -5.3912 0.0535
Cyclist -1 -1 -4.2798 472.0270 181.8441 523.5728 258.9172 1.7131 0.5509 1.6942 -2.6898 1.9373 17.1350 -4.4341 0.4439
Pedestrian -1 -1 -5.6760 585.8894 168.3779 597.9765 194.9885 1.9262 0.5361 0.7011 -1.3480 1.6019 52.6450 -5.7018 0.2755
Pedestrian -1 -1 -5.9590 571.2979 181.2434 587.7491 226.7626 1.8765 0.5150 0.5532 -1.3169 2.2310 30.1882 -6.0030 0.2041
Pedestrian -1 -1 -4.6836 377.8673 153.2925 437.7265 324.1978 1.9630 0.6689 0.7599 -2.4898 1.7380 8.7366 -4.9546 0.1760
Pedestrian -1 -1 -4.8164 462.6762 188.7163 493.8817 270.2837 1.5747 0.5362 0.8230 -2.7224 1.9053 14.5832 -4.9988 0.1719
Pedestrian -1 -1 -2.4310 561.3223 177.3397 584.6891 230.5412 1.9416 0.6150 0.6161 -1.4209 2.1108 26.8369 -2.4842 0.1693
Pedestrian -1 -1 -4.7604 511.3884 174.9564 540.3817 254.3593 1.8640 0.6530 0.8642 -2.0925 1.9159 17.4438 -4.8789 0.1449
Pedestrian -1 -1 -2.8402 687.5095 177.1418 698.6780 199.6807 1.9120 0.5551 0.8229 7.0919 2.2814 61.7878 -2.7269 0.1404
Pedestrian -1 -1 -5.2418 741.2379 182.4993 765.2417 227.4207 1.8383 0.6737 0.7981 5.9520 2.2485 30.2242 -5.0500 0.1403
Pedestrian -1 -1 -4.1631 469.6166 176.8459 511.5642 255.8986 1.8407 0.6517 0.8445 -2.9177 1.9393 17.3658 -4.3280 0.1334
Pedestrian -1 -1 -3.8595 738.0563 181.2590 757.7897 226.0946 1.8629 0.6125 0.5535 5.7917 2.2230 30.5353 -3.6746 0.1331
Pedestrian -1 -1 -6.2473 549.1837 178.1715 571.1434 236.4031 1.8419 0.6546 0.6837 -1.6468 2.0152 23.2232 -6.3181 0.1327
Pedestrian -1 -1 -8.5301 817.9761 176.7949 856.6368 246.5035 1.8966 0.6559 0.8283 6.3051 2.0094 20.1949 -8.2326 0.1301
Pedestrian -1 -1 -4.3667 894.3012 177.5216 943.8666 268.7701 1.7985 0.7771 0.6021 6.2660 1.8967 14.7549 -3.9733 0.1205
Pedestrian -1 -1 -4.0037 929.8709 175.7806 986.8475 283.3662 1.8010 0.5999 0.6698 5.9813 1.8531 12.5127 -3.5680 0.1204
Pedestrian -1 -1 -3.2780 695.6385 176.4229 700.7608 200.0752 1.8840 0.5450 0.3354 7.0415 2.1711 57.8325 -3.1579 0.1134
Pedestrian -1 -1 -7.7018 406.9672 171.3296 438.4521 253.1162 1.9351 0.6411 0.6794 -4.5708 1.8987 17.4418 -7.9551 0.1045
Pedestrian -1 -1 -3.3563 0.0000 145.3360 60.9381 298.3048 2.0053 0.6491 0.7214 -8.1593 1.6443 9.9434 -4.0305 0.1022
Pedestrian -1 -1 -4.9821 402.5567 152.4110 472.2967 325.7383 1.9579 0.5964 0.9023 -2.1473 1.7267 8.6897 -5.2187 0.0943
Pedestrian -1 -1 -5.9955 469.2853 184.8948 505.3629 256.2162 1.6269 0.4519 0.7312 -2.9066 1.9117 16.8167 -6.1649 0.0880
Pedestrian -1 -1 -6.0887 580.2854 180.1088 593.5552 218.7866 1.9426 0.6284 0.5654 -1.2121 2.3152 36.7287 -6.1222 0.0851
Pedestrian -1 -1 -4.6594 929.7882 176.9124 970.8910 285.4702 1.7837 0.6105 0.5914 5.7453 1.8548 12.2889 -4.2323 0.0804
Cyclist -1 -1 -6.4023 459.8878 178.1483 536.7811 255.4570 1.7636 0.6343 1.7343 -2.6979 1.8926 17.0744 -6.5575 0.0748
Pedestrian -1 -1 -4.4620 325.3715 169.9714 373.7246 266.8096 1.8929 0.7119 0.9234 -5.3056 1.8362 14.5964 -4.8055 0.0686
Pedestrian -1 -1 -7.4242 361.4964 167.6911 401.3589 250.3118 1.9574 0.7132 0.6509 -5.5753 1.8348 17.4614 -7.7295 0.0587
Pedestrian -1 -1 -5.6162 571.9310 179.1801 589.6125 222.6183 1.9673 0.6038 0.5598 -1.3860 2.2617 33.2059 -5.6583 0.0550
Cyclist -1 -1 -7.5995 458.3045 173.4558 494.0489 260.2054 1.8280 0.3611 1.7283 -3.0158 1.8419 16.0916 -7.7827 0.0550
Pedestrian -1 -1 -6.0772 452.4985 175.6550 494.6010 261.1905 1.8344 0.5843 0.8035 -3.0309 1.8966 15.7932 -6.2646 0.0530
Pedestrian -1 -1 -4.2245 286.5040 144.3208 386.5941 319.3511 1.9750 0.7459 0.9905 -3.3165 1.6527 8.6817 -4.5802 0.0530
Pedestrian -1 -1 -8.0547 524.0550 177.1591 558.5163 256.2984 1.8648 0.6687 0.8943 -1.7340 1.9726 17.5851 -8.1525 0.0519
Pedestrian -1 -1 -7.1058 695.3726 176.3200 704.9828 200.0007 1.8764 0.5073 0.5738 7.1798 2.1549 57.6634 -6.9830 0.0507
Car -1 -1 -4.6862 588.9691 189.5615 626.2115 225.6692 1.4638 1.6150 4.3109 -0.0996 2.2880 33.4351 -4.6899 0.8468
Car -1 -1 -5.1115 990.9689 158.0818 1241.0000 374.0000 1.7008 1.6618 4.4226 3.3805 1.6704 3.8281 -4.4266 0.1260
Car -1 -1 -4.6462 597.3629 178.5977 620.4009 199.8678 1.7000 1.6765 4.2030 -0.0868 2.2022 60.9812 -4.6481 0.0957
Car -1 -1 -4.9098 583.0242 178.5687 607.5424 195.9170 1.5655 1.5611 4.0606 -1.4518 2.1262 68.6803 -4.9313 0.0912
Car -1 -1 -4.8413 869.6721 188.9200 1039.5302 322.2783 1.4341 1.5782 3.9341 4.6514 1.7117 10.3758 -4.4315 0.0536
