Pedestrian -1 -1 -6.5183 1010.1248 131.5180 1139.8817 319.9240 1.9090 0.4924 1.0742 4.8751 1.4898 7.7094 -5.9723 0.2382
Pedestrian -1 -1 -3.2301 1029.5679 158.6631 1040.4178 216.0562 1.7997 0.4614 0.2532 13.4312 1.3544 22.8882 -2.7054 0.1700
Pedestrian -1 -1 -6.9005 392.4748 181.3765 408.7852 209.4888 1.5143 0.6014 0.6266 -11.5171 1.9864 39.5621 -7.1824 0.1258
Car -1 -1 -7.1975 142.7097 165.8629 210.9214 201.1126 2.1092 1.7006 3.7818 -27.0580 1.6906 45.1516 -7.7350 0.1191
Cyclist -1 -1 -7.8770 807.7573 169.9109 819.7149 202.6693 1.7008 0.5655 1.7053 10.7844 1.5477 38.3568 -7.6054 0.0812
Pedestrian -1 -1 -7.5815 934.3138 165.0018 967.0213 233.2860 1.7245 0.5826 0.7849 8.7855 1.5259 18.7100 -7.1491 0.0671
Car -1 -1 -4.7978 735.3428 173.6647 756.1918 190.2618 1.5420 1.6113 4.1649 13.0070 1.6220 69.3965 -4.6136 0.0654
Pedestrian -1 -1 -4.7954 677.9255 168.7281 692.8604 206.9769 1.8927 0.6692 0.9019 3.7337 1.6882 36.1615 -4.6939 0.0650
Pedestrian -1 -1 -4.7368 875.7434 164.3506 894.2007 216.5515 1.8279 0.5921 0.7263 9.7441 1.5298 25.7057 -4.3788 0.0621
Car -1 -1 -7.3786 1170.2566 141.4155 1241.0000 374.0000 1.5209 1.6252 4.1330 5.0758 1.4238 3.3229 -6.4275 0.0605
Car -1 -1 -4.6598 320.2680 180.7267 354.2875 209.2758 1.5031 1.6121 3.8488 -15.5656 1.9752 41.2133 -5.0191 0.0591
Car -1 -1 -7.6325 388.3964 173.6945 418.6023 192.7029 1.6386 1.7081 4.2332 -18.4521 1.7160 64.5525 -7.9101 0.0581
Car -1 -1 -4.2714 191.6680 178.6635 254.0497 205.6904 1.5125 1.6660 4.2051 -23.2505 1.8792 43.4394 -4.7605 0.0558
Car -1 -1 -4.9836 475.5680 174.6553 503.5555 191.9445 1.6003 1.6078 4.1246 -11.6424 1.7789 69.4532 -5.1494 0.0557
Car -1 -1 -4.4085 387.1490 177.9548 424.2007 198.5418 1.5123 1.6330 4.0426 -15.8515 1.9227 56.0591 -4.6832 0.0546
Pedestrian -1 -1 -6.2613 791.1621 163.6828 830.5472 235.3838 1.8198 0.5185 0.9701 5.1544 1.5867 18.6984 -5.9971 0.0528
Pedestrian -1 -1 -3.7939 1157.6847 151.7322 1235.3165 265.7807 1.6841 0.5739 0.7109 8.8263 1.3719 10.9460 -3.1288 0.1360
Pedestrian -1 -1 -3.4469 1028.1940 164.3923 1075.6123 250.2581 1.6823 0.4964 0.6892 8.7904 1.5162 14.4573 -2.9102 0.1170
Pedestrian -1 -1 -8.1524 1021.3319 166.7027 1057.7568 236.9984 1.6857 0.6008 0.6389 10.4651 1.5379 17.6814 -7.6258 0.0936
Pedestrian -1 -1 -4.1855 1133.4017 162.2585 1194.8506 272.3469 1.6619 0.5256 0.6172 8.5836 1.5016 11.2555 -3.5470 0.0685
Pedestrian -1 -1 -4.7707 1106.2820 169.6134 1138.8730 251.7956 1.5443 0.4739 0.5493 9.8241 1.4831 13.9160 -4.1664 0.0665
Pedestrian -1 -1 -7.5018 933.5153 165.3228 968.6362 233.3950 1.7197 0.5992 0.7701 8.7962 1.5291 18.7123 -7.0690 0.0617
Cyclist -1 -1 -3.3960 1068.0033 155.5110 1222.5161 271.8754 1.7279 0.6282 1.8481 8.2880 1.4701 11.3367 -2.7776 0.0612
Pedestrian -1 -1 -4.6994 1127.1241 156.1642 1171.0704 268.8040 1.7374 0.5509 0.6753 8.5789 1.4797 11.5646 -4.0738 0.0555
Pedestrian -1 -1 -3.8777 1118.8901 151.7855 1190.4594 263.3747 1.7801 0.5615 0.7568 8.8629 1.4437 11.8293 -3.2471 0.0522
Car -1 -1 -4.2026 187.1778 184.2830 267.3512 214.3570 1.3609 1.6278 4.4230 -19.3214 1.9753 36.5792 -4.6858 0.8725
Car -1 -1 -4.1533 110.1816 183.2243 200.7380 221.4906 1.4916 1.5234 3.7560 -19.4697 1.9643 31.0246 -4.7101 0.8626
Car -1 -1 -4.2648 264.8510 181.0878 323.3524 207.3650 1.4803 1.6522 4.1009 -19.2310 2.0062 44.0315 -4.6747 0.8236
Car -1 -1 -4.3632 344.8084 180.4152 383.8192 199.8652 1.3929 1.5509 3.9981 -18.7894 1.9927 55.2549 -4.6898 0.5813
Car -1 -1 -4.3108 317.4792 181.3953 362.8607 203.5317 1.4164 1.5459 3.8290 -18.5285 2.0265 49.6186 -4.6667 0.3141
Car -1 -1 -4.6074 372.1160 178.0859 396.4557 197.9351 1.5620 1.5234 3.9504 -18.7490 2.0116 59.9657 -4.9095 0.1757
Car -1 -1 -4.4140 483.9944 176.5976 511.7928 192.7006 1.4753 1.5383 3.9529 -10.7258 1.8444 69.1335 -4.5676 0.1294
Car -1 -1 -4.6716 409.5825 178.0381 432.3773 196.6757 1.4781 1.6837 4.2062 -15.8918 1.9300 60.7021 -4.9269 0.0844
Car -1 -1 -4.1070 129.0106 182.9575 213.5549 213.5100 1.4303 1.6246 4.2079 -22.6311 1.9832 37.3529 -4.6488 0.0734
