Car -1 -1 -8.1137 726.5915 188.5802 908.2607 327.3882 1.5383 1.5514 3.2203 2.6124 1.7909 9.9832 -7.8664 0.9612
Car -1 -1 -8.0497 666.3241 191.5607 776.9230 273.3894 1.4324 1.5887 3.6846 2.1888 1.8796 15.3776 -7.9121 0.9399
Car -1 -1 -4.6741 485.0695 187.4718 539.6566 241.6962 1.4646 1.5323 3.3757 -2.9846 1.9493 22.1867 -4.8071 0.6859
Pedestrian -1 -1 -5.1017 681.8417 165.6774 708.1345 219.0249 2.0706 0.7093 0.9885 3.3144 1.7917 28.5774 -4.9881 0.2942
Pedestrian -1 -1 -8.1380 709.0681 166.6332 735.0942 226.5002 2.0160 0.6873 0.7804 3.7883 1.8062 24.7303 -7.9885 0.2632
Cyclist -1 -1 -6.3660 447.6656 176.7479 490.7137 221.9588 1.8869 0.6475 1.7533 -6.0484 2.0556 30.7595 -6.5591 0.2200
Pedestrian -1 -1 -5.9046 682.6389 174.9826 692.2225 196.4098 1.8832 0.6486 0.6515 6.8396 2.0729 63.9414 -5.7990 0.2132
Car -1 -1 -8.0218 699.0443 171.8039 730.8945 198.3325 1.8700 1.6913 3.7497 7.6044 1.7957 52.7576 -7.8798 0.1972
Pedestrian -1 -1 -4.4777 190.3596 164.7605 239.8505 283.5205 1.8885 0.5933 0.5686 -6.5145 1.7595 11.8246 -4.9723 0.1865
Car -1 -1 -4.4057 597.1107 184.8853 628.1794 204.1515 1.5944 1.7506 3.6402 0.2440 2.6982 64.2111 -4.4025 0.1220
Pedestrian -1 -1 -5.3199 764.3616 159.5865 815.4869 253.1436 2.0255 0.6408 1.0230 3.9781 1.7379 16.2140 -5.0844 0.0968
Pedestrian -1 -1 -5.9092 433.7117 178.6385 455.6677 230.8242 1.7877 0.5506 0.5840 -5.7947 1.9912 25.1034 -6.1343 0.0876
Cyclist -1 -1 -8.1446 854.4186 180.1747 892.5805 252.5883 1.6429 0.3948 1.6363 6.2677 1.8271 17.3639 -7.8045 0.0845
Pedestrian -1 -1 -4.2226 862.8336 154.9229 940.6397 307.0986 1.9700 0.5845 1.0288 3.9521 1.7376 9.8980 -3.8541 0.0734
Pedestrian -1 -1 -4.7290 728.3235 159.3875 754.2957 234.4345 2.0945 0.7101 0.8910 3.6964 1.7183 20.6327 -4.5550 0.0730
Pedestrian -1 -1 -5.2370 1166.0238 161.2450 1241.0000 330.0591 1.8515 0.6198 0.7128 6.9091 1.7239 8.3125 -4.5617 0.0704
Pedestrian -1 -1 -5.0742 285.8073 168.6001 327.8489 264.2625 1.8703 0.5872 0.6593 -6.1670 1.7868 14.5478 -5.4692 0.0662
Pedestrian -1 -1 -5.9637 0.0000 157.4254 46.3439 286.8165 1.9414 0.6019 0.7357 -9.3927 1.7096 11.2384 -6.6483 0.0648
Car -1 -1 -4.9494 555.6874 175.3925 582.5756 194.0849 1.7326 1.6572 4.1633 -4.0011 1.9854 69.7181 -5.0069 0.0627
Pedestrian -1 -1 -4.7567 452.8032 182.0117 470.4175 226.7145 1.7440 0.6561 0.7089 -5.9599 2.1139 28.7472 -4.9599 0.0618
Pedestrian -1 -1 -2.2948 477.7285 176.4493 496.5701 214.5371 1.9736 0.7109 0.6716 -6.5025 2.1649 37.9672 -2.4638 0.0602
Cyclist -1 -1 -7.8138 511.6633 180.4684 519.3048 208.2704 1.6769 0.4081 1.5970 -5.8963 2.1577 44.7796 -7.9445 0.0566
Car -1 -1 -7.5311 490.4413 182.3495 536.7482 209.4721 1.6513 1.7222 4.4593 -6.3718 2.3127 47.9295 -7.6630 0.0552
Car -1 -1 -4.8016 705.3311 181.3627 736.4335 208.0602 1.5856 1.6118 3.8646 7.0064 2.1521 46.0908 -4.6523 0.0550
Cyclist -1 -1 -3.0564 461.1024 177.4892 497.1192 217.5866 1.8812 0.6220 1.6396 -6.2589 2.1040 34.3286 -3.2359 0.0518
Pedestrian -1 -1 -4.6135 342.6665 170.4859 375.5583 255.0456 1.9004 0.6352 0.8757 -5.8528 1.8469 16.7155 -4.9460 0.0517
Pedestrian -1 -1 -5.5871 256.0749 168.8795 312.5143 282.8537 1.8788 0.5322 0.6933 -5.5756 1.8130 12.2446 -6.0069 0.0509
Pedestrian -1 -1 -5.6523 5.8971 162.5213 53.1947 269.0435 1.8544 0.5064 0.4400 -10.3610 1.6742 12.8225 -6.3219 0.0508
Pedestrian -1 -1 -5.8767 663.4901 173.9138 678.1372 204.2518 1.8574 0.6429 0.7074 3.7300 1.9233 44.6554 -5.7944 0.0501
Cyclist -1 -1 -3.0020 709.5087 176.5210 744.1619 210.7548 1.8560 0.7063 1.8099 6.4167 2.0613 39.8504 -2.8441 0.3643
Cyclist -1 -1 -2.9292 565.3082 182.0205 592.4274 208.8968 1.7337 0.6195 1.6836 -2.0708 2.3399 47.2945 -2.9733 0.1370
Pedestrian -1 -1 -7.6956 473.5472 180.2427 489.2253 219.8277 1.8483 0.6478 0.5708 -6.1147 2.2001 34.0899 -7.8723 0.1266
Pedestrian -1 -1 -3.4655 966.7390 172.6118 1022.8724 287.5746 1.8514 0.5084 0.6881 6.2919 1.8472 11.9228 -2.9911 0.1110
Cyclist -1 -1 -3.0494 709.8473 178.1440 743.2023 210.8255 1.7956 0.6539 1.7905 6.4820 2.0952 40.3560 -2.8919 0.0886
Pedestrian -1 -1 -7.7121 642.6033 185.6024 664.0204 228.3240 1.4655 0.6679 0.6549 1.4800 1.9203 25.3692 -7.6553 0.0852
Cyclist -1 -1 -7.9261 722.5623 177.2016 734.1466 209.6647 1.7747 0.5127 1.7432 6.6109 2.0242 40.5741 -7.7663 0.0794
Cyclist -1 -1 -8.4140 564.8887 181.0810 585.5678 208.5551 1.7633 0.5641 1.6652 -2.3373 2.3161 47.6596 -8.4633 0.0729
Cyclist -1 -1 -7.7817 574.2312 182.8087 584.4059 208.9488 1.6781 0.5574 1.6580 -2.0595 2.3487 47.7936 -7.8250 0.0697
Cyclist -1 -1 -6.8177 577.3971 179.1943 605.3925 207.8646 1.8352 0.6955 1.7195 -1.2490 2.2569 47.2707 -6.8445 0.0646
Cyclist -1 -1 -8.4483 711.5764 178.9643 739.5254 211.6238 1.7619 0.6072 1.8430 6.3945 2.1106 40.2492 -8.2925 0.0626
Cyclist -1 -1 -4.4384 1155.8578 170.9980 1241.0000 343.2504 1.8052 0.6035 1.8838 6.9771 1.7854 8.3539 -3.7608 0.0607
Cyclist -1 -1 -4.7122 482.0510 180.8344 492.6824 214.7133 1.7265 0.5407 1.6432 -6.5028 2.1563 38.0292 -4.8810 0.0569
Pedestrian -1 -1 -7.2782 718.1346 178.5559 736.9929 212.9539 1.8573 0.7501 0.7240 6.4227 2.1744 39.6505 -7.1194 0.0522
Cyclist -1 -1 -7.7415 487.6624 181.2862 497.8603 214.6418 1.7107 0.3509 1.6627 -6.2510 2.1675 38.2691 -7.9029 0.0509
Car -1 -1 -4.4647 357.3332 185.6965 521.3798 303.1959 1.5566 1.6965 3.8532 -2.6624 1.8035 11.9382 -4.6805 0.9466
Car -1 -1 -7.7400 445.5835 186.4782 530.5566 260.6763 1.5147 1.5925 3.5152 -2.8497 1.8727 17.1830 -7.9027 0.8913
Car -1 -1 -7.9767 635.0576 185.1272 690.3228 228.5139 1.4470 1.6003 3.7172 1.8596 1.9390 27.0402 -7.9096 0.8568
Car -1 -1 -8.0535 653.7676 183.3468 727.4948 240.2615 1.5529 1.5710 3.4322 2.3408 1.9003 22.1284 -7.9504 0.8431
Car -1 -1 -8.3914 875.8452 204.1472 1241.0000 374.0000 1.4398 1.5188 4.0331 2.5674 1.6759 3.3858 -7.7848 0.8310
Car -1 -1 -4.5734 544.8079 179.7686 581.5130 212.6926 1.8288 1.6464 3.9987 -2.7780 2.2603 42.9973 -4.6381 0.8215
Car -1 -1 -4.5709 526.4429 186.0849 564.5933 216.7777 1.4512 1.5030 3.4123 -3.3342 2.1679 37.3605 -4.6599 0.7144
Car -1 -1 -7.9272 562.5197 183.9248 590.4150 208.2321 1.5154 1.5906 4.0729 -2.3481 2.2999 49.0302 -7.9754 0.2357
Car -1 -1 -5.3461 1204.5562 186.4555 1241.0000 374.0000 1.5315 1.6357 4.1453 7.1753 1.6880 6.1245 -4.5061 0.1734
Car -1 -1 -4.3946 575.3846 182.9955 610.2632 204.0408 1.5466 1.5859 4.0457 -1.3495 2.3819 57.2795 -4.4186 0.1667
Car -1 -1 -7.8352 475.1112 186.5226 504.8647 216.4607 1.4811 1.5307 3.7879 -6.5689 2.2666 39.4944 -7.9995 0.1243
Car -1 -1 -7.9135 536.6041 182.9414 566.0735 208.1279 1.5285 1.6885 4.1884 -3.9540 2.2263 47.7383 -7.9962 0.0659
Car -1 -1 -7.8926 715.0325 181.7825 744.6965 211.3135 1.5650 1.5340 2.3562 6.6255 2.0786 40.2657 -7.7313 0.0532
