Pedestrian -1 -1 -2.8713 530.4223 175.3831 541.7357 196.7185 1.8070 0.5012 0.8569 -6.3243 2.0234 61.5040 -2.9738 0.1279
Pedestrian -1 -1 -2.1963 354.6368 166.0125 385.7550 217.3475 1.9283 0.6472 1.0386 -9.2420 1.6710 27.6690 -2.5162 0.1186
Pedestrian -1 -1 -4.4405 74.1500 192.1203 96.3954 235.7290 1.3890 0.4664 0.5130 -17.1967 2.0272 23.5878 -5.0652 0.0979
Cyclist -1 -1 -6.5308 307.2339 166.1432 347.5536 202.6688 1.8482 0.6878 1.8297 -14.6497 1.5083 37.3203 -6.9027 0.0909
Pedestrian -1 -1 -4.3725 448.5264 168.9981 461.8183 202.4560 1.9539 0.5782 0.6620 -9.1536 1.7284 42.5017 -4.5837 0.0897
Pedestrian -1 -1 -3.6424 692.3099 166.5113 707.1559 192.5697 1.8789 0.5062 0.9433 6.4902 1.4213 52.4344 -3.5203 0.0817
Pedestrian -1 -1 -4.5634 71.6534 160.6409 116.1512 271.4660 1.8637 0.5214 0.7475 -9.0419 1.6580 12.5845 -5.1766 0.0763
Car -1 -1 -8.3481 934.1744 165.3341 975.1761 189.5860 2.0557 1.7223 3.5954 30.0210 1.4180 62.9992 -7.9054 0.0712
Pedestrian -1 -1 -3.4255 735.0914 170.9230 744.5991 190.4382 1.7681 0.5052 0.7390 11.7930 1.5929 65.6632 -3.2489 0.0666
Car -1 -1 -7.9365 739.4843 169.0466 762.4630 192.1160 2.0924 1.7564 4.2931 13.1656 1.7468 67.6733 -7.7455 0.0642
Pedestrian -1 -1 -6.3262 673.5212 169.1371 683.9332 188.8974 1.8403 0.4797 0.9486 6.4030 1.4939 67.4628 -6.2323 0.0627
Car -1 -1 -5.3091 889.1793 169.8945 947.1554 194.5778 1.5521 1.5940 3.8682 20.1509 1.3657 47.4223 -4.9098 0.0580
Car -1 -1 -4.4253 602.8099 177.7345 637.2304 197.6743 1.4544 1.5989 3.9990 0.7871 1.8462 55.8257 -4.4117 0.0565
Car -1 -1 -7.5544 331.9741 166.3998 376.6515 192.3291 1.5544 1.5913 3.7648 -15.9807 1.1672 45.1662 -7.8928 0.0561
Car -1 -1 -4.3890 393.8906 179.0990 452.4922 210.7802 1.4818 1.6435 4.1651 -9.4667 1.8179 36.7277 -4.6399 0.0559
Car -1 -1 -7.9994 690.5624 170.1998 715.4371 190.6827 1.8962 1.7434 4.3053 8.8322 1.6502 68.9660 -7.8729 0.0531
Pedestrian -1 -1 -5.0303 264.7721 164.4483 279.4594 196.6665 1.8058 0.5810 0.6470 -19.1790 1.3343 40.8757 -5.4668 0.0506
Cyclist -1 -1 -8.2358 781.5612 167.8208 805.4199 205.5718 1.7229 0.4508 1.7688 8.5494 1.4929 33.8369 -7.9908 0.7399
Cyclist -1 -1 -8.1506 763.0068 170.5850 781.0812 203.0777 1.7206 0.4621 1.7368 8.7303 1.6001 39.0914 -7.9329 0.5538
Pedestrian -1 -1 -3.8538 721.4724 165.2870 744.5289 202.8484 1.9159 0.6125 1.0255 6.3247 1.5296 37.3318 -3.6878 0.2287
Pedestrian -1 -1 -5.5003 5.6657 167.3071 42.4156 226.6837 1.7960 0.6485 0.5919 -18.0518 1.6279 22.1779 -6.1777 0.1844
Pedestrian -1 -1 -7.3940 118.3559 175.3935 150.4884 232.3496 1.7385 0.6182 0.6268 -14.8068 1.8183 22.4028 -7.9728 0.1412
Cyclist -1 -1 -2.9451 901.5093 161.8122 948.4168 205.4404 1.8208 0.7206 1.7356 13.4393 1.3597 30.9014 -2.5387 0.1334
Cyclist -1 -1 -5.1742 772.0799 174.0184 789.4760 198.8802 1.5541 0.4814 1.4431 10.8297 1.6292 45.9325 -4.9445 0.1216
Pedestrian -1 -1 -7.4733 211.3945 172.3272 238.4534 218.1405 1.8112 0.7313 0.7475 -15.4797 1.7901 28.9362 -7.9609 0.0711
Pedestrian -1 -1 -7.9478 902.8405 165.5355 920.9294 208.0534 1.7654 0.6439 0.6130 12.6481 1.4612 30.3463 -7.5568 0.0695
Cyclist -1 -1 -8.0806 778.2214 173.6226 788.5968 197.9957 1.5377 0.3451 1.3626 11.0761 1.5874 46.2480 -7.8474 0.0676
Cyclist -1 -1 -7.1079 0.0000 176.7272 57.2148 233.0904 1.6383 0.6135 1.7359 -17.9011 1.7607 21.9812 -7.7856 0.0669
Pedestrian -1 -1 -7.3283 142.8696 173.6853 176.9531 230.5604 1.7640 0.6194 0.7495 -14.2448 1.7904 22.7730 -7.8823 0.0653
Cyclist -1 -1 -8.2047 771.0403 171.8451 785.6187 197.2591 1.6123 0.4026 1.5540 10.8232 1.5480 46.5700 -7.9781 0.0624
Pedestrian -1 -1 -5.9846 0.0000 170.6454 20.6047 229.6744 1.7460 0.5726 0.3580 -18.0830 1.6804 21.6755 -6.6740 0.0592
Pedestrian -1 -1 -8.6217 852.4289 161.9719 873.3899 203.2718 1.8514 0.6364 0.6338 11.4407 1.3633 32.7664 -8.2889 0.0578
Cyclist -1 -1 -5.9165 103.6017 170.9630 174.4476 230.6432 1.8022 0.6687 1.7070 -14.5743 1.7448 22.2913 -6.4903 0.0551
Cyclist -1 -1 -6.6668 853.7902 164.1134 897.2715 203.1315 1.7722 0.6711 1.7500 12.1443 1.3749 33.1390 -6.3188 0.0524
Pedestrian -1 -1 -8.6460 877.6422 161.6103 898.1849 202.9192 1.8383 0.6704 0.5519 12.4737 1.3376 32.4989 -8.2829 0.0502
Car -1 -1 -2.6613 121.9082 185.9522 330.1111 255.5264 1.4610 1.6145 3.8353 -8.5917 1.7706 16.2647 -3.1409 0.9217
Car -1 -1 -2.8376 356.4661 171.5819 471.2354 215.8431 1.8139 1.7944 4.3524 -8.2857 1.7615 30.5552 -3.1006 0.8875
Car -1 -1 -6.1932 465.3019 176.4106 521.6130 199.6241 1.5420 1.6388 3.6558 -7.9364 1.7887 49.1648 -6.3528 0.8688
Car -1 -1 -2.8340 196.7086 184.7557 379.3233 243.8114 1.4295 1.5449 4.0775 -8.3343 1.7561 18.8408 -3.2457 0.7021
Car -1 -1 -7.8507 606.4884 176.3668 623.7587 192.4305 1.4555 1.5833 3.4931 0.4648 1.7943 67.8980 -7.8443 0.4309
Car -1 -1 -3.5741 952.7522 164.2013 1006.4489 181.1213 1.4954 1.6050 3.9749 33.0602 0.7304 64.6484 -3.1034 0.2557
Car -1 -1 -4.2842 275.2083 181.3135 377.8961 232.6512 1.4770 1.5693 4.0095 -9.1336 1.7760 23.4823 -4.6517 0.2299
Car -1 -1 -4.7304 777.0309 170.4561 802.8646 194.5787 1.5106 1.5576 3.8072 11.7053 1.3602 47.2143 -4.4891 0.1441
Car -1 -1 -7.2873 122.3693 163.0224 207.1380 200.7643 1.4963 1.5337 3.2041 -18.6001 1.1062 30.2225 -7.8352 0.1349
Car -1 -1 -4.6196 368.3387 165.8036 397.3101 190.4553 1.6580 1.5899 3.7714 -15.9030 1.1835 50.5385 -4.9231 0.1272
Car -1 -1 -8.2595 893.7759 161.1367 932.0187 182.4258 1.9230 1.7317 4.2786 28.1851 0.8643 67.3249 -7.8647 0.1075
Car -1 -1 -6.4686 907.3790 165.5610 1024.3088 201.4498 1.4826 1.6513 4.2907 15.2166 1.1810 31.1650 -6.0184 0.0914
Car -1 -1 -7.4644 394.4401 164.2056 429.7090 184.5594 1.8132 1.7134 4.0638 -18.1885 1.0424 66.3977 -7.7309 0.0715
Car -1 -1 -4.4750 186.9771 180.9265 251.9724 219.5647 1.4268 1.5459 3.4212 -15.8012 1.7746 29.2666 -4.9666 0.0677
Car -1 -1 -8.2044 872.3986 159.5914 908.2005 183.0154 2.1254 1.6794 4.4949 26.2345 0.9217 67.7300 -7.8365 0.0663
Car -1 -1 -8.0211 760.7250 174.6180 799.9597 202.6373 1.4897 1.5331 3.6978 9.4706 1.5930 40.4923 -7.7934 0.0615
Car -1 -1 -7.5422 331.3471 165.2458 377.0881 192.2814 1.6208 1.5599 3.9596 -16.0144 1.1644 45.2565 -7.8807 0.0513
