Car -1 -1 -7.7865 648.6478 179.6546 686.5587 213.7162 1.4870 1.5609 3.4272 2.7170 1.8245 34.0316 -7.7081 0.9769
Car -1 -1 -4.3519 212.7347 186.5792 432.2380 313.9099 1.5269 1.6789 4.3316 -4.2276 1.7828 11.2946 -4.7031 0.9525
Car -1 -1 -4.4575 382.3937 186.1959 492.5623 258.9017 1.4565 1.5850 3.9321 -4.0091 1.8105 17.1716 -4.6842 0.9395
Car -1 -1 -6.9893 1078.8572 126.6568 1241.0000 227.0679 1.7017 1.7187 3.6035 10.8334 0.9185 13.1367 -6.3106 0.4323
Pedestrian -1 -1 -7.9202 251.9156 172.1440 276.0749 239.4359 1.8692 0.5720 0.7591 -9.8897 1.8492 20.5132 -8.3648 0.1863
Cyclist -1 -1 -6.3373 460.1129 174.9962 493.8264 206.2690 1.7791 0.7768 1.8777 -7.7335 1.9044 41.7266 -6.5199 0.1802
Pedestrian -1 -1 -6.2674 508.7760 172.9272 521.9235 200.3323 1.9187 0.5753 0.9104 -6.6995 1.9236 50.8575 -6.3981 0.1325
Pedestrian -1 -1 -2.2846 0.0000 177.0165 48.6388 308.5619 1.8151 0.6073 0.4786 -8.5725 1.8763 10.3187 -2.9653 0.1274
Car -1 -1 -3.4176 809.8141 165.9757 943.7147 212.3843 1.6543 1.7166 4.3437 9.7420 1.4088 26.7267 -3.0720 0.1014
Car -1 -1 -4.6564 324.5679 183.1946 352.7903 206.8202 1.5019 1.6008 4.0293 -18.7614 2.2480 49.9214 -5.0144 0.0911
Cyclist -1 -1 -4.2940 0.0000 189.4632 39.9027 356.1571 1.6473 0.4850 1.6352 -7.1735 1.8543 8.1533 -4.9995 0.0875
Car -1 -1 -8.1604 478.1107 172.8727 506.9778 191.8101 1.7257 1.5932 3.8341 -11.0885 1.7272 67.8239 -8.3221 0.0853
Pedestrian -1 -1 -3.3282 422.8622 170.8000 440.4828 211.4492 1.9448 0.7117 0.7098 -8.6912 1.8462 34.9921 -3.5703 0.0818
Pedestrian -1 -1 -5.0943 115.8629 175.1730 142.9918 225.7008 1.7931 0.7061 0.4315 -17.3976 1.8779 26.0562 -5.6785 0.0792
Car -1 -1 -4.7501 408.5653 183.2359 431.6150 204.6935 1.5244 1.5627 3.8833 -14.6256 2.3506 55.3613 -5.0075 0.0746
Pedestrian -1 -1 -7.9900 289.7253 173.9557 307.1203 214.1440 1.8623 0.6986 0.4190 -14.6440 1.9142 33.8159 -8.3961 0.0722
Cyclist -1 -1 -6.4626 447.5114 174.8862 475.0190 202.7473 1.8459 0.6786 1.7187 -10.0367 1.9841 48.5326 -6.6658 0.0720
Car -1 -1 -8.0122 760.1569 162.4901 785.5972 181.8251 1.7304 1.6502 4.1520 14.9974 0.8026 66.6987 -7.7922 0.0685
Pedestrian -1 -1 -5.4144 347.6366 172.2317 378.8613 228.0442 1.8095 0.6334 0.7646 -8.2062 1.7891 23.8618 -5.7427 0.0668
Pedestrian -1 -1 -5.9797 212.4423 174.8306 223.0557 218.4693 1.8453 0.4720 0.2686 -16.7806 1.9300 30.7913 -6.4753 0.0602
Car -1 -1 -7.3305 1174.6851 145.0136 1241.0000 374.0000 1.5011 1.6052 4.1194 5.1464 1.4105 3.3246 -6.3731 0.0600
Car -1 -1 -7.2221 1209.0582 136.1546 1241.0000 359.9117 1.5346 1.6224 4.2341 7.5525 1.2826 5.8706 -6.3362 0.0591
Car -1 -1 -4.6302 533.7935 178.5389 555.8137 195.4869 1.3678 1.5584 3.8609 -5.5491 1.8670 61.4671 -4.7202 0.0558
Pedestrian -1 -1 -7.5233 91.0156 178.1965 116.1438 227.4982 1.7384 0.6487 0.3717 -18.1265 1.9308 25.7667 -8.1317 0.0543
Cyclist -1 -1 -6.9470 689.9430 173.7263 726.0179 209.5205 1.7953 0.7011 1.7796 4.9857 1.8406 36.9795 -6.8146 0.0532
Pedestrian -1 -1 -4.5593 74.4508 164.1585 100.9710 224.8677 1.9177 0.6227 0.4758 -16.7955 1.6427 23.1454 -5.1817 0.0522
Car -1 -1 -4.7303 658.0500 173.5735 677.7807 193.3381 1.6510 1.6220 4.0689 4.9647 1.7151 62.5054 -4.6518 0.0514
Cyclist -1 -1 -5.7467 307.7171 178.2586 359.7274 222.1253 1.7061 0.7498 1.8039 -11.0323 1.9248 28.7161 -6.1108 0.4120
Pedestrian -1 -1 -4.6161 325.4277 179.9073 343.7996 222.8986 1.6828 0.6202 0.6998 -11.0315 1.9682 28.8006 -4.9792 0.1384
Pedestrian -1 -1 -7.9669 307.9233 169.8397 328.2863 219.6950 1.9625 0.6741 0.7735 -11.7396 1.8435 28.9028 -8.3499 0.1326
Pedestrian -1 -1 -6.1703 316.6492 172.1443 340.7197 220.7272 1.8842 0.7169 0.8076 -11.1226 1.8563 28.4323 -6.5404 0.0958
Cyclist -1 -1 -6.3021 330.1654 177.1172 377.8908 221.8281 1.7480 0.6854 1.7862 -10.3162 1.9226 28.9646 -6.6418 0.0699
Cyclist -1 -1 -7.4705 563.6157 180.9182 577.1602 205.1037 1.5858 0.3703 1.5220 -2.6949 2.1375 48.6092 -7.5261 0.0639
Cyclist -1 -1 -8.1664 716.9711 174.2234 740.6281 219.2127 1.6309 0.4252 1.5018 4.3846 1.6833 26.9783 -8.0076 0.0543
Cyclist -1 -1 -8.1334 320.7595 174.8253 343.5201 219.2834 1.7597 0.4219 1.6742 -11.3845 1.8420 29.4258 -8.4998 0.0519
Car -1 -1 -4.9056 734.5306 171.6924 819.3630 227.9510 1.5797 1.7073 4.4529 5.0268 1.5467 22.5052 -4.6893 0.9059
Car -1 -1 -6.9927 1075.1823 113.5302 1241.0000 219.5724 1.7995 1.7351 4.2399 11.0955 0.7925 13.1535 -6.3029 0.8657
Car -1 -1 -4.0703 0.0000 198.8237 241.0332 374.0000 1.5375 1.5845 3.9136 -4.3970 1.7929 5.1130 -4.7553 0.8350
Car -1 -1 -6.4497 729.8483 172.5786 852.9009 214.6727 1.5039 1.6107 4.2052 6.5930 1.4938 26.7342 -6.2110 0.8187
Car -1 -1 -4.5340 500.3398 184.6128 551.8793 222.9313 1.4151 1.4806 3.6387 -3.4284 1.9284 29.6522 -4.6488 0.8085
Car -1 -1 -4.4838 453.7211 181.9990 527.2026 234.4270 1.5156 1.5557 3.6496 -3.8320 1.8354 23.3849 -4.6451 0.7790
Car -1 -1 -4.6505 519.3284 182.0313 558.3163 215.7632 1.4707 1.6188 3.8728 -3.3906 1.9341 34.4927 -4.7483 0.5697
Car -1 -1 -2.5535 660.2748 178.9862 726.8661 206.1861 1.5014 1.6455 3.5735 4.8520 1.8767 42.4132 -2.4409 0.5392
Car -1 -1 -7.4530 657.6453 178.3739 710.9213 209.5995 1.5520 1.5833 3.5148 3.9639 1.8606 38.4627 -7.3516 0.4675
Car -1 -1 -8.0726 384.6923 183.1804 420.2625 206.0597 1.4796 1.5954 3.8668 -14.6217 2.2334 50.6167 -8.3528 0.3474
Car -1 -1 -8.1602 533.1754 180.0686 573.3813 204.3763 1.5480 1.6292 3.9148 -3.9518 2.0621 49.3280 -8.2401 0.2407
Car -1 -1 -3.9334 323.3795 184.5518 461.0494 238.8767 1.4230 1.5976 4.0929 -6.5590 1.8150 22.0198 -4.2201 0.1001
Car -1 -1 -4.7182 572.4675 176.4170 597.6506 201.1919 1.6282 1.6770 4.2479 -1.7822 1.8864 50.1965 -4.7540 0.0853
Car -1 -1 -4.7698 595.3596 176.5015 622.4727 201.4462 1.6340 1.6299 4.2467 -0.1457 1.8978 50.0686 -4.7732 0.0603
Car -1 -1 -4.1174 444.5782 180.9583 522.9241 217.0092 1.5223 1.6110 4.0276 -5.8405 1.9238 33.6084 -4.2886 0.0551
Car -1 -1 -5.6149 483.2497 181.3403 554.5176 207.8485 1.5221 1.7138 4.1892 -5.6597 2.0654 44.4059 -5.7414 0.0547
