Car -1 -1 -7.7368 489.9167 173.3289 540.7321 212.9418 1.5458 1.6764 3.5995 -3.6899 1.2662 29.3952 -7.8586 0.9633
Cyclist -1 -1 -7.2847 343.7470 176.1523 378.3584 219.0628 1.7199 0.4758 1.7607 -10.0995 1.5459 29.2511 -7.6122 0.8311
Cyclist -1 -1 -6.3439 712.1398 159.6180 751.4282 197.1741 1.7726 0.6499 1.8110 6.0280 0.7872 33.7990 -6.1672 0.7991
Cyclist -1 -1 -6.4646 652.9871 163.2736 688.6370 197.0102 1.7731 0.6363 1.7997 3.4738 0.8679 37.5560 -6.3713 0.6187
Cyclist -1 -1 -3.4470 568.1497 166.6587 597.8461 195.2178 1.7587 0.5503 1.7674 -1.3789 0.9064 44.0920 -3.4763 0.5170
Pedestrian -1 -1 -5.2145 404.6752 173.8661 438.0740 230.8466 1.6720 0.6799 0.7844 -5.5613 1.4777 21.2661 -5.4650 0.1841
Pedestrian -1 -1 -6.3879 44.9659 191.6135 75.2422 259.9716 1.6933 0.5480 0.5616 -13.9389 1.9832 18.0331 -7.0359 0.1830
Car -1 -1 -7.8724 1094.3977 152.7980 1120.8420 173.9132 1.6107 1.6663 4.2574 40.8829 -0.5570 57.5555 -7.2557 0.1576
Car -1 -1 -7.9123 520.5135 169.8029 540.5696 186.6680 1.5358 1.6384 4.2502 -7.0213 0.5616 66.6163 -8.0150 0.0989
Cyclist -1 -1 -8.0538 745.8707 155.8717 761.6087 198.9177 1.7432 0.3105 1.6791 6.1643 0.7461 29.4729 -7.8479 0.0875
Pedestrian -1 -1 -7.6616 1109.9482 151.7938 1126.3561 189.4259 1.7304 0.5496 0.4103 23.8205 0.4106 32.8526 -7.0371 0.0866
Pedestrian -1 -1 -2.0050 236.3066 181.6448 254.0721 219.9093 1.6695 0.5261 0.5320 -15.9223 1.7208 31.2419 -2.4706 0.0797
Car -1 -1 -8.3754 990.0884 150.6333 1039.9613 175.3651 2.0329 1.8026 4.3411 35.4249 -0.4603 61.1937 -7.8512 0.0785
Car -1 -1 -7.9104 1068.0955 149.1888 1095.8229 171.8407 1.7658 1.6784 4.1423 39.7809 -0.7499 59.0181 -7.3181 0.0769
Car -1 -1 -7.6020 1130.1490 145.6889 1183.0571 172.4880 1.5300 1.6041 4.0588 33.8442 -0.5126 43.3635 -6.9411 0.0674
Pedestrian -1 -1 -2.9343 96.2018 174.3259 133.8262 244.2391 2.0003 0.5313 0.8083 -14.3232 1.8239 20.6290 -3.5324 0.0668
Pedestrian -1 -1 -2.5392 189.2459 166.3413 206.2107 196.5268 1.8920 0.5222 0.7672 -25.7006 1.0046 44.6108 -3.0570 0.0647
Pedestrian -1 -1 -5.2460 137.0753 168.6301 154.9340 198.9360 1.8822 0.6748 0.7092 -28.8110 1.1451 44.3731 -5.8168 0.0614
Car -1 -1 -7.2182 1219.0605 125.4887 1223.0000 313.7226 1.4810 1.5561 4.0610 8.1942 1.0486 6.4475 -6.3362 0.0563
Cyclist -1 -1 -4.4870 367.0957 179.4587 377.1037 200.4983 1.6310 0.4146 1.5230 -18.2980 1.5503 55.5895 -4.8017 0.0559
Pedestrian -1 -1 -3.2650 1057.6925 128.2988 1154.3292 305.1836 1.7482 0.5095 0.7555 5.1510 1.2327 7.3855 -2.6740 0.0556
Car -1 -1 -7.3568 251.2730 168.2205 291.7202 186.6545 1.7541 1.7560 4.2827 -32.6831 0.5855 69.4708 -7.7930 0.0549
Car -1 -1 -8.0356 819.9759 151.3300 850.0284 174.9064 1.9995 1.7483 4.6647 20.6373 -0.5220 63.5447 -7.7212 0.0543
Car -1 -1 -7.3959 1195.4203 132.4158 1223.0000 369.0000 1.4791 1.5877 4.0903 5.2327 1.3295 3.2856 -6.4272 0.0526
Car -1 -1 -4.6882 429.0635 178.6237 451.8756 197.5917 1.4596 1.6727 3.8959 -13.1013 1.3152 56.4823 -4.9133 0.0511
Car -1 -1 -4.6294 562.4545 170.3125 586.4093 190.4888 1.6077 1.6531 3.8779 -2.4778 0.7959 58.3132 -4.6700 0.0502
Pedestrian -1 -1 -7.9991 434.9940 166.8264 452.3836 207.6367 1.9179 0.6864 0.9166 -7.7313 1.2755 33.7794 -8.2203 0.4332
Pedestrian -1 -1 -7.9913 1102.6206 132.6434 1131.9222 187.9617 1.8106 0.6762 0.8723 17.1156 0.2445 23.6858 -7.3701 0.3638
Pedestrian -1 -1 -5.0940 1161.7549 111.8227 1223.0000 218.1621 1.8677 0.6462 0.8486 10.7034 0.6619 12.9192 -4.4123 0.3098
Pedestrian -1 -1 -3.2182 980.8985 151.0236 1001.3661 208.2913 1.5847 0.5419 0.4616 10.8276 0.7693 19.9067 -2.7249 0.3042
Pedestrian -1 -1 -2.3703 328.3084 179.2701 347.6035 210.8260 1.7256 0.5968 0.8131 -14.7806 1.6585 39.1016 -2.7274 0.2848
Pedestrian -1 -1 -7.9594 980.3464 145.4528 1002.7882 191.8319 1.7078 0.6514 0.8264 14.4724 0.4175 26.5407 -7.4634 0.2720
Cyclist -1 -1 -6.5891 310.8567 179.1372 346.7097 212.0833 1.7596 0.6073 1.7180 -15.0619 1.6870 38.5368 -6.9573 0.2717
Cyclist -1 -1 -7.4966 754.4750 161.5241 771.9780 188.5540 1.6758 0.5091 1.7261 10.0034 0.4994 44.6984 -7.2761 0.2621
Pedestrian -1 -1 -3.9227 452.9822 166.0759 475.0395 204.0692 1.8686 0.6517 0.8756 -7.0591 1.1594 35.3204 -4.1165 0.2321
Cyclist -1 -1 -7.7775 946.5797 143.9641 968.1652 201.7896 1.7029 0.4709 1.7421 10.7835 0.6272 21.6914 -7.3201 0.2119
Cyclist -1 -1 -6.1514 802.4120 159.8435 837.9453 195.2337 1.7243 0.6021 1.6209 10.6488 0.7180 35.0587 -5.8573 0.1869
Pedestrian -1 -1 -3.0366 1017.7186 144.0422 1045.5514 211.3740 1.6959 0.5945 0.5588 10.9503 0.7779 18.2134 -2.5011 0.1803
Cyclist -1 -1 -3.5771 962.4994 146.7948 1016.0876 192.7603 1.6882 0.7022 1.6090 14.2846 0.4505 26.3656 -3.0838 0.1456
Pedestrian -1 -1 -3.6345 919.7319 149.3213 941.7716 202.9678 1.7568 0.5902 0.4346 10.7710 0.7360 23.4624 -3.2075 0.1449
Cyclist -1 -1 -7.6397 752.2153 160.5706 766.4578 188.1958 1.7190 0.5313 1.7189 9.7990 0.4790 44.8895 -7.4245 0.1408
Pedestrian -1 -1 -3.1520 865.0764 152.3589 880.0851 181.4234 1.7797 0.5502 0.8605 16.5260 0.0566 43.7003 -2.7910 0.1365
Cyclist -1 -1 -4.8808 1019.2106 140.1440 1056.0834 209.3400 1.6796 0.5047 1.7306 10.9865 0.7004 18.0602 -4.3402 0.1320
Cyclist -1 -1 -4.0280 1000.7812 141.2765 1072.6011 209.0741 1.6733 0.6611 1.6752 10.9753 0.7056 18.0458 -3.4876 0.1314
Cyclist -1 -1 -7.8214 752.9788 162.1571 760.9232 188.5987 1.6633 0.4456 1.6568 9.7410 0.5095 45.3338 -7.6094 0.1121
Cyclist -1 -1 -6.8007 872.3223 152.9016 904.5931 181.4245 1.7844 0.6300 1.8187 17.8971 0.0579 44.6694 -6.4202 0.1036
Pedestrian -1 -1 -5.8810 439.6584 171.2048 457.8902 206.1494 1.6976 0.5490 0.7153 -7.6807 1.2462 34.6845 -6.0953 0.1010
Pedestrian -1 -1 -4.0070 1088.3862 139.1736 1119.2133 191.6393 1.7547 0.6694 0.5339 16.9197 0.3728 24.0390 -3.3981 0.0983
Pedestrian -1 -1 -4.2697 1090.5699 139.2723 1121.6379 189.9796 1.7109 0.6722 0.6184 17.1864 0.3201 24.3008 -3.6585 0.0898
Cyclist -1 -1 -8.3751 987.4352 148.0319 1028.1997 194.7865 1.6716 0.5907 1.5801 14.7995 0.5110 26.0710 -7.8622 0.0883
Pedestrian -1 -1 -8.1192 987.0016 149.7351 1013.1489 195.5712 1.6726 0.7076 0.6093 14.5910 0.5502 26.1804 -7.6141 0.0882
Pedestrian -1 -1 -8.9445 984.6005 147.9427 1016.9881 208.0980 1.6417 0.6406 0.5565 10.9901 0.7535 19.7049 -8.4407 0.0856
Pedestrian -1 -1 -7.9883 1054.3893 143.8354 1090.2531 216.1387 1.6438 0.6324 0.4781 10.8040 0.8106 16.4253 -7.4135 0.0853
Pedestrian -1 -1 -2.2706 462.2893 166.3705 481.9818 202.7950 1.8146 0.6599 0.7347 -6.7289 1.1109 35.7123 -2.4535 0.0837
Cyclist -1 -1 -5.3297 991.0649 140.7507 1050.8549 209.4608 1.7149 0.4926 1.6140 10.7944 0.7232 18.4737 -4.8065 0.0834
Cyclist -1 -1 -8.5666 960.5849 146.3397 1022.0087 207.4123 1.6404 0.4916 1.7362 10.7947 0.7232 19.8920 -8.0742 0.0820
Pedestrian -1 -1 -8.6573 909.0301 148.3455 935.9479 203.6914 1.8064 0.6619 0.4926 10.4845 0.7572 23.4297 -8.2398 0.0817
Pedestrian -1 -1 -6.5822 946.6823 145.7088 978.2998 202.6738 1.7111 0.6437 0.7008 10.8828 0.6664 21.6132 -6.1198 0.0812
Cyclist -1 -1 -5.4065 804.4858 159.8264 833.6472 194.4939 1.6944 0.4835 1.5981 10.6821 0.6841 35.3878 -5.1140 0.0802
Cyclist -1 -1 -4.1599 1085.7032 135.5428 1137.2466 186.9980 1.7017 0.6183 1.7196 17.1632 0.2152 24.0043 -3.5437 0.0793
Cyclist -1 -1 -7.9625 1009.3678 139.4646 1043.0018 211.0235 1.6902 0.5166 1.7465 10.4224 0.7213 17.6025 -7.4340 0.0785
Pedestrian -1 -1 -5.4531 475.4620 170.4376 493.0789 201.0834 1.7322 0.6186 0.7965 -6.9196 1.1635 40.4531 -5.6195 0.0784
Cyclist -1 -1 -7.9571 958.1551 142.4067 984.7131 202.1618 1.7254 0.5231 1.7316 10.9940 0.6258 21.3175 -7.4851 0.0764
Pedestrian -1 -1 -7.1408 509.1310 163.7901 527.3303 200.6920 1.8835 0.6061 0.7269 -4.5022 1.0308 36.5598 -7.2605 0.0746
Cyclist -1 -1 -2.5321 459.9066 169.9083 490.7262 202.2358 1.8208 0.6253 1.6802 -7.4342 1.2243 40.4576 -2.7107 0.0724
Pedestrian -1 -1 -3.6580 287.6217 176.3228 307.3921 213.5869 1.8707 0.7033 0.6630 -15.6611 1.6612 35.9713 -4.0637 0.0687
Pedestrian -1 -1 -3.2804 898.9648 149.9967 920.8333 201.7300 1.8028 0.6472 0.6243 10.7568 0.7401 25.0334 -2.8773 0.0685
Cyclist -1 -1 -7.9677 923.3993 151.2854 944.9793 201.1418 1.6168 0.4727 1.5702 11.0104 0.6697 23.7483 -7.5368 0.0672
Cyclist -1 -1 -3.7775 1123.4084 113.7258 1223.0000 214.9882 1.8264 0.6328 1.8459 10.7305 0.6224 13.1060 -3.1014 0.0660
Cyclist -1 -1 -3.5627 948.6508 146.5671 981.9525 175.5492 1.8194 0.5799 1.8013 22.8325 -0.3162 44.8342 -3.0927 0.0659
Cyclist -1 -1 -7.5098 535.4806 173.0730 551.7435 199.5662 1.5924 0.4701 1.6279 -3.7633 1.1460 43.3437 -7.5940 0.0647
Cyclist -1 -1 -8.1269 861.9159 153.4141 878.8455 182.4910 1.7710 0.5422 1.7038 16.4724 0.1213 43.9354 -7.7688 0.0637
Cyclist -1 -1 -8.5242 981.6622 141.4790 1045.2297 209.3115 1.6738 0.5278 1.6098 10.4866 0.7113 18.2827 -8.0090 0.0635
Cyclist -1 -1 -3.3266 848.7578 152.3720 880.1662 181.7920 1.8119 0.6126 1.7504 16.1256 0.0797 43.9910 -2.9757 0.0620
Cyclist -1 -1 -5.1202 959.1004 148.1349 996.2298 192.7559 1.6262 0.6188 1.6660 13.9786 0.4469 26.6210 -4.6398 0.0617
Cyclist -1 -1 -3.4466 887.8095 149.2003 950.7745 201.2904 1.6948 0.8241 1.7434 10.3929 0.6767 23.5077 -3.0335 0.0602
Pedestrian -1 -1 -7.4171 925.5787 149.7901 954.8633 203.0144 1.7144 0.6805 0.5997 10.9766 0.7255 23.2277 -6.9791 0.0599
Cyclist -1 -1 -5.2128 894.2490 150.5194 936.6343 202.0083 1.6770 0.6140 1.5901 10.4145 0.7008 23.8486 -4.8041 0.0593
Cyclist -1 -1 -8.3187 936.7631 149.6067 954.5999 176.5267 1.6926 0.3804 1.5394 21.8880 -0.2597 45.4581 -7.8708 0.0587
Cyclist -1 -1 -6.2720 852.0515 153.4220 882.1924 182.8487 1.7822 0.6478 1.7233 16.0898 0.1423 43.4322 -5.9177 0.0587
Cyclist -1 -1 -3.5079 952.6321 145.4174 1027.9061 206.2745 1.6755 0.6553 1.7403 10.7819 0.7099 19.9007 -3.0162 0.0573
Pedestrian -1 -1 -5.9309 936.1776 144.7671 966.3004 203.6141 1.7595 0.6548 0.6420 10.5400 0.6914 21.5987 -5.4809 0.0568
Pedestrian -1 -1 -8.4247 978.8555 149.1648 1007.1264 195.3250 1.6807 0.6670 0.6514 14.2817 0.5400 26.0931 -7.9272 0.0554
Cyclist -1 -1 -5.2652 854.9079 153.4251 878.9708 182.3696 1.7551 0.5529 1.7593 16.2015 0.1135 43.7906 -4.9114 0.0551
Cyclist -1 -1 -7.0822 1101.3263 134.4144 1162.7830 187.7166 1.7367 0.6317 1.7038 17.4667 0.2354 23.4877 -6.4475 0.0537
Cyclist -1 -1 -8.4894 1004.9222 146.3336 1052.3079 193.5396 1.6420 0.5401 1.7228 15.2057 0.4538 25.4787 -7.9550 0.0526
Pedestrian -1 -1 -3.3900 1007.8536 142.3562 1046.9900 209.7751 1.7321 0.6177 0.7493 11.0406 0.7524 18.5662 -2.8592 0.0523
Cyclist -1 -1 -4.7599 507.8188 165.7431 523.1577 201.5147 1.7978 0.7067 1.6760 -4.6366 1.0563 36.4210 -4.8836 0.0520
Cyclist -1 -1 -8.6734 1111.9437 126.2528 1205.3765 208.7734 1.6998 0.4467 1.7690 12.0169 0.5827 15.4736 -8.0212 0.0517
Cyclist -1 -1 -3.7234 985.6998 139.2462 1038.3613 185.2442 1.7089 0.6165 1.6532 15.2896 0.1765 26.6282 -3.2055 0.0502
Car -1 -1 -7.2651 1125.7513 124.7065 1223.0000 201.1599 1.5282 1.6277 3.8582 13.5967 0.4133 15.4286 -6.5511 0.5849
Car -1 -1 -6.7853 936.8642 148.6420 1016.8688 173.6976 1.5702 1.6719 4.2986 23.9675 -0.4477 45.6663 -6.3030 0.3075
Car -1 -1 -5.2235 882.8379 149.0948 989.5432 197.9432 1.5685 1.6803 3.8478 11.3926 0.5604 24.6892 -4.7942 0.2621
Car -1 -1 -7.9765 818.5829 159.8447 853.4735 184.4673 1.5055 1.6434 3.9701 14.7563 0.2427 45.3376 -7.6621 0.2215
Car -1 -1 -8.1352 881.9540 155.4169 926.6138 180.2028 1.5348 1.6487 3.8615 19.3367 -0.0201 45.8447 -7.7367 0.1859
Car -1 -1 -7.7606 908.9649 151.4533 934.3951 171.3859 1.6028 1.6363 4.0038 27.3432 -0.8136 60.9628 -7.3390 0.1528
Car -1 -1 -7.6606 462.5492 174.5139 500.8915 200.9678 1.5062 1.5799 3.5858 -7.2972 1.1655 42.0701 -7.8293 0.1319
Car -1 -1 -6.0471 776.2014 162.9738 859.3801 190.1349 1.5328 1.7481 4.4189 12.5394 0.5439 41.7697 -5.7558 0.1029
Car -1 -1 -4.1629 269.5925 185.1299 338.2971 215.0201 1.5085 1.6330 3.8789 -16.2592 1.7731 38.3554 -4.5593 0.0921
Car -1 -1 -4.4985 366.2576 181.8609 410.4213 208.5123 1.5138 1.6487 4.3345 -12.9975 1.6002 42.6121 -4.7909 0.0839
Car -1 -1 -7.9978 429.0156 173.7374 470.3477 204.8979 1.6137 1.6532 4.0676 -8.5870 1.2636 38.8102 -8.2121 0.0796
Car -1 -1 -7.3860 1223.0000 111.8428 1223.0000 230.5087 1.5458 1.6394 4.2481 11.9380 0.6519 10.5666 -6.5529 0.0726
Car -1 -1 -4.9612 801.8364 158.6210 852.7684 189.6234 1.5307 1.6160 3.8762 11.5101 0.4506 36.8888 -4.6593 0.0665
Car -1 -1 -5.0639 852.8487 154.2832 929.1756 194.3371 1.5084 1.6106 3.8454 11.4247 0.5213 28.5705 -4.6855 0.0659
Car -1 -1 -7.3388 1215.1307 115.1003 1223.0000 207.8301 1.5098 1.6704 4.2206 13.5341 0.4454 12.8528 -6.5382 0.0568
Car -1 -1 -8.1406 741.3062 160.2360 780.8405 185.1514 1.5727 1.5577 3.6748 10.2141 0.2937 46.5172 -7.9241 0.0560
Car -1 -1 -6.1634 465.9671 171.8020 544.8463 200.4730 1.5003 1.6752 4.0098 -5.3012 1.0453 37.8699 -6.2995 0.0526
Car -1 -1 -8.1568 502.5595 172.2241 547.3238 198.3992 1.5564 1.6128 4.1797 -5.0711 1.0644 44.2784 -8.2683 0.0510
