Pedestrian -1 -1 -7.7403 949.5187 156.3273 966.1145 204.3492 1.8424 0.5421 0.3584 13.7985 0.8770 27.8557 -7.2891 0.2769
Pedestrian -1 -1 -5.6052 18.1357 154.5453 39.7534 207.5931 1.7995 0.5192 0.3269 -19.6502 0.8856 24.6284 -6.2783 0.1309
Pedestrian -1 -1 -3.7196 951.8494 133.9916 967.4590 174.8779 1.8792 0.5668 0.4030 16.6507 -0.3107 33.4219 -3.2653 0.1117
Car -1 -1 -7.2248 298.3634 175.0748 370.3137 209.1351 1.6026 1.6629 3.4154 -13.2005 1.3005 35.6662 -7.5819 0.0746
Pedestrian -1 -1 -5.9090 646.9678 169.6855 660.1102 194.5678 1.8877 0.5511 0.8617 4.0029 0.9913 54.9295 -5.8415 0.0709
Pedestrian -1 -1 -6.8857 414.3969 176.4872 430.9083 209.4117 1.7051 0.6426 0.5759 -9.3727 1.4457 37.6301 -7.1333 0.0707
Pedestrian -1 -1 -3.4882 494.6572 172.5366 510.5965 202.0312 1.7638 0.6163 0.7904 -5.9713 1.2278 43.4132 -3.6291 0.0605
Pedestrian -1 -1 -7.5284 369.9933 170.3524 389.5993 213.2986 1.9627 0.6334 0.8451 -10.2697 1.4535 33.2589 -7.8308 0.0585
Pedestrian -1 -1 -2.6709 503.2104 170.1527 518.3857 199.2983 1.9074 0.5048 0.8582 -5.9716 1.1648 47.3915 -2.8006 0.0584
Pedestrian -1 -1 -3.7047 847.9584 137.5018 861.2228 172.5914 1.8435 0.5709 0.4242 13.4655 -0.4780 38.2325 -3.3729 0.0577
Car -1 -1 -8.1078 849.6432 140.8404 906.8861 176.4803 1.5826 1.6455 3.6926 13.1540 -0.2533 34.3624 -7.7495 0.0532
Cyclist -1 -1 -4.3154 216.5382 153.4965 376.8258 373.0000 1.7444 0.5348 1.8164 -2.4637 1.5499 5.9195 -4.7009 0.7393
Pedestrian -1 -1 -3.6923 862.6405 163.5430 906.8503 243.1225 1.6767 0.5944 0.6726 6.0628 1.2989 15.4899 -3.3302 0.6954
Pedestrian -1 -1 -4.1558 166.9245 151.8659 294.8162 347.2884 1.8160 0.7435 0.9527 -3.7172 1.5413 7.1823 -4.6248 0.6824
Pedestrian -1 -1 -7.9907 831.0515 157.6464 872.0801 255.4457 1.7159 0.5922 0.7700 4.4837 1.2980 13.0355 -7.6709 0.6042
Pedestrian -1 -1 -5.2725 769.8676 163.4673 810.9761 235.9953 1.7411 0.6488 0.8035 4.6194 1.3087 17.7265 -5.0264 0.5973
Pedestrian -1 -1 -8.1567 711.6401 155.8761 798.8048 336.6566 1.6797 0.6323 0.7520 1.4445 1.4423 7.0840 -7.9686 0.5496
Pedestrian -1 -1 -2.5596 439.6278 174.0020 464.6771 215.2144 1.7712 0.6179 0.8740 -6.5226 1.4492 31.3183 -2.7684 0.5382
Pedestrian -1 -1 -5.7937 405.8657 173.0110 444.0124 237.0397 1.7141 0.6416 0.8072 -4.8531 1.4873 19.6391 -6.0382 0.5338
Pedestrian -1 -1 -6.1910 641.2653 172.5774 661.3088 208.4077 1.6971 0.5186 0.9154 2.3746 1.2747 34.3510 -6.1276 0.5336
Pedestrian -1 -1 -4.9770 650.9684 163.0414 741.0593 343.4662 1.6434 0.6609 0.8384 0.8482 1.4759 7.0079 -4.8670 0.4863
Pedestrian -1 -1 -8.1998 563.1152 171.2797 577.6489 203.2561 1.8914 0.6046 0.8754 -1.8615 1.2870 43.0092 -8.2479 0.4102
Pedestrian -1 -1 -7.8470 808.1478 162.4422 826.1238 218.6206 1.7999 0.5533 0.8816 7.0310 1.1897 23.5161 -7.5647 0.3647
Pedestrian -1 -1 -2.6349 625.6438 173.2447 640.4203 197.9931 1.7581 0.5180 0.9227 2.2777 1.1716 51.4906 -2.5959 0.3337
Pedestrian -1 -1 -3.7258 877.8498 148.9583 943.2043 273.0184 1.7707 0.5724 0.6807 4.5047 1.3069 10.5997 -3.3382 0.3166
Pedestrian -1 -1 -7.8634 712.5786 170.3791 737.5887 236.9949 1.6470 0.6083 0.6903 3.0813 1.3725 18.1465 -7.7029 0.2901
Pedestrian -1 -1 -3.0182 912.7826 140.1028 977.3769 281.5629 1.8523 0.5340 0.7460 4.6556 1.3109 9.8284 -2.5915 0.2529
Pedestrian -1 -1 -7.9869 673.3339 171.8246 686.4595 205.3549 1.7390 0.5901 0.7065 4.0984 1.2374 37.6165 -7.8842 0.2123
Pedestrian -1 -1 -7.0457 258.9649 191.7365 310.6759 282.3606 1.4068 0.5349 0.5449 -5.1461 1.5776 11.5854 -7.4610 0.2028
Pedestrian -1 -1 -5.8832 611.6638 172.8176 624.7368 196.0043 1.8556 0.5268 0.9221 1.3745 1.1606 57.9147 -5.8646 0.1992
Pedestrian -1 -1 -8.2026 747.9775 174.5132 790.6659 244.4240 1.5049 0.7400 0.6310 3.6515 1.3551 15.8239 -7.9847 0.1930
Pedestrian -1 -1 -8.7224 793.7208 166.8604 823.5888 220.4484 1.7154 0.5682 0.7460 6.7373 1.2472 23.4622 -8.4509 0.1881
Cyclist -1 -1 -5.1344 685.6726 173.4783 710.7251 212.9116 1.6561 0.4858 1.5057 4.1422 1.3195 30.9593 -5.0076 0.1816
Pedestrian -1 -1 -7.8611 784.8239 166.6576 803.5352 215.9512 1.7205 0.6295 0.6079 6.7972 1.2028 25.4432 -7.6077 0.1811
Pedestrian -1 -1 -3.6780 1073.2144 136.7548 1149.7373 274.1213 1.8452 0.5176 0.6927 6.9869 1.2448 9.9281 -3.0824 0.1772
Cyclist -1 -1 -7.6278 576.5435 174.3875 593.8353 204.3994 1.7494 0.6574 1.7807 -0.9580 1.3349 42.8086 -7.6551 0.1762
Pedestrian -1 -1 -5.3278 163.8777 167.7253 220.4644 270.5919 1.8265 0.6454 0.6514 -7.5490 1.5826 13.1855 -5.8448 0.1717
Pedestrian -1 -1 -5.7628 112.4669 188.5710 165.1311 277.8926 1.4919 0.4463 0.6166 -7.9400 1.6156 12.2735 -6.3329 0.1632
Pedestrian -1 -1 -3.9418 1036.1733 152.3330 1146.1113 318.1068 1.6358 0.5709 0.7712 5.0158 1.3487 7.4538 -3.3711 0.1592
Pedestrian -1 -1 -6.5424 558.8499 175.5881 569.6213 197.3521 1.6841 0.7125 0.6761 -2.8837 1.2266 56.0300 -6.5985 0.1589
Pedestrian -1 -1 -3.5353 432.5930 175.9683 447.0822 216.0348 1.6725 0.5052 0.4347 -6.8390 1.4419 30.3179 -3.7604 0.1496
Pedestrian -1 -1 -3.7633 923.3417 147.3082 981.5195 260.9231 1.8057 0.5004 0.6906 5.6774 1.2629 11.7262 -3.3264 0.1441
Cyclist -1 -1 -4.3028 895.0222 169.4766 1092.9944 373.0000 1.5471 0.5667 1.7599 2.6554 1.4793 4.8730 -3.8320 0.1437
Cyclist -1 -1 -6.1590 72.7108 178.9090 208.9184 281.0174 1.6579 0.5724 1.9119 -7.8872 1.6164 12.3300 -6.7241 0.1361
Pedestrian -1 -1 -4.3091 109.3730 220.8358 155.4396 324.6785 1.1212 0.3057 0.3962 -5.3607 1.5799 8.1442 -4.8825 0.1248
Pedestrian -1 -1 -4.7463 242.7039 162.9623 278.0932 250.5131 1.8562 0.6719 0.8220 -7.5214 1.4638 15.7495 -5.1908 0.1172
Cyclist -1 -1 -6.9519 1062.9532 135.9478 1237.0000 333.6419 1.6757 0.7098 1.7570 5.1998 1.2903 6.4575 -6.2990 0.1152
Car -1 -1 -8.0736 709.3908 175.1730 796.2325 243.9045 1.4780 1.4340 2.4915 3.4100 1.3426 16.7120 -7.8807 0.1049
Cyclist -1 -1 -7.9450 567.8343 173.2650 581.3110 203.9132 1.7898 0.6317 1.8012 -1.6112 1.3090 42.8842 -7.9874 0.1038
Pedestrian -1 -1 -5.7126 574.0959 177.4793 589.3113 205.7204 1.6445 0.6096 0.6733 -1.1604 1.4105 42.2633 -5.7450 0.1001
Cyclist -1 -1 -7.1148 420.7608 175.5610 454.4616 216.1873 1.6851 0.4353 1.6072 -6.9827 1.4391 30.6026 -7.3424 0.0935
Cyclist -1 -1 -3.8837 124.2548 184.4280 233.2583 278.7150 1.5481 0.5228 1.7867 -7.5061 1.6046 12.7828 -4.4113 0.0934
Cyclist -1 -1 -7.4809 0.0000 149.5576 79.7328 309.9717 1.9305 0.6497 1.8349 -7.7775 1.5468 9.6174 -8.1533 0.0882
Pedestrian -1 -1 -7.6618 947.3195 162.1026 968.1511 214.0935 1.7203 0.5609 0.4116 11.9276 1.0789 24.1015 -7.2116 0.0875
Pedestrian -1 -1 -4.4486 820.4709 161.2925 844.0284 212.4411 1.7943 0.6328 0.7534 8.2314 1.0858 25.6863 -4.1465 0.0863
Cyclist -1 -1 -7.5091 0.0000 191.1116 82.5318 373.0000 1.5155 0.5920 1.6974 -5.1980 1.6115 6.2265 -8.1904 0.0844
Pedestrian -1 -1 -7.1581 676.5294 171.7727 694.0403 208.8419 1.7393 0.5766 0.5993 3.9705 1.2832 34.1201 -7.0482 0.0831
Pedestrian -1 -1 -3.3143 698.5353 164.3122 717.2066 201.8647 1.9635 0.6308 0.8750 5.6033 1.0650 37.8888 -3.1735 0.0820
Cyclist -1 -1 -7.6171 561.5603 175.8710 570.3119 197.4696 1.6780 0.3536 1.5034 -2.7713 1.2405 56.5779 -7.6708 0.0812
Cyclist -1 -1 -8.2444 705.4767 170.5226 727.1353 205.9552 1.6640 0.4343 1.6198 5.5061 1.1487 34.5736 -8.0927 0.0776
Cyclist -1 -1 -7.4322 407.0988 173.6908 453.5635 240.1326 1.7179 0.5634 1.7542 -4.6491 1.5165 19.4870 -7.6687 0.0764
Pedestrian -1 -1 -4.0057 689.0844 170.1582 709.7091 208.6556 1.7544 0.6334 0.7145 4.5155 1.2378 33.2103 -3.8767 0.0763
Pedestrian -1 -1 -2.8050 408.1582 190.9375 434.9413 243.4659 1.3398 0.5497 0.5273 -4.7194 1.5903 18.7259 -3.0540 0.0749
Cyclist -1 -1 -8.6953 761.7661 167.3853 810.2208 216.3611 1.6805 0.5703 1.7156 6.5130 1.1966 25.5181 -8.4530 0.0737
Pedestrian -1 -1 -7.7832 654.2109 173.2537 668.8937 209.3253 1.6906 0.6479 0.7532 2.8437 1.3044 34.0872 -7.7057 0.0704
Pedestrian -1 -1 -4.3628 947.3950 159.1515 974.0681 213.4147 1.7439 0.5973 0.6556 11.7410 1.0261 23.5284 -3.9094 0.0703
Cyclist -1 -1 -4.1083 425.5685 174.2899 456.9508 216.4043 1.7336 0.4917 1.5785 -6.7808 1.4371 30.3931 -4.3311 0.0696
Cyclist -1 -1 -7.3818 264.8595 179.1073 303.3685 235.4088 1.6522 0.3893 1.6062 -9.6800 1.5825 21.8929 -7.7990 0.0690
Cyclist -1 -1 -8.1009 695.3779 173.7166 714.5995 213.6461 1.6691 0.4592 1.4670 4.4109 1.3441 30.7816 -7.9649 0.0679
Pedestrian -1 -1 -5.3334 788.1583 172.4051 818.5211 222.0602 1.5745 0.5673 0.8271 6.5047 1.2865 23.2639 -5.0689 0.0669
Cyclist -1 -1 -5.8029 230.9661 184.1754 344.8590 282.5453 1.5485 0.5255 1.6348 -5.1106 1.5937 11.6436 -6.2139 0.0663
Pedestrian -1 -1 -7.5215 898.8647 157.6569 951.1004 277.0252 1.6490 0.5219 0.6094 4.6051 1.3203 10.3243 -7.1167 0.0639
Cyclist -1 -1 -7.4873 267.7316 183.0047 305.5039 240.0379 1.5678 0.4183 1.6951 -9.0583 1.6133 20.6475 -7.9014 0.0629
Pedestrian -1 -1 -4.1982 8.8400 230.5444 79.4153 356.7518 1.1039 0.3434 0.4500 -5.2544 1.5803 6.7209 -4.8490 0.0619
Cyclist -1 -1 -2.7515 671.5891 173.9257 712.1267 212.5787 1.6551 0.6532 1.6345 3.9386 1.3311 31.4428 -2.6331 0.0613
Pedestrian -1 -1 -4.8935 743.5441 161.7203 764.7979 209.1751 1.8857 0.6838 0.8850 6.1384 1.1001 28.9937 -4.6917 0.0612
Pedestrian -1 -1 -4.2891 1081.2469 154.5421 1134.0688 260.2430 1.6604 0.4913 0.6324 8.1696 1.2376 11.6588 -3.6937 0.0608
Pedestrian -1 -1 -3.3659 917.5765 166.2265 973.0402 275.8791 1.5789 0.4344 0.6535 5.0275 1.3596 10.6218 -2.9388 0.0604
Cyclist -1 -1 -3.5239 676.5236 170.8056 716.7686 209.0354 1.7502 0.5805 1.7662 4.4110 1.2609 33.3923 -3.3987 0.0598
Pedestrian -1 -1 -7.7635 851.2326 164.7937 872.0658 215.4548 1.7380 0.6334 0.6509 9.0586 1.1652 25.0705 -7.4253 0.0590
Pedestrian -1 -1 -5.7354 140.8779 190.6081 191.9408 277.3725 1.4578 0.4602 0.5994 -7.5149 1.6180 12.3498 -6.2783 0.0583
Cyclist -1 -1 -4.7315 460.8665 177.1806 472.6008 213.6378 1.6920 0.5096 1.5772 -6.4241 1.4918 34.1621 -4.9212 0.0578
Cyclist -1 -1 -2.5241 441.9513 175.3293 479.5065 212.6935 1.7407 0.6565 1.6777 -6.6941 1.4534 34.1063 -2.7216 0.0576
Cyclist -1 -1 -6.8614 78.5696 179.2174 190.6315 279.5323 1.6126 0.4517 1.6393 -8.0433 1.5765 12.3876 -7.4332 0.0569
Pedestrian -1 -1 -3.2745 697.2756 165.7139 705.4387 199.7251 1.8758 0.5030 0.3820 5.5408 1.0053 39.8705 -3.1423 0.0564
Cyclist -1 -1 -7.9193 690.8181 169.0208 701.6114 199.7936 1.7376 0.4960 1.6800 5.4562 1.0331 41.4139 -7.7941 0.0563
Pedestrian -1 -1 -8.0241 261.3818 183.3482 287.2608 240.8920 1.5918 0.5709 0.6023 -9.2814 1.6456 20.3071 -8.4533 0.0556
Cyclist -1 -1 -8.5645 857.6783 142.4332 964.2925 274.9041 1.7928 0.4003 1.7112 4.4642 1.2647 10.5961 -8.1799 0.0544
Cyclist -1 -1 -3.3053 701.9722 162.7851 768.4719 233.2784 1.7641 0.5990 1.5833 3.3557 1.2963 18.2838 -3.1316 0.0537
Pedestrian -1 -1 -4.7861 787.8326 167.9186 806.0319 219.7399 1.6802 0.5165 0.7700 6.4216 1.2403 23.7160 -4.5296 0.0528
Pedestrian -1 -1 -5.5932 574.2266 175.3558 589.4106 204.8908 1.7413 0.5749 0.6980 -1.1681 1.3792 42.7929 -5.6254 0.0526
Pedestrian -1 -1 -4.4943 99.5853 190.1652 143.8718 278.7440 1.4422 0.5164 0.5376 -8.1185 1.5930 12.1065 -5.0806 0.0514
Cyclist -1 -1 -8.4134 778.4449 163.2953 816.3969 212.3896 1.7146 0.5108 1.6537 7.0377 1.0792 25.9526 -8.1562 0.0508
Cyclist -1 -1 -6.1110 118.1386 174.7374 238.9926 271.8223 1.6667 0.5666 1.8021 -7.5952 1.5512 12.9116 -6.6394 0.0506
Cyclist -1 -1 -3.0217 683.8452 175.1058 722.1453 214.1330 1.6371 0.6518 1.5544 4.3182 1.3692 30.6425 -2.8880 0.0506
Pedestrian -1 -1 -8.5171 1095.6843 178.6064 1225.3751 352.5207 1.4281 0.6491 0.6021 4.7551 1.4051 6.2109 -7.8894 0.0505
Car -1 -1 -2.5637 144.7370 193.9156 366.0425 267.9036 1.3639 1.5245 3.8454 -6.9919 1.6341 14.5900 -3.0092 0.5152
Car -1 -1 -7.0189 1032.2014 151.5602 1237.0000 326.7101 1.4603 1.5593 4.0450 6.5058 1.2114 6.7782 -6.2784 0.4926
Car -1 -1 -5.7068 332.2730 183.9635 426.4994 217.1750 1.4694 1.6353 3.9114 -10.2875 1.5883 33.2915 -6.0095 0.3901
Car -1 -1 -4.1669 0.0000 205.6621 59.4920 373.0000 1.3843 1.4774 3.7705 -5.5225 1.6199 4.9676 -4.9854 0.3586
Car -1 -1 -4.7059 587.2628 173.0593 604.5309 189.2710 1.5154 1.6142 3.7534 -0.4922 0.7261 69.0269 -4.7179 0.2161
Car -1 -1 -7.6912 545.7821 175.1404 573.1094 196.3181 1.6395 1.6195 3.7377 -3.3084 1.1470 57.5514 -7.7534 0.1976
Car -1 -1 -7.3313 342.8738 156.8058 395.1130 185.3812 1.8238 1.6438 3.8014 -15.4229 0.2478 47.8765 -7.6462 0.1928
Car -1 -1 -4.5744 519.9534 167.7507 565.5579 205.8432 1.8991 1.8343 4.4406 -3.0483 1.2139 38.0793 -4.6588 0.1712
Car -1 -1 -2.1283 264.5543 164.8868 322.4455 192.4380 1.8837 1.6815 4.4321 -21.9008 0.7478 51.0644 -2.5365 0.1457
Car -1 -1 -2.5477 0.0000 193.7571 141.3739 301.2879 1.4055 1.5571 3.8425 -9.3018 1.6044 10.6180 -3.2605 0.1274
Car -1 -1 -6.3948 686.5680 170.5031 766.1080 199.0457 1.6082 1.6899 4.3475 7.1497 0.9887 41.4338 -6.2300 0.1204
Car -1 -1 -6.5543 688.3088 177.3761 785.5751 211.6680 1.4471 1.6110 3.8680 5.8450 1.2734 31.2953 -6.3762 0.1065
Car -1 -1 -4.8348 469.1988 178.6896 495.2381 200.3118 1.6649 1.5820 3.7685 -9.5240 1.4484 57.3441 -5.0037 0.1037
Car -1 -1 -8.0113 710.2807 176.2124 795.9235 244.5533 1.4718 1.4867 2.9801 3.4587 1.3585 16.9856 -7.8187 0.0895
Car -1 -1 -3.0756 578.7631 173.9448 639.2681 196.4373 1.6118 1.7368 4.3248 0.5984 1.0704 52.4994 -3.0692 0.0863
Car -1 -1 -5.5700 199.9512 192.8973 379.8264 255.8734 1.3519 1.5178 3.9110 -7.4797 1.6461 17.2014 -5.9801 0.0780
Car -1 -1 -5.0901 549.4304 171.1449 582.3673 188.2589 1.5951 1.6901 4.2845 -3.4236 0.6297 69.2529 -5.1442 0.0765
Car -1 -1 -5.1610 831.5389 132.8313 892.7291 164.2242 1.5619 1.6468 3.8975 14.4340 -1.0106 39.9988 -4.8213 0.0698
Car -1 -1 -4.3766 270.7681 188.9398 373.5780 244.1261 1.3687 1.5459 3.7400 -7.7574 1.5982 20.2189 -4.7439 0.0661
Car -1 -1 -6.8637 979.3671 161.3863 1237.0000 373.0000 1.4744 1.5419 4.0624 4.0795 1.4205 3.2471 -6.0094 0.0569
Car -1 -1 -4.7120 608.3365 173.8427 637.4272 202.1917 1.6551 1.6985 4.2402 1.3040 1.2082 44.0803 -4.6876 0.0557
Car -1 -1 -4.5825 618.2448 170.8082 640.5417 188.8911 1.7021 1.6689 4.0952 2.7845 0.6954 69.7732 -4.5477 0.0552
Car -1 -1 -7.7996 314.6944 155.0584 345.4457 182.3937 1.7284 1.7007 4.1017 -17.9396 0.0566 47.6331 -8.1627 0.0544
