Pedestrian -1 -1 -6.9951 502.1474 176.0081 514.0922 196.7571 1.6996 0.5053 0.8577 -8.4596 1.9626 59.7399 -7.1355 0.2847
Pedestrian -1 -1 -7.9935 228.9265 186.7722 253.5440 239.5333 1.5791 0.6026 0.5716 -11.4040 2.0152 22.2162 -8.4632 0.1087
Pedestrian -1 -1 -7.4659 1041.7173 161.4558 1078.8044 231.0220 1.8804 0.6565 0.7056 12.4148 1.5720 19.9769 -6.9170 0.0753
Pedestrian -1 -1 -7.8863 447.0731 174.6334 456.4645 199.2547 1.8140 0.6626 0.5794 -11.7796 1.9467 53.5753 -8.1021 0.0717
Car -1 -1 -8.4617 636.1109 173.2386 675.7497 190.7794 1.6266 1.7412 4.1344 4.3505 1.6643 69.2244 -8.3996 0.0689
Pedestrian -1 -1 -4.4541 1088.2637 155.8851 1104.3829 204.5064 1.9314 0.4839 0.2695 19.4555 1.2571 28.9329 -3.8671 0.0680
Pedestrian -1 -1 -3.2606 1124.2766 161.5227 1153.9618 231.1119 1.7942 0.5650 0.5616 13.8642 1.5017 18.9857 -2.6376 0.0605
Pedestrian -1 -1 -4.9219 1009.1171 155.5708 1038.0823 216.9286 1.9518 0.6447 0.8681 13.3913 1.4017 23.4629 -4.4091 0.0568
Pedestrian -1 -1 -6.3664 157.7157 185.3804 181.5155 246.8250 1.6294 0.5088 0.5141 -12.0360 1.9762 19.6364 -6.9106 0.0562
Car -1 -1 -5.9706 687.1971 172.9698 735.7108 189.4136 1.4881 1.5803 4.1733 9.3844 1.4988 66.9404 -5.8323 0.0554
Cyclist -1 -1 -8.3360 898.2292 165.1664 933.0280 211.8845 1.7511 0.5043 1.6911 11.7569 1.4627 27.9093 -7.9415 0.0532
Pedestrian -1 -1 -7.6599 473.2835 176.7516 483.4469 198.1573 1.6823 0.6552 0.7820 -10.4684 1.9934 57.2470 -7.8403 0.0527
Pedestrian -1 -1 -6.4419 25.1252 175.3880 76.7090 271.7718 1.7738 0.5400 0.7031 -10.6999 1.8233 13.7428 -7.0942 0.2202
Cyclist -1 -1 -6.5737 6.1052 182.2946 118.4994 272.4229 1.6038 0.4074 1.6643 -10.4816 1.7943 13.7937 -7.2143 0.1591
Cyclist -1 -1 -7.8638 650.6700 175.8678 656.9874 204.8276 1.5859 0.3339 1.6147 2.4189 1.7581 40.4965 -7.8051 0.1534
Cyclist -1 -1 -3.5852 641.9895 173.1310 672.1279 203.7379 1.6807 0.6239 1.5594 2.5849 1.6961 40.2109 -3.5219 0.1179
Cyclist -1 -1 -8.2071 640.8041 174.5045 657.2393 204.5758 1.6466 0.3749 1.6313 2.1411 1.7407 40.4349 -8.1551 0.1085
Cyclist -1 -1 -8.0027 488.8930 179.7178 499.2542 208.5948 1.5656 0.3578 1.4513 -6.5042 1.9550 40.2203 -8.1624 0.1083
Pedestrian -1 -1 -6.7649 645.4280 175.7521 661.1277 205.3909 1.6200 0.5808 0.6741 2.3552 1.7816 39.9193 -6.7070 0.0967
Pedestrian -1 -1 -3.3061 488.9048 178.8745 504.0793 207.8156 1.5780 0.6030 0.7400 -6.3184 1.9141 39.9127 -3.4625 0.0960
Cyclist -1 -1 -7.7834 493.1107 177.6705 503.0515 208.1414 1.6654 0.4484 1.4804 -6.3038 1.9401 40.4323 -7.9375 0.0702
Pedestrian -1 -1 -2.4817 53.7587 180.7949 104.2467 268.2224 1.6699 0.5195 0.6027 -10.4211 1.8277 14.0996 -3.1094 0.0658
Pedestrian -1 -1 -2.5786 7.4104 174.0354 65.6910 269.7943 1.7922 0.4986 0.7169 -11.0064 1.8150 13.7956 -3.2428 0.0620
Pedestrian -1 -1 -2.7345 0.0000 172.2947 56.9918 271.4252 1.8083 0.5332 0.7869 -11.0039 1.7978 13.5229 -3.4080 0.0615
Cyclist -1 -1 -7.8112 652.9960 174.8053 663.4997 204.5491 1.6514 0.5272 1.7201 2.7145 1.7645 41.0591 -7.7462 0.0602
Cyclist -1 -1 -8.3706 631.8123 172.4118 654.9648 204.4210 1.7488 0.5581 1.6250 1.8164 1.7244 40.2722 -8.3263 0.0544
Cyclist -1 -1 -4.8666 472.2735 177.3583 488.0885 216.5027 1.7101 0.4741 1.5030 -5.8952 1.9176 32.4918 -5.0452 0.0514
Car -1 -1 -7.9479 468.6505 180.5599 503.5836 208.4225 1.4751 1.6085 3.9691 -7.2035 1.9407 41.5008 -8.1192 0.2157
Car -1 -1 -6.1675 647.7642 173.6301 728.8541 202.7099 1.5515 1.7043 4.2891 4.3096 1.5955 39.8708 -6.0610 0.1792
Car -1 -1 -3.4715 381.7025 181.8427 492.6055 219.5733 1.4920 1.6908 4.3688 -7.5088 1.9052 31.3108 -3.7054 0.1299
Car -1 -1 -4.7503 721.5317 168.8514 741.3323 186.2733 1.6296 1.7204 4.1345 11.6728 1.2549 69.6515 -4.5852 0.1012
Car -1 -1 -4.6219 481.4499 179.0528 512.5422 203.8903 1.5376 1.6566 4.3548 -7.5033 1.9689 48.0057 -4.7765 0.0909
Car -1 -1 -4.8575 780.7347 165.9318 803.8953 183.1723 1.5835 1.5790 3.8209 17.1937 0.9474 68.2534 -4.6119 0.0874
Car -1 -1 -8.2716 598.9198 175.1335 655.3211 203.7538 1.5506 1.6535 4.2897 0.8893 1.6895 41.7565 -8.2509 0.0614
