Pedestrian -1 -1 -4.8571 723.3054 168.4687 760.1253 246.4260 1.7369 0.6972 0.8890 3.1650 1.4471 16.4614 -4.6755 0.8516
Pedestrian -1 -1 -2.9291 627.6603 165.4103 671.5118 256.2783 1.7899 0.7027 0.7631 0.9445 1.4736 14.5902 -2.8712 0.7779
Pedestrian -1 -1 -2.8278 612.6388 171.9720 630.6219 202.7418 1.8128 0.5942 0.9340 1.2039 1.2516 42.7556 -2.8049 0.3812
Pedestrian -1 -1 -7.7309 1191.3239 145.7379 1221.8584 213.4641 1.8210 0.5863 0.5247 16.5688 0.8600 19.7078 -7.0434 0.1574
Pedestrian -1 -1 -4.3034 335.7262 164.5760 351.7898 200.1306 1.8971 0.6390 0.5744 -13.8613 0.9942 38.6340 -4.6507 0.1493
Pedestrian -1 -1 -4.5372 611.3242 169.8769 622.3347 198.6114 1.8552 0.5972 0.7655 1.0118 1.1048 46.8114 -4.5207 0.1414
Pedestrian -1 -1 -4.1711 708.1882 160.4400 734.0709 209.5553 1.9688 0.6763 0.9069 4.8752 1.1249 29.3594 -4.0131 0.1361
Cyclist -1 -1 -2.0085 158.2417 174.6949 183.5533 205.6476 1.7536 0.5593 1.7491 -24.8289 1.3682 41.4158 -2.5508 0.1298
Pedestrian -1 -1 -6.3264 856.0017 147.4680 872.7208 193.4986 1.8898 0.7070 0.6172 10.9279 0.4929 29.9197 -5.9839 0.1111
Pedestrian -1 -1 -5.0044 78.1029 171.4646 104.0587 222.1024 1.8793 0.6586 0.5810 -19.2725 1.5072 27.0968 -5.6232 0.1092
Pedestrian -1 -1 -2.6274 462.1467 170.6102 480.9302 207.2332 1.9373 0.6254 0.7835 -6.9517 1.3614 38.4221 -2.8103 0.0994
Pedestrian -1 -1 -3.1917 361.0365 164.0355 375.0069 200.2380 1.9285 0.5603 0.6857 -12.5659 0.9984 38.6502 -3.5090 0.0980
Cyclist -1 -1 -7.6234 60.6445 178.1441 85.7618 220.3028 1.6392 0.4418 1.6810 -21.1755 1.5091 28.7894 -8.2583 0.0971
Car -1 -1 -7.2611 217.0131 173.8778 299.2910 213.2805 1.7400 1.5904 3.8923 -16.0443 1.4037 33.7635 -7.7068 0.0920
Car -1 -1 -4.8014 566.4622 173.7318 588.9438 191.9887 1.5686 1.6183 4.0560 -2.1078 0.9010 63.8342 -4.8392 0.0879
Pedestrian -1 -1 -7.3779 339.4843 172.5434 356.1151 212.0415 1.8679 0.5892 0.4912 -12.1044 1.4446 34.2540 -7.7203 0.0808
Pedestrian -1 -1 -6.2738 654.1262 169.7816 669.2552 198.6219 1.8492 0.5099 0.9674 3.8941 1.0979 46.3544 -6.1955 0.0792
Pedestrian -1 -1 -6.5334 971.2660 147.7750 995.0105 199.9026 1.7657 0.5843 0.5889 13.0837 0.6237 24.6824 -6.0553 0.0776
Car -1 -1 -4.3101 508.5977 171.5116 564.2171 205.0306 1.8061 1.6977 4.1051 -3.6410 1.2681 40.9201 -4.4033 0.0752
Pedestrian -1 -1 -3.0140 595.9633 173.5746 606.5010 196.0503 1.7595 0.5486 0.7688 0.0061 1.1389 56.5536 -3.0189 0.0751
Pedestrian -1 -1 -6.0896 680.9844 168.1595 698.0488 202.9965 1.8228 0.5914 0.8000 4.6536 1.1250 37.9900 -5.9736 0.0680
Car -1 -1 -7.8167 269.6983 171.0073 294.4058 194.1538 1.8504 1.7353 4.2784 -26.4942 1.0114 59.7346 -8.2375 0.0630
Car -1 -1 -4.6767 407.1229 179.3462 437.3775 207.3890 1.4801 1.5135 3.7426 -9.9151 1.3666 39.9012 -4.9238 0.0614
Cyclist -1 -1 -8.1085 689.0976 166.8078 709.5522 206.0982 1.7530 0.5049 1.6982 4.4611 1.0978 32.9238 -7.9799 0.0600
Pedestrian -1 -1 -7.9418 152.7924 175.8404 166.1200 205.4532 1.7141 0.6129 0.5909 -25.8435 1.3866 42.0005 -8.4957 0.0522
Pedestrian -1 -1 -4.9348 833.2488 152.4378 853.9385 198.6765 1.8948 0.6510 0.7871 10.0414 0.7042 29.8594 -4.6180 0.0519
Car -1 -1 -4.5518 493.0785 179.7363 540.0283 211.7661 1.4964 1.6722 4.2854 -4.1637 1.4143 35.7350 -4.6720 0.0507
Pedestrian -1 -1 -4.3270 162.8812 160.4556 288.7579 362.7359 1.7921 0.7594 0.9581 -3.6020 1.6064 6.8747 -4.8005 0.8925
Pedestrian -1 -1 -4.7313 855.9839 156.3065 953.0817 373.0000 1.7147 0.7164 0.8125 2.5019 1.5182 6.1297 -4.3645 0.8600
Pedestrian -1 -1 -4.1181 1115.2659 149.0815 1187.5582 258.2815 1.7898 0.5938 0.8748 9.2894 1.2591 12.1995 -3.4828 0.7201
Pedestrian -1 -1 -7.9866 437.4726 177.6222 461.7508 226.5374 1.7356 0.7444 0.8988 -5.5321 1.5984 26.0371 -8.1992 0.6918
Pedestrian -1 -1 -4.8776 909.2813 185.3031 1006.8840 340.6055 1.4647 0.7769 0.5666 3.4823 1.5053 7.1689 -4.4454 0.6869
Pedestrian -1 -1 -8.0078 761.7639 168.5672 851.7270 371.4250 1.6239 0.6131 0.7564 1.6811 1.5211 6.1563 -7.7580 0.6831
Pedestrian -1 -1 -3.4462 1099.1678 147.0381 1179.8129 269.9672 1.8400 0.5456 0.8722 8.2818 1.3248 11.1473 -2.8237 0.6241
Pedestrian -1 -1 -4.1737 898.4728 157.8830 949.2795 244.8549 1.7600 0.6073 0.8883 6.7124 1.2826 15.0421 -3.7657 0.5229
Pedestrian -1 -1 -3.5788 838.5759 160.5567 867.0685 210.0203 1.8319 0.6176 0.8225 9.4057 1.0567 26.9564 -3.2511 0.4129
Pedestrian -1 -1 -4.3165 537.4036 174.7311 560.9913 223.1372 1.7528 0.5896 0.8504 -1.9459 1.5081 26.5072 -4.3943 0.3766
Pedestrian -1 -1 -7.3660 423.7104 174.5900 449.2628 222.7625 1.7838 0.6700 0.7419 -6.2276 1.5283 27.0433 -7.5954 0.3398
Cyclist -1 -1 -5.2707 213.3491 176.9783 320.0116 299.8469 1.6646 0.5280 1.8032 -4.9335 1.6040 10.4434 -5.7082 0.3084
Pedestrian -1 -1 -8.3734 531.9373 183.7805 556.1690 226.2587 1.4955 0.6043 0.6865 -2.0867 1.5792 25.7932 -8.4586 0.2752
Pedestrian -1 -1 -7.4282 1028.9670 170.2919 1067.9315 248.5910 1.4744 0.4465 0.5756 8.5915 1.2640 13.8742 -6.8874 0.2594
Pedestrian -1 -1 -6.6995 460.8179 173.6119 474.6284 199.9620 1.7644 0.5992 0.7373 -9.0296 1.2362 48.5544 -6.8874 0.2342
Pedestrian -1 -1 -4.3693 523.4800 173.8461 545.9890 221.9104 1.7697 0.6340 0.7275 -2.5143 1.4883 26.8783 -4.4669 0.2314
Cyclist -1 -1 -7.9362 761.1420 170.4924 778.8718 215.6129 1.6589 0.5051 1.6547 6.3656 1.2546 27.2653 -7.7141 0.2183
Pedestrian -1 -1 -2.9292 236.2272 180.2095 288.3453 298.2475 1.6786 0.6083 0.5792 -5.0272 1.6609 10.5770 -3.3692 0.2086
Cyclist -1 -1 -4.5303 530.1315 173.5465 555.4193 224.8178 1.8221 0.6260 1.7806 -2.1678 1.5398 26.4440 -4.6165 0.1636
Pedestrian -1 -1 -4.1706 920.7239 155.4956 965.1411 232.1577 1.7626 0.5934 0.8667 8.0468 1.1652 17.0046 -3.7397 0.1553
Cyclist -1 -1 -7.8247 680.8265 173.9818 695.1019 216.5779 1.6695 0.5376 1.6294 3.4811 1.3752 28.9996 -7.7114 0.1502
Pedestrian -1 -1 -7.8953 336.8601 184.0920 353.8201 230.5141 1.7160 0.5665 0.8041 -9.6822 1.8158 27.0862 -8.2409 0.1435
Pedestrian -1 -1 -6.1526 1155.9205 165.0088 1194.5587 248.6849 1.5505 0.5549 0.5154 10.8928 1.2455 13.6887 -5.4949 0.1398
Cyclist -1 -1 -2.3143 360.0343 178.0098 408.8546 231.2319 1.7917 0.6029 1.7305 -7.5475 1.6746 24.8803 -2.6112 0.1251
Pedestrian -1 -1 -5.8722 461.6647 173.6851 471.3980 199.2678 1.7258 0.7451 0.3884 -9.1655 1.1986 48.8653 -6.0617 0.1228
Pedestrian -1 -1 -7.8525 335.1922 180.9663 353.0398 226.1242 1.7591 0.6574 0.6420 -10.1917 1.7386 28.3950 -8.1994 0.1212
Pedestrian -1 -1 -8.1189 1174.4751 143.7107 1221.4482 229.1591 1.7963 0.6204 0.6654 12.8432 1.0025 15.5301 -7.4413 0.1187
Pedestrian -1 -1 -2.6898 829.2462 164.3046 858.6085 226.1825 1.7624 0.6521 0.5871 7.0238 1.2731 20.8980 -2.3746 0.1157
Cyclist -1 -1 -5.5742 833.1211 163.2911 880.4722 209.9002 1.6916 0.5034 1.7623 9.5398 1.0311 26.9581 -5.2422 0.1138
Pedestrian -1 -1 -7.7846 706.0148 173.4586 724.7993 222.4845 1.6523 0.5883 0.8292 3.8938 1.3817 24.6777 -7.6349 0.1120
Pedestrian -1 -1 -5.3178 533.9991 179.2745 559.9901 224.1791 1.6016 0.6127 0.7669 -2.0046 1.5226 26.1107 -5.3989 0.1102
Cyclist -1 -1 -4.6001 341.8207 181.5347 359.1307 225.5432 1.7025 0.4875 1.5378 -10.0005 1.7043 28.5945 -4.9389 0.0949
Pedestrian -1 -1 -4.5558 1161.8347 115.0319 1186.3715 166.8450 1.7859 0.6073 0.5303 20.2159 -0.5258 25.3904 -3.8931 0.0948
Pedestrian -1 -1 -3.0300 754.9757 167.3968 777.6356 215.9219 1.8180 0.5784 0.7845 6.2491 1.2900 27.3135 -2.8123 0.0926
Pedestrian -1 -1 -6.0975 332.8735 173.9748 340.7550 218.7172 1.8760 0.4108 0.2423 -11.1936 1.5608 30.3411 -6.4533 0.0913
Pedestrian -1 -1 -6.0655 745.1222 165.5405 776.5793 221.2855 1.8378 0.5791 0.9322 5.3317 1.3121 24.1389 -5.8556 0.0897
Cyclist -1 -1 -3.3727 678.4800 176.9093 733.2241 227.7983 1.5856 0.6820 1.6025 3.2750 1.4430 22.7972 -3.2369 0.0867
Pedestrian -1 -1 -2.9172 642.5291 168.1106 667.7430 220.0300 1.8277 0.6168 0.7853 1.8996 1.3568 25.6962 -2.8494 0.0853
Pedestrian -1 -1 -5.1497 1065.6453 157.6595 1107.5922 239.1408 1.6869 0.5246 0.6019 10.2211 1.1939 15.2062 -4.5710 0.0818
Cyclist -1 -1 -8.1084 461.0457 174.4740 472.2008 198.5129 1.6221 0.3489 1.6161 -9.2432 1.1480 49.2771 -8.2978 0.0815
Cyclist -1 -1 -8.4922 832.0199 161.8791 875.4711 210.6394 1.7483 0.5492 1.7953 9.3299 1.0452 26.6946 -8.1641 0.0806
Pedestrian -1 -1 -7.8659 1097.1914 118.7905 1122.4425 173.7520 1.7976 0.6749 0.6934 17.0239 -0.2647 24.1043 -7.2609 0.0805
Cyclist -1 -1 -4.7594 1127.4384 113.0410 1148.9000 164.8173 1.7251 0.5062 1.7232 18.9003 -0.6082 25.3458 -4.1283 0.0768
Cyclist -1 -1 -2.6567 259.5609 186.2029 319.8473 240.9014 1.7174 0.6431 1.6631 -9.9992 1.8709 23.0011 -3.0681 0.0739
Pedestrian -1 -1 -6.3637 184.6997 170.0853 238.5249 291.8671 1.7584 0.5155 0.6704 -5.8926 1.5942 10.7708 -6.8599 0.0709
Pedestrian -1 -1 -8.5923 893.9171 170.4334 935.7251 246.3965 1.5086 0.5062 0.6007 6.3378 1.2894 14.6338 -8.1954 0.0698
Pedestrian -1 -1 -6.7034 335.9758 173.2372 345.8852 218.4219 1.8929 0.4541 0.2267 -11.0193 1.5471 30.3348 -7.0543 0.0678
Cyclist -1 -1 -3.8086 875.2764 156.3193 980.2775 245.3306 1.7403 0.6886 1.9471 6.5963 1.2485 14.6231 -3.3968 0.0672
Pedestrian -1 -1 -4.7468 998.7419 152.3599 1032.2152 233.8641 1.7777 0.6152 0.7316 9.2501 1.1427 16.1338 -4.2384 0.0663
Pedestrian -1 -1 -5.0647 693.3182 187.9524 714.2621 227.6907 1.2263 0.4704 0.6013 3.1910 1.4330 22.6233 -4.9315 0.0659
Pedestrian -1 -1 -3.4500 411.5543 172.4894 440.8693 223.5343 1.8893 0.6215 0.9281 -6.6321 1.5561 27.0946 -3.6931 0.0641
Pedestrian -1 -1 -4.0650 250.0463 206.2914 300.4561 302.8164 1.2800 0.4053 0.5218 -4.5711 1.6353 9.9783 -4.4906 0.0624
Cyclist -1 -1 -3.4416 995.2766 162.4846 1111.3145 250.9197 1.6454 0.5838 1.8025 8.6399 1.2922 13.8658 -2.8981 0.0620
Cyclist -1 -1 -8.1068 1176.8934 106.3457 1213.2582 162.0335 1.7195 0.4927 1.7091 19.5160 -0.6650 23.6756 -7.4275 0.0606
Pedestrian -1 -1 -4.6578 879.2942 151.3286 909.2629 230.0223 1.8511 0.6356 0.9417 7.0867 1.1419 17.4580 -4.2826 0.0600
Pedestrian -1 -1 -2.9514 205.4273 162.9440 270.4527 292.4529 1.8686 0.5479 0.7777 -5.4613 1.6015 10.7340 -3.4180 0.0594
Pedestrian -1 -1 -6.1720 750.4421 163.9985 777.4813 221.2012 1.8403 0.5203 0.8136 5.2883 1.2777 23.4863 -5.9581 0.0591
Pedestrian -1 -1 -5.0949 787.7097 165.8898 820.4012 229.1220 1.7484 0.5959 0.8858 5.6951 1.3173 20.3376 -4.8305 0.0587
Pedestrian -1 -1 -5.0591 653.0991 177.3938 674.5254 222.8225 1.5840 0.5556 0.6759 2.1809 1.4412 25.4453 -4.9797 0.0583
Cyclist -1 -1 -3.6421 1116.1140 162.7133 1237.0000 250.8003 1.6012 0.6952 1.8686 10.8871 1.2603 13.5506 -2.9799 0.0573
Cyclist -1 -1 -4.6352 389.7416 180.3091 409.1361 230.7831 1.7052 0.5333 1.6750 -7.0833 1.6653 25.1411 -4.9124 0.0570
Cyclist -1 -1 -7.9237 768.9306 168.0615 788.7075 214.4779 1.6959 0.5910 1.7092 6.6666 1.2053 27.1376 -7.6902 0.0568
Cyclist -1 -1 -7.7747 687.9141 170.2236 707.3990 216.9898 1.8100 0.6484 1.7668 3.8396 1.3740 28.7335 -7.6482 0.0561
Cyclist -1 -1 -4.7010 1138.5167 115.1851 1156.5781 164.7907 1.6507 0.4925 1.7513 19.2229 -0.6083 25.3203 -4.0613 0.0546
Pedestrian -1 -1 -4.4676 231.6589 185.9462 287.1476 299.9663 1.5475 0.5551 0.7092 -4.8802 1.6137 10.1830 -4.9104 0.0532
Pedestrian -1 -1 -7.4162 455.4054 173.8674 467.8526 199.7229 1.7500 0.6952 0.4804 -9.5133 1.2334 48.9347 -7.6122 0.0522
Pedestrian -1 -1 -5.8555 1082.6449 166.0676 1124.2245 243.7643 1.5552 0.5345 0.5295 10.2603 1.2469 14.7434 -5.2610 0.0517
Cyclist -1 -1 -2.1405 101.9381 186.7582 153.1190 237.5147 1.7272 0.6383 1.7825 -16.6734 1.9170 25.2312 -2.7250 0.0510
Cyclist -1 -1 -5.8289 1148.6359 144.0926 1237.0000 227.3192 1.7041 0.5050 1.7657 12.9869 0.9388 15.6152 -5.1484 0.0505
Pedestrian -1 -1 -3.8575 856.5282 151.6598 901.2260 231.3390 1.9095 0.6818 0.7655 6.7820 1.1949 17.6683 -3.5011 0.0501
Car -1 -1 -5.2451 211.3412 183.5266 320.8106 234.4009 1.6000 1.6698 3.8113 -11.4911 1.6745 24.4949 -5.6849 0.3736
Car -1 -1 -7.9625 598.7950 170.1534 621.4345 187.7690 1.5421 1.6045 3.9460 0.7875 0.5486 64.9290 -7.9553 0.1465
Car -1 -1 -7.7963 858.2737 178.4958 1002.2792 303.4153 1.4488 1.5850 3.9844 4.8011 1.4147 10.4659 -7.3811 0.1068
Car -1 -1 -4.5287 471.5537 167.8837 537.9641 221.5193 2.0021 1.8964 4.4415 -3.8326 1.4942 29.0777 -4.6638 0.1060
Car -1 -1 -7.0539 80.5384 188.9465 190.0334 229.4473 1.4248 1.5197 3.4860 -17.9619 1.7329 27.8257 -7.6280 0.1043
Car -1 -1 -7.8617 448.7102 172.5323 473.7794 197.7229 1.6915 1.6585 3.8327 -9.8242 1.0893 50.2790 -8.0586 0.0968
Car -1 -1 -4.7686 158.1968 179.8018 195.7590 209.9890 1.5085 1.4857 3.6972 -22.3974 1.4238 37.8434 -5.3050 0.0949
Car -1 -1 -4.7687 1114.8407 112.4531 1183.8304 162.4664 1.4613 1.6117 3.8101 18.6180 -0.7046 24.5719 -4.1301 0.0771
Car -1 -1 -7.8952 865.7659 173.6656 939.1841 234.6456 1.4631 1.5959 3.9249 7.9677 1.2756 19.3509 -7.5145 0.0670
Car -1 -1 -5.4660 1132.9266 111.2452 1237.0000 158.6557 1.4859 1.5941 3.8615 21.8359 -0.9026 26.4093 -4.7847 0.0523
