Cyclist -1 -1 -4.7554 797.7082 172.2132 822.5694 235.3850 1.9099 0.6656 1.8141 6.2517 1.8902 22.7721 -4.4915 0.0916
Cyclist -1 -1 -3.5110 1003.8250 173.8100 1055.8196 217.6588 1.8600 0.6746 1.8154 18.0333 1.9015 31.0968 -2.9901 0.0823
Car -1 -1 -4.6493 566.3682 177.1349 597.7095 205.1632 1.6817 1.7322 4.4375 -1.7771 1.9689 46.2148 -4.6880 0.0629
Pedestrian -1 -1 -4.8401 1107.3588 163.4432 1128.0680 207.2525 1.9894 0.6936 0.6938 23.3366 1.5618 33.2339 -4.2324 0.0626
Pedestrian -1 -1 -7.5738 1064.9436 166.9920 1087.4095 211.2024 1.9483 0.7451 0.4629 20.7784 1.6896 32.2291 -7.0057 0.0564
Pedestrian -1 -1 -8.3178 1026.7311 172.4273 1050.1641 219.6094 1.9164 0.6232 0.5991 17.5428 1.8988 29.6263 -7.7881 0.0559
Pedestrian -1 -1 -2.9753 317.9469 177.5313 328.5865 200.9828 1.8369 0.4948 0.7084 -22.6594 2.2078 56.9571 -3.3526 0.0554
Car -1 -1 -4.0480 0.0000 188.4623 66.4292 242.1720 1.4547 1.6758 4.3418 -19.8025 2.0001 23.0257 -4.7527 0.0553
Pedestrian -1 -1 -8.1881 1161.6460 177.4343 1192.6912 231.9457 1.7723 0.6436 0.6026 18.7402 1.9262 23.9119 -7.5299 0.0537
Car -1 -1 -7.9149 917.9689 175.9396 953.4392 203.5477 1.5602 1.6864 3.9618 19.5057 1.7547 43.4075 -7.4956 0.0525
Car -1 -1 -2.5828 244.0989 183.0594 314.5170 207.4768 1.5570 1.6918 3.9693 -22.0149 2.2515 48.0245 -3.0109 0.0515
Pedestrian -1 -1 -8.0199 1019.6218 159.6095 1041.8448 210.4141 1.8942 0.6121 0.7238 15.8939 1.4001 27.3471 -7.4985 0.0514
Cyclist -1 -1 -5.3894 864.7306 173.6572 893.1277 205.7563 1.7925 0.5582 1.7259 15.3215 1.8391 41.2453 -5.0365 0.0512
Cyclist -1 -1 -5.0217 877.2838 177.8680 896.6439 209.0063 1.7505 0.5036 1.8394 15.9939 2.0471 41.7948 -4.6591 0.3856
Pedestrian -1 -1 -5.2805 219.7103 179.7276 238.4803 211.4146 1.8489 0.7167 0.7080 -22.6277 2.2609 42.7981 -5.7646 0.3132
Pedestrian -1 -1 -3.7882 19.7969 179.2001 54.6531 228.2839 1.8892 0.6975 0.8196 -22.5679 2.1428 28.3822 -4.4555 0.2596
Cyclist -1 -1 -6.7117 1009.4866 175.8986 1062.6272 219.6023 1.8430 0.7105 1.8325 18.2062 1.9751 30.9337 -6.1845 0.2169
Cyclist -1 -1 -2.8870 54.1634 181.4711 107.3888 224.7660 1.7640 0.6978 1.6793 -22.2305 2.1328 30.2810 -3.5162 0.1669
Cyclist -1 -1 -7.9561 223.0855 180.2808 233.0229 210.2438 1.7467 0.3530 1.7447 -22.9580 2.2005 43.2944 -8.4414 0.1456
Cyclist -1 -1 -7.7948 227.5063 181.6315 237.0602 210.6731 1.6839 0.4013 1.7726 -22.6797 2.2208 43.2671 -8.2753 0.1353
Cyclist -1 -1 -5.5358 829.3073 178.1400 857.3259 205.2174 1.7246 0.6693 1.7558 15.2333 2.0773 47.2484 -5.2262 0.1167
Cyclist -1 -1 -6.9484 86.4260 178.6390 137.1270 222.5919 1.8056 0.6033 1.7910 -21.3081 2.0601 30.8349 -7.5492 0.1100
Cyclist -1 -1 -4.7394 220.3288 181.8474 230.6207 212.3955 1.7534 0.4943 1.7289 -22.8511 2.2975 42.8026 -5.2274 0.1040
Cyclist -1 -1 -8.2433 945.7097 176.2299 971.5516 213.5771 1.6945 0.4542 1.7402 16.2637 1.8564 33.7785 -7.7985 0.0843
Cyclist -1 -1 -5.9873 87.8051 176.0414 139.0968 220.8783 1.8769 0.6753 1.6834 -21.2595 2.0154 30.8590 -6.5867 0.0776
Cyclist -1 -1 -2.5594 205.5448 179.8627 240.0037 210.8107 1.7983 0.7022 1.6824 -22.8634 2.2155 42.5473 -3.0501 0.0681
Pedestrian -1 -1 -8.4288 905.5665 178.1624 924.0914 210.7591 1.8148 0.6985 0.6903 17.1551 2.1169 40.7032 -8.0331 0.0672
Cyclist -1 -1 -8.2502 953.6173 178.3985 981.4473 214.5593 1.6184 0.5165 1.7382 16.5147 1.8819 33.4471 -7.7956 0.0667
Pedestrian -1 -1 -4.9814 882.3138 178.3796 898.0453 210.2308 1.7951 0.6784 0.6786 15.9433 2.1129 41.1641 -4.6148 0.0662
Cyclist -1 -1 -7.5673 61.9543 183.4677 89.8990 225.5080 1.7031 0.5190 1.5815 -22.5895 2.1634 30.4815 -8.2011 0.0541
Cyclist -1 -1 -3.8502 70.1189 182.0006 113.7632 224.6178 1.7367 0.5139 1.5350 -21.9617 2.1339 30.5558 -4.4694 0.0527
Cyclist -1 -1 -7.3639 67.5844 185.5747 101.1617 226.6762 1.6629 0.4620 1.5644 -22.2417 2.2145 30.4975 -7.9901 0.0522
Car -1 -1 -7.8574 570.1893 180.4606 604.3218 214.0005 1.5235 1.5844 3.0571 -1.1534 1.9089 35.0367 -7.8907 0.9412
Car -1 -1 -7.7848 524.9751 181.2432 553.8169 206.0176 1.4583 1.5710 3.5150 -4.4469 2.0072 45.4565 -7.8823 0.8264
Car -1 -1 -4.2896 170.8873 186.4460 246.5720 219.6176 1.4727 1.6684 4.3223 -19.9859 2.1938 36.0747 -4.7927 0.1563
Car -1 -1 -7.8547 206.0976 184.8053 236.2908 211.7139 1.4984 1.5583 3.6233 -23.6756 2.2576 43.8877 -8.3471 0.1370
Car -1 -1 -7.2209 47.4431 188.0654 172.5037 230.3834 1.4522 1.7109 4.5543 -19.7548 2.1060 28.7226 -7.8192 0.1312
Car -1 -1 -5.5824 933.2017 179.4728 1032.9893 214.3748 1.5090 1.6132 4.1281 17.5602 1.8433 34.2519 -5.1126 0.0978
Car -1 -1 -6.3048 793.0107 181.0818 852.1144 203.6128 1.5949 1.6569 4.1325 15.6539 2.2186 53.3857 -6.0215 0.0901
Car -1 -1 -4.8079 1048.0723 183.8698 1099.7401 219.0642 1.4943 1.6750 3.6559 21.6833 2.0422 33.9015 -4.2434 0.0827
Car -1 -1 -4.5047 828.4736 180.1147 863.9906 204.8039 1.5581 1.5787 3.5830 15.9160 2.0666 48.6253 -4.1907 0.0712
Car -1 -1 -4.9025 854.0665 178.9211 888.5046 204.2514 1.6933 1.6026 3.7413 18.4447 2.1397 51.1501 -4.5588 0.0707
Car -1 -1 -6.7767 924.3025 178.9322 1004.9448 206.8565 1.5730 1.6609 3.8858 20.5400 1.9338 41.9514 -6.3247 0.0547
Car -1 -1 -7.9063 233.9377 181.4882 267.7410 209.7587 1.6128 1.6636 4.1437 -22.3320 2.1742 44.7283 -8.3673 0.0546
Car -1 -1 -4.1051 0.0000 190.1633 86.8360 241.4146 1.4371 1.6819 4.3854 -19.7532 2.0666 24.0025 -4.7884 0.0542
