Pedestrian -1 -1 -7.6042 771.0694 161.5609 796.0820 219.4546 1.9293 0.6524 0.8000 5.9424 1.1412 24.4616 -7.3689 0.1092
Pedestrian -1 -1 -6.5635 620.7789 170.6306 634.4789 199.1068 1.8552 0.5873 0.7662 1.2773 0.9051 47.2124 -6.5370 0.0889
Cyclist -1 -1 -7.5541 456.9659 173.8180 484.6240 214.9032 1.8244 0.7417 1.8078 -6.2818 1.3185 32.8612 -7.7419 0.0870
Car -1 -1 -2.6920 179.7829 172.2693 301.4473 211.3533 1.6647 1.7868 4.4214 -16.0743 1.1135 31.5527 -3.1600 0.0726
Car -1 -1 -8.0138 286.2110 169.4491 322.1240 198.9405 2.1526 1.8460 4.4062 -23.2092 1.0019 54.8270 -8.4128 0.0714
Car -1 -1 -8.0156 631.4109 179.6282 700.2578 230.0679 1.5407 1.6504 3.9352 1.8035 1.3702 23.9902 -7.9419 0.0712
Pedestrian -1 -1 -7.7710 616.9722 183.0084 639.3922 249.1759 1.5600 0.4951 0.5651 0.4447 1.5081 17.2555 -7.7461 0.0656
Pedestrian -1 -1 -3.8259 670.0693 172.6296 688.9470 214.8492 1.7940 0.5805 0.5695 3.0488 1.2594 30.9456 -3.7290 0.0655
Cyclist -1 -1 -4.5279 169.7268 173.3337 190.0651 215.1751 1.6600 0.4238 1.5992 -17.4937 1.1888 29.3437 -5.0617 0.0611
Pedestrian -1 -1 -7.9069 475.0378 173.0635 484.8926 199.8848 1.7533 0.6083 0.5909 -8.4444 0.9591 47.3473 -8.0828 0.0595
Cyclist -1 -1 -6.1844 501.1640 174.3657 529.1683 205.5625 1.7612 0.6354 1.5265 -5.2953 1.1488 40.9225 -6.3126 0.0571
Car -1 -1 -4.8663 615.0818 177.0293 649.1788 202.5426 1.5135 1.5539 3.7008 1.4419 1.0280 44.5743 -4.8346 0.0545
Car -1 -1 -6.6631 401.7504 182.3498 473.9109 208.2232 1.4906 1.6244 3.8963 -10.2180 1.3257 43.1987 -6.8944 0.0538
Car -1 -1 -2.5838 159.5186 161.8735 249.5359 190.7034 1.5133 1.6228 3.9658 -21.6646 0.2882 38.6435 -3.0919 0.0523
Car -1 -1 -4.6303 504.8853 177.6469 535.0673 201.6801 1.5456 1.6747 4.2399 -5.8878 1.0590 48.3803 -4.7511 0.0513
Car -1 -1 -4.9570 559.5731 177.4541 597.8444 200.9990 1.5129 1.6439 3.9974 -2.0234 1.0143 48.3389 -4.9990 0.0501
Car -1 -1 -7.5491 178.6376 190.2946 329.1212 273.4242 1.4070 1.5884 3.8101 -6.9348 1.5230 14.4062 -7.9907 0.9777
Car -1 -1 -7.9728 559.5457 178.2815 641.6631 247.3496 1.6103 1.6754 3.7510 -0.3344 1.4488 18.7322 -7.9909 0.9697
Car -1 -1 -7.8636 460.7841 179.6512 513.2155 227.3559 1.5595 1.7015 3.4190 -4.3129 1.3778 25.3329 -8.0309 0.9697
Car -1 -1 -7.6820 294.9982 184.7380 373.1557 234.0745 1.4194 1.5890 4.3568 -8.6655 1.4058 22.9693 -8.0393 0.9490
Car -1 -1 -7.7108 369.0658 182.0729 416.2074 213.0271 1.4029 1.5930 4.2108 -10.3713 1.2606 34.7782 -7.9989 0.9321
Car -1 -1 -7.3069 0.0000 197.9488 193.5231 375.0000 1.4761 1.5537 3.6860 -6.2893 1.6503 7.9081 -7.9625 0.8852
Car -1 -1 -7.7568 454.8420 181.3543 496.5316 213.3438 1.4395 1.6075 3.5962 -6.2670 1.2659 34.2068 -7.9370 0.6382
Car -1 -1 -7.7948 357.2593 177.6619 380.6789 198.5940 1.5905 1.5370 3.5996 -18.7743 1.0167 56.5574 -8.1143 0.6129
Car -1 -1 -7.5176 184.2038 182.2212 277.8959 232.2555 1.4904 1.5781 3.5815 -12.1300 1.4014 23.2959 -7.9932 0.5867
Car -1 -1 -7.5847 253.7212 165.0046 322.8650 208.2435 1.8416 1.7508 4.4922 -14.5741 0.9809 32.9649 -7.9982 0.5170
Car -1 -1 -7.8499 423.7625 176.9827 445.2348 197.5461 1.6106 1.6407 3.6311 -14.0486 0.9659 58.2584 -8.0858 0.5042
Car -1 -1 -4.8190 510.5529 178.5854 536.2762 197.4116 1.4772 1.6520 4.0774 -6.9223 0.9571 58.5780 -4.9365 0.4040
Car -1 -1 -4.5606 396.2200 177.3228 432.8155 204.2906 1.5552 1.5735 3.8188 -11.6555 1.1002 43.4387 -4.8216 0.3805
Car -1 -1 -4.4040 291.8206 174.2853 333.2534 200.6393 1.9328 1.8052 3.9403 -22.4486 1.1313 54.7558 -4.7917 0.1812
Car -1 -1 -4.1343 0.0000 176.6378 139.7364 286.0787 1.7554 1.7440 4.7697 -11.3960 1.6180 13.9883 -4.8088 0.1000
Car -1 -1 -4.3955 466.3111 178.7551 501.2347 196.8046 1.4200 1.6332 4.0344 -10.0907 0.9119 58.6705 -4.5655 0.0857
Car -1 -1 -3.0125 563.9077 179.8559 654.8904 212.2810 1.5139 1.6327 4.2114 0.0770 1.2638 34.6464 -3.0108 0.0818
Car -1 -1 -4.6571 559.6481 179.9578 603.5444 217.0893 1.5031 1.6734 4.3003 -1.1113 1.2904 31.2662 -4.6928 0.0599
