Pedestrian -1 -1 -3.2512 775.4396 157.4323 792.9746 190.2099 1.8643 0.5832 0.9158 10.2655 0.5524 40.5666 -3.0034 0.1872
Pedestrian -1 -1 -3.5833 724.1165 165.0894 736.4710 188.7292 1.8583 0.5498 0.8045 9.9215 0.6469 55.9510 -3.4071 0.1829
Pedestrian -1 -1 -5.9035 508.5047 166.8355 520.6791 188.8816 1.8858 0.4734 0.9297 -7.7626 0.7169 60.8277 -6.0280 0.1496
Pedestrian -1 -1 -2.1789 116.5466 173.4080 138.2466 216.1116 2.0731 0.5645 0.7381 -23.4722 1.7290 34.7225 -2.7674 0.0835
Pedestrian -1 -1 -3.3907 995.3685 145.5265 1070.5878 279.0970 1.7833 0.4023 0.8087 5.8299 1.3168 9.7442 -2.8640 0.0800
Car -1 -1 -4.5315 100.8565 168.8491 135.3454 189.7991 1.6609 1.6320 3.9997 -40.0251 0.7372 58.2146 -5.1295 0.0739
Car -1 -1 -5.1662 1106.5317 145.8176 1182.3923 179.7972 1.6509 1.5842 3.8067 27.6890 -0.0381 36.4555 -4.5191 0.0663
Car -1 -1 -8.2024 498.0786 170.3412 532.8973 190.7102 1.5992 1.5901 3.8726 -7.3155 0.8016 57.5994 -8.3263 0.0661
Car -1 -1 -8.3396 775.9521 168.3009 824.9473 191.3087 1.4361 1.5700 3.6015 12.6728 0.6748 46.0612 -8.0711 0.0607
Car -1 -1 -8.0219 474.9865 172.5586 517.3328 202.0885 1.5942 1.7002 4.3147 -6.2978 1.1656 40.4863 -8.1733 0.0601
Pedestrian -1 -1 -7.2045 587.9301 168.5239 597.2361 187.5328 1.7943 0.6445 0.6130 -1.1568 0.6637 67.1777 -7.2199 0.0573
Car -1 -1 -4.4480 306.2340 181.6196 346.3441 203.4396 1.4662 1.6431 3.9379 -19.5580 1.5482 49.7628 -4.8187 0.0567
Pedestrian -1 -1 -8.2867 593.4380 168.6544 603.1287 192.4209 1.7968 0.5744 0.5155 -0.5067 0.9012 53.8108 -8.2944 0.0537
Pedestrian -1 -1 -4.3552 114.4048 149.1180 189.8029 298.0401 1.9400 0.5959 0.8715 -6.2374 1.5316 9.6967 -4.9102 0.0513
Car -1 -1 -7.2835 1212.4152 139.5583 1223.0000 369.0000 1.5603 1.6424 4.2700 7.6497 1.2847 5.8026 -6.3862 0.0500
Cyclist -1 -1 -5.1595 878.1705 156.7314 907.5020 195.6965 1.7948 0.5412 1.8347 13.5979 0.7002 33.5002 -4.7755 0.5622
Pedestrian -1 -1 -7.6157 276.6015 178.9421 315.9668 255.9248 1.5360 0.6108 0.5991 -6.3471 1.5053 14.4535 -8.0197 0.4016
Cyclist -1 -1 -8.0695 990.5623 156.0888 1023.4288 224.7192 1.6941 0.3721 1.6919 10.3533 1.0919 18.3171 -7.5607 0.3107
Pedestrian -1 -1 -4.1947 789.1776 161.4810 806.8024 195.8340 1.8093 0.6468 0.6976 10.2786 0.8077 37.7141 -3.9290 0.3086
Pedestrian -1 -1 -3.3371 990.1872 156.5231 1024.7528 224.8485 1.7060 0.6124 0.6556 10.2217 1.1076 18.0466 -2.8276 0.1545
Pedestrian -1 -1 -5.6720 1159.1700 172.2728 1198.2910 241.4414 1.3547 0.4158 0.4504 11.4096 1.1939 14.1234 -5.0018 0.1542
Pedestrian -1 -1 -7.9067 988.2098 149.2019 1005.8300 188.6315 1.8624 0.7105 0.4602 18.6916 0.3843 33.7580 -7.4033 0.1345
Cyclist -1 -1 -7.9343 806.4180 164.7915 819.0477 197.8106 1.6570 0.4866 1.6666 10.6538 0.8689 36.3475 -7.6498 0.1292
Pedestrian -1 -1 -4.1281 36.5979 206.8184 62.5114 248.7174 1.1632 0.3950 0.4553 -15.8818 1.9234 20.1733 -4.7859 0.1270
Pedestrian -1 -1 -3.9346 911.0715 159.3070 921.9291 192.0092 1.7417 0.4806 0.2706 16.6939 0.6131 37.9303 -3.5214 0.1133
Cyclist -1 -1 -3.4784 34.9026 182.7961 104.6388 245.5322 1.7513 0.5048 1.5383 -15.5873 1.8210 20.5733 -4.1178 0.1108
Cyclist -1 -1 -6.9422 1062.6776 154.5727 1147.8202 224.1493 1.6771 0.6049 1.6996 12.2459 1.0525 17.3898 -6.3355 0.1085
Pedestrian -1 -1 -5.9780 877.1957 158.3397 889.9148 197.1718 1.8029 0.5508 0.4096 13.0470 0.7742 33.1698 -5.6048 0.0991
Cyclist -1 -1 -4.4118 0.0000 194.4117 28.7226 262.1287 1.6512 0.4810 1.5454 -15.6007 2.0289 18.3770 -5.1057 0.0869
Cyclist -1 -1 -6.4820 1009.1751 146.6744 1055.8008 186.9587 1.8545 0.6886 1.7682 20.0124 0.2975 33.1694 -5.9416 0.0801
Pedestrian -1 -1 -8.3215 540.6159 167.6121 554.0744 199.2100 1.8834 0.6302 0.5431 -3.4789 1.1153 42.5392 -8.4008 0.0800
Pedestrian -1 -1 -5.9322 1052.0485 165.1848 1077.7612 224.1062 1.4385 0.4406 0.4111 11.3790 1.0649 17.5592 -5.3637 0.0796
Pedestrian -1 -1 -6.8348 560.1673 168.3165 573.7818 196.3540 1.7944 0.5779 0.6758 -2.4625 1.0147 45.6800 -6.8865 0.0788
Pedestrian -1 -1 -4.4807 0.0000 203.0645 18.0938 258.4768 1.3895 0.4652 0.5465 -15.6575 1.9870 18.3624 -5.1767 0.0786
Cyclist -1 -1 -4.7956 247.6682 177.6605 263.0801 211.8685 1.7676 0.5920 1.7821 -18.5422 1.6210 37.4519 -5.2503 0.0761
Cyclist -1 -1 -8.1696 971.6784 155.7443 1017.1202 224.3586 1.7160 0.4904 1.8263 10.1866 1.0972 18.6249 -7.6746 0.0723
Cyclist -1 -1 -7.6244 809.0073 163.4664 828.5560 197.0698 1.6857 0.5973 1.6836 10.9807 0.8314 36.3483 -7.3317 0.0717
Cyclist -1 -1 -8.4096 1144.2704 163.1634 1223.0000 247.2657 1.5635 0.4636 1.6318 11.3910 1.2416 13.9819 -7.7354 0.0710
Cyclist -1 -1 -8.2037 1155.8395 154.9047 1211.0095 240.7222 1.6436 0.3376 1.5468 11.6448 1.1537 14.3282 -7.5305 0.0684
Pedestrian -1 -1 -3.4484 964.4586 154.3107 1009.4310 221.4560 1.7676 0.4504 0.9663 10.1716 1.0785 18.9219 -2.9604 0.0674
Cyclist -1 -1 -3.6899 1115.1136 158.7278 1223.0000 244.7330 1.6723 0.6545 1.6792 11.2772 1.2493 14.1690 -3.0269 0.0633
Cyclist -1 -1 -7.9770 1002.7236 155.4350 1031.6349 224.5975 1.7021 0.4207 1.7330 10.5979 1.0856 18.2807 -7.4574 0.0612
Pedestrian -1 -1 -8.0246 1127.4821 149.0177 1149.1154 188.9793 1.8389 0.7430 0.4091 24.7779 0.3904 32.8869 -7.3818 0.0590
Pedestrian -1 -1 -8.2725 1073.3101 151.7194 1094.9061 191.0532 1.8100 0.7002 0.4653 22.2162 0.4858 32.8249 -7.6803 0.0588
Cyclist -1 -1 -3.0670 900.4458 156.5789 939.6893 193.0642 1.8048 0.6558 1.7658 15.8775 0.6217 35.6802 -2.6499 0.0568
Cyclist -1 -1 -8.3479 873.4984 158.0919 902.4698 195.9208 1.7352 0.4589 1.8127 13.3122 0.7075 33.3594 -7.9697 0.0563
Cyclist -1 -1 -5.3278 0.0000 189.4745 20.4487 259.0281 1.7382 0.6124 1.7406 -16.1673 1.9773 18.3066 -6.0411 0.0563
Cyclist -1 -1 -5.1826 0.0000 190.8993 33.8150 258.8257 1.7159 0.5167 1.5913 -15.8220 1.9975 18.5800 -5.8781 0.0554
Pedestrian -1 -1 -7.1652 922.7790 158.6919 944.2560 194.0949 1.7436 0.6581 0.7296 16.3696 0.6697 35.2766 -6.7324 0.0551
Cyclist -1 -1 -8.6307 1014.5399 159.7815 1084.5798 226.9732 1.6024 0.4512 1.6463 11.0589 1.1086 17.7142 -8.0789 0.0549
Pedestrian -1 -1 -7.9324 1142.8619 146.4115 1164.3286 188.7470 1.9424 0.7528 0.4460 25.4463 0.3786 32.8323 -7.2761 0.0548
Cyclist -1 -1 -8.4519 1075.1532 153.1799 1142.3989 224.4275 1.6724 0.4801 1.6714 12.3409 1.0315 17.4354 -7.8428 0.0546
Cyclist -1 -1 -6.6002 790.9695 165.3269 829.4602 198.1097 1.6682 0.6142 1.7961 10.5163 0.8963 36.3192 -6.3190 0.0539
Cyclist -1 -1 -7.0349 29.1297 187.2437 94.5496 247.7435 1.6799 0.4830 1.6164 -15.8719 1.8852 20.6571 -7.6810 0.0534
Pedestrian -1 -1 -5.7629 1113.5408 162.7817 1143.5327 222.7275 1.4519 0.4792 0.4114 12.8476 1.0231 17.4104 -5.1342 0.0522
Pedestrian -1 -1 -5.7312 582.5533 169.0307 594.7773 193.8701 1.7290 0.5697 0.6565 -1.1461 0.9307 49.6277 -5.7524 0.0511
Pedestrian -1 -1 -3.9144 1041.1792 161.6628 1078.9410 225.3713 1.5398 0.4990 0.6049 11.1493 1.0849 17.3961 -3.3510 0.0508
Pedestrian -1 -1 -7.8929 1036.4563 152.6241 1055.0428 190.8192 1.7690 0.7195 0.4578 20.6215 0.4781 33.1237 -7.3386 0.0501
Cyclist -1 -1 -7.6055 424.2003 173.5759 434.0516 192.9299 1.5996 0.4024 1.6613 -14.7249 1.0273 59.2696 -7.8460 0.0501
Pedestrian -1 -1 -7.9675 898.5763 156.3253 913.4470 192.2740 1.8300 0.6295 0.6789 15.4783 0.5995 36.4082 -7.5669 0.0500
Car -1 -1 -6.1735 638.7101 167.6562 771.9215 210.7465 1.4211 1.6414 4.4488 3.4896 0.9978 24.6638 -6.0329 0.9128
Car -1 -1 -4.4469 322.9683 179.7713 374.4478 206.0502 1.4915 1.7612 4.5384 -15.3159 1.4503 42.4607 -4.7891 0.7914
Car -1 -1 -7.1224 0.0000 196.8024 290.7400 369.0000 1.5151 1.6147 4.0039 -3.2107 1.6370 3.2635 -7.8508 0.7232
Car -1 -1 -4.6014 448.2097 171.6815 478.9167 196.5040 1.6489 1.6493 3.9646 -9.7609 1.0632 49.0120 -4.7951 0.6393
Car -1 -1 -7.7773 0.0000 184.9785 14.3478 214.3572 1.4581 1.6363 4.1541 -32.9157 1.7120 37.9082 -8.4865 0.2256
Car -1 -1 -5.1033 413.3040 175.4549 458.1430 199.7889 1.5357 1.5806 3.7176 -11.1918 1.2173 46.5906 -5.3358 0.1211
Car -1 -1 -4.9814 69.1414 192.6390 138.0064 227.2081 1.4297 1.6085 3.9156 -23.0430 2.0184 32.4176 -5.5932 0.1094
Car -1 -1 -7.4270 0.0000 195.7643 18.1731 275.2302 1.5400 1.6346 4.1461 -15.9354 1.9507 16.7818 -8.1755 0.1047
Car -1 -1 -4.3687 285.8781 179.8832 351.6046 213.2904 1.5799 1.6668 4.4071 -14.3553 1.5509 35.6678 -4.7466 0.1030
Car -1 -1 -7.9307 275.3825 184.0013 362.7175 254.7756 1.4120 1.5846 4.0597 -6.8034 1.5047 16.4911 -8.3134 0.1025
Car -1 -1 -7.7776 408.7790 172.3761 432.2204 192.6995 1.6642 1.6254 3.8396 -15.5916 0.9989 59.9300 -8.0291 0.0947
Car -1 -1 -8.0204 577.7780 167.6785 600.7128 183.6986 1.5180 1.6125 3.9348 -1.5431 0.3029 69.0787 -8.0409 0.0941
Car -1 -1 -7.9695 681.7791 170.3216 720.4445 199.7582 1.4476 1.5640 3.6567 4.9093 0.9472 36.6124 -7.8356 0.0846
Car -1 -1 -7.6815 555.3776 169.8365 587.8706 194.2281 1.5668 1.5679 3.6270 -2.1978 0.8819 47.3170 -7.7258 0.0699
Car -1 -1 -7.9843 1013.7187 157.9956 1065.2383 190.1255 1.4692 1.6464 3.6997 21.0174 0.4403 34.3554 -7.4377 0.0592
Car -1 -1 -7.9379 686.2292 169.3251 719.5195 196.2073 1.4677 1.5730 3.7579 5.5520 0.8577 40.5210 -7.8010 0.0532
Car -1 -1 -4.7212 431.2957 176.3303 460.8716 202.7563 1.4937 1.6390 4.0475 -9.4880 1.2581 42.1203 -4.9394 0.0508
