Pedestrian -1 -1 -4.9678 329.5133 173.4987 351.0348 223.8753 1.8510 0.5441 0.9104 -10.1621 1.8753 27.0536 -5.3243 0.1630
Pedestrian -1 -1 -1.9999 74.9989 166.8784 130.6024 273.6308 1.8105 0.5080 0.8177 -8.9564 1.7089 12.6644 -2.6057 0.1510
Pedestrian -1 -1 -6.5642 433.8396 170.2381 452.0743 206.4013 1.9562 0.6605 0.8220 -9.1880 1.8144 39.5184 -6.7916 0.1317
Pedestrian -1 -1 -5.9452 820.1344 167.5315 843.3929 214.3409 1.8694 0.6136 0.7424 8.9561 1.6565 29.2826 -5.6517 0.1038
Pedestrian -1 -1 -8.1632 1163.6096 164.6591 1188.2194 212.1385 1.8833 0.6591 0.4845 22.6646 1.5580 28.9613 -7.5044 0.0966
Pedestrian -1 -1 -3.5089 948.0402 168.3377 958.7521 211.0757 1.8098 0.5480 0.2293 14.6305 1.6183 30.8368 -3.0701 0.0964
Pedestrian -1 -1 -9.0507 914.9746 158.7631 956.9858 236.2068 1.8144 0.6142 0.7531 7.8027 1.4840 17.3882 -8.6358 0.0946
Pedestrian -1 -1 -8.8411 1152.0835 166.3455 1172.8538 210.4905 1.8186 0.5778 0.4425 22.9473 1.5502 30.0290 -8.1936 0.0918
Pedestrian -1 -1 -5.1318 1199.7632 234.9052 1241.0000 338.5451 1.0032 0.3081 0.3715 6.3255 1.6640 7.4668 -4.4491 0.0907
Pedestrian -1 -1 -3.7191 440.9099 170.8881 455.8704 207.4354 1.9199 0.6030 0.5321 -8.6186 1.8164 38.3055 -3.9394 0.0846
Pedestrian -1 -1 -7.0774 1191.0106 162.6121 1207.7599 212.4295 1.8536 0.4715 0.2131 22.0831 1.4722 27.0936 -6.3992 0.0753
Pedestrian -1 -1 -6.4899 229.6517 172.0305 261.1266 235.2622 1.8641 0.6624 0.7280 -11.0440 1.8395 21.7572 -6.9550 0.0736
Pedestrian -1 -1 -5.1265 885.5243 158.3987 912.3331 210.3373 1.9083 0.6382 0.8493 10.7369 1.3769 26.9464 -4.7515 0.0675
Pedestrian -1 -1 -3.1970 1200.1198 158.3763 1224.3372 228.2282 1.9270 0.5875 0.4854 16.8747 1.5273 20.2851 -2.5107 0.0674
Pedestrian -1 -1 -4.6993 1020.7735 167.7661 1051.6846 262.7678 1.5863 0.4485 0.5656 7.2706 1.5011 12.4055 -4.1801 0.0668
Pedestrian -1 -1 -5.1554 81.5690 162.5490 112.5917 217.7690 1.9581 0.6451 0.7742 -18.5674 1.5924 26.0569 -5.7698 0.0610
Car -1 -1 -4.5292 697.5787 179.7080 723.3846 199.9953 1.8065 1.6398 4.4454 9.5127 2.4767 68.2181 -4.3917 0.0607
Pedestrian -1 -1 -4.8950 793.7701 172.5803 808.9258 208.4523 1.8953 0.6564 0.7377 10.1708 1.8805 38.5134 -4.6392 0.0598
Pedestrian -1 -1 -5.4124 938.8171 188.0401 987.8270 282.4660 1.3884 0.4537 0.5012 5.3279 1.6261 11.0063 -4.9730 0.0594
Cyclist -1 -1 -8.2079 869.7867 174.7749 923.5735 262.6246 1.5433 0.3637 1.6644 5.2970 1.5812 13.5459 -7.8433 0.0588
Pedestrian -1 -1 -4.0457 11.4435 175.9567 62.1971 258.9881 1.7408 0.5574 0.6696 -12.3441 1.8085 15.4876 -4.7104 0.0585
Car -1 -1 -3.2866 950.3906 169.2411 1023.9684 194.9034 1.6292 1.7072 4.0616 24.6047 1.3995 47.2752 -2.8096 0.0584
Pedestrian -1 -1 -4.7096 146.1674 174.4697 170.2534 234.0081 1.8458 0.6386 0.7594 -14.3734 1.8979 22.8870 -5.2654 0.0584
Pedestrian -1 -1 -7.0188 1196.7452 152.2417 1222.5209 210.4504 1.9964 0.6102 0.3740 20.7743 1.2891 25.0604 -6.3327 0.0576
Pedestrian -1 -1 -5.4917 1167.7494 207.7231 1218.4968 303.0604 1.1462 0.3724 0.3238 7.2053 1.5893 8.9918 -4.8327 0.0575
Pedestrian -1 -1 -7.5405 717.6107 177.9554 739.3275 220.5997 1.5715 0.6755 0.5276 4.4004 1.7654 27.0714 -7.3818 0.0547
Pedestrian -1 -1 -7.6123 281.1275 185.9812 306.2210 235.9892 1.5467 0.5916 0.6413 -10.0704 1.9693 22.8751 -8.0232 0.0533
Car -1 -1 -7.8362 439.6720 179.5047 466.4998 204.9112 1.5285 1.6244 4.2111 -10.1692 1.9800 46.7965 -8.0494 0.0523
Car -1 -1 -5.0887 367.6231 175.1264 414.0384 201.3498 1.5789 1.6118 3.5684 -13.9361 1.7285 45.6721 -5.3835 0.0512
Car -1 -1 -7.0671 0.0000 177.0678 88.6492 214.1563 1.5287 1.5536 3.6769 -25.4734 1.7270 32.0932 -7.7341 0.0510
Car -1 -1 -4.0840 19.3463 186.0966 96.8470 215.5150 1.6185 1.5690 4.1685 -33.3396 2.4586 43.6880 -4.7331 0.0507
Cyclist -1 -1 -4.5111 187.1177 186.0910 224.5623 257.4091 1.5563 0.4615 1.5204 -9.4609 1.8794 16.8345 -5.0168 0.0502
Pedestrian -1 -1 -4.2125 77.4772 171.5449 133.6629 276.9515 1.7965 0.5540 0.6667 -8.8892 1.7739 12.6573 -4.8151 0.3058
Pedestrian -1 -1 -4.5078 1024.7754 157.5909 1068.9908 265.1358 1.7557 0.5295 0.6303 7.3284 1.5062 12.1908 -3.9778 0.2391
Pedestrian -1 -1 -7.7403 808.3090 167.2351 833.2493 226.5600 1.7388 0.6594 0.5492 6.2422 1.5739 21.5283 -7.4624 0.2058
Pedestrian -1 -1 -3.1709 406.9777 173.9964 424.4070 214.8860 1.7969 0.6569 0.7309 -8.7031 1.8481 32.1505 -3.4336 0.1874
Pedestrian -1 -1 -5.0714 228.0490 175.3218 258.9840 235.9833 1.7761 0.6495 0.6238 -11.0259 1.8513 21.6127 -5.5385 0.1609
Cyclist -1 -1 -4.6117 422.1919 178.8054 433.9327 212.5136 1.6304 0.4189 1.4986 -9.0974 1.9330 35.9444 -4.8583 0.1599
Pedestrian -1 -1 -7.7342 814.7809 178.3281 826.3649 209.3345 1.6688 0.5607 0.4125 11.4141 1.9685 39.2396 -7.4537 0.1490
Cyclist -1 -1 -5.5945 793.7840 168.5963 848.4650 227.3898 1.7026 0.5314 1.6009 6.2827 1.5790 21.7047 -5.3170 0.1343
Pedestrian -1 -1 -2.2763 260.2181 175.1394 304.7415 250.2305 1.7658 0.5889 0.8208 -7.9632 1.8221 17.4358 -2.6994 0.1282
Pedestrian -1 -1 -5.1060 1113.8403 167.6018 1134.9570 214.2480 1.8389 0.5844 0.3729 20.4055 1.6315 28.6900 -4.4930 0.1234
Cyclist -1 -1 -6.0614 790.9561 164.9468 854.6791 226.7077 1.7682 0.6820 1.7035 6.2481 1.5416 21.3667 -5.7813 0.1123
Cyclist -1 -1 -5.7391 196.3252 176.4472 285.7114 252.3663 1.7492 0.7383 1.7596 -8.7778 1.8362 17.1002 -6.2074 0.1110
Cyclist -1 -1 -8.1973 839.9947 167.9401 873.0109 222.8327 1.7090 0.4599 1.6792 7.8959 1.5557 23.3083 -7.8751 0.1084
Cyclist -1 -1 -7.5900 432.3474 176.5002 447.5523 207.3155 1.6536 0.4097 1.6082 -9.3907 1.8581 39.7202 -7.8211 0.1076
Pedestrian -1 -1 -5.9279 1123.1215 166.3790 1153.3831 236.8982 1.7227 0.5570 0.4459 13.1021 1.5642 17.9669 -5.3061 0.0972
Pedestrian -1 -1 -8.9430 1150.6304 168.5126 1170.9066 211.7128 1.7881 0.6377 0.4301 23.0052 1.6081 30.1965 -8.2970 0.0862
Pedestrian -1 -1 -7.2476 702.7321 179.8333 720.5041 211.8812 1.4637 0.5980 0.5743 4.6832 1.7919 33.5479 -7.1107 0.0818
Cyclist -1 -1 -8.1257 1172.4004 156.5068 1241.0000 290.5985 1.6678 0.4608 1.8517 8.2518 1.4642 9.9158 -7.4466 0.0714
Cyclist -1 -1 -7.9631 417.6536 179.0149 429.7109 213.2240 1.6582 0.4145 1.5713 -9.3607 1.9728 36.0735 -8.2157 0.0703
Pedestrian -1 -1 -4.3724 197.7726 178.3297 234.7565 250.9758 1.7051 0.5670 0.7405 -9.5398 1.8400 17.4070 -4.8677 0.0699
Cyclist -1 -1 -4.3220 352.0486 178.4726 380.0688 216.2007 1.6988 0.6643 1.6291 -11.3765 1.9664 33.5718 -4.6467 0.0674
Cyclist -1 -1 -8.0265 400.2083 176.4654 416.5551 215.4764 1.6935 0.4435 1.5545 -9.0659 1.8587 32.2680 -8.2987 0.0672
Cyclist -1 -1 -8.9315 1097.0291 167.5892 1177.8229 237.5329 1.6623 0.4017 1.6219 13.0449 1.5369 17.9649 -8.3117 0.0669
Pedestrian -1 -1 -6.1851 1006.9829 163.4149 1046.3381 241.5752 1.6652 0.5086 0.7039 9.0612 1.4638 15.7821 -5.6724 0.0669
Cyclist -1 -1 -8.0104 321.3730 176.4481 339.5678 215.8288 1.7251 0.5035 1.7424 -12.6982 1.8918 32.6479 -8.3789 0.0661
Pedestrian -1 -1 -3.6456 889.3989 166.2535 931.9858 238.8935 1.6603 0.5256 0.7539 6.9420 1.5092 16.7977 -3.2605 0.0625
Cyclist -1 -1 -8.0557 317.0363 180.5623 337.3422 219.7216 1.6744 0.5165 1.6672 -12.6021 2.0252 32.0231 -8.4282 0.0624
Cyclist -1 -1 -4.7909 413.1471 176.6949 427.5916 216.0225 1.7091 0.5035 1.5787 -8.5501 1.8854 32.3461 -5.0477 0.0618
Pedestrian -1 -1 -3.7861 1058.1990 167.1747 1096.8955 234.4346 1.8050 0.5918 0.6623 12.6979 1.6523 19.6845 -3.2206 0.0590
Pedestrian -1 -1 -5.2039 234.4494 173.0700 278.8628 248.2967 1.7617 0.6862 0.7589 -8.5714 1.7668 17.4012 -5.6560 0.0590
Cyclist -1 -1 -8.7345 774.9663 169.7171 831.1071 228.8592 1.7011 0.4676 1.7103 5.7036 1.6105 21.5830 -8.4802 0.0583
Cyclist -1 -1 -4.2536 247.1835 177.0372 298.5812 251.5546 1.7161 0.4837 1.5603 -8.1960 1.8217 17.4908 -4.6865 0.0572
Cyclist -1 -1 -7.8800 690.6382 179.7169 698.8068 208.8859 1.5815 0.4079 1.5535 4.6882 1.9719 40.2847 -7.7656 0.0564
Cyclist -1 -1 -4.5038 218.9584 175.5908 264.9732 252.5891 1.7328 0.6332 1.6971 -8.7975 1.8011 17.2028 -4.9706 0.0561
Cyclist -1 -1 -8.1001 834.3290 169.5311 865.6536 223.3579 1.6549 0.4972 1.8794 7.6273 1.5525 23.1384 -7.7861 0.0556
Cyclist -1 -1 -7.9737 1019.6758 169.4776 1045.5337 241.5391 1.6044 0.3243 1.5179 9.7900 1.5289 16.8269 -7.4550 0.0552
Cyclist -1 -1 -8.0108 851.4630 166.8849 879.5233 223.7200 1.6985 0.5390 1.7852 7.8968 1.5198 22.4889 -7.6778 0.0552
Cyclist -1 -1 -8.0930 949.9759 160.5830 1001.6874 243.0179 1.6907 0.5991 1.6954 7.8710 1.4387 15.6910 -7.6361 0.0534
Cyclist -1 -1 -4.3888 432.8926 177.1727 451.7657 208.6335 1.6701 0.4928 1.6892 -9.1842 1.9108 39.4043 -4.6167 0.0533
Cyclist -1 -1 -3.6811 344.7310 173.9126 403.9239 237.8394 1.7889 0.5523 1.5772 -6.8890 1.8205 20.9921 -3.9950 0.0531
Cyclist -1 -1 -4.8883 1161.5857 169.7568 1187.0190 211.7558 1.6411 0.5035 1.7150 22.6761 1.5198 29.0710 -4.2312 0.0527
Cyclist -1 -1 -7.8586 371.7490 173.1851 379.1404 199.8468 1.6575 0.4379 1.6100 -14.8967 1.6785 45.7090 -8.1722 0.0522
Cyclist -1 -1 -4.5996 209.1615 180.6311 241.7667 252.9100 1.6164 0.5062 1.5451 -9.1588 1.8095 17.1228 -5.0846 0.0511
Cyclist -1 -1 -7.3052 420.6664 176.8127 445.2437 211.5067 1.6829 0.4571 1.5349 -8.8583 1.8845 35.9837 -7.5453 0.0505
Car -1 -1 -4.5691 517.1125 181.0288 562.7578 213.5930 1.3879 1.5885 3.8456 -3.2539 1.7916 33.6940 -4.6652 0.9272
Car -1 -1 -4.4764 339.9059 184.9396 392.1668 218.5691 1.4486 1.5488 3.5904 -11.5614 2.0534 34.2705 -4.7998 0.1422
Car -1 -1 -4.9686 371.4809 171.9619 414.4421 199.5413 1.6784 1.6798 3.9357 -13.9160 1.6238 46.0273 -5.2609 0.1262
Car -1 -1 -4.7566 763.1817 180.1494 797.0209 210.7833 1.5293 1.5922 3.9730 9.1345 1.9457 39.1180 -4.5294 0.1085
Car -1 -1 -5.0567 594.4724 177.3982 624.5046 194.2957 1.5480 1.6859 3.8293 -0.1005 1.9974 69.3109 -5.0586 0.0944
Car -1 -1 -4.9484 469.2783 177.8853 500.4976 199.8871 1.6853 1.6377 3.8010 -10.1634 2.1058 58.2832 -5.1207 0.0889
Car -1 -1 -6.5110 808.9170 168.9503 959.6766 222.9700 1.5616 1.6679 4.0013 8.1770 1.4484 21.9334 -6.1590 0.0857
Car -1 -1 -4.6907 686.1999 178.7452 714.6248 206.4913 1.4990 1.5620 4.0334 5.2616 1.8587 41.9859 -4.5674 0.0854
Car -1 -1 -4.8565 450.7820 178.3582 480.8347 200.5398 1.5844 1.6379 4.3229 -11.0556 2.0212 54.9959 -5.0543 0.0836
Car -1 -1 -5.1590 591.5966 175.9308 635.1212 198.3512 1.6168 1.6571 4.1893 0.1806 1.8602 54.8973 -5.1562 0.0680
Car -1 -1 -4.3264 701.5949 179.5159 759.7279 211.6186 1.4349 1.5114 3.6938 5.8662 1.7763 35.0384 -4.1625 0.0673
Car -1 -1 -4.8446 677.6433 176.0580 708.9208 200.6902 1.6095 1.5952 4.1718 5.6710 1.8397 49.7957 -4.7324 0.0672
Car -1 -1 -7.0726 1162.4835 169.6293 1241.0000 194.1212 1.5139 1.6954 4.2854 37.6266 1.3143 45.6648 -6.3868 0.0632
Car -1 -1 -4.5812 65.4494 187.6929 144.0504 238.1859 1.4524 1.6298 3.9220 -16.8187 1.9915 24.1153 -5.1852 0.0629
