Pedestrian -1 -1 -5.9810 594.4944 163.7286 630.0489 234.9851 1.7402 0.6022 0.7435 0.1443 1.3309 17.6676 -5.9712 0.0763
Pedestrian -1 -1 -5.9477 594.2755 162.7965 601.6888 188.8978 1.8722 0.6396 0.3438 -0.5040 0.6024 51.0723 -5.9557 0.0756
Pedestrian -1 -1 -4.4353 22.4592 169.2072 70.2262 257.8069 1.7452 0.5757 0.7428 -11.3921 1.5231 14.3791 -5.0928 0.0637
Pedestrian -1 -1 -4.5250 375.9821 202.7808 406.9131 275.9193 1.1208 0.3823 0.5076 -3.4487 1.4850 11.2722 -4.8123 0.0613
Pedestrian -1 -1 -4.5291 1003.8043 160.8284 1036.0918 231.8880 1.7387 0.6172 0.5111 10.3428 1.2577 17.6949 -4.0063 0.0588
Car -1 -1 -7.9824 783.0057 151.2831 815.7990 178.5053 1.7326 1.6320 3.8189 12.9557 -0.1391 47.3013 -7.7148 0.0576
Car -1 -1 -4.5425 597.1697 167.2124 644.6276 200.7432 1.4398 1.5560 3.7388 0.7611 0.8694 32.3442 -4.5174 0.0533
Car -1 -1 -3.9849 0.0000 175.3355 24.5334 238.4252 1.6149 1.6449 4.1820 -19.1332 1.4830 20.2063 -4.7334 0.0525
Pedestrian -1 -1 -3.7450 763.7292 151.1678 885.4854 325.6608 1.7863 0.7167 1.0526 2.3355 1.4865 7.7438 -3.4614 0.8880
Pedestrian -1 -1 -6.0164 1162.5409 157.0527 1223.0000 265.4802 1.7880 0.5938 0.7797 10.1137 1.4017 12.1494 -5.3334 0.1812
Pedestrian -1 -1 -8.1822 837.8752 168.6462 871.9307 233.4090 1.5977 0.5974 0.7426 6.2464 1.3056 17.8159 -7.8489 0.1810
Pedestrian -1 -1 -4.3858 845.4326 162.3194 890.1990 261.5598 1.6974 0.5647 0.6649 4.6115 1.3868 12.5293 -4.0396 0.1295
Pedestrian -1 -1 -7.9991 262.2966 163.5998 303.3316 257.3223 1.7481 0.6047 0.9171 -6.3131 1.4333 13.7371 -8.4194 0.1268
Pedestrian -1 -1 -4.1140 854.1758 162.8423 909.6534 267.0941 1.7040 0.5973 0.6842 4.6477 1.4157 11.9973 -3.7516 0.1191
Pedestrian -1 -1 -4.6646 676.7012 165.3784 709.0188 251.8757 1.7239 0.6244 0.8505 1.7722 1.4229 14.5629 -4.5444 0.1182
Cyclist -1 -1 -7.7715 502.8705 163.5859 546.7968 264.2931 1.7279 0.6559 1.8020 -1.4981 1.4381 13.0412 -7.8814 0.1153
Pedestrian -1 -1 -4.9852 988.4545 207.2021 1077.8958 369.0000 1.3080 0.4178 0.5951 3.1611 1.5232 5.3507 -4.4752 0.1137
Cyclist -1 -1 -2.9618 649.2498 139.9120 680.8849 171.5527 1.7473 0.6398 1.6904 3.3768 -0.5112 39.8772 -2.8758 0.1080
Pedestrian -1 -1 -4.3454 72.5740 165.7242 123.9767 261.4038 1.7237 0.5562 0.7062 -9.4551 1.4579 13.1473 -4.9556 0.1000
Pedestrian -1 -1 -7.3604 485.7479 169.0917 534.8055 262.9546 1.6464 0.5803 0.7896 -1.7635 1.4467 12.8744 -7.4914 0.0967
Cyclist -1 -1 -4.8544 670.5974 166.5942 689.4481 208.6724 1.6534 0.5408 1.5477 2.9933 1.1072 28.5664 -4.7494 0.0939
Pedestrian -1 -1 -4.9087 772.6219 162.2630 817.7713 264.2607 1.7228 0.6156 0.7725 3.2595 1.4152 12.3459 -4.6552 0.0918
Cyclist -1 -1 -6.5374 814.6918 165.4329 884.5678 232.9613 1.6846 0.6198 1.5740 6.1697 1.3090 18.0040 -6.2109 0.0771
Cyclist -1 -1 -6.4144 658.1718 139.6325 690.1317 171.6671 1.7956 0.6286 1.7391 3.9091 -0.5059 40.1629 -6.3160 0.0754
Pedestrian -1 -1 -4.6543 1087.5192 148.1176 1130.7975 264.9044 1.8366 0.5476 0.6427 8.1823 1.3278 11.5412 -4.0489 0.0742
Pedestrian -1 -1 -4.4824 400.2258 164.5687 437.5037 247.4409 1.7285 0.6013 0.8131 -4.0253 1.3966 15.1607 -4.7349 0.0740
Pedestrian -1 -1 -5.1169 1061.7482 148.4167 1120.6133 264.8710 1.8382 0.5616 0.6836 7.8745 1.3321 11.5475 -4.5295 0.0726
Pedestrian -1 -1 -7.3473 661.8089 140.3168 678.9874 172.4232 1.7641 0.6835 0.7425 3.6508 -0.4579 39.5993 -7.2539 0.0722
Pedestrian -1 -1 -5.0469 632.8083 167.3686 677.4676 261.8328 1.6623 0.5594 0.8613 0.8583 1.4316 12.9317 -4.9805 0.0718
Pedestrian -1 -1 -8.4554 957.4019 164.6120 1014.1970 269.4075 1.6680 0.5496 0.6435 6.1898 1.4155 11.6065 -7.9751 0.0689
Cyclist -1 -1 -8.1148 1155.1130 163.3434 1223.0000 267.1667 1.6156 0.5458 1.8322 9.8654 1.3490 11.9507 -7.4361 0.0681
Pedestrian -1 -1 -8.1495 458.1104 170.2345 496.4636 250.9764 1.6652 0.6039 0.7806 -2.7724 1.4538 15.0669 -8.3260 0.0676
Pedestrian -1 -1 -6.3195 1022.8900 160.5218 1064.2278 269.1989 1.7378 0.5959 0.5510 7.1962 1.4187 11.7002 -5.7785 0.0659
Pedestrian -1 -1 -5.0453 806.5124 147.8338 862.5447 258.6569 1.8835 0.6716 0.9132 3.9862 1.3287 12.4831 -4.7418 0.0650
Pedestrian -1 -1 -8.6626 640.2712 166.5803 696.7794 260.7512 1.6778 0.6043 0.8658 1.1263 1.4302 13.1217 -8.5773 0.0627
Pedestrian -1 -1 -5.7222 819.7452 179.0592 861.5701 254.2250 1.4545 0.4872 0.6275 4.6436 1.4270 14.0792 -5.4086 0.0605
Pedestrian -1 -1 -5.0958 824.9220 158.4505 876.7299 263.0790 1.8003 0.6298 0.7470 4.3045 1.4213 12.5573 -4.7716 0.0594
Pedestrian -1 -1 -3.9000 917.8943 186.3095 962.9590 273.0003 1.3323 0.4640 0.4477 5.2571 1.4271 11.1972 -3.4702 0.0573
Pedestrian -1 -1 -3.3445 187.1138 167.7032 227.2021 253.8130 1.6350 0.5696 0.5846 -7.8300 1.3924 13.8311 -3.8479 0.0568
Pedestrian -1 -1 -4.9278 888.4455 165.4747 937.7705 269.4076 1.6516 0.5987 0.7082 5.0080 1.4132 11.6384 -4.5296 0.0552
Pedestrian -1 -1 -7.4734 863.8660 168.6501 914.5341 271.0389 1.6236 0.5749 0.6607 4.6345 1.4361 11.6493 -7.1024 0.0542
Pedestrian -1 -1 -2.6515 742.4408 163.7732 796.8121 255.1276 1.7873 0.5459 0.9263 3.2896 1.4604 14.3421 -2.4292 0.0526
Pedestrian -1 -1 -5.0162 837.0440 177.6655 863.0563 231.3685 1.3575 0.4603 0.6341 6.2592 1.2862 18.1953 -4.6885 0.0525
Pedestrian -1 -1 -7.7249 671.7485 163.1921 687.5598 208.3261 1.7917 0.5795 0.4365 2.9668 1.1048 28.3470 -7.6200 0.0514
Pedestrian -1 -1 -3.9113 1036.6627 151.3208 1098.1919 266.5745 1.8355 0.5747 0.6199 7.5307 1.3712 11.6048 -3.3465 0.0510
Cyclist -1 -1 -8.1102 950.6146 173.1611 1027.4233 282.0562 1.5494 0.5707 1.8540 5.8865 1.4454 11.0276 -7.6301 0.0506
Cyclist -1 -1 -8.3231 817.6666 164.8384 867.5061 233.1800 1.6695 0.5957 1.4722 5.9981 1.2872 18.0445 -8.0058 0.0505
Cyclist -1 -1 -7.9854 875.1036 160.2224 924.5732 266.9004 1.6687 0.5285 1.7122 4.9047 1.3519 11.9549 -7.6036 0.0500
Car -1 -1 -6.1966 653.7054 140.8396 720.1582 168.7178 1.5025 1.6128 3.6302 4.6705 -0.6897 40.2411 -6.0797 0.1288
