Pedestrian -1 -1 -3.3726 319.1024 170.6258 331.1787 208.8950 1.8566 0.5875 0.4279 -14.0046 1.7482 35.3679 -3.7474 0.2424
Pedestrian -1 -1 -7.9993 162.3172 157.6908 227.3036 314.4943 1.8893 0.6013 0.9073 -5.3791 1.7063 9.2362 -8.5147 0.1688
Pedestrian -1 -1 -6.2178 0.0000 166.6247 12.8927 230.7221 1.7690 0.4668 0.5137 -17.1611 1.5968 20.2532 -6.9144 0.1428
Pedestrian -1 -1 -7.6827 8.4184 182.0194 45.6645 254.2808 1.5410 0.5757 0.3778 -12.7844 1.7448 15.7681 -8.3558 0.0899
Pedestrian -1 -1 -7.5855 454.2579 161.4253 479.6181 217.6899 1.9192 0.6413 0.9334 -5.0158 1.5290 25.1003 -7.7812 0.0813
Cyclist -1 -1 -7.5806 894.4229 165.3024 920.8951 211.7316 1.6258 0.4788 1.5954 10.7064 1.3611 26.0433 -7.1950 0.0802
Pedestrian -1 -1 -7.5408 513.5709 169.1978 527.4453 202.3411 1.7939 0.5787 0.6572 -4.9261 1.5957 39.4311 -7.6647 0.0793
Cyclist -1 -1 -4.6561 860.6571 170.5133 876.6461 215.7683 1.5614 0.4589 1.5455 9.1721 1.4804 25.6968 -4.3174 0.0785
Pedestrian -1 -1 -8.0452 203.1483 176.9497 216.8978 208.1115 1.8932 0.6263 0.6638 -24.6545 2.1476 44.4113 -8.5496 0.0736
Cyclist -1 -1 -5.0406 1046.0355 129.2206 1133.8970 254.9217 1.9350 0.6509 1.7948 7.9072 1.2630 12.0562 -4.4716 0.0725
Car -1 -1 -7.7550 154.5413 165.2337 182.4198 187.7141 1.9648 1.7565 4.0271 -39.9117 1.2985 65.2571 -8.3023 0.0700
Car -1 -1 -4.4535 331.9463 181.8683 374.2462 208.4385 1.7318 1.7386 4.3777 -18.0557 2.3944 50.8091 -4.7936 0.0697
Car -1 -1 -6.5850 909.8710 169.2267 1087.0814 226.0040 1.4887 1.5938 4.0418 10.6105 1.3933 20.0608 -6.1050 0.0676
Car -1 -1 -4.5704 149.8395 172.9823 189.0202 198.2810 1.6416 1.6830 4.2600 -29.9708 1.6505 49.1334 -5.1159 0.0663
Car -1 -1 -4.7399 272.2612 173.1976 291.2022 189.2681 1.4853 1.5422 3.7779 -31.3428 1.5187 68.8083 -5.1661 0.0633
Cyclist -1 -1 -7.1088 1193.7825 134.3492 1241.0000 185.1933 1.7140 0.6618 1.6229 21.0114 0.4157 24.7556 -6.4107 0.0633
Car -1 -1 -7.9983 301.3427 179.1751 334.5490 204.3846 1.7357 1.7155 3.8702 -21.4452 2.2167 52.8375 -8.3824 0.0591
Car -1 -1 -6.9017 0.0000 200.7431 49.8264 374.0000 1.4978 1.5734 3.7531 -3.7043 1.6473 1.9411 -7.9324 0.0568
Pedestrian -1 -1 -5.1467 104.5181 162.6645 118.6555 188.7405 1.8560 0.5987 0.6954 -35.8061 1.1305 51.7924 -5.7493 0.0549
Car -1 -1 -6.1771 508.5602 179.3411 588.2499 207.1346 1.5684 1.7247 4.4708 -3.5813 1.9544 42.0515 -6.2620 0.0517
Pedestrian -1 -1 -5.9250 234.9693 168.9758 251.3214 197.2644 1.8706 0.5109 0.8445 -24.4403 1.6138 48.0117 -6.3939 0.0512
Cyclist -1 -1 -6.9564 806.5875 169.1433 846.6791 212.1464 1.8440 0.6737 1.6133 9.4310 1.6846 31.5555 -6.6691 0.0512
Pedestrian -1 -1 -4.9945 514.5732 167.4246 538.6815 213.0274 1.9062 0.7402 1.1152 -3.6105 1.6789 30.8177 -5.1107 0.7181
Pedestrian -1 -1 -7.7713 329.9221 178.4751 366.7293 262.7016 1.6403 0.6367 0.7539 -5.3217 1.7569 14.5585 -8.1165 0.2566
Cyclist -1 -1 -5.9418 146.3736 171.3463 217.5657 228.4432 1.7647 0.7244 1.7985 -13.5630 1.7178 22.8258 -6.4730 0.1844
Pedestrian -1 -1 -8.0640 829.1469 166.1700 855.7553 224.2397 1.7172 0.6641 0.5118 6.9119 1.5192 21.6230 -7.7591 0.1719
Cyclist -1 -1 -5.8584 314.4864 178.6457 407.4490 261.7451 1.6527 0.5674 1.7177 -5.1362 1.7739 14.7650 -6.1883 0.1195
Cyclist -1 -1 -4.4683 340.6231 179.4787 388.2410 265.5670 1.6494 0.5367 1.6553 -5.0625 1.7927 14.8009 -4.7931 0.1146
Cyclist -1 -1 -5.6296 86.7650 175.1659 156.8815 228.8682 1.6655 0.6626 1.8072 -15.4596 1.7395 22.7980 -6.2202 0.1005
Pedestrian -1 -1 -5.2479 112.5654 179.2664 143.1155 229.8805 1.5651 0.6221 0.5262 -15.2844 1.7710 22.8057 -5.8332 0.0856
Pedestrian -1 -1 -4.1753 157.9827 162.3915 196.1645 225.9075 1.9547 0.6759 0.8708 -13.6215 1.6324 22.6409 -4.7120 0.0726
Pedestrian -1 -1 -4.3951 509.9547 171.3153 529.4339 211.5941 1.7130 0.5937 0.8712 -3.9394 1.6473 31.1710 -4.5202 0.0667
Pedestrian -1 -1 -6.7741 138.0992 180.7840 167.0416 232.1825 1.5934 0.7227 0.4944 -14.5549 1.8489 22.8836 -7.3356 0.0622
Pedestrian -1 -1 -8.5896 796.7542 164.2805 824.5070 219.8817 1.8026 0.6832 0.5596 6.5676 1.5244 23.7971 -8.3241 0.0543
Cyclist -1 -1 -7.8557 823.9935 166.9629 844.1814 226.2249 1.6997 0.5550 1.6599 6.6406 1.5304 21.5691 -7.5615 0.0531
Pedestrian -1 -1 -7.1571 777.4778 163.2158 806.3969 224.7295 1.8012 0.6107 0.5751 5.3817 1.5187 21.5436 -6.9162 0.0516
Car -1 -1 -2.6987 272.3325 184.7608 480.8387 251.7748 1.4250 1.6448 4.3489 -5.4259 1.7210 16.8453 -3.0064 0.9695
Car -1 -1 -6.6017 828.6783 170.7410 1092.1959 270.5323 1.5190 1.6096 3.6014 5.5806 1.4866 11.9766 -6.1758 0.8825
Car -1 -1 -5.6009 0.0000 196.5654 316.0031 374.0000 1.4268 1.6777 4.0913 -4.9525 1.6580 6.1547 -6.2578 0.8810
Car -1 -1 -6.8532 851.2654 169.5873 1196.2399 292.3147 1.4981 1.6365 3.7913 5.3894 1.4579 9.7737 -6.3627 0.8630
Car -1 -1 -2.9999 361.0057 182.1594 516.3032 230.9573 1.3922 1.6147 4.4116 -5.1565 1.6879 21.9602 -3.2285 0.8358
Car -1 -1 -7.0233 925.3864 135.3953 1241.0000 374.0000 1.6975 1.7472 4.2047 4.6025 1.4864 4.9846 -6.3074 0.6786
Car -1 -1 -5.6763 195.0462 181.8836 308.6146 216.9879 1.4365 1.5882 4.2560 -15.4910 1.8404 31.1944 -6.1341 0.6658
Car -1 -1 -8.4146 970.6855 155.6927 1094.4813 209.7229 1.4018 1.4438 3.3306 11.7673 0.9563 20.4158 -7.8981 0.1911
Car -1 -1 -5.2482 1103.4950 138.8884 1241.0000 200.6898 1.4572 1.5381 3.4337 14.6053 0.6560 18.8083 -4.5954 0.1694
Car -1 -1 -6.1124 408.9255 177.7342 530.2937 223.1833 1.5365 1.6141 3.9795 -4.9215 1.7138 25.4195 -6.3023 0.1305
Car -1 -1 -5.6872 92.8932 178.6316 222.2528 218.6814 1.5162 1.6508 4.1145 -17.8393 1.7512 28.4851 -6.2427 0.1236
Car -1 -1 -5.2179 1046.9398 167.1788 1241.0000 277.9127 1.4444 1.4605 3.1981 8.2084 1.3701 11.0858 -4.5936 0.1086
Car -1 -1 -7.6398 158.0565 178.1207 237.2088 226.5019 1.4952 1.5968 3.6453 -14.0588 1.6897 24.7066 -8.1528 0.0937
Car -1 -1 -9.1618 0.0000 0.0000 1241.0000 374.0000 1.5302 1.6075 3.7102 3.7243 1.5439 1.3397 -8.0049 0.0822
Car -1 -1 -8.0437 903.4764 166.8035 989.9666 220.7273 1.4400 1.5922 3.7303 9.7561 1.2782 21.2679 -7.6193 0.0701
Car -1 -1 -7.7955 51.4091 175.9434 121.1273 226.4413 1.4893 1.5948 3.9956 -17.1145 1.5993 23.6534 -8.4166 0.0573
Car -1 -1 -4.8451 328.7679 183.3026 393.4455 228.9435 1.3810 1.5766 4.2053 -8.7689 1.7763 25.0870 -5.1785 0.0564
