Car -1 -1 -8.0369 683.1656 173.2758 771.1689 243.3158 1.5334 1.4853 3.3604 2.6929 1.5444 17.5218 -7.8877 0.9561
Car -1 -1 -7.9440 651.9451 173.8963 693.5690 207.2349 1.3626 1.4837 3.3972 2.6306 1.4100 31.3007 -7.8615 0.9164
Car -1 -1 -7.8735 628.8989 168.9445 647.7158 186.1151 1.5046 1.6140 4.1253 2.5126 1.1617 65.3026 -7.8355 0.4364
Cyclist -1 -1 -7.9802 1199.1616 154.4330 1241.0000 247.5951 1.7837 0.4771 1.8869 12.4348 1.4307 14.7395 -7.2897 0.1950
Pedestrian -1 -1 -5.8551 316.5177 155.1543 329.4721 188.0233 1.8002 0.6417 0.4377 -15.8859 0.8305 39.8493 -6.2324 0.1472
Pedestrian -1 -1 -5.2261 241.5700 158.7824 257.8316 192.3947 1.8255 0.5582 0.6365 -19.8104 1.0610 39.5976 -5.6874 0.1280
Pedestrian -1 -1 -5.1108 1007.9097 167.6923 1046.1433 228.3141 1.7817 0.7192 0.8416 12.4616 1.6297 21.6667 -4.5952 0.1257
Pedestrian -1 -1 -5.6781 360.9787 157.6383 378.0604 200.5335 1.7773 0.5353 0.4550 -10.1122 1.1466 30.2164 -5.9987 0.0940
Car -1 -1 -8.0286 657.7502 166.1942 690.3327 188.3164 1.5651 1.6857 4.1537 4.6463 1.0936 53.1900 -7.9423 0.0922
Car -1 -1 -8.6880 979.7032 173.7993 1092.6024 213.7812 1.4489 1.6136 3.6533 16.5096 1.4882 28.2270 -8.1637 0.0811
Car -1 -1 -4.9158 1200.5394 176.2954 1241.0000 208.0091 1.5206 1.6120 4.1826 32.0082 1.7088 37.2987 -4.2108 0.0794
Car -1 -1 -4.7951 1112.7872 182.0516 1165.3903 215.6945 1.4319 1.6347 4.2273 24.9278 1.8955 34.1622 -4.1693 0.0623
Car -1 -1 -2.7400 222.8960 174.5954 300.5101 200.0240 1.5609 1.6158 4.0844 -21.8604 1.6722 45.3152 -3.1874 0.0617
Cyclist -1 -1 -7.7124 226.2608 137.2807 247.8941 183.2331 1.7438 0.5155 1.6923 -14.6403 0.3936 28.2652 -8.1865 0.0614
Car -1 -1 -7.5769 530.7404 166.6182 563.2788 186.6247 1.6239 1.6776 4.0778 -5.2850 1.1174 60.7268 -7.6636 0.0546
Pedestrian -1 -1 -3.2192 215.7277 138.1378 231.9995 186.8701 1.7810 0.5589 0.4911 -14.3556 0.5119 26.7371 -3.7079 0.0532
Pedestrian -1 -1 -7.7749 199.6553 145.9484 224.1802 203.2233 1.8349 0.6529 0.6059 -13.0206 0.9727 23.5263 -8.2757 0.0511
Car -1 -1 -4.8835 1188.8701 176.7747 1232.4561 200.5575 1.5502 1.6402 4.0010 41.4279 1.8325 49.8805 -4.1937 0.0506
Pedestrian -1 -1 -7.9733 16.0091 150.9050 69.3600 268.0815 1.8026 0.5982 0.6949 -9.1435 1.4646 11.5573 -8.6316 0.1777
Pedestrian -1 -1 -4.5653 764.3881 175.5117 781.1409 215.4916 1.3724 0.4845 0.6453 5.6419 1.4663 25.2069 -4.3481 0.1490
Pedestrian -1 -1 -7.8435 252.3903 163.9751 292.2498 276.3026 1.7031 0.5532 0.6923 -5.3669 1.5681 11.3688 -8.2761 0.1456
Pedestrian -1 -1 -3.5342 854.6306 144.4264 866.4265 172.8642 1.8631 0.6078 0.5425 16.4890 0.0004 47.5914 -3.2026 0.1380
Cyclist -1 -1 -7.6990 261.1099 163.5161 311.2618 276.0366 1.6995 0.4711 1.7776 -5.3265 1.5581 11.8174 -8.1146 0.1198
Pedestrian -1 -1 -4.7027 349.6208 151.4593 359.5782 176.8722 1.7871 0.6587 0.7226 -18.1469 0.2823 51.1888 -5.0419 0.0940
Pedestrian -1 -1 -5.7881 520.3554 168.1788 534.9609 196.7582 1.7701 0.6168 0.6982 -5.1806 1.4803 45.1067 -5.9021 0.0903
Cyclist -1 -1 -5.1262 848.1110 143.5461 866.8707 170.3796 1.7322 0.5363 1.6791 16.2822 -0.1665 47.5965 -4.7984 0.0857
Pedestrian -1 -1 -7.4809 768.2863 175.4057 788.3467 216.5445 1.4233 0.5688 0.4321 5.8655 1.5138 25.3432 -7.2566 0.0838
Pedestrian -1 -1 -7.7329 155.0455 156.6520 203.4699 270.0196 1.7462 0.5895 0.6202 -6.9161 1.4963 11.5154 -8.2639 0.0836
Pedestrian -1 -1 -6.4244 537.8865 171.7176 551.3102 196.4793 1.7119 0.5779 0.8580 -4.5892 1.6331 50.2642 -6.5154 0.0751
Pedestrian -1 -1 -7.6744 309.4051 166.7286 361.8799 282.6225 1.7101 0.6301 0.7270 -4.2460 1.6194 11.0605 -8.0336 0.0733
Cyclist -1 -1 -3.2033 743.4185 166.6777 790.5197 216.2500 1.7032 0.5991 1.5705 5.4224 1.4907 25.2020 -2.9943 0.0721
Pedestrian -1 -1 -7.8027 491.5442 167.0207 505.8772 202.9290 1.7586 0.6654 0.7378 -5.5487 1.4727 35.7389 -7.9560 0.0711
Cyclist -1 -1 -8.0328 860.3795 145.2147 871.7026 171.3234 1.6885 0.4199 1.6064 16.8467 -0.1030 47.5864 -7.6944 0.0682
Cyclist -1 -1 -5.5672 214.6015 158.2527 342.5594 270.7583 1.7497 0.7372 1.8933 -5.4884 1.5223 11.8452 -5.9930 0.0675
Cyclist -1 -1 -5.3760 0.0000 187.6550 100.6260 374.0000 1.5310 0.7348 1.6785 -4.9820 1.6544 5.5096 -6.0874 0.0639
Cyclist -1 -1 -7.3501 530.1791 172.6578 544.7476 196.4299 1.5571 0.3504 1.3620 -4.8484 1.5440 47.9572 -7.4507 0.0621
Pedestrian -1 -1 -2.0266 336.4577 153.8739 349.7448 181.4123 1.8152 0.5394 0.7852 -17.7992 0.5638 48.0278 -2.3798 0.0617
Cyclist -1 -1 -3.7485 767.1499 164.8978 810.9440 215.0367 1.7276 0.5907 1.4128 6.2536 1.4532 25.3919 -3.5102 0.0617
Cyclist -1 -1 -7.3215 0.0000 183.9188 86.9173 374.0000 1.5357 0.5920 1.7457 -4.8569 1.6338 5.5064 -8.0206 0.0599
Pedestrian -1 -1 -4.2439 0.0000 225.3865 69.5449 374.0000 1.2223 0.4137 0.4120 -4.6834 1.6557 5.7148 -4.9080 0.0585
Pedestrian -1 -1 -4.5911 410.4059 161.4160 435.2668 226.6179 1.8288 0.6076 0.7009 -5.3930 1.5077 20.6254 -4.8442 0.0582
Pedestrian -1 -1 -7.5976 52.3519 155.8869 106.6838 270.7801 1.7784 0.5485 0.6621 -8.5507 1.5155 11.5762 -8.2230 0.0566
Cyclist -1 -1 -3.4616 847.8906 145.2984 877.1789 171.7256 1.7242 0.5338 1.7351 16.5431 -0.0748 47.3777 -3.1276 0.0555
Pedestrian -1 -1 -5.3659 195.7615 158.0088 253.4554 274.9131 1.7723 0.5574 0.5861 -6.0934 1.5469 11.3145 -5.8506 0.0519
Car -1 -1 -8.2035 744.8884 183.3348 1023.1752 351.0514 1.4378 1.5934 4.0327 2.7861 1.5906 8.4911 -7.8979 0.9620
Car -1 -1 -5.8361 239.0265 175.4855 442.7932 246.2588 1.4938 1.5701 4.0270 -6.0399 1.5564 16.2776 -6.1866 0.9326
Car -1 -1 -5.9040 287.3613 174.8034 455.6571 232.0623 1.4167 1.5334 3.8727 -6.1914 1.4697 18.8040 -6.2184 0.8001
Car -1 -1 -2.8545 282.7851 160.3621 443.1170 222.4054 1.7500 1.6804 4.1646 -7.2296 1.3974 21.2689 -3.1787 0.7615
Car -1 -1 -6.0289 380.5832 172.3296 501.1047 212.1045 1.4241 1.5664 4.0740 -6.2376 1.4050 26.6706 -6.2569 0.7060
Car -1 -1 -8.5059 946.0501 135.0481 1241.0000 374.0000 1.6542 1.6037 3.7991 2.6939 1.6201 2.6118 -7.7606 0.6597
Car -1 -1 -6.0174 415.4431 172.2641 520.0659 209.4293 1.4414 1.5774 3.8331 -5.6969 1.4182 28.9097 -6.2106 0.5857
Car -1 -1 -2.1839 0.0000 188.8703 89.6704 374.0000 1.3998 1.5657 4.1516 -6.5379 1.5426 5.4489 -3.0357 0.3896
Car -1 -1 -2.8213 319.1991 173.3427 459.0254 217.6725 1.4146 1.5374 4.1499 -7.2850 1.4310 23.8671 -3.1149 0.3321
Car -1 -1 -4.6907 496.9872 171.6725 527.3634 200.0814 1.4837 1.5728 3.8040 -5.3737 1.4217 39.6627 -4.8249 0.2382
Car -1 -1 -3.0978 686.1645 168.4487 766.5187 200.5766 1.5681 1.6362 3.9179 5.8429 1.3528 36.4104 -2.9403 0.2209
Car -1 -1 -4.5835 325.5309 151.7269 358.3346 176.2314 1.6170 1.6249 3.9043 -18.4482 0.2226 49.6975 -4.9373 0.1585
Car -1 -1 -4.1107 1109.2117 181.5107 1176.1960 205.8510 1.5334 1.6638 3.9132 35.3293 2.1250 47.9062 -3.4786 0.1259
Car -1 -1 -6.4125 760.8070 174.5691 897.0331 216.7337 1.4117 1.6136 4.4050 7.5491 1.4745 25.3893 -6.1272 0.1163
Car -1 -1 -4.8819 483.4712 173.0522 527.7429 204.4619 1.4424 1.4874 3.9535 -5.1944 1.4524 35.2720 -5.0275 0.1039
Car -1 -1 -7.9682 843.7333 143.9883 876.8824 168.5585 1.5697 1.6766 3.8849 16.8836 -0.3038 48.8992 -7.6374 0.0889
Car -1 -1 -7.6140 168.2921 163.7861 330.2553 281.3275 1.7538 1.6346 3.9143 -6.2441 1.6182 12.8485 -8.0588 0.0874
Car -1 -1 -2.4948 482.2817 169.7362 546.4440 195.0102 1.6530 1.6866 4.1314 -6.5318 1.4488 48.9409 -2.6271 0.0837
Car -1 -1 -4.4047 293.4900 154.2222 338.1492 177.8549 1.5685 1.6869 4.1388 -20.3586 0.3316 50.0177 -4.7895 0.0797
Car -1 -1 -4.6843 528.5705 169.2966 552.8555 191.4921 1.5422 1.6359 4.1847 -5.0142 1.2947 52.2772 -4.7797 0.0660
Car -1 -1 -2.8899 408.6817 169.2029 506.9936 204.1865 1.4839 1.6110 3.9217 -6.6367 1.3287 31.4981 -3.0963 0.0623
Car -1 -1 -9.3950 1241.0000 173.4316 1241.0000 374.0000 1.5963 1.6113 4.0052 5.2651 1.5999 2.7605 -8.3508 0.0566
Car -1 -1 -4.5340 366.1139 148.7630 399.6701 170.5708 1.5454 1.6445 4.3159 -16.9247 -0.1778 53.8436 -4.8372 0.0536
Car -1 -1 -6.1963 688.8104 171.4448 769.1111 200.4316 1.4969 1.6060 4.1116 6.3313 1.4238 38.5436 -6.0351 0.0526
