Pedestrian -1 -1 -5.9419 222.0589 152.8867 349.3387 342.3384 1.8223 0.6395 1.0152 -3.2545 1.5571 7.1542 -6.3507 0.7514
Pedestrian -1 -1 -5.1807 979.4337 203.3534 1082.0024 369.0000 1.3237 0.4235 0.6079 3.1400 1.5071 5.3485 -4.6733 0.0991
Cyclist -1 -1 -4.9559 667.9415 166.1413 692.3978 210.2409 1.7220 0.6166 1.5605 2.9815 1.1616 28.4242 -4.8508 0.0957
Pedestrian -1 -1 -5.9624 594.2910 162.8427 601.6678 188.8996 1.8689 0.6436 0.3473 -0.5042 0.6025 51.0724 -5.9704 0.0772
Pedestrian -1 -1 -7.5054 17.7491 169.0745 71.8295 258.3200 1.7522 0.6223 0.7923 -11.4009 1.5282 14.3539 -8.1641 0.0741
Pedestrian -1 -1 -4.6325 63.7843 177.2801 91.1235 234.5833 1.6208 0.5704 0.7649 -15.3053 1.5301 20.4743 -5.2653 0.0676
Pedestrian -1 -1 -7.6172 247.0546 169.1941 288.2317 260.9212 1.7199 0.5798 0.6368 -6.5381 1.5083 13.6269 -8.0537 0.0571
Pedestrian -1 -1 -7.4493 213.3810 166.5277 257.9406 255.7205 1.6977 0.5385 0.6961 -7.2562 1.4321 13.8235 -7.9215 0.0540
Car -1 -1 -6.0676 0.0000 176.8566 122.2584 211.3645 1.5265 1.7029 4.4450 -25.3635 1.3655 32.9836 -6.7168 0.0537
Pedestrian -1 -1 -4.8148 1003.7959 160.4448 1034.8204 233.8141 1.8014 0.6186 0.4975 10.3299 1.3093 17.7132 -4.2930 0.0504
Pedestrian -1 -1 -7.9957 838.4719 169.7272 868.3343 234.1642 1.5872 0.6208 0.6368 6.1997 1.3222 17.7874 -7.6641 0.1550
Cyclist -1 -1 -7.7335 500.1040 164.0171 549.1299 264.9078 1.7295 0.6829 1.7977 -1.4973 1.4473 13.0229 -7.8435 0.1537
Pedestrian -1 -1 -5.4227 839.9470 165.5787 889.8412 260.9327 1.6679 0.5543 0.6500 4.6387 1.4072 12.7701 -5.0805 0.1071
Cyclist -1 -1 -2.9652 649.6252 143.4669 681.4124 175.2696 1.7603 0.7015 1.6892 3.4031 -0.2990 39.8779 -2.8787 0.1009
Pedestrian -1 -1 -3.1638 1023.8450 159.2326 1068.1696 269.7848 1.7638 0.5498 0.6001 7.2161 1.4249 11.6683 -2.6204 0.1005
Pedestrian -1 -1 -5.5444 1032.5226 149.0714 1098.8850 266.4102 1.8579 0.5689 0.7155 7.5065 1.3607 11.6158 -4.9814 0.0884
Pedestrian -1 -1 -5.3131 1173.9749 176.0288 1223.0000 269.1092 1.5347 0.5374 0.6542 10.1340 1.4614 12.0075 -4.6235 0.0869
Pedestrian -1 -1 -7.9008 611.2652 164.0375 638.1526 236.1429 1.7670 0.6355 0.7909 0.4451 1.3639 17.7290 -7.8744 0.0853
Pedestrian -1 -1 -5.5997 823.3431 159.4263 880.6133 263.4811 1.7813 0.6659 0.6986 4.3401 1.4210 12.5771 -5.2734 0.0852
Pedestrian -1 -1 -7.3431 1145.9238 166.9089 1193.8053 242.7904 1.9207 0.7399 0.6706 14.6252 1.5770 18.3667 -6.6776 0.0835
Pedestrian -1 -1 -4.0822 750.7028 179.2683 794.9213 257.4139 1.5199 0.4936 0.7934 3.3259 1.4963 14.1985 -3.8554 0.0815
Cyclist -1 -1 -7.8053 855.8060 162.5376 889.2188 267.1897 1.6939 0.4787 1.7195 4.6324 1.4035 12.3289 -7.4526 0.0804
Pedestrian -1 -1 -7.3849 485.6531 167.7233 533.2916 263.5833 1.6803 0.5698 0.7736 -1.7754 1.4567 12.8530 -7.5171 0.0788
Pedestrian -1 -1 -4.6707 678.8063 169.9127 709.0641 252.4611 1.6500 0.5906 0.7444 1.7909 1.4387 14.5476 -4.5492 0.0771
Pedestrian -1 -1 -6.1653 586.3272 164.8716 619.0732 236.2488 1.7469 0.6279 0.7500 -0.0930 1.3647 17.6592 -6.1687 0.0766
Pedestrian -1 -1 -6.3940 1129.1511 144.0886 1197.9504 264.0586 1.8874 0.5982 0.8151 9.0837 1.3150 11.5903 -5.7409 0.0758
Cyclist -1 -1 -7.2643 1153.3979 166.8538 1223.0000 235.1023 1.7490 0.6493 1.6235 15.3663 1.3996 18.6694 -6.5825 0.0739
Pedestrian -1 -1 -5.6848 819.8572 183.7991 864.5469 258.0257 1.4136 0.4456 0.7049 4.6179 1.4808 13.9174 -5.3696 0.0736
Pedestrian -1 -1 -5.1442 673.1456 156.4761 710.8642 234.5504 1.8941 0.5896 0.9526 2.1263 1.3116 17.6973 -5.0250 0.0735
Pedestrian -1 -1 -4.9228 636.4500 170.8313 675.6130 263.2787 1.6306 0.5427 0.8605 0.8750 1.4605 12.9357 -4.8552 0.0718
Pedestrian -1 -1 -4.9764 998.3189 157.2815 1047.9736 266.7889 1.7544 0.5689 0.5759 6.8446 1.3828 11.6782 -4.4564 0.0708
Cyclist -1 -1 -3.1946 656.2804 143.4007 687.4512 175.1763 1.7832 0.6397 1.7304 3.7769 -0.3049 40.1536 -3.0994 0.0692
Pedestrian -1 -1 -8.5410 804.9325 158.3417 862.5490 263.1072 1.7795 0.6479 0.7315 3.9768 1.4035 12.4699 -8.2378 0.0687
Pedestrian -1 -1 -7.2500 942.1522 162.8949 996.0526 268.4776 1.6748 0.5446 0.5988 5.9196 1.3959 11.5986 -6.7874 0.0678
Cyclist -1 -1 -7.9971 834.6977 166.6014 861.3066 233.6793 1.6688 0.4352 1.4864 6.2548 1.3233 18.3604 -7.6723 0.0668
Cyclist -1 -1 -7.9302 846.3920 169.0058 873.0886 236.3138 1.6408 0.5197 1.4447 6.4296 1.3609 18.0006 -7.5911 0.0666
Cyclist -1 -1 -6.7516 816.8741 166.9630 885.3766 235.3800 1.7009 0.5869 1.5472 6.2074 1.3647 17.9763 -6.4229 0.0658
Pedestrian -1 -1 -8.0751 458.0693 169.9229 494.6300 251.2318 1.6771 0.6085 0.7913 -2.7930 1.4593 15.0668 -8.2529 0.0633
Pedestrian -1 -1 -4.2118 855.5652 162.3698 908.4566 266.9662 1.7046 0.5768 0.6896 4.6390 1.4095 11.9657 -3.8491 0.0624
Pedestrian -1 -1 -4.0306 394.4017 167.0033 441.6890 249.6350 1.7157 0.5876 0.8326 -4.0506 1.4358 15.1815 -4.2844 0.0614
Pedestrian -1 -1 -4.3829 1097.9052 153.5559 1154.5615 268.6200 1.8164 0.5675 0.6700 8.4908 1.3914 11.5871 -3.7619 0.0602
Pedestrian -1 -1 -7.9297 651.9040 168.2868 688.9199 261.1365 1.6645 0.6159 0.8452 1.1532 1.4459 13.1011 -7.8423 0.0597
Pedestrian -1 -1 -4.6073 965.4091 163.3030 1000.2433 248.4658 1.6618 0.5729 0.4712 7.5166 1.3266 14.1512 -4.1266 0.0576
Cyclist -1 -1 -8.5169 929.4954 165.2408 1002.5933 251.8891 1.6518 0.4187 1.5808 7.2155 1.3613 14.2949 -8.0567 0.0575
Pedestrian -1 -1 -8.1860 777.1857 166.4909 808.3899 234.2648 1.6647 0.5775 0.6330 4.6542 1.3209 17.7050 -7.9316 0.0566
Pedestrian -1 -1 -7.7208 522.9913 161.6340 559.9468 259.5709 1.7267 0.5683 0.8102 -1.1953 1.3944 12.8829 -7.8093 0.0561
Pedestrian -1 -1 -8.1999 962.2266 164.8796 1013.4258 270.6973 1.6792 0.5509 0.6254 6.2009 1.4317 11.5675 -7.7175 0.0559
Cyclist -1 -1 -4.2271 951.0179 160.1873 1053.3293 274.8407 1.7524 0.6225 2.0012 6.4984 1.4423 11.6190 -3.7271 0.0549
Pedestrian -1 -1 -8.1058 557.6956 163.2021 589.9709 237.0731 1.8027 0.6345 0.7732 -0.8290 1.3809 17.7163 -8.1500 0.0543
Pedestrian -1 -1 -8.3312 618.1039 168.4641 652.4108 237.3499 1.7017 0.5522 0.8241 0.7208 1.4047 17.9562 -8.2901 0.0535
Cyclist -1 -1 -7.9515 950.8441 162.5295 1002.1973 273.1662 1.6494 0.5355 1.8129 5.9498 1.3819 11.4830 -7.4830 0.0534
Pedestrian -1 -1 -4.9075 864.9817 191.5400 900.4901 272.6706 1.2263 0.4300 0.4545 4.2708 1.4028 11.0174 -4.5456 0.0519
Pedestrian -1 -1 -7.1877 409.8394 166.9817 455.9229 250.0051 1.7209 0.5911 0.7988 -3.7234 1.4411 15.1423 -7.4222 0.0517
Pedestrian -1 -1 -7.1662 996.8879 167.5871 1049.4705 268.4509 1.6834 0.5103 0.6063 7.1303 1.4683 12.1468 -6.6451 0.0517
Pedestrian -1 -1 -5.8548 572.5625 169.8818 619.4226 251.6925 1.6578 0.4740 0.8559 -0.2316 1.4430 14.7173 -5.8685 0.0517
Car -1 -1 -6.2766 653.4780 144.9561 720.0916 172.5910 1.5113 1.5964 3.6940 4.6396 -0.4617 40.2674 -6.1607 0.1467
Car -1 -1 -4.0668 0.0000 180.3435 119.0070 226.6991 1.4261 1.6088 4.0042 -18.5310 1.4215 23.7602 -4.7209 0.1021
Car -1 -1 -7.8960 790.0132 180.2350 874.7650 253.5002 1.4103 1.5694 4.0540 4.8978 1.4055 15.7692 -7.5989 0.0576
