Car -1 -1 -8.1056 707.6986 177.9923 847.4963 272.2099 1.5559 1.6555 3.9931 3.0480 1.6710 14.1687 -7.8990 0.9749
Car -1 -1 -4.2139 62.3208 199.8516 310.4353 328.3986 1.4583 1.5901 3.6180 -6.0609 1.9284 10.7594 -4.7169 0.9495
Car -1 -1 -4.3479 265.1897 192.1634 407.0717 271.4125 1.4515 1.6175 4.0233 -6.0138 1.9395 16.2243 -4.6982 0.9245
Car -1 -1 -4.4947 391.7838 177.7610 471.9295 234.3392 1.7352 1.7459 4.3732 -6.0264 1.9179 24.7139 -4.7320 0.8382
Car -1 -1 -6.4552 823.6123 167.3057 924.8115 203.3072 1.5787 1.6467 4.0914 11.8881 1.3351 32.8029 -6.1108 0.5755
Cyclist -1 -1 -7.6632 364.2719 176.7726 377.3814 205.7405 1.6708 0.4133 1.7459 -14.1986 1.9075 42.7500 -7.9824 0.3585
Pedestrian -1 -1 -3.4131 805.6800 164.3725 826.6903 211.8981 1.8804 0.6142 0.6652 8.1967 1.5445 28.8555 -3.1395 0.2083
Pedestrian -1 -1 -3.1518 333.2543 172.0736 343.9734 221.4772 1.9892 0.5108 0.4035 -11.0895 1.9575 29.3628 -3.5104 0.1836
Car -1 -1 -3.1963 1119.8483 167.7581 1241.0000 206.0529 1.5272 1.6176 3.9745 24.0026 1.3237 30.5721 -2.5357 0.1399
Car -1 -1 -4.3510 785.2061 168.6043 832.4536 196.9224 1.5655 1.5110 3.4759 11.4968 1.3303 41.7398 -4.0844 0.1309
Cyclist -1 -1 -8.0176 377.9810 171.0594 385.4747 192.9105 1.5849 0.2880 1.4820 -16.8195 1.4544 53.0602 -8.3234 0.1244
Car -1 -1 -7.8856 637.9407 176.0407 657.3333 194.1672 1.5276 1.5744 3.8259 3.2585 1.8159 63.4139 -7.8349 0.1189
Cyclist -1 -1 -8.0120 707.2944 172.4215 718.8592 202.5553 1.7141 0.4077 1.6315 5.9373 1.6892 41.8626 -7.8726 0.1074
Pedestrian -1 -1 -2.9952 207.4528 172.5873 229.6520 241.5775 1.9132 0.4836 0.4830 -11.0685 1.9055 20.3192 -3.4888 0.1055
Pedestrian -1 -1 -4.7676 858.9949 158.7590 883.5467 221.9176 1.9525 0.6766 0.8740 8.2062 1.5164 22.8201 -4.4270 0.1033
Pedestrian -1 -1 -3.0764 133.3623 173.3847 166.0037 257.4707 1.9766 0.5050 0.6278 -11.1040 1.9893 17.3377 -3.6394 0.0975
Pedestrian -1 -1 -7.2369 729.4777 175.4968 745.2689 204.3818 1.6412 0.6477 0.6347 7.2950 1.7947 41.5330 -7.0648 0.0905
Car -1 -1 -5.0244 800.5171 168.4217 834.0826 187.1948 1.6266 1.6785 4.1746 18.4986 1.2422 64.6326 -4.7471 0.0894
Cyclist -1 -1 -4.6420 707.6758 171.3505 727.1841 228.6586 1.7436 0.5144 1.4360 3.3416 1.6975 22.7087 -4.4985 0.0831
Car -1 -1 -4.4281 1195.6860 164.8072 1241.0000 194.5259 1.5153 1.6235 4.0776 33.0747 1.1047 38.5887 -3.7234 0.0818
Car -1 -1 -7.5247 411.4735 169.1002 449.1112 192.1431 1.7753 1.7000 4.0484 -14.3420 1.4858 57.6793 -7.7676 0.0785
Pedestrian -1 -1 -6.5607 492.6702 189.7844 508.4783 219.1745 1.3735 0.4895 0.6369 -5.2719 2.1907 34.4847 -6.7118 0.0767
Pedestrian -1 -1 -5.8075 361.9200 174.4142 370.8640 206.8165 1.8356 0.4846 0.2942 -13.9334 1.9249 41.1633 -6.1323 0.0678
Pedestrian -1 -1 -7.6313 263.4708 175.3479 290.8649 236.0701 1.8505 0.6236 0.7462 -10.3973 1.9293 22.4527 -8.0609 0.0666
Pedestrian -1 -1 -3.9714 662.0114 170.3030 680.7869 204.7629 1.9018 0.6507 0.8391 3.3961 1.7607 40.3437 -3.8885 0.0638
Cyclist -1 -1 -8.3293 919.3904 164.0253 978.0770 239.6211 1.6894 0.4856 1.7586 7.9007 1.4918 17.0146 -7.9018 0.0637
Pedestrian -1 -1 -4.5465 389.8665 190.5617 412.2257 240.6774 1.4410 0.5555 0.5096 -6.1937 1.9688 21.2329 -4.8276 0.0617
Pedestrian -1 -1 -5.0383 981.4836 156.2086 1021.9985 240.8626 1.8142 0.6024 0.6413 8.5304 1.4572 15.8274 -4.5523 0.0616
Car -1 -1 -7.5511 421.5994 169.6643 464.4917 199.5595 2.1740 1.8797 4.6261 -12.6538 1.9418 54.8500 -7.7771 0.0606
Pedestrian -1 -1 -2.7058 289.1820 170.8089 316.1518 225.0434 1.9626 0.5414 0.7491 -11.2838 1.8883 26.3945 -3.1066 0.0588
Pedestrian -1 -1 -3.9404 1167.5291 160.4909 1185.2822 193.2879 1.8577 0.5319 0.5961 32.2821 1.1571 41.1745 -3.2791 0.0549
Car -1 -1 -7.2283 1223.5476 151.5239 1241.0000 374.0000 1.5298 1.6015 4.1219 7.3295 1.3928 5.5177 -6.3284 0.0546
Car -1 -1 -4.8197 734.6039 176.1974 775.9568 208.0338 1.4905 1.5932 4.0686 7.2121 1.6682 36.3159 -4.6257 0.0538
Pedestrian -1 -1 -5.6289 1022.7271 148.8292 1040.3717 176.5841 1.8973 0.5846 0.8773 29.0836 0.2547 49.8410 -5.1033 0.0526
Car -1 -1 -4.4577 380.4044 164.4451 418.4740 195.3285 2.3719 1.8264 4.5777 -16.8127 1.7258 57.7299 -4.7402 0.0515
Car -1 -1 -4.6232 236.7174 186.3574 293.8122 228.1268 1.4462 1.6793 3.8717 -13.5543 2.0177 28.4502 -5.0645 0.0515
Cyclist -1 -1 -6.9719 909.7776 158.2410 941.8032 188.6028 1.7757 0.6473 1.7211 18.6715 0.9208 42.7480 -6.5628 0.1444
Cyclist -1 -1 -4.6103 921.5842 161.1012 933.3007 189.6092 1.6539 0.4716 1.6853 18.7599 0.9718 42.7114 -4.1992 0.0655
Cyclist -1 -1 -2.9294 488.8353 179.2762 520.2816 212.4611 1.7684 0.6739 1.5753 -5.7300 2.1186 38.9904 -3.0749 0.0624
Cyclist -1 -1 -4.0824 491.7605 182.2619 514.8035 214.8082 1.6444 0.4773 1.3623 -5.5900 2.1435 37.5832 -4.2296 0.0562
Cyclist -1 -1 -7.1226 494.1911 181.7628 522.9972 214.3318 1.6330 0.5703 1.5821 -5.2913 2.1051 37.4402 -7.2626 0.0557
Car -1 -1 -4.5123 556.0137 179.6145 588.4160 198.8006 1.4067 1.7572 4.1159 -2.9485 1.9570 56.5942 -4.5646 0.6338
Car -1 -1 -4.4726 441.5158 182.9021 500.2613 222.6360 1.5564 1.6070 3.9377 -5.9964 2.0197 31.2851 -4.6610 0.5973
Car -1 -1 -4.5755 521.2938 180.4977 549.4995 199.6244 1.4105 1.6579 4.2356 -5.8872 2.0375 57.0695 -4.6782 0.4893
Car -1 -1 -3.3351 696.7319 173.7084 753.4282 193.0074 1.4858 1.6129 4.1499 8.9572 1.5535 56.5133 -3.1791 0.2306
Car -1 -1 -6.9381 901.3947 163.2443 971.5317 188.3159 1.4567 1.5730 3.6092 19.4500 0.8980 43.1043 -6.5169 0.2055
Car -1 -1 -3.1822 682.6840 168.3516 739.3839 191.1003 1.8434 1.7413 4.5631 8.2706 1.4782 59.5539 -3.0452 0.1841
Car -1 -1 -4.5535 525.6454 177.7537 557.7072 200.5493 1.5561 1.6787 4.1515 -4.9373 1.9253 52.2942 -4.6475 0.1223
Car -1 -1 -2.8169 421.3360 185.1202 513.9547 215.8619 1.4235 1.6805 4.1380 -6.9875 2.0437 35.3944 -3.0109 0.1057
Car -1 -1 -4.5574 487.3654 180.8202 525.0104 208.6386 1.5418 1.6209 4.0788 -6.2005 2.0413 43.2150 -4.6995 0.0969
Car -1 -1 -8.2742 657.3119 173.8677 695.4247 194.7290 1.6152 1.6357 3.8164 5.2801 1.6994 58.1358 -8.1845 0.0883
Car -1 -1 -5.0782 593.5364 175.6784 631.8776 195.6732 1.5109 1.6433 4.2191 0.1437 1.7442 57.4260 -5.0761 0.0681
Car -1 -1 -4.7303 555.6855 176.1083 580.9224 200.6758 1.6448 1.6988 4.1620 -3.0141 1.8842 51.0130 -4.7894 0.0669
Car -1 -1 -2.6664 472.3381 181.0069 540.2284 206.1062 1.5286 1.6760 3.9894 -6.6857 2.0680 46.3218 -2.8094 0.0621
Car -1 -1 -4.4883 443.8101 182.1834 489.7717 211.9230 1.4854 1.6050 4.0048 -7.7821 2.0198 39.3340 -4.6828 0.0513
