Pedestrian -1 -1 -4.3066 835.7820 160.2390 861.3674 214.5238 1.8970 0.6415 0.7036 8.4487 1.4558 25.6898 -3.9928 0.2429
Pedestrian -1 -1 -3.9590 1206.3073 144.8381 1241.0000 248.0325 1.7173 0.5701 0.6144 10.6748 1.2507 12.3257 -3.2573 0.1776
Pedestrian -1 -1 -8.9394 910.0114 162.9790 925.9430 199.6021 1.9225 0.6819 0.5212 16.3065 1.4038 38.2938 -8.5400 0.1624
Car -1 -1 -3.6554 600.0852 175.7202 650.2089 195.1822 1.6015 1.6003 4.0033 1.2752 1.8521 61.5124 -3.6352 0.1065
Car -1 -1 -6.9116 715.0685 169.2759 788.1514 198.2363 1.7119 1.7109 4.2048 8.6682 1.5001 44.3158 -6.7201 0.0797
Pedestrian -1 -1 -7.7588 362.2762 171.1702 375.9859 203.3120 1.7618 0.6623 0.6346 -13.3647 1.6692 39.9325 -8.0801 0.0744
Car -1 -1 -5.9867 367.4960 173.9728 463.7859 207.6404 1.5488 1.6685 4.0930 -9.1919 1.6029 34.1594 -6.2480 0.0724
Car -1 -1 -7.9172 445.2462 172.7707 467.5464 192.1215 1.5781 1.5959 3.9064 -13.0238 1.5710 60.9397 -8.1271 0.0708
Cyclist -1 -1 -4.3974 178.2645 179.9490 223.6828 251.9132 1.6096 0.4666 1.5737 -9.7292 1.7857 17.1169 -4.9079 0.0626
Pedestrian -1 -1 -8.3394 1003.5632 163.0686 1019.8631 192.1954 1.7898 0.6496 0.6553 24.8322 1.1882 44.6718 -7.8351 0.0608
Car -1 -1 -4.4822 604.2413 174.1633 635.2195 194.3620 1.5370 1.5835 4.0444 0.7841 1.6447 57.3388 -4.4689 0.0595
Pedestrian -1 -1 -5.0535 841.2886 158.7297 868.6954 211.9975 1.9131 0.6662 0.9479 8.9068 1.4055 26.3936 -4.7319 0.0549
Car -1 -1 -7.8566 463.0403 166.2306 480.9771 185.0928 1.7127 1.6036 4.0993 -12.9688 1.1110 67.6795 -8.0455 0.0516
Pedestrian -1 -1 -4.8581 672.8101 168.5862 685.0626 201.2196 1.8753 0.5835 0.8897 3.9651 1.6297 41.9226 -4.7649 0.3262
Pedestrian -1 -1 -7.1953 335.6943 173.5725 363.8013 225.0663 1.7174 0.6629 0.6086 -8.8688 1.7419 24.4676 -7.5400 0.0902
Pedestrian -1 -1 -7.8395 492.5468 174.2083 503.2513 199.1660 1.7185 0.7256 0.6581 -7.8124 1.8129 50.0995 -7.9938 0.0707
Pedestrian -1 -1 -7.4259 779.5253 164.7143 796.5276 201.0357 1.9332 0.7173 0.5706 9.5470 1.4997 38.8494 -7.1871 0.0662
Pedestrian -1 -1 -8.1749 1004.5437 162.8445 1019.4619 192.1737 1.7996 0.6253 0.6696 24.8429 1.1851 44.6592 -7.6703 0.0621
Cyclist -1 -1 -7.9964 730.0146 169.7342 741.4644 200.9966 1.7027 0.3996 1.5939 6.9443 1.5325 40.1014 -7.8266 0.0597
Pedestrian -1 -1 -7.9156 826.2744 164.3297 839.8285 202.9427 1.9142 0.6166 0.4867 11.1099 1.4913 36.0781 -7.6196 0.0582
Cyclist -1 -1 -4.6007 331.4030 172.9473 355.7288 224.1326 1.6762 0.5999 1.5774 -9.0687 1.6792 24.4695 -4.9525 0.0514
Pedestrian -1 -1 -8.6414 663.4252 169.6201 679.9503 201.3623 1.8181 0.5956 0.7528 3.5366 1.6326 41.8075 -8.5580 0.0505
Car -1 -1 -8.2580 768.4515 179.2747 1043.8053 333.8037 1.4853 1.6076 4.0944 3.3423 1.5856 9.2060 -7.9210 0.9687
Car -1 -1 -4.3158 249.1919 186.3330 401.8500 275.2674 1.4220 1.5145 3.2928 -5.2898 1.7091 13.7149 -4.6780 0.9428
Car -1 -1 -4.4229 345.6402 181.2311 457.9226 247.2225 1.4508 1.6525 3.9900 -5.2012 1.6872 18.3811 -4.6955 0.9409
Car -1 -1 -8.1162 733.8193 178.5273 858.0823 261.9791 1.4703 1.5564 3.4404 3.5867 1.5992 14.6911 -7.8823 0.9331
Car -1 -1 -8.5565 956.1998 186.3635 1241.0000 374.0000 1.4471 1.5506 3.7123 3.3694 1.5503 3.6727 -7.8540 0.7960
Car -1 -1 -5.8729 446.9782 177.6131 511.9809 199.8787 1.5115 1.6432 4.1977 -9.2079 1.8548 50.8100 -6.0516 0.4061
Car -1 -1 -4.4694 319.7704 175.5396 369.9686 206.9224 1.4755 1.4856 3.8135 -13.2866 1.6174 36.2367 -4.8188 0.2725
Car -1 -1 -5.0313 693.6979 173.0033 723.5988 189.9132 1.4874 1.5606 3.8296 8.9009 1.5011 65.5290 -4.8973 0.2662
Car -1 -1 -3.3448 678.0802 173.4925 735.8018 197.0896 1.6402 1.6876 3.7927 6.8176 1.6860 51.1835 -3.2135 0.1985
Car -1 -1 -6.9859 714.8305 167.0841 781.4554 196.3303 1.7299 1.7043 3.8330 8.4685 1.3883 44.3658 -6.7989 0.1241
Car -1 -1 -8.1991 972.3799 159.3647 1026.0360 189.2859 1.8378 1.7345 4.1144 24.9575 1.0090 46.4793 -7.7092 0.1065
Car -1 -1 -4.7116 325.0019 180.7594 380.6987 231.2681 1.4549 1.5811 4.1344 -8.4754 1.7384 23.6889 -5.0521 0.1001
Car -1 -1 -4.4377 499.1070 175.8535 537.5679 199.5022 1.5511 1.6343 3.9322 -6.3240 1.7668 49.9136 -4.5635 0.0875
Car -1 -1 -7.9043 785.2954 176.0484 823.4343 209.2763 1.4719 1.5457 3.7090 9.1506 1.6323 34.3163 -7.6464 0.0838
Car -1 -1 -4.7653 631.8871 173.5273 651.9774 191.0492 1.4905 1.5554 3.8733 2.7587 1.5512 63.4700 -4.7224 0.0764
Car -1 -1 -5.2815 753.2335 175.9104 892.4443 236.4890 1.4610 1.6052 4.2445 5.6453 1.5546 19.8943 -5.0095 0.0745
Car -1 -1 -8.0727 741.6908 169.6300 790.8773 205.3075 1.6744 1.6060 3.6543 7.6300 1.5228 35.6990 -7.8642 0.0705
Car -1 -1 -4.4552 482.1744 173.4951 524.4067 202.0041 1.6840 1.6445 3.9326 -6.5997 1.7253 44.7583 -4.6011 0.0610
Car -1 -1 -4.6611 720.9502 169.1771 741.9252 188.8910 1.7307 1.6675 4.3535 11.0555 1.4076 65.6505 -4.4953 0.0553
Car -1 -1 -4.9131 598.9160 173.4520 626.5883 192.6474 1.5981 1.6133 4.0265 0.1789 1.6512 62.3367 -4.9106 0.0513
Car -1 -1 -4.6149 381.2866 178.2484 444.0107 228.8327 1.5027 1.6144 4.0520 -6.5247 1.6979 24.0199 -4.8779 0.0508
