Pedestrian -1 -1 -6.5808 1166.9288 141.1070 1194.6508 217.7214 1.8171 0.5221 0.3846 13.7274 1.0639 17.4255 -5.9219 0.1324
Pedestrian -1 -1 -3.5935 679.2857 163.3831 692.3524 194.0773 1.8555 0.6035 0.5871 4.5868 1.2827 44.0027 -3.4907 0.0972
Pedestrian -1 -1 -4.9857 590.9349 169.3333 608.4904 206.8608 1.7220 0.6406 0.7343 -0.5232 1.5601 33.5520 -5.0017 0.0699
Pedestrian -1 -1 -4.4926 1145.1113 120.5256 1203.8042 250.5820 1.9034 0.5950 0.5970 8.5325 1.1372 10.9796 -3.8450 0.0672
Pedestrian -1 -1 -3.1649 831.2700 155.6230 840.0155 187.5442 1.8471 0.5619 0.4718 13.1227 0.8497 42.0855 -2.8648 0.0670
Pedestrian -1 -1 -3.3254 847.7776 154.7108 868.9237 217.5495 1.8024 0.4975 0.4956 7.1666 1.2817 20.9767 -3.0009 0.0652
Pedestrian -1 -1 -5.4255 415.6129 167.5525 463.2897 263.4944 1.6664 0.5187 0.6722 -3.1122 1.5740 12.9392 -5.6578 0.0625
Pedestrian -1 -1 -7.7778 1173.1191 141.9528 1216.6615 243.8989 1.7119 0.5516 0.5878 10.0945 1.1927 12.5190 -7.1109 0.0533
Pedestrian -1 -1 -5.0806 802.4747 156.2493 816.2110 187.8231 1.8876 0.5777 0.7166 11.9850 0.8946 43.5208 -4.8139 0.0515
Car -1 -1 -7.4339 1241.0000 132.3953 1241.0000 374.0000 1.4405 1.5463 3.9248 5.5956 1.3158 3.2712 -6.4306 0.0500
Pedestrian -1 -1 -5.1655 1164.3007 142.9524 1241.0000 272.0815 1.6601 0.6510 0.5326 7.8376 1.2754 9.6058 -4.4963 0.2885
Pedestrian -1 -1 -6.1197 475.9713 162.1617 526.4590 244.6292 1.7263 0.5485 0.9891 -2.3629 1.5022 15.3848 -6.2704 0.2760
Pedestrian -1 -1 -4.8847 577.1536 169.9189 595.3576 211.6553 1.7080 0.6259 0.8033 -1.0347 1.5875 29.9845 -4.9195 0.2381
Pedestrian -1 -1 -7.9292 820.6758 167.0383 838.4745 207.6787 1.6470 0.6551 0.5597 8.9545 1.4110 29.5838 -7.6385 0.2191
Pedestrian -1 -1 -3.5540 825.4699 156.7014 854.3971 204.2478 1.8912 0.6560 0.9237 9.2156 1.2484 29.0756 -3.2504 0.1475
Cyclist -1 -1 -4.8064 824.5006 165.3701 842.4216 207.9075 1.6961 0.5548 1.5015 9.1013 1.3974 29.5615 -4.5110 0.1330
Cyclist -1 -1 -3.4723 812.1395 162.1203 856.8424 205.4698 1.7431 0.5757 1.6364 9.0725 1.3112 29.3281 -3.1756 0.1266
Pedestrian -1 -1 -5.0276 1124.9187 140.4675 1192.7661 273.1487 1.7193 0.5558 0.6172 7.3266 1.2993 9.7294 -4.3969 0.1226
Pedestrian -1 -1 -4.7805 540.0328 168.0195 559.5637 221.1462 1.7168 0.5836 0.8394 -2.0364 1.5603 23.7761 -4.8656 0.0931
Cyclist -1 -1 -7.4704 735.1531 154.7525 747.7842 177.0094 1.6832 0.3773 1.6194 10.0621 0.3140 55.3515 -7.2916 0.0792
Pedestrian -1 -1 -8.2050 1090.0874 129.4991 1158.0294 264.9372 1.7953 0.5866 0.5909 6.9967 1.2203 9.9231 -7.6051 0.0751
Cyclist -1 -1 -5.1322 807.1165 165.3295 837.2659 207.8086 1.6993 0.6092 1.5370 8.6653 1.3980 29.6665 -4.8511 0.0741
Pedestrian -1 -1 -5.4789 733.5112 154.2261 746.6379 178.7088 1.8487 0.5662 0.8305 9.8824 0.4418 54.9866 -5.3021 0.0711
Pedestrian -1 -1 -2.8027 486.7130 169.7046 528.1324 240.6784 1.6097 0.4656 0.8411 -2.4183 1.5379 16.6745 -2.9453 0.0671
Pedestrian -1 -1 -2.9059 503.4123 169.4090 534.3245 240.8526 1.5643 0.4707 0.5900 -2.0770 1.4886 16.0642 -3.0332 0.0641
Pedestrian -1 -1 -6.1072 483.4764 162.7598 522.9934 240.2154 1.6882 0.5625 0.7822 -2.4152 1.4678 16.0181 -6.2552 0.0603
Pedestrian -1 -1 -3.8243 1033.9691 136.0971 1107.2450 268.4897 1.7800 0.4810 0.7124 6.3092 1.2855 9.9864 -3.2745 0.0581
Pedestrian -1 -1 -6.0355 475.1366 165.1551 521.8403 243.6721 1.6727 0.5620 0.8939 -2.4701 1.5084 15.6926 -6.1898 0.0530
Cyclist -1 -1 -3.5104 808.2725 164.6019 850.2499 207.0509 1.7317 0.6108 1.5420 9.0046 1.3948 29.8000 -3.2202 0.0504
Car -1 -1 -8.0825 757.2515 175.5365 902.0158 267.6806 1.3851 1.5848 3.7115 3.6659 1.4395 12.8437 -7.8114 0.9699
Car -1 -1 -8.0297 741.0701 166.6102 840.8746 236.9187 1.5456 1.6585 4.1162 4.3089 1.4081 17.9629 -7.7986 0.8393
Car -1 -1 -7.8977 744.2412 163.2519 805.8671 222.1895 1.7073 1.7005 4.3314 5.1574 1.4289 23.1812 -7.6820 0.4573
Car -1 -1 -7.3366 562.9574 165.1165 636.7998 205.6228 1.8726 1.7919 4.2252 -0.4678 1.5146 35.6384 -7.3501 0.0792
Car -1 -1 -7.1840 1241.0000 137.2484 1241.0000 347.8943 1.4728 1.5485 4.0443 7.8485 1.2235 5.8330 -6.2763 0.0757
Car -1 -1 -8.0854 743.9025 165.4041 796.7416 201.4894 1.6331 1.6216 3.8091 7.5717 1.2956 34.5728 -7.8719 0.0682
