Cyclist -1 -1 -4.6078 209.3801 176.0182 283.2291 358.5878 1.8706 0.5651 1.7570 -4.2172 1.9109 8.3469 -5.0637 0.2523
Pedestrian -1 -1 -4.8783 468.0752 173.0901 486.5510 226.7845 1.9807 0.5744 0.6899 -5.0216 1.9894 27.0430 -5.0608 0.1421
Pedestrian -1 -1 -6.5147 652.4998 173.8197 667.2162 198.9866 1.8435 0.5273 0.9876 3.6459 1.9148 53.2188 -6.4472 0.1235
Pedestrian -1 -1 -5.2237 718.9290 167.4814 753.6415 234.1303 1.9482 0.6148 0.9948 3.7338 1.7908 21.6628 -5.0561 0.1226
Pedestrian -1 -1 -2.0455 128.0491 159.8085 244.9541 374.0000 2.0240 0.6497 0.9352 -4.2574 1.9038 7.1577 -2.5667 0.1223
Pedestrian -1 -1 -5.4086 416.3902 173.4482 463.3280 261.7799 1.9398 0.5988 0.8987 -3.9111 1.9534 16.3611 -5.6404 0.1106
Pedestrian -1 -1 -3.5417 684.0256 174.5126 700.0135 217.6899 1.8443 0.5405 0.5155 3.4990 1.9164 31.1785 -3.4317 0.1096
Pedestrian -1 -1 -2.9268 213.3064 195.4719 289.5900 349.9854 1.6556 0.5305 0.6729 -4.0977 1.9218 8.1669 -3.3798 0.0964
Pedestrian -1 -1 -5.1199 200.8466 164.1142 279.3445 339.3155 2.0086 0.5520 0.8707 -4.5529 1.9081 8.7630 -5.5875 0.0956
Pedestrian -1 -1 -5.7934 527.1635 182.8585 542.9915 214.6116 1.7719 0.5718 0.7071 -4.2840 2.3444 40.9129 -5.8977 0.0923
Pedestrian -1 -1 -7.8547 516.9288 179.5589 532.3645 222.3362 1.8170 0.6545 0.6936 -3.7285 2.1097 31.1507 -7.9735 0.0869
Pedestrian -1 -1 -4.0919 238.1959 178.5803 325.1414 342.0391 1.8583 0.5882 0.8132 -3.9916 1.9306 8.6920 -4.5118 0.0807
Pedestrian -1 -1 -5.0153 357.7195 206.3387 397.3139 306.5712 1.4822 0.4481 0.5375 -3.6832 2.0203 11.2517 -5.3258 0.0796
Pedestrian -1 -1 -7.8455 284.7954 188.8089 340.8371 349.7776 1.8146 0.5991 0.7884 -3.6326 2.0174 8.7054 -8.2311 0.0745
Pedestrian -1 -1 -5.0989 888.3522 152.7618 929.5618 243.5326 1.9859 0.6583 0.6262 6.6097 1.5460 16.1005 -4.7165 0.0726
Pedestrian -1 -1 -3.5855 692.2336 174.1437 716.9267 223.8700 1.9000 0.6717 0.7321 3.6250 1.9506 28.0249 -3.4589 0.0618
Cyclist -1 -1 -8.1675 545.4651 181.8843 557.9156 206.8632 1.7550 0.4031 1.6585 -4.2505 2.4179 52.1481 -8.2489 0.0591
Pedestrian -1 -1 -7.2754 548.3854 183.9430 561.4863 207.4914 1.6717 0.7412 0.5893 -4.0033 2.4783 52.0696 -7.3523 0.0591
Pedestrian -1 -1 -2.0158 173.4634 185.5286 261.1052 374.0000 1.8090 0.5067 0.7859 -4.0986 1.9468 7.4213 -2.5062 0.0581
Pedestrian -1 -1 -3.3209 660.6705 169.3772 673.6544 201.5627 1.9463 0.6219 0.6877 3.4462 1.7358 43.9769 -3.2437 0.0561
Pedestrian -1 -1 -3.4239 1137.7694 120.3027 1241.0000 374.0000 1.9221 0.5863 0.7068 4.0449 1.5938 4.9063 -2.7643 0.0542
Cyclist -1 -1 -7.6974 538.6880 183.2170 547.5037 209.1850 1.6028 0.3281 1.5151 -4.2867 2.2729 45.9121 -7.7905 0.0538
Car -1 -1 -7.9726 648.9005 184.2131 702.8834 228.0696 1.4957 1.5763 3.9840 2.4081 1.9628 27.6703 -7.8875 0.9386
Car -1 -1 -2.7156 515.2167 185.3204 572.5230 207.5169 1.5308 1.6025 3.8509 -4.8559 2.4652 52.7098 -2.8075 0.1131
Car -1 -1 -2.1186 57.4139 203.6532 364.0401 358.8200 1.5000 1.6249 4.0245 -5.2959 1.9718 9.3557 -2.6222 0.1032
Car -1 -1 -8.3438 511.3044 185.0602 558.3891 209.2830 1.5506 1.6324 3.8704 -5.3105 2.4365 50.3247 -8.4489 0.0721
