Cyclist -1 -1 -7.9088 813.6382 162.8590 825.6189 197.2938 1.6408 0.4654 1.6584 10.4611 0.8004 34.5513 -7.6156 0.2125
Pedestrian -1 -1 -3.8352 21.8967 207.0921 59.1275 261.5150 1.3610 0.4412 0.6163 -14.6996 2.0653 18.3692 -4.5003 0.1833
Car -1 -1 -7.1049 99.3184 185.6950 238.7400 241.8120 1.6046 1.6722 3.7484 -13.8035 1.7856 22.5945 -7.6455 0.0875
Pedestrian -1 -1 -5.2288 769.3353 156.4164 784.7256 186.4618 1.9485 0.6337 0.8681 11.2713 0.3867 46.3587 -4.9900 0.0842
Pedestrian -1 -1 -5.7847 40.1404 168.3745 65.3175 218.5968 2.0033 0.6426 0.5615 -22.3327 1.5198 28.5645 -6.4411 0.0813
Pedestrian -1 -1 -6.2004 322.3540 175.0878 329.6655 199.3430 1.7503 0.7051 0.4362 -20.2863 1.3598 51.4224 -6.5724 0.0779
Pedestrian -1 -1 -5.9140 222.3794 169.7832 233.8614 204.8752 1.9832 0.5113 0.4194 -21.4581 1.3777 40.2375 -6.3989 0.0731
Pedestrian -1 -1 -8.4726 881.5882 154.5367 904.9695 207.0464 1.8814 0.5506 0.5806 10.4352 0.9514 25.6796 -8.0892 0.0671
Car -1 -1 -4.7325 136.0139 156.8454 162.2113 180.5814 1.8357 1.7035 4.1301 -36.6842 0.0063 56.8730 -5.3008 0.0650
Pedestrian -1 -1 -4.7015 745.4044 155.0197 774.7702 240.8240 1.8215 0.6115 0.8271 3.3515 1.2810 15.4804 -4.4907 0.0601
Car -1 -1 -5.2385 615.6003 172.6123 665.3083 194.9564 1.4500 1.6304 3.8975 2.3563 0.9382 47.9899 -5.1880 0.0598
Cyclist -1 -1 -8.1353 984.2683 149.5327 1021.9851 214.1817 1.6253 0.4004 1.6847 10.4332 0.8471 18.6417 -7.6305 0.0575
Car -1 -1 -4.8606 693.4619 165.0625 717.2656 181.6989 1.4524 1.5754 3.7986 9.0183 0.1046 63.6310 -4.7187 0.0520
Pedestrian -1 -1 -4.9623 777.8277 138.1022 861.5457 314.4993 1.9141 0.6982 0.9415 2.3928 1.4544 8.1522 -4.6853 0.4942
Pedestrian -1 -1 -4.8999 1081.6492 127.0790 1134.6693 231.0872 1.8924 0.6455 0.9367 9.4845 0.9208 13.4237 -4.2941 0.4067
Pedestrian -1 -1 -5.9706 426.0517 171.9090 439.4120 195.8519 1.8270 0.5341 0.8739 -13.2102 1.1714 54.2520 -6.2064 0.3640
Cyclist -1 -1 -7.7932 222.2928 187.3652 235.4295 230.4285 1.6415 0.3634 1.4655 -14.8804 1.9201 27.9310 -8.2765 0.2676
Cyclist -1 -1 -7.8608 303.7397 183.4017 312.5135 216.0779 1.6027 0.3995 1.5926 -14.9829 1.7524 35.6338 -8.2541 0.1797
Pedestrian -1 -1 -3.5735 904.8758 129.3630 1032.1797 320.8954 1.9112 0.5350 1.0446 3.6899 1.4013 7.3326 -3.1226 0.1560
Cyclist -1 -1 -4.7421 255.0654 184.1850 267.1526 223.9539 1.6691 0.4323 1.4676 -14.8953 1.8325 30.5640 -5.1899 0.1432
Cyclist -1 -1 -3.0244 343.5022 176.8228 376.0418 207.9165 1.7561 0.6669 1.6912 -14.0253 1.5485 40.4365 -3.3542 0.1132
Cyclist -1 -1 -8.5706 768.9737 155.9231 861.0167 270.6797 1.7379 0.4151 1.6983 3.3407 1.3661 11.5641 -8.2949 0.1053
Cyclist -1 -1 -7.8546 280.7690 183.5988 290.8271 219.5534 1.6360 0.4202 1.5227 -14.9563 1.7846 33.0876 -8.2740 0.0936
Cyclist -1 -1 -7.4858 302.0253 181.9445 323.8421 216.0206 1.6731 0.4680 1.5949 -14.7053 1.7476 35.5846 -7.8729 0.0921
Cyclist -1 -1 -2.3808 209.6078 185.1169 248.6598 229.3243 1.7119 0.4565 1.4482 -14.8516 1.8969 27.8851 -2.8639 0.0877
Cyclist -1 -1 -6.1954 249.7970 180.5564 292.1493 221.8552 1.7476 0.6141 1.6021 -14.4088 1.7502 30.4821 -6.6314 0.0870
Pedestrian -1 -1 -6.2644 188.1555 179.5068 200.8340 219.7626 1.8955 0.6916 0.5074 -19.5934 1.8489 33.7179 -6.7852 0.0868
Cyclist -1 -1 -5.2622 239.1213 182.0209 273.2606 224.2880 1.7653 0.5726 1.5812 -14.9507 1.8320 30.2451 -5.7155 0.0860
Pedestrian -1 -1 -3.8000 1177.3135 126.5980 1223.0000 230.3003 1.7542 0.5506 0.6572 10.4156 0.8428 12.2471 -3.1062 0.0782
Cyclist -1 -1 -8.0109 295.0807 179.3588 311.1124 214.6817 1.7396 0.4900 1.6968 -15.2561 1.6835 35.6706 -8.4103 0.0777
Cyclist -1 -1 -4.1551 345.7117 178.8773 370.6449 208.4479 1.6493 0.5653 1.6243 -14.0644 1.5589 40.2906 -4.4869 0.0730
Cyclist -1 -1 -4.5189 227.2571 179.3789 244.6088 213.1947 1.7440 0.4895 1.6973 -19.5007 1.6863 37.3487 -4.9950 0.0729
Cyclist -1 -1 -8.8021 906.1163 132.6426 1171.2996 369.0000 1.7883 0.6643 1.7942 3.3998 1.4580 5.8400 -8.2962 0.0692
Pedestrian -1 -1 -7.7153 1146.3611 132.1416 1191.3148 225.6485 1.6837 0.5789 0.6329 10.4471 0.8133 13.1598 -7.0542 0.0677
Cyclist -1 -1 -8.5072 790.2430 158.5529 874.7282 273.1918 1.7301 0.3766 1.6346 3.6092 1.3993 11.5025 -8.2092 0.0617
Cyclist -1 -1 -4.2996 422.3107 172.5679 439.3310 196.1742 1.7773 0.5862 1.8112 -13.3300 1.1801 54.1750 -4.5378 0.0609
Pedestrian -1 -1 -7.5672 989.5703 143.8667 1110.9349 369.0000 1.7295 0.6544 0.8308 3.6083 1.4557 5.8147 -7.0340 0.0605
Pedestrian -1 -1 -8.7202 754.3084 162.6549 787.2773 220.0569 1.8034 0.6282 0.8196 5.2912 1.2430 22.7292 -8.4929 0.0604
Cyclist -1 -1 -7.8705 766.5685 165.6612 781.9933 230.7091 1.6967 0.3734 1.5981 4.5633 1.3100 19.2629 -7.6398 0.0600
Pedestrian -1 -1 -4.3485 983.7972 135.4121 1117.2281 369.0000 1.7891 0.6249 0.8709 3.3991 1.4729 5.4816 -3.8170 0.0595
Cyclist -1 -1 -7.9787 273.0929 180.9377 287.9232 218.6522 1.7235 0.4337 1.6678 -15.2435 1.7447 33.1538 -8.4045 0.0585
Pedestrian -1 -1 -7.4880 1157.2655 127.6229 1211.6366 225.4787 1.7168 0.5774 0.6366 10.4507 0.7895 12.8148 -6.8141 0.0583
Pedestrian -1 -1 -7.2463 301.5680 186.8876 317.4892 216.7285 1.4691 0.5207 0.5342 -14.7521 1.7907 35.2613 -7.6378 0.0579
Cyclist -1 -1 -4.8626 698.3667 166.9007 717.8385 215.0043 1.6923 0.4675 1.5528 3.6985 1.2141 25.6519 -4.7195 0.0576
Pedestrian -1 -1 -7.3427 1021.9914 124.8569 1179.1147 369.0000 1.8041 0.7106 0.8951 3.9504 1.3943 5.7352 -6.7630 0.0563
Pedestrian -1 -1 -3.7079 765.2670 158.4806 777.6508 182.4852 1.7892 0.6854 0.6371 12.5106 0.1480 53.1296 -3.4761 0.0562
Pedestrian -1 -1 -7.3187 1128.0001 132.6055 1182.4025 225.1021 1.7101 0.5822 0.6257 10.4207 0.8250 13.4596 -6.6695 0.0537
Cyclist -1 -1 -7.0667 302.1262 177.3917 336.5169 215.0441 1.8460 0.6192 1.6431 -14.3632 1.6937 35.5409 -7.4461 0.0537
Pedestrian -1 -1 -4.0206 1167.4139 125.8947 1223.0000 226.4642 1.7334 0.5703 0.6321 10.4556 0.7926 12.5272 -3.3357 0.0532
Pedestrian -1 -1 -7.9525 1127.8075 138.0997 1158.6583 215.0903 1.7920 0.5499 0.3127 12.6888 0.8054 16.7330 -7.3110 0.0527
Cyclist -1 -1 -5.0439 985.4647 142.8856 1030.0773 213.8964 1.7566 0.4700 1.6842 10.3908 0.8264 18.3605 -4.5345 0.0525
Pedestrian -1 -1 -6.9777 918.5679 145.1004 1040.6860 351.5429 1.7511 0.6700 0.7120 3.3168 1.4513 6.4060 -6.5179 0.0514
Cyclist -1 -1 -7.0741 218.5155 183.6004 261.4955 229.9620 1.7651 0.5469 1.5837 -14.3941 1.8911 27.8677 -7.5447 0.0508
Car -1 -1 -7.7930 559.7781 169.2821 578.2006 184.6788 1.4414 1.5440 3.6855 -3.4179 0.3911 68.0425 -7.8412 0.4673
Car -1 -1 -3.2788 756.9722 158.7902 815.4236 179.5909 1.5442 1.6615 4.1042 13.7084 -0.0704 53.6425 -3.0282 0.1959
Car -1 -1 -4.2514 123.6945 186.4307 205.7794 223.9755 1.5844 1.6478 3.8315 -20.1096 1.8733 32.4438 -4.8003 0.1879
Car -1 -1 -5.2070 260.2681 178.5143 313.2532 204.2074 1.6504 1.6413 3.7720 -21.2748 1.5229 47.2181 -5.6262 0.1261
Car -1 -1 -8.0023 332.9417 178.1161 372.9645 206.8300 1.6122 1.6652 4.0129 -14.9723 1.4785 41.8619 -8.3417 0.1049
Car -1 -1 -7.4909 277.1405 184.4932 334.9327 215.3207 1.4942 1.5694 3.5832 -15.3996 1.7110 36.5547 -7.8850 0.0843
Car -1 -1 -4.8258 702.2512 170.7807 753.4349 210.3768 1.5101 1.5976 4.1254 4.9472 1.1396 29.0679 -4.6573 0.0781
Car -1 -1 -4.4660 403.6021 175.0758 436.8099 195.9469 1.6427 1.6944 3.9662 -15.0074 1.2158 57.6380 -4.7177 0.0644
Car -1 -1 -4.2498 206.1965 179.3196 272.0099 211.3282 1.6885 1.6391 3.9597 -20.2507 1.6264 39.2842 -4.7208 0.0603
Car -1 -1 -4.9236 583.4929 167.5015 608.7606 183.9862 1.5670 1.6557 4.1149 -0.8781 0.3313 69.4013 -4.9344 0.0594
Car -1 -1 -2.4679 126.4000 191.7855 245.5764 231.9366 1.4757 1.5846 3.8774 -16.3731 1.9343 27.6511 -2.9960 0.0559
