Pedestrian -1 -1 -1.8330 140.5429 174.1883 171.8610 231.7618 1.7629 0.6748 0.6962 -14.2625 1.8053 22.6007 -2.3908 0.1750
Pedestrian -1 -1 -4.5373 970.8121 151.3362 998.4444 211.0878 1.9838 0.6859 0.9424 12.6968 1.2691 24.5388 -4.0650 0.1261
Pedestrian -1 -1 -4.5159 82.4902 171.2514 96.1020 202.2116 1.8592 0.5332 0.7468 -31.6245 1.7626 43.7788 -5.1387 0.1116
Cyclist -1 -1 -7.7159 153.2297 176.4721 177.5340 229.5947 1.7049 0.4688 1.6135 -14.8859 1.8296 24.1029 -8.2645 0.0989
Pedestrian -1 -1 -6.5460 106.2358 170.8012 124.9596 204.5221 1.8754 0.5949 0.7410 -27.8574 1.7609 40.6025 -7.1445 0.0926
Pedestrian -1 -1 -8.2234 1008.5552 166.2610 1025.0347 201.0761 1.8812 0.6684 0.4336 22.0863 1.5246 39.2478 -7.7144 0.0902
Pedestrian -1 -1 -5.4485 854.8022 161.3898 891.4465 222.1446 1.8475 0.5980 0.9344 8.1440 1.4986 22.4872 -5.1057 0.0825
Pedestrian -1 -1 -4.5167 1013.2383 156.7006 1030.5785 195.1207 1.8589 0.6194 0.6853 20.1530 1.0770 35.3718 -4.0026 0.0804
Car -1 -1 -5.7274 236.7026 172.7905 290.6956 191.3743 1.6961 1.5968 4.3220 -32.1009 1.6900 66.8830 -6.1736 0.0778
Pedestrian -1 -1 -3.5234 597.9890 168.1752 623.9489 214.2147 1.8835 0.6101 0.9164 -0.0056 1.6918 29.9721 -3.5242 0.0703
Cyclist -1 -1 -4.8463 945.3868 164.3116 966.3470 206.7157 1.7551 0.5761 1.6836 14.6854 1.4012 30.7537 -4.4049 0.0698
Pedestrian -1 -1 -8.3545 1121.9108 168.7940 1164.5439 246.9193 1.6542 0.5677 0.4982 11.4382 1.5680 15.5602 -7.7302 0.0683
Cyclist -1 -1 -5.5846 892.3597 168.9434 921.0148 197.7228 1.6767 0.5453 1.5945 17.5796 1.4485 42.8685 -5.1982 0.0646
Car -1 -1 -4.8440 791.3682 175.5129 824.8128 199.0728 1.4468 1.5960 3.7424 12.7457 1.6259 46.7136 -4.5796 0.0579
Pedestrian -1 -1 -7.5285 174.7059 174.0911 189.2275 203.4206 1.8179 0.6338 0.5621 -26.7802 1.8955 45.0909 -8.0620 0.0536
Cyclist -1 -1 -7.1521 914.0149 164.0313 968.6359 216.9753 1.7848 0.7222 1.8233 11.4546 1.4871 25.0418 -6.7280 0.0529
Car -1 -1 -4.2097 296.4995 179.1447 348.5786 202.4989 1.5040 1.5802 4.0347 -19.7634 1.9553 49.6992 -4.5866 0.0509
Pedestrian -1 -1 -5.8203 297.3394 154.4871 404.3809 344.0886 1.7272 0.4188 0.8576 -2.5008 1.5596 6.8336 -6.1599 0.1474
Pedestrian -1 -1 -7.0650 907.5427 173.0412 934.4056 220.6187 1.6200 0.7263 0.4812 10.7222 1.6263 24.9978 -6.6647 0.1376
Pedestrian -1 -1 -4.8302 364.5315 148.8748 422.7328 313.6224 1.9138 0.5763 1.0194 -2.7590 1.6350 8.9642 -5.1216 0.1211
Cyclist -1 -1 -8.5049 879.0117 169.2706 925.1705 218.7430 1.6703 0.5345 1.7584 10.1619 1.5490 25.2790 -8.1273 0.1066
Pedestrian -1 -1 -8.7061 904.3670 169.9149 931.9919 219.3072 1.6683 0.7209 0.5296 10.5302 1.5688 24.7679 -8.3089 0.1021
Pedestrian -1 -1 -8.1618 922.0333 168.0320 947.8736 219.6337 1.7489 0.6738 0.5412 11.0983 1.5851 24.7596 -7.7454 0.0724
Cyclist -1 -1 -7.2895 373.9285 174.8307 395.1889 202.4387 1.7465 0.5678 1.5524 -14.5795 1.8761 46.5864 -7.5915 0.0566
Pedestrian -1 -1 -7.9560 958.2720 171.6521 975.7446 208.5261 1.7341 0.6789 0.6586 16.9543 1.6773 34.3595 -7.5014 0.0553
Car -1 -1 -8.0186 678.2352 178.2663 747.1995 226.6804 1.4202 1.5682 4.0165 3.2247 1.6126 23.6526 -7.8855 0.9725
Car -1 -1 -8.3445 827.2962 170.4794 1241.0000 374.0000 1.5995 1.6226 4.1744 3.6007 1.5828 7.1220 -7.8940 0.9354
Car -1 -1 -7.9217 639.2986 177.9590 674.2234 207.3240 1.4312 1.5713 3.3861 2.3472 1.7079 37.4554 -7.8601 0.9062
Car -1 -1 -9.0045 906.2633 176.1529 992.8320 207.2304 1.4367 1.4784 3.5678 16.6494 1.6074 35.5755 -8.5703 0.3768
Car -1 -1 -4.5077 662.2254 174.2935 686.1619 190.6528 1.4697 1.4921 3.7563 5.9829 1.6075 67.1907 -4.4196 0.3638
Car -1 -1 -5.0257 727.1290 171.7308 799.6400 214.9361 1.6839 1.7013 4.3455 6.3096 1.6398 30.3745 -4.8233 0.2629
Car -1 -1 -7.9384 679.3895 175.6842 724.6255 213.0480 1.5397 1.6446 3.9460 3.9801 1.6729 32.0387 -7.8165 0.1361
Car -1 -1 -6.5832 593.0371 176.1862 654.6072 198.5358 1.5007 1.6546 3.9703 0.9198 1.7385 50.1991 -6.5654 0.0868
Car -1 -1 -4.9118 891.9438 175.6187 1012.5368 253.9840 1.5323 1.6173 4.1868 7.5818 1.6037 16.4857 -4.4882 0.0860
Car -1 -1 -6.4541 376.6963 176.8499 443.1163 201.9335 1.5695 1.6589 3.9678 -13.1326 1.8397 47.2522 -6.7241 0.0835
Car -1 -1 -7.8383 165.7630 171.5385 197.9868 200.5575 1.7918 1.7240 4.0667 -27.7215 1.7103 46.7461 -8.3713 0.0793
Car -1 -1 -9.4471 0.0000 0.0000 1241.0000 374.0000 1.5798 1.6083 3.9108 5.3137 1.5509 2.0400 -8.2906 0.0772
Car -1 -1 -4.9031 894.7007 170.2874 972.6937 221.4772 1.5834 1.6438 3.9920 10.8047 1.5037 24.4459 -4.4919 0.0670
Car -1 -1 -9.0559 0.0000 0.0000 1241.0000 374.0000 1.5421 1.6204 3.6849 3.3471 1.5658 1.0990 -7.8801 0.0504
