Pedestrian -1 -1 -6.9263 72.9380 174.9082 179.6917 362.4883 1.6430 0.6760 0.5248 -4.5333 1.6628 6.6903 -7.5040 0.1721
Pedestrian -1 -1 -4.8001 799.8859 161.4895 827.5421 233.5262 1.8574 0.6415 0.6405 5.2999 1.5641 18.9764 -4.5325 0.0833
Pedestrian -1 -1 -5.6285 0.0000 152.7465 26.9947 212.2990 1.8354 0.6779 0.5908 -18.8637 1.2154 22.5867 -6.3185 0.0771
Pedestrian -1 -1 -6.0125 631.2946 173.1128 642.1471 198.7981 1.7733 0.7128 0.5871 1.8314 1.7912 50.2525 -5.9767 0.0734
Pedestrian -1 -1 -4.7512 728.6071 158.8880 741.9268 197.2338 1.9305 0.6429 0.5740 6.3204 1.2271 36.6521 -4.5821 0.0726
Pedestrian -1 -1 -5.7972 126.4406 144.4444 149.8073 189.2948 1.7989 0.5579 0.6013 -19.1648 0.6591 29.2444 -6.3732 0.0704
Pedestrian -1 -1 -4.8813 528.1799 166.2585 536.2815 188.9273 1.8864 0.5618 0.7185 -6.5439 1.3373 60.4660 -4.9889 0.0684
Pedestrian -1 -1 -4.0898 852.6990 193.6522 952.4036 374.0000 1.4913 0.5112 0.6540 2.4416 1.6803 6.1711 -3.7308 0.0643
Pedestrian -1 -1 -5.6476 45.3627 143.4536 72.1607 198.9664 1.8599 0.6052 0.4506 -18.7441 0.8746 24.4805 -6.2958 0.0628
Pedestrian -1 -1 -5.0982 452.9152 168.7503 472.4195 212.7542 1.7630 0.5779 0.6413 -6.0357 1.5983 29.3350 -5.2998 0.0617
Car -1 -1 -4.2862 135.5126 151.6195 227.4033 192.8214 1.5396 1.6560 4.0059 -17.1599 0.7458 29.0401 -4.8160 0.0612
Car -1 -1 -4.2414 109.7177 173.5450 295.3197 255.6828 1.6202 1.7618 4.6100 -9.1265 1.6380 16.5983 -4.7377 0.0607
Car -1 -1 -7.7048 570.5501 172.3687 598.0416 193.6418 1.6708 1.6443 4.1470 -2.0843 1.6324 58.8225 -7.7405 0.0590
Pedestrian -1 -1 -5.2972 1079.0505 131.7611 1150.7648 250.2284 2.0261 0.6567 0.8833 8.8704 1.3230 12.7856 -4.7017 0.0589
Pedestrian -1 -1 -5.6424 119.9142 142.9247 142.7283 189.0071 1.7879 0.6085 0.4763 -18.8231 0.6264 28.3123 -6.2249 0.0517
Pedestrian -1 -1 -5.6853 1021.0056 122.6932 1201.0803 374.0000 1.9788 0.5802 1.0477 3.9473 1.6142 5.8351 -5.1147 0.2111
Pedestrian -1 -1 -4.3086 1094.2778 165.0324 1160.4091 295.7239 1.7593 0.6110 0.4955 7.1825 1.6537 10.1036 -3.7051 0.2100
Pedestrian -1 -1 -3.5836 1115.8468 155.4859 1198.9233 313.7236 1.7868 0.5710 0.5836 6.3581 1.5904 8.4815 -2.9576 0.1202
Cyclist -1 -1 -6.8801 766.3253 166.6969 813.6420 221.0292 1.7794 0.5883 1.4611 5.9789 1.5774 24.1617 -6.6410 0.1168
Cyclist -1 -1 -7.7754 767.7061 168.7053 786.7914 221.1898 1.7218 0.5217 1.5037 5.6325 1.5854 24.4668 -7.5524 0.1140
Pedestrian -1 -1 -3.6876 817.5103 165.8214 933.0569 374.0000 1.6959 0.5067 0.7765 2.1972 1.6387 6.1702 -3.3621 0.1136
Pedestrian -1 -1 -3.4001 975.1537 131.4373 1112.5897 374.0000 1.8866 0.6542 0.8017 3.4277 1.5736 5.8636 -2.8938 0.1034
Cyclist -1 -1 -8.1942 753.7472 171.6839 783.8336 220.0108 1.5943 0.4887 1.6001 5.3570 1.5554 24.6284 -7.9831 0.1004
Cyclist -1 -1 -4.0695 1058.0288 158.3879 1190.1918 294.3113 1.8258 0.5718 1.8218 7.2530 1.6312 10.2550 -3.4681 0.0995
Pedestrian -1 -1 -8.0259 768.8323 174.1610 787.8885 220.0548 1.5213 0.5500 0.4542 5.5897 1.5652 24.1726 -7.8019 0.0966
Cyclist -1 -1 -8.1676 1108.1948 162.1355 1200.9608 317.9729 1.7172 0.3637 1.6871 6.5370 1.5988 8.8095 -7.5459 0.0885
Pedestrian -1 -1 -3.8711 829.4977 148.7417 945.4797 374.0000 1.7706 0.5429 0.7034 2.1987 1.5862 5.8939 -3.5317 0.0811
Cyclist -1 -1 -6.6393 753.0562 168.4451 797.9918 220.2406 1.7297 0.4906 1.3999 5.5533 1.5822 24.4336 -6.4190 0.0788
Cyclist -1 -1 -8.2130 616.8181 170.6637 628.5422 188.0140 1.6304 0.5460 1.7160 1.1814 1.4243 68.7038 -8.1962 0.0754
Pedestrian -1 -1 -8.1001 760.9489 173.0095 784.6071 221.5362 1.5836 0.6121 0.6878 5.3389 1.5885 23.9008 -7.8836 0.0704
Cyclist -1 -1 -7.8535 1107.3726 172.1719 1147.6854 312.7413 1.6664 0.3891 1.7201 6.6434 1.6580 9.3729 -7.2525 0.0695
Cyclist -1 -1 -8.6269 737.5513 171.5474 783.4205 221.0570 1.6264 0.5368 1.6291 5.0522 1.5832 24.5324 -8.4268 0.0674
Cyclist -1 -1 -8.0140 795.1805 172.4704 827.1779 236.3181 1.6287 0.5528 1.6538 5.2999 1.6186 19.2567 -7.7501 0.0629
Cyclist -1 -1 -4.9269 1086.8248 169.6279 1165.7136 296.8041 1.6419 0.5148 1.7450 7.2074 1.5999 10.2204 -4.3269 0.0618
Cyclist -1 -1 -8.0958 1035.6515 177.4865 1156.6527 339.1775 1.5963 0.6860 1.7422 5.3298 1.6540 8.1117 -7.5320 0.0605
Cyclist -1 -1 -4.2436 297.0240 170.2066 323.5734 204.6966 1.6363 0.5461 1.5536 -14.5761 1.5104 35.0275 -4.6355 0.0597
Cyclist -1 -1 -4.0612 0.1463 165.2306 79.1472 234.0508 1.6739 0.6589 1.7362 -14.5646 1.4882 18.4212 -4.7233 0.0597
Pedestrian -1 -1 -3.1318 126.9273 140.3583 140.1290 185.7144 1.8174 0.5616 0.4400 -19.3673 0.5150 29.2665 -3.7123 0.0585
Cyclist -1 -1 -7.8057 810.1512 169.5253 833.3987 234.6161 1.6633 0.5294 1.6484 5.6264 1.5779 19.3032 -7.5268 0.0515
Cyclist -1 -1 -4.1445 303.6680 169.8965 333.8385 204.5391 1.6572 0.6146 1.5835 -14.2953 1.5155 35.3522 -4.5264 0.0515
Car -1 -1 -7.8524 587.7206 178.3797 645.1984 225.7778 1.3316 1.6460 3.3121 0.1475 1.5149 22.3203 -7.8466 0.9688
Car -1 -1 -7.6910 485.3654 181.9173 563.6649 235.2776 1.3239 1.6144 3.7009 -2.3721 1.6040 20.4306 -7.8059 0.9687
Car -1 -1 -2.1048 159.1475 183.2838 371.8618 289.6069 1.4388 1.5415 3.5135 -5.6925 1.6310 11.7020 -2.5492 0.9517
Car -1 -1 -8.0198 693.8115 176.3250 798.3825 255.5712 1.5197 1.5972 3.8576 2.8139 1.6053 15.9385 -7.8491 0.8635
Car -1 -1 -2.1196 260.8853 182.7145 437.5689 263.5753 1.4078 1.5756 3.9734 -5.5028 1.6360 14.8682 -2.4688 0.8036
Car -1 -1 -7.8123 592.2864 174.0970 631.1803 208.7630 1.5004 1.6448 3.5719 0.0849 1.5604 33.1806 -7.8103 0.7692
Car -1 -1 -7.9965 634.0417 173.6946 668.3689 198.9630 1.5024 1.6150 3.6976 2.4897 1.5567 44.9415 -7.9420 0.7507
Car -1 -1 -7.9910 673.9277 177.7688 748.7972 232.7814 1.4015 1.5650 3.9528 2.7587 1.5558 20.7178 -7.8612 0.7267
Car -1 -1 -4.0406 0.0000 189.9369 141.4991 297.5018 1.3527 1.4873 3.4801 -9.3064 1.6629 11.3695 -4.7152 0.7021
Car -1 -1 -5.3895 442.5826 176.6861 517.6882 209.7542 1.3961 1.4559 3.5073 -5.9330 1.5778 32.5558 -5.5688 0.6527
Car -1 -1 -5.2928 362.4162 176.9292 469.4090 228.4536 1.4679 1.5641 3.5053 -6.1654 1.6050 22.5809 -5.5568 0.6288
Car -1 -1 -4.0196 0.0000 177.3060 112.3531 236.7101 1.3762 1.4711 3.2128 -14.7441 1.5007 18.5872 -4.6834 0.5142
Car -1 -1 -7.7606 561.9915 174.9651 587.4589 195.0029 1.4268 1.5557 3.7027 -2.6206 1.5890 53.6571 -7.8095 0.2428
Car -1 -1 -7.9774 667.3823 173.5132 721.5147 216.4067 1.4810 1.5581 3.4235 3.0137 1.5066 26.6871 -7.8668 0.2381
Car -1 -1 -8.2074 611.1719 172.1249 639.8747 188.1107 1.4759 1.5210 3.7492 1.4262 1.4083 68.6378 -8.1870 0.2342
Car -1 -1 -7.5148 337.5613 164.2076 380.6451 199.2385 2.6594 1.7868 4.5992 -19.8072 2.0027 57.0806 -7.8477 0.2287
Car -1 -1 -7.8011 514.5712 177.8051 564.0710 220.5972 1.3873 1.5596 3.7632 -2.5030 1.5768 25.7482 -7.8977 0.2056
Car -1 -1 -4.6784 47.9058 183.2108 134.6846 250.9803 1.3734 1.5207 3.7828 -12.3196 1.6491 17.2324 -5.2919 0.1928
Car -1 -1 -4.2452 264.5147 175.0815 329.6933 205.5034 1.3766 1.4729 3.4463 -15.0012 1.4888 34.6726 -4.6510 0.1527
Car -1 -1 -8.1330 884.6476 185.4762 1125.8513 339.7945 1.4786 1.5784 3.7861 4.6718 1.6750 9.2424 -7.6788 0.0848
Car -1 -1 -7.7401 524.2565 177.9931 568.6831 213.3125 1.3913 1.4945 3.5168 -2.6946 1.6225 30.7182 -7.8274 0.0811
Car -1 -1 -5.0270 607.1631 169.5598 645.9967 194.2781 1.7086 1.6175 4.0516 1.1197 1.4806 52.0476 -5.0060 0.0731
Car -1 -1 -4.0408 24.8289 135.4487 150.2197 179.7323 1.5744 1.7305 4.0740 -19.9538 0.2442 27.7323 -4.6600 0.0707
