Cyclist -1 -1 -4.0878 236.4453 174.7209 277.1253 218.3217 1.7792 0.5587 1.8616 -14.9453 1.8603 30.4910 -4.5404 0.3267
Pedestrian -1 -1 -6.5397 687.4304 167.7681 699.9339 193.3598 1.7877 0.6946 0.7206 5.8578 1.4321 50.7984 -6.4259 0.1573
Pedestrian -1 -1 -4.1902 954.2231 156.2606 974.9892 203.7412 1.8466 0.5995 0.4312 13.9257 1.2009 28.4304 -3.7391 0.1143
Car -1 -1 -4.5685 536.6819 175.4780 558.8981 192.0062 1.5183 1.5645 3.9647 -5.9349 1.7761 68.9476 -4.6544 0.1040
Pedestrian -1 -1 -3.5013 1124.2240 159.3425 1162.8879 225.3627 1.7061 0.5448 0.6663 13.9872 1.3566 18.9963 -2.8744 0.1031
Cyclist -1 -1 -6.4093 1177.7070 156.6087 1231.7000 200.5780 1.9175 0.7106 1.7828 26.5012 1.2088 32.2398 -5.7260 0.0990
Car -1 -1 -7.3323 994.2429 140.7550 1241.0000 374.0000 1.5081 1.5500 4.0967 3.7366 1.4376 2.6431 -6.4286 0.0768
Car -1 -1 -4.8626 654.4188 173.9217 683.2172 195.1361 1.5353 1.5946 3.8629 4.3683 1.6184 54.3996 -4.7832 0.0758
Car -1 -1 -7.2033 0.0000 190.7747 72.8587 374.0000 1.4986 1.5577 3.8652 -6.9333 1.7111 6.5474 -7.9969 0.0752
Car -1 -1 -7.4083 146.0081 189.8414 336.2219 278.5576 1.3608 1.5828 4.1455 -6.9074 1.7377 13.9418 -7.8612 0.0741
Car -1 -1 -4.1594 64.4407 189.2792 173.5704 230.8176 1.4755 1.6262 4.3806 -20.0222 2.1997 29.6054 -4.7501 0.0701
Pedestrian -1 -1 -3.9711 1133.1006 147.2001 1193.3439 248.6954 1.7727 0.5187 0.7049 9.8465 1.3243 12.9232 -3.3313 0.0689
Pedestrian -1 -1 -4.1456 928.0198 161.1553 941.2343 198.5850 1.9404 0.5356 0.3314 16.9302 1.3336 37.7198 -3.7270 0.0676
Car -1 -1 -4.3555 71.9483 183.5365 120.7142 205.3894 1.4620 1.5492 4.1142 -37.4009 2.2728 52.5978 -4.9714 0.0661
Pedestrian -1 -1 -3.1029 1226.9115 150.4668 1241.0000 221.7648 1.8072 0.4861 0.4129 16.1417 1.2394 18.6071 -2.3964 0.0646
Car -1 -1 -4.6994 99.0387 183.4176 124.3181 203.1213 1.5097 1.6636 4.0747 -41.2554 2.4158 59.7527 -5.3017 0.0642
Pedestrian -1 -1 -9.2112 1164.3438 153.1926 1211.3182 241.2433 1.6968 0.5780 0.6254 11.4204 1.3176 14.3296 -8.5487 0.0620
Pedestrian -1 -1 -6.4667 751.7654 167.2308 765.1724 196.8487 1.8503 0.5927 0.7285 9.3000 1.4987 45.3779 -6.2662 0.0602
Pedestrian -1 -1 -4.2701 140.4783 193.7983 164.8342 236.3032 1.3718 0.4947 0.5446 -15.1798 2.0734 23.8817 -4.8315 0.0599
Pedestrian -1 -1 -7.6842 778.3199 166.9514 794.4518 205.8008 1.8769 0.6517 0.7544 8.5994 1.5914 35.3336 -7.4478 0.0586
Pedestrian -1 -1 -8.2849 856.1398 156.8403 879.9465 206.6010 1.8832 0.6447 0.6501 9.8421 1.2769 27.6604 -7.9468 0.0574
Pedestrian -1 -1 -5.3742 0.0000 180.9506 18.0229 246.6394 1.7899 0.5351 0.3237 -16.8844 2.0177 20.0299 -6.0682 0.0570
Cyclist -1 -1 -7.7841 334.1802 176.8985 359.6989 248.0612 1.6593 0.4817 1.5036 -6.4914 1.7626 17.7025 -8.1313 0.0532
Pedestrian -1 -1 -6.3839 720.3254 171.9929 729.0578 193.7177 1.8010 0.5789 0.6626 9.5296 1.7293 60.1234 -6.2278 0.0529
Cyclist -1 -1 -8.0441 1042.0586 159.8596 1059.1637 194.4310 1.6409 0.4018 1.6238 21.3699 1.0238 35.0779 -7.5008 0.0521
Pedestrian -1 -1 -7.8590 784.1218 169.3600 798.2891 207.5905 1.7219 0.6201 0.7032 8.2197 1.5643 32.9135 -7.6168 0.0508
Pedestrian -1 -1 -4.3168 742.3769 164.2998 765.5395 214.3795 1.8483 0.5902 0.8091 5.3700 1.5323 27.1297 -4.1240 0.4328
Pedestrian -1 -1 -6.2372 269.8337 179.5170 277.3757 199.5383 1.7313 0.6378 0.5685 -29.4227 2.3170 63.0628 -6.6724 0.2219
Cyclist -1 -1 -7.5343 302.5889 179.9668 324.2641 213.8575 1.6712 0.5111 1.7067 -15.1583 2.0424 36.8141 -7.9227 0.2204
Pedestrian -1 -1 -3.0189 159.1263 187.0114 187.8802 237.2334 1.6154 0.6176 0.7431 -14.4884 2.0922 23.8853 -3.5595 0.1599
Pedestrian -1 -1 -4.6253 1092.6277 168.2477 1123.9091 238.8305 1.5389 0.5217 0.7556 11.1303 1.4382 16.1893 -4.0319 0.1371
Pedestrian -1 -1 -8.1272 928.2836 159.1606 957.4976 220.4720 1.8255 0.6183 0.7601 10.0489 1.4175 21.9052 -7.7027 0.1271
Pedestrian -1 -1 -5.1831 866.7357 155.4704 897.6287 216.4398 1.8756 0.5911 0.8304 8.4851 1.3405 22.6432 -4.8293 0.1227
Pedestrian -1 -1 -8.4947 1073.7867 147.6396 1110.3452 212.0047 1.9237 0.6734 0.6386 14.5777 1.1698 21.9036 -7.9139 0.1180
Pedestrian -1 -1 -2.3438 297.6229 184.7972 316.3530 215.4276 1.5014 0.5794 0.6426 -15.1837 2.1045 36.0646 -2.7400 0.1116
Cyclist -1 -1 -4.3225 258.0223 180.0214 282.5647 217.6783 1.6323 0.4820 1.4366 -15.2287 1.9599 32.2820 -4.7604 0.1042
Cyclist -1 -1 -7.8755 951.9441 160.0210 971.4568 222.1731 1.7226 0.4562 1.6789 10.1051 1.3666 20.8566 -7.4303 0.0976
Cyclist -1 -1 -7.5435 147.2667 185.2960 176.4643 234.8051 1.6286 0.3777 1.6199 -15.5477 2.0735 24.9848 -8.0957 0.0911
Cyclist -1 -1 -4.1065 476.0446 174.1488 500.6459 210.0444 1.7108 0.4574 1.4181 -5.9632 1.7750 35.1814 -4.2736 0.0874
Cyclist -1 -1 -5.2388 135.3898 181.4734 182.3492 236.0822 1.7608 0.6030 1.6179 -15.1291 2.0563 24.1156 -5.7943 0.0839
Cyclist -1 -1 -8.4810 1040.2415 165.0426 1116.5981 246.0552 1.6185 0.4367 1.6799 9.8154 1.4622 15.2679 -7.9189 0.0765
Cyclist -1 -1 -7.2779 456.8876 175.1590 484.9763 216.0293 1.6814 0.4555 1.4418 -5.9151 1.7810 30.5226 -7.4682 0.0741
Cyclist -1 -1 -8.0653 268.5024 179.6922 276.5905 198.3957 1.6133 0.3260 1.5577 -29.7172 2.2215 63.4846 -8.5018 0.0739
Cyclist -1 -1 -5.3914 1037.9666 158.4148 1089.9705 214.0690 1.6681 0.4758 1.5761 14.0415 1.2350 22.4377 -4.8384 0.0725
Cyclist -1 -1 -5.6385 1051.2761 154.8457 1115.4951 213.2449 1.7103 0.5116 1.6560 14.3519 1.1826 21.9962 -5.0667 0.0670
Cyclist -1 -1 -7.7232 438.7163 177.5618 456.6609 223.6517 1.6905 0.4703 1.5272 -6.2007 1.8741 27.4056 -7.9442 0.0663
Pedestrian -1 -1 -3.8702 928.5322 164.0467 966.9986 226.5825 1.6898 0.5585 0.7891 9.2521 1.4515 19.8799 -3.4408 0.0644
Cyclist -1 -1 -6.4925 452.1774 176.3354 491.6425 217.8554 1.6863 0.6591 1.5075 -5.7860 1.8337 30.0016 -6.6819 0.0644
Cyclist -1 -1 -3.8021 735.6796 166.7418 785.4633 214.9796 1.7620 0.6175 1.8365 5.6013 1.5384 27.0389 -3.6005 0.0609
Cyclist -1 -1 -4.3204 731.3058 167.3459 763.9561 215.7947 1.7571 0.5825 1.7551 5.1294 1.5570 27.0618 -4.1357 0.0607
Pedestrian -1 -1 -5.0502 146.0986 187.8634 168.0240 234.0061 1.5385 0.4843 0.5389 -15.5193 2.0584 24.6479 -5.6075 0.0599
Pedestrian -1 -1 -6.7949 456.7927 181.5718 473.8288 216.0783 1.4081 0.4999 0.5152 -6.0564 1.7744 29.9823 -6.9930 0.0581
Pedestrian -1 -1 -5.5464 1130.9991 165.3853 1172.3195 239.9059 1.5039 0.4784 0.4844 11.0870 1.3529 14.8469 -4.9149 0.0576
Cyclist -1 -1 -8.3932 1011.4024 164.0033 1068.6942 235.9776 1.6849 0.4284 1.6079 10.4649 1.4774 17.6976 -7.8670 0.0570
Pedestrian -1 -1 -6.6257 261.6439 182.9868 278.5921 219.0777 1.5635 0.5835 0.5115 -15.0523 2.0161 31.8634 -7.0641 0.0569
Cyclist -1 -1 -8.0027 271.4960 180.8797 278.3052 199.2835 1.5826 0.3176 1.5494 -29.4816 2.2960 63.4237 -8.4365 0.0555
Cyclist -1 -1 -5.6271 150.1265 185.0636 203.1140 237.1116 1.7042 0.5504 1.4977 -14.5498 2.1188 24.1565 -6.1646 0.0543
Cyclist -1 -1 -7.7443 494.0235 176.2589 504.9112 206.6501 1.6526 0.4393 1.4952 -6.1841 1.8453 40.1600 -7.8966 0.0525
Cyclist -1 -1 -7.5149 494.5834 175.5347 511.9012 206.4891 1.6779 0.4737 1.5184 -5.9533 1.8293 40.0384 -7.6621 0.0518
Cyclist -1 -1 -7.3773 280.0684 177.8221 304.9486 214.1456 1.6880 0.4108 1.5781 -15.2309 1.9311 34.5510 -7.7900 0.0517
Pedestrian -1 -1 -8.2902 1023.2760 152.2286 1058.3448 214.2935 1.8115 0.6478 0.7205 12.7482 1.2092 21.4492 -7.7603 0.0508
Car -1 -1 -4.4470 406.6529 181.1795 454.1531 206.9000 1.4355 1.7582 4.1696 -10.8539 1.9641 43.7364 -4.6892 0.8615
Car -1 -1 -3.9753 0.0000 190.2157 102.2824 277.4026 1.4577 1.5214 3.5249 -12.3565 1.8511 14.5707 -4.6697 0.8304
Car -1 -1 -7.9412 596.1534 174.5454 627.0399 200.2208 1.5603 1.6367 3.8152 0.0288 1.6727 46.0799 -7.9410 0.7928
Car -1 -1 -2.4230 463.0747 177.4996 522.4164 202.0403 1.5400 1.6571 3.6820 -7.7779 1.8569 47.5904 -2.5845 0.3245
Car -1 -1 -8.0191 1081.7271 158.2437 1136.4016 191.0134 1.6018 1.6840 3.9346 25.7540 0.8874 37.4087 -7.4199 0.2280
Car -1 -1 -4.2151 332.3199 179.3757 389.9337 205.6786 1.5702 1.6561 4.2883 -15.9740 2.0101 46.4429 -4.5450 0.1386
Car -1 -1 -7.7551 257.4864 179.2986 282.1000 198.4835 1.6188 1.6040 3.9358 -30.3663 2.2130 64.4317 -8.1942 0.1308
Car -1 -1 -8.2517 448.6650 176.6765 503.8879 206.1761 1.5682 1.6685 3.9874 -7.6877 1.7965 41.0314 -8.4361 0.1304
Car -1 -1 -4.3077 220.2004 181.9553 296.9955 219.0130 1.5462 1.7276 3.9916 -16.0712 1.9895 33.1350 -4.7565 0.0972
Car -1 -1 -7.0888 965.4968 161.8989 1039.9991 189.6687 1.5210 1.5951 3.6956 22.1850 0.9206 40.8440 -6.5944 0.0918
Car -1 -1 -7.6637 436.7020 177.8492 488.4350 213.2230 1.5352 1.6419 4.0486 -6.8995 1.7838 33.9203 -7.8633 0.0894
Car -1 -1 -4.4713 388.3693 178.4946 419.5526 199.8066 1.4994 1.4010 3.6195 -15.2863 1.9322 53.5674 -4.7483 0.0820
Car -1 -1 -4.6896 427.0845 178.4522 450.4305 199.1613 1.4764 1.6311 4.0049 -12.9804 1.9171 54.7175 -4.9218 0.0727
Car -1 -1 -7.8524 633.8867 174.3627 661.4506 200.5639 1.6051 1.6973 4.1980 2.3963 1.7066 46.5873 -7.8018 0.0674
Car -1 -1 -7.7116 633.8851 174.8774 674.9084 204.9938 1.5568 1.6706 4.3307 2.4725 1.6748 39.8955 -7.6506 0.0654
Car -1 -1 -4.2587 479.1479 177.8377 529.7677 204.2842 1.4884 1.5220 3.7490 -6.3271 1.8016 43.3842 -4.4031 0.0612
Car -1 -1 -2.5716 107.8491 186.1061 239.7524 228.0014 1.5382 1.6710 4.1297 -16.8767 2.0679 27.9585 -3.1108 0.0560
Car -1 -1 -4.3689 311.5852 181.8929 360.8482 210.3106 1.5129 1.5677 3.4206 -15.6239 2.0508 41.2334 -4.7293 0.0548
Car -1 -1 -4.5836 411.6536 178.8031 444.6419 202.4659 1.4976 1.6431 4.1847 -12.3155 1.9187 48.9333 -4.8292 0.0545
Car -1 -1 -7.9828 976.8778 169.5299 1065.4825 233.1361 1.5261 1.5691 3.4939 10.7878 1.4461 19.2249 -7.4784 0.0532
