Pedestrian -1 -1 -7.9115 738.4200 165.3537 756.3228 210.6085 1.8759 0.6978 0.6730 5.7180 1.5647 30.2878 -7.7272 0.1102
Pedestrian -1 -1 -8.5079 510.9760 171.9818 528.4429 201.3089 1.7653 0.6573 0.8784 -5.5393 1.7125 43.9758 -8.6329 0.1100
Pedestrian -1 -1 -5.0389 369.3850 182.0109 399.3398 246.1598 1.5524 0.5148 0.7070 -5.6900 1.7863 18.0229 -5.3411 0.1050
Pedestrian -1 -1 -5.4849 898.3380 180.1009 931.7211 248.3419 1.4546 0.5031 0.4455 6.6009 1.6155 15.7446 -5.0953 0.0927
Pedestrian -1 -1 -8.3188 998.5565 143.3196 1044.7262 236.4243 1.9603 0.6623 0.5949 8.7820 1.3382 15.5033 -7.8119 0.0927
Pedestrian -1 -1 -3.3938 690.9486 163.8408 710.6043 207.9541 1.9671 0.6469 0.7399 4.0482 1.5648 32.5427 -3.2717 0.0875
Pedestrian -1 -1 -3.3712 1031.4064 136.5736 1141.0607 348.1143 1.8524 0.6528 0.7108 4.3589 1.5344 6.7408 -2.8178 0.0864
Car -1 -1 -2.1501 0.0000 183.8425 16.7132 290.1818 1.4994 1.6142 4.2175 -12.1519 1.6944 11.6234 -2.9462 0.0720
Pedestrian -1 -1 -5.9086 562.4343 178.5769 576.8806 203.5208 1.5283 0.6083 0.7235 -2.5376 1.8865 44.7943 -5.9653 0.0687
Pedestrian -1 -1 -2.9969 414.3593 167.5046 427.3027 206.2617 1.9698 0.6777 0.5509 -9.7470 1.6976 37.0392 -3.2528 0.0684
Pedestrian -1 -1 -8.1756 958.8646 148.9716 1003.9464 240.5455 1.9144 0.6552 0.7375 7.9105 1.4148 15.4953 -7.7118 0.0661
Pedestrian -1 -1 -2.9133 404.3728 170.3598 418.2147 210.3066 1.9235 0.5665 0.5338 -9.6866 1.8031 35.0360 -3.1815 0.0657
Car -1 -1 -4.7376 567.0662 172.3305 589.9367 194.4048 1.5807 1.5940 3.9383 -2.4034 1.5429 53.6893 -4.7825 0.0642
Cyclist -1 -1 -7.7125 190.2681 177.6645 231.0007 264.1573 1.6522 0.4865 1.6944 -8.1976 1.7562 14.7595 -8.2122 0.0635
Pedestrian -1 -1 -7.8523 743.9637 160.6826 760.7615 204.9665 1.9503 0.7273 0.6159 6.2989 1.4139 32.1485 -7.6610 0.0612
Car -1 -1 -4.8669 618.1193 178.1257 643.0530 197.3497 1.6046 1.5981 3.9198 1.7534 2.0825 63.3946 -4.8398 0.0608
Car -1 -1 -7.9360 674.0284 173.5017 703.5356 198.0498 1.5200 1.5643 4.0457 5.0373 1.5635 46.8244 -7.8299 0.0603
Pedestrian -1 -1 -3.8146 1084.8853 127.9850 1240.6141 373.6514 1.8690 0.6105 0.7886 4.3657 1.5273 5.8153 -3.1954 0.0597
Pedestrian -1 -1 -3.7205 0.0000 166.3062 36.5292 260.0087 1.7999 0.5769 0.7242 -12.0016 1.6738 14.2914 -4.4100 0.0584
Pedestrian -1 -1 -7.9440 699.3741 166.1157 707.8149 189.9589 1.8458 0.5930 0.6682 7.2605 1.3239 56.2026 -7.8165 0.0562
Pedestrian -1 -1 -4.3291 438.3229 169.4486 454.5683 206.8068 1.9006 0.6682 0.5169 -8.4283 1.7271 37.0177 -4.5518 0.0521
Pedestrian -1 -1 -4.4302 989.5082 173.1585 1061.8153 326.1743 1.5670 0.5585 0.5273 4.4208 1.5701 7.7745 -3.9303 0.0512
Pedestrian -1 -1 -2.2281 130.4660 169.3850 229.6553 322.9269 1.8360 0.7479 0.7974 -5.4798 1.7942 9.1241 -2.7567 0.3949
Pedestrian -1 -1 -4.0400 1009.1033 150.4769 1072.2491 264.9290 1.8924 0.6468 0.6813 7.3129 1.5221 12.3561 -3.5167 0.3329
Pedestrian -1 -1 -7.8407 707.1347 171.4418 725.2423 213.7394 1.7408 0.7387 0.7921 4.3955 1.6823 30.1437 -7.6979 0.2390
Cyclist -1 -1 -4.8000 720.3960 175.1324 738.1562 223.0162 1.6896 0.4951 1.5835 4.2988 1.7750 26.3438 -4.6407 0.1761
Pedestrian -1 -1 -8.3441 805.4083 174.8714 848.0814 249.8360 1.5986 0.6370 0.7024 4.6908 1.6436 15.8178 -8.0617 0.1642
Cyclist -1 -1 -3.4956 845.3995 170.1650 935.9397 248.1580 1.6614 0.6325 1.7224 6.0311 1.6038 15.6917 -3.1357 0.1368
Pedestrian -1 -1 -8.2504 840.8153 167.7948 870.4228 228.1420 1.7767 0.6714 0.5584 7.2805 1.6274 21.5465 -7.9293 0.1098
Pedestrian -1 -1 -8.3491 841.9280 164.0222 873.4070 230.9340 1.8571 0.6203 0.6170 6.9412 1.6117 20.3828 -8.0259 0.0928
Pedestrian -1 -1 -4.4975 708.5237 169.9639 722.6348 201.2457 1.7709 0.6680 0.6933 6.0068 1.6070 41.2893 -4.3545 0.0897
Cyclist -1 -1 -2.6966 431.7757 173.2557 475.9297 219.2997 1.8352 0.5816 1.6603 -6.3695 1.8514 29.2409 -2.9097 0.0870
Cyclist -1 -1 -3.6026 971.1845 149.1936 1105.7617 263.2022 1.8725 0.7144 1.8438 7.1878 1.4836 12.2606 -3.0834 0.0747
Pedestrian -1 -1 -3.1713 457.3627 179.4894 473.2771 218.4786 1.5402 0.5708 0.6094 -5.8555 1.8095 28.9687 -3.3695 0.0711
Pedestrian -1 -1 -4.3642 858.2448 158.3010 894.2382 235.9591 1.8856 0.6393 0.7193 6.5926 1.5319 18.0002 -4.0191 0.0659
Pedestrian -1 -1 -4.7246 902.2454 158.3206 930.7327 237.7993 1.8269 0.6022 0.8072 7.1903 1.4925 17.0718 -4.3327 0.0632
Pedestrian -1 -1 -2.9601 848.5942 160.7637 875.4861 235.6678 1.9229 0.5575 0.5777 6.5558 1.6122 18.9072 -2.6319 0.0626
Pedestrian -1 -1 -7.8920 820.9064 177.4456 850.5024 249.4907 1.5515 0.5936 0.6959 4.9450 1.6557 16.0029 -7.5983 0.0592
Cyclist -1 -1 -2.4136 414.2878 176.6710 458.4712 225.0184 1.7244 0.5351 1.6325 -6.4161 1.8673 26.4541 -2.6498 0.0557
Pedestrian -1 -1 -3.9477 849.2592 161.6916 881.7807 226.0223 1.8621 0.6375 0.6438 7.4965 1.5387 21.3162 -3.6145 0.0554
Cyclist -1 -1 -8.2120 436.9332 179.5041 462.8740 226.1902 1.6478 0.4127 1.5419 -5.9225 1.8982 26.4413 -8.4308 0.0551
Cyclist -1 -1 -8.0444 836.8693 171.0418 861.2972 227.7252 1.6791 0.4037 1.6132 7.2930 1.6251 22.1987 -7.7315 0.0542
Pedestrian -1 -1 -7.7860 873.4634 165.4250 902.1097 235.9027 1.8152 0.6725 0.5246 7.2517 1.6236 18.9623 -7.4266 0.0534
Pedestrian -1 -1 -8.1241 944.6758 153.9920 985.9741 243.0164 1.8666 0.6412 0.6469 7.5713 1.4708 15.5034 -7.6779 0.0521
Pedestrian -1 -1 -3.6594 841.3488 168.7926 866.7107 226.4587 1.7539 0.5516 0.5372 7.4792 1.6301 22.2691 -3.3400 0.0503
Car -1 -1 -4.8293 647.0485 181.1143 727.9790 242.7458 1.4469 1.6805 3.9467 1.9309 1.6922 19.4633 -4.7327 0.9610
Car -1 -1 -2.9723 413.9026 176.7027 513.0426 212.3010 1.6174 1.7269 4.3366 -6.8641 1.8029 33.9102 -3.1710 0.9373
Car -1 -1 -4.5653 526.2576 170.4236 569.3416 208.1731 1.8824 1.6881 4.0550 -3.2607 1.7609 38.0562 -4.6507 0.8875
Car -1 -1 -6.6259 928.4708 165.5098 1188.0051 259.4012 1.6211 1.6821 3.8176 8.2079 1.4940 13.6420 -6.0944 0.8842
Car -1 -1 -7.8131 638.4900 170.4066 673.2809 205.1621 1.7126 1.6529 4.0876 2.4036 1.5917 37.6734 -7.7504 0.7900
Car -1 -1 -6.9289 0.0000 209.3770 278.7203 374.0000 1.5126 1.6008 3.6365 -3.0329 1.7393 2.5874 -7.7433 0.7716
Car -1 -1 -4.6595 548.8978 176.3349 576.4681 201.2365 1.5179 1.5763 3.7166 -3.0391 1.7503 46.3719 -4.7250 0.4005
Car -1 -1 -2.8931 375.5458 181.3997 479.4571 217.8332 1.4456 1.6527 3.8800 -7.5351 1.8087 29.8513 -3.1387 0.3061
Car -1 -1 -4.9587 680.9736 172.0122 728.6710 203.6939 1.5726 1.5750 3.8370 4.8706 1.5305 37.8147 -4.8320 0.2717
Car -1 -1 -4.7214 570.7590 170.1321 593.4947 193.1885 1.6770 1.6539 4.0712 -2.1575 1.4787 54.5548 -4.7611 0.1171
Car -1 -1 -3.2130 698.5199 173.6246 792.6648 211.9198 1.5727 1.6136 3.8203 5.6567 1.6063 30.6826 -3.0330 0.1113
Car -1 -1 -7.8690 674.8854 169.5878 697.7235 191.9377 1.5898 1.6099 4.0394 5.5855 1.3572 53.4079 -7.7657 0.0990
Car -1 -1 -4.3857 588.5437 172.5415 625.7366 191.7648 1.4683 1.6876 4.2456 -0.2096 1.4441 57.3934 -4.3897 0.0566
Car -1 -1 -4.9101 1005.0403 170.9981 1191.3705 294.0730 1.5546 1.5717 3.7214 7.2166 1.5309 11.1327 -4.3476 0.0545
