Pedestrian -1 -1 -5.6585 472.5013 176.6799 485.5324 199.5405 1.7771 0.4853 0.8909 -10.3091 2.0793 56.6384 -5.8381 0.1751
Pedestrian -1 -1 -6.2714 375.8106 175.0982 385.5089 199.6767 1.8561 0.5786 0.6970 -17.4870 2.0278 54.9347 -6.5785 0.1186
Cyclist -1 -1 -7.8110 404.7920 177.3732 417.2333 213.1331 1.7901 0.5426 1.8155 -10.3191 2.0294 37.3043 -8.0795 0.1132
Cyclist -1 -1 -7.8714 159.9917 174.6152 181.8547 251.7768 1.8405 0.4442 1.7558 -11.0820 1.8865 18.1115 -8.4143 0.1070
Car -1 -1 -5.2050 648.4302 189.1437 685.1932 205.9039 1.4500 1.7186 4.2058 5.3813 3.0612 69.1094 -5.1282 0.0897
Pedestrian -1 -1 -4.5293 203.4203 178.7261 223.7252 221.5316 1.8593 0.6642 0.7316 -17.5718 2.1225 31.9163 -5.0294 0.0840
Car -1 -1 -7.9473 650.6372 177.9651 681.2567 201.5074 1.5040 1.6670 4.4281 3.7434 1.8687 49.2932 -7.8724 0.0753
Car -1 -1 -5.1515 885.4451 194.9759 925.7564 215.7437 1.5397 1.5684 3.8932 24.3836 3.4310 59.7108 -4.7662 0.0723
Car -1 -1 -4.7010 129.1417 192.4356 159.5262 217.1534 1.5463 1.7287 3.7485 -32.5376 2.9701 50.4282 -5.2719 0.0710
Cyclist -1 -1 -7.0863 209.4495 182.8053 248.0388 219.6116 1.6401 0.5222 1.7416 -17.7507 2.1151 33.5534 -7.5699 0.0676
Car -1 -1 -4.0579 322.4559 179.6692 370.9302 207.0762 2.4001 1.7000 4.7213 -24.3827 3.0558 66.9410 -4.4063 0.0614
Car -1 -1 -7.3443 319.0571 173.3992 358.2561 196.4591 2.1488 1.6706 4.2579 -26.1291 2.2028 69.5714 -7.7025 0.0567
Cyclist -1 -1 -2.2507 176.1223 187.5706 216.7545 225.4153 1.6761 0.7272 1.6760 -19.0135 2.3641 33.1012 -2.7689 0.0553
Car -1 -1 -4.7102 222.9485 193.3056 248.3449 216.2429 1.5755 1.6873 4.2334 -29.0023 3.2232 55.8735 -5.1873 0.0550
Car -1 -1 -8.5610 921.5512 199.7936 1241.0000 374.0000 1.4907 1.6218 3.8918 2.7820 1.6691 2.8261 -7.8353 0.0549
Cyclist -1 -1 -4.9776 915.9100 176.7791 987.1957 298.0556 1.6753 0.5253 1.6672 5.0556 1.7389 10.8877 -4.5542 0.4771
Pedestrian -1 -1 -4.5829 38.5700 202.4528 61.9899 248.1475 1.3678 0.5002 0.6106 -17.4898 2.3061 22.4919 -5.2383 0.2042
Pedestrian -1 -1 -7.8199 1007.2977 179.9796 1068.9052 340.6130 1.6803 0.5681 0.7800 4.7304 1.7645 8.0712 -7.3068 0.1330
Pedestrian -1 -1 -4.3995 1076.8376 168.1824 1167.2754 350.9144 1.8310 0.6097 0.7070 5.3971 1.7839 7.6880 -3.8064 0.1148
Pedestrian -1 -1 -4.4610 1162.0586 166.2380 1241.0000 356.5238 1.8312 0.5795 0.6842 6.0550 1.7672 7.3816 -3.7945 0.1144
Cyclist -1 -1 -7.8502 685.8251 174.3639 692.9567 206.4823 1.7385 0.3847 1.7230 4.3659 1.8238 40.0159 -7.7429 0.1135
Cyclist -1 -1 -6.9701 27.1958 194.0805 93.6846 250.1535 1.6413 0.5885 1.6629 -17.2750 2.3335 22.6623 -7.6159 0.1118
Pedestrian -1 -1 -7.8311 182.2038 192.4505 195.7981 222.7998 1.7711 0.6863 0.6818 -25.2206 2.9559 43.1709 -8.3574 0.0986
Pedestrian -1 -1 -4.8868 795.9860 174.6207 819.7097 231.4160 1.7110 0.5718 0.7795 6.0251 1.7660 22.1753 -4.6256 0.0950
Pedestrian -1 -1 -8.0551 684.6400 178.3069 699.1626 209.4063 1.6546 0.6547 0.6729 4.3718 1.9509 38.8802 -7.9445 0.0916
Pedestrian -1 -1 -5.4645 883.8504 181.0147 913.9442 237.6722 1.6986 0.5913 0.6222 8.8141 1.9532 22.1445 -5.0911 0.0871
Cyclist -1 -1 -2.6933 18.3295 193.1859 86.4289 249.5184 1.6993 0.6121 1.5761 -17.4594 2.3476 22.5572 -3.3465 0.0814
Cyclist -1 -1 -5.2235 715.6408 176.7968 752.6339 232.4114 1.6532 0.4742 1.4462 3.7756 1.7790 22.3168 -5.0589 0.0802
Cyclist -1 -1 -5.2400 709.7950 174.7482 745.5452 228.5634 1.6806 0.4195 1.5377 3.7493 1.7438 23.3812 -5.0837 0.0801
Cyclist -1 -1 -7.9381 186.7817 191.8680 196.8479 220.8906 1.6911 0.3941 1.6520 -25.4646 2.8676 43.8688 -8.4617 0.0796
Pedestrian -1 -1 -7.6360 287.7725 182.0724 303.4756 213.5549 1.7168 0.6312 0.8481 -17.5049 2.2349 40.1016 -8.0455 0.0790
Pedestrian -1 -1 -8.4673 783.5668 184.8829 814.1747 241.1594 1.5651 0.5730 0.6554 5.3514 1.9159 20.6496 -8.2181 0.0729
Pedestrian -1 -1 -4.5901 882.6414 178.1661 906.2026 236.8320 1.7387 0.5970 0.6244 8.5765 1.9025 21.8756 -4.2218 0.0718
Pedestrian -1 -1 -6.0830 681.2088 174.9170 690.9109 197.9498 1.7177 0.7802 0.5847 5.7023 1.8741 54.3513 -5.9795 0.0678
Pedestrian -1 -1 -3.5115 1126.5730 166.0066 1213.5051 321.1515 1.8008 0.4830 0.6959 6.6764 1.7211 8.7001 -2.8741 0.0676
Cyclist -1 -1 -7.9530 688.5976 176.0647 700.2766 208.5284 1.7336 0.4641 1.7074 4.5843 1.9132 39.5584 -7.8391 0.0674
Pedestrian -1 -1 -5.3014 798.2191 176.0410 824.7666 227.0766 1.6506 0.5623 0.6731 6.5929 1.7572 23.7948 -5.0350 0.0600
Pedestrian -1 -1 -2.9046 954.1385 171.2095 1023.8103 307.9409 1.7599 0.5207 0.7356 5.0488 1.7384 9.7232 -2.4391 0.0590
Pedestrian -1 -1 -4.1654 896.3848 175.1701 927.8911 237.4262 1.7940 0.6340 0.6078 8.8514 1.8633 21.2595 -3.7766 0.0589
Cyclist -1 -1 -5.0392 724.0887 175.6847 756.5917 231.7496 1.6746 0.4898 1.6310 3.9952 1.7658 22.4805 -4.8664 0.0588
Pedestrian -1 -1 -3.5926 681.4641 176.0318 699.9824 207.6979 1.7146 0.6313 0.8154 4.3891 1.8906 39.5897 -3.4835 0.0587
Pedestrian -1 -1 -2.9340 182.3358 183.1841 204.3802 226.3708 1.8696 0.6415 0.7254 -18.4293 2.3313 31.8529 -3.4552 0.0582
Pedestrian -1 -1 -3.8248 1038.9054 167.7829 1097.5701 284.5044 1.8168 0.5687 0.5571 7.2701 1.7376 11.5498 -3.2754 0.0573
Pedestrian -1 -1 -6.2203 951.3491 178.4827 1007.3834 303.7422 1.6607 0.5692 0.6671 5.0744 1.7418 10.0159 -5.7642 0.0565
Pedestrian -1 -1 -7.6689 1033.8516 177.7653 1111.1028 346.4538 1.7132 0.6003 0.6938 4.9538 1.7693 7.8135 -7.1219 0.0549
Cyclist -1 -1 -5.0232 737.8501 179.0954 767.9636 233.4497 1.5970 0.4359 1.5843 4.3322 1.7957 22.1988 -4.8338 0.0530
Cyclist -1 -1 -2.4983 230.8560 181.9650 266.3541 215.8640 1.7902 0.6991 1.6133 -19.4951 2.2867 38.8557 -2.9608 0.0514
Pedestrian -1 -1 -3.6819 1171.6929 167.7416 1241.0000 317.2730 1.8116 0.5190 0.6305 7.4925 1.7494 9.0412 -3.0067 0.0511
Pedestrian -1 -1 -3.6494 1153.8662 177.0979 1241.0000 373.0360 1.7679 0.5138 0.7818 5.6816 1.8097 6.8410 -2.9784 0.0501
Car -1 -1 -4.7013 481.5267 178.7481 505.8103 202.2287 1.5568 1.6267 3.7517 -8.2000 1.9876 50.8058 -4.8609 0.7105
Car -1 -1 -4.5704 178.2304 192.2375 217.0871 219.7889 1.5229 1.5749 3.7161 -25.5476 2.7787 44.7388 -5.0870 0.1864
Car -1 -1 -7.7375 231.3491 186.1794 270.9279 215.9902 1.4954 1.5459 3.5861 -19.8216 2.2677 39.8854 -8.1964 0.1671
Car -1 -1 -4.2373 174.4475 185.6604 221.6006 208.0320 1.6116 1.6480 3.7431 -31.9748 2.6401 56.0609 -4.7538 0.1433
Car -1 -1 -4.5431 21.2964 189.9787 105.3626 243.5649 1.5344 1.5930 3.7841 -18.1240 2.1527 24.0162 -5.1844 0.1421
Car -1 -1 -4.8507 612.4729 173.9222 640.0779 197.6332 1.8122 1.6360 4.1304 1.2323 1.9002 57.4872 -4.8299 0.1177
Car -1 -1 -4.8101 670.9357 175.5345 696.6255 197.5072 1.6258 1.6189 3.5823 5.6270 1.8387 55.6168 -4.7103 0.0941
Car -1 -1 -4.9757 668.7276 182.6232 758.2117 235.6302 1.4110 1.6508 4.1998 3.0131 1.7410 22.2042 -4.8434 0.0915
Car -1 -1 -4.8079 280.2352 183.2679 316.8550 211.6904 1.5016 1.5763 3.9737 -18.1117 2.1351 41.7938 -5.2148 0.0809
Car -1 -1 -7.3268 162.0487 186.1308 276.9218 229.3047 1.4719 1.8019 4.8013 -15.2971 2.0413 28.5289 -7.8154 0.0715
Car -1 -1 -4.7701 640.6202 179.2728 671.9944 207.4152 1.4833 1.5410 3.7978 2.5399 1.8629 40.8001 -4.7089 0.0635
Car -1 -1 -4.0066 16.2701 189.7616 176.3147 244.7902 1.4043 1.6397 4.1358 -15.3963 1.9664 21.8647 -4.6146 0.0532
