Pedestrian -1 -1 -9.0094 955.5328 147.3193 1006.4923 240.7128 1.8395 0.6767 0.7150 7.5049 1.3363 14.7029 -8.5460 0.2236
Cyclist -1 -1 -4.8211 704.4913 175.0003 717.0807 206.5287 1.6421 0.4874 1.6196 5.3332 1.7588 38.5083 -4.6850 0.1938
Pedestrian -1 -1 -8.3913 980.6161 149.3385 1020.9489 220.0604 1.9068 0.6511 0.8088 10.7029 1.2725 19.8741 -7.9039 0.1181
Pedestrian -1 -1 -8.8656 974.9153 164.6632 986.7277 194.4046 1.5815 0.5117 0.3448 19.8229 1.1456 38.6464 -8.3950 0.1176
Cyclist -1 -1 -7.9786 686.8730 175.5219 696.3173 203.5977 1.6792 0.3760 1.5785 4.9463 1.8449 44.0971 -7.8682 0.1035
Pedestrian -1 -1 -7.7720 711.5057 169.4928 726.4910 208.4831 1.8945 0.6764 0.6893 5.3207 1.7309 35.4716 -7.6249 0.0772
Pedestrian -1 -1 -7.6583 1038.5840 142.3424 1096.2678 275.0230 1.7564 0.5636 0.6773 6.2804 1.3522 9.9914 -7.1108 0.0596
Pedestrian -1 -1 -4.5973 864.7340 159.4131 887.5268 215.3274 1.9079 0.6700 0.7130 9.2096 1.4490 25.0889 -4.2498 0.0588
Car -1 -1 -2.8549 798.4318 157.0056 866.3729 184.4626 1.6264 1.6325 3.6888 13.6462 0.6873 44.4368 -2.5590 0.0571
Pedestrian -1 -1 -4.3877 1162.4596 124.8418 1241.0000 293.8683 1.7880 0.5711 0.6553 6.5834 1.2798 8.0509 -3.7204 0.0566
Pedestrian -1 -1 -4.9303 913.3776 148.9404 953.8107 240.5853 1.8219 0.5866 0.8128 6.5711 1.3462 14.7988 -4.5204 0.0557
Car -1 -1 -7.2287 0.0000 189.0551 72.6114 262.3653 1.8812 1.8945 4.4710 -18.7937 2.4229 21.8369 -7.9334 0.0551
Car -1 -1 -5.2215 878.8318 187.9368 1241.0000 374.0000 1.4530 1.3682 3.3720 3.3244 1.6045 5.5732 -4.7078 0.0550
Pedestrian -1 -1 -4.3414 895.0822 154.3352 909.9747 187.5823 1.8954 0.5942 0.6702 16.8217 0.8393 41.5814 -3.9596 0.0533
Cyclist -1 -1 -7.9369 679.3095 179.2908 686.5177 204.1687 1.5916 0.3410 1.5306 4.7455 2.0204 47.3276 -7.8381 0.0533
Car -1 -1 -4.6105 333.2748 188.0630 355.7716 205.7520 1.5650 1.6492 3.8314 -25.5372 3.0719 69.4410 -4.9620 0.0530
Pedestrian -1 -1 -6.5345 166.7687 182.5392 185.5270 226.1662 1.8436 0.7131 0.5343 -18.7602 2.2670 31.1270 -7.0734 0.0511
Cyclist -1 -1 -5.3143 945.9099 109.9352 1205.6483 374.0000 1.9097 0.5886 1.9344 3.2894 1.5204 5.4487 -4.7957 0.8555
Pedestrian -1 -1 -7.7937 795.9615 169.2610 814.6049 216.5697 1.8443 0.6743 0.7117 7.6914 1.7039 28.5725 -7.5339 0.2402
Pedestrian -1 -1 -4.2183 954.6712 158.1125 966.8338 193.1774 1.8451 0.5088 0.2780 18.5561 1.0691 38.2539 -3.7699 0.1576
Pedestrian -1 -1 -7.5886 825.3751 165.8157 852.7195 222.3523 1.8278 0.6898 0.7571 7.5201 1.6000 23.8315 -7.2871 0.1464
Cyclist -1 -1 -3.8062 921.3511 161.2939 972.6249 209.5099 1.8371 0.7620 1.7012 13.0534 1.3963 28.0587 -3.3751 0.1346
Cyclist -1 -1 -6.7059 785.4777 166.3371 834.3811 214.8088 1.8793 0.6548 1.7424 7.8279 1.6264 28.4351 -6.4404 0.1194
Pedestrian -1 -1 -7.4395 975.2451 155.0882 994.5869 190.9267 1.8435 0.6741 0.6921 19.4949 0.9293 37.5952 -6.9645 0.1075
Pedestrian -1 -1 -7.7196 928.3325 156.1512 942.6028 190.9225 1.9225 0.6646 0.5171 18.1356 0.9987 40.2875 -7.2995 0.0989
Cyclist -1 -1 -7.7314 168.4960 187.8905 183.6069 227.7675 1.6453 0.3700 1.5415 -18.7622 2.3102 31.1382 -8.2702 0.0985
Cyclist -1 -1 -8.1487 928.7166 163.2155 959.1362 209.9203 1.7744 0.5810 1.7821 13.0485 1.4079 28.3338 -7.7214 0.0968
Pedestrian -1 -1 -8.0472 805.8414 166.1701 833.0178 223.3169 1.8027 0.6979 0.7762 6.6713 1.5916 23.1767 -7.7709 0.0957
Cyclist -1 -1 -3.4845 911.7454 160.8702 965.1500 206.5824 1.7828 0.6725 1.8012 12.9349 1.3152 28.5468 -3.0633 0.0724
Pedestrian -1 -1 -7.2845 150.0653 186.7027 176.0204 231.6674 1.8172 0.6923 0.6003 -18.4083 2.3919 29.6545 -7.8363 0.0647
Pedestrian -1 -1 -6.2803 950.6771 163.8098 969.5251 210.4328 1.7822 0.7094 0.6514 13.5583 1.4362 28.0423 -5.8345 0.0622
Pedestrian -1 -1 -8.1096 1023.6392 149.4542 1043.7391 188.4542 1.9811 0.7425 0.6712 21.7257 0.7922 37.0759 -7.5831 0.0611
Pedestrian -1 -1 -7.3333 993.9052 156.1389 1011.8285 192.3582 1.8392 0.6657 0.4641 20.1290 0.9901 37.0452 -6.8391 0.0581
Pedestrian -1 -1 -8.8540 971.6165 161.2820 986.2663 193.2207 1.7042 0.5797 0.4634 19.8245 1.0864 38.8469 -8.3854 0.0574
Pedestrian -1 -1 -7.0325 956.1393 156.2466 974.0412 192.0151 1.8682 0.6930 0.5122 18.7043 1.0005 38.0923 -6.5793 0.0525
Cyclist -1 -1 -7.2304 975.8083 154.5454 1010.4094 190.4351 1.8845 0.6721 1.8739 20.4621 0.9228 38.6052 -6.7464 0.0519
Cyclist -1 -1 -6.7009 780.5475 164.3703 832.9719 213.9737 1.8969 0.6796 1.8517 7.6033 1.5722 28.0726 -6.4396 0.0507
Car -1 -1 -7.8079 585.2839 179.9911 613.2052 204.4677 1.5337 1.6859 4.5518 -0.7171 2.0394 48.8549 -7.8230 0.8027
Car -1 -1 -4.5465 435.0017 180.4546 464.4586 200.2530 1.5420 1.7076 4.2926 -13.3226 2.1975 60.0650 -4.7642 0.5047
Car -1 -1 -6.1096 969.4444 155.6916 1055.3525 187.7218 1.5800 1.6819 3.6573 20.7855 0.7331 37.3932 -5.6057 0.2215
Car -1 -1 -4.5103 399.0886 187.8499 458.4161 229.3344 1.4706 1.5791 3.7147 -7.2093 2.1088 28.8316 -4.7537 0.2128
Car -1 -1 -4.4861 441.1684 179.8721 490.2166 213.6420 1.6752 1.6862 4.1843 -7.7261 2.0728 38.7892 -4.6819 0.1652
Car -1 -1 -6.5050 758.0668 171.0309 881.6072 216.0554 1.6443 1.7222 4.2095 7.8172 1.5774 27.3227 -6.2297 0.1378
Car -1 -1 -7.6261 352.1526 185.8737 434.8305 239.8877 1.5654 1.7083 4.2926 -7.1714 2.0406 24.1599 -7.9123 0.0998
Car -1 -1 -4.3790 265.5561 190.5584 396.2421 261.0879 1.5054 1.7567 4.5296 -7.1288 2.0233 18.8337 -4.7368 0.0962
Car -1 -1 -4.2425 109.0355 193.5415 327.8940 292.3605 1.3974 1.6584 4.4327 -6.9624 1.8435 13.3513 -4.7156 0.0830
Car -1 -1 -4.3229 119.1504 190.8534 204.6390 231.0989 1.5261 1.7189 4.1139 -19.4571 2.3648 31.4674 -4.8732 0.0813
Car -1 -1 -7.4028 1231.4226 128.9670 1241.0000 374.0000 1.5170 1.5932 4.0024 5.7517 1.3507 3.8623 -6.4582 0.0690
Car -1 -1 -8.2849 895.7697 167.3504 967.2427 206.7975 1.5207 1.5673 2.8942 12.9305 1.3083 29.2778 -7.8731 0.0634
Car -1 -1 -4.1815 198.1204 189.8591 275.8933 223.8032 1.4703 1.6012 3.9262 -18.1703 2.3486 35.2706 -4.6545 0.0574
Car -1 -1 -4.4597 477.2997 183.7646 516.3542 210.2107 1.4930 1.4985 3.6454 -6.9174 2.1892 44.1778 -4.6146 0.0503
