Car -1 -1 -7.9884 683.3714 177.6691 783.3650 259.0376 1.6155 1.6790 4.0859 2.6484 1.7399 16.6283 -7.8342 0.9611
Car -1 -1 -8.3134 799.4722 192.5181 1241.0000 374.0000 1.4511 1.5802 3.8705 2.7724 1.6584 5.6635 -7.8799 0.9587
Car -1 -1 -7.9885 664.0137 181.4873 737.1349 237.1468 1.5330 1.6897 4.2143 2.6895 1.8292 22.6539 -7.8727 0.8970
Pedestrian -1 -1 -7.9442 470.0811 177.1291 492.6596 229.8460 1.7921 0.7009 0.8229 -4.5258 1.9434 25.0979 -8.1214 0.2133
Pedestrian -1 -1 -4.2805 837.5803 162.2416 873.2547 228.0554 1.9935 0.7056 0.9904 7.5933 1.6718 22.4584 -3.9591 0.1816
Pedestrian -1 -1 -7.2881 860.4330 163.1826 879.4042 205.1077 1.8803 0.6853 0.4324 11.7581 1.4462 32.7627 -6.9468 0.1777
Car -1 -1 -4.4184 179.3998 161.3271 241.5963 196.0162 1.5208 1.5287 3.6524 -18.5490 1.0151 33.5773 -4.9199 0.1609
Car -1 -1 -7.9514 813.5190 161.9658 849.5469 192.3041 1.7536 1.7239 3.6189 13.3174 1.1239 43.6486 -7.6575 0.1427
Pedestrian -1 -1 -7.6905 288.2031 167.5700 307.9879 212.2281 1.8737 0.6751 0.6467 -13.2949 1.6517 30.6675 -8.0967 0.1384
Pedestrian -1 -1 -3.4253 1156.0754 162.1413 1241.0000 347.5764 1.7088 0.5555 0.6277 5.7294 1.6097 7.0231 -2.7621 0.1127
Car -1 -1 -7.7710 409.0620 169.2464 429.9704 187.7855 1.7197 1.6289 3.6933 -18.1788 1.3848 68.8913 -8.0282 0.1065
Pedestrian -1 -1 -5.5519 1172.3809 147.0835 1220.3209 232.1676 1.8643 0.6201 0.5628 13.0554 1.2993 16.1390 -4.8810 0.0984
Car -1 -1 -6.1313 496.7354 173.9838 550.3727 194.6651 1.7557 1.6458 4.3968 -7.4540 1.8543 62.2476 -6.2503 0.0812
Car -1 -1 -6.7898 16.9621 176.7155 122.4905 209.9911 1.7772 1.7671 4.5819 -31.0271 2.0124 41.5559 -7.4282 0.0800
Cyclist -1 -1 -8.7057 849.9946 180.1168 917.4166 254.4259 1.6470 0.4620 1.5521 6.3471 1.8252 16.9389 -8.3538 0.0782
Car -1 -1 -4.9424 785.6658 147.8958 821.4595 170.6209 1.6049 1.6633 4.0693 14.2503 -0.1720 53.4207 -4.6831 0.0633
Pedestrian -1 -1 -7.8573 881.6696 170.2531 895.0504 201.5387 1.7833 0.7136 0.6557 15.9927 1.6347 41.5598 -7.4927 0.0589
Cyclist -1 -1 -8.1141 905.2334 174.4315 930.2137 216.4420 1.6439 0.5225 1.6077 12.3640 1.7091 29.1284 -7.7168 0.0514
Car -1 -1 -4.8647 541.2748 176.3562 573.4339 201.1697 1.7417 1.7406 4.3081 -3.9817 2.0126 53.5870 -4.9389 0.0512
Pedestrian -1 -1 -6.6124 304.0249 163.0037 322.3703 207.2854 1.9088 0.6920 0.5480 -13.0192 1.4839 31.5434 -7.0011 0.0511
Pedestrian -1 -1 -5.6042 1051.8121 160.9729 1128.6810 283.1322 1.9298 0.6186 0.8557 7.8504 1.7418 11.9018 -5.0332 0.1640
Cyclist -1 -1 -4.3227 419.0974 182.0078 456.9656 244.4838 1.6122 0.4749 1.4788 -4.7061 1.8704 19.6115 -4.5558 0.1256
Pedestrian -1 -1 -5.7966 1030.4462 170.9805 1066.5449 256.4662 1.7421 0.5782 0.4257 9.0843 1.7036 15.0366 -5.2625 0.1205
Pedestrian -1 -1 -3.7215 988.9382 161.6916 1046.7510 263.5298 1.9175 0.5548 0.7945 7.7898 1.7070 13.8937 -3.2203 0.1199
Pedestrian -1 -1 -4.3869 171.7247 177.2381 254.4854 334.6946 1.7531 0.6558 0.7027 -4.6858 1.8066 8.4568 -4.8803 0.1148
Pedestrian -1 -1 -7.3876 348.7747 152.8044 364.6825 183.8771 1.8133 0.6246 0.7256 -14.9531 0.6430 42.5062 -7.7240 0.0947
Cyclist -1 -1 -2.4288 340.5052 150.5380 370.7399 181.6076 1.8183 0.6010 1.7182 -15.1335 0.5120 42.8218 -2.7667 0.0923
Pedestrian -1 -1 -4.8390 1033.9197 172.5208 1084.2188 282.3734 1.7930 0.6282 0.7156 7.5418 1.7873 12.2311 -4.2981 0.0862
Pedestrian -1 -1 -8.1533 877.8356 178.8578 894.9959 212.9352 1.6708 0.7001 0.4155 13.6280 1.9693 35.6861 -7.7918 0.0824
Cyclist -1 -1 -5.6642 1017.4796 166.0632 1156.5255 289.4691 1.8370 0.6238 1.8538 7.6194 1.7356 11.7166 -5.0999 0.0805
Pedestrian -1 -1 -7.8641 833.3027 175.4053 848.1067 210.7915 1.7394 0.6934 0.4864 11.4187 1.8671 35.8490 -7.5587 0.0803
Cyclist -1 -1 -8.5067 1014.7014 174.4873 1092.3142 258.6856 1.6446 0.4348 1.6656 9.1108 1.6801 14.9787 -7.9696 0.0799
Pedestrian -1 -1 -7.7834 498.2610 176.0373 510.5832 207.4741 1.8234 0.6739 0.5976 -6.2143 2.0109 42.2397 -7.9290 0.0776
Pedestrian -1 -1 -6.4699 637.5198 178.7324 653.1824 205.5581 1.6072 0.6778 0.8371 2.1073 1.9669 43.7958 -6.4227 0.0775
Pedestrian -1 -1 -4.9218 1013.1313 173.0937 1065.0414 283.1080 1.8009 0.6117 0.7204 7.2143 1.8048 12.2498 -4.4010 0.0742
Cyclist -1 -1 -8.0073 349.2570 152.9084 362.9049 182.3082 1.7240 0.5155 1.7153 -15.2403 0.5541 43.1880 -8.3447 0.0700
Pedestrian -1 -1 -6.7636 1034.0145 164.7977 1095.2833 285.6171 1.8916 0.6424 0.6023 7.2629 1.7651 11.6367 -6.2178 0.0681
Cyclist -1 -1 -5.1197 686.3322 175.1160 706.8397 205.7197 1.7534 0.5816 1.6583 5.0353 1.8886 42.3470 -5.0027 0.0641
Pedestrian -1 -1 -8.2085 1138.3057 158.7923 1200.3617 272.9224 1.8794 0.6110 0.7395 9.4792 1.6475 12.3232 -7.5650 0.0626
Pedestrian -1 -1 -3.9571 417.7457 187.8981 445.5822 243.2336 1.4565 0.5263 0.5084 -4.8763 1.8708 19.5332 -4.1992 0.0576
Cyclist -1 -1 -7.8811 417.3807 180.4108 429.9829 221.7101 1.6410 0.4587 1.6931 -7.7633 1.9628 29.8686 -8.1337 0.0553
Cyclist -1 -1 -7.7356 768.6412 181.7580 786.6409 227.2832 1.5525 0.4472 1.6085 5.9481 1.8804 25.7642 -7.5120 0.0547
Pedestrian -1 -1 -6.4651 1058.9534 161.2405 1127.0472 277.5089 1.8934 0.5939 0.8553 8.0833 1.7040 12.1880 -5.8913 0.0530
Pedestrian -1 -1 -4.3833 382.5114 186.4440 420.1618 256.1786 1.5234 0.6661 0.5580 -4.7225 1.8333 16.1728 -4.6637 0.0510
Car -1 -1 -2.5340 0.0000 165.4984 295.0657 324.9790 1.7972 1.7216 4.3036 -6.5136 1.7140 9.0029 -3.1467 0.9160
Car -1 -1 -2.8136 231.6637 183.3540 434.2132 254.0953 1.5302 1.6144 4.0825 -6.3559 1.7861 16.7346 -3.1719 0.9138
Car -1 -1 -5.8110 175.9401 189.9639 402.9366 271.0977 1.4424 1.5513 3.7632 -6.2137 1.7976 14.0975 -6.2198 0.8923
Car -1 -1 -7.9319 649.5191 177.2529 694.0578 218.1831 1.6710 1.6517 3.6350 2.6129 1.8749 31.6685 -7.8510 0.8130
Car -1 -1 -2.9438 417.6148 174.2793 506.1130 213.5663 1.8719 1.7807 3.9733 -7.2413 1.9432 35.3410 -3.1449 0.6933
Car -1 -1 -6.0478 406.8369 184.4028 511.4375 220.8671 1.4528 1.6714 4.0077 -6.3046 1.9504 30.2122 -6.2523 0.5992
Car -1 -1 -6.1244 470.6851 180.8569 544.7219 208.1267 1.5696 1.6848 4.1474 -6.0808 2.0552 42.9274 -6.2647 0.5794
Car -1 -1 -5.8097 43.7492 193.7539 350.7390 292.8584 1.4330 1.4934 4.0510 -6.5073 1.7914 11.5786 -6.3124 0.5629
Car -1 -1 -2.8549 335.1821 178.7017 468.7546 225.9734 1.6330 1.6509 4.3311 -7.4624 1.8501 25.9806 -3.1324 0.5309
Car -1 -1 -7.9161 671.8843 175.2435 699.7001 199.8552 1.6750 1.7135 4.1286 5.3501 1.8525 51.6095 -7.8138 0.5031
Car -1 -1 -7.9944 632.4736 180.2093 664.3934 204.8167 1.4491 1.5257 3.4475 2.3443 1.9292 45.3428 -7.9436 0.4712
Car -1 -1 -2.6822 273.9003 186.2289 441.9658 245.2055 1.4598 1.5300 3.9880 -6.7446 1.8366 19.3307 -3.0142 0.2531
Car -1 -1 -2.5082 425.2880 179.7659 517.2035 216.5153 1.5620 1.6081 3.9126 -6.3612 1.8912 32.8230 -2.6986 0.1991
Car -1 -1 -7.2544 0.0000 169.6963 28.1827 212.8114 1.5805 1.6719 3.8605 -25.2212 1.4644 28.4665 -7.9749 0.1536
Car -1 -1 -4.7520 521.8567 179.3478 546.5534 204.1912 1.5999 1.5306 3.7058 -5.2535 2.0619 49.4262 -4.8578 0.1477
Car -1 -1 -5.9894 455.6064 183.2346 534.0711 211.1558 1.5075 1.5856 4.0996 -6.5233 2.1097 40.8113 -6.1474 0.1434
Car -1 -1 -4.7934 749.4776 180.4561 801.0260 222.6510 1.4702 1.5983 4.0641 6.2982 1.7876 28.0277 -4.5752 0.1194
Car -1 -1 -6.4748 809.7980 178.0019 894.8657 208.3831 1.4851 1.6085 3.8563 12.2128 1.7538 36.6647 -6.1562 0.1046
Car -1 -1 -9.1284 0.0000 0.0000 1241.0000 374.0000 1.5613 1.6295 3.8247 2.7684 1.6387 0.7172 -7.9086 0.0850
Car -1 -1 -8.0331 339.2372 149.6981 377.6265 176.1970 1.5493 1.5900 3.6770 -15.4705 0.1952 44.1787 -8.3681 0.0841
Car -1 -1 -4.2618 671.3221 180.2339 758.1445 223.2889 1.4958 1.6630 4.2445 4.1050 1.8052 28.0547 -4.1187 0.0831
Car -1 -1 -9.4136 0.0000 0.0000 1241.0000 374.0000 1.5841 1.6175 3.8141 4.6154 1.6086 1.4173 -8.1984 0.0514
