Car -1 -1 -7.5174 271.3310 186.2331 386.8997 250.9937 1.4506 1.6279 3.8048 -7.2462 1.8361 18.8796 -7.8797 0.1696
Pedestrian -1 -1 -5.3713 716.3114 167.2380 732.3597 197.7460 1.8521 0.6160 0.7926 6.9826 1.5109 44.3004 -5.2164 0.1593
Pedestrian -1 -1 -3.7178 770.9143 161.0862 792.4265 198.3123 1.9214 0.6216 0.8993 8.9251 1.3137 37.6861 -3.4874 0.1219
Pedestrian -1 -1 -4.7975 943.8091 141.7138 963.4982 186.9389 1.8614 0.6640 0.9236 14.3543 0.5794 30.2459 -4.3582 0.1012
Car -1 -1 -4.9134 681.5740 170.9659 708.0920 189.6261 1.5039 1.5205 3.4572 6.9910 1.3514 59.9376 -4.7982 0.0966
Car -1 -1 -7.6612 491.3816 177.6675 518.3466 196.3020 1.5223 1.6166 3.6460 -8.9911 1.9465 61.7655 -7.8055 0.0801
Pedestrian -1 -1 -5.0585 424.3411 184.6220 441.2248 220.7906 1.3558 0.4785 0.5235 -6.8316 1.8118 27.6264 -5.2992 0.0784
Pedestrian -1 -1 -5.5802 387.3980 177.2247 400.4003 199.8769 1.7454 0.5325 0.8198 -16.8474 2.0877 56.1610 -5.8706 0.0741
Pedestrian -1 -1 -5.8906 394.1790 177.8422 406.1873 199.6265 1.7359 0.4611 0.8107 -16.8610 2.1378 57.8962 -6.1730 0.0738
Cyclist -1 -1 -3.3817 689.1335 168.4132 733.5329 216.1403 1.7647 0.6380 1.5411 3.7497 1.6002 27.0762 -3.2462 0.0715
Car -1 -1 -4.1995 166.4043 188.3714 284.2629 237.0623 1.4553 1.6909 4.3463 -13.2874 2.0434 25.1647 -4.6813 0.0680
Car -1 -1 -7.8439 348.5747 178.7380 373.5945 201.8521 1.5785 1.6588 3.8179 -18.0823 2.0225 52.4040 -8.1749 0.0651
Car -1 -1 -7.4959 1043.8854 175.0826 1241.0000 374.0000 1.5155 1.6075 4.2565 3.9816 1.5283 2.8210 -6.5902 0.0650
Pedestrian -1 -1 -8.1802 874.2927 152.9303 902.2648 215.7425 1.9096 0.6409 0.6079 8.5270 1.3036 22.2511 -7.8191 0.0646
Pedestrian -1 -1 -4.1139 437.1159 185.3593 452.9799 217.4085 1.3068 0.4388 0.4971 -6.8950 1.8314 29.9755 -4.3385 0.0612
Car -1 -1 -4.2600 242.3057 172.4166 282.6712 192.2148 1.7840 1.7019 4.2321 -32.2978 1.7443 67.1386 -4.7070 0.0609
Pedestrian -1 -1 -5.1025 5.6768 175.2976 22.0139 208.4351 1.8838 0.5104 0.6643 -34.2881 2.0252 41.4559 -5.7906 0.0588
Cyclist -1 -1 -5.1040 1033.9009 118.6244 1068.3370 166.6176 1.7707 0.5082 1.7037 16.8869 -0.2476 27.7302 -4.5613 0.0580
Pedestrian -1 -1 -5.5385 273.7070 170.1122 312.5334 234.3273 1.8124 0.7223 0.7299 -9.1895 1.7347 20.8255 -5.9498 0.0565
Car -1 -1 -5.7390 1191.0564 97.1437 1241.0000 157.0490 1.4691 1.6136 3.5797 19.0735 -0.4956 20.6665 -5.0001 0.0565
Pedestrian -1 -1 -6.1561 154.1481 180.6429 171.0012 208.5210 2.0426 0.4758 1.0103 -33.2175 2.6247 53.5285 -6.7095 0.0556
Car -1 -1 -4.5265 184.3466 183.8061 228.2877 209.6920 1.4145 1.5897 3.9760 -24.2373 2.1050 43.3739 -5.0337 0.0543
Cyclist -1 -1 -7.7975 458.5159 175.9503 469.9496 210.8873 1.6652 0.4618 1.5729 -7.1750 1.8201 35.3467 -7.9968 0.0535
Car -1 -1 -7.0158 766.8216 171.0313 853.2856 204.9410 1.5028 1.5772 3.7967 9.2649 1.4217 33.5342 -6.7489 0.0530
Car -1 -1 -7.7883 501.0313 178.8082 528.0093 200.7928 1.4787 1.6456 4.3291 -6.8625 1.9252 51.9423 -7.9194 0.0504
Pedestrian -1 -1 -5.3910 316.6032 179.3515 335.7455 210.0390 1.8035 0.6828 0.8500 -16.9989 2.1961 43.1263 -5.7647 0.2667
Pedestrian -1 -1 -6.1082 490.8094 171.4993 504.6165 202.4955 1.8074 0.7411 0.6846 -6.6390 1.7281 42.4506 -6.2628 0.2497
Pedestrian -1 -1 -8.0448 296.7500 180.3923 308.2726 214.4373 1.7283 0.4928 0.3180 -15.8148 2.1176 37.0176 -8.4463 0.2104
Cyclist -1 -1 -5.2855 630.7931 168.4491 655.8735 200.6966 1.8143 0.5830 1.7485 1.8697 1.5662 41.4976 -5.2413 0.2101
Pedestrian -1 -1 -3.6069 624.3905 170.4005 641.4939 199.6844 1.7318 0.5258 0.8783 1.3337 1.5864 43.0939 -3.5766 0.1966
Pedestrian -1 -1 -3.7499 673.5895 161.7284 700.4900 207.0160 1.9418 0.6156 0.9921 3.3141 1.4645 31.4471 -3.6464 0.1238
Cyclist -1 -1 -4.9935 504.0890 177.2528 517.6292 203.4972 1.6117 0.4513 1.4700 -6.2685 1.8924 45.3306 -5.1306 0.1060
Pedestrian -1 -1 -3.4144 1030.8881 130.5623 1056.9080 174.7844 1.6722 0.5863 0.7210 16.5814 0.0727 27.6602 -2.8788 0.1046
Pedestrian -1 -1 -5.9191 297.2773 181.0247 316.6192 214.1636 1.6895 0.5993 0.7568 -15.6811 2.1146 37.2512 -6.3153 0.0907
Pedestrian -1 -1 -6.3218 577.9225 173.1327 587.2888 200.0315 1.6773 0.6261 0.5633 -1.7575 1.6946 45.3319 -6.3608 0.0890
Cyclist -1 -1 -7.7039 342.2597 185.5990 352.2380 212.6758 1.5754 0.3482 1.4698 -15.8519 2.3559 43.4473 -8.0521 0.0826
Cyclist -1 -1 -2.7000 470.2552 173.8006 502.4707 206.4494 1.7930 0.6423 1.6526 -6.9217 1.8461 40.1863 -2.8699 0.0746
Cyclist -1 -1 -4.7361 629.2214 170.8066 639.1725 200.2707 1.7250 0.5495 1.7265 1.4039 1.6049 43.1095 -4.7043 0.0727
Pedestrian -1 -1 -8.4017 1042.7891 124.5346 1075.0156 171.3148 1.7648 0.6757 0.9041 17.1796 -0.0604 27.7024 -7.8511 0.0727
Cyclist -1 -1 -6.9374 1035.7532 124.8969 1088.4320 170.8754 1.7212 0.6000 1.6820 17.1313 -0.0766 27.4265 -6.3836 0.0660
Cyclist -1 -1 -8.2745 635.6414 171.4606 652.9102 199.1724 1.6703 0.4396 1.6047 2.0621 1.5860 44.3167 -8.2288 0.0611
Pedestrian -1 -1 -5.0827 1023.4451 125.5116 1046.7482 173.8497 1.8312 0.6104 0.5485 16.2409 0.0374 27.6521 -4.5560 0.0575
Cyclist -1 -1 -5.0601 683.5292 169.2437 707.4716 209.4929 1.7006 0.5349 1.5361 3.6541 1.5478 31.2962 -4.9455 0.0570
Cyclist -1 -1 -5.1152 670.9924 166.7239 697.1322 207.8738 1.7469 0.5401 1.6142 3.1759 1.4863 31.4810 -5.0161 0.0566
Cyclist -1 -1 -7.3375 484.6962 173.1855 509.2194 204.2699 1.7681 0.6214 1.7633 -6.6039 1.7875 41.9963 -7.4930 0.0560
Cyclist -1 -1 -7.1390 1024.0519 123.2346 1071.1622 170.8606 1.8069 0.6289 1.6653 16.9231 -0.0791 27.9797 -6.5993 0.0545
Car -1 -1 -7.8171 519.7722 178.8118 555.6935 210.1251 1.4097 1.6028 4.0695 -3.5300 1.7186 35.3563 -7.9164 0.9118
Car -1 -1 -8.0171 572.3860 174.7687 606.2010 199.2686 1.5141 1.5915 3.8148 -1.4206 1.6437 46.9328 -8.0477 0.6374
Car -1 -1 -4.9367 405.4157 181.3804 446.9838 207.6271 1.4814 1.6144 4.0220 -11.3570 2.0300 44.2854 -5.1867 0.3261
Car -1 -1 -4.4426 442.3380 177.1570 470.4940 194.7649 1.5238 1.5103 3.9052 -13.9085 1.9255 65.4120 -4.6516 0.2108
Car -1 -1 -7.6345 343.6792 180.1076 420.2857 232.1933 1.5414 1.6143 3.7908 -7.4815 1.8005 23.8522 -7.9358 0.1421
Car -1 -1 -4.7226 641.3844 171.9296 664.4343 194.9025 1.6016 1.6054 4.0211 3.0569 1.5368 52.3485 -4.6650 0.1358
Car -1 -1 -6.7709 658.1109 176.7407 746.7488 208.1342 1.4469 1.6125 3.9845 4.4501 1.6435 35.0790 -6.6463 0.1028
Car -1 -1 -3.0910 443.2639 181.0819 498.5262 203.6936 1.5260 1.6336 3.7230 -9.7335 2.1141 50.5374 -3.2807 0.0925
Car -1 -1 -4.4744 288.5916 184.0353 338.4024 212.8018 1.4307 1.6291 3.9783 -16.2373 2.0763 39.5964 -4.8615 0.0908
Car -1 -1 -8.0062 621.5403 174.6934 657.3734 200.0232 1.5227 1.6530 4.1471 1.7885 1.6447 45.8412 -7.9679 0.0851
Car -1 -1 -8.1110 458.3851 179.6183 502.3979 206.8142 1.4454 1.5752 3.7643 -7.5155 1.8523 41.4007 -8.2898 0.0790
Car -1 -1 -4.6561 487.3117 178.4393 515.1234 202.9796 1.4820 1.5584 3.8138 -6.9978 1.8565 46.4428 -4.8052 0.0694
Car -1 -1 -4.5504 398.2824 179.9367 466.4182 231.1997 1.5359 1.5940 3.9304 -5.9094 1.7930 24.1964 -4.7879 0.0688
Car -1 -1 -4.6236 333.2986 182.3007 366.6168 209.2300 1.6066 1.6591 4.3095 -16.9017 2.2511 46.9512 -4.9677 0.0677
Car -1 -1 -4.9537 356.6989 181.2819 406.2582 210.4400 1.4966 1.6691 4.3415 -12.9587 1.9978 40.6445 -5.2608 0.0606
Car -1 -1 -4.5938 439.6282 178.7694 473.8171 205.3600 1.5793 1.6558 4.0664 -9.7323 1.9724 45.8870 -4.8021 0.0601
