Pedestrian -1 -1 -4.4263 492.1650 172.9480 518.1212 225.8776 1.7707 0.6918 0.7494 -3.6105 1.7737 24.5597 -4.5714 0.1985
Cyclist -1 -1 -7.8417 736.9449 172.3174 754.1975 242.8135 1.6863 0.4065 1.6596 3.3563 1.6732 18.1132 -7.6623 0.1489
Pedestrian -1 -1 -5.7469 141.1623 161.9109 192.2395 278.9024 1.7832 0.5329 0.4722 -6.9672 1.6161 11.2657 -6.2906 0.1413
Pedestrian -1 -1 -5.0936 722.1379 181.4834 754.2867 245.3951 1.5248 0.5438 0.7250 3.0938 1.7415 17.7370 -4.9247 0.1330
Pedestrian -1 -1 -6.0511 525.7783 169.0059 552.9363 220.0686 1.8433 0.6357 0.8675 -2.6278 1.7041 26.4195 -6.1499 0.1014
Pedestrian -1 -1 -3.1820 566.2304 178.7595 570.5901 200.7926 1.8801 0.6141 0.3492 -3.6025 2.3904 62.0642 -3.2402 0.1002
Pedestrian -1 -1 -5.7631 470.2739 167.5308 504.0097 226.0483 1.9016 0.5713 0.9412 -4.1106 1.7283 23.8767 -5.9324 0.0899
Pedestrian -1 -1 -5.9210 542.3547 174.3854 556.9637 202.4904 1.8380 0.5197 0.8302 -4.0117 1.9395 47.5909 -6.0051 0.0841
Pedestrian -1 -1 -3.4651 114.1858 149.7803 234.9998 342.3680 1.8383 0.5963 0.9273 -4.5299 1.6177 7.4327 -3.9972 0.0707
Pedestrian -1 -1 -5.4041 187.3571 154.8315 287.6716 323.0157 1.8538 0.5832 0.9280 -4.3906 1.6549 8.4057 -5.8732 0.0666
Pedestrian -1 -1 -2.6149 151.7345 155.8555 268.7768 325.6262 1.8386 0.5692 1.0014 -4.5308 1.6542 8.1142 -3.1109 0.0636
Pedestrian -1 -1 -4.8737 494.0218 180.9206 512.5746 228.1562 1.5493 0.5249 0.5945 -3.6217 1.8231 24.1526 -5.0217 0.0632
Pedestrian -1 -1 -5.3423 209.0504 152.0490 299.2791 314.5188 1.8625 0.5346 0.9329 -4.3593 1.6237 8.7264 -5.7942 0.0554
Pedestrian -1 -1 -4.2037 984.9816 167.4841 1069.5192 343.2183 1.5171 0.4693 0.5409 3.7391 1.4704 6.5718 -3.7064 0.0533
Pedestrian -1 -1 -3.7017 713.7038 162.4044 750.5096 222.9366 1.9153 0.5317 1.0491 3.8904 1.5844 23.2781 -3.5388 0.0522
Cyclist -1 -1 -7.9146 744.6537 170.7492 768.8473 242.0336 1.7132 0.4844 1.6741 3.6366 1.6623 18.2023 -7.7213 0.0511
Cyclist -1 -1 -7.5774 519.7001 171.9046 548.0794 223.5537 1.7684 0.5441 1.7608 -2.7327 1.7356 25.6181 -7.6833 0.0507
Car -1 -1 -8.0079 645.7644 176.7646 681.3466 205.7358 1.6719 1.6571 3.3103 3.1781 1.9184 43.8199 -7.9365 0.9098
Car -1 -1 -8.1122 724.1578 166.9748 809.8855 231.3166 1.8265 1.6312 3.8990 4.7292 1.6593 22.4735 -7.9081 0.1253
Car -1 -1 -7.5159 485.9859 175.0624 560.1929 223.9888 1.6313 1.5745 3.5583 -3.1141 1.7169 26.1381 -7.6339 0.0924
Car -1 -1 -4.7523 516.0900 180.5294 546.8327 208.2814 1.4910 1.6131 3.9970 -4.6501 1.9600 42.0222 -4.8624 0.0719
