Cyclist -1 -1 -4.6361 926.8284 162.4235 943.9395 205.5912 1.6890 0.5100 1.7051 13.0870 1.2806 29.1022 -4.2176 0.1283
Pedestrian -1 -1 -8.1080 423.9513 169.9835 446.3622 220.5789 1.8836 0.6648 0.7225 -6.6723 1.7764 27.3369 -8.3457 0.1257
Pedestrian -1 -1 -4.5364 165.6969 181.1514 191.9844 242.6369 1.8499 0.5984 0.5917 -13.3035 2.1092 22.1935 -5.0714 0.1198
Pedestrian -1 -1 -3.2600 1192.9956 155.7889 1224.3860 225.2996 1.7940 0.5089 0.5751 15.6988 1.3532 18.9907 -2.5772 0.1000
Pedestrian -1 -1 -3.8075 354.1189 201.3405 381.5174 255.0905 1.1332 0.3442 0.4528 -5.3526 1.7677 15.7959 -4.1297 0.0807
Pedestrian -1 -1 -6.4059 1095.6093 151.9429 1108.2511 200.6429 1.9095 0.5175 0.3502 19.4520 1.0893 28.6007 -5.8136 0.0799
Pedestrian -1 -1 -4.5066 830.2997 167.8824 848.6861 211.5460 1.8430 0.6130 0.7538 9.7976 1.6328 30.9332 -4.2031 0.0787
Pedestrian -1 -1 -4.1996 276.4574 184.0987 309.6660 243.8869 1.5611 0.5451 0.6928 -8.5434 1.8682 19.3518 -4.6108 0.0752
Car -1 -1 -6.8510 994.9709 168.8099 1151.3223 223.5182 1.4838 1.5407 3.4268 12.9341 1.3738 20.3551 -6.2919 0.0739
Pedestrian -1 -1 -5.3217 1177.7892 231.3455 1241.0000 374.0000 1.1584 0.3593 0.4089 4.6776 1.6288 5.5917 -4.6516 0.0708
Car -1 -1 -4.5560 717.2623 173.3638 750.5607 198.7356 1.6620 1.6333 4.1671 8.5238 1.6983 49.5895 -4.3872 0.0696
Car -1 -1 -6.1457 814.1194 175.7458 885.4162 200.4615 1.5292 1.6692 4.1936 15.4784 1.7228 46.7063 -5.8280 0.0635
Pedestrian -1 -1 -4.7129 767.0432 162.9366 779.8188 198.0975 2.0060 0.7121 0.6415 9.3739 1.4399 41.5562 -4.4929 0.0607
Cyclist -1 -1 -4.6677 857.5426 169.3926 875.8079 226.3176 1.6901 0.4696 1.6347 7.8817 1.5870 22.2688 -4.3323 0.0561
Pedestrian -1 -1 -5.5836 215.4143 179.8593 245.2072 240.7535 1.6775 0.5111 0.5373 -10.7044 1.8768 20.2549 -6.0647 0.0551
Pedestrian -1 -1 -5.4586 977.1415 169.1181 1015.1492 233.4860 1.7675 0.5950 0.7394 10.7785 1.6646 20.2472 -4.9761 0.0549
Pedestrian -1 -1 -3.8737 1134.4657 149.2245 1148.0023 189.3862 1.9393 0.4731 0.2863 25.7926 0.7980 35.0904 -3.2440 0.0546
Cyclist -1 -1 -3.6262 1004.3260 162.0295 1047.0986 200.4751 1.8509 0.7015 1.6696 20.1801 1.3295 35.1160 -3.1086 0.0536
Cyclist -1 -1 -7.3880 159.7471 182.3551 219.2624 255.0246 1.5750 0.4608 1.7237 -9.7715 1.8066 16.7399 -7.9098 0.0516
Pedestrian -1 -1 -5.2851 313.0155 176.4618 348.8336 235.0295 1.6841 0.6764 0.7727 -8.2906 1.7929 21.3108 -5.6524 0.0506
Pedestrian -1 -1 -4.9903 867.0568 187.6288 900.2224 261.4449 1.3958 0.4587 0.5770 5.2754 1.6899 14.0701 -4.6394 0.2686
Cyclist -1 -1 -8.1039 931.9794 163.6800 947.4906 196.2571 1.5452 0.3010 1.5589 15.9536 1.1098 35.0181 -7.6799 0.2579
Pedestrian -1 -1 -3.6132 1049.5399 162.4877 1070.0253 194.3951 1.8187 0.6437 0.7922 25.8160 1.2275 41.4809 -3.0600 0.2350
Pedestrian -1 -1 -5.0055 696.7377 194.7621 722.4013 254.5988 1.2416 0.4043 0.5382 2.0805 1.7206 15.4883 -4.8755 0.2285
Cyclist -1 -1 -8.2771 1053.3362 160.6520 1156.4733 295.3930 1.7315 0.4833 1.7723 6.8648 1.5744 10.1851 -7.6981 0.1592
Pedestrian -1 -1 -3.0893 743.4030 172.4493 759.1243 202.9660 1.7267 0.6239 0.8520 8.0378 1.7036 41.2326 -2.8986 0.1587
Pedestrian -1 -1 -4.9593 1077.7089 150.2421 1106.2268 210.6425 1.9381 0.6177 0.7024 15.6983 1.2123 23.5857 -4.3781 0.1410
Pedestrian -1 -1 -4.5930 948.8915 155.6401 964.9750 192.8121 1.8678 0.6513 0.7989 17.6405 1.0025 36.7667 -4.1490 0.1266
Cyclist -1 -1 -4.8848 963.0912 158.0841 980.9243 193.9925 1.6330 0.4602 1.6433 16.8390 0.9610 33.6666 -4.4247 0.1153
Cyclist -1 -1 -8.6147 869.5955 163.2715 955.1992 262.3064 1.7491 0.4711 1.6436 5.6033 1.5796 13.5941 -8.2322 0.0994
Cyclist -1 -1 -3.0508 838.5169 174.6926 934.9075 263.5943 1.6316 0.6024 1.6920 5.2728 1.6684 13.9052 -2.6963 0.0880
Pedestrian -1 -1 -6.7635 1050.3722 159.2758 1125.5222 289.4819 1.7894 0.6636 0.6539 6.7312 1.6025 10.2744 -6.1974 0.0745
Cyclist -1 -1 -8.0465 936.8344 163.3530 950.5438 196.2070 1.5599 0.3057 1.5515 16.1605 1.1085 35.0484 -7.6178 0.0677
Pedestrian -1 -1 -4.0354 1162.0325 151.8336 1191.9054 213.7195 1.8993 0.5779 0.4485 17.6089 1.2539 22.4772 -3.3775 0.0677
Pedestrian -1 -1 -3.4870 1175.8079 173.2243 1241.0000 317.0904 1.6634 0.5812 0.6856 7.3224 1.6678 8.7318 -2.8065 0.0654
Pedestrian -1 -1 -5.6717 695.4638 175.3307 710.5546 203.4164 1.6341 0.6004 0.6561 5.4425 1.7812 42.5017 -5.5457 0.0646
Cyclist -1 -1 -8.2129 1076.5198 179.4600 1195.0682 303.6181 1.5358 0.6626 1.9245 7.1820 1.6367 10.0470 -7.6068 0.0642
Cyclist -1 -1 -7.7307 818.3193 171.4545 830.3130 201.5884 1.6275 0.4547 1.5261 11.7767 1.5516 39.7589 -7.4451 0.0623
Pedestrian -1 -1 -8.3706 1013.7582 160.2443 1041.6631 213.4119 1.7601 0.6456 0.4968 13.9203 1.3424 24.1356 -7.8531 0.0617
Cyclist -1 -1 -4.7401 520.5506 175.7843 529.6822 205.2376 1.6677 0.4778 1.6896 -4.9708 1.8411 41.8995 -4.8580 0.0579
Pedestrian -1 -1 -3.2805 934.2505 162.5151 949.2013 197.8300 1.6826 0.5554 0.5799 15.9207 1.1897 34.7262 -2.8541 0.0566
Pedestrian -1 -1 -6.9763 887.6087 163.2741 942.8024 261.6465 1.7835 0.5554 0.7726 5.6348 1.6095 13.4622 -6.5885 0.0557
Pedestrian -1 -1 -8.0255 745.3855 174.2199 759.5674 202.6071 1.6208 0.6599 0.8849 8.1910 1.7003 41.6897 -7.8333 0.0544
Cyclist -1 -1 -2.9600 852.4399 166.5631 967.8308 263.4081 1.6812 0.7268 1.8731 5.4767 1.5717 13.3330 -2.5788 0.0534
Cyclist -1 -1 -3.8482 1023.0323 162.1014 1178.8927 292.0555 1.7355 0.6147 1.8565 6.7690 1.5916 10.0598 -3.2702 0.0530
Cyclist -1 -1 -6.8232 1047.1410 159.9980 1083.7550 192.3799 1.8586 0.6362 1.7084 26.3063 1.1204 41.7470 -6.2643 0.0527
Pedestrian -1 -1 -5.6491 191.5163 137.9117 209.6728 176.3871 1.8051 0.5263 0.5405 -19.4124 0.1655 34.1447 -6.1628 0.0524
Cyclist -1 -1 -5.3480 770.9147 174.2024 793.5630 202.4049 1.6242 0.4574 1.5561 10.0837 1.7047 42.4354 -5.1168 0.0513
Cyclist -1 -1 -3.5372 668.8550 176.4109 751.4119 256.8999 1.6673 0.5806 1.6605 2.0931 1.7458 15.4879 -3.4065 0.0503
Car -1 -1 -4.4835 640.3560 176.1080 666.0674 192.0959 1.4403 1.5993 3.7929 4.0729 1.7554 67.8802 -4.4242 0.4650
Car -1 -1 -7.8673 694.6343 174.9456 722.8741 201.7307 1.5533 1.6391 4.0036 5.9857 1.6873 44.2539 -7.7342 0.1491
Car -1 -1 -4.5131 782.3019 174.6556 820.8415 201.0259 1.5721 1.6322 3.7891 12.0438 1.6902 45.3571 -4.2556 0.1188
Car -1 -1 -8.3101 1021.6850 161.6315 1085.4988 188.0712 1.5119 1.6276 4.0577 26.5241 0.8698 43.3523 -7.7642 0.1100
Car -1 -1 -4.5152 796.5930 169.2427 830.6212 194.1743 1.7563 1.6538 4.0426 14.9613 1.5016 53.0058 -4.2419 0.0950
Car -1 -1 -4.5136 152.3731 137.2477 209.6272 170.6627 1.5040 1.6034 4.0377 -20.7240 -0.1130 34.9319 -5.0457 0.0801
Car -1 -1 -7.5415 576.4575 177.2501 618.3784 202.7621 1.5060 1.5795 3.6716 -0.7795 1.7936 45.2641 -7.5591 0.0789
Car -1 -1 -3.2121 810.7132 174.8010 883.5688 200.8324 1.4813 1.6051 3.9662 13.8690 1.5991 42.5016 -2.8992 0.0705
Car -1 -1 -5.5095 769.9374 172.4754 840.4920 201.0897 1.5641 1.5776 3.9268 11.1365 1.5431 41.5297 -5.2497 0.0680
Car -1 -1 -7.9784 482.7166 177.2642 518.4954 204.5531 1.4948 1.6053 3.7955 -6.4785 1.7651 42.2279 -8.1301 0.0667
Car -1 -1 -4.4821 528.0945 177.3547 564.8252 202.4837 1.5255 1.5493 3.7166 -4.0803 1.8271 46.4499 -4.5697 0.0651
Car -1 -1 -4.9432 728.7989 174.7784 769.2912 201.9458 1.5399 1.5724 3.6069 8.1997 1.6591 42.9940 -4.7564 0.0643
Car -1 -1 -7.6206 832.3699 169.3786 872.3476 196.0844 1.7442 1.6778 4.1875 16.5803 1.5169 49.3471 -7.2986 0.0606
Car -1 -1 -7.5274 199.3477 139.5053 264.3889 171.8566 1.4810 1.6084 3.9885 -18.4209 -0.0519 35.2525 -8.0058 0.0582
