Pedestrian -1 -1 -3.2060 323.2113 180.8976 337.7344 210.6484 1.8727 0.5626 0.8307 -17.8860 2.3908 46.0789 -3.5747 0.2123
Pedestrian -1 -1 -7.8265 183.9931 181.2476 215.5361 251.5131 1.7694 0.6916 0.6799 -10.6962 1.9924 18.7414 -8.3394 0.1264
Pedestrian -1 -1 -1.6704 0.0000 189.3094 17.3738 274.8318 1.6654 0.5157 0.3217 -12.2851 2.0017 14.4615 -2.3656 0.1123
Pedestrian -1 -1 -4.9655 230.0949 166.6455 259.5868 234.9614 2.0274 0.6484 0.6857 -11.1252 1.8429 21.8847 -5.4312 0.1066
Pedestrian -1 -1 -4.7493 1160.0344 112.9076 1241.0000 374.0000 1.9973 0.6844 1.0586 5.0567 1.5403 6.1257 -4.0833 0.1011
Pedestrian -1 -1 -3.7795 1103.7332 124.5078 1241.0000 374.0000 1.8033 0.7012 0.6651 2.9858 1.5845 3.6164 -3.1293 0.0891
Pedestrian -1 -1 -8.6533 722.3650 176.2845 759.8750 244.6458 1.7200 0.5717 0.7757 3.3408 1.8108 18.6845 -8.4800 0.0756
Pedestrian -1 -1 -4.8979 875.0833 199.0023 894.2874 245.8659 1.2174 0.3825 0.5532 7.3269 1.9308 19.3889 -4.5425 0.0752
Pedestrian -1 -1 -3.0413 418.6621 181.0339 424.1284 200.7574 1.6975 0.6282 0.3990 -16.4179 2.4121 62.7230 -3.2966 0.0693
Pedestrian -1 -1 -4.6277 114.0195 179.3001 146.0028 250.3199 1.8167 0.6499 0.5851 -12.6436 1.9893 18.9439 -5.2100 0.0623
Pedestrian -1 -1 -3.9649 630.5337 191.9762 657.4794 245.6774 1.3456 0.4434 0.5473 0.8302 1.8495 18.6785 -3.9223 0.0538
Pedestrian -1 -1 -5.3599 903.3461 200.5370 948.9562 300.0646 1.3207 0.4123 0.4088 4.3046 1.7122 9.9628 -4.9639 0.0517
Car -1 -1 -6.1411 110.7015 190.5652 488.4632 311.2497 1.4272 1.6744 4.6224 -4.1854 1.7126 10.2853 -6.5194 0.9428
Car -1 -1 -7.0369 905.1837 183.9747 1241.0000 313.1444 1.4871 1.6402 4.1881 6.2986 1.6552 9.7220 -6.4766 0.3089
Car -1 -1 -4.5971 350.4048 189.5820 379.6367 213.0329 1.6076 1.6434 4.0059 -18.5346 2.9233 54.6323 -4.9231 0.2621
Car -1 -1 -4.4984 326.7440 183.3250 443.1972 264.2700 1.5400 1.6457 4.1721 -5.0019 1.8092 16.4256 -4.7902 0.0853
Car -1 -1 -4.5014 303.1885 187.8283 398.1852 252.4959 1.4729 1.5886 3.9849 -6.9117 1.9198 19.4723 -4.8388 0.0570
