Car -1 -1 -7.0907 829.1217 173.5743 1154.9379 320.2696 1.4500 1.5618 3.2824 4.3677 1.4594 8.4340 -6.6278 0.9503
Car -1 -1 -4.3119 1105.0531 169.6899 1241.0000 292.8952 1.4294 1.5321 3.9097 8.7179 1.3924 9.9326 -3.6065 0.7208
Pedestrian -1 -1 -7.7315 984.9611 148.4917 1026.8096 244.1971 1.8371 0.6401 0.8648 7.8458 1.3692 14.3880 -7.2413 0.1952
Pedestrian -1 -1 -7.4127 431.9562 134.1492 466.5059 206.3524 1.8583 0.6988 0.5932 -4.2648 0.8618 18.9363 -7.6315 0.1335
Cyclist -1 -1 -8.6569 998.7570 140.9656 1060.3789 205.9674 1.6574 0.3746 1.5981 11.0937 0.8440 19.2171 -8.1400 0.1170
Pedestrian -1 -1 -3.6861 971.8940 144.6765 991.0899 207.6878 1.7731 0.5228 0.2490 10.5395 0.9799 20.5733 -3.2186 0.1107
Pedestrian -1 -1 -5.8983 746.2960 152.1449 777.2457 219.6567 1.6226 0.6290 0.5522 3.6860 1.1246 17.7566 -5.6975 0.0982
Pedestrian -1 -1 -5.9098 1210.2335 137.3390 1238.9240 203.8142 1.8613 0.5595 0.4516 17.4400 0.8666 20.5350 -5.2128 0.0917
Pedestrian -1 -1 -8.8849 1056.5555 146.4330 1099.1631 216.0417 1.7492 0.6426 0.6904 11.9948 1.0850 18.5844 -8.3192 0.0846
Pedestrian -1 -1 -5.7843 1047.1586 162.8213 1086.7224 240.6158 1.6569 0.6064 0.5035 9.9113 1.4429 15.7365 -5.2312 0.0844
Pedestrian -1 -1 -3.9251 762.0657 152.0711 813.0500 250.4900 1.6997 0.5944 0.6564 3.1139 1.3404 12.8859 -3.6939 0.0817
Pedestrian -1 -1 -5.7672 812.3523 142.9195 868.7313 250.1300 1.8083 0.6117 0.7376 3.9846 1.3031 12.6484 -5.4693 0.0774
Pedestrian -1 -1 -5.6774 545.1570 139.2591 586.9921 217.2827 1.7611 0.5674 0.7850 -1.0694 1.0025 16.7320 -5.7408 0.0727
Pedestrian -1 -1 -8.0134 726.8953 140.3900 754.5027 207.3980 1.7670 0.6250 0.6836 3.4522 0.9106 19.3726 -7.8401 0.0554
Pedestrian -1 -1 -3.5683 710.6512 140.1100 756.7080 221.0409 1.7971 0.5866 0.8664 2.7567 1.0697 16.4181 -3.4054 0.0540
Cyclist -1 -1 -8.0167 843.1690 147.2289 872.3348 211.2066 1.6466 0.4634 1.6793 6.6061 0.9868 19.4365 -7.6940 0.0539
Car -1 -1 -4.6654 6.9990 141.7249 83.5979 196.6244 1.4718 1.5863 3.5936 -16.5939 0.6369 21.2704 -5.3218 0.0522
Pedestrian -1 -1 -3.2199 1.7483 148.9778 35.8052 225.8543 1.6736 0.6098 0.5458 -13.2593 1.1535 16.1170 -3.9003 0.0519
Pedestrian -1 -1 -6.9749 733.1028 153.2632 779.9909 248.8725 1.6145 0.6017 0.5400 2.4958 1.2834 12.5780 -6.7843 0.0501
Pedestrian -1 -1 -5.8090 499.9950 154.9841 549.0165 264.4033 1.6537 0.7051 0.4981 -1.3885 1.3834 11.3222 -5.9292 0.4129
Pedestrian -1 -1 -5.8518 548.7546 144.7994 600.1784 234.3170 1.7412 0.5780 0.8681 -0.7618 1.1952 14.4636 -5.9043 0.3424
Cyclist -1 -1 -7.4763 212.1697 152.0872 267.8292 239.5749 1.6021 0.4005 1.5802 -7.2109 1.2215 14.0179 -7.9440 0.1892
Pedestrian -1 -1 -5.4665 206.4897 154.4146 259.0816 241.8053 1.6329 0.5577 0.7155 -7.2966 1.2881 13.8643 -5.9434 0.1835
Pedestrian -1 -1 -3.2077 254.5039 136.7229 313.0190 265.4139 1.7238 0.5260 0.7127 -4.6091 1.2396 10.0641 -3.6277 0.1794
Pedestrian -1 -1 -3.7813 630.8178 138.6848 697.1371 261.0062 1.7341 0.5451 0.8150 0.7429 1.2494 10.6789 -3.7148 0.1609
Pedestrian -1 -1 -3.5790 342.1230 130.9583 429.2459 279.1849 1.7681 0.5736 0.8930 -2.8863 1.2680 9.1190 -3.8780 0.1605
Pedestrian -1 -1 -4.3851 384.0793 141.0681 455.0944 282.3892 1.6783 0.6289 0.8069 -2.4114 1.3005 8.9937 -4.6406 0.1512
Pedestrian -1 -1 -2.0886 290.3548 144.3454 348.9766 271.7142 1.6893 0.4996 0.6429 -4.0663 1.3109 9.9657 -2.4673 0.1511
Pedestrian -1 -1 -5.8919 560.3641 144.1072 613.6970 242.2179 1.7025 0.5939 0.7901 -0.4609 1.2033 12.9365 -5.9277 0.1450
Pedestrian -1 -1 -4.2721 301.3480 135.0364 353.9096 246.2115 1.7322 0.5572 0.6596 -4.5799 1.1427 11.5910 -4.6411 0.1350
Cyclist -1 -1 -1.9128 187.4037 153.3973 264.5805 258.2481 1.6126 0.5611 1.7937 -6.4153 1.3130 11.9107 -2.3979 0.1317
Cyclist -1 -1 -4.8948 310.7686 138.7205 369.0003 256.2518 1.7337 0.5731 1.6985 -4.3908 1.2299 11.5189 -5.2519 0.1266
Pedestrian -1 -1 -5.9219 587.1076 145.7163 616.7462 226.5553 1.6971 0.5294 0.4811 -0.2225 1.1271 15.4785 -5.9368 0.1230
Pedestrian -1 -1 -1.8568 172.7110 150.2339 217.4685 245.2249 1.6482 0.5288 0.6788 -7.4997 1.2554 12.9454 -2.3733 0.1167
Cyclist -1 -1 -7.4465 192.7039 151.1972 254.2581 240.8124 1.6140 0.3948 1.6932 -7.4389 1.2237 13.8548 -7.9316 0.1127
Cyclist -1 -1 -7.5701 497.6113 144.0070 560.2016 255.9542 1.7254 0.5576 1.8030 -1.3734 1.2805 12.0566 -7.6820 0.1105
Pedestrian -1 -1 -4.7256 473.8983 151.6033 527.4224 287.6019 1.6187 0.6339 0.7701 -1.4283 1.3654 9.0202 -4.8793 0.1092
Pedestrian -1 -1 -4.4975 649.8601 140.4020 701.9891 267.1522 1.6630 0.5749 0.7315 0.8581 1.2369 9.9009 -4.4147 0.1048
Pedestrian -1 -1 -3.9081 320.1931 139.9701 378.6532 256.6770 1.7484 0.5678 0.6406 -4.1017 1.2554 11.2224 -4.2515 0.1003
Cyclist -1 -1 -7.7875 572.7288 146.9586 603.5770 247.0644 1.7083 0.4562 1.7173 -0.4350 1.2661 13.1785 -7.8208 0.0944
Pedestrian -1 -1 -6.0452 571.1302 145.7994 620.5660 242.4743 1.7177 0.6183 0.7828 -0.3056 1.2367 13.2054 -6.0688 0.0936
Pedestrian -1 -1 -3.7033 599.3181 145.2927 665.0193 262.9307 1.6616 0.5358 0.8055 0.2698 1.2720 10.6280 -3.6797 0.0918
Pedestrian -1 -1 -5.0450 225.2917 138.6949 259.9091 204.8723 1.8343 0.6733 0.7395 -10.4878 0.8872 20.4987 -5.5129 0.0913
Pedestrian -1 -1 -5.5727 184.9514 156.6101 239.1813 248.1104 1.6264 0.5466 0.6730 -7.3062 1.3373 13.1630 -6.0712 0.0844
Pedestrian -1 -1 -4.0202 526.0414 145.0174 576.5792 245.3436 1.6822 0.5749 0.6793 -1.0706 1.2152 12.5413 -4.1045 0.0818
Pedestrian -1 -1 -3.2589 128.2949 152.8723 172.5501 246.5052 1.6684 0.5181 0.6321 -8.4978 1.3120 13.2565 -3.8201 0.0796
Pedestrian -1 -1 -4.7628 627.3535 133.6477 669.9315 260.9131 1.7606 0.5635 0.8458 0.4891 1.2179 10.4062 -4.7182 0.0794
Cyclist -1 -1 -7.0762 0.0000 132.9815 52.6493 189.3978 1.6726 0.4739 1.6564 -18.1628 0.4902 22.2393 -7.7553 0.0793
Cyclist -1 -1 -7.0768 293.8528 145.0361 364.2487 223.7105 1.6628 0.5102 1.5610 -6.2787 1.0746 16.0675 -7.4441 0.0776
Pedestrian -1 -1 -6.9273 579.9576 144.0513 628.6724 246.3344 1.6904 0.6045 0.5873 -0.1539 1.2141 12.3433 -6.9405 0.0760
Pedestrian -1 -1 -5.3131 545.9221 144.5613 593.2111 242.9625 1.6908 0.5688 0.6535 -0.7761 1.2044 12.8308 -5.3732 0.0740
Pedestrian -1 -1 -3.4103 240.5588 138.7136 285.6985 259.6809 1.7862 0.5327 0.4996 -5.3538 1.2818 11.0188 -3.8536 0.0728
Cyclist -1 -1 -4.1729 204.3471 138.7685 261.2510 204.3687 1.7851 0.6355 1.7212 -10.7405 0.8573 20.5135 -4.6501 0.0715
Pedestrian -1 -1 -2.8471 131.4683 155.6243 185.0992 249.6527 1.6440 0.5054 0.6976 -8.1483 1.3424 12.9486 -3.3997 0.0686
Pedestrian -1 -1 -6.4168 623.9821 151.3242 684.7105 276.1826 1.6216 0.5414 0.7424 0.5281 1.3417 9.6711 -6.3652 0.0686
Cyclist -1 -1 -5.9635 176.8839 141.2200 253.6906 207.2982 1.7531 0.6867 1.7038 -10.7629 0.9135 19.6304 -6.4594 0.0665
Pedestrian -1 -1 -3.0398 245.7106 142.1884 297.2752 265.1841 1.6936 0.4684 0.6172 -4.8564 1.2710 10.2568 -3.4725 0.0664
Cyclist -1 -1 -7.3325 18.6936 134.2485 70.0789 187.9324 1.6331 0.5166 1.6563 -17.8951 0.4584 22.8057 -7.9922 0.0642
Cyclist -1 -1 -4.2110 225.6114 144.5573 294.7590 230.3543 1.6563 0.5479 1.6359 -7.1712 1.1097 14.7610 -4.6564 0.0632
Pedestrian -1 -1 -3.1738 204.2642 155.8242 244.6511 254.9100 1.5955 0.5147 0.5779 -6.4609 1.3210 11.9847 -3.6593 0.0629
Pedestrian -1 -1 -4.2832 436.3811 146.3420 485.8342 255.4079 1.6661 0.5573 0.6197 -2.3966 1.2608 11.3863 -4.4868 0.0618
Cyclist -1 -1 -2.9750 198.4808 138.7155 269.4705 203.5775 1.7670 0.7094 1.6710 -10.5732 0.8367 20.2488 -3.4510 0.0617
Cyclist -1 -1 -7.0893 0.0000 131.8127 58.0191 188.0608 1.7072 0.5298 1.7166 -18.4499 0.4613 22.7785 -7.7644 0.0614
Pedestrian -1 -1 -2.0315 159.5631 148.4906 208.1997 247.3268 1.6796 0.4956 0.6578 -7.5242 1.2653 12.6499 -2.5591 0.0597
Pedestrian -1 -1 -5.2608 308.9236 139.3699 348.5314 209.2999 1.7392 0.6725 0.7082 -7.2327 0.9061 18.4269 -5.6302 0.0570
Cyclist -1 -1 -7.4129 523.2878 137.9454 600.9719 253.4749 1.8162 0.6277 1.7646 -0.8313 1.2671 12.2788 -7.4800 0.0567
Pedestrian -1 -1 -3.9155 506.8454 146.6075 556.3524 249.9656 1.7002 0.5986 0.5867 -1.3883 1.2682 12.2857 -4.0265 0.0565
Cyclist -1 -1 -4.1235 240.5048 140.5345 314.0150 224.3815 1.7020 0.5724 1.7223 -7.1793 1.0457 15.5426 -4.5499 0.0561
Cyclist -1 -1 -3.8612 13.9091 135.1369 78.0810 188.4227 1.6454 0.4862 1.7288 -18.1272 0.4804 23.1745 -4.5195 0.0559
Cyclist -1 -1 -4.5272 555.7172 131.4205 611.6391 250.3419 1.8895 0.6641 1.6673 -0.4746 1.2309 12.3372 -4.5658 0.0554
Pedestrian -1 -1 -7.0232 540.5165 149.2682 579.2261 230.4917 1.6548 0.5567 0.5864 -1.1018 1.1740 15.1046 -7.0955 0.0550
Pedestrian -1 -1 -6.1563 559.1850 142.7137 595.1014 224.6907 1.7231 0.5858 0.7033 -0.7513 1.0893 15.4859 -6.2047 0.0544
Pedestrian -1 -1 -7.9369 604.1685 131.6879 650.4998 263.9332 1.7673 0.5801 0.7142 0.1738 1.2169 10.0182 -7.9212 0.0534
Cyclist -1 -1 -7.3544 461.4404 143.5913 544.7398 261.4712 1.6772 0.4965 1.7519 -1.6685 1.2606 11.1740 -7.5001 0.0533
Pedestrian -1 -1 -5.1933 685.8688 149.0937 749.3309 274.0140 1.6505 0.6082 0.6994 1.4200 1.3363 9.9650 -5.0569 0.0531
Pedestrian -1 -1 -3.9003 528.9753 148.0818 577.8860 243.1300 1.6366 0.5419 0.6843 -1.0600 1.2098 12.8596 -3.9817 0.0529
Pedestrian -1 -1 -5.1506 278.0714 139.9577 308.2157 204.8380 1.7586 0.6064 0.5060 -8.8104 0.8666 19.9518 -5.5617 0.0528
Cyclist -1 -1 -7.6258 324.2055 152.3957 364.0509 232.0504 1.5817 0.4162 1.6647 -5.6225 1.1752 15.1789 -7.9752 0.0526
Pedestrian -1 -1 -6.6182 524.1362 146.5412 564.3362 231.2517 1.7277 0.6132 0.6745 -1.4363 1.1907 15.1350 -6.7119 0.0522
Cyclist -1 -1 -5.7827 171.1396 151.4574 283.5776 242.0201 1.6582 0.7053 1.7472 -7.2296 1.2661 13.5804 -6.2641 0.0518
Pedestrian -1 -1 -3.2066 163.6130 156.1443 208.6027 248.2337 1.6271 0.5318 0.6769 -7.7852 1.3316 13.1579 -3.7323 0.0517
Cyclist -1 -1 -8.1421 186.1892 153.2801 251.4776 259.4393 1.5714 0.4376 1.7526 -6.2876 1.2814 11.4571 -8.6346 0.0511
Pedestrian -1 -1 -3.0339 642.5516 146.8955 684.6684 246.6412 1.6432 0.5913 0.6561 0.8612 1.2153 12.2349 -2.9662 0.0506
Pedestrian -1 -1 -6.3928 310.4606 162.7404 366.8187 277.3397 1.4847 0.4773 0.6628 -3.7106 1.3534 9.7103 -6.7494 0.0504
Pedestrian -1 -1 -8.0253 328.3069 132.4174 360.9297 204.1980 1.8120 0.6789 0.7371 -6.9332 0.7909 18.7031 -8.3759 0.0501
Car -1 -1 -2.2587 188.8462 145.8479 365.4527 219.1798 1.5178 1.6254 3.8053 -7.6755 0.9586 16.4983 -2.6883 0.1559
Car -1 -1 -3.7792 0.0000 133.7241 89.8344 184.3187 1.4738 1.5593 3.4213 -18.7697 0.3337 22.8694 -4.4607 0.1528
Car -1 -1 -5.6596 157.2786 150.2640 329.0338 208.0296 1.4839 1.5639 4.0124 -9.9731 0.9033 19.6237 -6.1245 0.1014
Car -1 -1 -2.2707 0.0000 151.9690 11.1798 287.2010 1.5324 1.6109 4.1998 -10.3053 1.2954 9.0564 -3.1058 0.0740
Car -1 -1 -7.7962 15.8954 134.5159 91.5642 187.3625 1.4427 1.5649 3.6596 -16.6398 0.3958 21.6530 -8.4455 0.0635
Car -1 -1 -2.2153 0.0000 150.8756 0.0000 339.6304 1.5327 1.6322 4.3060 -8.6117 1.3539 6.7615 -3.1011 0.0569
Car -1 -1 -2.3412 0.0000 149.7056 3.0587 259.9404 1.5509 1.6082 4.1393 -12.0672 1.2249 10.9950 -3.1609 0.0550
