Pedestrian -1 -1 -8.6515 703.6188 171.6563 727.9511 211.4473 1.7616 0.6565 0.8732 4.7184 1.7082 32.4888 -8.5091 0.1979
Pedestrian -1 -1 -3.0295 751.2582 169.6918 765.1821 195.2688 1.7878 0.5136 0.9099 10.4093 1.5665 50.8193 -2.8290 0.1593
Pedestrian -1 -1 -3.3648 1089.6674 161.3268 1107.6976 200.2096 1.8673 0.5185 0.6227 23.6626 1.3134 35.0044 -2.7746 0.1589
Car -1 -1 -4.6560 818.3520 179.2486 842.3245 201.5157 1.5466 1.4979 3.6221 16.2398 2.0351 53.1987 -4.3618 0.1184
Pedestrian -1 -1 -5.4136 1105.6649 191.9246 1210.4801 344.3364 1.4182 0.4754 0.7146 5.3737 1.6177 7.1828 -4.7917 0.1017
Car -1 -1 -4.6505 335.7386 180.1664 366.9978 208.0696 1.6687 1.6384 4.1931 -16.6767 2.1630 46.5664 -4.9929 0.0983
Car -1 -1 -7.2079 253.0764 182.1160 318.4845 210.1718 1.7060 1.6900 4.2980 -21.3651 2.3468 47.6658 -7.6275 0.0902
Pedestrian -1 -1 -3.4287 1026.4559 155.3335 1130.5249 310.5391 1.7210 0.5367 0.8915 5.3546 1.5264 8.3764 -2.8766 0.0893
Car -1 -1 -5.5858 338.4849 185.9721 389.9734 207.2596 1.5863 1.6483 3.6387 -19.4217 2.6473 56.9499 -5.9134 0.0810
Pedestrian -1 -1 -6.5954 1004.2133 149.7483 1089.5573 293.5687 1.8057 0.5448 0.8189 5.6214 1.5153 9.4117 -6.0714 0.0804
Car -1 -1 -7.9973 901.5549 171.1508 940.2764 196.2633 1.4359 1.5960 3.7470 18.5569 1.3382 43.2732 -7.5949 0.0743
Pedestrian -1 -1 -4.8615 293.7775 183.4711 316.7652 235.6543 1.6817 0.6133 0.6369 -10.1262 2.0388 23.8600 -5.2593 0.0690
Pedestrian -1 -1 -5.5157 1046.5015 207.9381 1173.9409 374.0000 1.3688 0.4268 0.5005 3.0656 1.6032 4.5322 -4.9517 0.0673
Pedestrian -1 -1 -9.1949 1101.0234 163.9121 1111.9210 203.7142 1.8288 0.4994 0.3127 22.9657 1.4176 33.4368 -8.5975 0.0654
Car -1 -1 -5.0266 1184.7468 173.5653 1241.0000 206.0043 1.5403 1.5800 3.9225 30.6972 1.5780 36.4668 -4.3312 0.0580
Car -1 -1 -4.8595 1225.5748 171.6253 1241.0000 196.6113 1.5545 1.5962 3.9759 41.4485 1.4777 46.9932 -4.1400 0.0577
Car -1 -1 -7.8001 922.0195 164.3731 944.8089 185.7949 1.9838 1.7614 4.5879 31.0513 1.1981 69.2621 -7.3805 0.0570
Pedestrian -1 -1 -8.6960 844.0426 166.0790 859.4044 197.9852 1.8857 0.6571 0.5790 14.3886 1.4850 43.0593 -8.3760 0.0561
Pedestrian -1 -1 -3.4571 1140.5886 158.2669 1167.6704 214.9432 1.8095 0.6542 0.5209 17.6137 1.3435 23.4297 -2.8188 0.0557
Pedestrian -1 -1 -8.7076 971.1685 157.4182 997.1096 206.8169 1.8667 0.5827 0.6639 14.3055 1.2831 27.6827 -8.2353 0.0554
Pedestrian -1 -1 -5.4149 922.2130 182.4471 956.1810 258.7509 1.3677 0.3955 0.4098 5.9872 1.5469 13.2487 -4.9995 0.0546
Car -1 -1 -7.3344 854.5227 180.8505 922.0085 211.4964 1.4956 1.5953 3.9160 14.6608 1.9375 38.0405 -6.9697 0.0511
Cyclist -1 -1 -8.4324 784.0970 176.9600 819.6345 220.3924 1.5371 0.5213 1.4958 6.9794 1.6920 26.4781 -8.1780 0.0508
Cyclist -1 -1 -7.8573 257.5468 186.5090 271.7013 233.3025 1.6273 0.4542 1.5837 -12.6729 2.1416 26.3782 -8.3016 0.0508
Car -1 -1 -4.7347 651.8426 175.3472 672.0671 194.1548 1.5473 1.6322 4.2422 4.4165 1.7690 62.0918 -4.6644 0.0504
Pedestrian -1 -1 -3.7541 1224.4188 157.0269 1241.0000 202.0117 1.8485 0.6499 0.3659 25.9358 1.1978 29.9903 -3.0462 0.5308
Cyclist -1 -1 -3.8839 1200.6298 154.0618 1241.0000 197.8739 1.7994 0.5571 1.8121 25.5861 1.0273 29.9489 -3.1819 0.2550
Pedestrian -1 -1 -8.1167 1199.3302 154.4766 1228.2466 198.8067 1.8234 0.7648 0.7126 25.1863 1.0672 30.1620 -7.4259 0.2119
Cyclist -1 -1 -6.4334 766.0151 168.9254 799.3340 200.5523 1.7630 0.6025 1.7511 9.6685 1.5437 40.5926 -6.2017 0.1635
Pedestrian -1 -1 -7.4561 143.9279 175.0306 187.8776 261.3458 1.8475 0.5807 0.7381 -9.8091 1.8963 15.8721 -8.0025 0.1557
Pedestrian -1 -1 -4.9987 979.3641 165.7351 1015.4478 236.5908 1.7584 0.5985 0.8088 9.7961 1.5814 18.3611 -4.5158 0.1489
Cyclist -1 -1 -7.8177 636.5544 177.0323 643.2880 202.6569 1.5729 0.3711 1.5079 1.8477 1.8394 45.3064 -7.7777 0.1385
Cyclist -1 -1 -8.1330 287.8583 182.8460 301.8365 211.0511 1.5502 0.3276 1.4915 -17.8706 2.1246 40.8189 -8.5436 0.1359
Cyclist -1 -1 -4.5555 781.9645 168.7733 797.2222 203.9671 1.7642 0.5088 1.6852 9.1880 1.5593 37.0439 -4.3146 0.1340
Pedestrian -1 -1 -3.9348 1008.8728 170.0006 1049.1576 235.8793 1.6744 0.5716 0.7083 10.8099 1.6016 18.7104 -3.4182 0.1325
Pedestrian -1 -1 -6.4619 513.7075 182.2483 528.5969 207.8993 1.5670 0.5552 0.8307 -5.5468 2.1544 44.7510 -6.5850 0.1247
Cyclist -1 -1 -4.8365 1224.6742 155.9193 1241.0000 199.5297 1.7479 0.5196 1.8527 25.8575 1.0688 29.8343 -4.1274 0.1246
Pedestrian -1 -1 -8.4623 767.6115 171.7515 785.0763 202.8952 1.8332 0.6819 0.7923 9.8666 1.7680 42.9660 -8.2386 0.1227
Cyclist -1 -1 -8.1377 721.3722 173.0414 732.5060 196.9642 1.6641 0.3490 1.5647 8.2289 1.6772 51.0011 -7.9791 0.1189
Cyclist -1 -1 -4.8468 379.1077 177.6247 394.3302 212.0030 1.7272 0.5242 1.7493 -11.6219 1.9802 37.4061 -5.1464 0.1121
Pedestrian -1 -1 -8.8508 953.7747 163.5215 992.9096 236.3945 1.8070 0.6260 0.6546 9.1776 1.5753 18.3329 -8.3937 0.1103
Cyclist -1 -1 -8.0394 291.2345 179.4506 302.7772 209.9221 1.6910 0.3337 1.4961 -17.8541 2.0726 41.0635 -8.4475 0.1024
Pedestrian -1 -1 -8.3378 1215.9749 152.6729 1241.0000 198.4241 1.8534 0.7284 0.7326 25.5145 1.0356 29.6678 -7.6326 0.0992
Cyclist -1 -1 -7.9691 730.1649 174.1801 738.9423 200.1203 1.6399 0.3695 1.6183 7.9908 1.7266 46.5152 -7.8005 0.0979
Cyclist -1 -1 -7.5860 636.8347 176.5715 649.7711 203.0419 1.6222 0.4103 1.5774 2.0606 1.8592 45.2593 -7.5413 0.0977
Pedestrian -1 -1 -4.4440 313.1789 178.7096 333.9493 221.9366 1.8390 0.6500 0.7869 -12.4375 2.0956 31.2373 -4.8204 0.0968
Cyclist -1 -1 -7.1710 300.0949 183.9474 335.6183 223.6875 1.6437 0.4735 1.6722 -12.6571 2.1365 31.1983 -7.5538 0.0922
Pedestrian -1 -1 -7.4523 730.5715 170.5477 743.6052 198.1883 1.7676 0.6501 0.5904 8.1687 1.6198 46.5654 -7.2802 0.0892
Cyclist -1 -1 -7.2741 298.6151 180.0809 358.7416 252.8502 1.7565 0.5846 1.7234 -7.2314 1.9506 18.5003 -7.6424 0.0891
Cyclist -1 -1 -3.6797 148.4798 172.7184 233.0969 254.0324 1.8572 0.5867 1.6987 -10.1052 1.8538 17.3644 -4.2004 0.0888
Cyclist -1 -1 -5.3443 1188.6877 155.2686 1236.6514 199.1090 1.7684 0.5703 1.8003 25.0004 1.0588 30.0202 -4.6548 0.0823
Cyclist -1 -1 -8.0177 926.8679 167.0976 951.7291 223.3596 1.6695 0.4180 1.6716 10.1013 1.4984 22.2723 -7.5974 0.0808
Pedestrian -1 -1 -5.8419 281.1574 178.6040 296.9012 209.7715 1.7314 0.6727 0.5762 -18.0730 2.0570 40.5519 -6.2590 0.0794
Cyclist -1 -1 -4.3727 288.0605 180.5068 331.3860 255.5341 1.7686 0.4696 1.6575 -7.5250 1.9683 18.0194 -4.7636 0.0773
Pedestrian -1 -1 -3.2168 290.0737 178.9970 304.3577 209.7385 1.6989 0.6121 0.6918 -17.5865 2.0469 40.4799 -3.6246 0.0751
Pedestrian -1 -1 -7.8658 787.8594 167.5260 801.2928 203.6637 1.8308 0.6544 0.8928 9.4374 1.5606 37.0655 -7.6188 0.0743
Cyclist -1 -1 -2.5233 367.0513 176.3409 404.1371 211.4291 1.7814 0.6443 1.7908 -11.6501 1.9644 37.3345 -2.8242 0.0736
Pedestrian -1 -1 -6.5385 779.2195 173.1718 790.6149 202.2075 1.7306 0.6624 0.5128 10.4709 1.7496 43.3504 -6.3036 0.0728
Pedestrian -1 -1 -7.0920 391.6331 182.3126 412.1357 214.7137 1.6406 0.7151 0.7262 -10.7976 2.1357 37.3066 -7.3723 0.0686
Cyclist -1 -1 -2.3761 261.7398 171.1550 298.5489 205.8347 1.7800 0.6696 1.7805 -17.2483 1.6925 37.6450 -2.8034 0.0673
Cyclist -1 -1 -7.6690 799.0509 170.6628 810.2138 196.7282 1.6320 0.3987 1.6306 12.3791 1.4945 45.9994 -7.4081 0.0646
Pedestrian -1 -1 -2.0557 113.8848 179.0647 160.0379 264.9366 1.8163 0.5288 0.8095 -10.3785 1.9553 15.7520 -2.6308 0.0642
Cyclist -1 -1 -8.0505 917.1064 166.2745 944.2518 222.9730 1.6858 0.4389 1.6577 9.8504 1.4898 22.3093 -7.6400 0.0624
Cyclist -1 -1 -4.9474 1207.6865 152.8683 1239.2340 198.4382 1.8218 0.5637 1.8599 25.2744 1.0225 29.8036 -4.2491 0.0618
Pedestrian -1 -1 -6.1793 278.4142 175.7218 289.5230 208.8024 1.8222 0.6619 0.4977 -18.2015 1.9832 40.2051 -6.6022 0.0615
Cyclist -1 -1 -4.8298 843.3038 169.6935 873.8834 230.4917 1.6325 0.5917 1.8060 6.9307 1.5473 20.3187 -4.5061 0.0593
Cyclist -1 -1 -7.0870 961.1071 169.2307 1037.0354 237.1745 1.6945 0.6298 1.8387 9.9685 1.6038 18.5821 -6.6018 0.0582
Cyclist -1 -1 -7.6906 274.4731 185.9173 306.8643 258.1679 1.6408 0.4620 1.5910 -7.7839 1.9726 17.5137 -8.1037 0.0557
Pedestrian -1 -1 -7.8942 158.3759 176.0250 189.4886 256.7170 1.8613 0.6095 0.6039 -10.3859 1.9380 17.0963 -8.4336 0.0547
Pedestrian -1 -1 -5.5442 980.5723 165.0241 1027.4979 236.4814 1.7870 0.6095 0.8755 10.0740 1.5909 18.5586 -5.0541 0.0540
Pedestrian -1 -1 -7.6646 1125.2461 166.1260 1146.8679 200.7866 1.7659 0.7911 0.6807 27.1411 1.4228 37.2818 -7.0393 0.0538
Cyclist -1 -1 -4.2244 206.4102 184.4785 264.5433 266.1372 1.6005 0.4273 1.4869 -7.8617 1.8556 15.1015 -4.6976 0.0538
Cyclist -1 -1 -4.9991 1117.5240 155.5257 1180.7520 237.6850 1.7553 0.6488 1.7906 12.1361 1.3848 16.3676 -4.3701 0.0534
Cyclist -1 -1 -8.2976 1209.4840 164.1254 1238.2076 198.7429 1.6393 0.4214 1.5673 29.7026 1.2257 34.9805 -7.5980 0.0533
Pedestrian -1 -1 -6.5022 84.0947 178.0660 116.0990 263.2220 1.8857 0.6128 0.4751 -11.6472 2.0067 16.4065 -7.1121 0.0521
Pedestrian -1 -1 -6.2768 70.3169 168.6499 106.7266 260.0681 1.9401 0.6587 0.6340 -11.4366 1.8506 15.7646 -6.8966 0.0511
Pedestrian -1 -1 -5.2893 716.9475 171.3514 730.4194 198.1478 1.7766 0.6120 0.6906 7.5721 1.6767 48.2781 -5.1351 0.0510
Cyclist -1 -1 -7.2222 143.6645 179.7637 211.0671 247.1334 1.7616 0.6999 1.7434 -11.9754 1.9611 19.9538 -7.7572 0.0507
Car -1 -1 -4.7574 552.3449 179.3983 575.6323 200.0130 1.5337 1.6583 3.7652 -3.6839 2.0672 56.8891 -4.8222 0.6738
Car -1 -1 -4.7707 831.8288 179.1741 896.7748 234.2134 1.3732 1.4874 3.3348 6.9962 1.5659 20.2223 -4.4428 0.5358
Car -1 -1 -4.6686 649.8720 174.7796 674.9371 199.0303 1.6300 1.6020 3.7301 3.6855 1.7703 50.7520 -4.5970 0.4600
Car -1 -1 -4.9092 1096.4890 167.6957 1214.5289 240.3059 1.4942 1.4853 3.4397 12.4367 1.3878 16.7211 -4.2785 0.4017
Car -1 -1 -5.1300 489.4888 179.8878 537.2838 206.3769 1.5884 1.5821 3.9441 -6.2984 2.0616 46.4729 -5.2644 0.2477
Car -1 -1 -5.4022 265.1989 177.0803 336.0179 206.4247 1.4559 1.5875 3.4256 -16.2170 1.6852 37.7193 -5.8060 0.2422
Car -1 -1 -4.4957 1139.0116 174.2064 1191.1438 200.7226 1.5387 1.6626 4.2587 33.9068 1.6248 44.0860 -3.8436 0.1604
Car -1 -1 -5.0938 1189.3638 165.3334 1241.0000 198.0867 1.5328 1.5922 3.9139 30.5985 1.1805 35.8746 -4.3919 0.1178
Car -1 -1 -7.2474 280.3413 183.1538 363.6013 219.4520 1.4854 1.6266 3.7940 -13.0049 1.9811 32.7129 -7.6233 0.1099
Car -1 -1 -5.3968 346.6998 182.3052 423.1943 213.4144 1.5511 1.6304 4.2360 -12.2122 2.0852 38.9473 -5.6991 0.1068
Car -1 -1 -2.6523 450.1242 181.8750 580.4542 228.1378 1.4888 1.6467 4.2617 -3.3691 1.8241 25.3287 -2.7839 0.1031
Car -1 -1 -7.7518 261.0435 168.5545 285.2234 187.2005 1.6940 1.6414 4.1325 -31.6249 1.3031 67.7730 -8.1871 0.0987
Car -1 -1 -7.5831 384.4481 183.7451 425.9849 207.3008 1.5768 1.7531 4.5852 -14.9259 2.4069 52.7175 -7.8581 0.0777
Car -1 -1 -5.2162 546.4070 180.1222 596.1714 205.7098 1.4720 1.5313 3.5601 -2.4610 1.9393 44.5108 -5.2716 0.0715
Car -1 -1 -5.1871 702.9141 175.6453 748.0842 198.1314 1.5391 1.6304 3.8367 8.2412 1.7479 51.9802 -5.0312 0.0704
Car -1 -1 -3.1286 747.1146 173.1437 814.2121 198.0792 1.5663 1.6724 4.1489 10.9884 1.5852 46.6622 -2.8991 0.0690
Car -1 -1 -7.7226 616.5771 175.7656 648.9528 202.0821 1.6061 1.6033 3.8142 1.4724 1.8015 46.4929 -7.6916 0.0664
Car -1 -1 -2.7478 281.0747 181.1467 358.5269 209.5023 1.5644 1.6757 3.7451 -16.5541 2.0473 41.1758 -3.1282 0.0615
Car -1 -1 -6.4388 932.9984 170.1786 1105.5020 223.7927 1.4995 1.6543 4.2902 12.0710 1.4243 21.6856 -5.9371 0.0586
Car -1 -1 -4.8947 556.4824 178.3430 589.4974 201.4280 1.5628 1.6437 4.1775 -2.7461 1.9759 52.1259 -4.9475 0.0573
