Pedestrian -1 -1 -3.5736 840.0175 158.8973 850.5775 196.6071 1.8691 0.4915 0.3238 11.7068 1.1770 36.0270 -3.2621 0.2003
Pedestrian -1 -1 -8.1568 888.2681 157.7493 912.3877 210.4481 1.9276 0.6865 0.5717 10.6934 1.3748 26.7026 -7.7801 0.1735
Pedestrian -1 -1 -4.5926 1002.5604 141.0095 1064.7572 294.8552 1.8810 0.6121 0.8481 5.4374 1.4914 9.3449 -4.0800 0.1597
Pedestrian -1 -1 -7.9096 798.9436 166.8459 814.1217 203.2009 1.7989 0.6905 0.7362 9.7977 1.5013 36.1345 -7.6474 0.1285
Pedestrian -1 -1 -9.1868 1047.9415 156.5524 1093.5951 237.9519 1.7538 0.5982 0.7386 10.1754 1.4023 16.0188 -8.6297 0.1117
Pedestrian -1 -1 -3.5175 747.2048 167.0562 774.0275 224.6577 1.8925 0.6712 0.6753 4.9772 1.7017 24.0952 -3.3169 0.0973
Pedestrian -1 -1 -4.5014 76.7902 175.9431 125.5130 272.0620 1.8436 0.6365 0.7932 -10.1634 1.9068 14.3592 -5.1088 0.0875
Car -1 -1 -5.2399 740.2612 161.0367 780.4402 187.7497 2.3119 1.8059 3.8789 13.3895 1.2889 64.5728 -5.0366 0.0867
Car -1 -1 -8.1271 804.2198 165.2946 844.6904 190.8208 1.6481 1.6493 3.7219 14.3174 1.1597 48.4573 -7.8417 0.0807
Pedestrian -1 -1 -4.6784 110.5741 187.8946 128.7169 242.7492 1.6590 0.4488 0.3889 -15.1736 2.1286 22.2611 -5.2713 0.0790
Car -1 -1 -7.2811 251.8329 180.3268 322.5576 210.3787 1.5602 1.6566 4.1403 -18.1579 2.0040 40.7135 -7.6985 0.0740
Pedestrian -1 -1 -8.6502 897.6242 160.1998 914.9811 201.6177 1.7758 0.5667 0.4187 12.7851 1.2329 31.2407 -8.2654 0.0737
Car -1 -1 -6.6865 1023.3234 148.0328 1186.1698 201.0266 1.5947 1.6259 3.9354 15.5060 0.8475 22.8757 -6.0968 0.0703
Pedestrian -1 -1 -7.9053 23.7558 182.2278 45.1190 238.8423 1.7837 0.5217 0.2925 -18.4802 2.0873 23.1081 -8.5744 0.0688
Cyclist -1 -1 -5.9893 36.7797 179.6588 92.2466 224.5817 1.8512 0.7056 1.7440 -23.1184 2.1450 30.5541 -6.6331 0.0669
Pedestrian -1 -1 -5.4132 699.9555 164.9046 718.0435 202.5396 2.0054 0.6719 0.7022 5.3007 1.5815 38.9237 -5.2793 0.0667
Car -1 -1 -5.1379 474.5182 178.7580 525.4375 207.1501 1.7102 1.6837 4.1424 -7.1799 2.1090 46.5702 -5.2905 0.0667
Pedestrian -1 -1 -4.7648 820.5896 162.3109 836.2850 204.9697 1.8622 0.6309 0.5804 9.5968 1.4017 31.8540 -4.4751 0.0603
Car -1 -1 -4.2807 218.2692 183.8834 291.2017 217.7337 1.5491 1.7180 4.1526 -17.8953 2.1384 36.4790 -4.7341 0.0592
Car -1 -1 -7.3120 620.9775 177.1479 679.4039 204.5372 1.5548 1.6536 4.1259 2.4551 1.8281 43.8104 -7.2569 0.0564
Pedestrian -1 -1 -4.9323 338.3603 178.8746 359.4611 225.2893 1.8448 0.6516 0.7829 -10.6543 2.0934 29.3152 -5.2784 0.0520
Pedestrian -1 -1 -3.7112 1199.7157 141.0117 1241.0000 255.1618 1.8372 0.5477 0.6305 10.2237 1.3244 11.9241 -3.0149 0.0516
Pedestrian -1 -1 -4.0053 1177.4503 142.5523 1237.8589 238.3204 1.7449 0.5965 0.6437 11.1179 1.1925 13.4993 -3.3272 0.0512
Car -1 -1 -6.7957 626.9214 180.1785 732.6630 215.9946 1.4655 1.6841 4.3879 3.0484 1.8055 31.8643 -6.7018 0.0509
Pedestrian -1 -1 -8.0132 958.9738 148.8172 978.2504 189.8896 1.7698 0.6671 0.5764 15.5903 0.7338 31.4645 -7.5570 0.0508
Pedestrian -1 -1 -2.8329 293.3220 187.0817 399.1876 366.8449 1.5949 0.6258 0.7789 -2.5123 1.7347 6.7797 -3.1765 0.7555
Pedestrian -1 -1 -6.3492 0.0000 163.3292 168.2397 374.0000 1.7370 0.8093 0.5847 -2.4796 1.6997 3.3001 -6.9567 0.2138
Pedestrian -1 -1 -3.9807 1167.4558 121.1821 1193.7767 169.1362 1.7955 0.5992 0.5059 21.6254 -0.1433 27.4083 -3.3176 0.0839
Pedestrian -1 -1 -6.5069 0.0000 116.2574 105.9835 374.0000 1.9343 0.7158 0.6747 -2.6975 1.7346 3.0282 -7.1924 0.0802
Cyclist -1 -1 -8.0738 1171.3973 119.9095 1198.5815 165.8118 1.6900 0.4486 1.6857 22.0005 -0.2789 27.6848 -7.4071 0.0794
Cyclist -1 -1 -3.7569 1112.4744 124.3847 1168.0627 170.8567 1.7760 0.6245 1.6847 20.4655 -0.0785 27.9257 -3.1292 0.0694
Cyclist -1 -1 -6.7737 1098.5331 122.2616 1156.6129 168.8645 1.7546 0.6223 1.7196 19.7749 -0.1555 27.6542 -6.1576 0.0639
Pedestrian -1 -1 -3.5437 709.2740 166.7008 722.0620 188.3568 1.8992 0.5258 0.9892 9.2984 1.3593 63.6597 -3.3996 0.0580
Cyclist -1 -1 -4.0544 1150.7369 122.5120 1200.9193 169.3426 1.7770 0.6268 1.7015 21.8882 -0.1389 27.9731 -3.3952 0.0523
Cyclist -1 -1 -5.1042 1133.3075 123.3046 1169.9961 167.6997 1.7166 0.5473 1.7416 21.7188 -0.2141 29.0218 -4.4663 0.0518
Pedestrian -1 -1 -2.7822 326.5721 198.9811 403.2761 346.0081 1.5103 0.5079 0.6441 -2.6841 1.8010 7.7713 -3.1056 0.0515
Cyclist -1 -1 -4.9661 1154.7570 125.8320 1185.4427 170.1747 1.6589 0.5127 1.7285 21.6696 -0.1076 27.9980 -4.3122 0.0512
Pedestrian -1 -1 -3.3394 942.7225 142.7917 959.5120 174.0123 1.7925 0.6420 0.7666 19.7337 0.0662 41.8285 -2.9012 0.0510
Car -1 -1 -6.1152 442.7683 183.2737 507.5142 205.5651 1.5651 1.7187 4.3963 -9.7823 2.3343 52.3919 -6.2994 0.8436
Car -1 -1 -8.3134 943.5435 139.5846 1004.6714 169.0262 1.5577 1.6161 3.5995 20.2965 -0.2244 40.4464 -7.8511 0.6405
Car -1 -1 -4.4901 542.2026 178.0066 570.5687 194.5628 1.4405 1.6731 4.4370 -4.9249 1.9319 66.5371 -4.5640 0.4706
Car -1 -1 -7.9860 1086.1859 127.8876 1150.0205 168.2729 1.4915 1.5986 3.7622 20.3915 -0.1983 29.1483 -7.3800 0.2479
Car -1 -1 -4.8010 710.3820 168.1835 732.9197 187.2789 1.6791 1.6569 4.1067 10.0879 1.2681 65.5475 -4.6492 0.1010
Car -1 -1 -4.9232 1160.3993 117.4330 1241.0000 161.4232 1.5081 1.6564 3.6702 22.6045 -0.4725 27.7936 -4.2451 0.0819
Car -1 -1 -7.9588 718.6238 165.0052 743.5226 186.3311 1.7415 1.6644 3.9039 10.1630 1.1003 60.9207 -7.7945 0.0596
