Pedestrian -1 -1 -4.5861 955.8762 155.6537 979.4025 211.6908 2.0163 0.7141 0.5140 13.0264 1.3971 26.3730 -4.1322 0.2123
Pedestrian -1 -1 -3.6580 1200.4506 155.5056 1241.0000 239.9714 1.8328 0.6304 0.6885 13.6501 1.4560 16.0277 -2.9620 0.1520
Pedestrian -1 -1 -4.0976 866.5278 159.2113 890.3250 209.3439 1.9432 0.6638 0.5829 10.5211 1.4141 28.4061 -3.7467 0.0929
Car -1 -1 -3.9827 349.2507 177.6246 405.8224 201.2201 1.6464 1.6293 4.1631 -17.1990 2.0145 53.4830 -4.2927 0.0696
Pedestrian -1 -1 -5.8288 97.6647 178.6268 124.2221 220.1566 1.7833 0.6029 0.7643 -21.7796 2.0374 31.4363 -6.4309 0.0667
Car -1 -1 -4.2797 243.1390 181.4114 335.4399 226.6824 1.5381 1.6399 4.0284 -12.0579 1.8859 27.3131 -4.6922 0.0629
Pedestrian -1 -1 -6.0989 399.1682 175.9809 406.0747 196.8800 1.8415 0.6888 0.4711 -18.4303 2.1203 64.0507 -6.3783 0.0622
Pedestrian -1 -1 -8.7055 981.5415 165.0781 1005.6091 213.3655 1.7869 0.6388 0.5007 14.3321 1.4988 27.0494 -8.2232 0.0532
Pedestrian -1 -1 -8.1633 1014.4839 160.7079 1041.0188 215.2370 1.8935 0.6341 0.6647 14.6786 1.4714 25.4457 -7.6455 0.0523
Car -1 -1 -4.6790 556.3049 177.3768 574.4614 194.2723 1.5755 1.6377 4.0166 -4.3470 2.0293 70.4026 -4.7408 0.0515
Pedestrian -1 -1 -7.8492 1150.3669 185.9526 1172.4757 242.2030 1.2516 0.3967 0.3724 12.5139 1.5547 16.4472 -7.2079 0.0510
Cyclist -1 -1 -8.1087 776.6384 171.4331 791.9103 202.5217 1.7187 0.4284 1.6574 9.7895 1.6398 40.7215 -7.8748 0.0503
Car -1 -1 -4.5155 333.3764 173.8562 367.7053 199.7156 1.9157 1.7011 4.2341 -20.0560 1.9960 55.8429 -4.8591 0.0500
Cyclist -1 -1 -4.8055 211.5461 179.9424 224.3045 208.8277 1.6844 0.5124 1.7888 -23.6223 2.1192 43.3969 -5.3016 0.0869
Cyclist -1 -1 -8.4679 1062.5284 174.2798 1094.7871 207.8159 1.8104 0.5490 1.8095 25.8880 1.8909 39.9457 -7.8967 0.0734
Pedestrian -1 -1 -5.1744 207.6626 176.9270 223.4830 208.6848 1.8859 0.6052 0.6591 -23.7575 2.1330 43.3963 -5.6730 0.0714
Pedestrian -1 -1 -8.0506 1074.4120 166.8135 1098.5747 211.9117 1.8225 0.7135 0.6325 19.4857 1.5781 29.5842 -7.4731 0.0640
Cyclist -1 -1 -7.5893 19.2026 196.9734 37.2212 224.6688 1.6883 0.4656 1.7197 -37.4373 3.2686 46.4017 -8.2655 0.0618
Cyclist -1 -1 -6.7851 1078.9717 171.3342 1119.2084 206.0007 1.8534 0.7022 1.6687 26.3855 1.7718 38.9996 -6.1942 0.0558
Cyclist -1 -1 -8.3881 1071.5764 174.1767 1100.5323 207.3180 1.7797 0.4640 1.8157 26.1613 1.8539 39.7371 -7.8097 0.0552
Cyclist -1 -1 -6.7628 55.5690 180.4325 98.7999 214.5996 1.7356 0.4876 1.8092 -28.0638 2.1439 37.9797 -7.3960 0.0536
Cyclist -1 -1 -7.6894 15.6608 196.3831 30.3002 223.7001 1.6794 0.4639 1.6708 -37.9768 3.2277 46.6484 -8.3701 0.0526
Car -1 -1 -4.2189 208.9902 185.2105 291.5349 221.3416 1.4182 1.5674 3.9051 -15.7149 1.9939 31.6546 -4.6767 0.9414
Car -1 -1 -4.3531 329.2598 182.9734 376.9955 208.6386 1.4754 1.6486 3.5156 -15.8728 2.1261 44.6494 -4.6931 0.8534
Car -1 -1 -4.6887 19.5115 195.8060 52.5708 223.0030 1.5812 1.6016 4.0073 -37.8063 3.1595 47.5456 -5.3580 0.2506
Car -1 -1 -4.3544 433.8458 178.6568 464.9938 194.3342 1.4128 1.5791 4.0402 -15.2681 1.9820 68.6971 -4.5726 0.2234
Car -1 -1 -3.3487 1068.6368 171.9046 1194.4357 210.7263 1.5083 1.6083 3.9206 21.1843 1.4711 29.5523 -2.7318 0.1850
Car -1 -1 -6.7663 1062.7086 178.5151 1155.0016 207.8551 1.5470 1.6379 3.8325 27.1915 1.8646 39.4803 -6.1670 0.1658
Car -1 -1 -3.8183 271.8200 181.4383 338.2911 205.8114 1.4390 1.6132 3.7138 -19.4338 2.0104 46.0384 -4.2159 0.1214
Car -1 -1 -4.1857 215.5201 180.7762 285.7434 210.4545 1.6023 1.7307 4.3524 -21.0395 2.0918 42.3764 -4.6443 0.1056
Car -1 -1 -7.8876 391.4670 178.0588 410.8047 197.1786 1.7488 1.6514 3.9098 -20.0909 2.2634 69.2628 -8.1692 0.0960
Car -1 -1 -4.5811 231.2179 181.9093 277.7668 213.3370 1.5071 1.6571 4.2583 -18.7854 2.0148 38.1973 -5.0357 0.0783
Car -1 -1 -1.7136 17.6927 184.2804 68.3892 215.6501 1.5132 1.6008 3.6662 -29.9189 2.1438 37.9957 -2.3773 0.0750
Car -1 -1 -1.8033 0.0000 198.8414 16.5256 226.2443 1.5544 1.7373 4.1213 -40.0186 3.2971 46.4786 -2.5114 0.0668
Car -1 -1 -2.4874 73.7978 184.5477 161.2920 213.7261 1.5107 1.6249 3.6825 -26.6219 2.1576 39.0124 -3.0832 0.0581
