Car -1 -1 -7.9999 697.4963 179.0009 759.1364 221.9745 1.4051 1.5790 4.3252 4.1874 1.6480 26.3825 -7.8449 0.8806
Car -1 -1 -3.1952 628.4092 170.5934 672.2466 187.2831 1.5119 1.6038 3.9309 3.6521 1.3068 66.1679 -3.1406 0.5427
Car -1 -1 -7.8211 600.6003 174.9750 638.3082 209.5524 1.5154 1.6468 3.5604 0.4449 1.6194 33.6611 -7.8085 0.3397
Pedestrian -1 -1 -3.9950 732.3521 167.6003 748.4845 198.7342 1.8023 0.6387 0.6816 7.5966 1.4979 42.2315 -3.8187 0.2425
Car -1 -1 -7.8518 446.0837 172.1268 463.9829 189.1568 1.5892 1.6374 3.9200 -14.9233 1.5211 69.4202 -8.0630 0.1746
Pedestrian -1 -1 -2.3518 171.9546 209.9496 254.5384 343.4925 1.3368 0.4957 0.6022 -4.2983 1.7505 7.7280 -2.8456 0.0853
Car -1 -1 -7.5572 721.4435 166.6390 751.7740 187.5281 1.8710 1.7111 3.8692 11.7177 1.3141 66.7401 -7.3844 0.0670
Pedestrian -1 -1 -3.7795 467.6507 165.9961 482.1032 195.3204 1.9534 0.7176 0.6578 -9.1242 1.4962 48.5483 -3.9646 0.0562
Pedestrian -1 -1 -8.0973 316.7454 160.4153 395.7348 341.2871 1.7459 0.5800 0.8794 -2.7037 1.6255 7.4913 -8.4336 0.2412
Pedestrian -1 -1 -2.8909 833.8472 155.4723 941.4359 344.0655 1.8224 0.6181 0.9257 2.8235 1.6542 7.4883 -2.5446 0.2402
Pedestrian -1 -1 -7.8108 284.1327 159.0348 351.0443 339.8533 1.7437 0.5995 0.8357 -3.0543 1.6101 7.4510 -8.1885 0.1544
Cyclist -1 -1 -4.7299 163.6143 189.0784 172.3553 219.8842 1.5991 0.3794 1.4235 -23.8705 2.4893 38.8981 -5.2775 0.0905
Pedestrian -1 -1 -3.7150 152.4866 191.0850 248.5640 345.6965 1.4931 0.5213 0.6983 -4.3019 1.6932 7.5006 -4.2212 0.0840
Pedestrian -1 -1 -6.8185 219.3185 161.2076 315.8910 338.9409 1.7255 0.6114 0.6881 -3.5910 1.6122 7.4616 -7.2540 0.0814
Pedestrian -1 -1 -5.3178 780.7408 161.8867 834.8428 277.0533 1.8988 0.6056 0.6859 3.3150 1.7177 12.3223 -5.0621 0.0713
Cyclist -1 -1 -5.2624 149.9032 185.2202 180.2160 219.0285 1.7579 0.5506 1.7492 -23.8626 2.4307 38.6292 -5.8129 0.0636
Pedestrian -1 -1 -7.9511 326.8851 155.2851 378.3325 295.5848 1.8500 0.6005 0.7657 -3.6269 1.6180 9.9880 -8.2918 0.0628
Pedestrian -1 -1 -9.0181 884.0428 187.4307 972.9019 340.9291 1.5276 0.4710 0.7444 3.3320 1.6914 7.6936 -8.6246 0.0627
Pedestrian -1 -1 -8.0485 440.7543 170.3177 487.5050 276.9448 1.7015 0.6276 0.7435 -2.4836 1.6607 11.9778 -8.2496 0.0622
Pedestrian -1 -1 -4.8599 442.5967 170.6966 461.9966 221.3632 1.7534 0.5692 0.7063 -5.6017 1.6785 25.4018 -5.0752 0.0600
Pedestrian -1 -1 -3.7675 750.0963 173.4548 794.6354 277.9976 1.7273 0.5539 0.5101 2.7044 1.7375 12.2817 -3.5570 0.0543
Pedestrian -1 -1 -4.0889 814.6401 155.5080 912.6411 333.0758 1.8363 0.6045 0.9233 2.7488 1.6566 7.9774 -3.7697 0.0518
Cyclist -1 -1 -5.9176 102.4765 184.3628 308.3148 342.8734 1.5380 0.6441 1.7521 -4.1998 1.6642 7.4972 -6.4138 0.0515
Pedestrian -1 -1 -6.6127 862.1619 155.3665 988.0125 374.0000 1.8614 0.5750 0.8825 2.7244 1.7127 6.4342 -6.2300 0.0502
Car -1 -1 -7.8559 545.7390 188.1607 736.0211 363.7740 1.4344 1.6441 3.6780 0.2546 1.6449 8.0778 -7.8275 0.9630
Car -1 -1 -7.6449 396.1381 181.4926 507.9628 255.6252 1.4714 1.6806 4.3161 -3.6029 1.7004 16.9852 -7.8516 0.8762
Car -1 -1 -7.7155 458.8510 167.7885 527.5547 230.3143 1.8679 1.6661 4.0426 -3.7697 1.7163 23.5923 -7.8728 0.8734
Car -1 -1 -7.0054 0.0000 198.4863 211.7760 374.0000 1.4762 1.5558 3.6025 -3.1218 1.6249 2.3808 -7.8711 0.7369
Car -1 -1 -7.8602 583.1649 180.5196 653.3840 247.3578 1.4940 1.6091 3.5405 0.1379 1.7069 18.3042 -7.8538 0.5993
Car -1 -1 -7.9356 674.0505 165.8147 719.7031 207.7867 1.8657 1.7656 4.6417 4.0291 1.5525 34.4219 -7.8205 0.2864
Car -1 -1 -8.1540 777.7788 191.6620 975.4209 323.7187 1.4265 1.5252 3.4293 3.4075 1.7323 10.0144 -7.8362 0.2645
Car -1 -1 -4.6636 151.3916 182.1805 175.4622 200.9272 1.5168 1.5788 3.9976 -38.7535 2.3537 62.6336 -5.2160 0.1609
Car -1 -1 -4.9725 515.8359 173.9234 546.1580 193.7970 1.6619 1.6186 4.0964 -6.9313 1.7579 62.7760 -5.0824 0.1519
Car -1 -1 -4.4735 64.5779 189.9468 133.1080 227.0203 1.5103 1.6414 4.2561 -23.8620 2.3642 33.7773 -5.0850 0.1151
Car -1 -1 -4.8353 168.2943 184.1462 276.4695 262.7751 1.4525 1.6221 4.2615 -8.8344 1.7398 16.1705 -5.3288 0.0966
Car -1 -1 -4.6800 271.0088 185.1326 352.9257 257.9796 1.4087 1.5678 3.8695 -6.8700 1.7288 16.7424 -5.0643 0.0752
Car -1 -1 -4.7523 247.0268 182.5774 313.5901 241.0318 1.4362 1.5659 3.9319 -9.4980 1.7410 20.5366 -5.1809 0.0689
Car -1 -1 -4.7527 160.7855 185.5245 197.7876 215.4989 1.5104 1.6161 4.2340 -24.2158 2.2593 40.4467 -5.2895 0.0582
Car -1 -1 -4.5338 475.4914 175.0219 528.5927 212.9052 1.5159 1.5852 3.9383 -4.6241 1.6150 31.0944 -4.6807 0.0573
Car -1 -1 -4.4174 332.1662 178.9109 414.8225 226.9367 1.5061 1.6085 4.0897 -8.1902 1.7346 25.2038 -4.7289 0.0535
