Cyclist -1 -1 -7.5491 691.9935 178.0137 708.7888 212.9297 1.6424 0.3545 1.5785 4.3471 1.8978 34.9658 -7.4271 0.1181
Pedestrian -1 -1 -6.5576 691.2097 184.0427 704.0692 210.3488 1.7560 0.6456 0.7150 5.8995 2.5191 48.8566 -6.4387 0.0862
Car -1 -1 -7.8224 455.8621 175.7398 481.2423 201.5258 1.8098 1.7084 4.2727 -10.4564 2.0320 53.3898 -8.0152 0.0815
Car -1 -1 -4.6970 47.7039 185.9715 80.6738 213.1505 1.7321 1.7594 4.0506 -37.9693 2.6839 50.2171 -5.3420 0.0788
Cyclist -1 -1 -7.9247 369.8870 177.4868 385.6530 218.3987 1.7598 0.5449 1.7810 -10.4059 1.9720 32.1745 -8.2355 0.0740
Car -1 -1 -7.6861 619.1448 178.2890 649.6476 200.6643 1.5240 1.5659 4.0074 1.7761 1.9336 52.2943 -7.6528 0.0720
Car -1 -1 -3.9196 0.0000 186.9949 58.8936 265.8932 1.5385 1.7024 4.1725 -15.5353 1.9125 16.9672 -4.6532 0.0693
Pedestrian -1 -1 -4.2486 893.7845 199.9693 927.5065 266.3709 1.3359 0.4370 0.5978 6.2700 1.9193 15.1728 -3.8646 0.0666
Car -1 -1 -4.8426 163.9108 186.7028 197.6354 210.8060 1.6794 1.7089 3.8986 -32.5943 2.7687 54.7038 -5.3781 0.0644
Car -1 -1 -4.8991 610.7079 177.0461 635.2378 194.5000 1.5911 1.5963 4.1468 1.1881 2.0043 68.9985 -4.8824 0.0641
Car -1 -1 -4.4519 624.3680 177.3719 655.4145 198.5303 1.6371 1.6334 3.6821 2.4374 2.0168 58.6836 -4.4111 0.0592
Car -1 -1 -4.9994 624.7366 183.5503 668.4718 208.8909 1.3959 1.5616 4.0061 2.1268 2.0746 43.6753 -4.9517 0.0573
Pedestrian -1 -1 -6.2897 146.0403 178.7792 168.7686 229.3078 1.9443 0.6899 0.7495 -17.8394 2.1810 28.3709 -6.8471 0.0544
Car -1 -1 -6.3283 645.2549 181.0813 713.2225 207.8697 1.4643 1.6420 3.7597 3.8454 1.9408 40.9069 -6.2358 0.0544
Car -1 -1 -4.2110 152.0513 189.2874 265.5365 233.8237 1.4418 1.7810 4.5097 -15.0371 2.1142 27.2800 -4.7110 0.0524
Car -1 -1 -4.0542 83.9561 194.7249 170.9871 227.8917 1.5659 1.6089 4.3325 -26.1344 2.8214 39.2118 -4.6392 0.0521
Cyclist -1 -1 -5.1439 735.4434 173.7769 783.1481 246.4376 1.7706 0.5221 1.7014 3.7502 1.7951 18.4930 -4.9479 0.2049
Cyclist -1 -1 -2.9954 171.5677 182.5593 217.7266 222.0289 1.7732 0.8009 1.7559 -19.2746 2.2321 33.4493 -3.5150 0.1985
Pedestrian -1 -1 -7.4814 975.6879 174.8649 1021.9775 258.5347 1.7972 0.6566 0.8249 8.5929 1.8430 16.0412 -6.9981 0.1954
Cyclist -1 -1 -4.9392 803.5316 183.3817 842.4067 257.3006 1.6245 0.4651 1.8237 4.9536 1.8863 17.0423 -4.6620 0.1319
Cyclist -1 -1 -7.5434 262.7553 179.6269 283.4028 215.7434 1.7112 0.4378 1.6280 -16.5280 2.0504 35.3343 -7.9783 0.1263
Cyclist -1 -1 -2.6657 224.5152 180.0617 264.6937 218.1521 1.8150 0.6065 1.6337 -17.6608 2.1655 34.8097 -3.1325 0.1010
Pedestrian -1 -1 -3.3091 1166.8752 212.6030 1241.0000 374.0000 1.4257 0.4324 0.5943 5.0379 1.7780 6.0674 -2.6409 0.0969
Cyclist -1 -1 -4.6824 997.8872 180.2866 1025.6135 262.4973 1.6936 0.5010 1.7216 8.8077 1.8660 15.8914 -4.1850 0.0930
Pedestrian -1 -1 -2.8959 911.7692 175.8745 946.2499 257.3351 1.8063 0.5875 0.5982 7.2197 1.8765 16.4446 -2.4897 0.0911
Cyclist -1 -1 -5.2810 103.2539 190.4663 149.0302 235.8122 1.6839 0.6553 1.7147 -18.7832 2.3814 27.9404 -5.8687 0.0842
Pedestrian -1 -1 -3.5341 747.2899 172.4992 783.8367 245.9489 1.8331 0.6094 0.7299 3.9048 1.8239 18.3746 -3.3289 0.0839
Cyclist -1 -1 -4.7549 1188.0659 186.6703 1241.0000 374.0000 1.6875 0.5702 1.6269 5.2667 1.8206 6.1461 -4.0710 0.0790
Cyclist -1 -1 -7.1390 135.6114 186.9666 181.0876 230.9566 1.6488 0.5703 1.6590 -17.8365 2.2221 28.4623 -7.6948 0.0790
Pedestrian -1 -1 -4.6958 800.3559 173.5232 826.2538 247.5111 1.7966 0.6085 0.8000 5.0221 1.8134 17.9985 -4.4288 0.0780
Pedestrian -1 -1 -4.5636 111.0144 184.3125 136.0869 235.0683 1.8107 0.6682 0.6599 -17.8239 2.2363 26.3807 -5.1533 0.0744
Cyclist -1 -1 -4.2769 92.6131 191.0642 134.5140 239.4504 1.6569 0.5467 1.8015 -18.1443 2.3451 26.3440 -4.8755 0.0719
Pedestrian -1 -1 -3.0206 905.8163 173.3115 932.6664 247.1458 1.7704 0.5581 0.5461 7.5296 1.7816 17.6836 -2.6248 0.0718
Pedestrian -1 -1 -5.1366 884.0302 175.1280 916.0019 246.1386 1.7633 0.5403 0.6193 7.2822 1.8216 18.2607 -4.7636 0.0695
Cyclist -1 -1 -2.8643 202.1225 178.9375 250.3107 218.1656 1.8320 0.7361 1.9013 -18.3345 2.1267 34.4277 -3.3507 0.0686
Pedestrian -1 -1 -5.9896 151.8076 183.5693 177.9146 231.5928 1.7981 0.7171 0.6713 -17.0895 2.2147 27.6401 -6.5393 0.0680
Cyclist -1 -1 -8.5244 1183.0104 177.5396 1241.0000 374.0000 1.7118 0.5915 1.6517 5.3526 1.7538 5.6620 -7.7938 0.0659
Cyclist -1 -1 -4.5816 224.5006 181.5887 241.3082 216.2597 1.6592 0.5217 1.6911 -18.7711 2.1037 35.8594 -5.0610 0.0655
Cyclist -1 -1 -4.6219 234.6863 181.7950 251.0271 218.2010 1.6952 0.5637 1.5406 -17.7494 2.1365 34.8203 -5.0905 0.0654
Cyclist -1 -1 -2.3860 164.6522 179.9938 205.7642 219.0494 1.7885 0.6249 1.6882 -19.8882 2.1268 33.7165 -2.9158 0.0653
Pedestrian -1 -1 -8.1482 941.8729 173.6289 978.6285 257.4399 1.8638 0.5832 0.6512 7.9077 1.8815 16.4170 -7.7072 0.0642
Cyclist -1 -1 -7.2230 1172.5154 192.9082 1241.0000 374.0000 1.6744 0.5960 1.6224 5.4575 1.8499 5.8599 -6.4992 0.0634
Pedestrian -1 -1 -6.1905 885.4632 173.2251 915.8162 250.9813 1.8247 0.5814 0.6303 6.9345 1.8335 17.3373 -5.8167 0.0577
Pedestrian -1 -1 -3.2444 878.6757 192.9079 910.0081 262.4948 1.4417 0.4552 0.5744 6.0145 1.8779 15.4123 -2.8798 0.0577
Cyclist -1 -1 -4.7691 873.3763 181.1972 904.1613 264.2255 1.6835 0.5085 1.7208 5.9968 1.8752 15.7071 -4.4116 0.0575
Cyclist -1 -1 -7.5612 268.7696 175.9077 292.5271 214.8524 1.8611 0.5742 1.7775 -16.2500 2.0151 35.5447 -7.9875 0.0573
Pedestrian -1 -1 -3.5175 813.4725 177.5125 852.0977 255.0532 1.7322 0.5613 0.6808 5.0247 1.8402 16.4642 -3.2273 0.0559
Cyclist -1 -1 -3.7877 839.6913 182.4491 928.7645 263.2377 1.6819 0.6752 1.7723 5.9249 1.8986 15.7386 -3.4348 0.0559
Pedestrian -1 -1 -7.4177 239.3846 185.9264 260.4444 219.9193 1.6152 0.6553 0.7546 -17.4850 2.2554 34.9659 -7.8786 0.0544
Pedestrian -1 -1 -5.3489 91.1381 186.1774 122.1245 238.4803 1.8650 0.6823 0.6406 -18.4393 2.3595 26.3720 -5.9546 0.0544
Cyclist -1 -1 -2.6972 177.4603 180.7594 225.5602 218.2607 1.7365 0.7292 1.8394 -19.2860 2.1136 34.0180 -3.2098 0.0543
Cyclist -1 -1 -2.5863 185.6688 179.7489 233.0613 216.9606 1.7600 0.6953 1.9130 -19.2808 2.0947 34.6683 -3.0909 0.0539
Pedestrian -1 -1 -3.9475 796.4067 183.9929 832.8398 257.5662 1.6558 0.5543 0.5979 4.6956 1.9201 16.7481 -3.6798 0.0525
Pedestrian -1 -1 -3.7914 793.3895 181.9185 830.5628 253.9042 1.6520 0.5440 0.6470 4.7109 1.8703 17.0261 -3.5269 0.0525
Pedestrian -1 -1 -4.8973 921.7704 174.7490 955.5653 254.9520 1.8067 0.5934 0.6571 7.5278 1.8512 16.6603 -4.4804 0.0516
Cyclist -1 -1 -7.1972 159.1588 185.6716 197.2796 229.4587 1.6900 0.4522 1.5727 -17.4559 2.2215 29.1292 -7.7334 0.0503
Cyclist -1 -1 -4.3287 221.5331 180.9370 249.3666 218.3683 1.7348 0.5892 1.7081 -18.0354 2.1330 34.6972 -4.8052 0.0501
Cyclist -1 -1 -3.9409 975.1616 177.9198 1068.8907 262.2578 1.7429 0.7194 1.7954 8.8422 1.8562 15.5864 -3.4338 0.0500
Car -1 -1 -4.5235 447.4328 180.7005 489.1889 210.8438 1.5617 1.5846 3.9038 -7.9054 2.0215 40.3545 -4.7161 0.8260
Car -1 -1 -4.5258 500.5283 179.9608 526.9269 196.9768 1.4102 1.6074 3.8950 -8.4539 2.0544 63.4451 -4.6581 0.6375
Car -1 -1 -7.1077 171.2700 185.7883 255.5575 220.0433 1.4969 1.5492 3.5819 -19.1391 2.1569 34.9111 -7.6063 0.3150
Car -1 -1 -5.2818 1189.6442 214.1075 1241.0000 374.0000 1.4363 1.5163 2.8258 5.3771 1.7953 4.7280 -4.4638 0.1730
Car -1 -1 -4.1506 31.0191 197.4148 141.7940 243.6137 1.4569 1.5982 3.6400 -19.2051 2.4255 26.5995 -4.7714 0.1474
Car -1 -1 -4.3407 281.9963 184.1008 353.4411 216.1581 1.4857 1.7913 4.8705 -15.1488 2.1096 37.5988 -4.7216 0.0791
Car -1 -1 -4.2612 149.1351 188.6120 259.9826 233.9529 1.4633 1.7949 4.6215 -15.1930 2.1102 27.2790 -4.7655 0.0665
