Car -1 -1 -4.5633 0.0000 216.5321 64.4637 300.6683 1.4690 1.6076 3.8040 -13.9881 2.6075 16.7665 -5.2510 0.4805
Cyclist -1 -1 -6.0045 225.3115 196.7067 266.4879 234.7412 1.8214 0.6882 1.6934 -18.0255 3.0166 35.6691 -6.4699 0.3113
Car -1 -1 -4.4655 0.0000 213.8846 22.7958 374.0000 1.4682 1.6494 4.3468 -9.4960 2.1519 9.7294 -5.2251 0.2597
Car -1 -1 -4.8316 185.2639 194.4759 217.5232 221.1351 1.7171 1.5858 3.6511 -29.2530 3.3201 51.5628 -5.3458 0.1669
Pedestrian -1 -1 -5.6768 990.5610 160.0069 1027.7823 229.0753 1.7182 0.5588 0.6217 10.0983 1.3983 18.3528 -5.1810 0.1489
Car -1 -1 -7.5855 0.0000 168.1797 22.8358 209.6219 1.9817 1.8323 3.8970 -31.6201 1.7579 36.6567 -8.2937 0.0980
Pedestrian -1 -1 -8.1516 558.7307 177.0759 596.4308 259.8845 1.7537 0.6364 0.7254 -0.7674 1.8484 15.7759 -8.2005 0.0833
Car -1 -1 -4.6914 36.7412 216.3251 87.4747 259.8997 1.4634 1.6130 4.1017 -23.2265 3.4372 30.6294 -5.3363 0.0725
Pedestrian -1 -1 -8.0716 605.3010 169.2159 639.5508 255.5885 1.8436 0.6177 0.6636 0.2132 1.7656 15.7887 -8.0596 0.0714
Car -1 -1 -7.7256 763.0410 147.4616 815.5326 186.2273 1.5788 1.7260 4.1426 7.8754 0.5444 31.6297 -7.4839 0.0700
Cyclist -1 -1 -8.1563 1153.3484 150.5361 1203.8385 225.7622 1.7261 0.4529 1.7067 13.6571 1.2137 17.4351 -7.5003 0.0675
Cyclist -1 -1 -7.7517 799.1160 151.6706 815.9121 194.3538 1.6583 0.4809 1.7509 7.8849 0.8350 28.9358 -7.4884 0.0623
Pedestrian -1 -1 -5.1849 1122.2828 150.4371 1178.9639 252.0607 1.8516 0.5550 0.7746 10.0984 1.4428 13.5720 -4.5560 0.0597
Car -1 -1 -4.7263 237.2883 181.8796 268.3312 211.6236 1.7747 1.7308 4.4000 -23.2417 2.3897 46.8321 -5.1850 0.0586
Pedestrian -1 -1 -2.8688 514.2414 174.8561 555.9237 261.6000 1.8459 0.6401 0.7619 -1.6806 1.8903 15.7504 -2.9744 0.0511
Pedestrian -1 -1 -7.8434 855.9045 145.8079 870.8329 182.6536 1.7324 0.6643 0.6599 12.0214 0.4605 34.3487 -7.5094 0.1170
Pedestrian -1 -1 -7.9600 871.9590 148.0282 889.2908 185.6965 1.7618 0.7050 0.6038 12.7542 0.6004 34.1276 -7.6053 0.0981
Cyclist -1 -1 -4.7771 818.6657 145.4136 832.3321 178.6635 1.6835 0.5629 1.7156 11.1319 0.2938 37.4321 -4.4902 0.0933
Cyclist -1 -1 -4.6301 830.8743 139.9116 842.6870 168.1903 1.6995 0.5700 1.5949 13.9530 -0.2933 44.4885 -4.3279 0.0918
Cyclist -1 -1 -3.7603 884.2484 141.2809 912.1011 168.8170 1.8051 0.5796 1.6979 19.1069 -0.2712 47.9264 -3.3829 0.0694
Cyclist -1 -1 -6.8254 813.4135 144.9406 850.8911 179.3593 1.7575 0.6339 1.7851 11.4634 0.3319 37.3679 -6.5300 0.0679
Cyclist -1 -1 -3.6579 808.1539 144.2893 843.8192 178.4458 1.7581 0.5788 1.7208 11.2187 0.2875 37.6159 -3.3702 0.0638
Pedestrian -1 -1 -6.1080 819.1744 146.9906 827.6075 181.9519 1.7630 0.5551 0.3213 10.8168 0.4585 36.7058 -5.8236 0.0629
Pedestrian -1 -1 -8.6787 832.7365 147.5942 853.8207 184.8956 1.7610 0.6862 0.6730 11.1194 0.5682 34.5253 -8.3697 0.0582
Cyclist -1 -1 -4.7647 833.0203 140.4477 842.4176 167.0385 1.7363 0.5084 1.6889 15.2305 -0.3973 48.3801 -4.4613 0.0575
Pedestrian -1 -1 -5.9835 821.8369 145.6708 832.3952 181.3508 1.7977 0.5686 0.3641 11.0019 0.4278 36.6914 -5.6944 0.0553
Cyclist -1 -1 -3.7865 821.4102 144.1157 854.4577 176.6546 1.7600 0.6289 1.6935 12.4737 0.2053 39.6074 -3.4835 0.0551
Pedestrian -1 -1 -8.5751 825.3251 144.3477 844.8325 176.5076 1.7546 0.7211 0.7368 12.3905 0.1990 39.8499 -8.2758 0.0528
Pedestrian -1 -1 -4.7981 843.5588 144.3456 859.9350 182.8102 1.8125 0.6696 0.8345 11.5069 0.4689 34.4834 -4.4787 0.0510
Cyclist -1 -1 -4.8685 894.3076 142.0713 906.8289 168.9873 1.7302 0.5019 1.6963 19.0945 -0.2597 47.5166 -4.4884 0.0501
Car -1 -1 -7.9806 840.3712 145.5588 883.6246 178.4319 1.5459 1.5697 3.5862 12.4218 0.2620 35.8466 -7.6495 0.3327
Car -1 -1 -8.3488 861.0100 142.7005 913.2800 167.0858 1.5598 1.6759 3.8682 18.7774 -0.4094 49.1404 -7.9856 0.1944
Car -1 -1 -6.8965 879.2602 143.3535 950.8225 169.7994 1.5701 1.5835 3.8373 18.6749 -0.1929 44.2987 -6.4998 0.1531
Car -1 -1 -4.7217 826.2873 142.3168 857.2383 172.2233 1.5493 1.5393 3.9939 12.6496 -0.0368 39.6035 -4.4146 0.1338
Car -1 -1 -4.6791 969.2174 138.3352 1001.9701 165.8008 1.5718 1.6724 4.2003 23.2573 -0.4590 44.6835 -4.2017 0.1281
Car -1 -1 -4.7529 829.7953 138.2293 860.3984 165.0865 1.5811 1.6720 4.1375 14.8994 -0.5191 45.9769 -4.4412 0.1241
Car -1 -1 -6.8234 886.4315 144.9641 973.2404 173.1095 1.5061 1.5615 4.1517 17.5063 0.0134 39.6486 -6.4102 0.1119
Car -1 -1 -4.8839 804.3713 147.1286 851.8184 178.7580 1.4980 1.6192 3.8841 10.8339 0.2793 36.1950 -4.5953 0.0965
Car -1 -1 -6.7946 992.4879 140.1210 1082.3243 167.6337 1.5136 1.6215 4.1122 24.1174 -0.3021 40.8666 -6.2644 0.0937
Car -1 -1 -5.0316 789.5751 140.5962 835.8586 166.4530 1.5299 1.6509 3.9568 12.7452 -0.4237 45.7072 -4.7612 0.0832
Car -1 -1 -4.5857 963.4302 140.1468 1009.9531 172.4643 1.5997 1.6680 4.1816 19.8204 -0.0220 37.9630 -4.1076 0.0770
Car -1 -1 -8.0607 901.7626 141.5372 941.0387 165.6514 1.5198 1.6346 4.0370 21.0100 -0.5097 48.8916 -7.6568 0.0714
Car -1 -1 -6.3606 834.7994 142.5542 915.3329 169.7592 1.5248 1.6572 4.2906 15.3623 -0.1869 42.1253 -6.0130 0.0642
Car -1 -1 -7.8251 880.4210 147.7267 917.4180 179.3768 1.4723 1.5998 3.7286 14.2477 0.3031 35.5933 -7.4472 0.0593
Car -1 -1 -4.8929 817.6292 143.1448 854.4708 166.0110 1.4771 1.6880 4.2843 15.6292 -0.4972 50.1697 -4.5924 0.0549
