Pedestrian -1 -1 -3.7145 940.1606 156.5900 964.6439 207.2834 1.8250 0.5771 0.5857 12.4307 1.2392 26.3010 -3.2777 0.2584
Pedestrian -1 -1 -5.5334 326.9319 174.1333 339.5545 199.7858 1.8127 0.5002 0.6813 -19.7387 1.9042 51.3831 -5.8987 0.1581
Pedestrian -1 -1 -3.5909 1099.9449 138.7424 1199.0803 298.0457 1.9119 0.5099 0.8493 6.6381 1.5022 8.9832 -2.9707 0.1572
Pedestrian -1 -1 -7.6054 1163.2107 165.5909 1177.6024 199.2886 1.7166 0.5128 0.3572 28.7498 1.3463 37.0681 -6.9498 0.1086
Pedestrian -1 -1 -8.2315 1013.8356 154.9005 1040.5312 209.0697 1.8840 0.6542 0.5524 14.6413 1.2593 25.4136 -7.7142 0.1058
Pedestrian -1 -1 -2.9269 912.1332 163.1397 919.6160 203.0002 1.8917 0.5019 0.2300 14.5906 1.4304 34.5136 -2.5303 0.1041
Pedestrian -1 -1 -6.9137 960.3978 170.7877 980.8093 201.2266 1.7576 0.8001 0.7341 21.0088 1.6380 42.1192 -6.4542 0.1022
Cyclist -1 -1 -7.9238 1068.0409 167.3580 1076.7924 196.3843 1.5967 0.3000 1.5262 25.8705 1.2941 40.4329 -7.3581 0.0952
Pedestrian -1 -1 -3.9598 690.5209 193.0757 715.6702 246.4979 1.1931 0.3736 0.4420 2.0917 1.6664 16.6148 -3.8378 0.0932
Pedestrian -1 -1 -8.4397 1036.1951 161.9012 1055.3640 201.4550 1.9596 0.6113 0.5595 21.7231 1.4166 36.0401 -7.9012 0.0903
Pedestrian -1 -1 -4.6977 824.6073 163.0122 841.2703 208.6763 1.8425 0.6445 0.8678 9.1128 1.4451 29.6256 -4.4026 0.0837
Pedestrian -1 -1 -2.9609 970.8256 162.7670 984.9063 203.9461 1.7542 0.6346 0.4372 15.8253 1.3242 31.1223 -2.4946 0.0820
Car -1 -1 -4.6980 1179.3512 167.7033 1209.0627 191.4164 1.5989 1.5727 3.9927 41.0285 1.2513 50.6901 -4.0206 0.0819
Pedestrian -1 -1 -6.1735 0.0000 165.2716 10.0114 224.0355 1.8635 0.4704 0.2325 -19.4743 1.6227 23.1411 -6.8675 0.0816
Pedestrian -1 -1 -6.0276 247.7202 170.1693 256.8953 211.5457 1.8130 0.4543 0.2560 -15.8369 1.6950 31.8634 -6.4858 0.0775
Pedestrian -1 -1 -4.3261 396.3124 170.6729 415.6674 211.3738 2.0584 0.6096 1.0395 -10.5063 1.9478 37.0414 -4.6011 0.0757
Pedestrian -1 -1 -5.5887 1024.1165 193.4194 1060.5056 259.9762 1.2269 0.3767 0.4605 8.1837 1.6266 13.7549 -5.0620 0.0755
Pedestrian -1 -1 -7.3063 314.8140 170.9058 328.2096 197.6858 1.8122 0.6301 0.5949 -19.6897 1.6800 49.1712 -7.6856 0.0735
Pedestrian -1 -1 -4.7720 371.7695 176.1958 387.7674 217.3705 1.9282 0.6786 0.8220 -11.0134 2.0895 34.3776 -5.0802 0.0735
Car -1 -1 -2.5103 267.4562 182.2608 349.3663 212.2875 1.4618 1.5237 3.6938 -15.5025 1.9596 37.0361 -2.9045 0.0718
Pedestrian -1 -1 -5.6395 777.4741 173.9262 789.2322 204.9062 1.7912 0.5235 0.4413 10.0731 1.8539 42.0785 -5.4067 0.0678
Car -1 -1 -3.0879 782.7061 175.7239 877.1479 209.7556 1.4827 1.6333 4.0567 10.0549 1.6200 33.1363 -2.7963 0.0631
Car -1 -1 -5.1502 569.3569 177.8919 602.3919 194.4256 1.5149 1.6150 4.0517 -2.3799 2.0158 69.6064 -5.1846 0.0612
Pedestrian -1 -1 -7.7852 114.9471 169.6387 135.0913 224.7117 1.8911 0.5542 0.3995 -16.9044 1.7803 25.0865 -8.3735 0.0596
Car -1 -1 -4.8611 924.6613 171.5017 1013.0027 232.3712 1.5193 1.6036 3.8097 9.8031 1.4852 20.0656 -4.4130 0.0595
Pedestrian -1 -1 -8.4916 752.2350 175.1860 777.8806 222.7963 1.6060 0.5473 0.7075 5.2827 1.6874 24.8181 -8.2850 0.0577
Cyclist -1 -1 -4.9189 308.6900 185.7712 337.7963 243.4061 1.6009 0.4991 1.4896 -8.4611 1.9927 21.1412 -5.2958 0.0572
Pedestrian -1 -1 -4.0733 402.1550 172.0918 425.5259 215.4981 1.9096 0.6586 0.8034 -8.8027 1.8758 32.2379 -4.3382 0.0572
Car -1 -1 -4.6160 305.4196 171.6003 329.7254 192.0156 1.7868 1.6431 4.1883 -26.4874 1.6768 65.3934 -4.9997 0.0550
Car -1 -1 -4.9561 1241.0000 168.6165 1241.0000 197.0179 1.4567 1.6370 4.0382 41.1221 1.2390 39.1512 -4.1501 0.0537
Car -1 -1 -7.9976 1083.6721 166.1760 1130.6158 194.1198 1.5065 1.6306 3.9306 28.1594 1.1462 41.0237 -7.3996 0.0535
Car -1 -1 -6.4441 803.1948 175.0814 995.1799 244.0984 1.4786 1.5746 3.9053 6.4853 1.5334 16.6975 -6.0802 0.0535
Pedestrian -1 -1 -4.0615 46.8708 164.8932 120.0763 289.2338 1.9420 0.5864 0.8066 -8.5588 1.8173 11.6808 -4.6832 0.0532
Pedestrian -1 -1 -9.1632 1164.5081 167.8174 1186.8119 210.5911 1.7629 0.6184 0.5967 23.6015 1.5550 30.1622 -8.5043 0.0531
Pedestrian -1 -1 -7.4509 123.9207 186.1419 157.2735 251.2184 1.7794 0.5658 0.6713 -13.2229 2.1592 20.2624 -8.0234 0.0531
Pedestrian -1 -1 -7.3473 96.5863 184.7699 132.6531 249.6615 1.7745 0.5698 0.6894 -13.9334 2.1145 20.2354 -7.9444 0.0530
Car -1 -1 -3.9021 1023.3333 173.6402 1127.3120 207.9625 1.4173 1.5543 3.7099 19.8986 1.4520 30.9675 -3.3357 0.0514
Pedestrian -1 -1 -3.7852 1028.2566 166.1600 1043.5870 199.7791 1.8299 0.5587 0.4850 23.3229 1.4653 39.5793 -3.2563 0.0502
Cyclist -1 -1 -5.1898 880.0481 168.4759 919.5687 222.7931 1.6173 0.4519 1.5699 8.8826 1.4866 22.2877 -4.8156 0.1788
Cyclist -1 -1 -8.1028 432.6497 179.0511 447.6314 208.6435 1.6919 0.4527 1.7013 -10.0413 2.0637 42.4713 -8.3340 0.1750
Pedestrian -1 -1 -4.4602 728.4294 170.7955 741.1876 198.5299 1.8381 0.7329 0.5252 8.3072 1.7014 48.2097 -4.2910 0.1746
Cyclist -1 -1 -6.5878 416.7600 180.4446 452.3569 215.2046 1.7339 0.6642 1.6514 -9.0359 2.1305 37.0138 -6.8261 0.1744
Pedestrian -1 -1 -4.9562 101.9559 185.8429 150.8953 285.3145 1.6713 0.5738 0.6648 -8.5484 1.9070 12.6731 -5.5402 0.1655
Pedestrian -1 -1 -5.3946 1038.6132 182.8650 1085.3029 265.7484 1.3661 0.4350 0.5268 7.6135 1.5399 12.2540 -4.8501 0.1636
Cyclist -1 -1 -7.8322 393.6729 179.9672 403.4377 215.7933 1.7104 0.4270 1.6482 -10.4777 2.0698 35.6361 -8.1166 0.1415
Cyclist -1 -1 -4.5616 730.0172 173.5373 739.4580 198.6781 1.6481 0.3940 1.5652 8.2957 1.6942 48.1497 -4.3924 0.1291
Pedestrian -1 -1 -4.1016 851.7297 165.6028 873.8264 207.2104 1.9224 0.6547 0.7716 11.8095 1.5871 33.8295 -3.7689 0.1254
Pedestrian -1 -1 -4.1375 215.0479 179.5581 246.0108 239.7546 1.8484 0.5954 0.6582 -11.9223 2.0612 22.5898 -4.6186 0.1127
Cyclist -1 -1 -4.2365 1010.2881 170.0533 1100.8744 271.7445 1.6267 0.5980 1.7362 7.5256 1.5816 12.2542 -3.6971 0.1125
Pedestrian -1 -1 -5.8573 909.4619 165.3487 922.1254 203.4053 1.8087 0.5984 0.3449 14.6325 1.4517 34.6214 -5.4608 0.0950
Cyclist -1 -1 -8.0534 437.5667 178.4660 450.4059 208.2079 1.7113 0.4216 1.6446 -9.8593 2.0494 42.6683 -8.2796 0.0862
Cyclist -1 -1 -3.2805 755.5320 171.2404 797.8304 211.6771 1.6523 0.6557 1.6292 6.8466 1.5861 29.8782 -3.0579 0.0850
Cyclist -1 -1 -8.3826 1000.1522 163.8000 1043.4752 218.5883 1.6269 0.3791 1.6287 12.6223 1.3578 22.2433 -7.8725 0.0819
Cyclist -1 -1 -8.0363 428.6555 177.4287 441.7626 207.9698 1.7519 0.4480 1.7066 -10.3430 2.0267 42.5207 -8.2739 0.0811
Cyclist -1 -1 -2.1356 41.9449 182.7096 81.9256 220.9686 1.7070 0.6880 1.6503 -25.1980 2.1674 33.1197 -2.7822 0.0794
Cyclist -1 -1 -4.8697 673.9212 176.3320 688.1282 210.1597 1.6097 0.4464 1.5687 3.4261 1.7834 35.2952 -4.7743 0.0771
Cyclist -1 -1 -4.5187 769.7083 171.8577 788.6890 212.2468 1.6210 0.4806 1.5417 6.9429 1.5808 29.7612 -4.2922 0.0752
Cyclist -1 -1 -7.2560 339.0781 175.4898 359.8715 204.2977 1.6472 0.3409 1.5296 -15.2571 1.8038 42.1823 -7.6013 0.0751
Cyclist -1 -1 -7.8203 680.5134 176.5879 689.7686 210.5026 1.6278 0.4063 1.5693 3.6731 1.8159 35.6130 -7.7189 0.0740
Pedestrian -1 -1 -3.7896 1169.4679 173.6408 1234.5698 262.8279 1.6321 0.5717 0.7484 11.0129 1.6468 13.5042 -3.1167 0.0733
Cyclist -1 -1 -3.6489 88.7586 183.6395 202.9295 286.9034 1.6875 0.5058 1.6681 -8.2544 1.8916 12.8221 -4.2117 0.0717
Cyclist -1 -1 -5.1582 757.5511 173.0306 785.5060 212.8528 1.6038 0.5388 1.4764 6.6250 1.6110 29.8466 -4.9424 0.0713
Cyclist -1 -1 -6.9601 52.2401 192.6800 171.9850 291.3102 1.5473 0.5083 1.7960 -8.7029 1.9196 12.6275 -7.5540 0.0693
Cyclist -1 -1 -7.6253 64.8732 183.8081 86.4963 221.4379 1.6812 0.4494 1.6175 -24.8755 2.2029 33.5523 -8.2597 0.0667
Pedestrian -1 -1 -3.9035 812.8918 165.8986 838.1597 210.6227 1.8203 0.6392 0.7739 8.8642 1.5369 29.8290 -3.6179 0.0656
Pedestrian -1 -1 -2.3034 286.4207 181.4521 319.7906 240.9148 1.7069 0.5478 0.7431 -9.0791 1.9645 21.2351 -2.7033 0.0646
Pedestrian -1 -1 -5.5497 1024.7483 187.6930 1065.5935 258.2979 1.2910 0.4068 0.5220 8.1636 1.5774 13.6337 -5.0204 0.0639
Cyclist -1 -1 -7.3022 422.0256 182.9202 447.0561 215.2137 1.6115 0.4744 1.6339 -9.1185 2.1446 37.3861 -7.5403 0.0592
Cyclist -1 -1 -8.2042 905.4652 165.4027 939.3177 225.6293 1.7006 0.3443 1.6828 9.1195 1.4899 21.2232 -7.8039 0.0583
Pedestrian -1 -1 -4.1967 890.4045 164.2439 920.1216 222.4245 1.7557 0.5748 0.7083 9.0438 1.4956 22.2194 -3.8153 0.0582
Pedestrian -1 -1 -5.2267 113.8525 175.8593 143.9566 244.4565 1.9564 0.5482 0.5114 -14.0293 2.0450 20.9708 -5.8106 0.0571
Cyclist -1 -1 -7.8050 360.9786 174.2268 368.4960 201.2692 1.6440 0.3652 1.5564 -15.2397 1.7303 44.7435 -8.1318 0.0564
Cyclist -1 -1 -7.9877 424.3817 177.1290 434.9139 207.2877 1.7355 0.3864 1.6483 -10.6882 1.9925 42.5956 -8.2325 0.0547
Cyclist -1 -1 -4.7279 715.8395 173.4966 728.4073 210.6489 1.6294 0.5288 1.5455 4.9968 1.6587 32.4729 -4.5771 0.0537
Pedestrian -1 -1 -6.1818 731.2140 169.9067 743.5078 198.4062 1.8790 0.5774 0.7512 8.4325 1.6843 47.9502 -6.0092 0.0508
Cyclist -1 -1 -5.4615 291.2166 180.7502 345.8657 241.1610 1.7126 0.5345 1.6127 -8.6139 1.9507 21.1932 -5.8437 0.0504
Cyclist -1 -1 -7.8514 813.9244 170.0676 825.1403 212.6429 1.7012 0.4312 1.6708 8.5762 1.5896 29.6937 -7.5733 0.0501
Car -1 -1 -4.3919 218.2570 188.9562 471.0403 339.9811 1.4664 1.7717 4.3099 -3.2195 1.7291 9.6255 -4.7074 0.9449
Car -1 -1 -4.3461 651.2070 177.0220 697.7304 204.2254 1.6159 1.5882 4.0670 4.0968 1.8922 45.7021 -4.2578 0.1333
Car -1 -1 -3.4227 749.1910 181.2705 810.8848 205.0602 1.5698 1.6784 3.7755 11.5335 2.1544 49.2113 -3.1943 0.1296
Car -1 -1 -4.5847 37.4464 185.2317 91.2154 218.8975 1.4295 1.5486 3.7764 -25.7924 2.0498 34.1504 -5.2280 0.1231
Car -1 -1 -6.3180 572.3677 180.6332 650.2511 209.2954 1.4575 1.6961 4.0247 0.0021 1.8779 38.1073 -6.3185 0.1209
Car -1 -1 -6.0681 693.2552 174.9023 786.0681 207.3772 1.5443 1.6532 4.3188 6.4430 1.6510 36.0971 -5.8934 0.1095
Car -1 -1 -4.4698 323.1526 175.8936 368.8577 203.2033 1.5449 1.6444 4.0785 -15.8485 1.7363 43.4020 -4.8182 0.0999
Car -1 -1 -7.2720 521.3132 174.3623 566.5476 196.5284 1.8217 1.7347 4.4037 -5.6507 1.9559 61.9701 -7.3630 0.0929
Car -1 -1 -7.7013 362.1624 177.0087 397.2293 202.3828 1.4827 1.5599 3.4085 -14.2127 1.7493 44.5558 -8.0087 0.0797
Car -1 -1 -5.3622 462.4157 179.0500 509.1877 201.3628 1.5830 1.6265 3.5586 -9.3445 2.0619 54.0013 -5.5332 0.0755
Car -1 -1 -8.1547 420.4358 181.0266 464.6229 206.9052 1.4768 1.5935 3.8156 -10.4062 2.0040 44.5196 -8.3834 0.0671
Car -1 -1 -4.2294 408.1289 182.4465 469.0048 213.4480 1.5178 1.5799 3.8089 -9.1475 2.0582 38.6308 -4.4608 0.0580
Car -1 -1 -4.2774 335.9136 184.0217 445.6614 239.6033 1.4610 1.5975 4.1088 -6.5805 1.8341 21.9789 -4.5655 0.0551
Car -1 -1 -2.8924 311.7614 184.3530 402.7811 217.1690 1.5210 1.6438 3.8954 -12.2791 2.0961 35.1178 -3.2268 0.0541
Car -1 -1 -4.6202 777.8934 171.0839 819.5621 205.8701 1.5615 1.5961 3.7399 9.0042 1.4817 34.4176 -4.3669 0.0520
