Pedestrian -1 -1 -7.6931 286.6086 169.4326 313.5217 229.0778 1.8862 0.6671 0.8707 -10.0555 1.7777 23.3198 -8.0964 0.3199
Pedestrian -1 -1 -7.9673 854.4922 168.1841 882.6343 234.4273 1.6889 0.6343 0.4650 6.6418 1.5695 18.6922 -7.6315 0.2747
Pedestrian -1 -1 -6.8601 758.4935 168.9166 777.2377 209.4144 1.7022 0.5307 0.5827 6.6669 1.5364 30.6788 -6.6486 0.1669
Cyclist -1 -1 -7.5680 428.8383 178.5383 441.7039 204.5808 1.6016 0.3667 1.5497 -11.0458 1.9659 45.4996 -7.8052 0.1481
Cyclist -1 -1 -7.3538 336.9202 167.6347 363.4604 202.9993 1.7283 0.4773 1.7338 -13.0439 1.4729 36.1556 -7.6980 0.1323
Pedestrian -1 -1 -4.3076 781.3000 163.9545 810.4052 220.2268 1.7928 0.6384 0.8507 6.0133 1.5090 23.5199 -4.0609 0.1306
Pedestrian -1 -1 -3.7824 1171.2281 132.2775 1241.0000 296.1830 1.8240 0.5506 0.9218 7.0979 1.3722 8.3265 -3.0942 0.1286
Cyclist -1 -1 -7.5801 720.7650 168.8557 770.4261 255.2260 1.6692 0.5852 1.6613 2.7532 1.5916 14.8196 -7.4009 0.1258
Pedestrian -1 -1 -4.1992 274.5116 204.8882 303.0060 263.2423 1.1307 0.3729 0.3982 -6.4764 1.7809 14.4348 -4.6147 0.1242
Pedestrian -1 -1 -3.3808 208.5911 158.0688 261.3858 247.5342 1.9282 0.6753 0.9134 -8.4211 1.6092 16.1050 -3.8562 0.1209
Pedestrian -1 -1 -5.2338 719.9399 191.3516 747.4713 256.2624 1.2568 0.3742 0.4317 2.4113 1.6323 14.3912 -5.0722 0.1192
Cyclist -1 -1 -7.6914 444.9713 178.0784 453.9870 202.9293 1.6219 0.3377 1.5789 -10.7564 1.9766 48.2252 -7.9101 0.0994
Pedestrian -1 -1 -7.8770 272.8288 168.5285 286.1356 203.6568 1.8469 0.6305 0.5660 -17.5963 1.6191 38.3266 -8.3050 0.0969
Pedestrian -1 -1 -7.2642 159.6262 172.8791 180.2235 216.6247 1.6487 0.5674 0.3525 -16.7439 1.6493 27.3822 -7.8089 0.0953
Pedestrian -1 -1 -4.7872 1017.9646 153.6971 1065.6478 269.3704 1.7185 0.5887 0.4335 6.5421 1.4336 11.0421 -4.2645 0.0885
Cyclist -1 -1 -8.5134 759.1297 167.9568 792.3234 210.3576 1.7451 0.4512 1.6440 6.9552 1.5432 30.5358 -8.2921 0.0862
Pedestrian -1 -1 -7.7738 215.4624 174.4241 233.0462 217.2510 1.6783 0.5788 0.4697 -15.3465 1.7410 28.6295 -8.2622 0.0839
Pedestrian -1 -1 -7.7187 140.5611 173.5750 164.0071 223.5273 1.7776 0.6394 0.6015 -16.5926 1.8037 26.0938 -8.2806 0.0783
Pedestrian -1 -1 -3.1617 432.3248 169.7006 450.2643 212.4689 1.7687 0.6671 0.7189 -7.1199 1.6380 30.2516 -3.3913 0.0729
Cyclist -1 -1 -4.0511 363.3551 171.0445 402.3151 214.7214 1.7018 0.6048 1.6534 -9.1544 1.6310 28.9931 -4.3547 0.0720
Cyclist -1 -1 -6.8891 190.3023 177.4001 259.4285 242.2797 1.6588 0.5241 1.6309 -10.3824 1.7861 19.4109 -7.3749 0.0710
Pedestrian -1 -1 -7.5404 100.3414 163.1721 120.2464 208.7549 1.9566 0.5927 0.4705 -21.7032 1.5407 31.2818 -8.1431 0.0703
Pedestrian -1 -1 -3.8724 966.6647 162.9318 1013.0174 249.4137 1.7003 0.5973 0.5740 7.5983 1.5049 14.5478 -3.4000 0.0687
Cyclist -1 -1 -7.5802 787.0125 169.7601 811.9218 217.6251 1.7019 0.4555 1.6779 6.9219 1.5916 26.4952 -7.3280 0.0686
Pedestrian -1 -1 -7.7522 961.3994 159.5580 999.9698 250.7178 1.7406 0.6354 0.4352 7.2063 1.4864 14.1306 -7.2896 0.0662
Pedestrian -1 -1 -6.6848 214.1042 173.8350 244.7252 239.1805 1.7350 0.6427 0.5268 -10.3765 1.7619 19.5773 -7.1669 0.0648
Pedestrian -1 -1 -4.1816 272.7516 189.7863 310.4851 259.8060 1.3798 0.4868 0.5563 -6.5203 1.7309 14.6707 -4.5937 0.0630
Cyclist -1 -1 -7.7579 351.4855 172.9311 365.3515 204.9728 1.7303 0.5560 1.7692 -13.9392 1.7344 39.8948 -8.0923 0.0627
Cyclist -1 -1 -7.2348 342.3221 167.8213 372.1864 203.1435 1.7349 0.4974 1.7472 -12.7564 1.4874 36.3483 -7.5703 0.0615
Pedestrian -1 -1 -6.9131 729.5787 180.7166 762.3797 253.7581 1.4271 0.4840 0.4462 2.6729 1.5880 14.4803 -6.7351 0.0611
Cyclist -1 -1 -2.8398 185.4798 167.1636 234.0203 208.3345 1.7733 0.6934 1.7307 -17.5496 1.5279 31.5908 -3.3435 0.0595
Cyclist -1 -1 -4.8364 267.1293 177.7668 302.5688 262.5815 1.6591 0.4837 1.5773 -6.8289 1.7664 15.0064 -5.2573 0.0571
Pedestrian -1 -1 -8.2866 431.3872 174.6810 445.9426 202.9789 1.7681 0.6483 0.7325 -10.8716 1.8846 45.6349 -8.5195 0.0556
Pedestrian -1 -1 -7.3093 777.0513 166.3259 797.4606 210.5223 1.8114 0.6473 0.5220 7.3219 1.5435 29.9856 -7.0726 0.0551
Cyclist -1 -1 -8.4384 753.8587 169.3285 782.8167 209.6909 1.6663 0.3780 1.5926 6.6577 1.5205 30.5983 -8.2267 0.0539
Pedestrian -1 -1 -7.5086 217.1914 167.7546 235.2303 208.8545 1.7875 0.5915 0.4177 -16.8636 1.5654 31.6294 -7.9951 0.0528
Cyclist -1 -1 -8.1544 787.6884 165.5981 818.0624 220.4701 1.7273 0.4746 1.6716 6.2324 1.4986 23.5586 -7.8995 0.0522
Pedestrian -1 -1 -7.9174 1014.1959 148.0325 1054.0803 249.2731 1.8454 0.6010 0.6031 7.9030 1.3927 13.5550 -7.3995 0.0517
Cyclist -1 -1 -6.9424 709.6100 169.9049 797.0587 256.7329 1.6611 0.6572 1.6731 2.8276 1.6044 14.4760 -6.7543 0.0502
Car -1 -1 -4.5740 543.3491 174.9457 583.5323 204.4646 1.5570 1.6802 4.2852 -2.5975 1.6807 40.5695 -4.6380 0.8610
Car -1 -1 -6.7374 702.9093 178.5878 896.6011 253.0163 1.4511 1.5504 3.6904 3.9426 1.5821 15.3842 -6.4919 0.1643
Car -1 -1 -7.4074 321.5018 173.6363 360.0128 192.3308 1.6674 1.6209 4.3412 -24.8840 1.7419 66.7782 -7.7630 0.1352
Car -1 -1 -7.1252 271.9722 177.1306 325.3007 198.8646 1.5820 1.6457 3.7987 -23.8752 1.9222 55.3933 -7.5307 0.1216
Car -1 -1 -7.3224 1238.7510 135.2514 1241.0000 355.3831 1.6258 1.6447 4.2152 8.2117 1.3477 6.4727 -6.4412 0.0639
Car -1 -1 -7.7639 563.4642 173.5307 584.8251 191.2283 1.5859 1.6185 4.0998 -3.3159 1.6503 66.8995 -7.8136 0.0603
Car -1 -1 -3.1962 266.3040 172.7709 346.6504 202.8198 1.5828 1.6583 3.9845 -16.6981 1.5781 39.6208 -3.5929 0.0591
Car -1 -1 -3.1260 175.5368 171.5912 292.6176 208.9611 1.4915 1.6370 4.2829 -15.8294 1.4408 30.4822 -3.6016 0.0558
