Car -1 -1 -7.7228 536.5872 171.3102 581.0203 204.7561 1.4956 1.6066 4.1204 -1.9818 1.0402 34.2319 -7.7852 0.9152
Pedestrian -1 -1 -7.6819 105.6496 165.1649 129.7330 214.2542 1.9656 0.7147 0.6394 -19.6765 1.3118 29.2007 -8.2757 0.3401
Pedestrian -1 -1 -3.2499 252.9794 185.1581 282.9763 246.7826 1.4329 0.4880 0.5981 -7.9803 1.5224 17.1090 -3.6859 0.2795
Pedestrian -1 -1 -7.7611 1200.4521 143.6757 1237.0000 275.7386 1.8118 0.5960 0.5416 8.9264 1.2935 10.2571 -7.0628 0.2312
Pedestrian -1 -1 -3.7350 871.3523 165.8013 894.8751 211.1635 1.7963 0.6546 0.6159 11.2827 1.1750 28.8344 -3.3702 0.1734
Pedestrian -1 -1 -4.7937 790.0722 158.1031 803.7292 194.0706 1.8954 0.6350 0.7810 10.4101 0.6626 38.2954 -4.5349 0.1639
Cyclist -1 -1 -8.1635 683.8178 171.1629 715.8842 227.3566 1.5971 0.4599 1.5984 2.8629 1.3038 21.2439 -8.0364 0.1619
Pedestrian -1 -1 -4.9641 146.5800 169.1173 167.5258 215.2775 1.9055 0.6325 0.5321 -18.6168 1.3947 30.0653 -5.5197 0.1563
Pedestrian -1 -1 -3.2499 0.0000 158.1559 83.1442 303.3280 1.8992 0.6588 0.8500 -7.7878 1.5945 9.9296 -3.9079 0.1525
Pedestrian -1 -1 -8.0811 1072.4370 142.2156 1102.1196 198.7310 1.9420 0.7075 0.7304 16.9744 0.5925 25.1488 -7.4972 0.1504
Cyclist -1 -1 -6.7981 429.7222 171.8411 465.7323 205.9877 1.6658 0.6752 1.6385 -7.6716 1.1948 35.8411 -7.0125 0.1181
Pedestrian -1 -1 -5.9172 196.6532 176.3102 216.1137 210.1405 1.6126 0.5877 0.6553 -19.0227 1.3654 34.5767 -6.4220 0.1179
Car -1 -1 -4.5919 491.4688 170.6489 513.2092 188.0628 1.6276 1.6064 4.1613 -9.4804 0.6131 69.2341 -4.7323 0.1092
Pedestrian -1 -1 -4.5151 996.0309 160.8810 1033.4502 242.8064 1.7859 0.6003 0.7617 9.2524 1.3370 16.1435 -4.0069 0.1092
Car -1 -1 -4.6960 686.5286 170.7326 714.2451 197.5704 1.4146 1.4511 3.6248 5.4885 0.8473 39.7634 -4.5647 0.1028
Pedestrian -1 -1 -8.0177 928.0355 158.6875 946.2237 199.1242 1.8778 0.6731 0.6431 15.7572 0.8187 33.7561 -7.5889 0.1023
Pedestrian -1 -1 -3.7311 1053.7281 148.7131 1069.8588 195.0196 1.8506 0.5150 0.3108 18.5433 0.5406 28.9700 -3.1708 0.0999
Pedestrian -1 -1 -4.5260 1041.1135 152.9087 1062.4058 213.9133 1.9319 0.5151 0.4140 14.4369 1.0269 23.0748 -3.9771 0.0921
Pedestrian -1 -1 -2.8247 58.8283 169.2713 83.9725 223.1162 1.8891 0.6068 0.5604 -18.8915 1.4605 25.5784 -3.4611 0.0906
Cyclist -1 -1 -2.1108 266.2258 173.9528 292.5191 203.6021 1.7302 0.6090 1.7481 -19.1343 1.2899 42.6679 -2.5351 0.0880
Pedestrian -1 -1 -4.8366 1154.6094 151.4558 1207.8434 261.2965 1.7551 0.5921 0.7084 9.5706 1.2757 11.9337 -4.1766 0.0869
Cyclist -1 -1 -7.5455 351.4749 170.6959 362.2463 193.4346 1.6398 0.3100 1.5047 -17.8748 0.8606 52.5592 -7.8767 0.0723
Pedestrian -1 -1 -5.2503 403.4368 175.9588 421.6938 209.4725 1.5310 0.5996 0.5882 -8.7521 1.2781 33.2359 -5.5109 0.0712
Cyclist -1 -1 -4.2960 135.1273 174.4964 166.0392 212.6509 1.7226 0.5811 1.6981 -20.9028 1.4066 33.3128 -4.8579 0.0708
Cyclist -1 -1 -4.5521 195.5848 170.5403 211.6691 204.8879 1.6825 0.4422 1.7256 -19.9769 1.1459 36.0739 -5.0597 0.0671
Pedestrian -1 -1 -7.6959 861.1814 155.4711 879.4131 197.0159 1.8914 0.6799 0.7865 12.4195 0.7067 33.2121 -7.3456 0.0662
Cyclist -1 -1 -8.1112 1169.2600 126.0505 1192.7755 163.7453 1.6679 0.4215 1.6864 26.9609 -0.8477 33.4491 -7.4413 0.0646
Cyclist -1 -1 -7.9730 983.2105 153.8635 994.2773 180.3925 1.6675 0.4210 1.6267 24.8312 -0.0723 46.0564 -7.4857 0.0643
Pedestrian -1 -1 -7.8856 798.1669 161.8432 811.6272 199.7010 1.8434 0.6114 0.6604 10.0042 0.8865 35.3702 -7.6169 0.0635
Pedestrian -1 -1 -5.7172 355.0986 166.5028 366.4362 189.2696 1.7640 0.7008 0.5508 -18.7618 0.6019 56.0648 -6.0435 0.0610
Pedestrian -1 -1 -7.4583 858.1127 160.6887 874.3395 204.1344 1.8715 0.5841 0.3216 11.5056 0.9753 31.2598 -7.1134 0.0587
Car -1 -1 -7.8507 172.1369 173.3013 207.6538 202.6917 1.5143 1.6059 3.8443 -22.3834 1.0921 39.0791 -8.3729 0.0571
Cyclist -1 -1 -3.7898 656.2058 165.5233 682.1853 193.4171 1.7233 0.6114 1.5757 4.2566 0.7363 45.0552 -3.7010 0.0534
Pedestrian -1 -1 -6.6222 496.4094 169.1801 507.3038 192.4357 1.6946 0.6252 0.6180 -7.3007 0.7968 52.7653 -6.7639 0.0531
Pedestrian -1 -1 -7.8078 134.1536 167.3260 149.9768 204.5490 1.8162 0.6295 0.7029 -22.7143 1.1248 35.5111 -8.3785 0.0527
Pedestrian -1 -1 -5.6209 1151.0692 152.3476 1232.2941 269.2358 1.7195 0.5474 0.7916 8.9884 1.2913 11.0168 -4.9534 0.0519
Car -1 -1 -8.2151 739.5177 165.8375 783.0275 189.1135 1.5865 1.6606 4.0775 11.3260 0.5189 51.1027 -8.0029 0.0515
Cyclist -1 -1 -8.1115 396.3005 171.8800 413.0172 203.1602 1.6378 0.4533 1.6385 -10.5407 1.1343 38.4320 -8.3825 0.3452
Cyclist -1 -1 -3.0251 466.1212 169.7798 495.1697 197.8900 1.7266 0.5821 1.7193 -7.4661 1.0068 44.4578 -3.1955 0.0594
Cyclist -1 -1 -8.0329 394.8266 170.5121 410.3618 203.7327 1.7168 0.4881 1.7087 -10.5318 1.1492 37.9977 -8.3065 0.0560
Pedestrian -1 -1 -7.4919 608.2658 168.5845 621.0957 195.6651 1.6295 0.5700 0.7044 0.8086 0.8524 43.6558 -7.4785 0.0560
Cyclist -1 -1 -7.6889 446.5292 170.6938 459.2109 200.3596 1.6309 0.4513 1.5756 -8.3286 1.0370 40.2880 -7.8964 0.0546
Cyclist -1 -1 -6.3413 585.3957 164.7911 609.0016 187.8402 1.7526 0.6401 1.7700 -0.3105 0.4820 55.0000 -6.3518 0.0532
Car -1 -1 -4.6042 504.8342 171.3905 541.9460 198.1399 1.4756 1.7099 4.2991 -4.4846 0.9181 41.7781 -4.7154 0.8773
Car -1 -1 -7.8693 610.3840 169.5547 637.6982 194.4744 1.5096 1.6387 4.3325 1.4011 0.7861 45.6915 -7.8437 0.7932
Car -1 -1 -7.6693 584.8022 167.0979 613.3578 187.4549 1.5428 1.6043 3.7223 -0.1312 0.4512 56.4130 -7.6765 0.5881
Car -1 -1 -4.1564 0.0000 180.9285 99.8813 221.7046 1.5276 1.6126 3.8345 -22.1947 1.5066 28.8993 -4.8120 0.3845
Car -1 -1 -7.9739 560.8565 171.0066 590.6165 195.0557 1.4582 1.4532 3.4617 -1.6524 0.8220 45.3817 -8.0150 0.2462
Car -1 -1 -7.4581 625.0096 169.0251 658.3474 185.5195 1.4603 1.6215 4.0688 3.7535 0.3556 65.7805 -7.4062 0.2091
Car -1 -1 -8.1158 383.0780 170.8111 430.7279 200.5056 1.5708 1.6093 3.8347 -10.8937 1.0056 40.0604 -8.3847 0.1739
Car -1 -1 -4.4916 347.6253 172.5785 385.0204 196.4841 1.5596 1.6052 3.9587 -15.9461 0.9776 48.9110 -4.8101 0.1471
Car -1 -1 -2.8698 0.0000 169.7900 41.3279 201.0359 1.4641 1.5975 3.8392 -30.0494 0.9157 35.1938 -3.5777 0.1428
Car -1 -1 -4.2505 467.8835 171.2149 515.1275 196.2446 1.5346 1.5556 3.6120 -6.9855 0.9041 45.9992 -4.4053 0.1342
Car -1 -1 -7.9360 431.5283 171.9997 466.2668 199.1700 1.5093 1.6310 4.2063 -8.9947 0.9817 42.1536 -8.1499 0.1169
