Pedestrian -1 -1 -8.3995 1207.2523 134.8666 1241.0000 223.0947 1.8085 0.6153 0.4975 12.9408 1.0295 15.0833 -7.7001 0.1592
Pedestrian -1 -1 -4.4172 449.6660 170.8783 472.7112 222.3634 1.9012 0.6402 0.8073 -5.6238 1.8279 27.0757 -4.6206 0.1486
Pedestrian -1 -1 -5.3856 920.8604 132.4966 940.2015 182.0985 1.8011 0.5305 0.3741 11.7019 0.3354 26.4487 -4.9730 0.1309
Pedestrian -1 -1 -3.4737 764.8785 135.6450 873.7571 326.3279 1.8979 0.5405 0.9566 2.0960 1.5273 7.4851 -3.2122 0.1211
Pedestrian -1 -1 -2.9486 665.0068 172.7195 673.9146 198.2281 1.7458 0.7223 0.4844 4.0735 1.7363 49.7953 -2.8679 0.1024
Cyclist -1 -1 -7.9371 635.5884 171.9490 645.2672 202.5262 1.7432 0.4203 1.6857 1.7285 1.6913 41.9856 -7.8967 0.1002
Pedestrian -1 -1 -4.6664 693.3680 167.4142 707.9658 206.3344 1.8888 0.6792 0.7717 4.4178 1.6245 35.4535 -4.5439 0.0942
Pedestrian -1 -1 -5.9106 465.2477 171.4812 486.3933 216.5347 1.9237 0.6510 0.7110 -5.8405 1.8648 31.1951 -6.0946 0.0804
Pedestrian -1 -1 -2.7131 674.0969 170.7405 686.5209 202.4522 1.8308 0.7023 0.4732 4.0654 1.7085 42.0783 -2.6179 0.0577
Car -1 -1 -7.6941 560.9614 178.6530 584.1547 195.1505 1.5234 1.6266 4.0917 -3.6330 2.1047 70.2418 -7.7460 0.0552
Pedestrian -1 -1 -5.2703 1213.0132 123.8483 1241.0000 210.3884 1.9329 0.6368 0.6659 14.3114 0.8380 16.4921 -4.5644 0.0534
Pedestrian -1 -1 -5.6881 456.7318 179.6149 477.9536 224.7557 1.7231 0.5729 0.5892 -5.5855 1.9890 28.0339 -5.8836 0.0530
Pedestrian -1 -1 -8.0538 838.7496 202.3124 928.6082 366.5276 1.3668 0.6185 0.7018 2.3961 1.6491 6.5346 -7.7183 0.0509
Cyclist -1 -1 -7.9864 734.4927 167.4175 752.1418 220.2535 1.7058 0.3591 1.6305 4.3987 1.5300 24.1179 -7.8087 0.0504
Cyclist -1 -1 -3.2074 926.7335 141.8246 1078.3806 275.2389 1.8028 0.5654 1.8742 5.5268 1.3832 10.3836 -2.7306 0.2779
Pedestrian -1 -1 -5.1502 807.7687 161.4235 854.0405 250.8605 1.7573 0.6160 0.7856 4.4092 1.5324 14.6115 -4.8635 0.1413
Pedestrian -1 -1 -3.7974 770.8740 158.3775 810.8770 236.0528 1.8244 0.6716 0.6617 4.3026 1.4841 17.3884 -3.5595 0.1330
Pedestrian -1 -1 -3.9941 1070.6084 139.4059 1169.7075 301.3142 1.8067 0.5123 0.8574 5.8790 1.4332 8.4090 -3.4008 0.1189
Pedestrian -1 -1 -8.7143 871.6063 153.0801 922.0596 245.2142 1.7603 0.5846 0.7171 5.6010 1.3822 14.2397 -8.3472 0.1172
Pedestrian -1 -1 -6.8326 476.8544 178.6062 496.0289 217.6726 1.7242 0.5456 0.6607 -5.5891 1.9855 32.3920 -7.0027 0.0991
Pedestrian -1 -1 -6.4123 906.6259 157.1685 982.1311 291.2266 1.7291 0.5228 0.8507 4.4090 1.5265 9.6773 -5.9971 0.0975
Pedestrian -1 -1 -5.8182 491.8964 178.1972 506.1494 212.1727 1.7068 0.5395 0.5312 -5.6816 1.9808 36.6926 -5.9712 0.0935
Cyclist -1 -1 -7.6929 493.7123 179.0823 507.2522 211.2817 1.5977 0.4246 1.6722 -5.6422 1.9237 36.9635 -7.8438 0.0848
Cyclist -1 -1 -8.1069 975.2516 157.0064 1023.7857 243.2373 1.6647 0.4587 1.6417 7.8976 1.3585 14.7809 -7.6249 0.0770
Pedestrian -1 -1 -7.9549 990.5233 161.0084 1023.7162 235.8934 1.6328 0.5866 0.5932 8.8101 1.3742 16.1185 -7.4628 0.0767
Pedestrian -1 -1 -8.5578 798.9907 154.5133 839.1060 232.3277 1.8196 0.5888 0.7336 4.9631 1.3904 17.3285 -8.2840 0.0757
Pedestrian -1 -1 -3.3161 911.2105 163.6351 953.5663 246.5143 1.5911 0.4772 0.6821 6.2657 1.4139 14.1634 -2.9079 0.0733
Pedestrian -1 -1 -4.3757 957.8965 151.6278 1016.7589 275.7574 1.7149 0.6090 0.5468 5.3697 1.4213 10.3772 -3.9104 0.0682
Pedestrian -1 -1 -4.5402 998.5637 165.1205 1033.0643 237.5446 1.5478 0.5741 0.5789 8.8492 1.3822 15.8253 -4.0387 0.0682
Cyclist -1 -1 -7.7474 506.0864 178.3922 516.7669 206.5106 1.6288 0.4633 1.6005 -5.8936 1.9641 42.9208 -7.8835 0.0641
Cyclist -1 -1 -8.2359 958.1126 156.3865 1012.7454 241.3711 1.6413 0.4169 1.5700 7.5835 1.3230 14.7351 -7.7692 0.0623
Pedestrian -1 -1 -6.4704 499.1917 177.1703 509.9084 209.8868 1.7312 0.4980 0.4823 -5.6776 1.9635 38.5770 -6.6161 0.0608
Pedestrian -1 -1 -4.5870 1002.7471 150.7782 1038.9036 239.1938 1.7258 0.5645 0.6244 8.2063 1.2946 14.5027 -4.0812 0.0589
Pedestrian -1 -1 -3.2617 1027.8585 149.1262 1130.2751 309.4751 1.7228 0.4772 0.9114 5.2185 1.4676 8.1598 -2.7097 0.0581
Pedestrian -1 -1 -4.9769 926.8343 149.4980 983.0839 273.3709 1.7536 0.5803 0.6743 4.9946 1.4227 10.5946 -4.5478 0.0576
Cyclist -1 -1 -8.5060 776.8794 164.0843 852.5925 252.3546 1.6958 0.5740 1.6818 4.0965 1.5270 14.7485 -8.2410 0.0575
Pedestrian -1 -1 -7.9942 968.9837 155.9126 1003.8495 237.0862 1.8005 0.6194 0.5931 8.4864 1.4244 16.3849 -7.5241 0.0565
Pedestrian -1 -1 -7.4133 857.7571 159.7735 902.0107 248.8881 1.7224 0.5616 0.7616 5.3399 1.4693 14.4133 -7.0658 0.0564
Pedestrian -1 -1 -2.9662 826.7508 159.2587 875.4767 246.3230 1.7734 0.6086 0.8835 5.0194 1.4962 15.1727 -2.6533 0.0563
Cyclist -1 -1 -4.7807 569.6699 176.4632 576.2361 196.7830 1.6226 0.4305 1.4902 -3.0412 1.9196 58.6559 -4.8327 0.0545
Pedestrian -1 -1 -4.4552 1052.7042 159.0596 1095.7439 246.7345 1.6238 0.5361 0.7120 8.8282 1.3681 13.8029 -3.8963 0.0541
Pedestrian -1 -1 -6.6851 1005.2111 152.1693 1074.6538 288.2456 1.7570 0.5430 0.6281 5.6625 1.4896 9.6223 -6.1672 0.0520
Pedestrian -1 -1 -7.5134 786.2196 157.0326 823.9578 235.3018 1.8027 0.6224 0.8491 4.5883 1.4380 17.1441 -7.2569 0.0502
Cyclist -1 -1 -3.2856 886.3203 147.2114 1039.2394 280.8521 1.8107 0.6197 1.8927 4.9412 1.4629 10.3434 -2.8517 0.0501
Car -1 -1 -4.6565 514.3643 173.6658 558.1198 213.5260 1.7915 1.8489 4.5455 -3.5318 1.8330 34.8359 -4.7574 0.8296
Car -1 -1 -4.6135 551.5779 176.6128 576.0720 196.7025 1.5641 1.6115 4.0152 -3.7664 1.8816 58.9701 -4.6774 0.5094
Car -1 -1 -8.5420 991.7640 71.8873 1241.0000 374.0000 2.0740 1.6987 4.4181 5.2145 1.5264 6.1260 -7.8609 0.1860
Car -1 -1 -6.4230 844.2457 161.3067 1033.6793 234.9168 1.6405 1.6759 3.9448 7.7132 1.3829 17.4152 -6.0128 0.1737
Car -1 -1 -4.6392 517.4023 178.5918 541.9202 196.7938 1.3950 1.6799 4.2789 -6.5403 1.8798 58.8353 -4.7498 0.1067
Car -1 -1 -7.8810 754.4940 176.0166 870.4584 286.7336 1.5356 1.5964 3.9402 3.2651 1.5981 12.2264 -7.6271 0.1014
Car -1 -1 -4.4243 530.9683 177.7129 576.8188 205.4098 1.5513 1.6296 4.1803 -3.3512 1.8582 43.4036 -4.5014 0.0636
