Pedestrian -1 -1 -3.2984 504.3258 171.6376 518.9716 201.2346 1.7272 0.6473 0.7631 -5.8349 1.6559 42.5261 -3.4344 0.1498
Pedestrian -1 -1 -4.2740 444.9661 184.9701 462.4107 221.8308 1.3393 0.4582 0.5101 -5.8306 1.7926 26.7136 -4.4873 0.1422
Pedestrian -1 -1 -6.5575 871.2413 165.5215 890.2197 228.8258 1.7577 0.4965 0.3762 7.5621 1.5538 20.2959 -6.2062 0.1296
Pedestrian -1 -1 -5.1983 860.7602 166.5963 903.7527 250.5225 1.7144 0.5873 0.6843 5.6425 1.5863 15.1178 -4.8482 0.1082
Pedestrian -1 -1 -6.0545 786.5684 164.4429 812.1837 213.6821 1.8592 0.6233 0.8341 7.2299 1.5413 27.7133 -5.8024 0.0916
Pedestrian -1 -1 -8.7912 888.0550 160.2799 922.2858 228.5655 1.7922 0.6296 0.5936 7.8659 1.4619 19.3561 -8.4111 0.0679
Car -1 -1 -2.5650 251.1883 154.5106 330.1492 182.6877 1.4671 1.5842 3.5844 -17.1119 0.5117 38.6385 -2.9795 0.0679
Cyclist -1 -1 -7.6111 99.5875 180.3635 153.9427 278.4453 1.5875 0.3943 1.6545 -8.4973 1.7277 12.6539 -8.1931 0.0646
Pedestrian -1 -1 -4.7266 1065.5931 140.6082 1110.1099 258.2675 1.8917 0.6005 0.5393 7.8725 1.3729 11.9880 -4.1572 0.0524
Pedestrian -1 -1 -7.7702 842.7184 158.5705 862.5547 214.3118 1.9304 0.5998 0.8546 8.5318 1.4355 25.4987 -7.4513 0.0520
Cyclist -1 -1 -8.0762 740.7320 173.2275 753.6408 202.9472 1.6278 0.3657 1.5753 7.6241 1.6488 40.3335 -7.8911 0.2086
Pedestrian -1 -1 -3.8688 1061.4377 135.5484 1192.6569 309.2855 1.9082 0.6099 1.1084 5.8687 1.4982 8.2987 -3.2705 0.1788
Cyclist -1 -1 -6.8652 64.7773 131.4886 123.2279 182.3670 1.7563 0.4994 1.7040 -18.4623 0.3281 25.7914 -7.4817 0.1490
Cyclist -1 -1 -5.8313 59.4783 132.1379 120.9494 182.5487 1.7686 0.5990 1.6894 -18.5785 0.3398 25.7509 -6.4514 0.1457
Cyclist -1 -1 -4.2178 687.2977 171.5367 716.7234 219.0866 1.7161 0.4257 1.5016 3.3786 1.6682 26.7756 -4.0943 0.1217
Pedestrian -1 -1 -7.1390 683.1887 178.0234 704.3583 219.2030 1.4825 0.5483 0.5449 3.0257 1.6745 26.4585 -7.0271 0.1183
Pedestrian -1 -1 -7.8705 387.0912 174.7446 402.1214 214.0084 1.7123 0.6271 0.5399 -9.5527 1.7963 31.8515 -8.1600 0.1174
Pedestrian -1 -1 -4.5500 407.0383 166.4417 429.0803 215.2675 1.8833 0.6840 1.0044 -7.5820 1.6357 28.3641 -4.8094 0.1120
Cyclist -1 -1 -2.6960 73.2246 135.3220 133.3510 183.8692 1.7391 0.6226 1.6909 -18.4916 0.3943 26.2920 -3.3043 0.0870
Cyclist -1 -1 -4.1663 29.7643 130.0851 70.2525 172.6678 1.7449 0.5538 1.6800 -23.6430 -0.0084 30.4387 -4.8225 0.0858
Cyclist -1 -1 -3.8594 54.7885 131.9734 112.2446 182.9935 1.7526 0.5240 1.7327 -18.7595 0.3480 25.6888 -4.4852 0.0801
Pedestrian -1 -1 -6.2811 164.4556 143.2175 174.8904 181.7886 1.8232 0.5625 0.4225 -21.0660 0.4220 34.4557 -6.8265 0.0790
Pedestrian -1 -1 -7.5492 462.8238 167.2907 480.3742 205.4740 1.8840 0.6830 0.6948 -6.9389 1.6092 35.9851 -7.7388 0.0741
Cyclist -1 -1 -8.0259 744.4352 171.9444 758.7325 202.7277 1.6723 0.4819 1.7456 7.8175 1.6226 40.0757 -7.8351 0.0726
Pedestrian -1 -1 -6.9229 1104.6687 139.9784 1232.4219 309.9525 1.8297 0.5989 0.9656 6.1629 1.4755 8.0692 -6.2888 0.0705
Cyclist -1 -1 -4.5137 382.6614 175.3876 401.8167 213.4658 1.6443 0.5341 1.4681 -9.6945 1.7591 32.0141 -4.8059 0.0699
Pedestrian -1 -1 -6.1099 63.3270 136.5466 86.0807 183.6604 1.7995 0.6080 0.6113 -20.7866 0.4124 27.9666 -6.7446 0.0639
Cyclist -1 -1 -2.9355 370.2429 172.9432 411.2624 212.6328 1.7163 0.6108 1.6273 -9.6279 1.7200 31.5790 -3.2295 0.0579
Cyclist -1 -1 -4.6422 158.7092 135.9924 176.5924 174.3825 1.7750 0.6040 1.6757 -21.0241 0.0704 34.2441 -5.1894 0.0570
Cyclist -1 -1 -6.7974 681.3851 171.2898 726.8386 220.2731 1.7587 0.5873 1.5688 3.4079 1.7022 26.4744 -6.6715 0.0533
Cyclist -1 -1 -5.6192 40.7080 133.6489 102.5091 185.3749 1.7807 0.6441 1.6944 -18.8254 0.4307 25.1837 -6.2561 0.0529
Cyclist -1 -1 -2.4544 54.7883 133.8501 113.7134 183.8523 1.7770 0.6207 1.7144 -18.9840 0.3906 26.0046 -3.0801 0.0529
Cyclist -1 -1 -2.6934 44.2271 138.2619 96.1539 180.0962 1.7843 0.6029 1.7084 -23.3935 0.3086 31.2333 -3.3322 0.0528
Cyclist -1 -1 -7.5410 728.2774 171.2189 743.2230 198.6968 1.6822 0.4285 1.6716 7.8168 1.5818 45.0124 -7.3705 0.0506
Cyclist -1 -1 -7.1868 53.7203 133.6321 102.3875 182.9682 1.7070 0.4694 1.6621 -19.0419 0.3496 25.8033 -7.8177 0.0502
Cyclist -1 -1 -4.1744 380.0829 175.2122 410.5019 213.9733 1.6543 0.5829 1.5225 -9.4625 1.7602 31.7025 -4.4626 0.0501
Car -1 -1 -4.6460 597.8675 174.6330 618.8965 192.1385 1.4606 1.5780 3.7953 -0.1374 1.6193 62.5432 -4.6486 0.5729
Car -1 -1 -7.0930 418.2919 176.5741 492.3991 208.4305 1.5217 1.5934 3.7023 -7.8946 1.7220 36.9249 -7.3026 0.2146
Car -1 -1 -4.8930 285.9269 154.4325 326.4833 182.9088 1.7322 1.6730 4.1319 -19.4703 0.6113 46.0777 -5.2909 0.1322
Car -1 -1 -5.1145 1180.9537 174.4536 1241.0000 374.0000 1.5159 1.6350 4.0319 6.3227 1.5335 5.9063 -4.3202 0.0833
Car -1 -1 -7.4434 0.0000 128.8153 86.8358 169.5599 1.5354 1.5967 3.8591 -23.2900 -0.1448 29.5913 -8.1059 0.0677
Car -1 -1 -4.1612 357.3522 178.4243 438.0267 215.5347 1.4587 1.5401 3.8388 -9.0827 1.7139 31.0335 -4.4440 0.0672
Car -1 -1 -7.6402 326.3232 159.2774 366.6110 185.1253 1.5775 1.6330 3.8381 -16.7960 0.7486 46.0471 -7.9882 0.0649
Car -1 -1 -7.8928 175.1060 145.7955 216.5050 177.5961 1.4914 1.6403 4.0203 -20.7298 0.2221 35.9784 -8.4124 0.0614
Car -1 -1 -7.7950 58.0758 134.0075 119.7583 177.0175 1.4905 1.6372 3.7327 -19.4728 0.1440 27.0198 -8.4149 0.0599
Car -1 -1 -7.8059 740.6734 173.0011 770.9411 198.5844 1.4886 1.6307 4.0985 8.9331 1.4977 44.1943 -7.6081 0.0587
