Cyclist -1 -1 -4.4950 429.4355 180.4102 443.5948 207.7302 1.6308 0.5216 1.5586 -10.6760 2.1025 44.2881 -4.7306 0.4887
Cyclist -1 -1 -8.4087 637.9514 172.2231 681.0468 232.0922 1.7476 0.4686 1.7121 1.4363 1.7289 21.9279 -8.3450 0.1145
Cyclist -1 -1 -7.8454 629.5529 177.6744 634.9148 200.5615 1.5513 0.3612 1.4462 1.5099 1.8895 49.9415 -7.8158 0.1096
Pedestrian -1 -1 -5.9410 968.9915 135.1183 1082.7203 326.5128 1.8914 0.6322 0.8950 4.3560 1.5182 7.6745 -5.4420 0.0685
Pedestrian -1 -1 -5.7368 121.8813 178.7360 149.2702 238.4964 1.9151 0.5990 0.5070 -15.4872 2.1088 23.4901 -6.3147 0.0615
Pedestrian -1 -1 -8.0870 334.5661 174.8596 351.1699 215.6089 1.9570 0.6489 0.5474 -13.0360 2.0554 35.0993 -8.4405 0.0534
Car -1 -1 -4.5692 469.2842 182.0936 524.1730 222.8500 1.5062 1.6546 4.1163 -4.6231 1.9123 29.6695 -4.7230 0.0533
Pedestrian -1 -1 -3.7311 0.0000 213.4863 19.9550 279.8594 1.2987 0.4253 0.5412 -12.6227 2.1514 14.8284 -4.4276 0.1631
Pedestrian -1 -1 -3.2278 2.6040 204.0077 35.6444 275.5149 1.4304 0.4543 0.4991 -12.3884 2.0950 15.0634 -3.9075 0.1037
Cyclist -1 -1 -3.6594 0.0000 190.0383 81.1651 277.3231 1.7171 0.4793 1.6217 -12.3271 2.1029 15.3674 -4.3272 0.0837
Cyclist -1 -1 -7.5218 0.0000 195.7459 32.9945 283.6396 1.6803 0.4281 1.5607 -12.6348 2.1821 15.0199 -8.2126 0.0792
Pedestrian -1 -1 -3.6673 0.0000 206.4289 26.7989 281.6496 1.4471 0.4773 0.6440 -12.3735 2.1444 14.6082 -4.3612 0.0673
Cyclist -1 -1 -5.7531 0.0000 189.6694 72.5880 275.8025 1.7463 0.5130 1.6285 -12.3799 2.1076 15.1468 -6.4299 0.0575
Cyclist -1 -1 -2.1184 0.0000 193.0376 28.3330 283.6634 1.7679 0.5702 1.7263 -12.9398 2.1982 14.8545 -2.8262 0.0573
Car -1 -1 -4.5420 450.1699 177.7924 524.7296 234.7387 1.6768 1.7253 4.1347 -3.9628 1.8528 23.6781 -4.7067 0.9185
Car -1 -1 -4.7225 533.3387 178.6878 558.4642 203.5770 1.5292 1.5713 3.6423 -4.2384 1.9250 47.1066 -4.8122 0.7297
Car -1 -1 -4.4733 412.3117 176.6374 454.8652 205.4416 1.7246 1.7065 4.0569 -11.1629 1.9748 45.7618 -4.7116 0.0954
Car -1 -1 -4.3378 278.9254 184.2318 349.5387 220.8944 1.5183 1.6488 3.9757 -13.5188 2.0716 33.1157 -4.7230 0.0804
