Pedestrian -1 -1 -8.0376 792.5975 150.2930 833.1035 233.7939 1.8337 0.7315 0.8127 4.7208 1.1489 16.2123 -7.7638 0.6312
Pedestrian -1 -1 -3.9931 370.6530 160.4508 414.6841 234.5981 1.7740 0.6558 0.8347 -5.1738 1.2709 17.7032 -4.2787 0.3196
Pedestrian -1 -1 -3.7736 658.5018 160.3060 676.4553 190.8561 1.9492 0.5568 1.0228 4.2660 0.5970 46.3366 -3.6873 0.1265
Pedestrian -1 -1 -5.9126 140.4019 171.3656 200.4567 283.1466 1.6692 0.4600 0.6682 -6.6396 1.5185 11.0090 -6.4504 0.1120
Pedestrian -1 -1 -4.9693 465.3639 181.8774 491.6420 238.6431 1.3553 0.4896 0.6138 -3.0407 1.3652 17.5365 -5.1438 0.1108
Pedestrian -1 -1 -6.7013 736.5620 161.5882 755.3180 205.9567 1.6294 0.5376 0.5059 5.3452 0.8985 26.6989 -6.5107 0.1074
Pedestrian -1 -1 -6.6027 161.9708 173.6328 201.8356 263.1596 1.6139 0.5703 0.4839 -7.8221 1.4727 13.3199 -7.1305 0.1052
Cyclist -1 -1 -7.3421 0.0000 172.5057 168.2299 373.0000 1.6152 0.5186 1.6832 -3.9762 1.5596 5.3656 -7.9633 0.0977
Pedestrian -1 -1 -3.6171 666.7674 161.5469 682.8425 187.1737 1.8907 0.5589 1.0503 5.4746 0.4185 53.4510 -3.5204 0.0921
Pedestrian -1 -1 -3.9058 648.1628 160.5865 659.9368 184.0723 1.8469 0.5564 0.7570 4.1922 0.2021 56.9451 -3.8375 0.0902
Pedestrian -1 -1 -4.3556 1.2913 169.1714 78.8314 316.8632 1.7134 0.5689 0.5876 -6.8272 1.5710 8.6982 -5.0122 0.0881
Pedestrian -1 -1 -7.1153 734.1605 161.6374 790.5367 256.1272 1.6375 0.6103 0.8042 2.8532 1.2939 12.9316 -6.9078 0.0820
Pedestrian -1 -1 -5.8158 0.0000 152.7037 48.4493 269.7783 1.8017 0.4810 0.6784 -9.3081 1.3592 11.3616 -6.4963 0.0803
Pedestrian -1 -1 -3.6142 680.1616 160.6830 689.5541 187.1844 1.8170 0.4856 0.4730 5.7652 0.3897 49.5627 -3.5038 0.0719
Cyclist -1 -1 -7.9660 679.2885 160.8602 697.5953 207.4823 1.6888 0.4878 1.6129 3.2162 0.9415 26.8271 -7.8528 0.0715
Pedestrian -1 -1 -3.7812 819.7422 148.9523 854.7696 212.7754 1.7995 0.5302 0.7973 6.7392 0.8823 20.6343 -3.4743 0.0711
Cyclist -1 -1 -4.4001 457.5017 163.1663 487.0850 214.2151 1.7227 0.5319 1.6905 -4.5238 1.1044 25.1140 -4.5816 0.0707
Pedestrian -1 -1 -5.3843 247.7187 169.6328 298.9675 270.0447 1.6630 0.4282 0.7391 -5.6407 1.4671 12.2552 -5.8131 0.0639
Pedestrian -1 -1 -3.0776 968.2596 134.8606 1023.9783 269.7716 1.8769 0.5947 0.6829 5.6844 1.2287 10.4254 -2.5943 0.0637
Pedestrian -1 -1 -4.1047 829.9938 150.7455 868.5827 220.8571 1.7805 0.6170 0.7839 6.4256 1.0000 18.7244 -3.7835 0.0592
Pedestrian -1 -1 -4.6747 479.9287 159.1323 505.9920 246.6561 1.7933 0.5174 0.8889 -2.3251 1.3356 15.1899 -4.8294 0.0573
Pedestrian -1 -1 -4.7552 729.8519 157.8065 748.2104 207.6711 1.7192 0.5956 0.6961 4.7876 0.9027 25.1521 -4.5740 0.0551
Pedestrian -1 -1 -7.6179 578.9834 155.9539 590.3007 181.9204 1.8352 0.6696 0.6751 -1.1816 0.0297 51.1687 -7.6456 0.0527
Pedestrian -1 -1 -5.6118 553.9219 164.0961 565.9192 192.0130 1.7605 0.6264 0.4769 -2.6351 0.6630 45.6928 -5.6740 0.0516
Car -1 -1 -4.5679 601.1262 153.9997 626.8873 174.2303 1.6243 1.6469 4.1065 1.1358 -0.6433 61.3848 -4.5542 0.0508
Pedestrian -1 -1 -4.6015 584.6326 158.9677 598.2612 194.7208 1.8722 0.6397 0.8214 -0.5321 0.6925 38.0548 -4.6203 0.5106
Pedestrian -1 -1 -7.8773 511.7026 166.0048 527.7548 205.7437 1.6512 0.6521 0.6470 -3.4577 1.0077 30.2140 -7.9953 0.4882
Pedestrian -1 -1 -8.7651 965.5896 162.8182 1054.7751 312.1427 1.6031 0.6365 0.6195 4.5631 1.4032 8.1241 -8.2725 0.4716
Pedestrian -1 -1 -4.3665 594.4110 159.6487 612.2057 195.0964 1.8058 0.6515 0.9179 0.0930 0.6928 37.1352 -4.3690 0.4122
Pedestrian -1 -1 -7.8845 543.9937 166.5450 558.0230 198.1144 1.6439 0.7143 0.5814 -2.6582 0.8653 37.7319 -7.9593 0.3837
Pedestrian -1 -1 -7.2803 930.5657 159.3342 974.0295 235.5033 1.6326 0.6096 0.6472 7.6888 1.1581 15.8267 -6.8398 0.3348
Pedestrian -1 -1 -7.0043 608.2071 164.1241 623.0523 191.2993 1.7393 0.6341 0.7204 0.9235 0.6272 46.4504 -6.9894 0.2647
Pedestrian -1 -1 -3.7288 754.1328 153.7733 774.1920 191.2419 1.8323 0.6451 0.7324 8.0436 0.4766 35.5625 -3.5128 0.2340
Pedestrian -1 -1 -5.3131 741.5120 157.6239 753.7313 194.8714 1.7830 0.4779 0.3236 7.0351 0.6403 34.6283 -5.1190 0.2078
Cyclist -1 -1 -3.9131 949.5928 159.9272 994.7485 207.4052 1.8070 0.6768 1.5226 14.3704 0.9863 27.8912 -3.4462 0.2031
Cyclist -1 -1 -3.3139 915.3733 160.8835 1104.0929 317.7090 1.6240 0.7497 1.7233 4.4496 1.4112 8.0605 -2.8287 0.1986
Pedestrian -1 -1 -7.6731 527.7726 168.1816 546.0852 208.9415 1.5725 0.6256 0.5487 -2.5337 1.0591 28.0138 -7.7675 0.1879
Pedestrian -1 -1 -5.4117 530.6854 154.5947 565.7294 213.8563 1.8384 0.6460 0.9558 -1.7246 1.0042 22.8507 -5.4913 0.1832
Cyclist -1 -1 -8.2131 782.1471 148.0526 909.8625 318.1185 1.8080 0.8641 1.6616 2.7700 1.4532 8.4916 -7.9125 0.1669
Pedestrian -1 -1 -7.2017 389.1985 176.6593 423.8582 234.1021 1.4846 0.5621 0.7245 -5.1859 1.3600 19.0070 -7.4699 0.1458
Pedestrian -1 -1 -7.9196 790.8221 169.3705 847.6914 310.9426 1.5854 0.5710 0.8754 2.5181 1.4502 8.5312 -7.6466 0.1396
Cyclist -1 -1 -7.8971 362.3347 166.5395 379.9001 222.6302 1.6420 0.4328 1.6143 -7.0477 1.2045 21.8610 -8.2106 0.1281
Pedestrian -1 -1 -7.6866 957.1948 167.6884 975.8143 209.5516 1.5914 0.5682 0.4992 14.0439 1.0667 27.6755 -7.2259 0.1199
Cyclist -1 -1 -7.7439 367.2129 166.0545 390.0677 223.7820 1.6874 0.4882 1.6924 -6.8005 1.2364 21.8743 -8.0471 0.1159
Cyclist -1 -1 -7.5780 368.9981 167.7517 402.0427 225.4015 1.6747 0.5364 1.6333 -6.5308 1.2758 21.6893 -7.8723 0.1159
Pedestrian -1 -1 -5.1127 523.3519 156.6537 554.4732 214.2434 1.7698 0.6560 0.9473 -2.0059 1.0067 22.6482 -5.2051 0.1124
Pedestrian -1 -1 -3.8608 592.3685 162.7267 612.4047 196.3938 1.7353 0.7590 0.7268 0.0419 0.7679 37.5506 -3.8646 0.1084
Cyclist -1 -1 -8.0944 947.7062 165.5043 973.8308 210.8370 1.7002 0.5245 1.5864 13.8559 1.1007 27.7721 -7.6405 0.0986
Cyclist -1 -1 -8.3173 954.0530 164.6384 990.4700 209.6517 1.6690 0.5415 1.6514 14.1336 1.0442 27.4617 -7.8509 0.0938
Cyclist -1 -1 -8.0165 534.5472 162.8151 551.3022 195.5462 1.7103 0.6214 1.6723 -3.1442 0.7342 38.4229 -8.1025 0.0917
Cyclist -1 -1 -2.4720 530.3659 161.3727 575.1359 211.7414 1.7778 0.6421 1.5543 -1.7952 1.0678 26.0559 -2.5451 0.0901
Cyclist -1 -1 -6.7516 950.5793 164.1279 1001.6273 209.6213 1.7147 0.6320 1.6155 14.2540 1.0603 27.3926 -6.2807 0.0868
Cyclist -1 -1 -5.2936 930.1150 164.4395 970.6838 208.2070 1.6535 0.6428 1.5882 13.5451 1.0093 27.9691 -4.8513 0.0865
Pedestrian -1 -1 -4.4322 953.2313 165.9026 971.4292 207.5743 1.5994 0.5356 0.4326 14.0004 1.0011 27.9097 -3.9761 0.0825
Pedestrian -1 -1 -3.9987 736.0250 156.7210 753.3650 195.2837 1.8302 0.6220 0.5289 6.8679 0.6544 34.5006 -3.8086 0.0820
Cyclist -1 -1 -6.1764 534.8525 164.0257 567.8029 197.4186 1.7453 0.6982 1.6736 -2.6445 0.8322 37.9212 -6.2505 0.0807
Pedestrian -1 -1 -3.4010 748.5235 157.6889 758.3469 190.9952 1.8461 0.5624 0.4022 8.4815 0.5265 40.1080 -3.1988 0.0768
Pedestrian -1 -1 -7.1869 536.5534 166.6975 547.4037 196.7172 1.6044 0.4897 0.3183 -3.2054 0.8134 38.6581 -7.2740 0.0767
Pedestrian -1 -1 -8.1234 964.7484 147.4957 1137.7496 373.0000 1.6178 0.6088 0.7787 2.4225 1.4484 4.0447 -7.6176 0.0755
Cyclist -1 -1 -8.4591 957.2100 162.9552 999.6475 208.5592 1.7015 0.6350 1.6030 14.4607 1.0100 27.6376 -7.9860 0.0739
Cyclist -1 -1 -7.5660 402.4684 174.0980 436.9572 229.9928 1.5085 0.4641 1.7816 -5.1429 1.3092 20.2850 -7.8165 0.0724
Pedestrian -1 -1 -6.1041 590.3295 163.7799 596.4365 192.8608 1.7726 0.4804 0.2962 -0.4906 0.6926 44.0460 -6.1201 0.0708
Cyclist -1 -1 -4.4110 597.5475 162.0805 617.8038 196.1826 1.7110 0.5828 1.6631 0.3225 0.7369 36.9220 -4.4073 0.0673
Pedestrian -1 -1 -9.2404 1132.5559 148.8362 1223.8418 313.6147 1.7290 0.6235 0.7035 6.3757 1.3870 8.0074 -8.5892 0.0624
Cyclist -1 -1 -7.8374 567.7369 166.7405 574.9721 194.1337 1.6467 0.4252 1.7044 -1.8377 0.7596 44.0409 -7.8838 0.0597
Cyclist -1 -1 -3.0856 511.9225 163.0144 553.4951 208.5606 1.7424 0.6066 1.5744 -2.6731 1.0356 27.8172 -3.1855 0.0596
Cyclist -1 -1 -8.1323 752.9049 154.4491 770.8655 189.9700 1.7496 0.4199 1.7025 8.0764 0.4174 36.2459 -7.9195 0.0581
Cyclist -1 -1 -7.8139 351.3275 166.0110 369.1774 223.7331 1.6956 0.4577 1.6517 -7.3919 1.2411 21.9584 -8.1402 0.0566
Cyclist -1 -1 -2.7024 526.7526 161.3150 560.9327 194.7653 1.7580 0.6606 1.6991 -3.0810 0.6973 38.3566 -2.7869 0.0541
Cyclist -1 -1 -4.5437 503.6225 165.2466 522.9712 206.5342 1.6949 0.5661 1.5459 -3.7221 1.0280 30.2729 -4.6700 0.0531
Cyclist -1 -1 -3.2229 497.6812 162.9002 536.1597 205.5622 1.7567 0.5991 1.5514 -3.5549 0.9911 30.0287 -3.3447 0.0529
Cyclist -1 -1 -8.8008 786.0543 81.2136 1131.1923 373.0000 1.9190 0.6990 1.6606 1.8753 1.4664 4.1374 -8.4047 0.0529
Cyclist -1 -1 -6.5508 927.5833 162.8006 976.7366 207.7630 1.7239 0.6470 1.6048 13.6348 1.0073 28.0017 -6.1064 0.0528
Cyclist -1 -1 -4.6083 532.4979 163.7147 550.4964 208.4645 1.6958 0.5560 1.4825 -2.3456 1.0222 27.9672 -4.6962 0.0527
Pedestrian -1 -1 -3.0328 1055.8885 147.4471 1128.0850 306.2501 1.6821 0.5053 0.6240 5.4141 1.3221 8.0019 -2.4585 0.0523
Cyclist -1 -1 -4.6365 589.1802 162.7236 602.3246 196.1998 1.7177 0.5727 1.7145 -0.2978 0.7545 37.7325 -4.6493 0.0520
Cyclist -1 -1 -6.0052 353.7997 167.0752 415.3775 224.5255 1.7014 0.6386 1.6632 -6.5391 1.2747 21.6081 -6.3009 0.0516
Cyclist -1 -1 -3.4009 912.5190 152.8600 1007.9727 233.3493 1.6809 0.6065 1.7375 7.6532 1.0834 15.4618 -2.9531 0.0511
Pedestrian -1 -1 -6.5995 821.2529 160.0709 897.6486 307.3234 1.6729 0.5587 0.6984 2.9678 1.4301 8.4424 -6.2767 0.0508
Pedestrian -1 -1 -6.9046 940.1736 63.7955 1237.0000 373.0000 1.9049 0.6207 0.7785 1.7317 1.5297 2.6392 -6.3740 0.0506
Pedestrian -1 -1 -4.3142 772.7863 155.4248 792.4415 196.1009 1.7808 0.6625 0.6135 8.0290 0.6395 31.8922 -4.0744 0.0501
Car -1 -1 -4.5855 609.7280 167.3222 657.9932 202.7392 1.4224 1.6212 3.8199 1.4351 0.8533 30.8676 -4.5444 0.8050
Car -1 -1 -4.6245 561.6141 170.2546 591.2496 194.6149 1.4408 1.5388 3.5518 -1.5036 0.7758 44.2987 -4.6631 0.3113
Car -1 -1 -8.0536 529.2108 167.8034 569.0853 195.0548 1.4181 1.5057 3.4036 -2.8996 0.7056 39.2244 -8.1318 0.2143
Car -1 -1 -4.7860 1067.6405 162.6951 1237.0000 301.1886 1.4176 1.5211 3.5854 6.9382 1.2258 9.2788 -4.1627 0.1232
Car -1 -1 -4.5239 418.9539 177.2343 478.2458 219.2629 1.3575 1.4517 3.1094 -5.2319 1.2202 24.7734 -4.7350 0.1199
Car -1 -1 -8.7405 0.0000 0.0000 1237.0000 373.0000 1.7686 1.6717 3.9791 1.8151 1.6291 0.9528 -7.7674 0.1087
Car -1 -1 -7.9180 603.6865 162.7468 630.9664 187.6179 1.6068 1.5716 3.7648 1.0425 0.3953 48.3254 -7.9014 0.0996
Car -1 -1 -7.8334 792.4416 166.5734 940.8217 311.9547 1.5493 1.5339 3.3873 3.4308 1.3909 9.5093 -7.5015 0.0923
Car -1 -1 -7.8815 864.5007 164.4424 1211.1520 373.0000 1.5497 1.5224 3.1257 2.7673 1.4710 5.0855 -7.4104 0.0833
Car -1 -1 -4.1040 267.0955 171.4466 393.9689 227.3977 1.4648 1.5833 3.7391 -7.7386 1.2021 20.8140 -4.4610 0.0817
Car -1 -1 -4.9101 867.5968 160.5269 982.3647 237.3024 1.5219 1.5922 3.6925 7.1051 1.1068 16.2092 -4.5081 0.0763
Car -1 -1 -5.4211 1179.8374 142.8932 1237.0000 335.7352 1.5231 1.6396 4.0801 8.5328 1.2189 7.7856 -4.6118 0.0614
Car -1 -1 -3.5500 513.9651 166.8268 602.7177 196.3008 1.4356 1.6767 4.2067 -2.1967 0.7211 36.6927 -3.6143 0.0541
Car -1 -1 -7.6489 585.7946 168.3490 625.5686 194.2695 1.4805 1.6091 4.1051 0.3074 0.7295 43.2028 -7.6468 0.0540
Car -1 -1 -7.2231 1118.8842 147.1132 1237.0000 373.0000 1.4977 1.6356 4.3325 5.0717 1.3823 3.2776 -6.2674 0.0528
Car -1 -1 -7.9117 759.2449 153.9453 797.3794 189.2321 1.7090 1.6629 3.3871 8.9559 0.3747 36.6022 -7.6782 0.0523
