Cyclist -1 -1 -4.3657 338.2925 172.0587 424.9598 309.0556 1.7619 0.5486 1.9069 -3.2421 1.7514 10.2450 -4.6657 0.9105
Pedestrian -1 -1 -4.3635 1212.1323 135.7528 1241.0000 232.3954 1.8625 0.5710 0.5370 12.3391 1.1472 14.2863 -3.6614 0.1029
Cyclist -1 -1 -7.9874 750.8397 171.2068 766.9312 214.8510 1.6418 0.3949 1.5887 5.7129 1.5795 27.9484 -7.7884 0.0950
Pedestrian -1 -1 -4.7821 868.6320 153.8045 900.7059 238.3419 1.7980 0.5948 0.7936 5.9558 1.3925 15.8105 -4.4286 0.0777
Pedestrian -1 -1 -6.2003 716.4232 170.7890 725.7700 191.1285 1.8145 0.4361 0.7953 9.9362 1.6300 64.6744 -6.0489 0.0760
Pedestrian -1 -1 -8.0744 1154.4142 170.6737 1241.0000 317.2357 1.4858 0.6069 0.7995 6.3068 1.4633 7.8054 -7.4136 0.0747
Car -1 -1 -3.6312 927.1447 172.6802 1237.7511 257.7187 1.3755 1.5568 4.3267 7.9903 1.3723 12.5878 -3.0766 0.0673
Car -1 -1 -5.3033 1041.0138 171.2453 1217.3582 236.2701 1.3153 1.4815 3.5468 11.5151 1.2825 16.3784 -4.6993 0.0669
Car -1 -1 -4.1051 1225.0625 144.8192 1241.0000 369.6808 1.5292 1.6185 4.1061 7.6077 1.3383 5.8653 -3.2153 0.0566
Pedestrian -1 -1 -2.6682 215.7519 165.5188 258.4741 251.0094 1.9560 0.6365 0.6676 -8.7386 1.7879 16.8270 -3.1411 0.0566
Car -1 -1 -7.9144 563.3217 162.0331 584.4764 187.3667 2.3312 1.7358 4.5363 -3.4914 1.3352 68.7459 -7.9653 0.0554
Car -1 -1 -5.0706 606.2054 173.9850 651.3317 197.8441 1.5462 1.6837 4.2594 1.1951 1.6267 49.2638 -5.0469 0.0528
Car -1 -1 -4.5184 550.5040 174.9078 586.5140 200.0467 1.5795 1.6361 4.0320 -2.7340 1.7213 47.7894 -4.5756 0.0521
Pedestrian -1 -1 -8.3191 755.6798 157.6568 792.2250 232.1026 1.9145 0.5728 0.9502 4.2766 1.5234 19.0867 -8.1026 0.6713
Cyclist -1 -1 -6.6466 863.4377 159.9615 964.1204 244.5110 1.7005 0.6321 1.8030 6.1748 1.4409 14.8485 -6.2602 0.1635
Pedestrian -1 -1 -5.9987 660.7197 169.4675 674.6776 196.8114 1.7981 0.5955 0.7883 3.7960 1.5751 47.8654 -5.9205 0.1067
Pedestrian -1 -1 -7.4421 670.1693 171.3468 681.4636 196.6047 1.7634 0.5826 0.6463 4.6036 1.6579 50.7979 -7.3527 0.0965
Cyclist -1 -1 -7.7859 700.3677 172.1586 709.2992 202.5737 1.6589 0.3902 1.5901 5.2467 1.6206 40.1709 -7.6575 0.0804
Pedestrian -1 -1 -3.8396 880.6382 166.5825 922.7335 247.8971 1.6495 0.5617 0.5866 6.0044 1.5220 14.9964 -3.4663 0.0778
Pedestrian -1 -1 -3.3865 782.3451 161.7183 815.5781 229.1836 1.7766 0.5551 0.7438 4.9923 1.4831 19.2798 -3.1375 0.0685
Cyclist -1 -1 -8.0437 734.1520 169.7653 749.7350 207.5396 1.6795 0.3964 1.6073 5.9631 1.5419 32.8871 -7.8664 0.0624
Cyclist -1 -1 -7.8023 744.3351 169.7464 754.8726 202.6582 1.6961 0.4682 1.6003 7.3218 1.5356 38.0165 -7.6139 0.0580
Cyclist -1 -1 -7.5895 684.3232 171.9328 708.4614 218.1462 1.7611 0.5200 1.7074 3.3654 1.7257 28.3850 -7.4733 0.0548
Pedestrian -1 -1 -4.8709 867.2085 168.2418 901.5947 246.9958 1.6003 0.5654 0.6672 5.6591 1.5063 15.0437 -4.5182 0.0542
Cyclist -1 -1 -7.6613 663.2612 170.6468 676.8770 197.7558 1.7633 0.6003 1.6339 3.9531 1.6194 47.8003 -7.5798 0.0507
Cyclist -1 -1 -7.9804 741.3267 169.0043 754.7233 206.9677 1.6832 0.3948 1.5859 6.2236 1.5122 32.7936 -7.7950 0.0501
Car -1 -1 -4.4781 462.3181 180.1218 527.0332 220.5362 1.4857 1.6574 4.2877 -4.6692 1.8049 29.5185 -4.6341 0.9502
Car -1 -1 -4.2796 105.8020 191.4003 368.0439 325.0723 1.4682 1.6951 4.3054 -5.1881 1.7981 10.6858 -4.7225 0.9273
Car -1 -1 -7.8167 663.7267 175.6269 704.5230 213.7676 1.5388 1.6339 3.5094 3.2111 1.6656 31.2295 -7.7158 0.8116
Car -1 -1 -7.6968 678.6640 173.1274 717.8424 201.7615 1.5652 1.6399 4.0301 5.1034 1.5815 41.6440 -7.5762 0.2441
Car -1 -1 -4.4777 632.2908 173.1696 657.8368 189.7585 1.5429 1.6014 3.8495 3.3745 1.5738 69.2575 -4.4296 0.2012
Car -1 -1 -7.8656 742.3404 170.4734 778.9023 206.9601 1.6174 1.5940 3.6852 7.0096 1.5116 33.9451 -7.6642 0.1120
Car -1 -1 -4.6181 708.3884 171.2974 744.9577 201.5747 1.6282 1.6817 4.0762 6.6348 1.5442 40.9848 -4.4592 0.0920
Car -1 -1 -8.4406 1042.3014 147.5123 1189.0507 207.6959 1.5349 1.6214 3.5808 13.9240 0.8883 20.1999 -7.8439 0.0843
