Pedestrian -1 -1 -4.3566 229.9264 181.2784 277.6436 284.8598 1.8590 0.6012 0.6524 -6.6385 2.0188 13.3610 -4.8104 0.1121
Car -1 -1 -7.4976 319.5864 175.3329 409.9562 229.8060 1.8441 1.7430 4.3985 -9.0378 1.9437 26.8569 -7.8197 0.0973
Pedestrian -1 -1 -2.1257 202.3725 208.5573 251.2555 310.9728 1.4274 0.4171 0.5326 -5.6789 1.9668 10.5912 -2.6081 0.0926
Pedestrian -1 -1 -5.8964 213.8967 179.8604 239.9974 263.8732 1.9522 0.5126 0.3796 -9.1174 2.1205 17.0858 -6.3806 0.0881
Pedestrian -1 -1 -4.1980 73.6224 218.9028 142.1576 346.2579 1.3247 0.3746 0.6058 -5.6455 1.8586 8.0520 -4.7944 0.0756
Pedestrian -1 -1 -3.9136 313.8961 178.2872 351.5650 245.0737 1.9007 0.6317 0.8217 -8.1597 2.0632 21.1222 -4.2786 0.0754
Pedestrian -1 -1 -5.2606 802.8874 169.6442 844.7287 253.3782 1.9104 0.6058 0.8072 4.9565 1.8369 16.9317 -4.9815 0.0714
Pedestrian -1 -1 -4.9790 682.9636 169.5050 698.5353 205.7789 1.9641 0.6256 0.9224 4.3863 1.7824 39.5722 -4.8700 0.0673
Pedestrian -1 -1 -6.5490 417.9070 180.2152 442.5399 227.2794 1.8242 0.7193 0.7870 -7.1804 2.1212 28.6310 -6.7931 0.0666
Car -1 -1 -4.4889 503.3557 186.7001 536.8334 209.3537 1.5175 1.5715 4.1125 -6.5951 2.5761 53.0563 -4.6125 0.0661
Pedestrian -1 -1 -4.7108 768.9966 167.6936 793.7252 237.5179 1.9233 0.6651 0.8011 4.7774 1.7809 20.3403 -4.4841 0.0657
Pedestrian -1 -1 -4.7878 394.1961 190.1474 416.5621 244.7056 1.5112 0.5724 0.5729 -5.8903 2.0131 20.5864 -5.0637 0.0632
Pedestrian -1 -1 -5.9852 561.7480 184.5622 574.8489 207.1444 1.6350 0.6246 0.8148 -3.0943 2.5022 53.0567 -6.0437 0.0608
Cyclist -1 -1 -7.7417 309.1788 198.5051 388.3502 340.0372 1.5305 0.7313 1.7888 -3.2998 1.8877 9.1022 -8.0813 0.0599
Car -1 -1 -7.9937 0.0000 203.6880 1049.2494 374.0000 1.4617 1.6223 4.0580 -1.2187 1.6508 2.2943 -8.4393 0.0567
Car -1 -1 -4.7634 572.0978 179.5417 599.8232 205.5409 1.6535 1.6681 4.1335 -1.7068 2.1282 49.1162 -4.7985 0.0563
Car -1 -1 -4.8599 555.3796 185.0166 578.8038 202.8260 1.4966 1.5806 3.7322 -3.9349 2.6312 65.3398 -4.9203 0.0553
Cyclist -1 -1 -7.6976 413.9898 183.3678 431.6985 222.0086 1.7348 0.5302 1.7957 -8.8008 2.2406 33.8129 -7.9508 0.0535
Cyclist -1 -1 -5.8799 331.9938 183.6747 392.2298 246.6516 1.7829 0.5328 1.5638 -7.2077 2.1003 20.8610 -6.2093 0.2837
Cyclist -1 -1 -2.6347 548.8535 181.8779 573.8074 206.5652 1.7781 0.6302 1.7457 -3.6133 2.4502 53.1056 -2.7029 0.2367
Cyclist -1 -1 -7.7705 420.7308 188.2654 432.0469 224.5192 1.5903 0.3769 1.5358 -8.4613 2.3141 33.1100 -8.0193 0.1701
Pedestrian -1 -1 -3.4756 347.3056 190.0269 374.6007 245.4210 1.5354 0.5679 0.5851 -7.1791 2.0362 20.6534 -3.8067 0.1530
Pedestrian -1 -1 -2.0855 168.5072 212.0053 204.1814 294.5680 1.3770 0.3805 0.4171 -7.4272 2.0728 12.5590 -2.6108 0.1482
Pedestrian -1 -1 -4.8242 223.9406 198.9754 255.3782 279.4608 1.6834 0.5399 0.7071 -8.1771 2.2720 15.8230 -5.2949 0.1447
Car -1 -1 -8.0961 548.4395 183.1679 575.2110 204.8803 1.5415 1.4903 2.2551 -3.6346 2.3283 53.7632 -8.1638 0.0983
Cyclist -1 -1 -8.3930 552.0269 181.1999 569.5541 205.3652 1.7469 0.5394 1.6233 -3.6877 2.3755 53.5474 -8.4619 0.0965
Pedestrian -1 -1 -4.4551 317.6397 185.2836 346.1936 248.3364 1.7795 0.5975 0.7651 -8.1109 2.1470 20.9383 -4.8210 0.0790
Pedestrian -1 -1 -4.0035 52.1614 234.9612 101.8756 324.3470 1.0907 0.3462 0.3873 -6.9198 1.9087 9.2997 -4.6298 0.0761
Cyclist -1 -1 -8.2763 557.3302 181.4325 572.4721 205.5457 1.7436 0.4807 1.6656 -3.3877 2.3909 53.6251 -8.3396 0.0718
Pedestrian -1 -1 -4.4501 393.2552 202.7429 428.3858 290.1441 1.3882 0.4584 0.4333 -3.3146 1.8869 11.8275 -4.7185 0.0565
Pedestrian -1 -1 -2.2196 171.0292 205.1504 209.6802 292.9709 1.4991 0.4149 0.4345 -7.4932 2.0839 12.7952 -2.7408 0.0536
Cyclist -1 -1 -7.3001 315.1312 186.3265 365.4829 249.2906 1.7060 0.5308 1.7263 -7.8086 2.1115 20.8329 -7.6551 0.0515
Cyclist -1 -1 -4.2696 301.9822 196.2658 410.5603 347.8460 1.6001 0.5544 1.7129 -3.0797 1.9131 8.7716 -4.5991 0.0502
Car -1 -1 -4.4969 395.3810 195.7470 516.6010 278.3055 1.3525 1.6068 3.9851 -3.0747 1.8896 14.9361 -4.6974 0.9675
Car -1 -1 -8.2371 771.9673 189.5606 1213.7035 374.0000 1.5075 1.6444 4.2034 2.6689 1.7030 6.3510 -7.8573 0.9626
Car -1 -1 -8.1144 690.3621 192.1123 862.7133 307.6870 1.4023 1.5803 4.0701 2.3695 1.7653 11.5297 -7.9180 0.9101
Car -1 -1 -7.8773 634.2377 181.9868 663.9407 209.4939 1.4735 1.6204 3.9519 2.1964 2.0298 41.9761 -7.8260 0.8157
Car -1 -1 -4.7249 523.1297 185.8301 556.9963 217.4765 1.4317 1.6103 4.0681 -3.6045 2.1254 36.4835 -4.8233 0.6457
Car -1 -1 -8.6393 0.0000 0.0000 1241.0000 374.0000 1.5549 1.6178 3.6743 2.3138 1.6526 1.5512 -7.7442 0.6171
Car -1 -1 -7.0422 0.0000 0.0000 1241.0000 374.0000 1.4504 1.6298 3.9009 -2.7803 1.7573 1.6078 -8.0167 0.5743
Car -1 -1 -4.5356 501.9111 186.4462 530.8577 208.5091 1.4878 1.5139 3.4217 -6.8147 2.5103 52.5508 -4.6644 0.4734
Car -1 -1 -7.9126 553.6641 182.8994 577.7072 205.2223 1.5793 1.5977 3.7488 -3.4216 2.3686 54.7645 -7.9752 0.2586
Car -1 -1 -4.4333 385.5804 191.2415 443.9895 225.6084 1.4155 1.6439 3.7967 -9.0770 2.3222 33.6776 -4.6951 0.1819
Car -1 -1 -4.6622 563.3531 185.7970 583.2473 203.0904 1.4582 1.6239 3.5685 -3.3189 2.6612 65.2965 -4.7132 0.1774
Car -1 -1 -8.3116 587.3713 180.2504 636.0418 205.8920 1.6369 1.6817 4.1349 0.0353 2.1676 49.5733 -8.3114 0.1607
Car -1 -1 -4.5470 513.8408 182.1613 540.4090 202.2760 1.6328 1.6312 4.1556 -7.1820 2.4679 62.6468 -4.6611 0.1184
Car -1 -1 -7.9126 629.3472 178.7796 658.4390 206.0340 1.7570 1.7367 4.3153 2.2561 2.1821 49.6277 -7.8680 0.1032
Car -1 -1 -4.5370 535.2676 182.0229 570.1260 206.8831 1.6033 1.6939 4.3757 -3.9881 2.2729 50.4589 -4.6159 0.0747
Car -1 -1 -9.4536 0.0000 0.0000 1241.0000 374.0000 1.6379 1.6110 3.9558 5.2864 1.6106 1.7837 -8.2577 0.0623
Car -1 -1 -4.7928 577.6885 181.5828 605.4775 205.1391 1.6657 1.7638 4.3237 -1.4702 2.3571 54.9287 -4.8200 0.0561
