Cyclist -1 -1 -7.8214 658.8964 158.9024 688.8116 251.1315 1.8550 0.5860 1.7525 1.4456 1.4209 15.1270 -7.7264 0.9229
Pedestrian -1 -1 -4.2463 158.7084 160.6995 251.5092 307.3672 1.8243 0.7135 0.9242 -5.2637 1.5784 9.2686 -4.7465 0.8818
Pedestrian -1 -1 -8.6095 716.2587 162.5830 732.6556 192.7240 1.8845 0.6607 0.7895 7.5471 0.7644 44.7194 -8.4418 0.2085
Pedestrian -1 -1 -4.7785 1029.7422 138.7917 1055.5876 207.3669 1.9589 0.5965 0.6137 12.7106 0.7678 20.6075 -4.2309 0.2047
Pedestrian -1 -1 -3.6122 900.4666 144.9765 966.2675 248.1631 1.8437 0.5154 0.9599 5.9383 1.2094 12.9133 -3.1887 0.1874
Pedestrian -1 -1 -6.1979 511.7057 173.6048 523.0216 197.6471 1.6744 0.5717 0.7403 -6.1382 1.1942 49.5397 -6.3187 0.1463
Car -1 -1 -8.4950 908.7387 165.7003 989.3994 198.8060 1.4217 1.4723 3.5344 15.5752 0.7864 32.2402 -8.0472 0.1141
Pedestrian -1 -1 -4.0054 475.4212 166.1194 492.6516 200.7641 1.9566 0.6366 0.7494 -6.9249 1.1446 40.4171 -4.1720 0.1019
Cyclist -1 -1 -4.3940 373.6725 172.9211 394.2352 205.1157 1.6799 0.5556 1.6482 -11.7972 1.2846 37.7231 -4.6930 0.0797
Pedestrian -1 -1 -7.5650 698.8742 170.4215 710.3037 200.9095 1.6955 0.5514 0.3702 5.5653 1.1351 39.6026 -7.4249 0.0761
Car -1 -1 -4.4267 553.2135 172.2857 584.3193 190.5422 1.5573 1.6178 4.2247 -3.1482 0.8565 62.5550 -4.4750 0.0731
Pedestrian -1 -1 -3.6899 1027.3224 152.8785 1040.7087 188.4346 1.9311 0.5142 0.4179 23.4404 0.4311 38.6594 -3.1467 0.0682
Pedestrian -1 -1 -5.0085 807.8851 152.1441 826.6550 195.5159 1.9570 0.6708 0.6030 9.6424 0.6777 32.2072 -4.7185 0.0668
Pedestrian -1 -1 -6.9735 456.7748 176.7299 487.8140 234.9761 1.5823 0.5869 0.6142 -3.7227 1.4802 19.6309 -7.1562 0.0645
Car -1 -1 -4.6387 123.3564 175.5391 150.2271 194.5914 1.6233 1.6682 4.0879 -41.2849 1.2005 62.4327 -5.2189 0.0636
Car -1 -1 -8.9397 1012.6862 152.7996 1077.8888 176.3971 1.7063 1.6758 3.8876 33.5474 -0.3253 53.9573 -8.3844 0.0621
Car -1 -1 -7.5545 536.2366 170.3032 573.7313 193.3704 1.6867 1.6658 4.2599 -3.7622 0.9411 53.9659 -7.6220 0.0611
Pedestrian -1 -1 -7.3116 1179.3218 155.6473 1220.6289 223.2234 1.7412 0.6359 0.5582 15.6143 1.1012 18.6110 -6.6203 0.0577
Pedestrian -1 -1 -3.5653 674.8154 159.6495 697.8284 202.5287 1.9279 0.6379 0.8548 3.6806 0.9906 32.2241 -3.4509 0.0561
Cyclist -1 -1 -5.1034 1174.4407 147.9716 1223.0000 243.7861 1.6466 0.4753 1.5372 11.0316 1.0879 12.9551 -4.4084 0.0551
Car -1 -1 -2.1655 122.6923 179.7434 188.8297 206.2049 1.8124 1.7613 4.4823 -31.8590 1.7606 50.1359 -2.7271 0.0549
Cyclist -1 -1 -4.3356 497.6167 171.2073 526.4732 219.6408 1.7358 0.5426 1.4987 -3.4530 1.4030 26.1327 -4.4637 0.0538
Car -1 -1 -4.2701 229.6049 184.2456 278.5654 204.9650 1.4196 1.6739 3.8440 -25.2796 1.7004 51.0734 -4.7256 0.0527
Car -1 -1 -4.7224 995.6378 153.6193 1022.3531 177.9574 1.7169 1.6630 3.8174 29.8999 -0.1958 52.3839 -4.2046 0.0522
Cyclist -1 -1 -5.2744 1105.8621 152.4934 1206.6036 259.1820 1.6175 0.5191 1.5684 8.8761 1.1933 11.5222 -4.6296 0.0512
Cyclist -1 -1 -4.5603 547.0891 167.2959 566.9789 207.9966 1.8139 0.6520 1.7417 -2.2093 1.2256 32.4072 -4.6260 0.7952
Pedestrian -1 -1 -7.8828 704.6888 159.9552 726.2843 225.8131 1.9014 0.6006 0.9381 3.2231 1.3085 20.9154 -7.7305 0.7290
Pedestrian -1 -1 -3.5408 464.1295 165.2926 478.0464 205.3410 1.9474 0.5347 0.5044 -6.6006 1.2081 34.7431 -3.7251 0.3213
Pedestrian -1 -1 -7.6462 257.7518 171.8227 278.2779 217.1455 1.8580 0.6752 0.5155 -13.9934 1.5025 29.3145 -8.0856 0.2602
Pedestrian -1 -1 -5.1990 631.5001 167.9876 641.7082 190.4407 1.8917 0.5514 0.8102 2.6958 0.8374 60.0527 -5.1527 0.1875
Pedestrian -1 -1 -6.3726 846.8118 161.5624 874.4252 209.8169 1.6884 0.5810 0.8718 9.0453 1.0260 25.1295 -6.0293 0.1637
Cyclist -1 -1 -2.5183 126.5403 185.0492 161.1922 216.1410 1.8721 0.5910 1.7535 -28.0539 2.1511 43.0105 -3.0914 0.1423
Pedestrian -1 -1 -4.1860 527.5727 169.9248 543.1390 203.9072 1.7768 0.6465 0.5157 -3.6930 1.2240 37.3388 -4.2821 0.1422
Cyclist -1 -1 -2.3058 155.0852 171.5787 199.6797 213.6689 1.8197 0.7319 1.7058 -18.8714 1.4342 31.1683 -2.8440 0.1405
Pedestrian -1 -1 -5.8599 879.0435 163.5907 910.8256 217.1482 1.6443 0.5685 0.7564 9.0564 1.1254 22.1771 -5.4755 0.1387
Pedestrian -1 -1 -3.1457 644.6588 169.9298 654.9519 191.1913 1.7907 0.4739 0.8655 3.8023 0.9004 59.8137 -3.0809 0.1372
Pedestrian -1 -1 -5.2758 1071.6423 145.4297 1097.6853 191.9771 1.9144 0.6763 0.6046 19.9071 0.4722 29.3916 -4.6838 0.1365
Pedestrian -1 -1 -5.5445 862.1010 166.3000 892.1852 215.8628 1.6166 0.5576 0.7544 9.0158 1.1537 23.5242 -5.1813 0.1363
Pedestrian -1 -1 -7.3842 527.1129 167.1664 547.0256 206.5027 1.8962 0.7712 0.6181 -3.3337 1.2536 34.5125 -7.4779 0.1350
Cyclist -1 -1 -6.3298 1049.6462 152.5318 1100.4935 193.9401 1.7068 0.7026 1.7551 19.8219 0.5542 29.8943 -5.7474 0.1314
Pedestrian -1 -1 -7.5624 1061.5442 154.6741 1083.9664 196.0181 1.7200 0.6507 0.5829 19.7218 0.6458 29.8517 -6.9818 0.1311
Pedestrian -1 -1 -5.5849 120.1037 176.9639 143.5026 216.4061 1.8262 0.6413 0.6502 -22.1647 1.6627 33.0930 -6.1689 0.1296
Cyclist -1 -1 -6.4765 841.3578 162.0580 876.8168 195.0243 1.7949 0.6493 1.7444 13.9712 0.7909 38.9485 -6.1330 0.1161
Pedestrian -1 -1 -4.5071 901.5738 172.5195 922.2764 221.8888 1.4077 0.4435 0.5893 8.8754 1.1805 20.5295 -4.1029 0.1076
Pedestrian -1 -1 -6.0244 114.9298 188.9356 135.0095 222.3645 1.8231 0.6521 0.7792 -26.6319 2.2963 39.2157 -6.6157 0.1075
Pedestrian -1 -1 -7.5026 823.2955 159.8280 839.9599 205.1388 1.8108 0.5478 0.3696 9.1296 0.9849 28.5701 -7.1948 0.0933
Cyclist -1 -1 -3.7726 891.9787 165.5330 958.7066 224.1002 1.6586 0.6402 1.7199 9.2513 1.2351 20.5170 -3.3531 0.0858
Pedestrian -1 -1 -5.3979 231.5217 177.7813 242.2584 211.6476 1.7852 0.4643 0.2305 -19.5536 1.6420 37.5295 -5.8731 0.0818
Pedestrian -1 -1 -5.4442 146.2532 177.2368 167.9723 213.5787 1.8271 0.6487 0.6753 -22.7887 1.6632 35.9518 -6.0035 0.0809
Cyclist -1 -1 -8.2474 819.1734 161.8823 848.6161 206.4887 1.7347 0.5066 1.6945 9.1367 1.0109 28.3621 -7.9373 0.0696
Cyclist -1 -1 -4.0769 274.0839 176.7722 307.1542 212.2459 1.5733 0.5386 1.5820 -14.3187 1.4082 32.1891 -4.4901 0.0694
Pedestrian -1 -1 -8.0829 1058.2869 154.8057 1082.5131 196.1752 1.7067 0.7055 0.6941 19.4602 0.6469 29.6161 -7.5048 0.0668
Cyclist -1 -1 -8.3267 857.4809 163.1051 896.4080 216.3802 1.6883 0.4666 1.6959 8.8951 1.1373 23.2751 -7.9645 0.0667
Pedestrian -1 -1 -7.4017 168.1180 172.3031 190.2792 214.3713 1.8416 0.6463 0.5896 -18.8521 1.4829 31.2725 -7.9381 0.0638
Cyclist -1 -1 -2.3965 139.5729 171.0541 184.5413 211.8998 1.7890 0.6755 1.6894 -19.7267 1.3754 31.4595 -2.9503 0.0589
Pedestrian -1 -1 -7.0359 841.0375 163.1276 865.9621 208.6647 1.6921 0.6873 0.5719 9.3513 1.0468 26.7024 -6.7011 0.0562
Cyclist -1 -1 -6.6767 824.3580 167.7360 879.4282 210.4418 1.5876 0.8015 1.7951 9.2937 1.1133 26.7394 -6.3442 0.0558
Pedestrian -1 -1 -7.8377 910.7087 166.0642 932.3010 222.0143 1.5757 0.5580 0.7472 9.0816 1.1694 20.3683 -7.4223 0.0524
Cyclist -1 -1 -8.4517 815.8102 165.3669 852.3143 209.0208 1.6335 0.5160 1.6160 8.7985 1.0674 27.3045 -8.1417 0.0522
Cyclist -1 -1 -5.3074 797.2621 157.5329 850.7815 225.2776 1.7731 0.5437 1.6832 5.9397 1.1723 19.3905 -5.0130 0.0515
Cyclist -1 -1 -7.6152 845.2620 160.5573 869.6897 207.0341 1.7359 0.5197 1.6334 9.7049 0.9913 27.2341 -7.2749 0.0502
Pedestrian -1 -1 -7.9068 148.9710 180.2242 165.7248 214.1402 1.7159 0.6967 0.6122 -22.9521 1.7021 36.2231 -8.4660 0.0501
Car -1 -1 -6.9143 917.9300 163.9039 1223.0000 310.0922 1.4526 1.6166 3.8223 5.6996 1.2881 7.8754 -6.3050 0.9328
Car -1 -1 -6.4947 717.0007 166.3500 846.9255 211.0688 1.6153 1.7074 4.4508 6.5070 1.1044 26.4562 -6.2545 0.8602
Car -1 -1 -3.7895 66.9402 192.7996 155.5221 224.4968 1.5971 1.6908 3.7769 -27.3497 2.3163 39.2807 -4.3925 0.1417
Car -1 -1 -5.0582 1148.9343 152.3441 1215.8293 182.3542 1.6176 1.6778 4.0007 32.7742 0.1001 40.2752 -4.3774 0.1351
Car -1 -1 -3.7361 1028.9169 159.5057 1106.1976 185.6189 1.5410 1.5727 3.6341 27.7809 0.3022 42.5423 -3.1593 0.1280
Car -1 -1 -3.5106 873.9177 164.6721 955.9019 190.3314 1.5129 1.6500 4.2101 18.6099 0.5798 42.5998 -3.0998 0.1032
Car -1 -1 -4.0858 1186.2689 131.4763 1223.0000 369.0000 1.5692 1.5785 3.9228 6.9687 1.2556 5.4395 -3.2043 0.0819
Car -1 -1 -5.5430 799.9175 157.2331 857.6860 180.6634 1.6177 1.5902 3.9124 16.0629 0.0113 50.9094 -5.2373 0.0811
Car -1 -1 -8.1256 821.4198 167.6073 886.6346 207.5169 1.4901 1.5693 3.4233 9.8077 1.0090 28.1565 -7.7922 0.0784
Car -1 -1 -8.2007 821.3113 166.7919 872.4382 194.7727 1.5387 1.5901 3.7757 13.8726 0.7850 40.7846 -7.8735 0.0784
Car -1 -1 -7.0415 925.6294 167.4133 1103.8627 228.4077 1.4485 1.6115 3.9124 10.3751 1.1380 18.0424 -6.5255 0.0711
Car -1 -1 -7.9068 138.9537 178.2683 184.3298 213.0961 1.4845 1.5746 3.4519 -20.1224 1.3896 32.0039 -8.4619 0.0701
Car -1 -1 -7.4957 125.8262 190.4909 189.3226 221.7708 1.5963 1.6898 4.0049 -24.9595 2.1857 39.5726 -8.0533 0.0553
Car -1 -1 -7.4029 1223.0000 125.9005 1223.0000 369.0000 1.4992 1.5824 3.9726 5.7535 1.3265 3.2286 -6.3835 0.0547
