Pedestrian -1 -1 -5.2213 656.9186 185.4311 673.0378 217.4092 1.3833 0.4941 0.5692 2.3832 1.9447 31.8598 -5.1481 0.0884
Car -1 -1 -4.3246 544.6625 181.5071 583.7357 201.8755 1.5108 1.6750 4.1424 -3.6402 2.2286 57.6449 -4.3879 0.0826
Car -1 -1 -4.3518 143.0708 183.5984 238.7028 228.8322 1.5084 1.7075 4.3135 -15.8122 1.9499 27.4022 -4.8712 0.0755
Pedestrian -1 -1 -7.4569 71.0007 174.0492 93.3596 211.2805 1.8835 0.6687 0.7959 -27.0952 1.9452 36.9953 -8.0857 0.0755
Car -1 -1 -4.9542 1020.6459 187.2063 1087.9698 224.9587 1.4102 1.5889 3.5055 18.5337 2.0508 30.3135 -4.4103 0.0729
Pedestrian -1 -1 -7.6167 135.4753 173.5335 155.4492 212.8061 1.9708 0.6900 0.7773 -23.6644 2.0055 36.7051 -8.1862 0.0642
Car -1 -1 -4.9297 729.4979 181.0914 768.2742 206.9767 1.5536 1.6423 3.8837 8.8701 2.1069 46.5243 -4.7430 0.0577
Car -1 -1 -4.9864 781.6886 183.2479 811.6846 202.0049 1.5718 1.6120 3.8248 16.6350 2.5289 64.5338 -4.7357 0.0574
Car -1 -1 -7.9102 553.6371 172.8926 575.7667 198.5650 2.3067 1.7881 4.7647 -4.2815 2.3102 67.3118 -7.9739 0.0548
Car -1 -1 -4.6336 942.1133 191.9035 974.0743 217.2828 1.5274 1.6421 4.2295 23.6526 2.8807 49.0294 -4.1871 0.0543
Car -1 -1 -5.2021 748.8563 182.0769 785.9365 199.5119 1.5822 1.7483 4.1862 15.2295 2.5069 70.1130 -4.9896 0.0527
Car -1 -1 -4.8145 695.5856 184.2158 719.6329 201.7125 1.4405 1.7215 3.7804 8.5764 2.4750 63.8054 -4.6820 0.0504
Car -1 -1 -3.7509 700.9659 182.0249 793.3605 215.8500 1.5152 1.6502 4.1930 6.5841 1.9779 34.8129 -3.5662 0.0502
Cyclist -1 -1 -7.1065 1135.8612 161.2112 1209.6998 220.8376 1.7515 0.6941 1.8370 16.8606 1.4092 21.6919 -6.4527 0.2003
Pedestrian -1 -1 -8.0510 1151.8519 164.7190 1186.2972 220.6815 1.6577 0.6963 0.6959 16.8615 1.4164 21.8387 -7.4003 0.1866
Cyclist -1 -1 -7.5903 245.1214 182.2360 257.7202 208.1799 1.6324 0.3309 1.5759 -23.2785 2.2510 46.7879 -8.0499 0.1166
Cyclist -1 -1 -7.5841 656.2586 180.6973 674.9368 217.3087 1.5709 0.4068 1.6605 2.4459 1.9296 32.1745 -7.5096 0.1040
Pedestrian -1 -1 -7.4262 242.6527 181.9974 258.4594 207.5514 1.6350 0.7558 0.5476 -23.2735 2.2296 46.6572 -7.8869 0.1040
Pedestrian -1 -1 -5.4089 225.6456 177.1781 244.2121 208.8288 1.8818 0.6434 0.7784 -22.6290 2.1446 43.4674 -5.8866 0.0966
Pedestrian -1 -1 -5.5440 656.2993 184.6798 673.3747 217.1411 1.4042 0.4948 0.5662 2.3783 1.9322 31.8607 -5.4709 0.0872
Cyclist -1 -1 -7.7280 244.1387 178.7619 253.8571 206.3551 1.7541 0.3618 1.6436 -23.5739 2.1460 47.0618 -8.1904 0.0870
Cyclist -1 -1 -7.5408 164.7201 181.7603 184.7917 214.1783 1.6493 0.4389 1.5729 -22.9331 2.1277 37.9721 -8.0813 0.0703
Cyclist -1 -1 -8.2994 1122.7809 157.7963 1167.5042 214.4072 1.7632 0.4565 1.7148 17.2483 1.2939 23.3576 -7.6696 0.0625
Cyclist -1 -1 -4.7812 1148.4917 161.9095 1173.1053 219.6601 1.6811 0.4599 1.7216 16.6170 1.3622 21.8509 -4.1378 0.0623
Cyclist -1 -1 -7.3817 657.3062 179.3445 684.9103 217.4467 1.6295 0.5038 1.7041 2.6794 1.9248 32.0068 -7.2996 0.0579
Cyclist -1 -1 -7.9081 1216.2678 160.0612 1241.0000 216.4033 1.6478 0.4677 1.7906 18.7686 1.2734 21.9585 -7.2077 0.0576
Cyclist -1 -1 -7.1963 38.2991 181.6500 80.9513 224.1156 1.6954 0.5026 1.6495 -22.8853 2.0706 29.9769 -7.8442 0.0522
Car -1 -1 -4.6042 506.2789 181.0732 552.1169 217.1517 1.4860 1.6462 3.8533 -3.6235 1.8782 32.5260 -4.7149 0.9522
Car -1 -1 -7.8548 587.9010 179.1757 627.6094 218.5541 1.5838 1.6378 4.5678 -0.1504 1.8843 32.0445 -7.8601 0.9197
Car -1 -1 -4.2640 251.8739 177.7937 309.3840 210.3313 1.9247 1.6785 4.0855 -20.6637 2.2491 45.3681 -4.6895 0.9173
Car -1 -1 -2.4654 0.0000 177.4166 40.5498 222.2016 1.6510 1.6997 4.1005 -24.6883 1.8321 27.7363 -3.1881 0.1773
Car -1 -1 -4.2991 198.1389 181.8941 254.6466 209.4864 1.5935 1.6723 3.9200 -23.8838 2.1824 45.0069 -4.7848 0.1594
Car -1 -1 -4.9406 1082.8600 166.4142 1176.7349 216.8117 1.4879 1.6424 3.6315 16.6036 1.2975 23.2940 -4.3276 0.1283
Car -1 -1 -5.1030 654.0766 182.8048 688.8929 201.3946 1.5171 1.6505 3.9664 5.3323 2.4195 63.3161 -5.0199 0.1209
Car -1 -1 -4.9833 547.6085 183.7503 579.6224 203.6380 1.5336 1.6740 3.8892 -3.9214 2.4722 60.0652 -5.0487 0.1091
Car -1 -1 -4.2976 627.2972 181.1330 660.7988 197.8315 1.5099 1.7172 4.1273 3.3027 2.3347 69.6837 -4.2509 0.1075
Car -1 -1 -4.3574 257.3337 182.3890 316.9077 212.5627 1.5545 1.7019 4.2069 -18.1550 2.1203 40.6861 -4.7750 0.1072
Car -1 -1 -4.6032 683.4117 181.4421 704.6557 198.8543 1.5960 1.6484 3.8619 8.1863 2.4563 70.2404 -4.4881 0.1012
Car -1 -1 -7.5234 0.0000 160.4598 53.0628 187.4130 1.7136 1.6142 3.8960 -38.7889 0.9253 47.9796 -8.2007 0.0991
Car -1 -1 -4.5778 518.3065 179.8689 551.1723 204.2547 1.4863 1.6053 4.1026 -4.9152 1.9655 47.2458 -4.6813 0.0786
Car -1 -1 -7.9303 135.7497 183.0440 176.8642 214.4528 1.5330 1.5808 3.7282 -24.2539 2.1038 38.4644 -8.4899 0.0754
Car -1 -1 -4.5745 0.0000 162.0679 7.7528 188.5699 1.6496 1.6820 4.0364 -40.7244 0.9779 47.0641 -5.2851 0.0750
