Car -1 -1 -7.6143 371.6404 183.8399 465.4236 244.5141 1.3706 1.5066 3.2748 -4.6494 1.3397 17.8843 -7.8653 0.9710
Car -1 -1 -7.4766 277.5986 180.9843 379.7224 232.5637 1.4340 1.6201 3.7194 -8.4006 1.3165 21.8568 -7.8397 0.9548
Car -1 -1 -7.3624 130.0185 185.6898 249.0159 234.4325 1.3793 1.5440 3.8377 -12.8705 1.3955 22.3187 -7.8805 0.9423
Car -1 -1 -7.8856 575.1863 176.2615 654.4310 250.2029 1.5122 1.6245 3.5171 0.0422 1.3292 16.4832 -7.8835 0.9398
Car -1 -1 -7.7271 453.2827 179.3804 514.1670 222.0161 1.4214 1.6448 4.2664 -4.4594 1.2270 26.1297 -7.8948 0.9155
Car -1 -1 -7.2162 0.0000 182.5738 274.5674 375.0000 1.6041 1.5871 3.7123 -4.1478 1.5917 5.2710 -7.8585 0.8145
Car -1 -1 -7.2065 0.0000 185.8852 141.3621 269.3078 1.5530 1.6051 4.3919 -12.3892 1.5698 15.6252 -7.8687 0.3265
Car -1 -1 -7.9004 0.0000 173.8675 12.4055 200.0262 1.6525 1.7083 4.1403 -40.6399 0.9358 47.5076 -8.6055 0.1131
Pedestrian -1 -1 -8.4738 767.8602 169.3827 793.4933 222.5304 1.6866 0.5559 0.6036 5.5318 1.1843 23.1963 -8.2428 0.1120
Pedestrian -1 -1 -2.5047 685.2010 182.7563 712.0204 232.6188 1.4000 0.4876 0.5862 2.5513 1.3311 20.5616 -2.3834 0.0909
Pedestrian -1 -1 -4.7688 745.5673 161.4868 772.7990 237.1373 1.8532 0.6165 0.8618 3.7509 1.2721 18.0810 -4.5677 0.0789
Car -1 -1 -4.6709 0.0000 171.6837 0.0000 199.4754 1.6600 1.7177 4.1039 -40.9162 0.8519 45.0635 -5.4053 0.0758
Cyclist -1 -1 -7.9389 594.4727 170.6284 615.3461 211.0995 1.7368 0.7708 1.7640 -0.1763 1.1109 31.7627 -7.9448 0.0594
Car -1 -1 -4.3229 188.5638 181.1611 270.0124 216.8923 1.4346 1.6385 4.1567 -16.2412 1.2720 31.0051 -4.8021 0.0591
Pedestrian -1 -1 -7.8169 1037.3608 154.8147 1081.6625 277.5302 1.8161 0.5631 0.4811 6.8560 1.3663 10.9943 -7.2711 0.0584
Car -1 -1 -4.1844 128.9992 182.5171 191.2876 205.2839 1.3878 1.6472 3.8468 -28.4396 1.2235 45.7649 -4.7381 0.0571
Car -1 -1 -4.3730 665.7214 183.7885 696.1392 200.6569 1.5899 1.6911 4.0680 7.1438 1.4555 69.9537 -4.2721 0.0535
Car -1 -1 -7.3787 200.1898 176.7615 273.1375 207.3714 1.4470 1.6176 3.9205 -18.4912 1.0475 35.9446 -7.8510 0.0525
Car -1 -1 -5.0143 583.8151 178.2889 631.3387 203.5366 1.4311 1.6398 4.2617 -0.0992 1.0387 43.0262 -5.0170 0.0500
Pedestrian -1 -1 -7.6654 448.9610 174.8297 461.2199 203.5144 1.5939 0.5785 0.5499 -8.5721 1.0170 40.2260 -7.8744 0.1669
Cyclist -1 -1 -7.7944 544.7833 173.2358 553.2264 201.6761 1.5738 0.3870 1.5132 -3.3403 0.9110 40.5409 -7.8764 0.1222
Pedestrian -1 -1 -5.9077 660.3560 180.6664 674.9396 207.0431 1.6583 0.6141 0.7503 3.7759 1.3724 45.6357 -5.8261 0.1216
Cyclist -1 -1 -4.6241 434.4435 172.1215 450.4691 208.3342 1.6795 0.6092 1.5322 -7.8781 1.0724 34.1410 -4.8494 0.1032
Pedestrian -1 -1 -5.5671 387.9380 167.7975 407.3077 200.8079 1.8101 0.5940 0.8501 -11.6838 0.8551 39.8650 -5.8507 0.0831
Cyclist -1 -1 -7.8553 541.2319 172.8517 547.9108 201.5736 1.5916 0.3689 1.5219 -3.6026 0.9066 40.6084 -7.9435 0.0804
Cyclist -1 -1 -7.6556 536.9398 174.5382 550.5954 205.3265 1.5662 0.4039 1.5890 -3.3538 1.0232 37.3791 -7.7448 0.0792
Pedestrian -1 -1 -5.6674 527.2291 172.9107 547.4404 208.7855 1.6866 0.5557 0.7802 -3.3889 1.1082 34.2297 -5.7657 0.0667
Cyclist -1 -1 -7.8456 371.5221 173.5729 380.0035 206.0645 1.6397 0.4029 1.5280 -11.9921 1.0523 37.0676 -8.1566 0.0502
Car -1 -1 -4.7475 624.6093 174.3934 647.5220 196.3261 1.6118 1.6021 3.7991 2.1048 0.8166 54.7296 -4.7096 0.3338
Car -1 -1 -4.6377 513.1266 174.0910 550.3585 203.4693 1.4821 1.6527 4.5014 -4.0493 0.9210 38.5395 -4.7420 0.3337
Car -1 -1 -7.8610 579.8054 176.0738 617.3806 210.9320 1.4884 1.6053 3.5506 -0.4686 1.0982 32.4866 -7.8757 0.2933
Car -1 -1 -4.4316 522.5488 175.1556 564.1510 200.4289 1.4855 1.5918 3.6798 -3.9418 0.8944 44.2119 -4.5204 0.2122
Car -1 -1 -4.4360 431.9379 171.3709 477.2626 198.3561 1.5014 1.5648 3.9701 -8.9239 0.7313 42.0288 -4.6442 0.1977
Car -1 -1 -7.6872 371.4176 166.7296 413.8736 198.7123 1.7560 1.7305 3.8278 -12.3818 0.7412 41.4730 -7.9758 0.1485
Car -1 -1 -2.9149 439.3894 171.1479 539.9648 208.3252 1.7116 1.7650 4.4273 -5.5894 1.0641 34.1200 -3.0763 0.1295
Car -1 -1 -7.7210 468.7327 172.7598 496.4835 195.1804 1.6359 1.5734 3.8422 -9.4538 0.7272 54.4012 -7.8925 0.1248
Car -1 -1 -7.6987 647.5557 179.8006 681.1826 204.1333 1.5365 1.6139 4.0621 3.7612 1.1947 47.5560 -7.6207 0.1241
Car -1 -1 -4.2482 313.7780 175.6487 383.1064 207.4646 1.4635 1.5956 3.9111 -12.6099 1.0236 35.1042 -4.5909 0.0895
Car -1 -1 -3.0552 348.6757 175.6458 442.8214 207.6352 1.4496 1.6456 4.1153 -9.9216 1.0161 33.7856 -3.3390 0.0784
Car -1 -1 -4.4355 457.7287 173.5617 505.1494 200.1873 1.4738 1.6260 4.2485 -7.3416 0.8289 41.9888 -4.6079 0.0641
Car -1 -1 -4.6348 546.7624 177.2030 580.3247 204.0813 1.4710 1.6150 4.1519 -2.5306 1.0326 41.4297 -4.6958 0.0560
Car -1 -1 -4.5228 611.6114 178.4256 647.3513 201.7720 1.4873 1.6385 4.1363 1.4707 1.0549 47.9937 -4.4928 0.0522
Car -1 -1 -6.6299 372.9424 176.5575 461.6890 206.1006 1.4809 1.7072 4.1971 -10.0515 1.0471 37.9294 -6.8875 0.0507
