Cyclist -1 -1 -8.1816 861.2711 158.6483 929.5715 262.9909 1.8937 0.6183 1.9579 5.4710 1.6356 14.0844 -7.8190 0.8004
Pedestrian -1 -1 -5.6288 1112.5557 80.1250 1241.0000 374.0000 1.9196 0.5949 0.7828 2.9807 1.5269 3.5068 -4.9656 0.0960
Cyclist -1 -1 -4.9566 854.9991 170.6379 881.1195 219.4382 1.6810 0.4521 1.7701 9.1492 1.6044 25.7569 -4.6195 0.0850
Pedestrian -1 -1 -6.1689 685.8562 175.3134 695.7369 196.4468 1.8647 0.5430 0.8166 7.1563 2.0841 64.1030 -6.0587 0.0829
Pedestrian -1 -1 -4.9032 18.6506 183.5055 39.4646 228.2353 1.9559 0.6330 0.5407 -25.9395 2.4366 32.1655 -5.5780 0.0770
Pedestrian -1 -1 -5.1527 926.2086 156.3068 958.7883 216.5797 1.9876 0.6731 0.8946 11.1158 1.4416 24.2463 -4.7279 0.0768
Car -1 -1 -6.6029 759.1111 170.2474 813.0773 192.5546 1.5731 1.6273 3.4266 12.5951 1.3890 51.8353 -6.3662 0.0731
Pedestrian -1 -1 -2.5431 476.3751 178.4364 488.3057 202.2852 1.8687 0.6573 0.6789 -10.1427 2.3142 57.1807 -2.7183 0.0727
Car -1 -1 -4.8669 471.4684 178.3493 504.4406 203.6334 1.7468 1.7413 4.3606 -9.0711 2.1696 53.2112 -5.0354 0.0721
Cyclist -1 -1 -6.7119 829.1442 169.7426 858.8414 197.6249 1.8852 0.6502 1.8216 15.9239 1.6745 49.2154 -6.4011 0.0698
Pedestrian -1 -1 -7.4227 905.9341 163.1303 929.2243 214.8972 1.8595 0.6146 0.5376 11.1758 1.5099 26.3267 -7.0257 0.0677
Car -1 -1 -4.6831 683.8606 175.1736 715.8740 205.7526 1.5943 1.6538 4.0663 4.9959 1.7298 40.0787 -4.5605 0.0598
Car -1 -1 -4.8445 639.8911 177.0784 662.5208 195.7691 1.6574 1.6010 3.7781 3.7652 2.0596 66.8050 -4.7888 0.0558
Car -1 -1 -4.9356 226.5434 192.4812 283.2448 228.0190 1.4888 1.5787 4.0750 -17.1158 2.4865 34.6072 -5.3922 0.0521
Pedestrian -1 -1 -3.8232 1199.3179 168.5282 1241.0000 270.4419 1.6600 0.4949 0.3921 10.1450 1.5892 12.0014 -3.1340 0.4293
Pedestrian -1 -1 -7.9188 509.7833 175.0884 523.0571 209.4983 1.8849 0.6872 0.6580 -5.2233 2.0096 39.9646 -8.0484 0.1347
Cyclist -1 -1 -7.9930 1028.1912 170.2162 1066.8229 253.4542 1.6526 0.4313 1.7858 9.1594 1.6000 15.2330 -7.4607 0.1148
Pedestrian -1 -1 -3.6437 1165.5946 167.3392 1234.7260 267.9081 1.6511 0.5692 0.7155 9.8963 1.5603 12.1862 -2.9740 0.1019
Cyclist -1 -1 -4.6281 456.4301 179.8786 464.5075 198.4992 1.7357 0.6120 1.7258 -14.2783 2.4141 68.8246 -4.8322 0.0529
Car -1 -1 -7.9128 595.5522 174.2784 645.0507 216.9466 1.6683 1.8149 4.6232 0.3176 1.7333 30.7221 -7.9032 0.8718
Car -1 -1 -4.6746 454.5084 182.4104 473.4229 199.6622 1.5388 1.6173 4.0694 -13.9302 2.4789 68.8663 -4.8738 0.3113
Car -1 -1 -4.9075 493.8996 177.7758 541.5381 210.9431 1.6855 1.7504 4.5380 -5.1923 1.9734 39.8187 -5.0368 0.2672
Car -1 -1 -7.9378 1196.7673 158.4524 1241.0000 268.3500 1.6666 1.6610 3.7588 11.6547 1.4479 12.9469 -7.2165 0.1646
Car -1 -1 -4.3302 124.9569 193.4329 195.7010 227.8839 1.4970 1.6019 4.0153 -22.3681 2.5836 35.9934 -4.8832 0.1518
Car -1 -1 -7.5788 516.4168 178.5142 560.4661 205.2419 1.5091 1.6079 4.1008 -4.3233 1.8694 43.8133 -7.6770 0.1174
Car -1 -1 -4.6637 494.8036 181.1119 525.0327 207.5843 1.5215 1.6687 3.9452 -6.2037 2.0571 44.7820 -4.8010 0.0509
