Pedestrian -1 -1 -4.8330 805.6179 161.0829 826.5574 209.9728 1.9384 0.7178 0.7833 8.2464 1.4714 29.0496 -4.5595 0.2417
Pedestrian -1 -1 -4.4534 926.4866 162.1943 961.4968 243.5756 1.7557 0.5509 0.6948 7.3607 1.5254 16.0098 -4.0301 0.1839
Cyclist -1 -1 -7.9036 730.7626 173.0867 742.6204 212.4363 1.6046 0.4062 1.5493 5.2568 1.6143 30.2249 -7.7336 0.1579
Pedestrian -1 -1 -4.5037 973.7582 156.7939 1001.6458 218.2736 1.8274 0.5963 0.8399 11.4497 1.3497 21.9608 -4.0289 0.0916
Pedestrian -1 -1 -3.5755 1131.1974 145.9421 1222.1265 279.8983 1.8455 0.5616 0.8623 8.0148 1.4744 10.3059 -2.9288 0.0891
Pedestrian -1 -1 -8.3195 991.7587 159.4967 1016.0190 207.4961 1.8986 0.6660 0.5664 15.6905 1.3700 28.8329 -7.8258 0.0864
Pedestrian -1 -1 -5.7772 0.0000 160.1634 78.4482 275.6507 1.9576 0.6405 0.8823 -10.0176 1.7422 12.6154 -6.4382 0.0815
Pedestrian -1 -1 -7.8546 922.6583 159.5291 944.4215 207.4752 1.9001 0.7912 0.5040 12.9483 1.3718 28.9851 -7.4387 0.0807
Pedestrian -1 -1 -6.0484 434.7142 177.0670 443.6973 196.3855 1.7194 0.5864 0.6652 -15.3219 2.0982 64.6407 -6.2806 0.0778
Pedestrian -1 -1 -7.5643 892.0728 165.0276 907.8929 208.6491 1.8045 0.5304 0.3721 12.0767 1.4805 30.1587 -7.1872 0.0768
Cyclist -1 -1 -4.4872 440.6606 179.1024 451.3247 200.8567 1.6331 0.4530 1.6027 -12.6215 2.1198 55.4289 -4.7105 0.0733
Pedestrian -1 -1 -8.1233 948.6864 157.3627 973.9615 205.7294 1.9090 0.7331 0.7532 14.0266 1.2973 28.9144 -7.6760 0.0699
Cyclist -1 -1 -2.9490 528.4180 172.6499 560.3604 205.4057 1.7759 0.6782 1.6444 -3.6278 1.7646 39.5399 -3.0404 0.0676
Cyclist -1 -1 -4.3266 317.2861 175.7571 345.6889 221.4646 1.7032 0.5474 1.3477 -10.7057 1.8169 27.6518 -4.6931 0.0640
Car -1 -1 -5.0773 690.2662 177.0001 724.5127 197.5154 1.6657 1.6086 3.8695 8.2342 2.0306 61.4863 -4.9453 0.0636
Pedestrian -1 -1 -4.3519 194.8737 168.2494 219.9672 216.8241 1.8831 0.6873 0.6140 -15.8428 1.7043 28.3254 -4.8581 0.0631
Cyclist -1 -1 -4.7629 320.6893 177.4034 335.3295 218.2310 1.6336 0.4876 1.5559 -11.7200 1.8267 29.8600 -5.1342 0.0610
Car -1 -1 -4.5030 600.9139 176.2969 628.8842 195.1142 1.6272 1.6778 4.3423 0.4605 1.9506 65.5382 -4.4964 0.0601
Pedestrian -1 -1 -6.4360 1047.1843 166.0274 1062.3748 217.0229 1.7962 0.5798 0.3737 15.8253 1.5554 25.7536 -5.8906 0.0594
Car -1 -1 -4.6963 13.7403 181.6489 74.2444 226.6583 1.4849 1.6604 4.2009 -21.0185 1.8382 26.8340 -5.3561 0.0566
Pedestrian -1 -1 -6.4305 547.3550 170.2029 567.5116 210.4600 1.8334 0.5336 0.8556 -2.4640 1.7124 33.2145 -6.5045 0.0548
Car -1 -1 -4.2054 490.4301 177.2493 537.3611 199.0505 1.4805 1.6038 4.0221 -6.9100 1.8103 52.0359 -4.3371 0.0523
Car -1 -1 -4.6111 278.7238 180.0743 326.0413 214.0161 1.4649 1.6473 4.1679 -14.6021 1.8304 34.3253 -5.0108 0.0511
Pedestrian -1 -1 -4.5825 676.1909 169.1770 693.9906 211.9701 1.8036 0.6455 0.9422 3.1817 1.6483 30.9430 -4.4816 0.4777
Pedestrian -1 -1 -5.4607 549.1987 178.0409 564.3625 206.4263 1.5446 0.5407 0.6445 -2.9760 1.8336 39.8322 -5.5353 0.1239
Cyclist -1 -1 -7.9512 730.3602 171.2566 745.0201 212.5758 1.6746 0.4415 1.5954 5.2667 1.6096 30.0547 -7.7800 0.1187
Pedestrian -1 -1 -6.2784 669.0859 173.4414 679.5745 195.7164 1.6315 0.4600 0.7659 4.7072 1.6747 53.1261 -6.1909 0.0838
Pedestrian -1 -1 -7.8045 208.1181 179.4621 233.7244 231.7191 1.5710 0.6635 0.5976 -12.0161 1.7778 22.2071 -8.2958 0.0669
Cyclist -1 -1 -4.2180 213.7565 175.6342 260.1170 231.5824 1.6876 0.5518 1.6997 -11.7603 1.7781 22.7044 -4.6915 0.0657
Pedestrian -1 -1 -7.2864 208.6042 176.6473 246.1644 230.4862 1.6499 0.7146 0.8120 -12.0267 1.7707 22.6072 -7.7707 0.0632
Cyclist -1 -1 -4.3802 61.4357 171.0968 100.8035 222.7892 1.7586 0.5628 1.7907 -18.7019 1.6985 25.4859 -5.0085 0.0586
Cyclist -1 -1 -4.4310 195.4776 174.2381 237.4868 230.0705 1.6624 0.6674 1.8119 -12.2849 1.7071 22.4873 -4.9263 0.0528
Cyclist -1 -1 -4.1277 221.3307 178.2171 268.3108 232.9735 1.6416 0.5073 1.6095 -11.4736 1.8157 22.6240 -4.5926 0.0517
Car -1 -1 -4.1620 0.0000 188.9615 237.1319 374.0000 1.5002 1.6404 3.9015 -5.9071 1.7232 8.0001 -4.7825 0.9254
Car -1 -1 -4.9790 460.5301 179.4818 515.7314 213.5032 1.4519 1.5892 3.7844 -5.7765 1.7794 33.6414 -5.1482 0.9009
Car -1 -1 -8.4287 861.3325 184.5226 1241.0000 374.0000 1.4786 1.5772 3.6624 3.0181 1.5829 4.6216 -7.8800 0.8857
Car -1 -1 -5.5631 331.1099 179.5358 414.5540 208.8506 1.5454 1.7019 4.4186 -13.3350 1.9349 40.4403 -5.8800 0.8719
Car -1 -1 -4.4138 134.8401 181.6277 223.2288 228.3688 1.4608 1.5994 3.8025 -15.0626 1.7935 25.3487 -4.9456 0.8704
Car -1 -1 -3.5263 644.3005 173.1015 709.2188 195.2970 1.6130 1.7385 4.5109 4.9548 1.6317 53.9541 -3.4356 0.8419
Car -1 -1 -3.7636 538.1709 176.4095 599.8538 198.6582 1.4770 1.5895 4.1588 -2.8673 1.7347 50.4396 -3.8205 0.5999
Car -1 -1 -4.3648 66.2533 178.4934 154.9961 223.3555 1.4656 1.5551 3.3350 -17.8158 1.6814 25.8354 -4.9638 0.5298
Car -1 -1 -4.2149 159.3807 185.9554 267.2029 234.8544 1.3558 1.5224 3.3660 -12.3450 1.7964 22.5937 -4.7103 0.4912
Car -1 -1 -7.3267 0.0000 178.0657 75.0715 226.5264 1.4909 1.6112 3.8782 -20.3478 1.6836 24.6788 -8.0111 0.3173
Car -1 -1 -4.2711 0.0000 191.6900 168.1290 284.4959 1.4124 1.5422 3.7922 -10.1436 1.8247 13.8001 -4.8960 0.2576
Car -1 -1 -5.4869 708.7747 172.4750 765.2227 196.6062 1.5609 1.6980 3.6160 8.4896 1.5361 48.6418 -5.3156 0.0949
Car -1 -1 -4.2234 284.0007 179.0567 342.0481 205.0523 1.5023 1.5959 4.0879 -18.4039 1.9055 44.8208 -4.6112 0.0835
Car -1 -1 -8.1035 520.2728 177.3380 564.7920 205.3830 1.4968 1.6098 3.9247 -3.9479 1.7664 41.3069 -8.1987 0.0819
