Pedestrian -1 -1 -3.5229 558.3317 163.4222 568.1343 183.8701 1.8458 0.5918 0.7193 -3.4385 0.2137 65.2623 -3.5802 0.1445
Pedestrian -1 -1 -4.6763 366.0245 183.5120 389.7165 247.1577 1.5064 0.5270 0.7061 -5.4571 1.5570 17.4385 -4.9807 0.1015
Pedestrian -1 -1 -4.2014 436.1832 183.2471 457.1600 226.3535 1.4107 0.5167 0.4718 -5.1599 1.4698 23.8335 -4.4176 0.0883
Cyclist -1 -1 -8.2982 846.6661 194.7251 996.1031 373.0000 1.4929 0.4918 1.7245 2.7618 1.6297 6.5158 -7.9176 0.0780
Pedestrian -1 -1 -5.4802 128.3602 149.7804 206.3560 292.5802 1.9150 0.5944 0.7254 -6.0885 1.4903 10.0145 -6.0205 0.0690
Cyclist -1 -1 -6.8983 0.0000 180.9984 167.4912 373.0000 1.6676 0.5256 1.6697 -5.2754 1.6640 7.0867 -7.5267 0.0672
Pedestrian -1 -1 -4.0132 739.4719 156.7916 768.9977 208.3661 1.9214 0.6351 0.9547 5.7872 1.0012 27.3062 -3.8114 0.0660
Pedestrian -1 -1 -3.7347 39.5420 144.5556 104.5991 274.2777 1.9823 0.6157 0.5847 -8.4064 1.4184 11.3562 -4.3664 0.0653
Pedestrian -1 -1 -5.5774 485.4414 165.3065 496.1449 204.2712 1.8754 0.4532 0.2893 -5.3771 1.0963 34.8435 -5.7344 0.0630
Pedestrian -1 -1 -5.5936 491.3806 169.4818 502.9537 204.4580 1.7727 0.4742 0.3686 -5.3355 1.1638 36.7054 -5.7420 0.0548
Pedestrian -1 -1 -3.4661 1183.3060 150.7198 1237.0000 317.2097 1.6402 0.4340 0.6028 6.3884 1.3376 7.3871 -2.7759 0.0523
Pedestrian -1 -1 -4.0012 387.1668 166.1221 428.3757 245.6135 1.8085 0.6244 0.7018 -4.5599 1.4592 16.7940 -4.2678 0.6372
Pedestrian -1 -1 -3.3936 374.9881 166.5856 418.5451 244.3514 1.8416 0.5864 0.9011 -5.0211 1.4889 17.4924 -3.6746 0.4821
Pedestrian -1 -1 -7.7107 497.4072 180.7131 528.0045 248.2886 1.5185 0.5916 0.8393 -2.0753 1.5014 16.5661 -7.8388 0.3709
Pedestrian -1 -1 -3.3167 1028.7140 150.7120 1075.5963 246.3538 1.8346 0.5329 0.6928 8.8263 1.2446 14.1523 -2.7725 0.3452
Pedestrian -1 -1 -3.6857 794.5391 164.4573 883.0851 320.7188 1.6828 0.4622 0.8237 2.6058 1.4999 8.0604 -3.3882 0.3039
Pedestrian -1 -1 -4.7745 537.0335 170.6784 556.9810 212.5370 1.7615 0.7906 0.9080 -2.3515 1.3064 30.7355 -4.8553 0.2616
Pedestrian -1 -1 -6.9521 1001.5793 147.8501 1056.0992 241.0275 1.8848 0.6244 0.7435 8.8117 1.2047 14.8936 -6.4307 0.2594
Cyclist -1 -1 -8.1629 635.8612 170.2405 650.8999 201.7573 1.7295 0.3781 1.5476 2.3375 1.1118 40.2152 -8.1103 0.2387
Pedestrian -1 -1 -4.2287 55.0365 191.0077 108.0635 301.9073 1.5039 0.4773 0.3772 -7.2756 1.6398 9.9985 -4.8510 0.1862
Pedestrian -1 -1 -7.9643 465.5775 181.0675 497.6293 248.2333 1.5085 0.6407 0.8118 -2.8157 1.4994 16.6124 -8.1351 0.1624
Cyclist -1 -1 -4.5238 680.1058 166.8538 694.0311 197.3688 1.7864 0.5181 1.7572 5.1303 0.9291 42.9684 -4.4107 0.1556
Pedestrian -1 -1 -3.5862 479.3164 180.8202 511.0987 243.1491 1.5007 0.5222 0.6071 -2.6520 1.4849 17.6821 -3.7383 0.1493
Cyclist -1 -1 -8.4853 939.7520 154.1911 1237.0000 373.0000 1.6123 0.5223 1.6414 2.5337 1.4937 3.9809 -7.9536 0.1428
Cyclist -1 -1 -5.0868 1071.2565 141.8035 1128.8772 220.6064 1.7670 0.4908 1.7513 11.7376 0.8774 17.0153 -4.4951 0.1340
Pedestrian -1 -1 -5.9217 1023.8613 147.1591 1053.3182 216.1031 1.8968 0.5833 0.5388 12.2325 0.9525 20.1551 -5.3870 0.1303
Pedestrian -1 -1 -4.0528 31.3047 186.6795 91.5779 303.8692 1.5616 0.5165 0.4072 -7.4056 1.6344 9.7990 -4.6929 0.1238
Cyclist -1 -1 -4.4457 362.0356 170.0008 405.0084 248.4180 1.7498 0.5349 1.7331 -5.1390 1.4938 16.9034 -4.7419 0.1233
Cyclist -1 -1 -8.0479 534.8359 170.9304 551.3320 204.6259 1.7771 0.5457 1.7784 -3.1673 1.2198 38.8141 -8.1338 0.1219
Pedestrian -1 -1 -3.6251 836.3843 167.8877 872.8374 233.1986 1.6657 0.6208 0.6801 6.5427 1.3191 18.6806 -3.2978 0.1176
Cyclist -1 -1 -7.9719 534.8886 168.6606 553.3216 209.9024 1.7529 0.6024 1.6552 -2.5321 1.2075 31.4027 -8.0567 0.1133
Pedestrian -1 -1 -6.3585 993.9170 163.2955 1032.6450 250.4046 1.6385 0.5523 0.6007 7.9106 1.2967 13.8880 -5.8541 0.1097
Pedestrian -1 -1 -7.5673 654.4504 169.3037 663.6385 198.2858 1.7928 0.4974 0.3312 3.5866 1.0384 44.6781 -7.4926 0.0974
Cyclist -1 -1 -8.4344 714.1007 165.7066 745.4218 205.3955 1.7375 0.5168 1.7244 5.7478 1.0464 32.3415 -8.2649 0.0964
Pedestrian -1 -1 -4.2451 1037.2147 143.2983 1093.3611 261.4967 1.9016 0.5339 0.7017 7.6814 1.2876 11.9673 -3.6897 0.0860
Pedestrian -1 -1 -3.4645 692.6763 163.9471 706.9044 196.7165 1.8909 0.6226 0.6539 5.7224 0.8782 41.8184 -3.3343 0.0778
Cyclist -1 -1 -4.3746 357.2516 176.7753 400.7258 248.1524 1.6543 0.5095 1.6097 -5.4199 1.5453 17.4620 -4.6767 0.0763
Pedestrian -1 -1 -8.3606 676.1675 171.1489 694.1837 210.3514 1.6842 0.5656 0.5804 3.6230 1.2398 31.2371 -8.2512 0.0760
Pedestrian -1 -1 -3.2234 728.1226 167.6328 740.6961 208.1181 1.7572 0.5995 0.4899 5.8120 1.1556 31.4989 -3.0475 0.0744
Pedestrian -1 -1 -3.1448 381.7177 172.2858 416.1571 244.8038 1.6957 0.5582 0.7804 -4.8778 1.4808 17.1734 -3.4230 0.0742
Pedestrian -1 -1 -3.7352 712.7770 164.2071 736.8574 205.8129 1.8564 0.6409 0.8631 5.5697 1.0851 32.5228 -3.5719 0.0720
Pedestrian -1 -1 -3.2760 1098.7201 156.0982 1144.7550 271.1051 1.6983 0.5238 0.4930 7.8766 1.3239 10.9533 -2.6692 0.0719
Pedestrian -1 -1 -3.5650 693.4456 164.2923 712.4918 199.9223 1.9233 0.5998 0.8562 5.5314 0.9946 39.1842 -3.4306 0.0712
Pedestrian -1 -1 -3.5241 1180.0546 145.0616 1237.0000 289.3379 1.7344 0.4617 0.7264 7.7152 1.2970 8.9654 -2.8332 0.0693
Cyclist -1 -1 -8.2159 1053.3527 128.8110 1237.0000 373.0000 1.7261 0.5493 1.5998 3.0312 1.4983 3.9595 -7.5997 0.0680
Pedestrian -1 -1 -5.7262 644.9296 168.6623 660.5463 201.8174 1.8705 0.6631 0.6357 2.9254 1.1464 40.9809 -5.6604 0.0675
Pedestrian -1 -1 -8.0367 683.8583 172.6402 702.2306 215.0629 1.5950 0.6048 0.5171 3.4544 1.2623 27.2849 -7.9172 0.0666
Pedestrian -1 -1 -3.3321 703.2642 167.3671 718.2704 202.9587 1.8170 0.5612 0.6658 5.6157 1.0957 36.9680 -3.1875 0.0641
Pedestrian -1 -1 -7.4605 493.4121 174.0456 523.1932 234.7452 1.6410 0.6856 0.4680 -2.5889 1.4400 19.7342 -7.5946 0.0630
Pedestrian -1 -1 -8.1511 658.6453 174.3366 677.0969 212.1784 1.5931 0.6265 0.6166 2.8104 1.2918 30.6076 -8.0654 0.0630
Pedestrian -1 -1 -6.7212 1001.7803 157.6903 1051.1656 247.6690 1.7314 0.5192 0.6747 8.2964 1.2738 14.1079 -6.2029 0.0617
Pedestrian -1 -1 -7.9607 695.5817 173.4629 717.7474 220.6357 1.5816 0.6768 0.6282 3.5443 1.3126 24.4089 -7.8233 0.0598
Cyclist -1 -1 -4.7407 654.7478 171.1825 664.0700 198.4634 1.6716 0.5269 1.4892 3.6116 1.0395 44.7709 -4.6657 0.0575
Pedestrian -1 -1 -4.5742 302.9844 168.9461 339.0192 261.4632 1.7731 0.5617 0.8008 -5.5820 1.5331 14.2220 -4.9475 0.0569
Pedestrian -1 -1 -6.9718 647.5781 174.7868 668.7292 210.9790 1.5837 0.5732 0.7405 2.5015 1.2903 31.8811 -6.8993 0.0567
Cyclist -1 -1 -8.0694 488.5423 170.1483 518.9824 239.9313 1.7421 0.4232 1.7052 -2.6070 1.4592 18.8056 -8.2107 0.0534
Cyclist -1 -1 -7.8723 506.9071 173.3139 527.0427 237.5248 1.6782 0.5046 1.6048 -2.3490 1.4647 19.6038 -7.9954 0.0530
Pedestrian -1 -1 -9.0519 1006.5879 159.5557 1054.1820 249.9496 1.6866 0.5945 0.6178 8.2147 1.2777 13.8297 -8.5295 0.0530
Pedestrian -1 -1 -4.4738 733.1585 160.5577 750.2330 207.4214 1.9218 0.5757 0.5947 5.8113 1.0633 29.8477 -4.2882 0.0527
Pedestrian -1 -1 -3.2431 714.3863 165.5954 725.0444 203.9177 1.8552 0.5537 0.4554 5.7605 1.0855 35.0636 -3.0865 0.0521
Cyclist -1 -1 -6.8374 656.3249 171.4089 698.9927 212.2340 1.6975 0.7270 1.6754 3.2270 1.2783 30.5637 -6.7383 0.0513
Cyclist -1 -1 -5.1165 802.6391 148.4700 904.3835 325.8606 1.7859 0.4143 1.6792 2.7299 1.4540 8.0871 -4.8064 0.0511
Pedestrian -1 -1 -2.5301 476.2786 172.6283 511.2562 237.4528 1.6766 0.5997 0.6980 -2.8796 1.4477 19.0020 -2.6838 0.0506
Car -1 -1 -8.1128 714.8201 157.9124 855.6813 268.6553 1.8123 1.6017 3.7536 3.2716 1.4269 13.6579 -7.8875 0.9468
Car -1 -1 -8.3474 889.7916 181.9375 1066.5603 260.4622 1.3242 1.4529 3.5638 7.0545 1.3344 13.9415 -7.8918 0.4806
Car -1 -1 -7.0908 1046.3090 163.7851 1237.0000 373.0000 1.4832 1.5661 4.2351 4.8120 1.4186 3.6018 -6.2024 0.2481
Car -1 -1 -7.8181 540.2803 176.6598 571.2424 205.2014 1.5095 1.6024 3.6891 -2.4980 1.2537 39.8589 -7.8854 0.2026
Car -1 -1 -3.1466 470.2086 174.0751 558.7230 210.0327 1.5155 1.6236 3.7340 -3.8026 1.2029 31.3226 -3.2715 0.1876
Car -1 -1 -3.3663 495.1213 173.4048 557.9773 195.8421 1.6252 1.6513 4.3985 -5.5670 1.0388 53.5284 -3.4744 0.1788
Car -1 -1 -7.9469 498.8693 166.9775 520.5542 185.5003 1.7325 1.6937 3.9704 -8.8378 0.3738 69.3121 -8.0780 0.1026
Car -1 -1 -8.0961 654.3580 178.8955 716.7248 217.1442 1.3622 1.4697 3.8074 3.1285 1.2698 27.5685 -7.9893 0.0985
Car -1 -1 -7.9040 475.7278 179.4604 539.4910 233.3953 1.4470 1.6398 4.2756 -2.9286 1.3928 21.5258 -8.0429 0.0892
Car -1 -1 -4.5510 467.8194 177.6584 501.9528 200.8506 1.4653 1.5950 4.1694 -7.6453 1.2226 47.4704 -4.7149 0.0876
Car -1 -1 -4.8236 842.6717 175.1249 929.5953 239.3102 1.4452 1.5667 3.8100 7.0597 1.3022 18.2134 -4.4639 0.0797
Car -1 -1 -4.6352 632.9172 169.2814 665.6366 199.1945 1.6716 1.6469 3.8313 2.8475 0.9890 42.1537 -4.5732 0.0793
Car -1 -1 -4.7489 652.8842 175.6561 690.6777 209.1558 1.4690 1.5710 4.1805 3.2243 1.2130 33.6290 -4.6591 0.0752
Car -1 -1 -4.9198 764.7311 175.6498 871.5869 241.7509 1.4767 1.6875 4.1902 5.2941 1.3465 18.1941 -4.6458 0.0527
