Car -1 -1 -4.0842 278.9817 186.9529 355.2544 217.8624 1.4481 1.5894 4.1368 -15.3721 2.2335 38.0105 -4.4665 0.0813
Car -1 -1 -3.7250 1000.2105 154.3959 1075.0248 180.5508 1.6101 1.6308 3.7712 26.7941 0.4735 45.3316 -3.1940 0.0775
Car -1 -1 -4.3368 761.9261 173.7592 803.3384 195.9688 1.6378 1.6826 4.2104 13.3095 1.7100 55.5973 -4.1034 0.0707
Pedestrian -1 -1 -6.9024 761.7169 171.1152 772.4093 193.4348 1.8287 0.5346 0.6766 12.9244 1.6859 59.4962 -6.6899 0.0698
Pedestrian -1 -1 -6.5526 506.0809 174.9766 515.6871 194.7631 1.8197 0.5194 0.7709 -9.2027 2.0172 66.8335 -6.6892 0.0649
Pedestrian -1 -1 -6.1848 445.2485 172.1494 457.5292 198.0587 1.8922 0.5005 0.8360 -11.6763 1.8404 52.9924 -6.4009 0.0634
Car -1 -1 -4.7583 657.2125 177.5827 679.2433 197.2557 1.5182 1.5988 3.8436 4.6701 1.9145 58.5650 -4.6795 0.0622
Car -1 -1 -4.2976 483.0188 179.1064 526.3761 201.9457 1.5898 1.6575 4.1535 -7.8079 2.0738 53.6653 -4.4418 0.0597
Pedestrian -1 -1 -4.4923 568.0934 172.0634 578.3801 199.5951 1.9739 0.5603 0.9063 -2.6883 1.9169 52.2241 -4.5439 0.0584
Pedestrian -1 -1 -7.5960 1121.3966 153.1477 1141.2365 191.5569 1.8090 0.6272 0.6392 24.8326 0.8805 34.4277 -6.9753 0.0533
Pedestrian -1 -1 -4.2661 823.0786 169.3753 847.8628 218.7723 1.8667 0.6212 0.8175 8.6366 1.7350 27.7781 -3.9683 0.0524
Car -1 -1 -4.6202 304.0455 189.9546 376.7006 250.0673 1.4566 1.5811 4.0698 -7.7456 2.0028 20.8876 -4.9717 0.0504
Pedestrian -1 -1 -8.3551 1032.0986 164.1238 1056.7144 210.5437 1.9321 0.7166 0.5337 18.2002 1.5684 30.3106 -7.8190 0.0501
Pedestrian -1 -1 -3.0706 186.5405 180.3074 202.3582 213.1209 1.8227 0.7247 0.7243 -23.5202 2.2487 40.7836 -3.5911 0.1448
Cyclist -1 -1 -4.7039 251.9085 185.0552 265.5688 228.2889 1.6723 0.4810 1.6236 -14.2607 2.1803 29.2185 -5.1548 0.1205
Pedestrian -1 -1 -5.8561 211.2628 180.0593 226.8627 211.4921 1.8146 0.6297 0.5933 -22.8655 2.2385 42.1413 -6.3509 0.1191
Cyclist -1 -1 -4.3646 251.8201 187.2294 278.6318 229.9372 1.6523 0.4997 1.4878 -13.9803 2.2489 29.1946 -4.8081 0.1099
Cyclist -1 -1 -3.9523 131.6031 184.0934 183.4989 232.5544 1.7347 0.5721 1.8003 -17.0736 2.1727 27.2024 -4.5086 0.0861
Pedestrian -1 -1 -2.0017 74.9130 175.3517 99.6196 220.7609 1.9318 0.6507 0.6578 -22.6375 2.0410 31.1903 -2.6256 0.0832
Cyclist -1 -1 -4.4073 219.7204 185.1739 246.8390 227.1734 1.6854 0.5550 1.5868 -15.8328 2.2161 30.2709 -4.8859 0.0772
Pedestrian -1 -1 -5.1327 25.4541 177.3972 46.0002 218.5192 1.8760 0.5683 0.5534 -26.6075 2.0883 33.3804 -5.8020 0.0570
Car -1 -1 -3.8587 84.1510 190.7305 208.3511 235.9113 1.4833 1.6264 3.8363 -17.5157 2.2130 27.3967 -4.4234 0.2703
Car -1 -1 -5.7195 257.8455 189.9228 328.1143 215.6579 1.5722 1.5528 3.9311 -20.4654 2.6984 46.5547 -6.1320 0.2342
Car -1 -1 -5.4808 1120.9657 143.7206 1232.7621 182.0122 1.6382 1.7347 3.9575 25.6842 0.3915 32.9304 -4.8227 0.1479
Car -1 -1 -3.7523 1003.0375 149.1780 1081.1144 174.0550 1.5317 1.6055 4.0222 27.1033 0.0736 45.3769 -3.2166 0.1466
Car -1 -1 -4.7602 859.9695 170.2700 885.1226 192.1058 1.6907 1.6919 4.1681 21.0784 1.4904 58.1089 -4.4141 0.1229
Car -1 -1 -3.3338 721.3586 178.1216 768.3926 194.7870 1.5036 1.6542 4.0151 12.3790 1.9948 66.4797 -3.1509 0.1046
Car -1 -1 -5.0773 885.5323 173.1715 935.1879 197.8139 1.5151 1.6005 4.0343 19.2334 1.5362 46.4528 -4.6873 0.0922
Car -1 -1 -5.2295 230.1913 187.2885 286.6252 215.2199 1.6114 1.5460 3.6927 -22.0006 2.5459 45.0459 -5.6818 0.0842
Car -1 -1 -7.6259 403.3948 187.9485 464.5197 228.8508 1.4310 1.5409 3.6933 -6.9112 2.0650 28.4647 -7.8625 0.0727
Car -1 -1 -4.5391 423.7001 183.4016 464.1710 211.0143 1.4948 1.6676 3.9762 -9.7925 2.1474 42.6377 -4.7640 0.0706
Car -1 -1 -7.1678 239.7938 187.2230 336.1169 227.0652 1.4975 1.5972 3.9575 -13.6634 2.1521 30.7687 -7.5829 0.0672
Car -1 -1 -7.8240 195.0802 188.9616 241.3490 228.9286 1.5065 1.6176 3.8529 -16.7890 2.2440 30.9631 -8.3175 0.0503
