Pedestrian -1 -1 -5.5151 1146.3817 195.5574 1219.7175 321.3037 1.2474 0.3838 0.4585 5.8940 1.4913 7.5063 -4.8689 0.1203
Pedestrian -1 -1 -5.2666 1086.2096 213.7020 1161.4757 347.8232 1.1445 0.3591 0.4645 4.5876 1.5280 6.5410 -4.6767 0.0815
Car -1 -1 -4.4314 81.2945 198.6714 161.7654 241.3271 1.4760 1.6723 4.0748 -20.1089 2.6212 29.8194 -5.0208 0.0805
Pedestrian -1 -1 -2.6760 224.2335 188.4088 260.8516 258.2936 1.7356 0.5565 0.6472 -9.3749 2.1363 18.3223 -3.1436 0.0771
Cyclist -1 -1 -8.0657 901.7787 173.0264 923.9156 220.1268 1.6945 0.3997 1.7012 11.2049 1.7008 26.8368 -7.6746 0.0744
Car -1 -1 -4.2581 594.1858 184.1868 637.6550 206.1188 1.5554 1.6677 4.2508 0.4758 2.4672 55.7951 -4.2501 0.0693
Cyclist -1 -1 -7.5882 793.3514 173.3910 813.6601 211.0076 1.7397 0.5053 1.7134 9.1562 1.7655 34.2627 -7.3297 0.0687
Pedestrian -1 -1 -5.3367 54.1289 173.6267 75.6937 210.0754 1.8137 0.6672 0.5564 -27.4763 1.8527 36.3223 -5.9809 0.0651
Car -1 -1 -4.5504 752.3199 177.6756 777.1955 195.0464 1.5790 1.6645 4.3159 14.8481 2.0564 69.1828 -4.3403 0.0635
Pedestrian -1 -1 -3.7352 729.3464 171.7836 747.4500 209.8365 1.9324 0.5657 0.7219 6.5515 1.8777 37.0464 -3.5621 0.0614
Pedestrian -1 -1 -7.4721 793.8657 180.9855 811.5770 217.0919 1.5978 0.5762 0.6412 8.6534 1.9692 32.5524 -7.2151 0.0547
Car -1 -1 -4.4285 673.0881 182.2579 705.7374 203.1312 1.5501 1.6448 3.5854 6.3130 2.3227 57.3307 -4.3199 0.0544
Pedestrian -1 -1 -5.0849 818.1934 187.8673 835.5447 223.0243 1.2798 0.4929 0.4240 7.9761 1.8399 26.6971 -4.7983 0.0526
Pedestrian -1 -1 -4.1842 0.0000 180.6611 26.0720 261.9017 1.9678 0.6004 0.7293 -15.1568 2.1663 17.9649 -4.8779 0.0524
Car -1 -1 -4.3896 716.1526 181.7630 753.3167 201.9765 1.4731 1.6620 4.1289 9.8190 2.2008 56.7456 -4.2196 0.0515
Cyclist -1 -1 -5.6019 290.3521 189.4016 332.1564 232.1484 1.7946 0.6425 1.6338 -12.9804 2.5234 31.2517 -5.9930 0.2393
Pedestrian -1 -1 -8.1740 1164.9215 167.1917 1221.4298 257.8213 1.5637 0.6149 0.6116 10.3090 1.4657 12.8411 -7.5091 0.2192
Cyclist -1 -1 -7.8172 529.5096 183.5984 539.0829 215.6573 1.7411 0.4792 1.5767 -4.2843 2.3563 40.5281 -7.9225 0.1754
Cyclist -1 -1 -7.9894 904.5662 167.6720 925.6097 216.7922 1.7816 0.4799 1.7819 11.3967 1.5934 27.0931 -7.5957 0.1679
Cyclist -1 -1 -7.5933 384.2672 182.1145 408.1555 227.7559 1.8121 0.5447 1.6267 -8.8599 2.2047 29.7996 -7.8804 0.1593
Cyclist -1 -1 -3.3076 963.7480 168.7124 1037.0839 228.0400 1.6258 0.6441 1.7328 10.9329 1.5120 20.3517 -2.8211 0.1437
Pedestrian -1 -1 -7.7461 738.0750 176.3600 748.9263 205.7084 1.8674 0.6245 0.6187 8.5503 2.0943 46.3868 -7.5655 0.1400
Cyclist -1 -1 -6.2874 379.0299 180.1055 416.5317 226.6128 1.8885 0.5883 1.4794 -8.8474 2.1941 29.9459 -6.5728 0.1277
Pedestrian -1 -1 -5.0829 995.3982 175.4828 1026.2185 229.6011 1.5072 0.5520 0.6821 11.3329 1.5830 20.5053 -4.5846 0.1245
Cyclist -1 -1 -5.5979 820.2288 173.6313 865.7427 222.4080 1.6924 0.4728 1.6129 8.2884 1.7208 25.8653 -5.2917 0.1177
Cyclist -1 -1 -4.0997 526.4884 182.9387 551.3328 216.1164 1.7972 0.6166 1.5324 -4.0091 2.3730 40.4012 -4.1986 0.1155
Pedestrian -1 -1 -7.4271 380.5400 181.1238 401.2230 225.9513 1.8199 0.6620 0.5124 -9.0606 2.1634 29.7005 -7.7212 0.1123
Pedestrian -1 -1 -6.0854 896.0798 166.0650 909.1507 218.0862 1.7944 0.4886 0.3360 10.1676 1.5599 25.1843 -5.7063 0.1105
Cyclist -1 -1 -7.5926 566.4528 183.8061 579.3071 211.8453 1.6987 0.4173 1.5564 -2.3508 2.3958 45.1456 -7.6449 0.1098
Cyclist -1 -1 -5.5279 973.1378 171.2667 1032.9764 231.0308 1.6299 0.4933 1.5761 11.0920 1.5863 20.5036 -5.0386 0.1097
Pedestrian -1 -1 -7.3417 788.5912 177.7080 808.0425 214.6009 1.7119 0.6289 0.6973 8.8522 1.9440 34.0739 -7.0902 0.0892
Cyclist -1 -1 -2.5587 78.3567 181.7184 141.6011 236.2873 1.8155 0.6521 1.6829 -16.9818 2.1199 24.4584 -3.1607 0.0845
Pedestrian -1 -1 -4.3764 308.2365 194.0671 327.6005 229.8011 1.5139 0.5753 0.7196 -12.7426 2.4473 31.3846 -4.7596 0.0835
Cyclist -1 -1 -7.7451 549.1157 184.2631 560.2236 213.5181 1.6782 0.4894 1.5924 -3.3136 2.3677 42.8202 -7.8225 0.0747
Pedestrian -1 -1 -4.4256 830.8353 167.7451 854.3866 218.5568 1.9033 0.6250 0.9240 8.8512 1.7117 27.5855 -4.1188 0.0742
Pedestrian -1 -1 -7.8215 566.1836 183.5786 576.2833 210.8015 1.6647 0.6068 0.5656 -2.4313 2.3322 44.6395 -7.8762 0.0736
Cyclist -1 -1 -8.1326 561.0218 183.2348 574.3803 211.1679 1.6909 0.4238 1.5385 -2.6825 2.3504 45.0641 -8.1923 0.0714
Pedestrian -1 -1 -3.9267 312.5405 195.0200 334.1922 231.3338 1.5222 0.5983 0.6306 -12.4156 2.4914 31.1514 -4.3035 0.0628
Cyclist -1 -1 -4.8108 377.9017 181.4710 396.0615 226.7328 1.8086 0.5657 1.6146 -9.3280 2.1770 30.0114 -5.1101 0.0616
Cyclist -1 -1 -8.3935 808.9435 177.0100 844.2625 221.1601 1.6318 0.4684 1.7334 8.2614 1.7964 27.7343 -8.1075 0.0608
Cyclist -1 -1 -5.0378 666.5477 180.2267 681.9056 207.7142 1.7109 0.4893 1.6023 4.0705 2.1912 46.1967 -4.9510 0.0590
Cyclist -1 -1 -5.8528 92.9665 193.0044 158.7889 246.4516 1.7300 0.6778 1.7050 -16.2469 2.4179 24.1756 -6.4396 0.0588
Cyclist -1 -1 -7.8866 697.8565 181.2122 704.0455 201.7451 1.6091 0.4345 1.7394 7.2997 2.2927 58.1516 -7.7628 0.0567
Cyclist -1 -1 -7.5287 701.5036 178.3939 715.0297 200.7731 1.7640 0.5865 1.6512 7.9018 2.2170 58.1736 -7.3949 0.0560
Cyclist -1 -1 -5.1606 826.7695 177.9947 861.3047 224.0591 1.6043 0.5190 1.6505 8.4247 1.7966 26.1735 -4.8531 0.0558
Cyclist -1 -1 -7.6130 390.0936 181.2100 415.8763 226.6101 1.7918 0.6148 1.7709 -8.5499 2.1458 29.7026 -7.8914 0.0543
Pedestrian -1 -1 -4.7896 105.9795 195.2098 128.6786 245.3589 1.6224 0.5837 0.6111 -16.5310 2.3831 24.1396 -5.3852 0.0520
Cyclist -1 -1 -6.8915 1141.0117 162.4440 1241.0000 258.4370 1.6426 0.5681 1.6966 10.3585 1.4642 12.6852 -6.2185 0.0519
Cyclist -1 -1 -7.1530 565.8588 182.9443 589.1133 211.7898 1.7409 0.5850 1.5500 -2.0508 2.3795 44.8945 -7.1990 0.0516
Cyclist -1 -1 -8.2079 819.8563 175.2945 849.0232 220.5917 1.6784 0.4843 1.7495 8.5595 1.7749 27.7188 -7.9120 0.0512
Cyclist -1 -1 -7.6782 608.8021 182.8736 617.6395 205.2889 1.6430 0.4100 1.5129 0.2180 2.4085 54.3662 -7.6748 0.0507
Car -1 -1 -7.9247 699.4714 179.1096 751.3035 224.3254 1.6043 1.7079 3.6856 4.3697 1.8635 28.0340 -7.7724 0.9634
Car -1 -1 -4.2545 316.1185 192.3253 429.9358 256.7878 1.5017 1.5317 3.5790 -6.4316 2.0873 19.8286 -4.5649 0.9554
Car -1 -1 -7.7749 705.6349 171.9671 747.3796 219.2906 2.0155 1.5828 3.8451 5.3004 1.9775 32.7855 -7.6167 0.9323
Car -1 -1 -4.2916 389.4979 182.8642 485.3199 242.5041 1.7920 1.6362 4.0810 -5.7998 2.1624 24.5627 -4.5217 0.8476
Car -1 -1 -7.6793 669.0325 183.3687 705.4951 208.4425 1.4924 1.6812 4.0932 5.0422 2.2089 46.9904 -7.5736 0.6263
Car -1 -1 -4.5006 636.7415 184.1550 663.3744 201.4383 1.4922 1.6397 4.2305 3.7604 2.5846 67.5051 -4.4457 0.1911
Car -1 -1 -4.7623 476.2589 184.1772 504.5606 209.0943 1.5413 1.6801 4.0678 -8.1505 2.3403 48.7663 -4.9275 0.1729
Car -1 -1 -5.1909 736.9435 178.7714 770.5610 195.4494 1.5100 1.5437 3.8402 13.6589 2.0913 68.8495 -4.9963 0.1292
Car -1 -1 -5.1339 527.2983 183.8735 584.6962 215.5385 1.5575 1.6035 3.9848 -3.0196 2.1870 39.1069 -5.2110 0.1216
Car -1 -1 -4.7929 577.2026 182.7999 606.9346 207.7011 1.6232 1.7384 4.6005 -1.3513 2.3631 51.3167 -4.8197 0.1191
Car -1 -1 -4.8498 994.8939 171.0085 1059.3370 216.7436 1.5576 1.5161 3.8154 15.2552 1.4945 26.6269 -4.3347 0.0985
Car -1 -1 -7.8091 732.5480 178.9350 760.6711 207.5998 1.7964 1.6728 4.3646 9.1907 2.2245 48.5161 -7.6235 0.0960
Car -1 -1 -4.9933 676.5895 180.8980 707.7110 201.1997 1.5560 1.5637 3.6319 6.6266 2.2321 58.7470 -4.8820 0.0943
Car -1 -1 -4.4273 80.1975 200.4048 160.1156 243.1777 1.4656 1.6292 4.0622 -20.0972 2.6833 29.7162 -5.0180 0.0846
Car -1 -1 -5.8566 7.6605 191.5905 175.4584 240.0274 1.5154 1.6275 4.3936 -17.6711 2.1886 24.7244 -6.4722 0.0832
Car -1 -1 -6.7528 798.6234 180.5191 903.3080 215.5268 1.4663 1.6268 4.0877 10.5501 1.8160 31.8259 -6.4360 0.0742
Car -1 -1 -4.3940 532.6888 187.2946 575.7990 214.0025 1.4669 1.5673 3.5473 -3.3592 2.3776 43.6052 -4.4710 0.0707
Car -1 -1 -4.2383 302.9463 191.6134 382.1507 229.2702 1.5049 1.6740 4.2033 -12.2406 2.4247 33.2037 -4.5894 0.0691
Car -1 -1 -4.3013 598.0490 183.2643 640.6616 205.4758 1.5810 1.7034 4.3582 0.7449 2.4207 55.8845 -4.2886 0.0631
Car -1 -1 -4.6471 602.8051 180.8986 633.8210 207.9930 1.6016 1.7119 4.3093 0.5429 2.1409 46.1809 -4.6360 0.0582
