Pedestrian -1 -1 -2.9265 334.8340 150.3443 450.0978 331.8089 1.8194 0.5317 1.0627 -2.2519 1.5175 7.3899 -3.2088 0.7743
Pedestrian -1 -1 -8.0562 838.5549 169.8736 870.5369 233.6409 1.5688 0.6150 0.7584 6.2352 1.3077 17.8110 -7.7233 0.1905
Pedestrian -1 -1 -4.9083 1000.9969 199.5526 1085.9189 369.0000 1.3341 0.4165 0.5544 3.1613 1.4841 5.2231 -4.3885 0.0961
Pedestrian -1 -1 -4.2707 0.0000 177.1282 48.8847 263.4364 1.6790 0.6110 0.7162 -11.7372 1.6137 14.1742 -4.9496 0.0819
Cyclist -1 -1 -8.0113 700.6100 165.2367 721.4313 210.7506 1.6888 0.5443 1.5651 4.0104 1.1227 27.0196 -7.8639 0.0789
Car -1 -1 -3.7624 1165.0671 156.4673 1223.0000 369.0000 1.5436 1.5795 4.0061 7.5304 1.3787 6.1130 -2.8971 0.0737
Car -1 -1 -4.6644 404.9974 173.0316 470.3589 230.5468 1.4597 1.5877 3.9920 -4.6858 1.2704 20.0483 -4.8887 0.0707
Car -1 -1 -4.1921 457.0485 161.8044 578.0302 228.2182 1.7396 1.6767 4.1231 -2.4701 1.2502 20.7454 -4.3070 0.0668
Pedestrian -1 -1 -4.5027 61.8452 174.8407 92.3409 233.1284 1.6498 0.5578 0.7580 -15.3134 1.4899 20.4722 -5.1358 0.0640
Pedestrian -1 -1 -4.5105 690.3530 162.5633 719.1868 233.1969 1.7227 0.5672 0.8098 2.4646 1.2855 17.7201 -4.3729 0.0580
Cyclist -1 -1 -7.0256 1170.9246 151.9979 1223.0000 221.6170 1.7696 0.6541 1.6820 15.7214 1.0455 18.3333 -6.3237 0.0523
Pedestrian -1 -1 -4.4808 662.6913 141.0260 677.5166 173.1515 1.7776 0.6629 0.8130 3.6584 -0.4191 39.8398 -4.3878 0.2461
Pedestrian -1 -1 -4.5189 1175.5923 164.7805 1223.0000 267.3855 1.6744 0.5739 0.7411 10.0883 1.4183 11.9956 -3.8311 0.2077
Cyclist -1 -1 -4.1494 35.9841 159.0780 131.8810 267.5737 1.8403 0.5687 1.7031 -9.4662 1.4773 12.8595 -4.7704 0.1909
Pedestrian -1 -1 -5.0298 686.9369 167.6184 727.4874 252.5536 1.6883 0.5970 0.8084 2.0411 1.4326 14.5050 -4.8913 0.1262
Pedestrian -1 -1 -5.1147 841.0436 156.9676 891.7227 261.3997 1.7956 0.5966 0.7375 4.5757 1.3913 12.5423 -4.7712 0.1258
Pedestrian -1 -1 -7.6900 753.2976 166.8221 789.7709 254.3029 1.7007 0.5920 0.8328 3.3156 1.4351 14.2433 -7.4645 0.1149
Pedestrian -1 -1 -7.8770 528.4308 163.5427 561.5978 261.0462 1.7210 0.5837 0.8805 -1.1560 1.4220 12.9489 -7.9620 0.1126
Pedestrian -1 -1 -4.0969 394.1540 164.2661 440.9303 247.5242 1.7280 0.5987 0.8320 -4.0575 1.3914 15.1697 -4.3513 0.1060
Cyclist -1 -1 -4.7559 669.3323 141.0552 679.3411 172.7158 1.7315 0.4920 1.6040 3.8924 -0.4479 39.8827 -4.6572 0.0990
Pedestrian -1 -1 -3.9863 857.1256 164.3704 912.9773 266.6779 1.6752 0.6138 0.6365 4.6975 1.4115 11.9965 -3.6203 0.0986
Cyclist -1 -1 -8.3325 846.2324 176.5135 932.2882 279.7727 1.4850 0.5296 1.6342 4.3283 1.4280 11.0097 -7.9659 0.0964
Cyclist -1 -1 -7.9456 263.2263 166.5725 300.3667 260.0341 1.7007 0.5173 1.6265 -6.3255 1.4477 13.7018 -8.3675 0.0896
Pedestrian -1 -1 -4.9437 635.8752 173.4710 674.5817 261.8541 1.5595 0.5239 0.8387 0.8607 1.4359 12.9325 -4.8772 0.0883
Pedestrian -1 -1 -8.1722 547.4147 159.8758 580.3072 234.5115 1.8124 0.6126 0.7560 -1.0733 1.3119 17.6331 -8.2301 0.0865
Cyclist -1 -1 -6.3234 655.9774 139.2496 687.8434 171.8467 1.7997 0.6616 1.7519 3.7272 -0.4894 39.6159 -6.2281 0.0855
Pedestrian -1 -1 -7.9097 779.6886 165.7867 805.1191 232.5666 1.6409 0.5788 0.6255 4.6530 1.2797 17.7369 -7.6558 0.0824
Cyclist -1 -1 -7.2898 70.3352 167.8365 154.0609 262.5900 1.6723 0.4941 1.6106 -9.2632 1.4492 13.2914 -7.8855 0.0814
Pedestrian -1 -1 -7.9631 598.7205 160.0617 626.2509 233.9332 1.7991 0.6023 0.7941 0.1379 1.3016 17.6445 -7.9536 0.0803
Cyclist -1 -1 -4.9561 656.6660 140.2519 673.0453 172.2675 1.7465 0.5240 1.7081 3.3566 -0.4749 39.9113 -4.8707 0.0737
Pedestrian -1 -1 -3.3270 819.3963 174.2638 860.0613 252.9120 1.5327 0.4997 0.6838 4.6161 1.4115 14.0696 -3.0149 0.0725
Pedestrian -1 -1 -5.0284 776.5545 161.6872 825.7889 265.7369 1.7411 0.5852 0.8364 3.3402 1.4267 12.2652 -4.7673 0.0699
Pedestrian -1 -1 -9.0151 1020.8804 160.0092 1073.2190 270.5436 1.7652 0.5573 0.5616 7.2512 1.4383 11.6814 -8.4701 0.0697
Pedestrian -1 -1 -6.6564 1116.2643 146.1823 1185.6741 263.9523 1.8610 0.5891 0.7281 8.8532 1.3191 11.5537 -6.0141 0.0673
Pedestrian -1 -1 -4.5212 1102.0601 153.5833 1152.3629 268.2951 1.8078 0.5601 0.6270 8.4901 1.3840 11.5619 -3.8993 0.0673
Cyclist -1 -1 -7.9269 510.6610 162.3108 548.4108 263.4238 1.7393 0.5620 1.8034 -1.4682 1.4268 13.0997 -8.0340 0.0663
Cyclist -1 -1 -6.4518 659.3108 142.3813 691.4590 173.9095 1.7671 0.6279 1.7357 3.9792 -0.3777 40.1566 -6.3517 0.0642
Pedestrian -1 -1 -2.4260 593.7980 166.8782 638.8966 248.5308 1.6452 0.5420 0.7711 0.1886 1.3711 14.7052 -2.4117 0.0638
Pedestrian -1 -1 -4.3814 673.6746 173.9263 710.1553 253.0304 1.5882 0.5399 0.7447 1.7605 1.4565 14.6479 -4.2626 0.0637
Pedestrian -1 -1 -7.9657 255.9146 167.0527 290.5957 253.8479 1.6368 0.5435 0.6768 -6.5083 1.3835 13.7635 -8.3967 0.0630
Pedestrian -1 -1 -4.3462 352.1413 158.2634 395.6982 244.1071 1.7934 0.6296 0.8384 -5.0027 1.3292 15.2074 -4.6559 0.0626
Pedestrian -1 -1 -3.4983 791.7433 160.8656 850.4902 263.8969 1.7336 0.5528 0.8256 3.6703 1.4036 12.2011 -3.2114 0.0622
Pedestrian -1 -1 -4.5076 865.3348 194.7969 901.4316 275.1526 1.2041 0.4491 0.4279 4.2832 1.4330 11.0029 -4.1444 0.0619
Pedestrian -1 -1 -4.7235 858.6390 197.0875 889.7941 275.1510 1.2050 0.4555 0.4713 4.2609 1.4784 11.3389 -4.3715 0.0579
Pedestrian -1 -1 -4.7320 692.9218 162.9366 717.0580 233.1781 1.7165 0.5790 0.8329 2.4575 1.2877 17.7261 -4.5949 0.0568
Pedestrian -1 -1 -5.2215 962.0897 161.8320 1016.8503 268.3047 1.6940 0.5395 0.6398 6.2328 1.3974 11.5760 -4.7373 0.0563
Cyclist -1 -1 -4.2211 1134.0619 163.4961 1223.0000 266.0107 1.6678 0.6788 1.8254 9.9981 1.3915 12.1730 -3.5447 0.0545
Pedestrian -1 -1 -8.4484 942.1573 162.3335 995.8556 267.1652 1.6722 0.5363 0.6010 5.9184 1.3828 11.6116 -7.9863 0.0542
Pedestrian -1 -1 -5.1944 882.9311 165.9344 939.3062 268.4991 1.6390 0.5923 0.6994 4.9913 1.4066 11.6726 -4.7984 0.0537
Pedestrian -1 -1 -6.5130 572.0675 166.2829 620.2635 249.4456 1.6879 0.5184 0.9078 -0.2343 1.3997 14.7115 -6.5268 0.0537
Pedestrian -1 -1 -7.3936 608.0767 161.8800 643.5070 233.6114 1.7646 0.5724 0.8672 0.4915 1.3069 17.9108 -7.3649 0.0532
Pedestrian -1 -1 -3.7098 198.4105 166.5329 246.2823 256.0151 1.6966 0.5550 0.6234 -7.5182 1.4321 13.8137 -4.1967 0.0529
Pedestrian -1 -1 -8.2008 455.5887 171.7538 495.3197 251.9172 1.6490 0.5845 0.8327 -2.8089 1.4695 15.0513 -8.3797 0.0528
Cyclist -1 -1 -7.9960 956.8181 165.8415 1012.1699 278.4024 1.6316 0.4816 1.8785 5.9315 1.4195 11.2152 -7.5195 0.0515
Pedestrian -1 -1 -5.6578 215.6004 159.1422 269.0002 252.0252 1.8102 0.5737 0.7568 -7.2827 1.3943 14.1229 -6.1230 0.0514
Pedestrian -1 -1 -5.5656 802.4178 156.5299 859.8217 260.6137 1.7687 0.6138 0.7458 3.9407 1.3617 12.4934 -5.2656 0.0514
Pedestrian -1 -1 -8.4172 642.4418 169.3286 695.1298 260.2871 1.6204 0.6433 0.7983 1.1263 1.4218 13.0985 -8.3317 0.0505
Car -1 -1 -7.8538 667.3118 141.4254 697.5278 170.2827 1.5477 1.6726 3.6885 4.4992 -0.6232 41.2103 -7.7437 0.1509
Car -1 -1 -4.9836 623.6759 142.1700 670.0659 171.4912 1.5434 1.6405 4.0263 2.3379 -0.5454 40.6734 -4.9245 0.0613
Car -1 -1 -7.8163 771.7718 176.3341 855.6271 250.3939 1.4368 1.5892 3.9674 4.6885 1.3563 15.8502 -7.5324 0.0547
