Pedestrian -1 -1 -4.3463 81.2766 172.2700 97.1811 203.1533 1.8546 0.5288 0.8047 -31.6336 1.8193 43.7868 -4.9692 0.1256
Pedestrian -1 -1 -4.9432 189.1975 169.1529 207.8013 215.5402 1.9628 0.5589 0.6582 -17.7018 1.8059 30.9618 -5.4591 0.1189
Pedestrian -1 -1 -2.9817 850.9071 166.2617 868.2429 209.9728 1.8310 0.5965 0.6107 10.5527 1.5545 30.6301 -2.6533 0.1107
Pedestrian -1 -1 -4.3168 968.7651 153.3277 1001.0727 214.9445 2.0471 0.6606 0.9592 12.7024 1.3981 24.5343 -3.8444 0.1072
Pedestrian -1 -1 -5.4103 941.8979 157.6889 970.4240 204.1315 1.9414 0.6639 0.9076 14.6710 1.3072 30.6854 -4.9684 0.1017
Pedestrian -1 -1 -3.2740 1011.5284 160.5447 1032.2877 201.2883 1.9731 0.6190 0.8064 20.1499 1.3767 35.3786 -2.7602 0.0985
Pedestrian -1 -1 -6.5593 963.9367 168.0075 980.2512 203.8558 1.8233 0.6547 0.5906 18.5619 1.5765 37.0752 -6.0987 0.0962
Car -1 -1 -5.7183 237.6061 173.0346 291.2435 191.4179 1.6771 1.5951 4.3011 -32.0405 1.6938 66.8954 -6.1636 0.0807
Pedestrian -1 -1 -2.0312 139.3865 173.1204 173.4579 232.1009 1.8100 0.6849 0.6559 -14.2588 1.8182 22.6100 -2.5887 0.0662
Car -1 -1 -7.2627 17.4047 170.2858 90.9985 201.4160 2.0485 1.8515 4.4420 -38.2414 1.8792 49.7543 -7.9156 0.0640
Car -1 -1 -8.0086 684.2081 169.9454 722.4547 201.3053 1.8916 1.7082 4.5788 5.8349 1.7159 45.8369 -7.8832 0.0611
Pedestrian -1 -1 -3.0606 50.6398 168.2324 70.2284 228.7178 1.9127 0.5714 0.4540 -17.6982 1.7663 23.1797 -3.7073 0.0605
Car -1 -1 -5.3965 726.3690 177.5097 774.9692 199.5045 1.5621 1.6659 3.6031 10.4711 1.9235 54.0649 -5.2067 0.0591
Car -1 -1 -4.7662 589.6892 175.6155 620.3781 202.6262 1.5547 1.6485 3.9748 -0.3791 1.7305 43.9818 -4.7752 0.0583
Pedestrian -1 -1 -6.8456 105.9747 170.9411 125.2169 203.2789 1.8001 0.6282 0.6603 -27.8489 1.6933 40.5918 -7.4440 0.0577
Car -1 -1 -7.8603 346.9999 164.6240 367.2216 189.7418 2.3264 1.7758 4.5751 -24.3131 1.5638 69.2816 -8.1968 0.0561
Car -1 -1 -4.8528 588.3802 178.3839 627.1534 206.7935 1.4358 1.5793 3.8128 -0.2073 1.7516 39.2467 -4.8586 0.0510
Pedestrian -1 -1 -4.7140 365.8923 148.5254 418.2789 314.3945 1.9269 0.5886 1.0255 -2.7594 1.6440 8.9581 -5.0056 0.1393
Pedestrian -1 -1 -3.3550 294.4713 139.6995 388.3510 347.5751 1.8553 0.4985 0.7481 -2.6088 1.5591 6.8508 -3.7072 0.1174
Cyclist -1 -1 -6.1955 590.2983 167.8972 634.0158 213.7378 1.8808 0.6492 1.7692 0.0533 1.6772 30.0063 -6.1944 0.0852
Cyclist -1 -1 -8.5332 877.7335 169.5849 925.8599 220.5484 1.7245 0.6003 1.7381 10.1740 1.6136 25.3343 -8.1559 0.0840
Pedestrian -1 -1 -6.7975 591.5599 172.0276 603.5525 194.6102 1.8601 0.4967 0.8620 -1.0580 1.7917 59.8636 -6.8155 0.0825
Cyclist -1 -1 -4.6925 1042.8107 169.0406 1058.9263 220.0437 1.6467 0.4392 1.5970 14.6769 1.5232 24.0881 -4.1511 0.0703
Pedestrian -1 -1 -9.0331 906.3970 172.0678 929.5284 221.8434 1.6808 0.7041 0.5033 10.5355 1.6540 24.7916 -8.6361 0.0635
Cyclist -1 -1 -7.3020 374.0628 174.8190 395.0532 202.4607 1.7488 0.5623 1.5538 -14.5801 1.8776 46.5880 -7.6040 0.0587
Pedestrian -1 -1 -7.9884 927.3878 168.2048 954.4238 222.9465 1.8283 0.7651 0.5344 11.1649 1.6727 24.4629 -7.5654 0.0524
Pedestrian -1 -1 -7.4179 920.4141 169.3245 948.7927 222.8904 1.8051 0.6947 0.6176 11.0999 1.6859 24.7802 -7.0017 0.0501
Car -1 -1 -8.1011 725.0988 183.3695 836.4356 257.6754 1.3645 1.5019 3.3079 3.4663 1.6131 15.4003 -7.8847 0.9679
Car -1 -1 -8.3083 886.4939 180.0132 1066.6124 259.0368 1.3952 1.5914 4.3141 7.4495 1.5682 15.2960 -7.8634 0.9515
Car -1 -1 -8.0324 672.7653 171.0623 742.1525 225.5417 1.7220 1.6385 4.1056 3.2197 1.6651 24.8995 -7.9060 0.8551
Car -1 -1 -8.7930 811.8109 176.3389 882.2626 204.7868 1.4954 1.3887 3.6037 13.1350 1.6986 40.2536 -8.4802 0.8043
Car -1 -1 -7.8782 634.8273 175.1281 659.5018 197.4668 1.4713 1.5987 4.0365 2.5076 1.6349 49.9751 -7.8288 0.8031
Car -1 -1 -4.7260 616.8369 175.0242 635.9533 192.9850 1.4828 1.5820 4.0866 1.3600 1.6755 62.1121 -4.7046 0.3557
Car -1 -1 -4.5297 147.5675 174.5097 178.4683 192.3559 1.4962 1.5787 4.0676 -39.0535 1.6457 63.0791 -5.0823 0.1368
Car -1 -1 -4.8480 899.9164 172.9564 973.3819 223.8038 1.5512 1.6524 4.2184 10.8281 1.5547 24.2765 -4.4335 0.0951
Car -1 -1 -8.3680 812.6315 175.5175 884.6879 207.7455 1.4905 1.6229 3.9996 11.7253 1.6303 35.8421 -8.0547 0.0774
Car -1 -1 -8.1829 340.4526 177.1220 387.3647 202.1852 1.5416 1.6542 4.1538 -16.1893 1.8335 47.2607 -8.5115 0.0700
Car -1 -1 -4.8913 693.0323 176.5535 734.9260 204.1357 1.4328 1.5967 4.0193 5.6792 1.6484 40.0691 -4.7520 0.0688
Car -1 -1 -4.8654 702.4359 176.8291 747.0131 208.0687 1.4546 1.5951 3.9799 5.6373 1.6641 36.0935 -4.7123 0.0636
Car -1 -1 -4.8267 734.8748 176.7264 773.9338 205.5177 1.4312 1.5912 3.8448 7.5887 1.6475 38.3795 -4.6334 0.0597
Car -1 -1 -4.5647 739.3190 176.4652 786.3300 210.2668 1.4782 1.6216 3.9541 7.2423 1.6595 34.1467 -4.3580 0.0569
Car -1 -1 -1.9406 107.1228 174.8586 150.6438 193.8454 1.5555 1.7002 4.1506 -40.9813 1.7310 61.4005 -2.5273 0.0509
