Car -1 -1 -3.8414 359.1390 180.9348 426.7598 205.1206 1.6042 1.7543 4.6076 -15.5680 2.2119 51.8762 -4.1319 0.7327
Car -1 -1 -3.3599 442.0721 178.8859 496.5598 196.4677 1.5020 1.5941 4.5360 -12.5727 2.0537 64.3992 -3.5523 0.3545
Pedestrian -1 -1 -6.4609 645.9682 172.2647 659.6999 197.3105 1.8288 0.5133 0.9300 3.1143 1.7854 52.9947 -6.4029 0.2563
Pedestrian -1 -1 -6.0440 607.1360 173.4364 617.4252 197.9959 1.6931 0.6438 0.5798 0.1287 1.7335 50.1407 -6.0419 0.1337
Car -1 -1 -4.7892 172.0333 188.2805 202.2021 215.5175 1.8948 1.6590 4.3461 -32.2986 3.1190 55.0135 -5.3183 0.0895
Pedestrian -1 -1 -5.5126 841.6300 171.7377 851.9753 193.4863 1.7818 0.5129 0.6315 19.5041 1.6900 59.5112 -5.1977 0.0868
Car -1 -1 -4.2275 124.6219 191.7443 188.8694 221.2617 1.5839 1.6196 3.9150 -27.1475 2.7699 43.3019 -4.7849 0.0855
Car -1 -1 -4.4401 1034.0667 167.6854 1067.9194 185.3131 1.5676 1.6211 4.0720 40.4267 1.1077 66.1497 -3.8936 0.0837
Car -1 -1 -7.7503 485.8542 177.0852 513.1276 198.5978 1.5664 1.6363 4.3587 -8.5055 1.9052 55.6237 -7.9017 0.0753
Pedestrian -1 -1 -3.7002 975.8589 167.5594 988.2487 205.0626 1.9574 0.5140 0.3598 19.5176 1.6808 37.9308 -3.2286 0.0747
Car -1 -1 -2.1704 55.6285 183.9854 122.9368 210.8803 1.5834 1.6614 3.6144 -32.5267 2.2994 45.0335 -2.7933 0.0746
Car -1 -1 -2.2974 0.0000 199.7734 32.3084 237.6959 1.5189 1.6598 4.1977 -27.9144 2.7348 31.5177 -3.0181 0.0709
Car -1 -1 -4.7662 1124.6057 172.5867 1154.0540 192.3342 1.4803 1.6194 4.0330 41.1734 1.4600 56.2213 -4.1368 0.0654
Car -1 -1 -4.4011 248.4018 176.4590 281.3832 202.7562 2.3459 1.6422 3.9030 -32.0065 2.6905 66.9711 -4.8456 0.0636
Pedestrian -1 -1 -6.7419 593.3859 171.5272 613.1126 207.3303 1.9136 0.6804 0.8545 -0.4053 1.8424 39.0615 -6.7528 0.0624
Car -1 -1 -3.9568 5.1219 191.0611 98.9951 222.3012 1.5606 1.6679 4.3619 -31.5482 2.6499 40.9258 -4.6105 0.0581
Car -1 -1 -4.7913 343.2643 180.4229 373.6492 205.6465 1.5668 1.6179 3.8057 -16.8409 2.0930 48.1275 -5.1266 0.0561
Car -1 -1 -4.8165 1164.4932 176.2563 1201.2598 198.4519 1.5147 1.6400 4.1339 41.2769 1.7704 52.0966 -4.1496 0.0547
Pedestrian -1 -1 -5.5472 640.9016 174.1458 651.9433 194.8802 1.7143 0.4962 0.7909 3.0110 1.8226 60.1688 -5.4978 0.0521
Car -1 -1 -4.4243 335.5651 179.3104 412.0854 224.6012 1.5783 1.6730 4.1897 -9.0527 1.8463 27.8615 -4.7361 0.0510
Car -1 -1 -7.7173 217.5437 169.4159 246.3129 196.4626 2.4467 1.7645 4.7029 -35.4881 2.1354 67.7838 -8.1982 0.0507
Pedestrian -1 -1 -6.0557 148.6491 185.9209 163.8059 214.0011 1.8291 0.4644 0.7623 -30.0048 2.6982 47.6635 -6.6153 0.2335
Cyclist -1 -1 -4.5229 273.2209 182.4681 289.5616 215.8558 1.6206 0.4892 1.4013 -16.5116 2.1123 36.1855 -4.9485 0.1891
Cyclist -1 -1 -4.1058 239.9323 186.8706 260.5314 211.5353 1.6250 0.4335 1.5823 -24.5919 2.5978 49.2779 -4.5668 0.0921
Cyclist -1 -1 -5.6547 262.1995 180.6270 294.6918 215.6556 1.7229 0.5250 1.4439 -16.6109 2.1155 36.0673 -6.0838 0.0802
Pedestrian -1 -1 -6.6052 533.2930 177.1645 543.3141 197.1718 1.6454 0.5297 0.6956 -5.9772 2.0052 59.8888 -6.7046 0.0799
Cyclist -1 -1 -7.4888 242.4946 186.1549 257.1388 210.8772 1.6426 0.3495 1.6063 -24.8004 2.5723 49.6341 -7.9503 0.0600
Cyclist -1 -1 -7.6516 476.7774 179.5572 487.3025 204.4623 1.5486 0.3780 1.4484 -8.1845 1.9824 45.9880 -7.8272 0.0564
Cyclist -1 -1 -4.2427 275.3951 182.1801 299.0560 215.5475 1.6211 0.4421 1.5243 -16.2477 2.0994 36.2586 -4.6615 0.0554
Car -1 -1 -4.2899 250.3726 179.5296 318.3368 213.9001 1.6543 1.6612 4.1593 -16.9190 2.0212 37.6177 -4.7102 0.4077
Car -1 -1 -4.2369 224.3024 184.2593 274.7338 209.2212 1.6172 1.6066 3.7482 -25.1232 2.4426 50.3538 -4.6978 0.3363
Car -1 -1 -7.3149 611.3084 174.9863 646.7161 191.0542 1.4425 1.5627 3.8281 1.7830 1.6472 67.3505 -7.2889 0.2661
Car -1 -1 -4.8491 573.2653 175.4211 596.7632 191.6920 1.4558 1.6371 4.1588 -2.3873 1.7032 67.4385 -4.8847 0.2142
Car -1 -1 -4.7722 313.2655 185.1971 344.2990 208.1698 1.4552 1.7744 4.1366 -19.6965 2.3551 50.3728 -5.1434 0.1873
Car -1 -1 -4.4326 259.9362 188.7442 303.8438 211.2009 1.4162 1.7661 3.9785 -22.9613 2.5756 50.5649 -4.8572 0.1389
Car -1 -1 -4.8933 726.9821 175.7071 758.0607 197.4597 1.5964 1.6741 3.8210 10.0993 1.8226 55.3658 -4.7143 0.1321
Car -1 -1 -4.7481 530.7679 176.4040 550.6772 195.0318 1.5219 1.5561 3.7446 -5.9685 1.8346 61.6556 -4.8445 0.1284
Car -1 -1 -4.6815 455.8918 176.8570 483.4494 203.4507 1.6301 1.6380 3.9224 -9.1189 1.9016 46.9178 -4.8728 0.1206
Car -1 -1 -4.1913 314.5143 181.3195 377.7255 208.6189 1.5744 1.6968 4.5489 -16.5749 2.1356 45.4783 -4.5393 0.0763
Car -1 -1 -4.2002 210.8014 185.0867 283.9063 215.4991 1.4685 1.6717 4.1501 -19.3637 2.1594 38.6549 -4.6622 0.0684
Car -1 -1 -4.4562 283.7108 186.4404 327.6320 210.6458 1.3980 1.6325 3.9402 -19.3962 2.3038 46.0552 -4.8531 0.0674
Car -1 -1 -5.2953 334.8466 185.8465 391.1267 208.4341 1.4787 1.6584 4.3934 -17.7008 2.4424 51.5369 -5.6250 0.0617
Car -1 -1 -8.2006 699.5043 175.3457 737.9758 197.4929 1.6084 1.6946 3.7990 8.1982 1.8047 54.8882 -8.0535 0.0609
Car -1 -1 -5.0607 483.5103 180.1078 518.0779 199.8413 1.5479 1.6283 3.8619 -9.1704 2.1739 60.2157 -5.2116 0.0579
Car -1 -1 -4.0515 256.5706 187.0816 318.2725 210.2731 1.3831 1.6442 3.9522 -21.3042 2.3660 47.7436 -4.4695 0.0520
