Pedestrian -1 -1 -8.5065 785.9051 171.6758 801.1440 199.0880 1.8764 0.6950 0.7708 12.6533 1.7954 49.8807 -8.2599 0.1637
Pedestrian -1 -1 -5.4080 354.1645 179.6857 371.5388 212.2316 1.7889 0.5929 0.7222 -13.8360 2.1742 40.2861 -5.7371 0.1185
Car -1 -1 -7.6114 853.3361 172.4510 896.2980 198.1336 1.5296 1.6932 3.6595 16.4990 1.5053 44.9640 -7.2622 0.1021
Pedestrian -1 -1 -4.4632 224.3083 176.2969 242.1036 215.3203 2.0478 0.6695 0.7703 -20.0831 2.2328 38.3944 -4.9425 0.0838
Pedestrian -1 -1 -8.3774 985.5562 166.3546 1011.0957 212.6613 1.9590 0.7513 0.6192 16.5531 1.6837 30.8471 -7.8893 0.0820
Car -1 -1 -4.6074 950.5034 183.7629 989.7471 213.0624 1.5852 1.6720 4.2035 21.4199 2.2674 42.9160 -4.1478 0.0810
Cyclist -1 -1 -2.9988 803.9020 186.1210 833.3821 214.4500 1.7836 0.5884 1.7661 13.4533 2.6526 46.6479 -2.7204 0.0791
Car -1 -1 -4.6340 0.0000 198.0038 51.2663 243.1630 1.6086 1.5603 3.9914 -24.4950 2.7308 30.1146 -5.3127 0.0786
Pedestrian -1 -1 -8.7732 1181.6365 167.4244 1218.3665 233.3319 1.8995 0.6233 0.5743 17.2393 1.7428 21.1492 -8.0966 0.0770
Car -1 -1 -4.9639 689.0392 180.5665 744.2601 210.7269 1.3854 1.6819 4.5250 5.2995 1.8022 36.6811 -4.8221 0.0739
Car -1 -1 -4.9705 879.3857 182.4196 909.6015 199.3257 1.4915 1.6533 4.0982 26.8246 2.4236 68.1983 -4.5977 0.0710
Car -1 -1 -4.4056 0.0000 163.4802 34.2848 192.2945 1.6547 1.6551 4.0489 -36.5856 1.1161 43.6228 -5.1006 0.0692
Pedestrian -1 -1 -4.5358 451.8376 170.1257 468.9860 209.9879 2.0389 0.7117 0.9692 -7.7874 1.8991 37.4009 -4.7401 0.0685
Pedestrian -1 -1 -8.2527 1019.4291 163.8247 1047.6459 221.2139 1.9255 0.6397 0.6073 14.3568 1.6223 24.5500 -7.7293 0.0629
Car -1 -1 -5.4370 924.2963 181.7537 971.1516 200.4674 1.6958 1.7340 4.2239 32.6009 2.5846 69.8158 -5.0022 0.0591
Car -1 -1 -5.2347 697.1895 180.2668 760.4434 208.2146 1.4404 1.6108 4.2196 6.5815 1.8808 40.6428 -5.0759 0.0570
Pedestrian -1 -1 -8.3278 1218.0813 180.7100 1241.0000 240.9114 1.7926 0.6257 0.5103 18.9143 2.0341 21.8891 -7.6225 0.0563
Car -1 -1 -5.4060 1188.9528 183.5380 1241.0000 216.9719 1.5689 1.6836 4.1335 32.3421 2.1512 37.2684 -4.6957 0.0557
Car -1 -1 -4.9780 912.1812 183.8729 947.4146 203.1977 1.5340 1.6788 4.3378 27.4582 2.5172 62.1317 -4.5642 0.0552
Car -1 -1 -4.4964 636.5797 176.3531 667.7507 197.0491 1.5851 1.6824 4.0595 3.4107 1.8775 58.1820 -4.4386 0.0516
Pedestrian -1 -1 -8.3410 780.8678 172.4373 795.0757 201.5175 1.8030 0.6429 0.6272 11.0923 1.7769 45.1198 -8.1019 0.0511
Car -1 -1 -5.2007 822.0928 177.5209 930.5977 225.4432 1.4520 1.6116 4.2621 8.8550 1.6247 24.5218 -4.8586 0.0508
Car -1 -1 -4.8422 952.3782 185.2770 984.8110 208.3915 1.6076 1.6568 4.2459 27.2086 2.5919 54.9078 -4.3848 0.0502
Pedestrian -1 -1 -4.1286 882.7793 184.0076 914.3702 253.0927 1.4157 0.4521 0.4387 6.0239 1.6551 15.1971 -3.7586 0.0500
Cyclist -1 -1 -3.4136 978.3516 176.1480 1031.9275 219.6505 1.7413 0.7752 1.7789 16.1135 1.8785 29.5433 -2.9190 0.1936
Cyclist -1 -1 -4.5206 134.8510 181.6402 169.9086 246.2695 1.6910 0.5170 1.5994 -12.6796 1.9438 19.9455 -5.0811 0.1738
Cyclist -1 -1 -7.8490 966.6238 180.8593 972.3283 202.8321 1.6797 0.3952 1.6783 28.1762 2.3168 56.6082 -7.3897 0.1738
Cyclist -1 -1 -4.1543 1192.7155 163.4886 1241.0000 308.8555 1.7185 0.6684 1.8204 8.3171 1.6074 9.1097 -3.4310 0.1358
Cyclist -1 -1 -5.4944 103.7546 176.7870 173.8481 244.2878 1.7903 0.6821 1.5912 -12.9063 1.9001 19.6985 -6.0685 0.1150
Pedestrian -1 -1 -6.1024 1194.6464 173.4912 1241.0000 299.5795 1.5668 0.5237 0.5942 7.9716 1.5752 9.3662 -5.4133 0.1099
Cyclist -1 -1 -4.5886 876.0568 177.2038 890.5286 209.6735 1.7598 0.5447 1.7971 15.2242 2.0079 40.2759 -4.2302 0.1091
Cyclist -1 -1 -8.2493 1201.8990 161.5136 1241.0000 310.0416 1.6999 0.4833 1.7443 8.1603 1.5698 9.1621 -7.5381 0.0919
Cyclist -1 -1 -4.4287 104.7102 177.5414 151.4731 246.2664 1.7495 0.5761 1.7351 -12.9823 1.8812 19.4067 -5.0121 0.0915
Pedestrian -1 -1 -7.3192 1022.3462 173.7645 1043.1051 214.1858 1.7449 0.5973 0.5301 18.4425 1.7849 31.5554 -6.7949 0.0786
Pedestrian -1 -1 -3.0838 1080.5856 174.9406 1094.9058 223.3098 1.7601 0.5264 0.4143 17.5799 1.8377 26.6189 -2.5057 0.0783
Cyclist -1 -1 -5.6151 125.3078 178.3553 190.2914 243.7777 1.7711 0.5833 1.4838 -12.5559 1.9259 19.9694 -6.1707 0.0745
Cyclist -1 -1 -7.8641 133.7321 181.0820 158.1771 249.9439 1.7236 0.5248 1.7240 -12.3596 1.9514 19.1327 -8.4316 0.0733
Cyclist -1 -1 -3.9231 898.3905 172.9857 932.6901 206.3437 1.8138 0.6718 1.7975 16.8532 1.8209 39.8868 -3.5265 0.0717
Cyclist -1 -1 -4.3448 105.1854 178.6692 155.0679 244.8939 1.7383 0.5819 1.6711 -13.3023 1.9060 19.9718 -4.9265 0.0716
Cyclist -1 -1 -4.9093 988.2582 176.0934 1010.4641 219.4572 1.7309 0.5114 1.5023 15.9777 1.8676 29.7129 -4.4206 0.0606
Cyclist -1 -1 -4.5289 787.5661 177.1278 800.0458 202.7148 1.7219 0.5314 1.7326 12.6485 2.0216 49.7540 -4.2819 0.0603
Cyclist -1 -1 -8.2882 1072.4663 176.7004 1103.6074 221.0765 1.6063 0.3710 1.4885 17.8345 1.7540 27.0127 -7.7101 0.0602
Cyclist -1 -1 -4.8956 960.9192 180.0108 972.1133 202.5501 1.7208 0.4828 1.6775 27.8899 2.2897 56.5148 -4.4397 0.0593
Pedestrian -1 -1 -5.6577 1193.0540 181.4805 1241.0000 297.0265 1.4726 0.4525 0.5760 8.1573 1.5909 9.5818 -4.9681 0.0561
Cyclist -1 -1 -4.2271 139.0238 179.0391 193.1649 244.7962 1.7413 0.5579 1.6886 -12.4008 1.9209 20.1279 -4.7736 0.0557
Cyclist -1 -1 -8.4904 1061.9835 174.4171 1103.5681 220.4237 1.6610 0.4451 1.5662 17.5578 1.7207 26.8998 -7.9176 0.0504
Car -1 -1 -4.2100 41.0409 194.6364 243.0276 278.1519 1.4064 1.6646 4.4653 -9.8591 1.9460 15.6110 -4.7659 0.9425
Car -1 -1 -4.4302 303.4643 186.7709 368.1227 227.5849 1.4243 1.5279 3.0872 -10.5642 1.9924 27.8680 -4.7898 0.8629
Car -1 -1 -7.8846 566.2728 178.4309 584.0086 194.7160 1.4873 1.5812 3.5424 -3.3735 2.0343 68.9777 -7.9336 0.3147
Car -1 -1 -4.6450 466.8546 178.8912 495.8923 205.0858 1.6222 1.6238 4.0249 -8.5008 2.0388 47.7362 -4.8207 0.3077
Car -1 -1 -4.6830 776.0278 179.6329 800.5948 204.4421 1.7479 1.6832 3.8360 13.3535 2.2748 54.0410 -4.4426 0.2244
Car -1 -1 -4.8849 648.4268 179.7185 682.0431 202.8645 1.4789 1.5868 4.2404 3.7169 1.9712 49.5888 -4.8110 0.2039
Car -1 -1 -4.6518 951.4502 180.8554 976.7876 202.3361 1.6008 1.5883 3.8873 28.1691 2.2602 57.4048 -4.1981 0.1865
Car -1 -1 -4.4637 315.3690 182.5131 406.9690 239.3087 1.5649 1.6923 4.4153 -7.8077 1.9017 22.9175 -4.7890 0.1722
Car -1 -1 -8.5255 1211.2028 176.1496 1241.0000 347.7797 1.5225 1.5425 3.0199 8.5612 1.5662 8.0564 -7.7284 0.1710
Car -1 -1 -4.5684 434.0931 181.6357 480.3447 214.8053 1.5446 1.7133 4.3128 -7.7980 2.0212 36.9743 -4.7753 0.1492
Car -1 -1 -2.6697 0.0000 187.2636 171.5711 249.8459 1.5047 1.6693 4.1665 -14.2498 1.9081 19.0477 -3.3054 0.1075
Car -1 -1 -4.6469 206.9544 189.0062 244.7283 218.9554 1.5249 1.6364 4.0948 -21.9772 2.4988 41.3172 -5.1334 0.1000
Car -1 -1 -4.5178 888.6470 176.7183 930.9921 203.8756 1.4590 1.5773 3.6187 17.1397 1.6901 41.2611 -4.1270 0.0960
Car -1 -1 -4.6693 808.8395 180.9917 834.7362 204.4554 1.6371 1.6965 4.1809 15.8975 2.2729 54.1558 -4.3857 0.0914
Car -1 -1 -4.6462 982.4186 177.0998 1029.1027 214.9260 1.4859 1.5205 3.7202 16.8701 1.6783 30.7672 -4.1491 0.0809
Car -1 -1 -7.6514 854.8681 174.7679 896.1083 202.2314 1.6247 1.6820 3.8757 16.5823 1.7495 45.0673 -7.3013 0.0795
Car -1 -1 -2.3476 368.7709 185.1184 461.0828 220.0988 1.4344 1.6491 4.0543 -8.8599 2.0167 32.5406 -2.6119 0.0785
Car -1 -1 -4.5205 142.9903 184.6796 201.1389 220.5768 1.6000 1.7222 3.9895 -21.6564 2.2213 35.7584 -5.0620 0.0725
Car -1 -1 -4.8709 543.8398 177.9488 568.0804 195.3528 1.5948 1.6811 4.2414 -5.2709 2.1025 69.6961 -4.9465 0.0576
Car -1 -1 -4.9438 631.4073 178.8791 664.1489 199.6878 1.4905 1.6308 3.8956 2.8078 1.9662 54.9411 -4.8934 0.0570
Car -1 -1 -4.4750 739.2900 180.0659 773.9818 203.6085 1.6582 1.6556 4.0787 11.0555 2.2232 54.3651 -4.2759 0.0519
