Pedestrian -1 -1 -6.2688 525.8848 176.8697 538.5786 212.3286 1.9055 0.7203 0.6773 -4.2654 2.1258 39.2522 -6.3769 0.1131
Pedestrian -1 -1 -4.8353 503.6757 177.4856 518.1578 218.9980 1.7772 0.5560 0.5730 -4.3455 1.9802 31.3164 -4.9726 0.1115
Cyclist -1 -1 -8.0886 734.5748 181.2405 763.6112 244.0287 1.6161 0.4055 1.5864 3.7103 1.8528 19.5889 -7.9050 0.0838
Pedestrian -1 -1 -3.3449 821.6035 162.2710 875.6140 289.7009 1.9773 0.6575 0.6956 3.7537 1.8128 11.5585 -3.0396 0.0813
Car -1 -1 -2.1516 0.0000 135.4181 0.0000 342.6356 1.6203 1.7131 4.4785 -8.7348 1.3273 6.7032 -3.0484 0.0576
Car -1 -1 -4.5406 502.9741 177.9281 545.8087 212.0310 1.9263 1.8135 4.6595 -5.1691 2.2510 43.8383 -4.6578 0.0571
Pedestrian -1 -1 -3.9753 767.3759 177.3949 811.0864 265.4483 1.7934 0.4898 0.7904 3.7146 1.8912 15.1646 -3.7407 0.0568
Car -1 -1 -2.2727 0.0000 144.4266 0.0000 374.0000 1.6019 1.7062 4.2709 -7.3243 1.4507 4.8715 -3.2309 0.0530
Cyclist -1 -1 -8.3216 676.7941 177.1006 695.9988 207.0132 1.6633 0.4093 1.5989 4.3135 1.9101 41.1735 -8.2185 0.0523
Pedestrian -1 -1 -4.1858 37.2744 145.3272 105.5007 282.3040 1.8450 0.5440 0.5730 -7.5299 1.4739 10.0321 -4.8171 0.0523
Pedestrian -1 -1 -7.7108 680.6926 182.5578 694.8250 217.2643 1.6183 0.5684 0.7568 3.6607 2.0854 34.3237 -7.6061 0.0500
Pedestrian -1 -1 -7.7159 437.6641 170.1577 469.1595 254.8742 1.8760 0.6072 0.7006 -3.5924 1.8160 16.3502 -7.9296 0.1442
Cyclist -1 -1 -8.3456 793.5341 187.5945 892.0956 325.2615 1.6459 0.5184 1.6409 3.0110 1.8606 9.6655 -8.0537 0.1370
Pedestrian -1 -1 -3.1801 681.8455 172.6632 694.7584 207.2888 1.9421 0.6469 0.7000 4.3891 1.9311 40.8163 -3.0743 0.1260
Cyclist -1 -1 -7.3514 441.6746 173.0275 506.8034 258.6911 1.8155 0.6772 1.7575 -3.0743 1.8193 16.2363 -7.5365 0.1214
Pedestrian -1 -1 -5.8874 392.1410 172.7056 436.5881 256.6894 1.7605 0.5686 0.7584 -4.2364 1.7571 15.4566 -6.1513 0.0974
Pedestrian -1 -1 -2.7132 0.0000 144.1103 48.0681 260.3542 1.8120 0.5291 0.6564 -9.5926 1.3636 11.5852 -3.3936 0.0962
Pedestrian -1 -1 -6.9665 439.0246 181.6219 477.9781 256.4215 1.5828 0.5618 0.6180 -3.3646 1.7793 15.7825 -7.1739 0.0932
Pedestrian -1 -1 -2.8620 801.3692 196.3561 854.3428 313.7386 1.5495 0.4166 0.6152 2.9638 1.8860 10.0001 -2.5834 0.0848
Cyclist -1 -1 -7.5824 478.8574 174.9010 517.0941 251.6000 1.7454 0.4713 1.6966 -2.7215 1.7967 17.3361 -7.7366 0.0848
Pedestrian -1 -1 -4.5948 834.2305 198.0860 872.6362 320.0399 1.4962 0.4095 0.6544 3.1184 1.8378 9.3933 -4.2851 0.0841
Pedestrian -1 -1 -2.8126 811.9054 202.7374 866.6735 317.4414 1.4534 0.4357 0.5945 3.0184 1.8683 9.6751 -2.5203 0.0701
Pedestrian -1 -1 -7.5721 444.2593 170.8236 482.1650 253.4241 1.8060 0.6417 0.7825 -3.3367 1.7613 16.1916 -7.7730 0.0587
Pedestrian -1 -1 -5.5951 487.4016 171.1091 524.2512 247.1292 1.8492 0.6501 0.6435 -2.6466 1.8065 17.9963 -5.7399 0.0582
Pedestrian -1 -1 -3.0806 431.5776 192.2073 458.0472 257.6455 1.3682 0.4392 0.5288 -3.5964 1.7906 15.4996 -3.3056 0.0549
Pedestrian -1 -1 -2.5489 402.1156 181.9995 441.1766 254.0534 1.5700 0.4929 0.6885 -4.2666 1.7789 16.1564 -2.8038 0.0505
Car -1 -1 -7.9534 651.1935 180.6010 692.0814 216.2762 1.6406 1.6767 3.2790 2.9508 2.0398 35.5543 -7.8719 0.9434
Car -1 -1 -4.5428 504.2086 181.6315 546.5110 214.4401 1.8223 1.7861 4.6450 -5.0963 2.3825 43.7101 -4.6588 0.0698
Car -1 -1 -7.6517 420.7309 175.9697 517.8585 252.9595 1.6692 1.5884 3.8139 -3.3790 1.7537 17.7180 -7.8381 0.0664
