Cyclist -1 -1 -7.4943 271.5908 175.6503 295.1534 211.3322 1.7370 0.4644 1.8083 -16.2251 1.2715 35.9117 -7.9162 0.1619
Pedestrian -1 -1 -4.7439 858.3215 171.6946 891.7551 265.7287 1.7321 0.5663 0.6728 5.0128 1.4832 13.6484 -4.3990 0.1479
Pedestrian -1 -1 -6.3497 746.0845 169.5911 772.4110 219.7412 1.8891 0.5758 0.9441 5.7323 1.3007 27.4287 -6.1461 0.1023
Car -1 -1 -4.9201 221.5784 181.5358 264.3787 209.3240 1.7826 1.7480 4.1445 -24.5553 1.5467 48.2778 -5.3888 0.0908
Cyclist -1 -1 -7.7541 289.5612 178.2604 300.8256 209.5021 1.6190 0.3864 1.6176 -16.5848 1.2587 38.0815 -8.1626 0.0844
Pedestrian -1 -1 -8.4102 502.4096 188.0410 520.4170 219.1734 1.3862 0.5845 0.5876 -4.3932 1.5157 32.4951 -8.5440 0.0771
Pedestrian -1 -1 -2.1941 333.8488 177.7111 351.0255 211.5139 2.2463 0.7160 0.8598 -17.8543 1.7478 48.3079 -2.5468 0.0745
Pedestrian -1 -1 -4.4048 1036.6044 164.0046 1093.7163 299.4058 1.7610 0.4824 0.6683 6.1499 1.4852 9.7502 -3.8553 0.0744
Cyclist -1 -1 -7.8206 0.0000 185.1086 15.7991 252.5669 1.6902 0.5030 1.6821 -15.9089 1.6877 18.8295 -8.5154 0.0702
Car -1 -1 -4.6854 87.4545 167.5487 114.3315 188.9440 1.6702 1.6647 4.0986 -41.0725 0.2912 58.2836 -5.2973 0.0701
Car -1 -1 -4.7802 609.8499 176.9146 631.6050 196.4502 1.6664 1.6309 4.2028 1.1005 0.9584 63.4578 -4.7634 0.0680
Car -1 -1 -6.4826 310.7255 185.0074 409.1978 217.7827 1.4897 1.6551 4.2196 -11.8885 1.4804 34.4538 -6.8129 0.0571
Pedestrian -1 -1 -3.4515 972.4130 169.7162 1019.8222 285.7487 1.6789 0.4476 0.5015 5.6977 1.4547 10.6639 -2.9721 0.0564
Car -1 -1 -4.7602 563.3098 178.7816 586.6825 198.4030 1.5236 1.6724 4.3318 -2.6970 1.0241 58.0530 -4.8069 0.0540
Pedestrian -1 -1 -2.7183 633.2366 179.4179 651.1562 210.7803 1.5966 0.5797 0.7505 1.7408 1.3016 37.0231 -2.6722 0.2601
Cyclist -1 -1 -2.2410 341.6535 187.9822 366.1853 214.3408 1.7462 0.5755 1.7867 -17.1523 1.9357 48.4923 -2.5798 0.2131
Cyclist -1 -1 -8.3057 618.5828 178.3190 635.5952 205.4564 1.6343 0.4293 1.4971 1.1494 1.2191 44.0610 -8.2803 0.1402
Cyclist -1 -1 -4.4059 501.4410 183.3981 521.7225 219.4357 1.5915 0.4788 1.5067 -4.3799 1.5114 32.5301 -4.5391 0.0987
Cyclist -1 -1 -7.5918 524.0651 180.8440 538.8672 206.2801 1.6147 0.5261 1.7208 -4.9558 1.3373 46.5240 -7.6977 0.0842
Cyclist -1 -1 -8.1527 634.3867 179.1782 650.1437 211.3295 1.6408 0.3964 1.4870 1.7569 1.3328 37.4543 -8.1067 0.0784
Cyclist -1 -1 -7.7785 521.8177 179.3281 531.4778 206.0589 1.6991 0.4976 1.6835 -5.2723 1.3250 46.5424 -7.8911 0.0662
Cyclist -1 -1 -4.7973 411.4412 179.1078 427.5924 216.3494 1.6898 0.5887 1.6622 -8.8168 1.4129 33.4999 -5.0531 0.0547
Car -1 -1 -7.4794 170.7690 189.7748 398.0169 305.8799 1.4707 1.6605 4.6346 -4.9125 1.5593 11.6200 -7.8714 0.9574
Car -1 -1 -7.4024 169.0365 184.2338 290.8882 238.0316 1.5047 1.6471 4.1840 -11.5423 1.4773 22.2158 -7.8769 0.9469
Car -1 -1 -7.6011 353.5353 183.0676 425.1819 223.2509 1.4513 1.6289 4.3824 -8.4927 1.3739 28.1828 -7.8915 0.9200
Car -1 -1 -7.2867 0.0000 195.6776 203.1861 294.4593 1.3919 1.5136 3.5087 -8.6615 1.5968 12.2871 -7.8907 0.9143
Car -1 -1 -7.4998 284.6843 183.4661 383.8977 237.7706 1.5160 1.6081 3.7638 -8.2666 1.4673 21.9513 -7.8563 0.8590
Car -1 -1 -7.8274 571.2189 180.2967 600.9657 207.8162 1.5030 1.6091 3.1475 -1.2292 1.2345 40.8368 -7.8577 0.8567
Car -1 -1 -7.7364 491.0275 183.4303 530.2175 213.2126 1.4257 1.5363 3.6940 -4.8852 1.3404 36.2716 -7.8697 0.7407
Car -1 -1 -7.8025 312.0198 181.2987 351.0057 215.6121 1.5619 1.5661 3.5841 -13.3053 1.3838 34.6676 -8.1667 0.3826
Car -1 -1 -2.4139 431.9227 183.8458 522.2195 217.5018 1.4702 1.6069 4.0518 -6.0855 1.4106 33.1429 -2.5945 0.3469
Car -1 -1 -4.9916 395.2173 187.0245 439.2846 211.2309 1.5137 1.6894 4.3252 -12.6799 1.6394 47.5845 -5.2511 0.2213
Car -1 -1 -4.7050 524.0547 179.1589 544.2506 198.5258 1.5010 1.5593 3.8560 -5.9126 1.0317 57.7060 -4.8071 0.1687
Car -1 -1 -4.3937 517.8142 181.8513 556.3061 204.9725 1.4646 1.5049 3.5053 -4.6471 1.2516 47.4094 -4.4912 0.1639
Car -1 -1 -5.3940 325.1331 191.0732 380.4161 214.4519 1.5237 1.5866 3.7199 -17.5316 1.9392 49.3252 -5.7343 0.1448
Car -1 -1 -4.6731 659.3958 181.0144 704.5606 221.0706 1.5068 1.6700 4.1367 3.0359 1.3489 29.2061 -4.5709 0.1403
Car -1 -1 -6.4272 622.1527 177.9114 690.3874 204.4523 1.6020 1.6760 4.0007 2.9347 1.1612 44.3817 -6.3620 0.1121
Car -1 -1 -4.9281 227.0497 185.5533 270.0866 212.5383 1.7322 1.7637 4.0511 -24.2036 1.7560 48.3276 -5.3906 0.1102
Car -1 -1 -4.6707 468.5658 183.4952 496.6163 206.0381 1.4103 1.6463 3.8878 -8.1710 1.3028 47.0053 -4.8422 0.1093
Car -1 -1 -7.8660 648.5624 179.4877 681.7278 210.0947 1.5547 1.6819 4.3011 3.0231 1.2639 38.7142 -7.7891 0.1010
Car -1 -1 -4.8827 478.6679 182.3012 507.3332 199.7560 1.3344 1.6211 3.7965 -9.1506 1.1118 57.0144 -5.0415 0.0735
Car -1 -1 -4.5588 454.5029 183.6627 486.1991 204.0059 1.3917 1.6496 3.8124 -9.7503 1.2856 51.1122 -4.7468 0.0717
Car -1 -1 -4.3476 486.3231 181.5314 525.7422 201.4142 1.4105 1.5917 3.9113 -7.4852 1.1493 53.0790 -4.4874 0.0694
