Pedestrian -1 -1 -5.8247 689.9291 166.8498 721.9278 239.9056 1.8129 0.6856 0.5634 2.3910 1.6636 18.3460 -5.6980 0.1519
Pedestrian -1 -1 -2.4555 353.6607 170.9954 363.7215 195.8165 1.9265 0.4589 0.5829 -19.6423 1.7819 56.3179 -2.7899 0.1448
Pedestrian -1 -1 -7.4364 287.1057 178.1972 340.1282 289.1605 1.6576 0.5892 0.5269 -4.5964 1.7414 11.0775 -7.8220 0.1284
Cyclist -1 -1 -6.8924 901.8600 145.5731 988.6962 229.1524 1.9873 0.6314 1.9140 8.1382 1.3384 17.6420 -6.4670 0.1004
Pedestrian -1 -1 -5.4185 876.2819 163.8266 918.8950 250.6118 1.8858 0.5616 0.6998 6.3585 1.6894 16.1020 -5.0495 0.0838
Car -1 -1 -4.2854 531.8729 175.0750 564.6708 192.9389 1.6547 1.6031 4.0882 -5.9340 1.8753 69.5727 -4.3705 0.0788
Car -1 -1 -7.5490 354.7796 166.6743 394.6802 197.3801 2.5307 1.8755 4.8692 -20.1436 2.0211 61.9097 -7.8626 0.0671
Car -1 -1 -5.0966 646.8559 176.5259 697.9438 202.8458 1.5129 1.6582 4.2140 3.7391 1.7499 44.3643 -5.0135 0.0641
Pedestrian -1 -1 -4.1704 833.9301 187.1295 894.3782 298.0845 1.5880 0.5629 0.7445 3.7849 1.8124 10.8996 -3.8458 0.0586
Car -1 -1 -6.6781 885.9789 153.3513 1038.2340 203.7788 1.5782 1.6053 4.1564 11.3173 0.9675 23.4849 -6.2341 0.0562
Car -1 -1 -5.1917 666.0161 176.9400 724.5121 205.1733 1.4660 1.5832 3.9463 4.6503 1.7054 40.2063 -5.0779 0.0538
Car -1 -1 -4.1440 0.0000 186.2188 93.4004 234.5589 1.3101 1.4968 3.4157 -17.8640 1.7559 22.3106 -4.8135 0.0523
Car -1 -1 -5.7812 564.6059 178.6413 620.3849 201.3123 1.5512 1.7169 3.6218 -1.2893 1.9790 51.7761 -5.8064 0.0515
Pedestrian -1 -1 -7.8729 717.0077 186.8882 734.5490 232.8219 1.3348 0.5028 0.3363 3.3646 1.7525 21.2898 -7.7191 0.0513
Car -1 -1 -8.2263 601.7756 175.4263 639.3083 197.9513 1.6666 1.6036 3.8757 0.7498 1.8733 55.9606 -8.2134 0.0511
Car -1 -1 -8.1237 698.7884 182.0276 861.3743 288.2518 1.5412 1.6704 4.3298 2.7885 1.7352 13.0661 -7.9191 0.0502
Pedestrian -1 -1 -4.5689 0.0000 171.8717 35.0315 247.5501 1.7176 0.6038 0.7736 -13.9377 1.6950 16.8633 -5.2520 0.4305
Cyclist -1 -1 -4.1880 14.6809 178.5804 65.1042 231.9608 1.5861 0.5261 1.5350 -17.7248 1.7700 22.4067 -4.8516 0.3298
Pedestrian -1 -1 -5.2630 844.5720 156.9929 915.2593 292.6541 1.9019 0.5601 0.9360 3.9018 1.6792 10.6313 -4.9213 0.2486
Pedestrian -1 -1 -4.1025 731.8342 161.5987 796.5598 291.2259 1.8304 0.5756 0.8190 2.2300 1.6712 10.6795 -3.9035 0.1522
Pedestrian -1 -1 -3.5926 1166.2904 146.8952 1241.0000 334.7091 1.8549 0.5777 0.8605 6.3752 1.5982 7.5065 -2.9084 0.1481
Pedestrian -1 -1 -3.7975 1103.8245 143.8807 1203.6663 314.9282 1.8984 0.6885 0.6314 6.2220 1.5765 8.3628 -3.1753 0.1423
Pedestrian -1 -1 -6.6521 0.0000 171.3005 14.4228 229.6016 1.7427 0.5603 0.3623 -18.4462 1.6960 21.8626 -7.3470 0.0814
Cyclist -1 -1 -3.9737 0.0000 172.5029 47.7811 229.7302 1.6755 0.4986 1.6845 -18.1147 1.6649 21.9797 -4.6572 0.0621
Pedestrian -1 -1 -5.1475 468.9615 170.0510 487.8354 210.3653 1.8659 0.5849 0.8101 -6.2257 1.7359 33.8949 -5.3282 0.0586
Cyclist -1 -1 -3.4308 0.0000 167.0762 36.9149 252.3094 1.8176 0.5971 1.8162 -14.2283 1.6941 16.3118 -4.1401 0.0582
Cyclist -1 -1 -6.8290 0.0000 169.5784 65.9286 250.1382 1.7597 0.5843 1.7203 -13.7224 1.6879 16.6693 -7.5100 0.0571
Pedestrian -1 -1 -5.7854 813.5698 164.4946 881.8584 292.3239 1.8130 0.5279 0.8099 3.4672 1.6942 10.7083 -5.4815 0.0522
Car -1 -1 -7.8124 578.8857 183.1005 635.8130 230.0693 1.3270 1.6654 3.3213 -0.0678 1.6747 22.8145 -7.8161 0.9468
Car -1 -1 -2.2161 270.0429 183.0139 438.0131 256.3127 1.4512 1.6005 3.8925 -5.9557 1.7079 16.5084 -2.5578 0.9447
Car -1 -1 -7.7510 506.6098 183.9710 565.2421 226.3440 1.3046 1.6432 3.8373 -2.5501 1.7212 25.1424 -7.8517 0.9359
Car -1 -1 -4.1987 106.8088 187.7467 265.3161 260.6730 1.3898 1.5308 3.4755 -9.3809 1.7598 16.2027 -4.7168 0.9284
Car -1 -1 -2.2022 338.8161 184.1703 474.7183 243.4223 1.4006 1.5483 3.8779 -5.6110 1.7351 19.5475 -2.4787 0.7617
Car -1 -1 -8.0552 667.3202 178.1556 749.8764 236.9788 1.5034 1.5815 3.8471 2.6831 1.6703 20.7752 -7.9294 0.7478
Car -1 -1 -7.8395 588.0364 178.1249 626.3044 213.4659 1.4972 1.6499 3.5442 -0.1488 1.7500 32.8774 -7.8446 0.7123
Car -1 -1 -7.9752 654.1431 178.4390 697.9168 214.2663 1.4511 1.5069 3.1626 2.7771 1.7058 31.3321 -7.8883 0.6082
Car -1 -1 -7.8545 633.7685 177.8362 657.4508 200.8585 1.4986 1.5662 3.4901 2.4068 1.8526 49.5196 -7.8067 0.5871
Car -1 -1 -2.0670 0.0000 193.2005 135.7157 374.0000 1.4926 1.6144 3.9763 -5.7915 1.6760 5.2183 -2.8789 0.5800
Car -1 -1 -5.3403 400.7296 179.9669 490.8907 222.1516 1.4602 1.4855 3.6125 -6.2999 1.7464 27.3125 -5.5654 0.5728
Car -1 -1 -8.0061 658.7088 178.4440 722.3553 223.0811 1.4136 1.6005 4.0917 2.7058 1.6266 25.4532 -7.9020 0.4566
Car -1 -1 -4.1858 86.8078 182.4046 201.9376 230.2743 1.3718 1.5088 3.5631 -14.8809 1.7027 23.2089 -4.7509 0.4351
Car -1 -1 -5.4177 458.6447 179.7005 527.3930 209.5941 1.4333 1.4506 3.6799 -6.0910 1.8020 37.1384 -5.5796 0.2620
Car -1 -1 -7.7895 523.1494 179.4555 566.2383 217.2150 1.4565 1.5749 3.5189 -2.7269 1.7490 30.2318 -7.8792 0.1568
Car -1 -1 -4.9130 222.6137 174.0160 319.5089 240.5852 1.6865 1.6988 4.1536 -9.7705 1.7227 20.5283 -5.3526 0.1366
Car -1 -1 -7.7283 563.1417 177.7706 588.5190 197.8008 1.5366 1.6080 3.5792 -2.7481 1.9448 58.1058 -7.7758 0.1209
Car -1 -1 -5.0170 876.8470 166.7801 966.1504 219.5431 1.5582 1.5382 3.8002 9.8771 1.3785 23.2711 -4.6206 0.1032
Car -1 -1 -4.5856 207.2594 185.2663 274.3375 233.4412 1.3908 1.5207 3.4409 -12.0740 1.8301 23.6735 -5.0530 0.0765
Car -1 -1 -4.8559 384.4917 175.9880 431.7696 209.0706 1.4216 1.5705 3.8756 -9.4593 1.5758 33.4910 -5.1295 0.0683
Car -1 -1 -4.7118 524.8416 177.6161 548.2592 199.1408 1.4384 1.5901 4.1472 -5.2535 1.7908 51.3076 -4.8137 0.0665
Car -1 -1 -6.4085 0.0000 0.0000 1241.0000 374.0000 1.5032 1.5814 3.8074 -5.2571 1.6792 1.9807 -7.5728 0.0658
Car -1 -1 -4.3888 542.1065 176.7202 582.8945 200.7832 1.5941 1.6296 4.1422 -3.3194 1.8774 50.7197 -4.4542 0.0619
Car -1 -1 -4.6776 608.1727 177.8875 637.1684 203.9253 1.4732 1.6200 4.0329 0.7711 1.7919 43.6745 -4.6606 0.0606
Car -1 -1 -4.8976 418.5624 174.1155 470.5753 208.7492 1.5070 1.6316 4.1429 -7.8437 1.5696 33.7825 -5.1244 0.0512
