Pedestrian -1 -1 -3.8270 725.7762 173.3221 738.3834 201.4897 1.7920 0.5525 0.5783 7.7991 1.8220 46.3009 -3.6616 0.2050
Cyclist -1 -1 -4.2873 475.1757 172.4240 502.0070 212.9254 1.7061 0.5747 1.5063 -5.2800 1.6877 31.1957 -4.4540 0.1493
Pedestrian -1 -1 -3.8300 653.7997 168.2274 666.3704 192.2038 1.8020 0.5330 0.7922 3.7667 1.4540 54.6768 -3.7619 0.1250
Pedestrian -1 -1 -7.2545 1044.0804 157.9043 1064.6360 213.4236 1.8155 0.5175 0.2685 14.6595 1.3263 23.8852 -6.7099 0.0855
Cyclist -1 -1 -4.2388 458.7101 175.0454 480.7727 206.5636 1.5755 0.4574 1.5428 -7.2185 1.6900 36.9841 -4.4306 0.0769
Pedestrian -1 -1 -7.7140 701.9589 174.2707 717.2574 207.9807 1.5780 0.6477 0.5564 4.6764 1.6454 34.1604 -7.5797 0.0687
Pedestrian -1 -1 -7.4941 713.1723 162.9825 731.6790 198.7969 1.7471 0.6712 0.7901 5.5257 1.2653 35.7076 -7.3422 0.0605
Car -1 -1 -4.4983 40.4977 184.7940 93.3352 214.9044 1.5494 1.6106 3.7856 -30.6827 2.2585 40.8155 -5.1399 0.0539
Car -1 -1 -7.9677 795.4000 169.7619 817.9418 188.7457 1.7377 1.5939 4.0610 18.5288 1.4544 68.1748 -7.7037 0.0523
Car -1 -1 -4.6600 0.0000 168.3139 17.4614 192.9459 1.5719 1.6402 4.1485 -40.7780 1.2819 48.1943 -5.3596 0.0521
Pedestrian -1 -1 -8.4463 832.9232 156.7441 865.9146 218.5199 1.8159 0.6651 0.6903 7.1238 1.3421 21.6332 -8.1327 0.2799
Pedestrian -1 -1 -7.8976 819.3393 160.1265 841.9733 222.4586 1.7448 0.5811 0.7526 6.2536 1.3883 20.6334 -7.6078 0.2310
Pedestrian -1 -1 -3.4683 1052.9156 153.0620 1112.3953 246.9956 1.6639 0.4867 0.7862 8.5206 1.3130 13.1107 -2.9026 0.1771
Pedestrian -1 -1 -7.4962 874.2513 156.9002 910.3069 231.1986 1.7034 0.6017 0.6586 6.5956 1.3373 16.9883 -7.1322 0.1757
Cyclist -1 -1 -3.8841 1014.8630 157.4335 1131.3409 248.8881 1.5690 0.6324 1.8052 8.1858 1.3041 12.8566 -3.3279 0.1336
Pedestrian -1 -1 -6.8886 779.3002 166.6729 789.2123 203.2327 1.7155 0.4581 0.2356 8.1961 1.4252 34.1135 -6.6552 0.1261
Cyclist -1 -1 -4.0895 826.0544 155.0108 881.5194 217.8315 1.7830 0.6483 1.7632 7.1435 1.2763 21.2593 -3.7699 0.1097
Cyclist -1 -1 -4.2540 302.5257 179.6783 323.9017 211.7745 1.6310 0.4684 1.3814 -15.5244 1.9937 37.6714 -4.6427 0.1015
Pedestrian -1 -1 -5.2299 924.2988 147.4316 974.2902 235.4834 1.7635 0.6019 0.8187 6.9333 1.2540 14.8852 -4.8020 0.0976
Pedestrian -1 -1 -4.8953 1028.8701 165.7946 1072.7373 254.3437 1.4901 0.5309 0.6613 7.5968 1.3710 12.5441 -4.3616 0.0877
Pedestrian -1 -1 -3.9647 577.3689 168.7678 598.0187 205.4027 1.6913 0.6281 0.7449 -1.0853 1.5024 33.7984 -3.9971 0.0825
Pedestrian -1 -1 -4.1633 1108.8385 145.7988 1176.5428 272.6379 1.6960 0.5151 0.6143 7.3252 1.3339 10.0054 -3.5457 0.0823
Pedestrian -1 -1 -8.9962 1051.2272 152.7878 1111.6116 251.5431 1.6577 0.5602 0.7151 8.1481 1.3205 12.5639 -8.4319 0.0816
Pedestrian -1 -1 -4.8072 625.7006 165.1509 641.6499 203.9415 1.7943 0.6668 0.8594 1.0639 1.4377 33.8257 -4.7765 0.0816
Pedestrian -1 -1 -3.9919 1037.9182 140.6747 1099.7429 252.7360 1.7443 0.5589 0.6363 7.3087 1.2431 11.5917 -3.4411 0.0762
Pedestrian -1 -1 -8.0280 784.0101 165.8834 800.8376 206.4119 1.7389 0.6126 0.5855 7.8594 1.4395 31.2709 -7.7845 0.0759
Cyclist -1 -1 -7.4922 819.3737 160.8086 857.2741 221.4246 1.7092 0.4938 1.7172 6.6649 1.3692 21.1740 -7.1918 0.0752
Cyclist -1 -1 -3.8908 814.2476 159.9630 877.9961 220.4489 1.6738 0.6585 1.7611 6.7083 1.3168 20.6401 -3.5812 0.0683
Pedestrian -1 -1 -5.8453 835.4429 158.7723 872.2565 220.9023 1.7298 0.5903 0.8237 6.9058 1.3374 20.5857 -5.5265 0.0683
Cyclist -1 -1 -8.0246 1049.8743 155.5158 1095.5369 251.5285 1.6058 0.3804 1.7001 8.2084 1.3155 12.9271 -7.4695 0.0668
Pedestrian -1 -1 -7.1813 1174.9092 142.2855 1218.9133 234.1700 1.6954 0.5330 0.3634 11.0136 1.1311 13.6144 -6.5118 0.0664
Pedestrian -1 -1 -6.7831 986.1035 149.1809 1033.6012 245.7802 1.7285 0.6096 0.5296 7.2608 1.3046 13.2177 -6.2906 0.0651
Pedestrian -1 -1 -3.1566 1168.3707 141.2274 1230.0959 276.4862 1.6841 0.5171 0.6028 7.5806 1.2900 9.3722 -2.4921 0.0628
Pedestrian -1 -1 -5.7097 851.6760 156.5976 891.5456 231.6897 1.7615 0.6174 0.6777 6.2486 1.3798 17.3823 -5.3705 0.0625
Pedestrian -1 -1 -4.5583 953.0932 159.0693 984.8544 234.1210 1.6041 0.5281 0.7179 7.8449 1.3092 15.8673 -4.1069 0.0613
Pedestrian -1 -1 -7.5176 1141.3920 146.1632 1204.1277 271.9279 1.6253 0.5118 0.5716 7.5040 1.2801 9.6963 -6.8740 0.0612
Pedestrian -1 -1 -8.6836 834.0438 159.4762 868.9960 220.6617 1.7337 0.6254 0.7295 6.9477 1.3543 20.9157 -8.3676 0.0610
Pedestrian -1 -1 -7.5335 1164.5316 140.5070 1230.7714 267.9852 1.6347 0.5234 0.6284 7.7966 1.2196 9.6445 -6.8687 0.0603
Pedestrian -1 -1 -4.1098 891.9435 155.7027 936.7608 232.5404 1.6999 0.6097 0.7778 6.8770 1.3201 16.4303 -3.7203 0.0591
Pedestrian -1 -1 -6.2511 776.4842 169.1605 783.4341 204.4005 1.6506 0.5035 0.3055 7.9870 1.4773 34.0789 -6.0233 0.0579
Pedestrian -1 -1 -4.4243 969.2010 153.9889 1009.3225 236.7588 1.6832 0.5982 0.6141 7.8853 1.2992 15.1016 -3.9515 0.0562
Pedestrian -1 -1 -7.6189 838.7634 155.3645 870.0105 225.1737 1.7699 0.6270 0.7033 6.3053 1.3262 18.7571 -7.2999 0.0548
Cyclist -1 -1 -7.6679 696.1276 170.6657 709.6917 202.0136 1.5581 0.4052 1.5663 4.6885 1.4490 36.6702 -7.5422 0.0544
Cyclist -1 -1 -4.6824 717.1517 167.1438 727.5056 201.0991 1.6530 0.4672 1.5971 5.5624 1.3747 35.9538 -4.5306 0.0533
Cyclist -1 -1 -4.5626 118.2844 184.4927 134.0407 219.7027 1.5800 0.3897 1.4844 -22.5856 2.1344 33.6317 -5.1505 0.0511
Car -1 -1 -4.1155 44.0463 186.7465 135.4063 222.1318 1.4131 1.5777 3.5055 -22.9860 2.0625 31.9742 -4.7351 0.9359
Car -1 -1 -4.1429 114.7721 186.4798 195.7693 216.3060 1.3759 1.6099 4.0103 -23.3331 2.1149 37.1386 -4.7009 0.9098
Car -1 -1 -4.2850 183.9746 183.0078 238.5066 209.9011 1.4795 1.5588 3.3894 -23.6030 2.1056 42.7628 -4.7870 0.8870
Car -1 -1 -4.3632 227.1967 182.2365 269.8258 205.7637 1.4506 1.4484 3.3647 -23.8476 2.0925 47.6376 -4.8254 0.7726
Car -1 -1 -4.1165 0.0000 188.5740 54.0159 233.6149 1.4401 1.5589 3.9838 -22.6750 2.0637 26.5726 -4.8181 0.6339
Car -1 -1 -4.3363 261.5766 180.8316 304.4099 202.4563 1.4957 1.5406 3.9483 -24.1698 2.1080 53.3968 -4.7598 0.5273
Car -1 -1 -4.2973 321.2041 176.5152 356.4490 194.8842 1.5862 1.5763 3.7901 -24.4115 1.9256 65.0144 -4.6554 0.4452
Car -1 -1 -4.8185 299.3336 179.3570 324.6730 197.9584 1.4582 1.5447 3.9314 -24.8801 2.0186 60.1225 -5.2095 0.4073
Car -1 -1 -7.8087 595.3049 174.0721 632.2010 205.4828 1.4770 1.6754 3.7732 0.1942 1.5407 36.0030 -7.8038 0.1974
Car -1 -1 -4.9465 478.5605 173.4722 511.7578 195.0825 1.5691 1.6038 3.9607 -8.7617 1.6174 54.6479 -5.1050 0.1835
Car -1 -1 -4.4985 794.1303 193.4250 826.9767 216.3985 1.5731 1.6294 3.9846 15.3980 3.2129 55.3864 -4.2294 0.1501
Car -1 -1 -4.5471 802.2141 185.9913 843.4165 216.7862 1.5017 1.5325 3.8743 11.5153 2.2499 39.0353 -4.2629 0.0866
Car -1 -1 -4.3570 309.3889 179.5646 350.8925 200.4205 1.4490 1.6059 3.8844 -20.6624 1.9630 53.3405 -4.7252 0.0711
Car -1 -1 -7.2559 1235.3713 129.8689 1241.0000 348.7747 1.4724 1.5831 4.0454 7.5945 1.1830 5.8008 -6.3616 0.0685
Car -1 -1 -4.6021 180.3703 182.7031 227.4063 214.3025 1.4785 1.6666 4.1418 -21.0074 2.0189 37.3832 -5.1113 0.0612
Car -1 -1 -7.4601 1231.8387 128.0260 1241.0000 374.0000 1.4810 1.5890 4.0546 5.2440 1.3498 3.3031 -6.4909 0.0569
Car -1 -1 -4.6335 260.1068 181.2749 292.6100 205.2511 1.4559 1.6152 4.2125 -22.0174 2.0381 47.6535 -5.0645 0.0509
