Pedestrian -1 -1 -7.6670 433.2378 175.4717 447.0898 213.5464 1.9498 0.6079 0.5349 -8.8093 2.0858 37.2696 -7.8979 0.1182
Pedestrian -1 -1 -8.4469 539.0145 181.4291 558.9805 221.5926 1.5464 0.5596 0.5678 -2.4422 1.8878 28.3479 -8.5327 0.0849
Car -1 -1 -4.7292 520.2426 171.9736 538.4606 189.6485 1.6613 1.6822 4.1294 -7.8650 1.5782 69.9725 -4.8410 0.0781
Car -1 -1 -4.7788 1041.3014 114.9205 1122.1846 176.1284 1.6133 1.6831 3.8741 13.6420 0.0860 21.1213 -4.2113 0.0749
Pedestrian -1 -1 -5.5241 955.8030 146.3987 1030.2439 284.4046 2.0038 0.6216 0.7834 5.7433 1.6194 10.9495 -5.0529 0.0680
Pedestrian -1 -1 -8.0511 501.2388 178.9851 519.2090 222.7522 1.7159 0.6355 0.4287 -4.0120 1.9619 28.6811 -8.1895 0.0618
Pedestrian -1 -1 -3.7128 802.5631 171.3331 888.5483 321.0542 1.7355 0.5612 0.8162 2.7884 1.7176 8.7444 -3.4152 0.0613
Car -1 -1 -6.4857 693.8994 166.2378 739.5930 183.8700 1.6594 1.6874 4.0555 10.1449 1.0364 68.8645 -6.3403 0.0579
Pedestrian -1 -1 -5.5174 461.0016 170.8588 474.9196 198.1774 1.9662 0.5325 0.8635 -10.3433 1.8223 52.3887 -5.7118 0.0549
Cyclist -1 -1 -7.3075 0.0000 167.8553 254.8708 374.0000 1.7129 0.4920 1.8530 -2.7034 1.6914 3.9802 -7.8747 0.0514
Pedestrian -1 -1 -4.7663 525.1522 167.8502 541.5126 215.4247 1.9706 0.6434 0.7335 -3.2668 1.7630 30.3007 -4.8733 0.0507
Car -1 -1 -4.8311 652.8781 172.5638 681.7888 195.1312 1.5435 1.5892 3.9023 4.0097 1.5234 51.3330 -4.7539 0.0507
Pedestrian -1 -1 -6.8005 412.0655 186.0322 449.8346 246.1348 1.4704 0.5692 0.7470 -4.5955 1.8131 18.3189 -7.0436 0.0502
Pedestrian -1 -1 -8.3363 438.7832 167.6823 452.1955 198.1682 1.9127 0.5934 0.6527 -10.4565 1.5879 45.7094 -8.5602 0.0500
Pedestrian -1 -1 -4.9688 247.3845 158.4761 304.4147 293.5330 1.8885 0.5766 0.8041 -4.9612 1.6872 10.5831 -5.3982 0.1123
Pedestrian -1 -1 -4.3603 108.6674 158.7219 178.0297 298.9084 1.8797 0.5893 0.7490 -6.5695 1.6899 10.1030 -4.9252 0.1092
Cyclist -1 -1 -4.7398 1225.4226 134.4007 1241.0000 190.1206 1.6387 0.4987 1.6360 19.0829 0.5075 22.0131 -4.0320 0.1035
Cyclist -1 -1 -4.8882 1208.4841 133.6177 1241.0000 189.6984 1.6583 0.4956 1.6345 18.8368 0.4978 22.1683 -4.1902 0.0830
Pedestrian -1 -1 -3.7501 88.1629 133.1843 224.7673 338.1450 2.0262 0.6063 1.0911 -4.8959 1.6338 7.7545 -4.2984 0.0829
Pedestrian -1 -1 -4.3453 219.5880 159.4880 280.7274 293.7213 1.8731 0.5803 0.6892 -5.2456 1.6863 10.4377 -4.8014 0.0792
Cyclist -1 -1 -5.5476 80.2431 172.6545 179.4321 264.1513 1.7797 0.5411 1.7452 -9.6513 1.7756 14.4366 -6.1287 0.0755
Cyclist -1 -1 -6.5812 659.5699 171.1890 690.8204 199.9550 1.7371 0.6838 1.7791 3.9454 1.6363 44.0914 -6.4930 0.0711
Pedestrian -1 -1 -3.6343 60.4329 168.5029 132.8017 304.5260 1.8115 0.5423 0.6400 -7.1751 1.7532 10.0170 -4.2436 0.0627
Pedestrian -1 -1 -6.1369 151.2856 151.1976 246.3844 321.0452 1.9425 0.5661 0.9173 -4.9744 1.6945 8.6790 -6.6447 0.0626
Pedestrian -1 -1 -6.0339 166.2920 171.0345 209.0148 262.4590 1.7816 0.5964 0.6071 -8.4891 1.7459 14.4304 -6.5580 0.0621
Pedestrian -1 -1 -8.0117 76.1615 165.3037 125.7063 280.6569 1.8411 0.5803 0.6444 -8.4867 1.7203 11.9496 -8.6190 0.0615
Cyclist -1 -1 -7.4369 668.7298 172.3737 685.5798 199.4929 1.6350 0.4213 1.5990 4.0951 1.6057 44.3019 -7.3457 0.0614
Pedestrian -1 -1 -4.1972 84.2579 161.6091 154.4541 302.3962 1.8871 0.5617 0.6377 -6.8461 1.7360 10.0096 -4.7850 0.0582
Pedestrian -1 -1 -7.9300 137.0956 171.2001 173.6145 261.4637 1.7609 0.5827 0.5401 -9.1698 1.7284 14.4664 -8.4869 0.0540
Pedestrian -1 -1 -3.0610 200.1390 173.6795 239.0690 271.1198 1.7269 0.5791 0.5780 -7.1722 1.7421 13.1748 -3.5515 0.0519
Pedestrian -1 -1 -6.8086 675.1517 167.1160 690.3058 197.0336 1.8210 0.6931 0.6691 4.4355 1.4714 44.3710 -6.7101 0.0519
Car -1 -1 -7.8206 591.1635 177.7839 620.3430 204.8161 1.4550 1.5540 3.9115 -0.2421 1.7519 41.5321 -7.8269 0.8904
Car -1 -1 -4.7879 1180.2390 136.7491 1241.0000 189.9860 1.4350 1.6197 3.8781 18.1003 0.4615 21.4991 -4.0947 0.2460
Car -1 -1 -4.7764 640.2997 174.6173 661.7871 192.7735 1.4921 1.5735 3.9989 3.4552 1.6475 61.6932 -4.7211 0.1077
Car -1 -1 -4.1667 579.4406 175.0432 626.7953 196.9355 1.5591 1.6436 4.1274 -0.5000 1.7294 54.0191 -4.1763 0.1027
Car -1 -1 -4.7447 653.5378 176.3472 676.4454 198.5104 1.4392 1.4388 3.2796 3.6795 1.6844 49.0478 -4.6707 0.0957
Car -1 -1 -3.3798 660.0985 178.3524 735.5988 205.3678 1.4595 1.6243 3.9261 4.8571 1.7753 40.4462 -3.2617 0.0951
Car -1 -1 -7.8885 675.7513 167.3158 703.9892 197.9036 1.8598 1.6385 3.8779 5.0038 1.5228 45.8645 -7.7809 0.0605
