Pedestrian -1 -1 -6.7598 845.4167 166.9933 859.0408 193.4463 1.8943 0.5839 0.7456 17.4299 1.4743 52.0163 -6.4385 0.1275
Pedestrian -1 -1 -4.8902 1177.1021 148.3996 1197.4541 186.2346 1.8468 0.6570 0.7709 28.5264 0.6528 35.7143 -4.2203 0.1239
Cyclist -1 -1 -3.6757 1117.1797 151.0451 1169.8724 188.1507 1.7959 0.7604 1.9666 26.1150 0.7401 35.3960 -3.0441 0.1146
Pedestrian -1 -1 -5.0448 750.5291 194.5848 773.4410 243.1118 1.1515 0.4000 0.5137 3.6636 1.6913 17.6536 -4.8444 0.1071
Pedestrian -1 -1 -5.5627 431.8463 175.3752 443.7505 201.5371 1.7635 0.5967 0.5248 -11.7489 1.9362 49.0989 -5.7967 0.1058
Pedestrian -1 -1 -6.8724 342.3458 174.9225 357.1990 209.0142 1.8328 0.5916 0.5184 -14.1836 1.9461 39.2221 -7.2176 0.0966
Pedestrian -1 -1 -3.7772 1110.8744 160.9719 1122.8263 201.8693 1.8982 0.4580 0.2283 23.6440 1.3464 33.7208 -3.1700 0.0800
Pedestrian -1 -1 -6.1577 438.4039 175.6413 448.4534 200.5854 1.7805 0.5088 0.6453 -11.9993 1.9817 51.8538 -6.3843 0.0775
Pedestrian -1 -1 -6.8490 350.1481 171.3540 365.2631 209.3981 2.0141 0.6381 0.4990 -13.5331 1.9344 38.5928 -7.1845 0.0761
Pedestrian -1 -1 -7.9690 1076.6909 154.0755 1098.9861 199.8587 1.9769 0.7604 0.4761 20.8378 1.1658 31.5388 -7.3896 0.0755
Pedestrian -1 -1 -4.7692 1019.6215 158.4326 1035.4799 200.8307 1.8951 0.5927 0.4508 18.8105 1.2502 32.5844 -4.2498 0.0655
Car -1 -1 -7.5724 197.3651 174.3480 230.6661 194.9780 1.9276 1.6971 4.3170 -38.4059 2.0771 70.0418 -8.0725 0.0631
Car -1 -1 -4.2310 682.2906 173.0044 724.5094 196.5056 1.8287 1.7027 4.0586 7.5576 1.8410 58.3230 -4.1032 0.0621
Pedestrian -1 -1 -5.0834 715.5839 186.6001 736.1583 230.0518 1.2847 0.4318 0.5824 3.4605 1.7074 21.8737 -4.9293 0.0611
Pedestrian -1 -1 -1.9947 328.8253 170.1703 342.5321 203.6322 1.9834 0.6154 0.5003 -16.4456 1.8241 43.1631 -2.3570 0.0596
Pedestrian -1 -1 -8.0369 115.4904 170.0039 142.7876 228.2132 1.9104 0.6631 0.6003 -16.1258 1.8165 24.1261 -8.6212 0.0596
Car -1 -1 -7.9066 1193.7889 153.3307 1229.3599 180.6876 1.7880 1.6400 3.9807 40.9739 0.5117 49.2450 -7.2156 0.0588
Car -1 -1 -7.9364 179.9990 167.2236 208.2583 194.9135 2.3916 1.8358 4.4750 -37.3296 1.9050 64.6827 -8.4582 0.0547
Car -1 -1 -4.8866 660.6694 175.6266 684.6783 192.0692 1.5169 1.5872 4.2190 5.9805 1.7918 69.4674 -4.8015 0.0529
Pedestrian -1 -1 -5.0713 228.8758 172.8042 252.9035 223.8750 1.8122 0.6047 0.5872 -13.3587 1.8101 26.0240 -5.5417 0.0526
Pedestrian -1 -1 -3.9963 1188.1957 157.0893 1206.5034 184.8959 1.8341 0.6044 0.7434 38.9994 0.7940 47.9534 -3.3167 0.0522
Cyclist -1 -1 -4.4939 1007.3255 163.6579 1028.4987 200.8213 1.7023 0.5269 1.6507 19.0967 1.2807 33.8412 -3.9842 0.0521
Car -1 -1 -4.7835 592.4492 176.0059 612.5572 193.1551 1.5932 1.6491 4.2085 -0.7749 1.9082 69.9954 -4.7949 0.0517
Pedestrian -1 -1 -5.2001 1025.5840 160.4988 1046.3680 200.5601 2.0112 0.8032 0.4148 21.4744 1.3906 36.4474 -4.6716 0.0512
Cyclist -1 -1 -4.8205 690.0286 175.6022 702.6263 208.7332 1.6612 0.4907 1.3799 4.3795 1.8044 36.9857 -4.7042 0.0707
Cyclist -1 -1 -4.4576 97.6710 155.8846 113.6826 182.5752 1.6951 0.4716 1.5453 -32.6174 0.6171 46.6305 -5.0654 0.0690
Cyclist -1 -1 -3.1777 680.2568 173.8955 710.5291 207.8162 1.7208 0.6143 1.5181 4.3307 1.7744 36.9918 -3.0627 0.0635
Pedestrian -1 -1 -7.8047 7.1791 176.7372 26.4687 216.9345 1.7177 0.6212 0.4983 -25.7623 1.8878 31.2911 -8.4895 0.0611
Pedestrian -1 -1 -7.6245 690.8635 177.5085 701.8705 201.7526 1.5680 0.5944 0.6028 5.6176 1.8746 47.1979 -7.5072 0.0565
Pedestrian -1 -1 -5.6792 92.8502 156.4660 113.2666 184.7462 1.8052 0.5668 0.9130 -32.5909 0.7588 46.3447 -6.2895 0.0518
Car -1 -1 -7.8370 607.2658 175.8394 660.4976 227.5160 1.5828 1.6461 3.1108 0.7632 1.6879 23.8769 -7.8062 0.9626
Car -1 -1 -4.5371 579.1191 179.2570 608.3325 199.2170 1.4013 1.5576 3.7267 -1.2095 1.8964 53.8728 -4.5599 0.6343
Car -1 -1 -4.3235 548.2471 177.5069 585.7791 197.4087 1.4802 1.5618 3.9698 -3.3687 1.8599 56.7918 -4.3828 0.4537
Car -1 -1 -4.3006 691.5792 173.5441 739.8568 199.5271 1.6605 1.6953 4.1418 7.1079 1.7086 48.4351 -4.1562 0.1739
Car -1 -1 -2.9443 0.0000 164.7477 68.3446 189.6688 1.6592 1.6723 4.0527 -40.0214 1.1192 49.7124 -3.6196 0.1694
Car -1 -1 -4.8739 513.2364 174.8921 546.6225 199.7608 1.7105 1.7383 4.2394 -5.8734 1.8643 52.2774 -4.9856 0.1287
Car -1 -1 -4.8744 698.7054 175.6140 758.5106 217.5079 1.5815 1.7150 4.4012 4.7526 1.7033 29.7334 -4.7181 0.1261
Car -1 -1 -3.1355 146.7423 174.4328 211.1167 194.5540 1.6829 1.6718 4.7382 -37.3425 1.8237 62.5669 -3.6719 0.1233
Car -1 -1 -3.1059 149.9699 173.8145 207.8542 192.7213 1.5295 1.6016 4.0917 -35.9411 1.6117 60.2274 -3.6422 0.1076
Car -1 -1 -6.6011 685.1275 174.9957 773.7536 205.8811 1.5391 1.6996 4.1958 6.1016 1.6530 37.2871 -6.4407 0.0925
Car -1 -1 -7.3702 0.0000 151.1261 72.3544 181.4882 1.6617 1.6403 3.9116 -32.9976 0.4722 41.5619 -8.0382 0.0871
Car -1 -1 -2.9928 0.0000 178.5113 79.5473 214.2283 1.4716 1.5710 3.7396 -25.8778 1.7339 31.8651 -3.6709 0.0863
Car -1 -1 -4.4256 127.4014 157.4697 176.3708 181.4217 1.5472 1.6908 4.1271 -30.9556 0.5531 48.8231 -4.9883 0.0764
Car -1 -1 -8.0511 605.4675 177.4653 665.4146 219.0340 1.5338 1.6541 3.9912 0.9091 1.7336 29.1964 -8.0209 0.0612
Car -1 -1 -7.4256 0.0000 151.4218 43.6082 180.1033 1.5712 1.6881 4.0657 -34.7741 0.3968 41.7082 -8.1175 0.0548
