Pedestrian -1 -1 -3.4504 0.0000 177.0488 32.7412 269.1781 1.4226 0.4532 0.5809 -9.7341 1.4916 11.5421 -4.1397 0.1578
Pedestrian -1 -1 -5.4689 529.4432 172.5712 545.1556 200.0787 1.8576 0.5692 0.9512 -4.9958 1.8382 49.2530 -5.5698 0.1193
Pedestrian -1 -1 -5.5773 888.6627 180.5988 934.7790 261.8341 1.7254 0.5317 0.7756 6.5811 1.9005 15.8806 -5.1919 0.0873
Cyclist -1 -1 -7.8630 588.3925 179.9590 594.4838 203.0474 1.6022 0.4169 1.4972 -1.3534 2.1144 51.2904 -7.8898 0.0848
Pedestrian -1 -1 -7.8193 429.0589 173.0807 445.5291 214.9939 1.8876 0.7112 0.5269 -7.8960 1.8977 32.8279 -8.0539 0.0739
Car -1 -1 -4.9456 703.6529 174.2646 744.0638 200.1148 1.7285 1.8001 4.5237 7.9281 1.8321 50.8263 -4.7922 0.0710
Car -1 -1 -8.4216 732.4746 181.2022 786.8745 208.7660 1.5388 1.5348 3.5296 8.9087 2.0625 43.3676 -8.2209 0.0709
Pedestrian -1 -1 -5.7959 0.0000 143.1012 25.5143 237.3052 1.8511 0.5330 0.5296 -12.2534 1.2662 14.4933 -6.4887 0.0650
Car -1 -1 -3.2664 542.4639 180.5413 607.8056 206.0811 1.5400 1.6484 3.9256 -2.2473 2.0352 45.3543 -3.3161 0.0617
Pedestrian -1 -1 -7.8795 482.4116 169.0322 495.1180 205.4892 1.9432 0.6555 0.7672 -6.5771 1.7392 38.8988 -8.0463 0.0595
Cyclist -1 -1 -7.7713 338.4865 176.7388 355.0125 220.8463 1.6303 0.4621 1.6116 -10.1257 1.7834 27.6556 -8.1196 0.0584
Car -1 -1 -5.2195 671.7708 177.6407 726.8145 202.7561 1.5847 1.6923 4.5484 5.9483 1.9248 48.8778 -5.0996 0.0579
Pedestrian -1 -1 -3.3104 903.7736 179.4919 938.5811 266.4250 1.7229 0.6710 0.5411 6.2974 1.8619 14.7470 -2.9150 0.0577
Car -1 -1 -2.3240 0.0000 138.6144 0.0000 343.9852 1.6238 1.6986 4.3571 -8.7061 1.3528 6.7184 -3.2181 0.0573
Pedestrian -1 -1 -3.7616 883.5466 170.0241 916.3488 230.8060 2.0249 0.6331 0.8143 9.7706 1.9304 24.4436 -3.3862 0.0572
Car -1 -1 -4.9518 743.3890 183.6839 803.1774 217.2900 1.4462 1.7508 4.5934 7.7536 2.0039 34.8599 -4.7353 0.0533
Cyclist -1 -1 -8.1184 920.2704 165.0004 1091.5270 374.0000 1.7172 0.6480 2.0440 3.0888 1.6635 5.9665 -7.6620 0.0531
Pedestrian -1 -1 -7.9919 341.5851 164.0570 369.9950 236.9963 1.8422 0.5937 0.7805 -6.6456 1.6197 18.7067 -8.3293 0.0519
Car -1 -1 -4.5991 644.2418 176.5935 673.9694 200.5438 1.7061 1.7543 4.4309 3.7195 2.0002 54.4661 -4.5318 0.0504
Pedestrian -1 -1 -3.8896 1028.0363 175.6575 1096.3112 312.3041 1.7730 0.5598 0.5409 6.0154 1.8117 9.7050 -3.3494 0.0503
Cyclist -1 -1 -4.9812 772.0247 181.1291 795.3975 223.1872 1.6108 0.4939 1.5874 6.8651 1.9495 28.7533 -4.7499 0.1695
Pedestrian -1 -1 -2.9162 61.2000 163.7703 118.8042 263.5649 1.6817 0.5116 0.7131 -9.0706 1.5283 12.5312 -3.5329 0.1518
Cyclist -1 -1 -4.9673 810.3843 181.0714 839.8571 238.3834 1.6805 0.4786 1.5621 6.5452 1.9417 22.1704 -4.6847 0.1307
Cyclist -1 -1 -7.8337 591.2646 179.1211 596.5642 202.2426 1.6097 0.3500 1.4487 -1.1729 2.0617 51.3511 -7.8569 0.1109
Pedestrian -1 -1 -2.0374 100.3397 161.4014 153.8350 261.9146 1.6975 0.5287 0.6796 -8.4744 1.5038 12.5838 -2.6205 0.1050
Pedestrian -1 -1 -7.3009 77.3314 163.0070 136.6676 263.4822 1.6939 0.5459 0.7219 -8.7797 1.5276 12.5381 -7.9020 0.0989
Cyclist -1 -1 -7.8548 588.3061 178.1713 594.1154 201.7531 1.6487 0.4089 1.5495 -1.3757 2.0343 51.5782 -7.8818 0.0986
Pedestrian -1 -1 -2.9222 21.9073 162.5073 76.7572 261.8061 1.6831 0.4934 0.6620 -9.8258 1.5074 12.5927 -3.5747 0.0961
Cyclist -1 -1 -4.9605 785.7213 184.5064 810.9183 232.2403 1.6181 0.4686 1.6455 6.6426 2.0459 25.6841 -4.7110 0.0944
Cyclist -1 -1 -4.4967 662.0509 178.6665 675.7408 208.6171 1.6799 0.4930 1.4340 3.3584 2.0203 41.5234 -4.4172 0.0727
Cyclist -1 -1 -4.8342 777.3322 180.5588 795.0524 226.0652 1.6557 0.4549 1.5806 6.6201 1.9559 27.3373 -4.5998 0.0722
Cyclist -1 -1 -7.8803 673.9232 179.4520 684.1571 214.1250 1.6786 0.4584 1.7711 3.4147 2.0173 36.1728 -7.7876 0.0713
Pedestrian -1 -1 -2.0905 123.7453 158.7627 180.6105 260.0471 1.7330 0.5690 0.7208 -8.1516 1.4916 12.7664 -2.6496 0.0629
Cyclist -1 -1 -4.8473 796.5092 180.3898 818.8560 230.9813 1.6766 0.4985 1.8219 6.8223 1.9484 25.1249 -4.5859 0.0576
Pedestrian -1 -1 -3.3899 811.0201 185.0333 835.4621 237.8651 1.5732 0.5648 0.5880 6.4221 1.9477 21.9122 -3.1093 0.0568
Car -1 -1 -4.5315 467.3480 177.9300 553.9904 240.2191 1.5408 1.6904 4.0812 -2.7198 1.6977 20.2657 -4.6639 0.9395
Car -1 -1 -4.5624 548.9822 178.5930 594.5139 211.3516 1.5556 1.7076 4.4629 -1.9533 1.8709 37.3753 -4.6148 0.8678
Car -1 -1 -4.7882 680.4171 178.2097 725.9966 220.6786 1.6505 1.6080 3.7079 3.8247 1.8899 30.4076 -4.6649 0.8669
Car -1 -1 -7.9796 666.4642 181.6495 705.0312 212.1207 1.4586 1.5431 3.5091 3.8336 1.9350 37.3342 -7.8786 0.7167
Car -1 -1 -8.1161 874.0385 195.0389 1197.1528 374.0000 1.4608 1.4827 2.9085 3.1934 1.6967 6.1098 -7.6554 0.6051
Car -1 -1 -4.5312 574.5392 178.8887 604.5745 201.5196 1.5568 1.5533 3.6844 -1.4851 2.0127 52.6077 -4.5597 0.2893
Car -1 -1 -4.0726 497.1344 178.9824 558.6792 206.4283 1.5489 1.6073 4.0642 -4.9662 1.9394 43.8451 -4.1852 0.0901
Car -1 -1 -8.3814 618.7086 178.7174 677.9879 208.2326 1.6161 1.6344 4.1152 2.1676 1.9798 42.5864 -8.3315 0.0808
Car -1 -1 -5.3727 647.8413 177.4660 697.6422 197.1929 1.5136 1.6931 4.3941 5.0340 1.9035 58.7429 -5.2881 0.0761
Car -1 -1 -4.4321 544.3089 179.0956 582.8032 202.6458 1.5978 1.6787 4.2615 -3.3532 2.0705 52.4136 -4.4962 0.0744
Car -1 -1 -8.9561 0.0000 0.0000 1241.0000 374.0000 1.5684 1.6337 3.7922 3.3670 1.6423 1.3747 -7.8465 0.0676
Car -1 -1 -2.2771 0.0000 146.4002 7.6082 283.6855 1.5621 1.5863 4.0766 -10.2956 1.2608 9.0645 -3.1113 0.0644
Car -1 -1 -4.5418 538.3246 179.2916 578.0126 207.2248 1.5383 1.6670 4.1949 -3.0629 1.9401 42.9046 -4.6131 0.0606
Car -1 -1 -5.6698 474.8065 181.0689 550.8162 208.8329 1.4591 1.6095 4.0411 -5.5089 1.9390 40.5365 -5.8045 0.0575
