Pedestrian -1 -1 -3.5801 592.1613 146.3824 699.9905 329.0570 1.8039 0.5010 1.0100 0.3720 1.4674 7.4051 -3.5301 0.7851
Cyclist -1 -1 -5.0797 665.6902 165.7889 694.3462 210.3831 1.7399 0.6235 1.5614 2.9741 1.1662 28.4216 -4.9749 0.1337
Pedestrian -1 -1 -7.1356 842.6995 155.0356 853.3080 192.0405 1.8538 0.4701 0.2307 12.2442 0.5783 35.6825 -6.8060 0.1230
Pedestrian -1 -1 -8.1454 837.0762 168.4610 870.9763 234.0216 1.6145 0.6048 0.7710 6.2213 1.3183 17.8089 -7.8132 0.1107
Pedestrian -1 -1 -8.0970 547.6111 158.7528 579.3830 234.6899 1.8446 0.6254 0.7616 -1.0828 1.3166 17.6312 -8.1554 0.1068
Pedestrian -1 -1 -4.9721 1015.1207 201.8644 1105.8269 369.0000 1.2979 0.4151 0.5675 3.2840 1.4661 5.2206 -4.4356 0.0915
Pedestrian -1 -1 -5.4125 1123.4445 205.0174 1223.0000 369.0000 1.2808 0.3997 0.5870 4.3279 1.4792 5.4049 -4.7637 0.0615
Pedestrian -1 -1 -4.8218 295.5078 183.6181 317.5218 238.0966 1.4072 0.4830 0.5253 -7.9155 1.4913 18.6501 -5.2153 0.0576
Car -1 -1 -2.1032 0.0000 172.3210 0.0000 293.2826 1.5528 1.6184 4.2382 -11.5730 1.4482 10.3151 -2.9289 0.0556
Car -1 -1 -3.7990 1170.4250 157.7741 1223.0000 369.0000 1.5269 1.5761 4.0153 7.5770 1.3694 6.1043 -2.9301 0.0548
Pedestrian -1 -1 -2.8532 207.4760 169.7013 231.3633 218.0040 1.7335 0.5077 0.6430 -14.0353 1.3462 25.6892 -3.3463 0.0502
Pedestrian -1 -1 -5.2118 1174.1934 175.4026 1223.0000 270.1397 1.5515 0.5189 0.7727 10.1448 1.4684 12.0081 -4.5218 0.1582
Cyclist -1 -1 -2.9582 649.3010 139.3353 680.9460 171.4661 1.7728 0.6687 1.6839 3.3792 -0.5162 39.8657 -2.8721 0.1508
Pedestrian -1 -1 -8.6053 1006.4178 166.2349 1066.5337 269.0198 1.6740 0.5800 0.6412 7.1963 1.4420 11.8906 -8.0713 0.1444
Pedestrian -1 -1 -3.8189 744.5001 169.5092 797.1418 254.7754 1.6616 0.5358 0.8924 3.2858 1.4478 14.2148 -3.5949 0.1315
Pedestrian -1 -1 -4.5670 22.2805 168.0662 68.4461 256.6705 1.7398 0.6304 0.7250 -11.3918 1.4960 14.3537 -5.2253 0.1188
Pedestrian -1 -1 -4.6137 678.9435 167.1705 711.1633 250.6525 1.6664 0.5927 0.7081 1.8103 1.4006 14.5237 -4.4907 0.1157
Cyclist -1 -1 -3.5439 974.1296 157.2842 1120.8572 270.5579 1.8003 0.6046 1.9778 7.2116 1.4317 11.6750 -3.0010 0.0999
Pedestrian -1 -1 -3.1032 1118.3195 156.6360 1175.0430 269.4890 1.7803 0.5903 0.7245 8.8453 1.4042 11.6110 -2.4638 0.0941
Pedestrian -1 -1 -5.1573 841.2862 163.4017 889.9875 260.2834 1.6951 0.5824 0.6810 4.6371 1.3963 12.7390 -4.8145 0.0895
Pedestrian -1 -1 -7.8966 662.1172 160.7552 689.2037 233.9844 1.7937 0.6412 0.7338 1.7200 1.3104 17.7023 -7.7997 0.0890
Cyclist -1 -1 -4.3020 43.6873 162.2370 125.0579 265.0292 1.7431 0.5506 1.6835 -9.4742 1.4338 12.8703 -4.9230 0.0865
Pedestrian -1 -1 -4.3934 0.0000 173.6931 49.9848 260.1871 1.6834 0.6063 0.6660 -11.6716 1.5513 14.1789 -5.0694 0.0828
Pedestrian -1 -1 -7.4363 662.1255 139.6411 678.9822 172.3133 1.7952 0.7052 0.7274 3.6586 -0.4639 39.5857 -7.3427 0.0820
Cyclist -1 -1 -6.4179 657.4634 141.1292 689.4596 173.1450 1.7949 0.6353 1.7385 3.8686 -0.4212 40.1502 -6.3204 0.0819
Pedestrian -1 -1 -2.8226 818.1643 176.6679 858.9965 253.0221 1.4767 0.4648 0.6602 4.5972 1.4030 14.0569 -2.5114 0.0798
Pedestrian -1 -1 -3.5468 1035.8644 159.0562 1093.8966 270.0015 1.7708 0.5587 0.6246 7.4884 1.4289 11.6100 -2.9847 0.0793
Pedestrian -1 -1 -4.9739 676.2976 161.2624 708.5237 234.3533 1.7781 0.5908 0.8726 2.1344 1.3105 17.6746 -4.8540 0.0792
Pedestrian -1 -1 -4.2209 857.6562 162.1053 910.9229 267.2752 1.7026 0.5579 0.7331 4.6512 1.4052 11.8970 -3.8555 0.0790
Pedestrian -1 -1 -4.9193 1103.8784 162.5251 1155.9740 272.3657 1.7375 0.5602 0.6268 8.5360 1.4536 11.5844 -4.2957 0.0746
Pedestrian -1 -1 -4.7418 783.8778 164.5578 820.7629 266.1073 1.7018 0.5873 0.7559 3.3682 1.4350 12.2847 -4.4791 0.0704
Pedestrian -1 -1 -4.6251 388.0137 162.8684 419.6299 247.0211 1.7508 0.5793 0.8318 -4.3517 1.3843 15.1724 -4.8971 0.0699
Cyclist -1 -1 -7.9451 949.6619 161.5327 999.9300 272.4864 1.6584 0.5336 1.8128 5.9363 1.3753 11.5093 -7.4784 0.0690
Pedestrian -1 -1 -8.4060 643.8196 167.7685 695.4214 260.3804 1.6515 0.6464 0.7615 1.1419 1.4248 13.0938 -8.3194 0.0679
Pedestrian -1 -1 -4.7103 450.0687 163.9485 480.6796 248.9015 1.7472 0.6203 0.8529 -3.0081 1.4072 15.0192 -4.9021 0.0673
Cyclist -1 -1 -7.7925 508.5592 167.2766 544.8046 263.8331 1.6616 0.5546 1.7997 -1.4731 1.4344 13.0790 -7.9002 0.0669
Pedestrian -1 -1 -3.0464 62.9870 171.7062 100.3838 248.4165 1.7272 0.5146 0.6436 -12.1015 1.5296 16.3052 -3.6738 0.0660
Cyclist -1 -1 -8.0802 856.2955 173.5460 921.3081 278.9500 1.5150 0.5524 1.6871 4.3394 1.4155 11.0366 -7.7136 0.0650
Pedestrian -1 -1 -6.7951 706.8047 163.4624 748.1994 233.7690 1.7463 0.5516 0.8785 3.0687 1.3234 17.9694 -6.6271 0.0649
Pedestrian -1 -1 -4.6980 884.6158 162.1536 925.6847 265.4142 1.6695 0.6174 0.7453 4.9976 1.3732 11.8952 -4.3080 0.0629
Cyclist -1 -1 -5.0108 655.1033 138.3675 673.5677 170.4286 1.7475 0.5745 1.6678 3.3311 -0.5816 39.9638 -4.9261 0.0628
Pedestrian -1 -1 -7.8257 526.3152 164.2417 559.0305 259.6013 1.6839 0.5724 0.8120 -1.1760 1.3971 12.9072 -7.9125 0.0628
Cyclist -1 -1 -3.6250 844.3334 171.3040 975.2797 277.7850 1.5850 0.6724 1.7513 4.6416 1.4485 10.9389 -3.2324 0.0621
Pedestrian -1 -1 -2.8176 902.3650 187.2624 942.6381 271.1170 1.2861 0.4556 0.4658 4.9892 1.3969 11.2214 -2.4079 0.0621
Cyclist -1 -1 -3.5914 906.1018 171.4886 1062.4967 287.1925 1.5690 0.7671 1.7938 5.2642 1.4472 9.9929 -3.1179 0.0609
Pedestrian -1 -1 -8.1605 964.6276 165.5125 1014.3301 270.4781 1.6697 0.5478 0.6215 6.2466 1.4317 11.6016 -7.6763 0.0580
Pedestrian -1 -1 -7.1448 695.3981 170.7835 731.2327 235.2489 1.5964 0.5795 0.7072 2.7103 1.3561 17.9599 -6.9959 0.0577
Pedestrian -1 -1 -4.6951 1089.2582 152.5981 1132.6980 267.6046 1.8066 0.5628 0.6853 8.2110 1.3687 11.5493 -4.0883 0.0567
Pedestrian -1 -1 -8.7357 940.5269 165.1305 994.9493 269.1036 1.6511 0.5430 0.5829 5.8982 1.4075 11.6052 -8.2747 0.0567
Pedestrian -1 -1 -8.1167 1004.6260 162.9427 1052.3383 268.1031 1.6821 0.5447 0.5468 6.9135 1.4016 11.6444 -7.5912 0.0561
Pedestrian -1 -1 -3.1229 185.3889 166.4596 222.4204 253.7239 1.6584 0.5416 0.6154 -7.8768 1.3920 13.8205 -3.6293 0.0551
Pedestrian -1 -1 -7.9263 265.7234 163.5498 301.9661 255.5173 1.7186 0.5838 0.8991 -6.2976 1.4022 13.7468 -8.3454 0.0540
Cyclist -1 -1 -7.8731 498.2972 167.7068 528.6503 264.1524 1.6631 0.5209 1.7853 -1.7627 1.4429 13.1134 -8.0018 0.0525
Pedestrian -1 -1 -7.6686 975.9551 158.8105 1023.9239 270.0980 1.7860 0.5968 0.6416 6.5348 1.4383 11.7839 -7.1719 0.0520
Pedestrian -1 -1 -2.8856 86.7108 161.9408 136.7349 253.6176 1.7723 0.5480 0.6958 -9.8309 1.4139 14.0437 -3.4839 0.0518
Pedestrian -1 -1 -6.2974 205.1557 166.6262 238.8890 254.4196 1.6720 0.5658 0.5710 -7.5478 1.4081 13.8508 -6.7849 0.0513
Car -1 -1 -6.2315 653.2298 142.7270 719.3658 170.4509 1.5035 1.6123 3.6602 4.6376 -0.5875 40.2423 -6.1154 0.1226
Car -1 -1 -5.4940 0.0000 180.6671 121.1160 223.3234 1.4677 1.5754 4.0207 -19.8516 1.4742 25.3838 -6.1499 0.1060
