Pedestrian -1 -1 -5.9070 72.6299 184.7981 97.2818 221.8535 1.8845 0.6194 0.8649 -27.2220 2.5095 37.3651 -6.5334 0.1156
Cyclist -1 -1 -5.5286 882.3259 172.8464 927.0690 219.8998 1.6699 0.5479 1.5605 10.7307 1.6694 26.4308 -5.1474 0.0979
Car -1 -1 -4.5648 280.7946 177.2910 310.9283 201.9076 2.0677 1.8260 4.2909 -27.7286 2.4736 63.7466 -4.9738 0.0669
Pedestrian -1 -1 -7.9661 949.7393 161.3820 965.5068 202.0170 1.9595 0.6266 0.5996 16.9041 1.4060 35.1799 -7.5218 0.0662
Pedestrian -1 -1 -2.8913 636.6552 164.3974 717.8574 320.9628 1.8042 0.5185 0.8773 0.7601 1.7064 8.7030 -2.8089 0.0638
Pedestrian -1 -1 -6.0948 1076.3158 173.8377 1098.8335 211.4567 1.8340 0.7208 0.8125 23.6195 1.8832 35.7467 -5.5152 0.0618
Car -1 -1 -4.5776 373.0347 182.5647 410.4664 209.7809 1.5613 1.6821 4.2826 -13.6611 2.2001 45.2423 -4.8696 0.0606
Car -1 -1 -7.9377 1082.4698 190.5285 1150.9851 245.4257 1.7048 1.6398 4.1555 18.1375 2.3966 26.0416 -7.3354 0.0599
Pedestrian -1 -1 -6.3251 38.1479 189.2451 56.3678 227.2940 1.7887 0.6242 0.6683 -27.1550 2.5884 34.7647 -6.9847 0.0588
Pedestrian -1 -1 -3.0333 1021.6531 175.2806 1035.0415 212.9528 1.9352 0.7829 0.5255 21.7614 2.0630 37.5977 -2.5125 0.0553
Car -1 -1 -4.5591 0.0000 184.5667 34.8791 212.6203 1.5686 1.6104 4.0899 -36.7421 2.3231 44.3259 -5.2484 0.0550
Car -1 -1 -5.4974 1078.7300 184.0195 1163.2657 214.9523 1.6307 1.6361 3.9806 29.3584 2.3075 41.6568 -4.8873 0.0538
Pedestrian -1 -1 -6.7149 688.2338 171.3206 702.9176 196.4525 1.8802 0.5117 0.9739 6.4191 1.7652 54.3754 -6.5985 0.2163
Cyclist -1 -1 -4.8015 689.6381 173.9214 700.8368 196.9851 1.7084 0.6898 1.6528 6.3862 1.7897 54.3592 -4.6856 0.1575
Pedestrian -1 -1 -8.7852 928.8301 170.1471 961.1898 231.7846 1.7739 0.5986 0.6297 9.7847 1.6957 21.1864 -8.3585 0.1385
Pedestrian -1 -1 -6.7879 736.1907 174.0306 752.4743 202.9855 1.7843 0.6353 0.7870 8.3270 1.8579 44.9239 -6.6063 0.1040
Pedestrian -1 -1 -4.2913 1017.0414 170.1446 1036.9980 208.6250 1.7808 0.6432 0.5476 19.4997 1.6551 33.8131 -3.7724 0.0945
Cyclist -1 -1 -8.0647 744.6513 173.3787 758.4753 204.2042 1.7696 0.4522 1.6614 8.2519 1.8007 42.2851 -7.8737 0.0733
Pedestrian -1 -1 -6.5591 202.7129 185.1321 215.9156 211.6882 1.7189 0.8293 0.5584 -26.4945 2.5378 47.6490 -7.0644 0.0588
Cyclist -1 -1 -2.9040 85.8779 189.2003 125.0170 221.5635 1.7923 0.6504 1.7269 -28.8284 2.7393 41.1971 -3.5117 0.0556
Cyclist -1 -1 -4.7193 1018.8850 171.8482 1030.7119 207.9177 1.6580 0.4622 1.6755 19.5038 1.6115 34.0107 -4.2027 0.0551
Pedestrian -1 -1 -6.1112 197.8051 183.5582 213.8172 212.3947 1.8517 0.8520 0.7800 -26.5002 2.5604 47.2580 -6.6202 0.0532
Pedestrian -1 -1 -7.5777 1045.0865 167.7754 1066.1379 208.2356 1.8383 0.7172 0.4984 20.4703 1.6073 33.2157 -7.0298 0.0527
Pedestrian -1 -1 -3.0873 954.5485 166.3838 990.0153 239.4699 1.7908 0.5102 0.7726 9.0329 1.6319 18.0904 -2.6313 0.0518
Cyclist -1 -1 -3.4034 898.5693 168.0492 971.3170 229.6842 1.7745 0.6237 1.8511 9.4854 1.6358 21.2220 -2.9889 0.0509
Pedestrian -1 -1 -4.0382 874.6985 168.3530 905.2383 229.1914 1.8116 0.5730 0.6692 8.4481 1.6773 21.9024 -3.6752 0.0505
Car -1 -1 -4.1738 104.2951 192.7990 206.2711 234.1534 1.5374 1.7728 4.2344 -19.4372 2.4533 31.0131 -4.7300 0.9251
Car -1 -1 -4.3126 302.3529 186.9584 355.4783 215.6999 1.4965 1.5271 3.6390 -16.0278 2.3379 41.2176 -4.6816 0.9132
Car -1 -1 -6.8861 785.0193 173.5477 872.8329 209.3459 1.6972 1.6721 3.8944 10.7666 1.7326 35.6573 -6.5957 0.1580
Car -1 -1 -4.4413 427.1551 183.7175 454.0494 199.9977 1.4398 1.6118 3.3961 -15.9195 2.4872 67.8515 -4.6713 0.1284
Car -1 -1 -3.5264 1013.2122 182.4605 1104.1740 214.4185 1.5363 1.6389 3.5436 22.5560 2.0359 36.4477 -2.9764 0.1014
Car -1 -1 -7.9269 214.5528 180.1376 240.3102 199.7354 1.5514 1.6313 4.0537 -32.3209 2.1873 60.8680 -8.4134 0.0952
Car -1 -1 -4.7564 739.0976 172.3141 768.2881 201.7102 1.8083 1.6583 3.8745 9.1701 1.7748 46.4236 -4.5631 0.0836
Car -1 -1 -4.2960 83.5996 191.5926 149.4448 221.0507 1.5510 1.6498 4.2723 -29.4111 2.7285 43.1011 -4.8921 0.0830
Car -1 -1 -4.7694 973.7137 183.3707 1012.2617 215.0480 1.5425 1.5762 4.0211 20.4583 2.1381 38.7239 -4.2871 0.0764
Car -1 -1 -4.3298 0.0000 198.5997 58.4134 233.4640 1.5124 1.6285 4.0690 -29.9517 2.9000 36.7103 -5.0108 0.0747
Car -1 -1 -6.8876 208.2137 183.4941 273.5804 210.7804 1.7532 1.6868 3.7355 -25.5526 2.5204 49.9994 -7.3582 0.0662
Car -1 -1 -4.4488 43.1123 194.4012 102.6314 224.8802 1.5397 1.6903 4.3890 -31.2988 2.8676 42.1257 -5.0850 0.0530
