Pedestrian -1 -1 -4.5175 754.7237 179.6118 772.0547 222.2684 1.6646 0.5632 0.6400 6.0565 1.9368 28.6892 -4.3123 0.3617
Cyclist -1 -1 -7.8550 806.2418 168.1894 832.0202 264.7081 1.8861 0.4860 1.7110 4.2798 1.7946 14.9891 -7.5831 0.2032
Pedestrian -1 -1 -6.3661 937.6589 175.2126 951.5242 205.2066 1.9552 0.6943 0.7716 22.0190 2.1119 47.5642 -5.9354 0.1287
Cyclist -1 -1 -4.9395 97.3064 176.6379 110.9823 205.7478 1.6377 0.2978 1.5775 -29.0647 1.8579 41.3988 -5.5487 0.1227
Pedestrian -1 -1 -4.9541 158.9522 189.6490 188.4627 246.2002 1.6625 0.6492 0.5749 -13.2917 2.1821 21.9019 -5.4945 0.1165
Cyclist -1 -1 -7.8609 329.7948 189.8177 341.5526 226.1343 1.6192 0.5046 1.7717 -12.9526 2.4385 33.9448 -8.2233 0.1124
Car -1 -1 -5.0611 722.7627 186.8119 760.6823 210.2901 1.5654 1.5269 3.6936 9.4870 2.6160 52.3756 -4.8835 0.1029
Car -1 -1 -5.6169 1014.9235 181.3399 1092.9963 208.3210 1.4468 1.5766 3.6677 25.6897 1.9631 41.9377 -5.0708 0.0936
Car -1 -1 -4.6913 0.0000 204.8707 35.9525 236.9193 1.5478 1.7160 4.2824 -34.1584 3.4867 41.4870 -5.3771 0.0692
Car -1 -1 -5.3251 691.9029 183.6830 731.4039 202.2565 1.6727 1.7747 4.0400 9.7691 2.7523 69.7506 -5.1870 0.0666
Car -1 -1 -4.2901 172.3297 193.7071 240.7094 226.1087 1.5887 1.6988 4.3737 -22.5922 2.8247 40.5250 -4.7962 0.0657
Car -1 -1 -5.1286 761.4831 184.3145 796.7031 202.1642 1.5981 1.7377 4.2416 16.2751 2.7411 69.7311 -4.9008 0.0618
Pedestrian -1 -1 -6.1553 381.9326 189.4276 398.3668 219.0057 1.7403 0.5771 0.8752 -13.1983 2.7408 43.2120 -6.4505 0.0613
Pedestrian -1 -1 -3.3243 527.7625 177.3846 537.6403 200.0506 1.8448 0.5276 0.7220 -6.3718 2.2186 59.2249 -3.4314 0.0609
Car -1 -1 -4.5098 79.4682 176.9227 120.6570 205.8698 2.1439 1.8073 4.2309 -39.8121 2.4745 56.3860 -5.1226 0.0607
Pedestrian -1 -1 -4.6703 314.7089 183.8279 322.6962 207.1503 2.0207 0.6216 0.6911 -25.5959 2.9904 63.3484 -5.0531 0.0590
Car -1 -1 -3.0494 218.3107 196.6890 271.3126 215.6892 1.5409 1.5898 4.0459 -32.2145 3.6941 63.7107 -3.5162 0.0562
Cyclist -1 -1 -3.7463 951.7510 176.7938 982.6016 204.5768 1.8253 0.6058 1.8174 23.7052 2.0892 47.9608 -3.2902 0.0548
Car -1 -1 -4.7501 465.0050 184.8816 496.0427 213.9003 1.6222 1.7164 4.3879 -8.0786 2.4039 44.5903 -4.9288 0.0545
Car -1 -1 -4.5509 0.0000 195.3414 29.6424 221.7511 1.5827 1.7371 4.1566 -41.1525 3.1876 49.2733 -5.2443 0.0541
Car -1 -1 -4.3069 285.8097 195.4609 334.7713 220.6412 1.5177 1.6271 4.0020 -20.3660 3.1193 49.1152 -4.6985 0.0540
Car -1 -1 -5.3342 738.2913 185.7608 779.6136 203.4571 1.5647 1.7795 4.1858 14.2602 2.8463 69.3879 -5.1328 0.0538
Car -1 -1 -4.8747 489.9929 185.9035 528.3629 213.7017 1.5577 1.6653 4.4536 -6.3774 2.4148 45.0348 -5.0151 0.0538
Car -1 -1 -4.6672 512.7876 181.5539 532.3046 200.0189 1.6819 1.6881 4.3669 -8.4825 2.5536 70.0751 -4.7876 0.0537
Car -1 -1 -4.7884 1151.8864 177.4350 1204.5270 212.3062 1.5347 1.6571 3.8147 26.9278 1.7654 34.3415 -4.1280 0.0515
Pedestrian -1 -1 -3.8221 461.6899 177.8361 484.8708 224.5124 1.8799 0.5961 0.7208 -5.6566 2.0874 29.6271 -4.0097 0.0514
Pedestrian -1 -1 -6.7291 1041.1298 174.8058 1056.3755 199.2664 1.8052 0.6482 0.7627 32.5995 1.9510 53.6652 -6.1860 0.1893
Cyclist -1 -1 -7.9604 1042.0911 176.9049 1049.9382 199.6202 1.6685 0.3414 1.4852 32.6050 1.9756 54.0113 -7.4201 0.1249
Pedestrian -1 -1 -6.6238 1057.9720 176.4361 1078.9443 206.7015 1.7363 0.6082 0.8728 26.5680 1.9459 41.8803 -6.0621 0.0893
Cyclist -1 -1 -5.7638 1044.5590 175.6952 1082.8834 207.8307 1.7711 0.5373 1.8056 25.6342 1.9353 40.8526 -5.2071 0.0821
Pedestrian -1 -1 -3.3069 922.3806 177.7973 934.6766 202.1697 1.8458 0.6335 0.7650 24.3403 2.2265 55.2083 -2.8941 0.0630
Car -1 -1 -7.7471 606.3157 185.0592 644.2125 215.5133 1.4471 1.5862 3.9672 0.8142 2.1248 38.0121 -7.7265 0.9198
Car -1 -1 -5.1086 1166.2164 180.2310 1225.2083 206.4796 1.5082 1.5356 3.6068 36.0064 1.9827 44.4972 -4.4319 0.4370
Car -1 -1 -4.8188 913.3895 179.2060 942.1202 203.1614 1.7761 1.6388 3.9982 24.9398 2.2947 56.7914 -4.4074 0.2097
Car -1 -1 -4.6253 1104.5319 179.1784 1138.1810 202.2317 1.5016 1.5867 3.8916 35.4922 1.9579 50.0929 -4.0120 0.1878
Car -1 -1 -4.6817 1100.8354 176.0932 1126.4014 195.8020 1.5322 1.6005 3.9659 41.0645 1.8053 58.8427 -4.0751 0.1585
Car -1 -1 -7.5925 411.9157 188.0269 448.0466 210.4528 1.5147 1.6128 4.0229 -13.3277 2.6821 53.5013 -7.8359 0.1374
Car -1 -1 -7.4753 429.3759 187.3602 464.3790 207.2178 1.5703 1.6339 3.8320 -14.0047 2.8576 62.0287 -7.6968 0.1270
Car -1 -1 -4.9016 838.2635 186.6986 872.1671 210.5793 1.5135 1.5660 3.5070 16.8182 2.5023 49.7081 -4.5777 0.1092
Car -1 -1 -5.6522 1010.1852 179.5629 1090.6206 207.0052 1.4864 1.6198 3.7744 25.6045 1.8970 42.1393 -5.1097 0.0914
Car -1 -1 -4.7003 1078.0354 179.6482 1105.0626 201.4824 1.4822 1.5789 3.8373 34.8697 1.9933 52.2764 -4.1151 0.0906
Car -1 -1 -5.1311 863.5754 185.5601 916.6736 210.0949 1.5026 1.6701 4.4343 18.8280 2.4011 48.7857 -4.7654 0.0689
Car -1 -1 -7.8027 1036.4615 176.4095 1064.5505 199.3038 1.6567 1.6350 4.0370 33.5745 1.9379 55.0024 -7.2574 0.0684
Car -1 -1 -3.6372 924.1664 181.5529 991.6356 205.7762 1.5892 1.6286 3.8024 23.5119 2.1894 48.8996 -3.1918 0.0612
Car -1 -1 -4.9197 1241.0000 179.3865 1241.0000 205.6374 1.4945 1.6400 4.0720 41.2334 1.9151 44.3253 -4.1741 0.0579
