Pedestrian -1 -1 -2.0996 363.7101 174.1997 398.8754 244.3797 1.9853 0.6350 0.8430 -6.6909 2.0250 20.9494 -2.4057 0.1787
Car -1 -1 -7.9602 605.6058 175.8065 631.3906 197.3320 1.6145 1.6280 3.7304 0.6071 1.8537 56.5845 -7.9500 0.1386
Pedestrian -1 -1 -7.7356 406.1407 177.9814 429.2977 234.8141 1.9069 0.6689 0.8839 -6.6432 2.0861 24.7815 -7.9955 0.1339
Car -1 -1 -3.2625 634.1509 178.3280 694.1558 200.6698 1.6098 1.7100 4.2512 3.9481 2.0220 53.4149 -3.1896 0.1302
Pedestrian -1 -1 -7.4596 736.3446 169.1651 780.0069 253.8611 1.8636 0.6812 0.9116 3.3306 1.7821 16.4441 -7.2642 0.0774
Pedestrian -1 -1 -5.1841 0.0000 180.9877 59.9015 349.0887 1.8448 0.5265 0.6178 -6.8767 1.9424 8.3209 -5.8593 0.0679
Pedestrian -1 -1 -4.1494 711.7032 171.0800 720.4044 203.3388 1.8274 0.4355 0.2286 6.0040 1.7266 41.1030 -4.0058 0.0636
Car -1 -1 -6.8795 0.0000 0.0000 1241.0000 374.0000 1.5663 1.6486 3.7926 -3.0767 1.7525 1.3526 -7.9620 0.0619
Cyclist -1 -1 -8.0493 871.5642 164.3013 956.1348 339.1766 1.7811 0.5145 1.7858 3.3726 1.6937 8.2731 -7.6759 0.0599
Pedestrian -1 -1 -6.0566 1171.6051 173.6454 1241.0000 374.0000 1.5344 0.4306 0.4195 3.0972 1.5385 3.6438 -5.3920 0.0594
Car -1 -1 -4.3726 417.9358 179.5687 501.1942 233.5322 1.7439 1.6413 4.1457 -5.3600 2.0060 26.0232 -4.5743 0.0559
Pedestrian -1 -1 -6.5580 1050.8689 153.1647 1172.5977 332.3750 1.8275 0.5475 0.9554 5.3065 1.6264 7.7630 -5.9768 0.0507
Pedestrian -1 -1 -3.4504 1051.3929 156.8598 1141.9956 316.5081 1.8987 0.5979 0.7816 5.9702 1.7082 8.9714 -2.8793 0.0500
Pedestrian -1 -1 -7.5658 595.1428 180.8104 623.8555 234.5449 1.6165 0.6891 0.8094 -0.0582 1.8678 22.3350 -7.5693 0.7664
Pedestrian -1 -1 -7.9797 677.3192 180.3726 694.5635 220.1718 1.6670 0.6587 0.5795 3.1771 1.9890 30.6315 -7.8780 0.2978
Car -1 -1 -4.1761 0.0000 193.5222 372.3337 374.0000 1.6192 1.6302 4.1504 -3.7635 1.8663 6.5381 -4.6819 0.9601
Car -1 -1 -7.8450 620.6154 183.3673 677.6062 238.4116 1.4937 1.6172 4.5087 1.1948 1.8584 22.7560 -7.7941 0.8775
Car -1 -1 -7.8446 616.6947 181.3112 646.1452 209.5198 1.4499 1.5603 3.7036 1.1657 1.9416 40.0942 -7.8163 0.4207
Car -1 -1 -7.9564 606.4025 171.7136 633.8362 195.0230 1.7709 1.7330 4.2475 0.7335 1.6839 57.0095 -7.9440 0.3942
Car -1 -1 -7.9131 662.9359 180.0446 696.8311 209.7012 1.4933 1.5934 3.8831 3.7174 1.9038 39.2533 -7.8200 0.2731
Car -1 -1 -4.4757 228.3038 196.8526 362.3386 283.0647 1.4459 1.6638 4.1591 -6.6112 2.0339 15.5038 -4.8733 0.1172
Car -1 -1 -2.8146 437.2591 184.4300 522.4927 214.0047 1.5146 1.6625 4.2211 -7.0372 2.1578 38.9752 -2.9926 0.1132
Car -1 -1 -4.9336 667.2671 182.4758 720.5784 218.5395 1.5369 1.6280 4.0298 3.8375 2.0173 33.9572 -4.8227 0.1056
Car -1 -1 -4.7298 602.3987 182.3382 640.9415 218.3362 1.5089 1.6777 4.3867 0.4547 1.9791 33.5984 -4.7171 0.0735
