Car -1 -1 -7.8738 588.6224 175.5374 631.9927 217.4524 1.5920 1.6633 3.7027 -0.0754 1.7084 29.5145 -7.8770 0.9439
Car -1 -1 -4.4231 372.9555 180.2629 431.0527 212.3928 1.5328 1.7403 4.3242 -10.7899 1.9408 37.5948 -4.7011 0.9247
Car -1 -1 -4.3521 333.6960 181.2266 396.9865 218.4384 1.5192 1.4964 3.5692 -10.8441 1.9122 32.0825 -4.6760 0.9227
Pedestrian -1 -1 -5.8531 513.4152 174.4702 533.7331 217.7191 1.7531 0.6143 0.6313 -3.5947 1.8202 29.6659 -5.9732 0.3381
Pedestrian -1 -1 -7.4671 244.5206 173.0926 267.7713 215.2691 1.9356 0.7746 0.6648 -16.4523 1.9464 33.4743 -7.9211 0.2419
Pedestrian -1 -1 -8.0395 1025.5898 179.6907 1067.8485 263.5722 1.4566 0.5441 0.5817 7.7759 1.5825 12.9544 -7.5095 0.2234
Pedestrian -1 -1 -6.5521 1064.9430 138.7191 1147.2819 292.6701 1.9636 0.5381 0.7792 6.5084 1.5279 9.5789 -5.9702 0.2195
Car -1 -1 -5.0725 810.8751 175.0519 857.8039 199.8371 1.4747 1.5646 3.7704 13.9602 1.6179 45.2026 -4.7752 0.1404
Pedestrian -1 -1 -5.3887 831.3372 160.1112 864.4476 217.6428 1.8891 0.6212 0.9092 7.9333 1.4704 24.2277 -5.0764 0.1280
Pedestrian -1 -1 -5.9953 866.5170 157.1274 908.4362 229.5516 1.9192 0.6399 0.9249 7.5075 1.5022 19.6545 -5.6360 0.0994
Car -1 -1 -7.7836 401.3869 159.5095 426.3713 185.6470 2.2465 1.8377 4.5069 -17.4870 1.0992 64.4036 -8.0479 0.0855
Cyclist -1 -1 -2.9696 13.6289 162.8988 63.7814 202.5957 1.8217 0.6545 1.7562 -26.7918 1.3646 33.8162 -3.6359 0.0854
Car -1 -1 -5.1539 621.1321 178.4973 656.3608 196.6156 1.6410 1.6792 4.3218 2.6930 2.1994 69.1119 -5.1156 0.0511
Pedestrian -1 -1 -5.4080 1203.8671 192.1537 1240.0245 252.4943 1.2326 0.4066 0.4107 12.7288 1.6410 15.0768 -4.7170 0.1714
Cyclist -1 -1 -6.9278 665.5044 167.3340 701.5250 202.6518 1.7612 0.7088 1.7514 3.7071 1.4856 36.7375 -6.8285 0.1525
Cyclist -1 -1 -7.9073 641.6828 174.3189 649.7598 201.9471 1.6415 0.4042 1.5323 2.1247 1.7316 43.7193 -7.8595 0.1020
Pedestrian -1 -1 -4.7991 1127.1929 184.7534 1150.4976 239.1273 1.2829 0.4089 0.4949 12.7553 1.5761 17.4802 -4.1773 0.0973
Cyclist -1 -1 -6.9615 889.6832 168.5510 930.7033 208.5698 1.7879 0.6930 1.6558 13.6029 1.5953 32.8034 -6.5720 0.0800
Pedestrian -1 -1 -5.3673 1211.0574 182.5223 1241.0000 249.3852 1.3705 0.4671 0.4624 12.9506 1.5758 15.1008 -4.6685 0.0797
Cyclist -1 -1 -7.1667 0.0000 165.9211 30.5561 197.5097 1.8067 0.4759 1.7495 -34.8193 1.4099 42.1423 -7.8543 0.0740
Cyclist -1 -1 -7.0022 913.3448 166.1280 957.4009 210.1371 1.8100 0.6874 1.6397 13.5935 1.5331 30.2471 -6.5839 0.0737
Pedestrian -1 -1 -4.7536 1136.1559 179.3308 1162.4788 238.6260 1.3978 0.4819 0.5457 12.9845 1.5574 17.4494 -4.1224 0.0730
Pedestrian -1 -1 -4.9895 1059.1593 181.1959 1084.2892 231.7475 1.3721 0.4402 0.5854 12.7682 1.6075 20.0402 -4.4294 0.0673
Pedestrian -1 -1 -3.4842 780.9265 171.6145 802.7748 209.2772 1.6982 0.6045 0.8077 8.2395 1.6420 32.8750 -3.2412 0.0637
Pedestrian -1 -1 -4.8255 1069.1533 183.7771 1090.5728 231.9090 1.3039 0.4365 0.5310 12.9904 1.6119 20.0328 -4.2574 0.0630
Cyclist -1 -1 -7.3479 0.0000 186.5261 56.0918 284.7408 1.5314 0.3914 1.6082 -10.1884 1.7800 12.3066 -8.0290 0.0610
Cyclist -1 -1 -7.7204 941.8307 170.7772 960.8192 214.2322 1.6570 0.4714 1.6203 13.3605 1.5775 28.3226 -7.2841 0.0594
Cyclist -1 -1 -7.8365 660.9538 173.8210 671.0748 205.9394 1.5991 0.4910 1.5840 2.8212 1.6491 36.7831 -7.7611 0.0585
Pedestrian -1 -1 -4.5823 976.3734 180.9290 991.3380 218.3078 1.2801 0.4088 0.4681 12.9865 1.5648 25.1527 -4.1110 0.0576
Cyclist -1 -1 -7.9065 645.3566 173.3082 653.6719 201.3371 1.6781 0.4196 1.5968 2.3710 1.7060 44.0235 -7.8536 0.0573
Cyclist -1 -1 -8.0604 633.9009 173.7109 647.6115 201.9960 1.6801 0.5178 1.5608 1.8212 1.7327 43.7196 -8.0195 0.0526
Cyclist -1 -1 -6.7996 656.1202 169.8163 690.3233 204.3126 1.7362 0.5815 1.6762 3.1982 1.5830 36.9298 -6.7144 0.0518
Pedestrian -1 -1 -4.7040 1128.8652 178.8929 1152.4155 236.9257 1.3924 0.4603 0.3867 12.9373 1.5424 17.6651 -4.0803 0.0510
Cyclist -1 -1 -8.0798 1115.0118 167.3727 1153.3844 237.5056 1.6696 0.4122 1.5885 12.9967 1.5388 17.9896 -7.4624 0.0505
Car -1 -1 -7.1209 665.5853 173.9283 746.1093 209.5820 1.5746 1.6033 3.8180 4.4873 1.6274 33.8278 -6.9907 0.8088
Car -1 -1 -4.0017 0.0000 188.0700 47.5188 314.0876 1.4682 1.5193 3.9554 -10.7797 1.7406 10.9112 -4.7688 0.5529
Car -1 -1 -7.0780 647.9529 176.0263 719.1415 202.6360 1.4076 1.5976 4.0570 4.1283 1.5940 40.5368 -6.9777 0.4625
Car -1 -1 -7.3632 663.4420 174.2107 722.1103 204.5080 1.4907 1.5634 3.5218 4.3111 1.5646 37.5642 -7.2503 0.3733
Car -1 -1 -7.1448 0.0000 169.6359 59.7224 197.1773 1.5699 1.5247 3.4804 -34.8689 1.3862 42.8917 -7.8245 0.3386
Car -1 -1 -7.4316 644.7988 175.0053 693.2069 200.2520 1.4729 1.5796 3.7465 3.6429 1.6111 44.4599 -7.3508 0.2349
Car -1 -1 -7.5045 279.4357 166.4052 320.3578 189.5206 1.5869 1.5438 3.5687 -22.0516 1.1439 51.3576 -7.9084 0.1601
Car -1 -1 -5.7041 795.7790 176.2857 907.3887 214.9572 1.4583 1.6137 4.1414 9.8162 1.6094 29.7061 -5.3884 0.1071
Car -1 -1 -8.3597 1007.4801 176.3138 1129.4923 229.0364 1.4176 1.5039 3.5313 13.4201 1.5288 21.4364 -7.8070 0.0729
Car -1 -1 -5.0854 915.5414 175.1483 989.0869 214.4444 1.4696 1.4880 3.4506 13.6042 1.5670 28.9589 -4.6506 0.0567
Car -1 -1 -8.5273 827.6684 175.8048 906.9797 208.4483 1.4341 1.5329 3.7117 12.0256 1.5813 34.0665 -8.1911 0.0561
