Pedestrian -1 -1 -7.7188 1079.5363 193.9435 1137.2413 304.3639 1.5823 0.6541 0.6023 7.5086 1.9150 10.9503 -7.1313 0.2453
Pedestrian -1 -1 -4.9376 1195.7131 179.8343 1241.0000 275.3993 1.7777 0.6454 0.6664 11.7522 1.9164 13.9293 -4.2479 0.0949
Pedestrian -1 -1 -5.3252 686.5170 174.9211 706.1960 220.7027 1.9922 0.6214 0.6150 3.7681 2.0844 31.8549 -5.2092 0.0833
Car -1 -1 -5.1407 976.8005 201.1056 1142.7203 282.1819 1.4364 1.6072 3.9688 9.8570 2.1540 16.2769 -4.6052 0.0798
Car -1 -1 -7.6390 656.4362 177.8943 680.7375 194.0470 1.4933 1.5798 3.8042 5.6940 1.9966 70.0353 -7.5586 0.0760
Pedestrian -1 -1 -4.8903 1139.9255 220.1490 1193.9409 324.0065 1.2568 0.4530 0.5758 7.1984 1.8972 9.4164 -4.2536 0.0635
Cyclist -1 -1 -5.4900 928.4303 185.0571 995.8260 259.4678 1.7057 0.5288 1.5600 8.5239 2.0176 17.6337 -5.0472 0.0526
Pedestrian -1 -1 -6.3189 502.9010 177.9507 512.5564 221.7740 2.0512 0.5588 0.4322 -4.8845 2.2944 34.1582 -6.4605 0.0508
Pedestrian -1 -1 -4.8385 730.0526 190.0370 761.3200 252.1140 1.6609 0.7626 0.6763 3.6771 2.1421 19.8609 -4.6592 0.2693
Cyclist -1 -1 -6.0728 370.8454 196.9816 444.6556 265.0697 1.7334 0.6865 1.7719 -5.3692 2.3833 19.0472 -6.3447 0.2656
Cyclist -1 -1 -7.5593 538.9484 186.4861 555.3385 216.1296 1.7983 0.5294 1.8141 -3.9955 2.6769 45.5790 -7.6468 0.2431
Cyclist -1 -1 -8.2501 1111.6165 180.1534 1147.5300 226.2995 1.7181 0.4729 1.7788 20.1479 2.0111 28.0739 -7.6331 0.2156
Pedestrian -1 -1 -5.8038 357.4185 191.2237 392.2849 265.4825 1.8954 0.6509 0.6442 -6.2282 2.3877 18.9755 -6.1175 0.1936
Pedestrian -1 -1 -4.7045 261.5598 187.8783 297.4255 287.9757 1.8222 0.6056 0.7385 -6.3369 2.1174 13.7335 -5.1301 0.1915
Pedestrian -1 -1 -4.8002 715.4124 174.5730 741.7858 245.4654 2.0401 0.6804 0.9621 3.4413 2.0917 21.2913 -4.6431 0.1828
Cyclist -1 -1 -4.6834 943.9518 177.1322 962.3601 234.0927 1.7242 0.4891 1.7808 10.8429 1.8649 22.8818 -4.2466 0.1759
Pedestrian -1 -1 -7.8375 547.2534 188.2682 558.1022 214.7908 1.7847 0.7294 0.7352 -3.9533 2.8480 49.3963 -7.9176 0.1744
Pedestrian -1 -1 -5.1323 317.0319 191.2124 359.0052 276.3961 1.8588 0.6404 0.7644 -6.2565 2.2898 16.4559 -5.4911 0.1612
Pedestrian -1 -1 -3.6599 706.8136 181.0761 736.9529 237.5828 1.8314 0.6476 0.7677 3.6633 2.1090 23.9534 -3.5109 0.1572
Pedestrian -1 -1 -2.6995 0.0000 146.0502 78.0020 374.0000 1.9453 0.6596 0.6854 -5.2340 1.7269 6.2710 -3.3745 0.1411
Pedestrian -1 -1 -4.5414 945.3691 167.1219 974.8728 230.9014 1.9697 0.7158 0.8199 11.0301 1.7924 22.8251 -4.0969 0.1171
Pedestrian -1 -1 -7.5323 132.5070 193.3075 221.3401 360.5094 1.6436 0.5863 0.7725 -4.6152 1.8723 7.6383 -8.0612 0.1082
Pedestrian -1 -1 -7.7949 769.9606 168.0285 798.4141 240.9781 2.0955 0.7741 0.7516 5.0729 1.9566 21.1972 -7.5641 0.0940
Pedestrian -1 -1 -3.2805 162.9829 169.8177 226.0379 300.9178 1.9444 0.6069 0.7729 -6.4920 1.8991 11.1775 -3.7969 0.0878
Cyclist -1 -1 -7.7410 982.5869 179.8719 1002.4346 227.2599 1.5928 0.4432 1.6445 13.3711 1.8463 25.2959 -7.2601 0.0844
Cyclist -1 -1 -7.8124 529.3673 190.1190 538.3677 221.7305 1.7167 0.4432 1.5994 -4.3460 2.7142 40.8846 -7.9183 0.0821
Cyclist -1 -1 -7.4088 338.4473 196.2575 387.2813 272.8137 1.7860 0.4967 1.6611 -6.2610 2.4040 18.2092 -7.7363 0.0814
Pedestrian -1 -1 -5.7325 813.9669 188.0995 878.8719 310.7530 1.6648 0.5087 0.7262 3.3287 1.8924 10.3440 -5.4308 0.0789
Pedestrian -1 -1 -8.1611 659.9459 181.5545 670.5728 203.9174 1.7800 0.6930 0.6354 4.4231 2.4853 58.1237 -8.0861 0.0784
Cyclist -1 -1 -6.5496 543.9178 185.6335 569.2881 213.0845 1.8322 0.6474 1.6139 -3.6788 2.7147 49.2683 -6.6243 0.0763
Pedestrian -1 -1 -7.0955 1124.5320 171.4897 1147.4685 221.2932 1.9789 0.6042 0.4445 21.0983 1.9244 29.0079 -6.4720 0.0716
Pedestrian -1 -1 -4.5056 94.7430 185.4351 191.1070 365.8646 1.6641 0.6546 0.7706 -4.6841 1.7975 7.1958 -5.0664 0.0689
Pedestrian -1 -1 -4.2766 780.7102 180.0094 831.7369 282.8516 1.8533 0.6400 0.8366 3.6496 1.9932 13.6025 -4.0212 0.0660
Pedestrian -1 -1 -8.0345 744.2909 169.7363 774.8081 241.1124 2.0623 0.7540 0.7414 4.3420 1.9719 21.2249 -7.8364 0.0642
Pedestrian -1 -1 -8.2712 814.8934 173.7513 874.2785 289.0067 1.9238 0.6369 0.9693 4.0139 1.9397 12.5697 -7.9702 0.0626
Cyclist -1 -1 -2.8302 366.8458 186.6762 449.2259 257.9771 1.8779 0.7629 2.0172 -5.5136 2.2609 19.5882 -3.1018 0.0614
Cyclist -1 -1 -7.6085 396.1812 184.1117 446.5797 258.6992 1.9320 0.8597 2.1459 -5.2644 2.2620 20.0912 -7.8623 0.0612
Pedestrian -1 -1 -3.6507 865.2971 174.1231 965.2509 337.1541 1.8118 0.5621 0.9067 3.4654 1.8268 8.3615 -3.2716 0.0605
Cyclist -1 -1 -8.0688 721.2314 193.0603 752.0794 255.7378 1.6285 0.4862 1.6993 3.4714 2.2169 20.1618 -7.9019 0.0587
Cyclist -1 -1 -8.0555 902.2872 182.2731 1001.0976 363.0478 1.7507 0.5913 1.8469 3.6904 1.8681 8.0533 -7.6410 0.0575
Cyclist -1 -1 -8.1845 520.5779 187.8537 538.3016 220.3058 1.7654 0.4804 1.6699 -4.6120 2.6332 40.9023 -8.2967 0.0563
Pedestrian -1 -1 -5.0482 764.8828 198.9306 800.2227 277.3807 1.5159 0.4699 0.7474 3.4308 2.0578 14.6043 -4.8233 0.0533
Pedestrian -1 -1 -6.4725 921.2137 160.4992 1003.2849 324.0838 1.9730 0.5785 0.8255 4.3560 1.8237 9.0831 -6.0392 0.0533
Pedestrian -1 -1 -3.1938 804.0948 186.0913 853.9468 301.9446 1.6436 0.4501 0.6718 3.1514 1.8432 10.5989 -2.9137 0.0533
Cyclist -1 -1 -6.4066 549.5449 185.5525 576.4324 211.9844 1.8265 0.7298 1.8159 -3.3507 2.7312 50.8968 -6.4726 0.0531
Cyclist -1 -1 -4.8889 739.1135 189.3280 770.2682 255.1842 1.7092 0.5586 1.6103 3.9313 2.1827 19.9407 -4.6981 0.0528
Pedestrian -1 -1 -3.6798 785.0272 186.4420 842.4788 289.7395 1.7265 0.6067 0.7565 3.4843 1.9702 12.5584 -3.4166 0.0520
Pedestrian -1 -1 -2.8525 876.6140 169.9019 964.7927 334.5328 1.8559 0.6274 0.8326 3.6622 1.8223 8.6390 -2.4652 0.0520
Cyclist -1 -1 -8.5378 944.2220 199.5747 1214.6888 374.0000 1.6001 0.6673 1.8668 3.4019 1.8422 5.5691 -8.0143 0.0505
Car -1 -1 -4.5724 477.1680 196.3891 537.2483 247.7115 1.5443 1.5925 3.4673 -3.5413 2.4172 25.0356 -4.7123 0.8995
Car -1 -1 -7.6355 371.9742 201.8916 458.1712 265.0686 1.4884 1.6088 3.6063 -5.4832 2.3876 20.5182 -7.8942 0.5533
Car -1 -1 -7.8120 646.3987 191.5233 675.2737 220.4175 1.5968 1.6206 3.6177 3.1132 2.7890 44.2005 -7.7429 0.4463
Car -1 -1 -8.1214 706.6431 193.3086 797.0701 251.8618 1.4692 1.6412 3.8681 4.0605 2.1348 21.4951 -7.9383 0.2223
Car -1 -1 -5.2111 985.8790 201.0445 1044.7637 227.4863 1.4202 1.5749 3.7070 24.9311 3.2342 44.5786 -4.7048 0.2189
Car -1 -1 -7.7322 542.5021 185.0840 574.8984 211.8420 1.6105 1.6672 3.7624 -3.3412 2.4412 47.1051 -7.8032 0.2185
Car -1 -1 -5.0001 1097.8184 191.5150 1146.7130 218.3417 1.6247 1.5981 4.0554 34.6135 2.9455 48.9033 -4.3876 0.2072
Car -1 -1 -4.7532 657.0406 180.5379 678.1941 201.7654 1.6606 1.5872 3.6196 4.7075 2.3147 59.6121 -4.6753 0.1814
Car -1 -1 -1.9714 0.0000 196.7163 235.0933 374.0000 1.4860 1.6416 3.9981 -6.2963 1.8135 8.1925 -2.6113 0.1496
Car -1 -1 -4.4138 546.5052 186.5354 582.9682 211.7407 1.6873 1.5848 3.8804 -3.2882 2.7241 52.6232 -4.4765 0.1265
Car -1 -1 -4.5492 533.0843 189.2358 572.6127 219.4264 1.5888 1.7112 3.7385 -3.3145 2.5860 42.0044 -4.6282 0.0988
Car -1 -1 -8.2216 817.6884 198.2894 1241.0000 374.0000 1.5484 1.5803 3.6508 2.4011 1.7737 4.5098 -7.7608 0.0900
Car -1 -1 -5.7048 1109.5458 181.5377 1241.0000 229.2240 1.5730 1.7124 4.0984 21.1507 1.9222 26.8238 -5.0429 0.0893
Car -1 -1 -5.0684 981.4695 184.1709 1025.9490 207.6913 1.6687 1.6946 3.9847 30.0776 2.5684 55.2924 -4.5729 0.0840
Car -1 -1 -4.8426 545.9172 186.1693 575.2414 210.4272 1.7464 1.7445 4.3464 -3.9561 2.8364 56.7774 -4.9124 0.0839
Car -1 -1 -4.8663 701.1763 194.5755 761.9249 240.4006 1.5192 1.6843 4.0488 4.5651 2.4192 27.8741 -4.7066 0.0830
Car -1 -1 -4.1959 246.5398 200.8157 391.4991 278.5689 1.5795 1.6843 3.8221 -7.1793 2.3593 18.1168 -4.5689 0.0668
Car -1 -1 -6.5450 0.0000 0.0000 1241.0000 374.0000 1.5435 1.5854 3.8022 -5.2698 1.7190 1.9494 -7.7152 0.0515
