Pedestrian -1 -1 -3.7735 592.8339 164.7669 634.9351 239.0479 1.7283 0.7047 0.7345 0.1681 1.3626 16.9510 -3.7620 0.8508
Cyclist -1 -1 -8.1931 802.8672 154.4387 865.5305 261.5094 1.7741 0.5224 1.6452 3.9830 1.3427 12.5474 -7.8912 0.8162
Cyclist -1 -1 -2.3701 241.0233 173.5594 308.8847 236.6002 1.5869 0.5608 1.6873 -8.6050 1.4125 18.3447 -2.8002 0.2918
Pedestrian -1 -1 -4.9157 930.4818 145.1860 955.8873 197.7701 1.9773 0.7136 0.8685 12.9203 0.6496 27.0935 -4.4734 0.1478
Pedestrian -1 -1 -3.1614 955.7247 153.4058 992.0759 234.0392 1.7926 0.5685 0.7183 8.3619 1.1906 16.1309 -2.6895 0.1225
Pedestrian -1 -1 -5.0722 879.0399 240.3643 944.6332 369.0000 1.0701 0.3180 0.3748 2.1625 1.5216 5.1371 -4.6933 0.1036
Pedestrian -1 -1 -4.8218 684.6649 180.1059 710.6634 248.4673 1.3713 0.4797 0.4202 1.8369 1.3637 14.3970 -4.6959 0.0960
Pedestrian -1 -1 -6.3302 852.4981 168.0054 861.8530 194.4555 1.8121 0.6245 0.5785 17.4094 0.9561 48.8232 -5.9881 0.0834
Pedestrian -1 -1 -2.7806 0.0000 161.5936 26.4370 238.2096 1.7389 0.5611 0.5328 -13.9110 1.3101 16.3995 -3.4727 0.0817
Cyclist -1 -1 -3.5943 629.4696 167.0446 670.7176 213.7121 1.7066 0.5512 1.4401 1.6528 1.2148 26.3845 -3.5307 0.0759
Pedestrian -1 -1 -5.0994 656.0178 176.7467 677.6711 228.2509 1.4493 0.4487 0.5304 1.7269 1.3440 20.2157 -5.0138 0.0752
Pedestrian -1 -1 -4.7751 668.3146 174.7682 687.8956 235.0737 1.4548 0.4464 0.4670 1.7430 1.3169 17.2990 -4.6747 0.0701
Pedestrian -1 -1 -6.3742 806.1279 166.0065 830.2734 223.4180 1.5951 0.6193 0.5968 5.9877 1.1927 20.0061 -6.0860 0.0697
Car -1 -1 -5.7867 629.4122 171.9821 693.8132 195.2470 1.4769 1.5480 3.9744 3.7088 0.9363 46.6191 -5.7062 0.0651
Cyclist -1 -1 -8.0559 844.1332 166.4276 876.7724 230.6427 1.5848 0.4541 1.6845 6.5564 1.2379 18.3156 -7.7159 0.0618
Cyclist -1 -1 -7.2032 173.2608 174.9470 237.6839 245.6749 1.5344 0.3897 1.5898 -9.1372 1.4143 16.1540 -7.7078 0.0592
Pedestrian -1 -1 -6.8815 707.4299 164.0909 720.4150 190.2481 1.7823 0.5839 0.6690 7.4820 0.6643 48.5856 -6.7279 0.0571
Car -1 -1 -7.5516 0.0000 122.9315 26.5238 169.7927 1.5314 1.6155 4.2506 -23.3819 -0.4342 26.4149 -8.2677 0.0565
Car -1 -1 -7.7835 509.8061 162.7184 533.9204 183.7509 1.6537 1.6703 3.9384 -6.7281 0.2556 57.5968 -7.8972 0.0543
Car -1 -1 -6.4669 853.2864 168.3167 994.2912 213.9931 1.4343 1.6160 4.0254 10.4143 1.0520 23.4500 -6.0522 0.0534
Pedestrian -1 -1 -4.5185 166.1729 164.4725 195.3523 227.0687 1.7849 0.5938 0.7420 -12.3948 1.3282 20.6099 -5.0513 0.0527
Car -1 -1 -7.2167 850.6779 173.6826 935.7634 207.0580 1.4380 1.5549 3.9295 13.1049 1.1445 32.1514 -6.8315 0.0506
Cyclist -1 -1 -7.7626 485.5535 164.3877 507.2745 216.8759 1.8302 0.5986 1.9694 -3.9560 1.2687 25.6550 -7.9120 0.8990
Pedestrian -1 -1 -3.9289 192.7806 157.4604 256.2419 255.6309 1.8600 0.5908 0.9662 -7.5340 1.4238 13.9449 -4.4130 0.7954
Pedestrian -1 -1 -4.3359 0.0000 161.3393 127.5548 347.3087 1.7037 0.7404 0.8629 -5.3684 1.5286 6.9884 -4.9674 0.7228
Cyclist -1 -1 -4.8678 526.0740 164.0717 551.0366 210.2240 1.8377 0.7389 1.9100 -2.7828 1.1838 29.1698 -4.9601 0.7226
Pedestrian -1 -1 -4.0211 174.0348 156.7558 227.9256 250.0413 1.8392 0.5900 0.7771 -8.2479 1.3714 14.3755 -4.5306 0.7205
Pedestrian -1 -1 -5.0762 650.0966 161.8092 666.1791 198.9544 1.8475 0.6252 0.6233 2.6511 0.9180 35.5538 -5.0007 0.5286
Pedestrian -1 -1 -4.8675 63.2152 158.8015 142.8709 320.0862 1.7135 0.6195 0.9056 -5.7782 1.4834 8.0535 -5.4695 0.4352
Pedestrian -1 -1 -8.3895 662.7972 161.4528 681.8324 198.4588 1.8327 0.6709 0.7325 3.3577 0.8895 35.4900 -8.2943 0.4329
Pedestrian -1 -1 -5.1887 1078.3624 142.6602 1122.2676 215.0092 1.9081 0.6810 0.7880 13.3137 0.9104 19.0812 -4.5856 0.3636
Pedestrian -1 -1 -3.5966 685.1760 159.8869 705.3322 196.3075 1.8818 0.6574 0.8420 4.7011 0.8169 36.9786 -3.4694 0.3214
Pedestrian -1 -1 -3.5189 853.4090 152.2926 890.5212 213.9333 1.8503 0.5948 0.8996 8.0852 1.0039 21.5308 -3.1627 0.3085
Pedestrian -1 -1 -5.1796 1013.6091 146.5729 1047.4285 208.5192 1.8776 0.6379 0.7133 13.0795 0.8496 21.8086 -4.6441 0.2591
Cyclist -1 -1 -3.5247 476.6063 169.9599 512.3196 208.5358 1.7180 0.6018 1.4864 -5.0425 1.2488 32.1269 -3.6771 0.2487
Pedestrian -1 -1 -4.0072 0.0000 158.6063 101.9101 326.8254 1.7271 0.6745 0.8902 -6.2110 1.5028 7.7207 -4.6629 0.2453
Pedestrian -1 -1 -4.3189 1135.1982 140.2374 1203.4744 269.2978 1.8967 0.5608 0.8031 8.5940 1.3054 10.8334 -3.6608 0.2168
Pedestrian -1 -1 -3.6365 0.0000 148.8066 67.6292 276.0181 1.8708 0.6229 0.6941 -8.8608 1.4051 10.8398 -4.3056 0.2066
Pedestrian -1 -1 -4.9989 970.8693 150.7465 996.4067 205.9021 1.8873 0.6728 0.4687 13.0766 0.8695 24.4900 -4.5122 0.2043
Pedestrian -1 -1 -4.0390 0.0000 249.8043 67.8454 369.0000 1.0807 0.3336 0.3194 -4.0654 1.5768 4.8949 -4.6991 0.1940
Cyclist -1 -1 -8.3939 999.4560 165.4042 1082.5625 259.1450 1.5932 0.4229 1.7637 7.8545 1.3370 12.8990 -7.8562 0.1922
Pedestrian -1 -1 -3.2673 0.0000 152.6726 50.4628 275.7822 1.8603 0.5360 0.7066 -9.2672 1.4402 11.1246 -3.9460 0.1883
Cyclist -1 -1 -2.7646 727.2485 167.2995 777.6870 208.4512 1.6344 0.7629 1.8691 5.9964 1.1104 28.9137 -2.5606 0.1774
Pedestrian -1 -1 -3.8327 690.3047 160.4048 709.4721 196.7934 1.8308 0.5550 0.7968 4.8157 0.8199 36.0200 -3.6992 0.1758
Pedestrian -1 -1 -4.9598 780.0905 153.9855 807.1815 211.7390 1.8514 0.6503 0.9065 6.1254 1.0017 23.1222 -4.7024 0.1737
Pedestrian -1 -1 -7.3979 479.5038 176.0510 495.0259 208.2692 1.4391 0.5411 0.4644 -5.3307 1.2406 31.8825 -7.5602 0.1521
Pedestrian -1 -1 -3.8230 727.8564 161.4429 743.0953 194.3823 1.8024 0.5487 0.6211 7.1963 0.7597 39.0779 -3.6405 0.1490
Cyclist -1 -1 -4.9150 794.7300 165.5646 818.4610 212.8920 1.5577 0.4724 1.5237 6.8102 1.0664 24.0482 -4.6408 0.1474
Pedestrian -1 -1 -3.5695 733.0146 158.0845 751.1016 193.3701 1.8900 0.5784 0.7913 7.3963 0.6895 38.2457 -3.3782 0.1463
Pedestrian -1 -1 -4.5282 360.3464 185.0050 386.8632 251.7782 1.2995 0.4305 0.4109 -4.6313 1.3907 14.0225 -4.8387 0.1377
Cyclist -1 -1 -8.1862 972.3420 169.6688 1040.9635 261.9174 1.5536 0.5187 1.7402 7.1845 1.3715 12.8088 -7.6839 0.1333
Pedestrian -1 -1 -5.8419 0.0000 136.5277 27.1695 184.4646 1.7355 0.5919 0.6193 -21.7712 0.1438 25.9612 -6.5315 0.1303
Pedestrian -1 -1 -7.5052 459.5925 167.6848 475.0602 199.4826 1.7269 0.6371 0.6834 -7.5634 1.0310 38.7860 -7.6945 0.1302
Pedestrian -1 -1 -4.1413 74.2872 199.9753 158.9946 329.9082 1.3168 0.4671 0.6492 -5.2791 1.5354 7.5922 -4.7277 0.1274
Pedestrian -1 -1 -4.1996 739.0182 155.1062 758.9003 192.1912 1.9260 0.6336 0.9703 7.5792 0.6073 37.2938 -3.9989 0.1260
Pedestrian -1 -1 -4.5034 428.5827 186.9274 445.6600 228.8105 1.1653 0.3944 0.3955 -4.7699 1.3487 19.9359 -4.7328 0.1233
Cyclist -1 -1 -4.8974 0.0000 143.4282 48.5121 278.0744 1.9428 0.4196 1.8907 -9.1881 1.4083 10.9742 -5.5784 0.1159
Cyclist -1 -1 -4.8804 626.2015 168.2025 642.1160 205.3167 1.6659 0.5013 1.4029 1.3088 1.1141 32.4637 -4.8388 0.1147
Cyclist -1 -1 -3.9491 0.0000 126.8759 29.3798 175.3607 1.7029 0.5191 1.6553 -22.0503 -0.1938 25.8544 -4.6468 0.1096
Pedestrian -1 -1 -4.4313 367.6314 195.8425 392.6584 253.3972 1.1076 0.3832 0.3586 -4.4599 1.4133 13.8876 -4.7336 0.1079
Cyclist -1 -1 -8.0697 769.5497 162.3662 797.6717 214.5001 1.6869 0.5317 1.8228 5.9594 1.1004 23.7968 -7.8257 0.1073
Cyclist -1 -1 -5.0103 956.6883 168.8589 1018.1722 259.6132 1.5446 0.4821 1.7207 6.9034 1.3468 12.9235 -4.5282 0.1054
Cyclist -1 -1 -8.3459 1116.9944 147.3431 1171.8657 215.9632 1.6952 0.3739 1.6664 13.9017 0.8764 18.3184 -7.7034 0.1047
Cyclist -1 -1 -5.6125 610.2894 167.9539 644.5726 206.2730 1.7172 0.5965 1.5311 0.9990 1.1552 32.4074 -5.5803 0.1043
Cyclist -1 -1 -2.5076 450.1292 169.2766 489.1375 212.2367 1.7414 0.6130 1.5188 -5.6310 1.2867 29.2649 -2.6939 0.0991
Cyclist -1 -1 -5.9723 734.8889 163.8871 781.4721 207.7096 1.7166 0.6702 1.7061 6.1231 1.0661 28.4121 -5.7606 0.0986
Pedestrian -1 -1 -7.7599 741.7067 168.4716 758.8713 207.9176 1.5927 0.6309 0.6568 5.9252 1.1072 28.9539 -7.5584 0.0979
Cyclist -1 -1 -7.4734 434.4058 172.2162 455.6242 206.6225 1.6042 0.4143 1.6201 -7.6569 1.2181 33.7981 -7.6924 0.0971
Cyclist -1 -1 -4.3305 471.4140 169.6554 496.4377 212.9301 1.7518 0.5022 1.4970 -5.0502 1.3130 29.4074 -4.4970 0.0959
Cyclist -1 -1 -4.3469 477.5781 170.2380 499.5552 207.6772 1.6681 0.5003 1.4563 -5.3259 1.2111 32.2658 -4.5071 0.0890
Cyclist -1 -1 -7.0150 721.3052 160.9370 757.4048 197.7080 1.7335 0.6707 1.6947 6.4553 0.8114 34.0586 -6.8276 0.0881
Cyclist -1 -1 -5.0877 931.6224 170.8132 996.0441 259.5072 1.5583 0.4587 1.7276 6.6635 1.3885 13.3023 -4.6311 0.0880
Pedestrian -1 -1 -4.5917 12.5742 239.8578 79.4551 369.0000 1.1208 0.3368 0.2942 -4.0512 1.5641 5.0634 -5.2347 0.0875
Cyclist -1 -1 -8.2791 902.0731 168.1769 957.5508 249.2304 1.5495 0.3688 1.6226 6.5048 1.3143 14.3293 -7.8595 0.0855
Pedestrian -1 -1 -3.9362 0.0000 236.2975 44.1229 369.0000 1.1446 0.3569 0.4121 -4.2738 1.5474 4.8778 -4.6222 0.0821
Pedestrian -1 -1 -3.6697 396.3127 174.6414 427.8278 239.4226 1.5224 0.4955 0.5575 -4.6777 1.3851 16.9885 -3.9318 0.0820
Cyclist -1 -1 -7.4512 0.0000 159.9137 90.3753 369.0000 1.6313 0.4819 1.6223 -3.9795 1.5244 4.5338 -8.1357 0.0720
Cyclist -1 -1 -4.6570 465.7955 169.7180 476.3481 199.3001 1.5952 0.4848 1.5145 -7.3784 1.0139 38.9087 -4.8411 0.0718
Pedestrian -1 -1 -3.5718 991.2011 178.4793 1034.1605 259.0052 1.3986 0.4497 0.5158 7.1658 1.3638 12.5247 -3.0613 0.0716
Cyclist -1 -1 -5.7022 0.0000 132.0822 39.9106 181.7668 1.7814 0.6547 1.6457 -21.7392 0.0457 25.7676 -6.3947 0.0708
Pedestrian -1 -1 -7.7033 10.7203 135.8745 33.6283 183.8059 1.7381 0.5813 0.4858 -21.4538 0.1201 25.9959 -8.3850 0.0702
Pedestrian -1 -1 -3.8177 1021.6071 170.3354 1063.5009 256.1066 1.5299 0.5272 0.4072 7.9281 1.3489 12.8998 -3.2759 0.0696
Pedestrian -1 -1 -4.4635 625.0468 174.1944 637.2542 205.1325 1.3950 0.4477 0.4933 1.1688 1.1109 32.1808 -4.4258 0.0692
Pedestrian -1 -1 -3.2698 1123.7404 152.7641 1188.8895 273.8501 1.7565 0.4924 0.7091 8.2325 1.3546 10.6462 -2.6243 0.0691
Cyclist -1 -1 -3.8306 953.5396 166.9136 1074.6865 260.7582 1.5974 0.7478 1.8072 7.2030 1.3665 12.5630 -3.3192 0.0681
Cyclist -1 -1 -4.4266 447.9337 168.0565 476.0451 223.4143 1.7598 0.4966 1.5145 -4.7233 1.3645 23.2533 -4.6226 0.0681
Pedestrian -1 -1 -4.1848 451.9553 174.1673 472.4884 217.4240 1.5696 0.5548 0.5172 -5.2771 1.3401 25.9904 -4.3810 0.0681
Cyclist -1 -1 -8.0039 790.0374 160.7182 813.9753 213.2817 1.6885 0.5054 1.7554 6.5303 1.0533 23.6139 -7.7358 0.0676
Pedestrian -1 -1 -2.7508 0.0000 170.2182 23.9878 273.0382 1.6346 0.4958 0.5982 -10.0331 1.4715 11.5674 -3.4499 0.0672
Cyclist -1 -1 -6.6459 653.0417 163.1166 690.1920 198.3930 1.7524 0.5606 1.7807 3.3377 0.8890 35.6303 -6.5515 0.0666
Pedestrian -1 -1 -6.1889 0.0000 165.9860 89.9568 344.8175 1.6617 0.6128 0.9007 -5.7848 1.5273 7.0704 -6.8510 0.0654
Cyclist -1 -1 -3.0533 463.6628 169.2026 500.0276 211.9483 1.7636 0.5684 1.4506 -5.1583 1.2977 29.5137 -3.2228 0.0654
Cyclist -1 -1 -7.9761 431.0989 169.5896 455.1661 223.9158 1.6960 0.5657 1.6654 -5.3014 1.3557 22.9531 -8.1983 0.0650
Pedestrian -1 -1 -3.7714 188.4897 154.7573 243.7753 251.2741 1.8627 0.5658 0.7856 -7.8044 1.3663 14.1224 -4.2649 0.0635
Cyclist -1 -1 -7.7972 358.8536 170.1626 391.7286 256.5272 1.6393 0.5280 1.7069 -4.6754 1.4435 14.3130 -8.1047 0.0635
Pedestrian -1 -1 -3.9662 201.1368 220.5251 253.2175 316.1921 1.0183 0.3176 0.4183 -4.3093 1.4839 7.9736 -4.4433 0.0624
Pedestrian -1 -1 -4.9994 1128.7489 172.0135 1192.5486 289.0580 1.4823 0.5224 0.5329 7.2372 1.3752 9.2957 -4.3527 0.0614
Pedestrian -1 -1 -3.5270 1000.2669 150.4324 1031.6177 206.1441 1.7983 0.5581 0.7290 13.4120 0.8280 23.1482 -3.0061 0.0611
Pedestrian -1 -1 -8.9258 1027.5247 146.3131 1059.7798 207.1045 1.8358 0.6532 0.6071 13.4720 0.8037 21.7774 -8.3765 0.0611
Cyclist -1 -1 -4.3068 422.4091 170.2092 459.4520 229.8893 1.6420 0.4745 1.5041 -4.7159 1.3592 20.2360 -4.5306 0.0606
Cyclist -1 -1 -5.8475 0.0000 132.5188 52.0181 180.3728 1.7412 0.5922 1.6886 -21.6710 -0.0046 26.2227 -6.5299 0.0605
Cyclist -1 -1 -7.2722 354.8524 170.2326 425.1229 255.7084 1.6322 0.4966 1.7242 -4.3872 1.4365 14.3986 -7.5600 0.0604
Cyclist -1 -1 -7.9282 471.0680 169.5894 486.0009 210.8239 1.6888 0.5066 1.5632 -5.3595 1.2422 29.7776 -8.1027 0.0596
Pedestrian -1 -1 -6.1940 969.8411 176.6522 1001.9732 255.7571 1.4018 0.5045 0.4773 6.8877 1.3340 12.8707 -5.7111 0.0584
Cyclist -1 -1 -7.7229 516.5002 169.0857 525.1843 191.9142 1.6051 0.4183 1.5235 -6.0028 0.8026 50.4790 -7.8388 0.0580
Pedestrian -1 -1 -5.3511 1155.4443 142.4335 1210.2181 226.0383 1.8947 0.6519 0.7692 13.3606 1.0324 16.4202 -4.6758 0.0566
Pedestrian -1 -1 -8.1043 752.5237 166.5428 771.4912 208.7733 1.6563 0.5889 0.6575 6.2007 1.1091 28.0698 -7.8875 0.0560
Pedestrian -1 -1 -7.1429 1079.0015 144.9997 1150.4463 279.4614 1.8260 0.5976 0.5576 7.1180 1.3443 9.9608 -6.5358 0.0559
Cyclist -1 -1 -7.9421 443.6203 170.5925 462.7762 223.5148 1.6728 0.4768 1.6109 -5.0225 1.3599 23.1882 -8.1508 0.0558
Cyclist -1 -1 -7.9383 470.4995 170.2780 479.5522 198.6336 1.6244 0.3888 1.6093 -7.6135 1.0389 41.3317 -8.1173 0.0556
Cyclist -1 -1 -7.6383 457.5445 169.6196 480.7334 216.6552 1.6938 0.4996 1.6638 -5.0708 1.3023 26.3010 -7.8248 0.0556
Pedestrian -1 -1 -5.1442 970.7195 179.6204 1009.8117 252.4410 1.3275 0.4341 0.5770 7.1310 1.3118 13.1896 -4.6569 0.0551
Pedestrian -1 -1 -3.9897 1009.6927 172.4264 1054.5704 252.7827 1.4600 0.4780 0.5399 7.8963 1.3137 13.1574 -3.4582 0.0529
Pedestrian -1 -1 -5.2886 1101.7196 145.9733 1144.7391 213.2696 1.7674 0.6228 0.7431 13.8417 0.8610 18.9557 -4.6642 0.0522
Pedestrian -1 -1 -4.0383 1002.5263 169.1259 1049.9611 261.0135 1.5481 0.4983 0.5075 7.2367 1.3568 12.2364 -3.5138 0.0517
Cyclist -1 -1 -3.3163 724.0700 164.3006 769.6211 203.3858 1.6468 0.7578 1.8010 6.0182 0.9645 30.1899 -3.1198 0.0516
Pedestrian -1 -1 -4.1606 309.2158 209.7104 340.3990 277.2035 1.0140 0.3243 0.3310 -4.3991 1.4760 10.9811 -4.5299 0.0507
Cyclist -1 -1 -2.9101 406.2836 171.5650 465.8211 231.5735 1.6715 0.5629 1.5482 -4.8003 1.4229 19.9768 -3.1406 0.0506
Car -1 -1 -7.7782 498.8659 166.9394 526.4981 190.9864 1.6868 1.6856 4.1605 -6.7086 0.7356 51.7166 -7.9046 0.1905
Car -1 -1 -8.1618 482.6471 173.2585 527.6847 198.4374 1.4450 1.6209 3.7810 -6.0722 1.0295 42.6333 -8.3005 0.1291
Car -1 -1 -6.9870 709.3029 167.7801 793.5742 199.4449 1.4964 1.6176 3.9983 7.2612 0.8954 35.0804 -6.7829 0.1078
Car -1 -1 -4.4990 412.1031 170.8192 462.7500 204.4767 1.5686 1.6373 3.8683 -8.2206 1.1176 34.8976 -4.7265 0.1030
Car -1 -1 -4.5993 761.6128 168.2425 809.4930 204.5610 1.4459 1.5546 3.9419 7.7565 0.9581 30.2665 -4.3492 0.0990
Car -1 -1 -7.7082 718.6357 168.0162 764.7858 202.5357 1.4580 1.5403 3.5449 6.1699 0.9310 31.7918 -7.5166 0.0843
Car -1 -1 -8.6142 1049.5420 129.0322 1223.0000 211.0937 1.9885 1.8558 4.5064 14.7371 0.7417 19.4807 -7.9727 0.0819
Car -1 -1 -6.5317 621.7339 170.3042 716.2596 203.1852 1.4828 1.6473 4.1168 2.9348 1.0232 33.0250 -6.4422 0.0795
Car -1 -1 -7.7556 385.2141 173.7837 453.8661 227.7733 1.5013 1.6314 4.0214 -5.6444 1.3148 21.7706 -8.0039 0.0764
Car -1 -1 -7.0936 0.0000 156.2113 12.7351 282.6877 1.6412 1.6102 3.8118 -11.7094 1.3265 11.1081 -7.8891 0.0697
Car -1 -1 -6.5690 0.0000 190.1372 11.1509 369.0000 1.4562 1.5442 3.9126 -5.0135 1.5222 2.7187 -7.5925 0.0640
Car -1 -1 -7.2492 805.4743 164.9906 896.4855 201.2412 1.4553 1.6149 4.1411 10.5386 0.8329 30.2594 -6.9155 0.0605
Car -1 -1 -7.4455 518.4340 167.6721 564.4520 190.2597 1.5686 1.7407 4.3566 -4.5639 0.6778 51.4436 -7.5317 0.0550
Car -1 -1 -3.8642 1144.0826 154.8463 1223.0000 308.4208 1.5279 1.5888 4.1925 8.8261 1.2731 8.0195 -3.0489 0.0532
