Pedestrian -1 -1 -2.6483 469.0518 169.1460 483.1124 198.4377 1.9188 0.5605 0.7353 -8.8746 1.6756 47.6454 -2.8318 0.2276
Pedestrian -1 -1 -2.8261 0.0000 159.7259 39.6077 255.1717 1.9070 0.5352 0.8106 -12.3569 1.6444 14.8129 -3.5126 0.1057
Pedestrian -1 -1 -5.2119 527.0854 168.7158 543.9710 204.5125 1.8884 0.5808 0.8085 -4.0205 1.6698 38.5607 -5.3156 0.1043
Pedestrian -1 -1 -3.1136 367.9967 183.1039 376.7932 207.8651 1.8241 0.5972 0.6070 -17.7554 2.5939 53.8360 -3.4311 0.0996
Pedestrian -1 -1 -6.3103 614.8879 171.5062 628.0695 196.2706 1.6913 0.4732 0.8913 0.7538 1.5990 49.5211 -6.2956 0.0883
Pedestrian -1 -1 -4.6231 266.7177 166.4208 290.8362 225.5195 1.9804 0.6792 0.8036 -11.3638 1.7645 24.6704 -5.0510 0.0821
Car -1 -1 -4.0426 192.9886 195.4893 253.5576 220.6940 1.5493 1.6231 3.9219 -26.8374 3.1874 50.1529 -4.5320 0.0776
Car -1 -1 -7.7679 842.3856 166.7490 863.3198 183.4775 1.5775 1.5933 4.0841 23.6417 1.0015 70.2318 -7.4446 0.0723
Car -1 -1 -7.5373 406.5004 173.6402 441.5519 203.6515 2.6279 1.7320 4.6305 -16.8941 2.7018 65.6723 -7.7885 0.0646
Pedestrian -1 -1 -4.4917 660.0350 168.4072 668.6170 191.6755 1.8824 0.5510 0.7348 4.4029 1.5224 58.8054 -4.4177 0.0598
Car -1 -1 -4.6182 363.9767 183.9898 387.0114 203.1114 1.7275 1.7399 4.1657 -22.7335 2.8418 69.9969 -4.9315 0.0548
Car -1 -1 -4.5093 541.7408 176.8206 580.2924 202.0337 1.4803 1.6348 3.9897 -3.0470 1.7395 45.1068 -4.5768 0.0546
Car -1 -1 -5.0317 809.1404 164.2134 840.4037 182.2097 1.6896 1.7019 4.0555 20.7122 0.8780 69.7947 -4.7445 0.0545
Car -1 -1 -8.4003 894.5851 164.5217 962.1999 193.8532 1.7075 1.7653 4.3728 19.4129 1.2222 44.2901 -7.9899 0.0526
Car -1 -1 -4.0469 14.8194 187.7674 145.5667 233.6340 1.3954 1.5922 3.9161 -18.4005 1.9578 25.2332 -4.6721 0.0521
Pedestrian -1 -1 -3.2487 1183.4395 157.1408 1241.0000 372.8726 1.7426 0.5653 0.6430 5.3443 1.6153 6.2404 -2.5644 0.3261
Pedestrian -1 -1 -7.7328 833.6661 167.4352 845.6218 196.9827 1.6900 0.5723 0.7725 13.2493 1.3797 41.7382 -7.4278 0.2186
Pedestrian -1 -1 -5.1921 1094.5006 183.2901 1138.5297 261.5943 1.4241 0.4810 0.5274 9.4072 1.6231 13.4901 -4.5940 0.1494
Pedestrian -1 -1 -5.0305 1076.8763 172.6991 1123.1270 259.2186 1.5994 0.5659 0.5855 9.2349 1.5962 13.6946 -4.4477 0.1106
Pedestrian -1 -1 -8.7581 783.3354 169.9563 804.1660 206.1019 1.7039 0.7410 0.6458 8.7431 1.5670 34.4949 -8.5124 0.1055
Cyclist -1 -1 -4.6882 1096.3887 175.1314 1129.9973 266.9367 1.6350 0.4978 1.5120 9.4702 1.6801 13.6474 -4.0923 0.1001
Pedestrian -1 -1 -6.2497 855.0613 163.5256 863.8049 193.9847 1.8142 0.5792 0.4791 14.9452 1.2583 43.3321 -5.9200 0.0850
Cyclist -1 -1 -3.4587 834.4074 164.4036 870.4077 195.8536 1.7915 0.6430 1.8506 13.8725 1.3098 41.4259 -3.1380 0.0834
Cyclist -1 -1 -8.7796 1030.2958 172.9408 1131.3953 263.8405 1.6322 0.5095 1.6332 8.9121 1.6337 13.8118 -8.2169 0.0705
Cyclist -1 -1 -7.5898 857.0717 166.0513 870.2518 193.8316 1.6437 0.3761 1.4928 15.2315 1.2409 43.4138 -7.2548 0.0697
Cyclist -1 -1 -3.7523 1045.9221 173.6231 1158.7402 266.6061 1.7040 0.6086 1.7196 9.1733 1.7185 13.5552 -3.1681 0.0567
Pedestrian -1 -1 -7.2215 717.6627 174.9649 730.2393 197.5595 1.5578 0.5760 0.6791 7.9086 1.7059 50.2742 -7.0667 0.0547
Cyclist -1 -1 -7.7977 834.0865 168.2489 842.4361 196.1873 1.6093 0.3885 1.4996 13.3590 1.3437 42.3312 -7.4943 0.0518
Car -1 -1 -8.1176 753.1288 182.8588 898.9284 271.9839 1.4613 1.6681 4.1872 4.0456 1.6897 14.3983 -7.8499 0.9582
Car -1 -1 -4.2827 125.3740 187.1942 431.9239 372.3592 1.5448 1.6013 3.9105 -3.4692 1.7494 8.3171 -4.6676 0.9538
Car -1 -1 -7.9616 727.3619 178.4544 795.9869 233.8769 1.4945 1.5930 3.8290 4.4470 1.6790 21.8350 -7.7640 0.9400
Car -1 -1 -8.2416 850.9849 184.6241 1189.1558 374.0000 1.4733 1.5855 3.8375 3.8303 1.6299 7.6502 -7.7938 0.9349
Car -1 -1 -4.3781 537.1429 176.4859 605.0370 220.5232 1.5815 1.5664 3.5512 -1.4931 1.7326 28.1523 -4.4312 0.9326
Car -1 -1 -4.4501 367.3713 183.3284 493.0629 278.4684 1.5422 1.4829 3.3513 -3.3394 1.7663 13.7648 -4.6846 0.9281
Car -1 -1 -4.5693 460.1750 178.2708 537.3303 239.3963 1.5813 1.6469 4.1123 -3.1911 1.7548 21.0922 -4.7183 0.8909
Car -1 -1 -4.3178 650.8540 176.4568 711.4265 206.4299 1.4857 1.6976 4.3283 3.8332 1.6898 38.6279 -4.2202 0.8892
Car -1 -1 -7.9235 771.5722 172.4444 807.3618 204.0893 1.5042 1.4940 3.2878 8.8819 1.4845 36.0446 -7.6842 0.3222
Car -1 -1 -8.0325 878.9869 157.9124 925.9597 191.1917 1.8637 1.7972 4.4440 17.2215 1.0266 42.7641 -7.6523 0.3155
Car -1 -1 -8.9580 1143.6461 195.1622 1241.0000 374.0000 1.4738 1.6017 3.8179 3.7624 1.5973 2.0315 -7.9419 0.2110
Car -1 -1 -4.4581 206.0912 194.4764 370.8544 300.8418 1.3820 1.5667 3.8598 -5.2695 1.8086 12.2209 -4.8580 0.2001
Car -1 -1 -7.8490 727.0140 178.5574 772.5683 221.7872 1.4744 1.5662 3.6558 5.1934 1.7035 27.0662 -7.6621 0.1902
Car -1 -1 -7.6775 305.7489 185.6226 332.9194 204.6569 1.7015 1.7338 4.1173 -28.0295 2.9723 69.6330 -8.0591 0.1899
Car -1 -1 -4.6930 713.0345 171.5217 735.7081 194.6290 1.5959 1.5420 3.9243 8.2242 1.5036 51.8983 -4.5370 0.1832
Car -1 -1 -4.7026 739.4355 169.6188 758.4899 187.4707 1.4955 1.5714 4.1036 12.0494 1.2242 62.6130 -4.5136 0.1328
Car -1 -1 -8.2059 751.0775 165.0343 782.9139 183.2074 1.6506 1.6245 4.0104 14.6538 0.9401 67.6334 -7.9937 0.1205
Car -1 -1 -4.7500 956.2278 183.2913 1032.3807 242.3254 1.4310 1.7016 4.1181 10.7529 1.7595 20.5024 -4.2735 0.0859
Car -1 -1 -4.8039 326.5476 183.9004 403.4791 247.7758 1.4328 1.5625 3.8020 -6.5600 1.7540 18.9493 -5.1334 0.0818
Car -1 -1 -6.2736 77.9991 191.2720 160.9639 220.9201 1.5304 1.6583 3.8511 -27.9562 2.6259 41.1766 -6.8672 0.0814
Car -1 -1 -4.5340 235.3621 190.6590 282.6176 221.6324 1.4800 1.5910 4.1457 -19.0496 2.5023 39.2287 -4.9838 0.0752
Car -1 -1 -2.7329 819.3670 172.0604 887.2834 196.8595 1.4763 1.5263 3.6876 15.0256 1.4287 44.7514 -2.4113 0.0734
Car -1 -1 -4.7281 813.1802 170.6268 835.3627 190.6125 1.4878 1.5692 4.1435 16.5442 1.3217 55.9194 -4.4422 0.0632
Car -1 -1 -5.1664 744.9988 177.3062 814.3929 213.6777 1.4488 1.5017 3.5193 7.1936 1.6519 31.0859 -4.9416 0.0615
Car -1 -1 -4.4445 482.0393 178.2400 545.0911 217.8587 1.5171 1.6121 4.0283 -4.0118 1.7587 30.3067 -4.5755 0.0581
