Cyclist -1 -1 -7.8141 1148.7435 170.0169 1160.6997 212.9963 1.7698 0.3472 1.6580 22.9598 1.6526 30.4643 -7.1733 0.1788
Cyclist -1 -1 -6.9390 1085.0388 171.0709 1125.7302 206.2005 1.8634 0.6291 1.7859 26.4832 1.7685 38.6402 -6.3421 0.1244
Pedestrian -1 -1 -4.5600 1151.1862 160.5335 1178.2460 212.8123 1.9888 0.7415 0.6688 21.4410 1.5198 27.9485 -3.9110 0.0881
Pedestrian -1 -1 -5.2965 989.8465 210.6829 1022.2312 276.4358 1.0689 0.3232 0.3752 6.6182 1.7169 12.1644 -4.8092 0.0881
Pedestrian -1 -1 -8.8911 1079.5212 162.7054 1111.4926 216.2891 1.9967 0.6719 0.7734 18.3744 1.6182 27.3814 -8.3054 0.0713
Car -1 -1 -2.9595 629.5635 178.5639 940.7527 305.3146 1.5022 1.5286 4.0256 2.3737 1.5943 10.1791 -2.7381 0.0695
Car -1 -1 -7.9716 741.6628 178.7651 785.5893 210.7443 1.3995 1.5853 3.7940 7.1937 1.6960 34.2605 -7.7669 0.0548
Cyclist -1 -1 -7.6526 192.9192 152.9459 213.4642 192.7510 1.7189 0.4612 1.6969 -18.0920 0.8589 32.0357 -8.1633 0.0512
Car -1 -1 -3.7490 0.0000 181.3387 41.3337 354.7138 1.4141 1.5379 3.8576 -8.9017 1.5328 8.1037 -4.5648 0.0509
Pedestrian -1 -1 -3.2213 278.4478 174.5403 371.5922 331.3384 1.6025 0.5311 0.9012 -3.1483 1.6214 7.8190 -3.5934 0.4069
Cyclist -1 -1 -5.6270 1073.9442 170.2352 1129.5863 219.0710 1.7811 0.5661 1.7478 18.4872 1.6853 27.2337 -5.0361 0.1715
Cyclist -1 -1 -3.1676 1086.4128 173.4922 1142.7155 222.2573 1.7523 0.6742 1.6843 18.5884 1.7763 26.6888 -2.5649 0.1459
Cyclist -1 -1 -8.0000 760.9579 170.7598 777.9760 213.2639 1.7340 0.4513 1.6707 6.6395 1.6483 30.2844 -7.7868 0.1289
Pedestrian -1 -1 -6.6727 641.5047 172.2198 652.8926 195.2503 1.6815 0.6288 0.6456 2.7055 1.6349 53.0848 -6.6225 0.1289
Pedestrian -1 -1 -5.5983 532.2027 172.4904 547.0645 200.4124 1.7032 0.6264 0.6653 -4.3698 1.6807 44.4569 -5.6961 0.1063
Cyclist -1 -1 -7.9876 641.8115 171.6667 658.1654 208.9064 1.6617 0.5336 1.6029 1.7790 1.6084 33.0164 -7.9348 0.0945
Cyclist -1 -1 -7.4483 328.6219 155.3671 350.2068 185.8883 1.7063 0.5211 1.7088 -15.4768 0.7284 41.2049 -7.8057 0.0723
Pedestrian -1 -1 -7.3488 494.6648 170.2917 515.9385 215.6364 1.7094 0.5817 0.6124 -4.0459 1.6125 27.5890 -7.4936 0.0644
Cyclist -1 -1 -7.1014 0.0000 148.0981 65.6180 223.5077 1.7085 0.4740 1.6341 -13.9145 1.1473 17.1803 -7.7747 0.0643
Pedestrian -1 -1 -7.4098 1101.2747 178.8850 1128.5615 222.9533 1.5935 0.6596 0.5368 18.5835 1.8193 26.6258 -6.8062 0.0628
Pedestrian -1 -1 -8.2276 516.8599 173.5210 535.8601 209.3281 1.6242 0.7320 0.5072 -3.8841 1.6549 33.1397 -8.3439 0.0562
Cyclist -1 -1 -7.9701 638.2329 170.9016 647.6319 193.2748 1.6559 0.5088 1.7065 2.4426 1.5111 54.2723 -7.9258 0.0539
Cyclist -1 -1 -7.3386 337.4907 155.5453 361.0612 185.7904 1.7005 0.5109 1.6795 -14.9973 0.7270 41.4374 -7.6840 0.0514
Car -1 -1 -7.8654 579.3795 180.4316 634.6296 224.6485 1.3328 1.7116 3.3768 -0.1732 1.6029 24.0384 -7.8732 0.9585
Car -1 -1 -2.1257 243.4519 166.6122 446.0822 271.0695 1.6807 1.7101 3.9855 -5.0963 1.5800 13.5078 -2.4806 0.8629
Car -1 -1 -7.8583 582.6038 174.5941 616.6152 205.8563 1.5206 1.6645 3.5619 -0.5853 1.6141 37.0947 -7.8745 0.8355
Car -1 -1 -2.2796 428.6879 167.6251 527.6136 216.8421 1.7327 1.6186 3.7439 -5.0548 1.5483 27.2075 -2.4621 0.7086
Car -1 -1 -2.2596 397.5668 178.3677 503.2128 223.1538 1.3840 1.5427 3.6185 -5.4911 1.5836 24.4424 -2.4788 0.7063
Car -1 -1 -8.3113 334.4833 161.8024 472.0002 249.9772 1.8441 1.6426 3.6978 -5.0032 1.6126 17.0093 -8.5938 0.5135
Car -1 -1 -1.8544 0.0000 142.2919 295.4761 374.0000 1.7549 1.6423 4.1481 -4.5873 1.5773 6.1109 -2.4779 0.4637
Car -1 -1 -2.3750 505.7454 172.3134 556.8301 193.4549 1.4588 1.4519 3.6288 -5.6646 1.4212 51.4713 -2.4844 0.4458
Car -1 -1 -2.3679 457.9902 175.2672 543.6893 207.3373 1.4358 1.5848 4.0982 -5.2810 1.5568 34.4185 -2.5194 0.3647
Car -1 -1 -7.9349 635.4614 172.0360 660.6074 193.1830 1.5512 1.5966 3.8251 2.8304 1.4909 54.8626 -7.8840 0.3527
Car -1 -1 -4.4003 255.1770 171.2384 319.0366 205.4050 1.4820 1.5917 3.7852 -14.8397 1.4116 33.2617 -4.8172 0.3384
Car -1 -1 -8.4002 479.3304 172.8279 541.6245 202.8863 1.4969 1.6046 3.5801 -5.2945 1.4953 37.8264 -8.5387 0.3063
Car -1 -1 -4.8465 1077.4176 177.7220 1144.0632 219.8058 1.4990 1.6245 3.7223 19.4305 1.7026 28.1979 -4.2485 0.2294
Car -1 -1 -8.4149 496.1886 172.8638 549.1669 197.5323 1.5005 1.5677 3.7799 -5.6189 1.5009 45.8515 -8.5365 0.1743
Car -1 -1 -7.2788 289.7364 153.9977 356.8112 183.9861 1.6082 1.7026 3.8348 -16.1478 0.5967 40.7416 -7.6540 0.1374
Car -1 -1 -3.9751 0.0000 144.5191 75.4780 222.8448 1.6117 1.6763 3.7380 -14.7014 1.0284 16.7359 -4.6881 0.1295
Car -1 -1 -8.6653 941.0251 185.8386 1241.0000 374.0000 1.4076 1.5200 3.6615 3.1910 1.5011 3.3215 -7.9437 0.1243
Car -1 -1 -8.0195 765.9214 173.8265 826.8871 216.0640 1.6026 1.7060 4.3485 7.5381 1.6453 29.7147 -7.7740 0.1135
Car -1 -1 -7.8119 655.7956 174.2480 694.7612 208.9843 1.5211 1.6597 4.0697 3.0764 1.5904 33.8926 -7.7227 0.1130
Car -1 -1 -7.5223 242.3767 147.4597 302.0044 181.7040 1.8114 1.7467 4.1693 -18.8301 0.4678 40.3306 -7.9567 0.0687
Car -1 -1 -2.3203 106.4025 174.7205 379.2483 290.3390 1.5229 1.6006 3.7122 -5.6075 1.5545 10.9477 -2.7843 0.0620
Car -1 -1 -7.3656 335.1193 156.0710 394.2714 184.6051 1.5818 1.6355 3.8662 -14.2562 0.6511 42.0398 -7.6908 0.0559
Car -1 -1 -1.7425 0.0000 114.6575 0.0000 374.0000 1.6504 1.6606 4.1535 -5.7998 1.4667 3.9347 -2.6852 0.0511
