Cyclist -1 -1 -4.3561 476.8382 168.5301 509.7817 222.5289 1.8157 0.5470 1.7884 -4.1022 1.6700 25.1925 -4.5164 0.8060
Cyclist -1 -1 -4.4077 494.3537 169.6656 522.4836 217.1035 1.7817 0.5489 1.8712 -3.9793 1.6616 28.0671 -4.5478 0.8054
Cyclist -1 -1 -6.7741 583.6679 169.8794 622.9390 208.5573 1.7917 0.5735 1.7992 -0.3530 1.6536 34.1080 -6.7849 0.7916
Pedestrian -1 -1 -3.5925 836.4482 167.1241 853.6928 200.6209 1.7020 0.5602 0.6614 12.0072 1.4106 36.9856 -3.2813 0.2158
Pedestrian -1 -1 -3.1128 627.3887 169.6150 641.2487 195.4613 1.9172 0.5314 1.0192 1.7868 1.6766 53.8174 -3.0802 0.1372
Car -1 -1 -7.7286 756.6616 169.2330 779.7284 189.0164 1.8519 1.6993 3.9719 15.2867 1.5126 69.6973 -7.5139 0.1076
Pedestrian -1 -1 -3.4773 616.5242 170.1448 627.3591 195.6754 1.7588 0.7100 0.5485 0.7962 1.5718 50.1294 -3.4619 0.0994
Pedestrian -1 -1 -5.6723 425.1672 168.8392 447.1651 207.8304 1.8725 0.5856 0.8595 -8.4908 1.6794 35.0813 -5.9085 0.0927
Car -1 -1 -4.8631 187.5899 156.9412 224.5420 180.3461 1.5858 1.6750 4.1908 -28.6424 0.5073 51.0557 -5.3722 0.0864
Pedestrian -1 -1 -3.2838 591.6767 166.7902 599.7982 199.2131 1.8795 0.5365 0.4012 -0.8704 1.5277 42.1244 -3.3048 0.0856
Cyclist -1 -1 -7.6247 333.3504 172.1235 344.9792 196.9665 1.5962 0.3461 1.6470 -17.7425 1.5489 47.1974 -7.9826 0.0780
Pedestrian -1 -1 -6.0864 642.2854 171.5219 649.5692 193.6949 1.8568 0.6156 0.5030 3.0027 1.7450 60.7826 -6.0377 0.0759
Pedestrian -1 -1 -4.0067 736.3625 165.9705 750.7549 193.8661 1.9007 0.5826 0.8185 9.1584 1.4314 49.6478 -3.8257 0.0702
Cyclist -1 -1 -4.3889 580.6446 169.9574 598.8091 203.5367 1.7409 0.4662 1.6460 -1.1048 1.5904 38.2630 -4.4181 0.0691
Pedestrian -1 -1 -4.5136 337.0954 167.4206 352.7339 203.3407 1.9032 0.6526 0.7406 -14.2319 1.6150 38.6452 -4.8645 0.0689
Pedestrian -1 -1 -5.2352 235.4590 170.8360 246.5740 203.7427 1.7467 0.4555 0.2691 -19.7591 1.6393 38.5647 -5.7061 0.0620
Pedestrian -1 -1 -6.0467 659.8110 168.8472 669.6213 191.9524 1.8506 0.4974 0.6914 4.3827 1.5294 58.1343 -5.9722 0.0596
Cyclist -1 -1 -6.3858 709.8487 163.2210 743.9598 200.8918 1.8782 0.6191 1.6388 5.8376 1.3976 36.3285 -6.2281 0.0591
Car -1 -1 -4.8658 594.9572 170.9385 623.3240 193.7243 1.7203 1.6622 3.7251 -0.1286 1.5754 56.4439 -4.8685 0.0588
Car -1 -1 -8.0844 786.4009 166.2106 814.4558 187.2913 1.9854 1.6638 4.4113 18.4594 1.3594 70.1803 -7.8285 0.0553
Pedestrian -1 -1 -7.6120 205.8959 169.7867 249.8630 261.4385 1.7474 0.5675 0.8907 -7.5883 1.6886 14.2563 -8.0938 0.8737
Pedestrian -1 -1 -8.0380 283.7722 166.2667 327.9873 259.5165 1.7909 0.6603 0.9120 -6.1372 1.6641 14.4195 -8.4343 0.7248
Pedestrian -1 -1 -3.9778 764.9268 154.5964 827.6481 270.3510 1.8232 0.6773 0.7400 3.0020 1.5353 11.8526 -3.7366 0.7179
Pedestrian -1 -1 -3.8937 1192.1113 150.8386 1241.0000 267.4789 1.7198 0.6699 0.6228 9.3976 1.3949 10.9913 -3.1999 0.7143
Pedestrian -1 -1 -7.8519 826.9285 168.1394 845.2566 211.1104 1.7168 0.7012 0.6758 9.1199 1.5281 29.2540 -7.5530 0.5697
Cyclist -1 -1 -7.6767 989.5649 142.6607 1082.7428 340.9097 1.8100 0.5517 1.8298 4.3877 1.5340 7.4686 -7.1635 0.5572
Pedestrian -1 -1 -6.5219 1043.0265 153.2679 1130.8851 291.7535 1.7433 0.4887 0.8633 6.1693 1.4964 9.4523 -5.9584 0.5331
Pedestrian -1 -1 -5.0171 775.0325 155.0471 825.7275 250.9181 1.8664 0.7299 0.9470 3.7674 1.5195 14.5406 -4.7693 0.5008
Pedestrian -1 -1 -7.4314 897.7195 167.2318 925.7763 217.8411 1.6770 0.6416 0.7126 10.1519 1.4904 24.3876 -7.0417 0.4548
Pedestrian -1 -1 -7.5467 102.9732 180.4434 151.6060 256.4280 1.6064 0.6612 0.8416 -10.6384 1.7780 15.8483 -8.1303 0.4512
Cyclist -1 -1 -2.6964 362.3497 174.5290 407.7987 218.7241 1.7234 0.6284 1.6059 -8.9527 1.7905 28.5955 -2.9976 0.4355
Pedestrian -1 -1 -4.5366 865.0403 163.3067 911.1248 261.2073 1.6706 0.6473 0.7643 4.8863 1.5074 12.8057 -4.1806 0.3986
Pedestrian -1 -1 -3.3322 305.8290 170.5242 334.5291 230.4325 1.8278 0.5769 0.7335 -9.0686 1.7564 22.4544 -3.7123 0.3832
Cyclist -1 -1 -7.6073 21.8459 183.7473 69.7612 261.1268 1.5705 0.4087 1.7101 -12.3422 1.8211 15.7537 -8.2638 0.3655
Cyclist -1 -1 -7.2766 264.9587 178.8422 308.2357 234.6973 1.6576 0.3909 1.6445 -10.0812 1.8505 22.4362 -7.6948 0.3460
Pedestrian -1 -1 -5.6503 405.2834 165.9427 427.0266 202.8167 1.9274 0.6327 0.9139 -10.2927 1.5658 38.1746 -5.9122 0.3209
Pedestrian -1 -1 -3.6000 851.5713 165.3969 873.0777 210.7167 1.7914 0.5984 0.6082 10.0426 1.4963 28.8559 -3.2687 0.2503
Pedestrian -1 -1 -5.8354 171.6216 183.1939 215.1646 243.9552 1.5391 0.5828 0.8041 -10.8408 1.8114 18.7045 -6.3548 0.2373
Pedestrian -1 -1 -5.1858 768.1890 184.4294 794.6042 245.2186 1.3174 0.4227 0.4205 3.7432 1.5777 15.9903 -4.9607 0.1865
Pedestrian -1 -1 -4.1918 1021.2613 171.5983 1074.0438 278.5368 1.5268 0.4523 0.5575 6.3938 1.5085 10.6364 -3.6634 0.1760
Pedestrian -1 -1 -7.5500 833.2099 175.1552 877.8338 249.7763 1.4806 0.7272 0.5877 4.9821 1.5289 14.7951 -7.2320 0.1637
Cyclist -1 -1 -8.6863 725.5155 168.7757 754.8637 199.1295 1.7527 0.6680 1.6913 7.6293 1.5169 42.5365 -8.5105 0.1632
Cyclist -1 -1 -3.9692 336.8849 178.1000 374.9954 224.4909 1.6590 0.4974 1.4258 -9.4418 1.8585 26.7267 -4.3062 0.1234
Cyclist -1 -1 -8.1155 973.9545 172.2742 1002.4194 222.9003 1.5282 0.3641 1.6469 11.7928 1.5104 22.6233 -7.6408 0.1172
Pedestrian -1 -1 -5.7221 865.4666 163.9566 908.9893 235.4642 1.7614 0.6254 0.8241 6.9724 1.5419 18.2904 -5.3639 0.1139
Pedestrian -1 -1 -5.6273 298.3320 166.6149 351.6023 252.2511 1.8241 0.4995 0.9807 -6.2688 1.6909 15.7456 -6.0010 0.0989
Pedestrian -1 -1 -4.3045 820.5291 169.0040 830.1617 198.1776 1.7063 0.4523 0.3238 12.6394 1.4809 42.4715 -4.0176 0.0946
Cyclist -1 -1 -4.3659 478.6454 173.6465 495.3316 201.3907 1.6600 0.5473 1.4382 -7.5238 1.7088 43.9694 -4.5348 0.0940
Pedestrian -1 -1 -5.5475 827.6924 173.4604 859.5361 231.1303 1.6045 0.5286 0.6823 6.5881 1.6218 20.5121 -5.2416 0.0863
Pedestrian -1 -1 -3.9057 796.8925 160.6941 832.4166 227.2148 1.8252 0.6550 0.7008 5.6913 1.4912 20.2517 -3.6361 0.0839
Pedestrian -1 -1 -6.1328 799.7314 163.2301 828.0001 225.3641 1.7916 0.5911 0.7229 5.9495 1.5138 21.2227 -5.8637 0.0837
Pedestrian -1 -1 -8.0704 416.9054 171.0764 429.8944 204.2147 1.8154 0.6181 0.4236 -10.3455 1.7177 39.8555 -8.3231 0.0831
Pedestrian -1 -1 -2.6739 819.7075 168.2747 856.7245 229.6928 1.6884 0.5470 0.8382 6.3758 1.5622 20.3230 -2.3747 0.0740
Cyclist -1 -1 -6.7220 480.5409 170.7508 509.5447 200.6724 1.7736 0.6824 1.5874 -6.9625 1.6486 43.4977 -6.8801 0.0738
Pedestrian -1 -1 -3.9551 743.4241 172.5471 759.3318 201.2532 1.6477 0.5731 0.7124 8.1643 1.6298 41.8554 -3.7643 0.0696
Pedestrian -1 -1 -4.8252 951.2267 160.2721 976.2446 216.2897 1.7832 0.6317 0.8621 11.4541 1.3824 23.4793 -4.3767 0.0674
Pedestrian -1 -1 -4.8449 821.8177 159.7074 848.5126 224.3087 1.8632 0.6390 0.8501 6.5832 1.4837 21.2813 -4.5494 0.0667
Pedestrian -1 -1 -2.7595 874.3752 160.4007 902.9629 210.8165 1.8306 0.6153 0.8180 10.2662 1.3781 26.7029 -2.3966 0.0666
Cyclist -1 -1 -6.4936 1084.2258 151.5360 1166.7717 215.7567 1.8009 0.7147 1.8349 14.8576 1.2028 20.9202 -5.8829 0.0655
Cyclist -1 -1 -6.9732 282.2721 172.3484 339.6371 233.0537 1.8186 0.5037 1.7248 -9.3462 1.8032 22.4951 -7.3633 0.0602
Pedestrian -1 -1 -4.5117 1046.7240 170.9679 1089.8776 275.8775 1.4668 0.4458 0.4793 6.5607 1.4402 10.4158 -3.9628 0.0596
Cyclist -1 -1 -8.4843 794.9266 161.9138 849.1315 228.2600 1.7855 0.5557 1.7070 5.8934 1.4908 20.3147 -8.2064 0.0595
Cyclist -1 -1 -7.5009 262.0793 180.4611 298.1870 234.7330 1.6055 0.4427 1.7471 -10.3040 1.8516 22.4811 -7.9266 0.0592
Cyclist -1 -1 -3.0414 287.5756 171.0298 350.6537 230.9830 1.8109 0.5408 1.7622 -9.0156 1.7555 22.2973 -3.4219 0.0590
Pedestrian -1 -1 -7.8919 935.7487 167.9019 956.7079 221.9888 1.6212 0.5583 0.4262 10.1665 1.4725 21.9312 -7.4635 0.0589
Cyclist -1 -1 -6.6839 889.5368 164.7343 947.4581 216.9495 1.7283 0.6583 1.6622 10.2929 1.4593 24.2152 -6.2869 0.0575
Cyclist -1 -1 -7.9590 833.0358 163.1166 860.1724 225.6273 1.7593 0.5677 1.7153 6.8871 1.4849 21.2042 -7.6496 0.0559
Cyclist -1 -1 -7.3623 0.0000 182.8189 84.6366 279.0298 1.5671 0.4827 1.7172 -10.1313 1.7561 12.8229 -8.0210 0.0558
Cyclist -1 -1 -8.8867 838.5804 161.6992 908.3528 234.0014 1.7578 0.5147 1.6273 6.6209 1.4863 18.3330 -8.5459 0.0552
Pedestrian -1 -1 -3.7997 787.5812 171.3171 799.4822 196.0057 1.7702 0.5261 0.6458 13.2224 1.6597 52.1054 -3.5530 0.0546
Cyclist -1 -1 -3.5467 981.3245 159.8812 1126.0531 278.3011 1.6795 0.6287 1.7129 6.4531 1.4952 10.6532 -3.0149 0.0538
Cyclist -1 -1 -6.8284 149.7248 184.9399 226.5499 248.6115 1.5498 0.4569 1.7379 -10.9876 1.8784 18.7654 -7.3523 0.0533
Cyclist -1 -1 -8.4837 887.7337 160.6001 932.2167 212.7836 1.8172 0.5554 1.7410 10.7548 1.3902 26.0379 -8.0964 0.0530
Pedestrian -1 -1 -2.9099 1013.0465 176.6998 1057.0059 277.0819 1.4618 0.4591 0.4834 6.3450 1.5212 10.8656 -2.3938 0.0522
Pedestrian -1 -1 -4.6822 826.7931 186.4038 853.1604 250.8676 1.2954 0.5108 0.5866 4.7351 1.5838 15.0112 -4.3831 0.0503
Car -1 -1 -7.6451 713.5524 174.1424 759.0781 204.5163 1.4979 1.6456 3.5737 6.6061 1.5685 37.7148 -7.4735 0.5774
Car -1 -1 -7.7654 734.0120 172.6286 764.1515 197.0393 1.5352 1.6159 3.9022 9.1526 1.5207 47.4751 -7.5765 0.2574
Car -1 -1 -7.5390 499.2691 176.8849 535.6710 198.1453 1.4248 1.5221 3.5628 -6.5260 1.7197 50.9632 -7.6661 0.2504
Car -1 -1 -5.8143 365.1212 175.3808 438.1064 199.9662 1.4848 1.5878 4.0967 -13.0054 1.6461 44.9805 -6.0945 0.1459
Car -1 -1 -4.6805 466.3613 174.1687 494.4958 199.9349 1.5348 1.6105 4.0395 -8.1302 1.6210 45.3115 -4.8574 0.1235
Car -1 -1 -8.0483 808.3351 170.5038 846.9805 196.0885 1.5530 1.6317 3.7805 13.7163 1.4101 45.7570 -7.7592 0.1233
Car -1 -1 -7.7478 713.0782 176.1094 752.7946 209.5611 1.4392 1.4839 3.0713 5.6241 1.5956 33.0485 -7.5812 0.1158
Car -1 -1 -1.9061 113.5094 167.5303 156.7789 187.5152 1.5612 1.6429 4.1719 -38.4058 1.1450 58.2885 -2.4867 0.1102
Car -1 -1 -5.6912 0.0000 179.6328 60.1247 284.1718 1.5361 1.6022 4.0108 -11.8237 1.6583 11.8961 -6.4623 0.1013
Car -1 -1 -7.2660 391.5598 174.2092 452.4997 202.4561 1.5492 1.6147 3.7324 -10.8618 1.6312 41.7958 -7.5191 0.0996
Car -1 -1 -4.9565 754.6745 171.1757 792.9014 195.9407 1.6204 1.6259 3.9326 11.0838 1.5103 49.1962 -4.7366 0.0970
Car -1 -1 -3.3369 993.4810 164.9328 1159.6440 217.8412 1.5006 1.5591 3.9985 13.9501 1.2756 21.9061 -2.7763 0.0912
Car -1 -1 -2.9670 295.6097 180.0826 409.6438 216.9649 1.4293 1.6071 4.1796 -10.4914 1.7363 29.5398 -3.3058 0.0873
Car -1 -1 -6.1426 743.6582 172.0362 817.4193 200.2482 1.5784 1.6560 3.9747 9.8598 1.5324 41.8592 -5.9133 0.0872
Car -1 -1 -5.2730 891.7648 167.7549 998.1794 215.2090 1.5472 1.6157 3.7957 11.6681 1.3806 25.5150 -4.8489 0.0809
Car -1 -1 -7.7292 531.3586 174.4089 565.4348 200.8989 1.5390 1.6063 3.8877 -3.7574 1.6380 44.1244 -7.8141 0.0799
Car -1 -1 -8.2355 759.0472 167.8118 856.5224 228.2456 1.6346 1.5777 3.4473 5.6873 1.4979 21.3244 -7.9790 0.0761
Car -1 -1 -7.3260 905.3687 176.4761 1227.7487 350.7932 1.4654 1.5277 3.1194 4.7331 1.5101 7.5434 -6.7838 0.0675
Car -1 -1 -6.4326 986.1954 160.5417 1149.8350 210.7288 1.5412 1.6629 4.3389 14.8603 1.1628 23.7741 -5.8797 0.0566
Car -1 -1 -7.7826 990.4938 174.7150 1096.5558 257.1667 1.3858 1.5566 3.7684 8.5658 1.4273 14.2100 -7.2497 0.0533
Car -1 -1 -4.8148 81.5882 168.0930 113.8751 189.2740 1.6188 1.6597 4.3622 -40.7562 1.2546 57.3329 -5.4307 0.0531
Car -1 -1 -4.4047 804.5659 172.8823 866.9911 207.8960 1.4860 1.6296 3.8090 10.2235 1.4871 32.6552 -4.1043 0.0506
