Pedestrian -1 -1 -8.8195 936.1560 172.4640 961.1074 214.7532 1.8002 0.6816 0.7168 14.5962 1.7833 31.1976 -8.3861 0.3006
Pedestrian -1 -1 -4.9027 93.8757 183.4082 112.9918 219.1441 1.8879 0.7267 0.6957 -27.3613 2.4642 38.9183 -5.5124 0.1550
Pedestrian -1 -1 -5.7495 223.2034 180.9464 237.0652 207.9766 1.8316 0.7454 0.5369 -26.0931 2.3909 49.5085 -6.2326 0.1060
Car -1 -1 -4.8557 360.5340 182.4923 398.9997 210.8810 1.5989 1.6642 4.2618 -14.2651 2.2230 44.4665 -5.1648 0.0827
Pedestrian -1 -1 -6.6814 743.4683 172.6195 757.6505 207.0498 1.9017 0.6513 0.5665 7.7970 1.8885 40.2309 -6.4919 0.0796
Car -1 -1 -8.1621 1072.7671 177.2610 1146.1382 214.5026 1.4867 1.5727 3.5785 21.4565 1.6888 31.2021 -7.5645 0.0738
Pedestrian -1 -1 -6.1501 1151.7361 165.0840 1172.8429 210.9783 1.8286 0.6854 0.5964 22.3082 1.5187 29.2017 -5.5029 0.0727
Cyclist -1 -1 -4.5804 1098.3223 171.7431 1118.4607 215.1322 1.6751 0.4409 1.7618 19.7580 1.6319 28.6587 -3.9820 0.0712
Pedestrian -1 -1 -7.0020 1226.2238 163.4803 1241.0000 216.0843 1.8128 0.6023 0.5241 21.9679 1.4895 25.1682 -6.2905 0.0675
Car -1 -1 -5.0460 699.0853 174.5118 742.9796 200.2336 1.6939 1.7047 4.2304 7.6103 1.8137 50.0406 -4.8964 0.0662
Car -1 -1 -4.5733 390.5511 182.3303 424.3820 205.7308 1.5220 1.7140 4.3531 -14.3043 2.2218 51.0391 -4.8455 0.0623
Car -1 -1 -3.0026 534.7639 178.2242 587.8083 200.3651 1.6135 1.7191 3.7641 -3.6520 2.0229 54.0550 -3.0702 0.0614
Car -1 -1 -4.7756 5.0037 192.8107 51.3806 226.1805 1.5528 1.6641 3.9091 -30.6905 2.6584 37.9778 -5.4520 0.0592
Car -1 -1 -4.1712 42.2889 191.8868 138.5059 230.7286 1.4859 1.6210 3.9147 -22.6578 2.3720 31.5903 -4.7896 0.0575
Cyclist -1 -1 -3.5891 1178.8680 157.5618 1239.5497 207.4179 1.8993 0.7205 1.6661 23.2132 1.3164 28.0341 -2.9030 0.0520
Car -1 -1 -5.0602 537.8783 177.9732 575.0499 199.1732 1.5916 1.6807 3.9978 -4.3230 2.0139 57.3854 -5.1354 0.0514
Pedestrian -1 -1 -5.9001 61.8956 186.8710 81.8597 220.5921 1.8008 0.5951 0.6977 -29.2838 2.5697 39.2207 -6.5384 0.0964
Cyclist -1 -1 -4.6251 95.1393 186.3312 110.2502 219.8619 1.7345 0.5134 1.7429 -27.3913 2.4776 38.9170 -5.2354 0.0576
Car -1 -1 -5.1183 751.8018 178.7848 801.9227 203.2077 1.4983 1.7162 4.1125 10.8867 1.9063 47.4993 -4.8949 0.7163
Car -1 -1 -4.5156 433.2538 181.2587 462.0107 199.1840 1.4564 1.6598 4.1350 -14.0847 2.2104 62.6688 -4.7361 0.3547
Car -1 -1 -4.7685 13.6357 189.3965 57.0239 221.7326 1.5765 1.6385 3.7784 -31.2334 2.5182 39.1348 -5.4389 0.1720
Car -1 -1 -4.6615 82.2411 186.5803 118.9406 215.6923 1.6271 1.6379 3.9395 -31.3380 2.5117 44.4139 -5.2733 0.1260
Car -1 -1 -4.7161 133.9171 189.4884 168.1355 218.4710 1.5024 1.6140 4.1088 -26.7824 2.5215 42.0547 -5.2806 0.1010
Car -1 -1 -4.5391 50.6574 189.1141 99.7916 218.8848 1.4936 1.5616 3.8923 -30.0373 2.4547 40.5729 -5.1734 0.0623
