Pedestrian -1 -1 -6.0931 650.2137 171.1490 655.9276 188.8801 1.6605 0.6291 0.4266 4.0351 1.5005 67.9276 -6.0344 0.1938
Pedestrian -1 -1 -5.0930 802.2963 155.9579 840.5093 236.4486 1.8931 0.6148 0.8327 5.0410 1.4954 17.4158 -4.8165 0.1136
Pedestrian -1 -1 -4.8219 45.9401 162.9502 102.3817 303.4411 1.8830 0.5743 0.6210 -7.5532 1.7499 10.0935 -5.4519 0.1027
Pedestrian -1 -1 -2.1655 0.0000 135.4623 85.1940 338.8082 1.9927 0.6031 0.8589 -6.1192 1.6260 7.4885 -2.8334 0.0780
Pedestrian -1 -1 -4.1326 392.7616 166.4721 419.6756 217.7007 1.9334 0.6692 0.7940 -7.8661 1.6922 27.7099 -4.4072 0.0757
Pedestrian -1 -1 -6.0409 488.8117 175.3118 500.7472 202.5474 1.8142 0.6918 0.6456 -7.7749 1.9804 48.5009 -6.1994 0.0727
Pedestrian -1 -1 -7.8451 397.0508 174.4865 420.7678 233.5726 1.7691 0.6877 0.6115 -6.1784 1.8195 22.0096 -8.1162 0.0672
Pedestrian -1 -1 -7.3120 413.5594 174.3605 429.2218 205.3421 1.8900 0.7206 0.6133 -11.6527 1.9834 44.4521 -7.5673 0.0659
Pedestrian -1 -1 -5.0136 317.9700 193.4515 353.7652 267.0576 1.4411 0.5336 0.5900 -5.6571 1.8731 14.7456 -5.3746 0.0649
Pedestrian -1 -1 -4.0171 244.6514 176.4808 281.1415 251.0184 1.7870 0.5597 0.5872 -8.5544 1.8774 17.6869 -4.4621 0.0621
Car -1 -1 -7.7654 653.0773 171.0607 676.9692 192.6997 1.7426 1.6520 3.9082 4.5925 1.5978 60.1671 -7.6900 0.0605
Cyclist -1 -1 -2.9204 493.2544 173.3025 524.0472 204.3797 1.7811 0.6115 1.6707 -5.8940 1.8070 41.7359 -3.0603 0.0589
Car -1 -1 -5.3829 1057.4418 162.4429 1241.0000 374.0000 1.7581 1.6260 3.6857 5.7053 1.6949 6.2412 -4.6665 0.0529
Pedestrian -1 -1 -2.3833 320.3707 167.4196 358.8070 235.4041 1.9217 0.6202 0.8453 -7.8586 1.7678 20.8458 -2.7401 0.0515
Car -1 -1 -2.5078 79.7814 191.9749 335.1468 273.3569 1.4204 1.5927 4.2821 -7.8727 1.8243 14.1750 -3.0073 0.0513
Cyclist -1 -1 -4.9513 719.1156 172.4060 740.6622 215.4798 1.6845 0.5133 1.4728 4.7588 1.6667 28.9723 -4.7908 0.1155
Pedestrian -1 -1 -3.6853 518.0535 177.2894 533.1710 205.4012 1.5949 0.5029 0.7047 -4.8882 1.8522 41.4822 -3.8023 0.0891
Cyclist -1 -1 -4.5803 454.4597 177.9231 472.4402 221.4693 1.7022 0.5218 1.4806 -5.9528 1.9119 29.1364 -4.7806 0.0748
Pedestrian -1 -1 -3.7936 723.4312 170.9187 742.7261 214.2898 1.7200 0.5719 0.5239 4.8987 1.6429 28.9892 -3.6285 0.0577
Cyclist -1 -1 -8.1253 725.8836 173.0242 749.3293 215.5296 1.6238 0.4887 1.6072 4.9643 1.6304 28.3949 -7.9545 0.0530
Cyclist -1 -1 -4.8931 723.6631 172.7113 742.6630 216.8667 1.6746 0.4614 1.4979 4.7446 1.6689 28.1170 -4.7283 0.0517
Cyclist -1 -1 -7.6545 471.8677 175.9121 483.0078 204.2216 1.6389 0.3551 1.5199 -7.8749 1.8228 42.6984 -7.8362 0.0506
Car -1 -1 -8.1388 721.9207 182.4446 922.8459 313.2220 1.4717 1.6248 3.8857 2.7329 1.6355 10.3792 -7.8895 0.9791
Car -1 -1 -8.0658 674.2073 181.2483 783.8279 256.6169 1.4391 1.5863 3.9324 2.4811 1.6512 16.2386 -7.9179 0.9400
Car -1 -1 -4.1111 0.0000 192.1538 352.6165 374.0000 1.5402 1.6366 4.1487 -2.6945 1.6839 3.2718 -4.7617 0.8370
Car -1 -1 -8.4711 903.4450 102.8802 1241.0000 374.0000 1.7517 1.5574 3.6338 2.8415 1.5907 3.4920 -7.8294 0.6750
Car -1 -1 -4.8470 663.2299 170.7329 695.7425 196.8429 1.8061 1.7702 4.2382 4.9367 1.6591 52.0639 -4.7534 0.5055
Car -1 -1 -4.5692 558.5043 176.5957 588.0823 198.8139 1.5555 1.6246 4.0409 -2.7017 1.8424 53.3043 -4.6200 0.4827
Car -1 -1 -2.9127 467.5069 177.3480 537.1808 204.1135 1.5192 1.6431 3.7611 -6.3084 1.7881 42.2524 -3.0604 0.4150
Car -1 -1 -2.8740 405.8506 177.0073 479.3461 206.7000 1.5417 1.5893 3.5330 -8.9507 1.7684 38.5715 -3.1009 0.3787
Car -1 -1 -6.0534 411.5170 172.8915 485.5999 201.3309 1.7444 1.6985 4.2470 -10.0901 1.7465 45.1310 -6.2724 0.1175
Car -1 -1 -2.5052 623.3680 173.6078 671.5569 193.4923 1.5975 1.5828 3.7971 3.0658 1.6617 59.9213 -2.4547 0.1000
Car -1 -1 -7.4152 399.1348 182.2805 475.5206 222.8731 1.4943 1.6158 3.6781 -7.0030 1.9043 29.4398 -7.6472 0.0999
Car -1 -1 -4.5667 573.5991 175.3107 598.1453 193.4324 1.4927 1.5556 3.9454 -2.0668 1.7106 62.0353 -4.6002 0.0714
Car -1 -1 -4.7578 553.4073 174.6547 580.6883 200.8485 1.7031 1.6699 4.0673 -3.0043 1.8312 49.3154 -4.8188 0.0524
Car -1 -1 -4.7390 578.4525 176.3708 603.8011 200.2524 1.5597 1.6325 4.0465 -1.3689 1.8121 49.7947 -4.7668 0.0520
