Car -1 -1 -8.0917 461.3151 179.1714 501.7214 205.9189 1.5743 1.6408 3.8737 -8.1884 1.9914 45.5653 -8.2690 0.9352
Pedestrian -1 -1 -4.5081 940.1359 152.3122 982.3150 245.4154 1.9537 0.6634 0.9063 7.5958 1.5224 15.7027 -4.0655 0.1619
Pedestrian -1 -1 -3.1975 902.4355 161.1208 940.5077 241.2116 1.9799 0.7240 0.8414 7.8442 1.6895 18.3189 -2.7995 0.1545
Pedestrian -1 -1 -7.8181 924.8796 166.0659 944.1348 213.5583 1.9888 0.7303 0.4777 13.7146 1.7042 30.5894 -7.4007 0.1535
Cyclist -1 -1 -7.5629 0.0000 149.8454 29.2282 207.1682 1.6658 0.3922 1.6976 -18.1607 0.9969 21.8268 -8.2509 0.1277
Pedestrian -1 -1 -5.0635 11.3748 162.1137 50.6109 230.7720 1.8367 0.6810 0.5804 -15.8902 1.5491 19.7440 -5.7347 0.1117
Car -1 -1 -6.2746 53.8776 159.9545 136.7636 188.7406 1.5232 1.6132 3.6699 -28.4197 0.8403 39.8898 -6.8906 0.1073
Pedestrian -1 -1 -4.8824 784.9207 174.3727 803.5833 222.7663 1.8134 0.6043 0.5151 6.9310 1.8712 27.3342 -4.6373 0.1043
Pedestrian -1 -1 -5.7697 1216.1979 156.6641 1241.0000 238.1092 1.9085 0.5719 0.5691 14.9692 1.5289 17.2739 -5.0645 0.1002
Pedestrian -1 -1 -4.5845 828.0421 162.0884 871.9602 272.9341 1.8155 0.6277 0.7467 4.0392 1.6389 12.2890 -4.2751 0.0918
Pedestrian -1 -1 -3.4283 1050.8010 175.7914 1064.0598 198.5146 1.9121 0.4998 0.8473 37.8966 2.1622 61.1583 -2.8761 0.0913
Pedestrian -1 -1 -8.0034 842.7928 174.5511 862.8666 225.6009 1.9027 0.6344 0.5935 9.1244 1.9673 27.2615 -7.6844 0.0874
Cyclist -1 -1 -2.7462 0.0000 140.8801 46.9383 197.2135 1.7710 0.6675 1.7855 -19.4092 0.7655 23.2619 -3.4360 0.0870
Car -1 -1 -4.9301 1151.4200 190.4866 1219.9702 225.1793 1.4284 1.6525 4.1535 27.1440 2.3185 34.2049 -4.2641 0.0846
Car -1 -1 -8.0224 127.6878 166.8393 181.6916 198.7658 1.4784 1.6230 3.8496 -22.4046 1.1996 35.3876 -8.5835 0.0825
Pedestrian -1 -1 -8.8926 987.9449 179.4555 1011.4491 222.6127 1.6972 0.6496 0.5813 15.5743 1.9654 28.9212 -8.4035 0.0797
Pedestrian -1 -1 -7.7082 743.6136 170.5531 757.4384 210.9841 1.9805 0.6046 0.5124 6.9111 1.8675 35.6859 -7.5190 0.0606
Car -1 -1 -8.2999 843.1334 141.3780 896.4930 168.0350 1.6039 1.6273 4.0266 16.5505 -0.3232 46.2541 -7.9582 0.0580
Car -1 -1 -4.9450 444.8467 176.8679 483.7442 202.6756 1.7316 1.7643 4.3326 -10.4688 2.0307 51.4766 -5.1450 0.0558
Pedestrian -1 -1 -6.6232 1037.1376 163.0043 1054.7465 191.2398 1.9954 0.5634 0.9375 30.9962 1.2990 51.3610 -6.0830 0.0519
Pedestrian -1 -1 -5.8125 869.4420 157.9402 929.1425 277.6175 1.8928 0.6447 0.7002 4.7094 1.6566 11.8876 -5.4447 0.0510
Cyclist -1 -1 -7.6596 341.0787 177.8643 363.6645 229.7793 1.6893 0.4219 1.5792 -8.7638 1.8644 24.4480 -8.0008 0.3074
Pedestrian -1 -1 -4.9969 1211.6611 188.6577 1234.9736 229.2471 1.3406 0.4630 0.5485 20.7241 1.8832 24.4430 -4.3001 0.1393
Cyclist -1 -1 -3.8047 1203.6320 175.7285 1241.0000 227.3073 1.7238 0.5883 1.5003 21.0944 1.8223 24.4753 -3.0998 0.1342
Pedestrian -1 -1 -5.8989 257.8320 160.7691 272.8282 185.2669 1.7275 0.5842 0.7994 -24.4832 0.8750 51.1957 -6.3431 0.1320
Pedestrian -1 -1 -5.4383 251.2753 161.1301 266.3773 185.9016 1.7412 0.5509 0.8297 -24.9160 0.9168 51.1320 -5.8898 0.1027
Cyclist -1 -1 -4.5636 359.0676 179.1640 376.1446 218.2872 1.6208 0.4912 1.3871 -10.3990 1.8966 30.8515 -4.8865 0.1002
Pedestrian -1 -1 -7.8521 345.0845 175.8600 365.6313 222.6827 1.7549 0.7312 0.7623 -9.7778 1.8715 27.5852 -8.1901 0.0895
Pedestrian -1 -1 -5.3378 349.4433 173.8576 367.1133 205.6125 1.7876 0.6595 0.7113 -14.3821 1.8451 41.1212 -5.6726 0.0824
Pedestrian -1 -1 -2.9401 772.6928 184.6059 834.1214 301.2679 1.5968 0.4704 0.7754 2.7158 1.7710 10.3333 -2.6914 0.0759
Cyclist -1 -1 -6.1945 250.2378 157.6041 278.6684 183.7171 1.8402 0.6004 1.7818 -24.6535 0.7652 51.4391 -6.6395 0.0753
Cyclist -1 -1 -2.7789 251.1076 157.9639 279.3015 183.0896 1.7916 0.6029 1.7258 -24.7858 0.7295 51.8193 -3.2232 0.0698
Pedestrian -1 -1 -6.3441 371.7237 175.4793 389.6662 210.3363 1.7630 0.5718 0.8433 -11.7919 1.8988 36.9758 -6.6511 0.0676
Cyclist -1 -1 -3.9201 353.2671 175.4536 390.1729 219.3122 1.8075 0.5945 1.5033 -10.1471 1.9205 30.6362 -4.2378 0.0674
Cyclist -1 -1 -7.6103 341.1434 177.1271 369.4327 232.1831 1.7608 0.4968 1.6825 -8.5277 1.9081 24.0702 -7.9478 0.0638
Cyclist -1 -1 -4.8048 352.4329 176.0011 368.9298 216.9712 1.6997 0.5320 1.4880 -10.7070 1.8373 30.8422 -5.1367 0.0635
Cyclist -1 -1 -7.5811 1197.9082 177.9236 1241.0000 238.3624 1.7347 0.6634 1.6036 18.2174 1.8909 21.5592 -6.8868 0.0619
Cyclist -1 -1 -8.3128 1190.6733 178.5639 1232.5835 228.6983 1.6637 0.4651 1.5471 20.7198 1.8671 24.9337 -7.6258 0.0600
Cyclist -1 -1 -7.6017 52.9411 147.0458 76.8210 187.8199 1.8130 0.4651 1.6640 -24.9139 0.6651 32.9400 -8.2454 0.0522
Pedestrian -1 -1 -7.6185 365.7397 170.0958 380.4155 201.7340 1.8881 0.6831 0.7525 -14.3024 1.7232 43.4615 -7.9349 0.0517
Cyclist -1 -1 -7.0162 1199.5573 178.1975 1241.0000 241.2219 1.7981 0.7254 1.5155 18.1841 1.9564 21.0340 -6.3108 0.0511
Car -1 -1 -6.8921 909.8863 185.6597 1241.0000 374.0000 1.4557 1.4963 3.5383 4.6321 1.5803 6.2796 -6.2796 0.9533
Car -1 -1 -6.7812 814.7499 188.2689 1182.3248 322.5959 1.4324 1.5591 3.6318 4.4700 1.6370 8.7408 -6.3230 0.9096
Car -1 -1 -2.7174 0.0000 171.9449 281.1495 272.7666 1.6413 1.6671 4.0417 -8.3012 1.6262 12.8534 -3.2817 0.9096
Car -1 -1 -2.5684 0.0000 177.1458 217.5707 300.3675 1.5972 1.6126 3.9179 -8.1086 1.6643 10.3754 -3.2195 0.8962
Car -1 -1 -2.4743 0.0000 184.6991 170.1391 346.5967 1.5246 1.6162 3.8386 -7.2768 1.6685 7.8576 -3.2045 0.8749
Car -1 -1 -8.6045 1071.1531 184.3328 1156.2982 214.4417 1.5620 1.6822 4.0149 28.5810 2.2499 41.1500 -8.0014 0.7517
Car -1 -1 -5.9333 111.9267 176.3231 331.5200 259.7453 1.6494 1.5881 3.8102 -8.1766 1.7281 15.3899 -6.4149 0.5455
Car -1 -1 -7.8163 359.3275 177.0511 393.6836 209.0067 1.5954 1.5993 4.0345 -12.5264 1.8331 38.7485 -8.1273 0.4446
Car -1 -1 -2.9254 197.4996 167.3651 354.7335 232.2576 1.8309 1.7575 3.9890 -9.9203 1.6758 21.6325 -3.3511 0.3689
Car -1 -1 -7.4940 0.0000 141.5448 75.2096 189.4587 1.9299 1.8255 4.2199 -25.1932 0.6685 31.3504 -8.1668 0.3297
Car -1 -1 -7.6842 250.6849 160.8178 284.5696 183.1127 1.5701 1.6480 3.6120 -25.0259 0.7222 52.7750 -8.1252 0.3137
Car -1 -1 -3.1283 249.3346 177.6288 366.9972 221.8631 1.5643 1.6326 4.0000 -11.4061 1.7548 27.3373 -3.5205 0.2484
Car -1 -1 -2.1732 315.2856 175.2276 381.7784 204.2067 1.6184 1.6488 4.0959 -15.4478 1.7639 42.4630 -2.5204 0.1996
Car -1 -1 -4.5898 137.7146 150.4362 179.7768 177.5431 1.5349 1.6433 3.9645 -26.8664 0.2652 43.0008 -5.1455 0.1844
Car -1 -1 -8.2202 1021.3157 184.0766 1076.7487 210.0709 1.5267 1.6813 4.0647 28.1040 2.2812 46.3794 -7.6787 0.1552
Car -1 -1 -2.7145 268.3084 180.0302 378.1799 215.5691 1.4592 1.6025 4.0761 -12.2699 1.7753 30.8979 -3.0899 0.1499
Car -1 -1 -6.1005 1207.8019 183.3760 1241.0000 233.6779 1.4518 1.6354 3.6372 22.0367 1.8238 23.5840 -5.3557 0.1154
Car -1 -1 -8.3420 1151.0765 182.7370 1219.6693 211.9713 1.5406 1.5701 3.5357 32.7073 2.1300 41.1745 -7.6747 0.1074
Car -1 -1 -1.8818 0.0000 186.1769 0.0000 374.0000 1.5106 1.5694 3.8627 -7.2024 1.6324 5.2261 -2.8002 0.0849
Car -1 -1 -7.4880 34.0486 140.4874 121.1840 184.9928 1.8273 1.7475 4.0313 -23.3744 0.4981 31.7992 -8.1180 0.0685
Car -1 -1 -2.9871 224.0571 180.8302 363.5500 228.3317 1.4753 1.6120 4.0686 -10.4975 1.7560 24.1305 -3.3938 0.0633
Car -1 -1 -7.0024 1181.3480 181.5125 1241.0000 234.9924 1.4874 1.6448 4.0082 19.4007 1.7517 21.1950 -6.2686 0.0606
Car -1 -1 -4.9520 1111.9725 183.6649 1165.5782 212.4778 1.5779 1.6543 4.0876 31.6681 2.2605 43.3730 -4.3251 0.0571
Car -1 -1 -7.7633 158.2403 153.3703 195.0224 178.2746 1.5412 1.6760 4.0894 -28.1215 0.3352 46.8587 -8.3015 0.0538
