Car -1 -1 -6.5136 717.8698 183.3462 847.3939 229.0335 1.5050 1.7252 4.0780 5.8668 1.8814 25.0376 -6.2868 0.9762
Car -1 -1 -6.7392 863.9745 195.4310 1113.6110 280.9883 1.3927 1.5517 3.6617 6.6065 1.8221 12.9468 -6.2775 0.9621
Car -1 -1 -6.6920 821.2853 184.3241 1022.8179 260.6696 1.5084 1.5844 3.5948 6.4693 1.7649 15.3265 -6.3004 0.9068
Car -1 -1 -7.9152 642.1071 183.7960 676.5878 211.5556 1.3890 1.6396 3.8095 2.6189 2.0168 39.5146 -7.8502 0.8450
Car -1 -1 -3.9549 1047.7892 203.5826 1241.0000 374.0000 1.4680 1.6227 4.3173 5.9655 1.7417 5.5774 -3.1629 0.7308
Pedestrian -1 -1 -4.5708 1017.8229 165.0412 1034.2968 206.9148 1.9732 0.6202 0.4817 19.7845 1.6048 34.3820 -4.0528 0.2513
Pedestrian -1 -1 -4.7701 165.1677 154.6770 199.5002 243.7762 1.9003 0.6076 0.8260 -9.4813 1.5123 15.9008 -5.3007 0.2385
Pedestrian -1 -1 -7.7666 227.9007 174.5239 242.1600 209.4287 1.7375 0.5972 0.4673 -18.8901 1.8220 36.2787 -8.2439 0.1894
Pedestrian -1 -1 -6.2375 62.5905 150.7066 74.7578 207.2702 1.7762 0.5179 0.2844 -17.2645 1.0804 22.9511 -6.8769 0.1866
Car -1 -1 -4.8234 240.8941 163.4810 270.6596 185.1874 1.6201 1.6454 3.9694 -27.5303 0.9202 55.9692 -5.2787 0.1616
Car -1 -1 -4.7043 626.4550 177.9621 643.5048 194.9768 1.5109 1.5416 3.8403 2.3180 2.0001 67.1950 -4.6703 0.1604
Car -1 -1 -3.2345 694.4349 174.3102 759.4745 197.5741 1.5930 1.6822 4.3524 8.1117 1.6966 50.5103 -3.0766 0.0926
Pedestrian -1 -1 -4.4341 809.9529 172.8902 827.4685 216.1275 1.8772 0.5930 0.6268 9.1423 1.8785 31.7494 -4.1568 0.0870
Car -1 -1 -8.0905 1014.9829 164.9952 1084.0663 204.2842 1.6342 1.7568 3.7923 19.4024 1.3070 32.0842 -7.5510 0.0797
Pedestrian -1 -1 -3.6331 952.4825 165.4933 1000.0273 242.9874 1.9316 0.6267 0.8831 9.2342 1.7478 18.3117 -3.1732 0.0785
Pedestrian -1 -1 -4.6322 417.6408 168.4678 431.6260 208.6098 1.9001 0.6017 0.5998 -8.9012 1.6922 34.5008 -4.8832 0.0733
Pedestrian -1 -1 -7.9728 753.2853 165.1509 774.5383 220.7756 2.0557 0.6952 0.7228 5.7198 1.7707 27.0553 -7.7674 0.0680
Car -1 -1 -9.3713 1198.8131 196.9126 1241.0000 374.0000 1.5097 1.5755 3.8262 4.7122 1.6639 2.5753 -8.3486 0.0640
Pedestrian -1 -1 -4.1136 977.2800 166.5630 1021.7706 245.6245 1.8830 0.6026 0.8212 9.4709 1.7328 17.6429 -3.6286 0.0571
Car -1 -1 -7.1160 135.6723 151.9476 250.3133 199.3616 1.9635 1.8607 4.5421 -18.5503 1.0975 32.3004 -7.6339 0.0530
Car -1 -1 -6.5653 0.0000 201.7466 0.0000 374.0000 1.4914 1.5754 3.7893 -5.2784 1.6496 1.9814 -7.7309 0.0526
Car -1 -1 -5.0388 729.0165 181.3447 788.6909 216.5668 1.5143 1.5716 3.8918 6.9037 1.9384 34.0315 -4.8410 0.0513
Cyclist -1 -1 -7.6629 636.5646 179.2912 649.2808 206.0531 1.7130 0.5453 1.5924 2.1370 2.1432 47.4245 -7.6187 0.1339
Pedestrian -1 -1 -5.5797 493.7720 178.2937 509.8862 209.7948 1.7072 0.6492 0.5989 -5.9862 2.0093 39.6861 -5.7289 0.1184
Pedestrian -1 -1 -6.0394 693.7705 179.4695 706.4672 205.6401 1.6947 0.5691 0.7107 5.8776 2.1318 47.3157 -5.9171 0.1016
Cyclist -1 -1 -6.7000 635.4038 176.9961 661.8394 205.4183 1.8228 0.6629 1.5886 2.4840 2.0959 47.0399 -6.6481 0.0852
Cyclist -1 -1 -7.4958 445.7729 179.5019 477.5753 232.8950 1.5679 0.4294 1.5894 -4.5978 1.7798 22.2105 -7.6982 0.0682
Car -1 -1 -2.4756 0.0000 187.5397 246.6082 337.6622 1.4258 1.5889 4.0246 -6.4051 1.6009 7.8129 -3.1458 0.9432
Car -1 -1 -5.8572 218.3945 182.0438 438.6404 258.0858 1.4469 1.5529 3.9333 -5.7438 1.6470 14.8427 -6.2210 0.9322
Car -1 -1 -2.6156 1.6239 186.7533 356.5708 295.8459 1.3877 1.5354 4.0902 -5.9397 1.5982 10.1617 -3.1336 0.9133
Car -1 -1 -6.0777 421.8604 180.0319 523.2354 214.6810 1.5341 1.6466 4.3328 -6.3053 1.8723 33.1674 -6.2646 0.8800
Car -1 -1 -2.9384 292.5407 174.6942 458.9368 234.8527 1.5568 1.6444 4.0836 -6.3485 1.6095 19.7652 -3.2458 0.8749
Car -1 -1 -5.7964 267.5496 181.3794 454.4025 246.2352 1.4283 1.4992 3.9797 -5.9404 1.6439 17.2222 -6.1244 0.8125
Car -1 -1 -5.8185 122.3068 183.1912 378.0888 273.1601 1.4538 1.4662 3.7404 -6.2094 1.6448 12.5938 -6.2687 0.7725
Car -1 -1 -2.7654 361.4649 180.6905 488.6632 226.3333 1.4952 1.6121 3.9630 -6.4189 1.7784 25.0492 -3.0142 0.5458
Car -1 -1 -2.5927 327.3453 179.9941 473.5191 231.1015 1.4732 1.6154 4.1443 -6.5593 1.7087 22.4973 -2.8737 0.4161
Car -1 -1 -2.9968 444.5572 178.9359 533.6307 211.7293 1.5846 1.5973 4.1987 -6.0236 1.8950 36.0177 -3.1618 0.3934
Car -1 -1 -2.9646 434.7154 176.9331 513.6155 206.6887 1.6266 1.6612 4.1268 -7.6197 1.8602 40.5225 -3.1497 0.3698
Car -1 -1 -4.6342 532.6047 180.2809 558.2791 203.1313 1.5504 1.5655 3.6186 -4.6467 2.1036 51.9554 -4.7234 0.2688
Car -1 -1 -2.4858 492.9914 180.9758 552.6564 205.9388 1.5122 1.6169 3.5563 -5.6431 2.0517 46.3542 -2.6067 0.2629
Car -1 -1 -4.5917 570.1447 178.9029 593.7630 195.8800 1.4176 1.6034 4.1669 -2.4747 1.9711 63.9178 -4.6306 0.2462
Car -1 -1 -7.7034 637.8848 179.2224 672.0864 204.4321 1.5830 1.7331 3.8860 3.0283 2.0286 48.4415 -7.6419 0.2323
Car -1 -1 -4.3445 550.0093 180.6029 585.8325 199.5091 1.4255 1.6541 3.7186 -3.3764 2.0707 58.0841 -4.4028 0.2242
Car -1 -1 -7.9464 524.6144 177.0859 551.1459 199.4388 1.6445 1.6758 4.0781 -5.6654 1.9856 56.0626 -8.0470 0.1642
Car -1 -1 -1.9900 0.0000 178.0348 0.0000 374.0000 1.5044 1.5805 3.7527 -6.7433 1.5501 5.1669 -2.8818 0.0742
