Cyclist -1 -1 -8.4169 974.9987 131.7658 1154.0197 355.5197 1.9439 0.5901 1.8088 4.3562 1.5866 7.1831 -7.8907 0.7673
Cyclist -1 -1 -3.1024 895.4555 166.2894 934.3878 202.8254 1.8088 0.7040 1.7864 15.3480 1.4835 36.4161 -2.7068 0.1382
Pedestrian -1 -1 -2.9712 1097.2186 168.9696 1112.4059 197.8408 1.9277 0.5456 0.7642 33.3214 1.6680 48.6378 -2.3737 0.1178
Pedestrian -1 -1 -7.6072 728.5857 170.0172 742.4464 202.6374 1.9271 0.6856 0.6184 7.4539 1.7592 43.0473 -7.4374 0.1034
Car -1 -1 -4.1894 72.8078 187.5133 174.6141 228.8078 1.5315 1.6768 4.1883 -20.3980 2.1929 30.4255 -4.7762 0.0788
Cyclist -1 -1 -4.6679 913.4288 170.1618 923.3511 200.2945 1.6211 0.4434 1.4180 16.8709 1.4760 39.5529 -4.2678 0.0774
Car -1 -1 -5.2819 744.9529 180.9795 813.9563 212.0373 1.4369 1.5651 3.8372 8.4669 1.8714 36.5358 -5.0565 0.0644
Car -1 -1 -7.7132 385.3767 177.7013 408.4665 194.5514 1.5399 1.5845 3.9473 -20.4213 2.0183 69.1962 -7.9994 0.0587
Car -1 -1 -8.1940 680.7946 174.3484 717.7747 196.5652 1.5566 1.5748 3.5629 6.4538 1.6695 52.7219 -8.0733 0.0582
Car -1 -1 -4.4873 1160.5645 179.9084 1207.0487 205.1841 1.6681 1.6928 4.1077 40.2696 2.1820 50.6512 -3.8188 0.0578
Car -1 -1 -4.6695 1078.0481 172.8796 1110.5376 200.1852 1.8490 1.7456 4.1750 34.2692 1.8506 51.0639 -4.0815 0.0537
Car -1 -1 -4.8764 171.0623 179.2640 205.9817 200.1770 1.6170 1.7702 4.5599 -34.8295 2.1662 59.5318 -5.4040 0.0519
Pedestrian -1 -1 -5.1343 798.4733 174.3340 817.2584 212.3763 1.8216 0.6516 0.6882 9.5453 1.8938 34.9705 -4.8706 0.0526
Car -1 -1 -3.9977 0.0000 192.8910 74.2692 258.1653 1.5107 1.5777 3.7066 -16.8630 2.1094 19.7071 -4.6990 0.7548
Car -1 -1 -4.5755 425.4997 181.9654 454.1808 200.0656 1.4093 1.7836 4.2124 -14.2625 2.2012 60.5552 -4.8062 0.4890
Car -1 -1 -8.5899 1097.9045 175.1874 1241.0000 374.0000 1.4537 1.6365 3.8339 6.9253 1.4829 7.2150 -7.8457 0.3805
Car -1 -1 -4.5356 752.6952 186.3545 788.9868 211.3647 1.4674 1.6050 4.1833 10.4822 2.3882 46.9904 -4.3181 0.2319
Car -1 -1 -4.0825 9.1021 192.5411 135.4757 237.6299 1.4732 1.6653 4.2598 -20.4045 2.2834 27.5699 -4.7152 0.2221
Car -1 -1 -6.2762 817.7245 177.1128 902.8690 207.7673 1.4921 1.6420 4.0335 12.7442 1.7185 36.9611 -5.9471 0.1010
Car -1 -1 -4.7248 469.2868 181.0341 490.6291 198.6651 1.3969 1.7245 3.8295 -11.0618 2.1126 61.1077 -4.9035 0.0954
Car -1 -1 -8.1424 710.1377 181.7795 752.2458 206.8175 1.5217 1.6707 3.9028 7.8661 2.1324 47.3483 -7.9794 0.0952
Car -1 -1 -4.7322 492.2208 181.1069 513.0937 198.7308 1.3938 1.6648 3.7060 -9.1051 2.1122 60.8708 -4.8804 0.0645
Car -1 -1 -4.6509 782.0978 186.5111 812.8950 212.4399 1.5051 1.6796 4.0866 12.0613 2.4249 46.4069 -4.3988 0.0574
