Pedestrian -1 -1 -4.3902 0.0000 176.7515 46.4570 287.6348 1.7990 0.5717 0.9493 -10.1792 1.8680 12.2896 -5.0714 0.1490
Pedestrian -1 -1 -3.0439 422.8084 170.7028 429.0201 193.2444 1.7663 0.6763 0.4108 -14.5435 1.5974 56.9030 -3.2933 0.1381
Cyclist -1 -1 -2.8209 212.6272 178.2225 275.3984 235.3183 1.8140 0.6635 1.6979 -11.9283 1.9917 23.4609 -3.2871 0.0606
Pedestrian -1 -1 -4.2282 206.7279 173.4096 241.0714 239.2764 1.8439 0.5722 0.7660 -11.0578 1.8597 20.5890 -4.7160 0.0586
Cyclist -1 -1 -7.8627 474.6125 175.9617 479.1201 193.2858 1.6159 0.4059 1.5429 -12.6399 1.9135 68.3810 -8.0451 0.0563
Pedestrian -1 -1 -3.8997 873.4307 163.5332 885.6359 185.7217 1.8005 0.5079 0.8057 21.9905 1.0438 58.9401 -3.5444 0.0537
Pedestrian -1 -1 -3.4027 659.5023 163.5538 689.8996 220.7618 1.8577 0.5381 0.8873 2.0801 1.5554 23.7729 -3.3171 0.0521
Pedestrian -1 -1 -4.8283 973.7456 155.1695 1008.5805 228.2063 1.8804 0.6938 1.0402 10.0701 1.4248 19.1860 -4.3517 0.6853
Pedestrian -1 -1 -7.9121 658.5264 170.5203 676.0298 212.2119 1.7074 0.6879 0.5671 2.3212 1.6115 29.8385 -7.8358 0.3557
Pedestrian -1 -1 -8.1965 543.3804 173.8153 563.3398 213.8575 1.6740 0.6396 0.7199 -2.4518 1.7151 30.6457 -8.2762 0.2831
Cyclist -1 -1 -6.8961 647.5506 168.5231 689.5319 212.7894 1.7764 0.6386 1.6547 2.3659 1.6023 29.6510 -6.8178 0.1961
Cyclist -1 -1 -7.3608 0.6392 150.4525 32.9457 185.9826 1.6960 0.4692 1.7004 -29.0594 0.6264 35.3204 -8.0457 0.1340
Cyclist -1 -1 -7.6612 652.3677 169.8350 673.5182 212.7415 1.7284 0.5835 1.5980 2.1611 1.6065 29.9125 -7.5904 0.1298
Pedestrian -1 -1 -4.9993 649.7501 176.9307 675.0700 230.4645 1.5576 0.5922 0.6348 1.5028 1.6805 21.4246 -4.9311 0.1136
Pedestrian -1 -1 -6.2364 343.8083 183.0870 358.2059 210.1739 1.6378 0.5858 0.8059 -15.9422 2.2718 44.3273 -6.5801 0.1134
Pedestrian -1 -1 -8.1743 495.8801 177.1686 524.2576 234.0630 1.6583 0.6458 0.7188 -3.0394 1.7897 21.5661 -8.3134 0.1102
Cyclist -1 -1 -7.0992 513.9512 176.5543 559.8579 229.2073 1.6683 0.5220 1.6448 -2.4417 1.7942 23.7877 -7.2011 0.0776
Cyclist -1 -1 -2.4322 0.0000 151.9557 43.2719 187.9427 1.7460 0.6324 1.7484 -28.9157 0.7318 35.3473 -3.1142 0.0759
Pedestrian -1 -1 -8.5025 923.5867 167.2400 936.1100 193.1022 1.7265 0.5272 0.5776 21.4700 1.3515 48.5114 -8.0884 0.0753
Cyclist -1 -1 -7.8925 350.5079 183.8601 357.1508 210.2678 1.5891 0.3337 1.4355 -15.9271 2.2826 44.7546 -8.2328 0.0697
Pedestrian -1 -1 -6.4818 1087.6354 156.8292 1128.9751 225.1779 1.7186 0.5920 0.7688 12.7577 1.3154 18.5641 -5.8875 0.0673
Cyclist -1 -1 -8.1646 962.4060 167.4967 974.2361 189.4864 1.7280 0.3626 1.6184 28.5340 1.3067 57.5260 -7.7064 0.0667
Cyclist -1 -1 -7.9845 966.6252 167.6259 974.3832 189.4814 1.7195 0.3460 1.5803 28.7332 1.3079 57.5714 -7.5238 0.0660
Pedestrian -1 -1 -5.6427 12.8938 155.4185 32.4689 190.2919 1.6957 0.6001 0.4812 -28.8460 0.8476 35.3934 -6.3230 0.0614
Cyclist -1 -1 -7.4986 0.1223 150.6553 25.9706 186.5329 1.7178 0.4168 1.6749 -29.3179 0.6546 35.4062 -8.1866 0.0612
Pedestrian -1 -1 -8.0681 515.8729 186.3728 535.2422 230.2288 1.3931 0.5190 0.5554 -2.7982 1.8392 23.4806 -8.1861 0.0610
Cyclist -1 -1 -7.9742 345.0938 184.6394 353.8906 210.4574 1.5481 0.3371 1.4852 -16.1698 2.2897 44.6795 -8.3199 0.0553
Pedestrian -1 -1 -5.4333 0.0000 152.7529 18.6652 189.5727 1.7574 0.6661 0.4860 -29.0961 0.7977 34.8056 -6.1259 0.0540
Pedestrian -1 -1 -5.8233 1057.9851 156.8597 1099.3269 224.1729 1.7564 0.5817 0.7485 12.4791 1.3388 19.2977 -5.2566 0.0513
Car -1 -1 -4.3910 208.2130 187.8880 506.2307 374.0000 1.4734 1.6720 3.6077 -2.2581 1.6639 7.3283 -4.6811 0.9347
Car -1 -1 -4.3968 725.3047 175.2328 780.2169 206.2598 1.4712 1.6182 3.8753 7.2551 1.5985 36.6201 -4.2032 0.2788
Car -1 -1 -4.3774 671.3260 170.4698 714.2536 195.2604 1.6289 1.6558 4.1848 5.7111 1.4720 49.6554 -4.2640 0.2616
Car -1 -1 -4.4641 699.7239 173.0550 729.9809 190.5434 1.4185 1.6396 3.7920 8.8166 1.4356 60.6361 -4.3207 0.1919
Car -1 -1 -3.2798 780.5585 170.2169 829.4366 185.7739 1.4359 1.5303 4.2483 18.2182 1.1922 67.6169 -3.0180 0.1776
Car -1 -1 -9.0442 958.9082 161.0764 1029.5096 188.2652 2.0234 1.8252 4.4773 29.7334 1.1466 55.9938 -8.5585 0.1607
Car -1 -1 -3.8965 0.0000 146.4350 40.0155 180.8045 1.5628 1.7021 3.4827 -29.7290 0.3612 34.6325 -4.6021 0.1293
Car -1 -1 -7.6861 853.6333 163.4394 892.7080 192.8904 1.7545 1.6613 4.0001 16.4632 1.1933 45.1333 -7.3387 0.1274
Car -1 -1 -7.7569 642.0565 173.8178 697.8697 219.6862 1.5303 1.6475 4.0509 2.2111 1.5680 26.3021 -7.6746 0.0993
Car -1 -1 -4.7868 326.3046 181.2168 359.2998 206.9654 1.5096 1.6616 4.2826 -17.1368 2.0700 46.0852 -5.1412 0.0907
Car -1 -1 -4.5748 760.1044 168.3938 784.3870 185.1949 1.5302 1.6636 4.3180 15.3060 1.1237 68.0307 -4.3547 0.0847
Car -1 -1 -8.0138 907.6074 165.6957 943.9494 189.4208 1.5855 1.6694 4.1625 21.9888 1.1069 50.4428 -7.6050 0.0827
Car -1 -1 -4.6340 227.7727 181.0261 267.2432 211.4169 1.5670 1.6532 4.2503 -20.4277 2.0537 40.7111 -5.0967 0.0687
Car -1 -1 -8.7521 956.4808 161.6313 1042.6655 193.1319 1.8655 1.8066 4.6238 24.2705 1.2006 45.2110 -8.2624 0.0634
Car -1 -1 -4.6766 296.2164 183.3027 326.7640 209.4795 1.4464 1.5632 3.9636 -18.0693 2.1098 43.6991 -5.0668 0.0583
Car -1 -1 -4.7252 629.2004 173.5840 654.6729 197.2312 1.5190 1.6403 4.1813 2.0857 1.5700 48.5942 -4.6830 0.0573
Car -1 -1 -4.7971 915.8059 165.4855 940.8400 183.5122 1.4708 1.5865 4.0628 26.8707 0.8693 61.0494 -4.3844 0.0572
Car -1 -1 -4.6862 305.0683 182.2713 339.3048 211.1183 1.4449 1.6399 4.0781 -15.8505 1.9924 39.7723 -5.0635 0.0558
Car -1 -1 -7.9856 475.1986 182.5021 538.3129 229.9394 1.4501 1.6387 4.0680 -3.7175 1.8149 25.1238 -8.1317 0.0526
