Pedestrian -1 -1 -2.9283 667.5099 176.8676 686.2524 214.3845 1.9460 0.6640 0.8623 3.4826 2.1593 37.9663 -2.8382 0.1000
Pedestrian -1 -1 -5.5872 59.2961 161.2478 137.0191 301.1759 1.9476 0.5661 0.7133 -7.3886 1.7857 10.3559 -6.1951 0.0860
Pedestrian -1 -1 -8.2799 573.3625 173.9436 589.2885 213.3277 1.9390 0.6319 0.5236 -1.4687 1.9935 35.9204 -8.3211 0.0647
Pedestrian -1 -1 -5.6048 5.7379 143.9064 95.0480 301.8423 2.0251 0.6476 0.6816 -7.4711 1.6536 9.5854 -6.2536 0.0646
Pedestrian -1 -1 -8.1765 374.0475 178.1827 389.2873 215.8496 1.8859 0.6006 0.5305 -11.6313 2.1590 36.6283 -8.4824 0.0642
Pedestrian -1 -1 -5.1385 574.8673 173.8463 590.1882 212.5119 1.8405 0.5922 0.4763 -1.3634 1.8885 34.7098 -5.1780 0.0586
Pedestrian -1 -1 -7.7127 696.7348 161.1415 710.7473 196.5964 2.0073 0.7327 0.4881 5.3147 1.3439 41.1828 -7.5857 0.0578
Car -1 -1 -4.4239 347.9187 148.1111 393.5646 173.3268 1.5680 1.6896 4.2052 -15.5488 0.0291 46.9929 -4.7418 0.0556
Pedestrian -1 -1 -7.8517 712.3426 168.6576 725.4380 205.5797 1.9097 0.6706 0.6454 5.6479 1.6924 37.6895 -7.7046 0.0515
Pedestrian -1 -1 -4.7134 852.1195 185.9369 876.5115 254.7500 1.5834 0.5367 0.6324 5.9829 1.9009 17.1358 -4.3838 0.2792
Cyclist -1 -1 -7.9439 834.1446 180.8696 856.9975 259.0946 1.6930 0.3339 1.6906 5.3717 1.8873 16.6541 -7.6381 0.1840
Pedestrian -1 -1 -3.1833 798.3349 177.9142 831.9093 242.8415 1.7812 0.5510 0.8786 5.6897 1.9253 20.2194 -2.9137 0.1621
Pedestrian -1 -1 -3.4107 913.2815 168.1201 983.1939 304.4065 1.8709 0.5181 0.7816 4.7197 1.8056 10.2200 -2.9902 0.1136
Cyclist -1 -1 -8.0356 779.9603 180.8441 799.8259 233.6318 1.7011 0.3376 1.7088 6.0182 1.9803 24.3760 -7.7971 0.1055
Cyclist -1 -1 -7.9297 841.3497 179.8693 870.3893 259.2565 1.7056 0.4815 1.7567 5.5772 1.8753 16.5735 -7.6114 0.0938
Pedestrian -1 -1 -5.0154 1058.1050 164.6249 1123.3835 303.5151 1.8520 0.6218 0.5007 6.5550 1.7420 9.9444 -4.4471 0.0894
Pedestrian -1 -1 -3.4780 887.8596 178.9174 948.0744 298.6064 1.7703 0.4226 0.7378 4.5980 1.8637 10.9252 -3.0905 0.0861
Pedestrian -1 -1 -8.2350 1032.5449 162.6014 1095.9149 304.5398 1.9166 0.6228 0.4363 6.2328 1.7778 10.0083 -7.6921 0.0844
Pedestrian -1 -1 -3.3401 899.5107 171.4244 959.6057 300.1724 1.8420 0.4564 0.7277 4.6352 1.8212 10.6195 -2.9399 0.0808
Cyclist -1 -1 -7.9554 881.3474 175.2473 907.9642 255.4664 1.7655 0.3960 1.6212 6.5463 1.8236 16.7640 -7.5899 0.0772
Pedestrian -1 -1 -6.4018 847.9407 174.1716 890.4626 254.9646 1.8390 0.6867 0.8539 5.9940 1.8703 16.8648 -6.0668 0.0743
Pedestrian -1 -1 -5.5304 831.1415 180.0118 861.5578 256.5644 1.7056 0.5448 0.3935 5.3316 1.8714 16.4381 -5.2231 0.0733
Cyclist -1 -1 -4.9434 860.0432 176.9874 902.9856 257.3666 1.7654 0.5368 1.7347 6.2556 1.8667 16.8324 -4.5943 0.0682
Pedestrian -1 -1 -3.3891 917.1285 173.5791 975.9594 297.6402 1.8250 0.4497 0.7125 5.0171 1.8359 10.9002 -2.9691 0.0654
Cyclist -1 -1 -8.2371 901.4732 176.4549 993.1154 307.0726 1.7014 0.5373 1.7673 4.7209 1.7571 10.3396 -7.8207 0.0613
Cyclist -1 -1 -7.9007 787.8528 181.3232 805.3682 234.1578 1.6817 0.4735 1.7909 6.1968 1.9761 24.1868 -7.6537 0.0594
Pedestrian -1 -1 -7.9268 841.6215 178.4422 871.1578 252.8105 1.7711 0.6272 0.7230 5.9756 1.9110 17.6751 -7.6067 0.0563
Pedestrian -1 -1 -2.8460 783.0427 180.1452 804.4600 233.1301 1.7124 0.5693 0.5450 6.0174 1.9566 23.8094 -2.6023 0.0562
Cyclist -1 -1 -7.7975 871.8813 179.6273 895.0877 256.5740 1.7502 0.4462 1.6362 6.5538 1.9211 17.3988 -7.4438 0.0525
Cyclist -1 -1 -4.7792 476.2764 177.6455 491.1222 209.1977 1.7436 0.7174 1.7239 -7.2349 2.0222 41.0760 -4.9529 0.0515
Pedestrian -1 -1 -4.9068 967.7141 163.0346 1027.1644 302.3180 1.8609 0.5946 0.7028 5.3285 1.7294 10.0599 -4.4327 0.0507
Cyclist -1 -1 -3.5407 816.3291 179.7016 906.5857 255.1341 1.7306 0.7243 1.8823 5.8762 1.8963 17.0622 -3.2153 0.0502
Car -1 -1 -4.4002 289.5490 176.4997 451.3747 284.4124 1.7278 1.6678 4.2255 -4.4041 1.8080 13.8154 -4.7041 0.9262
Car -1 -1 -4.0435 0.0000 207.4658 239.6650 374.0000 1.4205 1.5790 3.8457 -4.4360 1.7591 5.1264 -4.7316 0.8906
Car -1 -1 -4.2808 228.3309 183.6381 369.5292 254.9714 1.5135 1.6217 4.1514 -7.6321 1.8144 18.0485 -4.6761 0.7416
Car -1 -1 -7.4114 377.4974 187.0430 461.5432 229.9405 1.5415 1.6795 4.2288 -7.7569 2.1680 29.6399 -7.6657 0.2597
Car -1 -1 -2.8060 343.0157 156.5033 410.4427 182.6374 1.6236 1.6302 3.7342 -14.7687 0.6075 45.6866 -3.1171 0.1135
Car -1 -1 -4.7255 462.8277 182.5115 492.4488 212.2656 1.5410 1.5681 3.7884 -7.5256 2.1122 40.6849 -4.9078 0.1079
Car -1 -1 -4.4032 361.0467 185.2136 445.6241 234.0124 1.5037 1.6322 4.2844 -7.2271 1.9774 25.5019 -4.6772 0.0572
