Pedestrian -1 -1 -4.4766 771.8585 155.7301 796.6773 218.0023 1.9594 0.6195 0.7532 5.5537 1.4203 23.1793 -4.2448 0.2394
Car -1 -1 -6.1655 432.1675 182.1131 488.1464 200.9722 1.5439 1.5877 4.4803 -12.6589 2.3393 61.0203 -6.3696 0.2187
Car -1 -1 -4.5191 467.5144 177.5784 505.7371 204.5670 1.5923 1.6515 3.8433 -7.7114 1.9006 45.1914 -4.6876 0.0979
Pedestrian -1 -1 -3.8284 220.0921 169.9352 262.5457 239.6122 1.9649 0.6698 0.8657 -10.7102 1.8823 20.8790 -4.2975 0.0942
Pedestrian -1 -1 -6.0545 211.2381 171.4651 229.3355 215.2136 1.9589 0.6633 0.5859 -17.7016 1.8964 32.7048 -6.5474 0.0847
Pedestrian -1 -1 -5.8839 237.2991 174.7348 248.0814 201.5357 1.8031 0.5366 0.4798 -24.9073 1.9309 48.8683 -6.3533 0.0832
Cyclist -1 -1 -2.8564 278.2977 172.9362 316.5378 207.1568 1.8452 0.5994 1.8171 -17.0598 1.8494 39.3162 -3.2636 0.0791
Pedestrian -1 -1 -3.5190 909.7535 156.7092 960.9245 269.0332 1.8535 0.6399 0.5912 5.4506 1.5868 12.2355 -3.1097 0.0764
Pedestrian -1 -1 -3.6470 971.5770 154.5404 1058.4531 293.1926 1.8061 0.5661 0.8472 5.3648 1.5672 9.6874 -3.1549 0.0761
Car -1 -1 -9.3155 0.0000 0.0000 1241.0000 374.0000 1.5244 1.5979 3.8272 4.6689 1.5275 1.9555 -8.1942 0.0596
Car -1 -1 -7.5347 427.6619 177.0201 460.6240 198.8217 1.9058 1.7073 4.2063 -15.1652 2.2996 66.0792 -7.7598 0.0553
Car -1 -1 -7.6968 450.9327 173.8387 479.5528 196.4562 1.7167 1.6225 3.9021 -11.4075 1.7968 56.9195 -7.8940 0.0551
Pedestrian -1 -1 -7.7376 712.6021 167.5325 731.0231 212.2435 1.8301 0.6845 0.6710 4.6000 1.6120 29.9481 -7.5872 0.5821
Cyclist -1 -1 -6.3434 245.5209 177.6636 287.2530 217.0380 1.7799 0.7578 1.7103 -16.0132 2.0082 33.5428 -6.7860 0.4102
Pedestrian -1 -1 -7.2406 233.7480 183.4869 255.2338 219.4379 1.6043 0.6212 0.6296 -16.6364 2.0921 32.7658 -7.7074 0.2495
Cyclist -1 -1 -7.8111 472.0327 178.7126 480.9068 211.3990 1.6253 0.3828 1.5264 -6.8710 1.9312 36.9396 -7.9942 0.1179
Cyclist -1 -1 -4.1316 459.7017 176.1174 485.5802 213.0682 1.7203 0.5069 1.4436 -6.5971 1.8795 34.4917 -4.3197 0.1095
Cyclist -1 -1 -8.0684 464.5386 178.1010 478.7150 211.1867 1.6504 0.3963 1.5315 -7.1455 1.9250 37.0212 -8.2582 0.0943
Cyclist -1 -1 -6.0856 705.9138 167.2848 751.0620 211.2476 1.7717 0.7127 1.7297 4.8364 1.5469 29.7135 -5.9264 0.0922
Cyclist -1 -1 -6.7013 631.9236 172.4540 655.3327 196.0093 1.7746 0.6102 1.6777 2.5326 1.7441 54.9475 -6.6560 0.0884
Cyclist -1 -1 -6.3655 456.9594 176.3574 489.5320 212.7597 1.7098 0.5629 1.4865 -6.5721 1.8790 34.4499 -6.5530 0.0843
Cyclist -1 -1 -7.4545 472.1083 177.3640 491.9662 211.0890 1.6813 0.4605 1.4861 -6.5839 1.9168 36.9535 -7.6301 0.0828
Cyclist -1 -1 -8.0982 439.1833 178.0539 458.7229 217.1442 1.6730 0.4827 1.5444 -7.1689 1.9083 31.8922 -8.3181 0.0783
Cyclist -1 -1 -7.7153 479.5059 179.3082 490.4221 209.6382 1.6164 0.3757 1.5858 -6.8927 1.9773 39.5910 -7.8870 0.0700
Cyclist -1 -1 -4.2485 227.9534 181.2501 255.6653 220.3690 1.7228 0.4971 1.5148 -16.7957 2.1137 32.8604 -4.7180 0.0696
Pedestrian -1 -1 -6.5669 632.7615 175.2037 643.1818 197.7054 1.6904 0.5874 0.6494 2.0882 1.8693 54.6456 -6.5294 0.0663
Cyclist -1 -1 -5.5085 444.2314 177.8804 478.2617 213.8904 1.6727 0.6346 1.6027 -7.1394 1.9170 34.4115 -5.7120 0.0640
Cyclist -1 -1 -7.7564 462.2898 178.7713 474.0009 214.0011 1.6443 0.4073 1.5237 -6.8597 1.9351 34.7155 -7.9505 0.0609
Pedestrian -1 -1 -8.1470 661.1457 176.7576 683.9478 219.2975 1.5051 0.6302 0.7411 2.2059 1.6479 26.0349 -8.0641 0.0557
Cyclist -1 -1 -7.9682 474.5931 177.5737 485.7107 208.9630 1.6802 0.4256 1.5572 -7.1824 1.9446 39.6710 -8.1466 0.0524
Pedestrian -1 -1 -7.1728 641.0373 177.0947 657.0930 206.8234 1.6031 0.6289 0.6173 2.0993 1.8374 39.4742 -7.1206 0.0516
Cyclist -1 -1 -2.8407 437.4545 177.7859 475.6904 216.6523 1.6905 0.5785 1.5484 -6.8061 1.9103 31.8338 -3.0502 0.0506
Car -1 -1 -8.1568 751.3903 192.3349 1029.4746 371.8452 1.3928 1.6041 3.7620 2.6476 1.6567 7.8955 -7.8459 0.9706
Car -1 -1 -8.0049 673.7527 178.7011 742.2559 228.7727 1.4422 1.5913 3.8224 3.0084 1.6453 23.1632 -7.8781 0.9565
Car -1 -1 -8.0909 708.5071 179.3251 856.6133 282.2786 1.5103 1.5844 3.9947 2.8177 1.6434 12.8566 -7.8810 0.9534
Car -1 -1 -7.9667 657.8240 176.4839 710.7993 219.4962 1.5123 1.5846 3.6836 2.7234 1.6598 27.5356 -7.8698 0.9435
Car -1 -1 -4.6981 554.1082 176.8884 577.2391 198.5228 1.5107 1.6363 3.7256 -3.2595 1.8174 52.9927 -4.7597 0.7720
Car -1 -1 -5.9875 366.8703 183.6341 418.7531 203.8245 1.6564 1.6319 3.8868 -18.3269 2.5783 60.8985 -6.2790 0.7466
Car -1 -1 -7.8145 594.2742 176.7150 618.4014 198.8767 1.5244 1.6040 3.6534 -0.2648 1.8130 52.1295 -7.8200 0.7414
Car -1 -1 -7.9369 641.4554 176.9938 675.6565 205.3501 1.5237 1.6237 3.8841 2.6966 1.7716 41.2994 -7.8727 0.5955
Car -1 -1 -7.8543 631.2247 175.0837 652.6100 196.3750 1.5916 1.6105 3.9552 2.4609 1.7717 56.3674 -7.8113 0.2813
Car -1 -1 -7.8764 641.9825 175.6788 668.8585 201.7949 1.5987 1.6332 3.8289 2.8593 1.7881 46.5328 -7.8159 0.1267
Car -1 -1 -4.8719 649.7090 177.8653 699.0159 214.1631 1.4580 1.5581 3.6483 2.6958 1.6886 31.3776 -4.7876 0.1121
Car -1 -1 -4.2453 456.5205 177.3259 492.8704 197.2208 1.7828 1.6375 4.2223 -12.7131 2.2174 67.9266 -4.4300 0.1074
Car -1 -1 -7.6368 414.0636 179.4660 468.3487 216.3696 1.5582 1.6307 3.8328 -7.7083 1.8787 33.0807 -7.8644 0.0918
Car -1 -1 -6.0212 409.5160 176.9354 462.5899 195.5768 1.6392 1.5987 4.3604 -15.5880 2.0096 64.6786 -6.2571 0.0840
Car -1 -1 -7.9740 610.8002 175.0561 648.2598 204.5399 1.5918 1.6596 4.0629 1.0325 1.7242 41.3710 -7.9497 0.0793
Car -1 -1 -6.3696 707.8741 170.7034 819.2311 210.2860 1.5993 1.7258 4.4266 6.3117 1.5121 30.2681 -6.1665 0.0569
