Pedestrian -1 -1 -2.4579 252.8215 163.8979 312.4122 256.2941 1.7415 0.6066 0.8655 -6.3006 1.4289 13.7322 -2.8775 0.1067
Car -1 -1 -3.7256 1167.8698 156.0690 1223.0000 369.0000 1.5287 1.5717 4.0062 7.5611 1.3633 6.1126 -2.8583 0.0670
Pedestrian -1 -1 -8.1484 725.7343 162.0417 759.0125 232.8351 1.7303 0.6127 0.7868 3.3899 1.2795 17.7057 -7.9608 0.0663
Car -1 -1 -4.2441 459.6187 162.7685 575.5475 228.3370 1.7174 1.6673 4.1407 -2.4677 1.2533 20.7503 -4.3589 0.0663
Car -1 -1 -4.7120 580.7111 164.7663 604.2787 189.2228 1.7424 1.6793 4.0282 -0.9209 0.6215 52.4011 -4.7276 0.0635
Car -1 -1 -7.0533 0.0000 174.3433 13.9958 222.7250 1.4746 1.6086 4.0773 -22.3561 1.2872 23.6272 -7.8025 0.0560
Pedestrian -1 -1 -5.0565 260.9737 202.8233 297.4036 286.0668 1.1303 0.3477 0.4278 -4.6709 1.4558 10.0224 -5.4788 0.0543
Pedestrian -1 -1 -2.9416 666.3853 156.5486 702.2616 230.1194 1.8587 0.5206 0.8339 2.0082 1.2539 18.2384 -2.8321 0.0527
Car -1 -1 -4.5544 597.4171 167.0149 644.0484 200.5983 1.4430 1.5589 3.7479 0.7536 0.8638 32.3651 -4.5295 0.0508
Cyclist -1 -1 -7.1141 1166.2024 160.8886 1223.0000 227.9024 1.6989 0.6222 1.6909 15.5560 1.2021 18.3469 -6.4178 0.0506
Pedestrian -1 -1 -3.5566 723.6246 153.2311 808.9741 301.7264 1.7994 0.5462 0.9051 1.9727 1.4694 8.9267 -3.3447 0.6990
Pedestrian -1 -1 -5.0020 838.8454 169.0176 872.2887 233.6760 1.5913 0.5942 0.7686 6.2562 1.3090 17.7977 -4.6678 0.1731
Cyclist -1 -1 -7.6539 495.5609 163.9066 553.7478 263.9634 1.7063 0.7100 1.8291 -1.4890 1.4237 13.0006 -7.7634 0.1357
Pedestrian -1 -1 -4.2960 1174.8723 168.1755 1223.0000 265.8053 1.6031 0.5446 0.6493 10.1130 1.4011 11.9989 -3.6071 0.1200
Pedestrian -1 -1 -4.7436 80.1251 165.9684 117.3810 261.3061 1.7131 0.5490 0.6726 -9.4574 1.4523 13.1383 -5.3543 0.1061
Pedestrian -1 -1 -4.3850 1081.9392 155.2351 1136.0177 267.9525 1.7765 0.5424 0.6616 8.1883 1.3787 11.5585 -3.7800 0.1024
Cyclist -1 -1 -4.9858 667.2473 165.8915 692.8904 210.1106 1.7268 0.6246 1.5593 2.9779 1.1565 28.4317 -4.8809 0.1016
Pedestrian -1 -1 -8.0451 607.7734 163.0289 639.0334 235.0935 1.7617 0.6457 0.7764 0.4123 1.3349 17.7209 -8.0205 0.0962
Pedestrian -1 -1 -5.0193 986.9537 204.1819 1081.4347 369.0000 1.3355 0.4266 0.6185 3.1606 1.5264 5.3401 -4.5086 0.0961
Cyclist -1 -1 -4.6441 87.0385 174.0260 119.4141 261.1201 1.5965 0.3854 1.6590 -9.8018 1.4782 13.7720 -5.2500 0.0950
Cyclist -1 -1 -2.9607 648.6478 139.1857 680.4315 171.1962 1.7671 0.6460 1.6976 3.3471 -0.5317 39.8779 -2.8755 0.0939
Pedestrian -1 -1 -7.2396 484.7888 167.8106 536.2916 262.0892 1.6510 0.5868 0.7793 -1.7589 1.4292 12.8635 -7.3704 0.0875
Cyclist -1 -1 -8.2017 852.2072 180.6934 927.8717 281.5682 1.4523 0.5350 1.6654 4.3475 1.4559 11.0203 -7.8340 0.0875
Pedestrian -1 -1 -4.5516 857.8903 197.3282 889.6934 274.1225 1.1736 0.4027 0.5086 4.2357 1.4498 11.2663 -4.1995 0.0832
Pedestrian -1 -1 -4.4307 863.8574 196.6126 901.3819 276.3799 1.1967 0.4465 0.4316 4.2847 1.4556 11.0382 -4.0683 0.0755
Pedestrian -1 -1 -4.5012 400.6016 166.3965 436.4213 248.2628 1.7026 0.5699 0.8706 -4.0300 1.4096 15.1515 -4.7542 0.0741
Pedestrian -1 -1 -8.2599 455.3845 168.8461 496.6102 250.3804 1.6797 0.5977 0.7996 -2.7985 1.4399 15.0641 -8.4380 0.0738
Cyclist -1 -1 -6.4658 816.9411 164.9748 885.6299 233.4646 1.7043 0.5951 1.5666 6.2096 1.3183 18.0025 -6.1374 0.0719
Pedestrian -1 -1 -9.1011 1021.0271 164.4076 1071.3065 271.3217 1.7096 0.5751 0.5571 7.2525 1.4526 11.7043 -8.5568 0.0713
Pedestrian -1 -1 -4.1427 855.8361 164.4786 909.9817 268.4004 1.6951 0.5594 0.7144 4.6553 1.4341 11.9701 -3.7790 0.0712
Pedestrian -1 -1 -7.2644 842.9269 162.6244 893.0411 263.5608 1.7305 0.5907 0.6188 4.6152 1.4244 12.5436 -6.9183 0.0710
Pedestrian -1 -1 -7.5748 19.6152 169.8044 71.2366 258.1672 1.7375 0.6267 0.7820 -11.4108 1.5275 14.3820 -8.2331 0.0709
Cyclist -1 -1 -6.4020 657.5810 138.9031 689.3969 171.1310 1.8066 0.6278 1.7362 3.8711 -0.5365 40.1615 -6.3045 0.0702
Pedestrian -1 -1 -5.5105 85.1462 164.1791 138.7610 255.1215 1.7621 0.5391 0.6949 -9.8189 1.4462 14.0253 -6.1088 0.0695
Pedestrian -1 -1 -4.3590 594.0780 166.8801 632.9547 249.3314 1.6588 0.5602 0.8217 0.1394 1.3851 14.7083 -4.3480 0.0681
Pedestrian -1 -1 -7.8032 524.5471 160.7995 559.1594 258.2691 1.7178 0.5871 0.8334 -1.1886 1.3710 12.8884 -7.8911 0.0639
Pedestrian -1 -1 -8.4768 960.0262 165.4901 1016.7357 270.1909 1.6626 0.5441 0.6365 6.2187 1.4247 11.5810 -7.9937 0.0638
Pedestrian -1 -1 -7.2843 661.7029 139.8425 679.0875 172.3878 1.7881 0.6888 0.7217 3.6494 -0.4598 39.5915 -7.1910 0.0634
Pedestrian -1 -1 -4.6551 921.6434 182.8366 956.0332 272.0895 1.3747 0.4732 0.4790 5.2542 1.4132 11.2291 -4.2265 0.0622
Cyclist -1 -1 -8.4325 823.5962 165.6881 874.4960 233.4123 1.6780 0.5008 1.4965 6.2537 1.3114 18.3059 -8.1069 0.0620
Pedestrian -1 -1 -3.7818 571.0286 165.0381 619.1556 249.5058 1.7008 0.5067 0.8707 -0.2495 1.3899 14.7033 -3.7966 0.0619
Pedestrian -1 -1 -4.7905 882.9072 162.0015 925.7003 265.9875 1.6912 0.6031 0.6985 4.9854 1.3907 11.9238 -4.4022 0.0609
Pedestrian -1 -1 -4.9210 773.4772 156.6236 821.0236 260.9833 1.7770 0.6413 0.8436 3.3290 1.3708 12.4757 -4.6647 0.0603
Cyclist -1 -1 -8.0473 954.3067 170.3124 1017.9042 279.3853 1.5819 0.5131 1.8415 5.9492 1.4345 11.2100 -7.5694 0.0581
Pedestrian -1 -1 -4.5340 878.5123 198.7363 917.7516 286.0798 1.2133 0.4505 0.5089 4.2203 1.4879 10.2969 -4.1541 0.0578
Pedestrian -1 -1 -7.9759 904.1331 164.9448 947.5483 269.4652 1.6616 0.5683 0.6416 5.2154 1.4147 11.6290 -7.5627 0.0570
Pedestrian -1 -1 -5.2307 684.5385 167.9415 729.4376 254.2440 1.7132 0.5744 0.8300 2.0408 1.4642 14.5274 -5.0925 0.0566
Pedestrian -1 -1 -5.2124 547.7007 172.0625 584.4458 251.1488 1.6038 0.5044 0.6729 -0.8620 1.4330 14.7570 -5.2677 0.0548
Cyclist -1 -1 -4.3735 81.1259 169.9226 148.1772 264.7316 1.6660 0.4903 1.6781 -9.2285 1.4805 13.2982 -4.9672 0.0546
Pedestrian -1 -1 -4.1495 1060.1465 157.7989 1119.7094 268.8741 1.7564 0.5350 0.6642 7.8743 1.3978 11.5602 -3.5627 0.0538
Pedestrian -1 -1 -8.0845 587.8334 161.1330 618.9804 235.1668 1.8021 0.6098 0.8029 -0.0886 1.3310 17.6722 -8.0876 0.0537
Pedestrian -1 -1 -3.0227 474.1042 183.4005 506.6370 249.9091 1.3900 0.4892 0.6298 -2.4802 1.4532 15.0562 -3.1808 0.0526
Pedestrian -1 -1 -7.7588 671.6885 163.4052 687.4993 208.8636 1.8043 0.5907 0.4512 2.9642 1.1260 28.3436 -7.6540 0.0515
Pedestrian -1 -1 -6.6568 1111.8021 146.4447 1182.4182 264.5905 1.8696 0.5650 0.7579 8.7957 1.3311 11.5609 -6.0179 0.0514
Pedestrian -1 -1 -3.3768 1009.8407 181.7289 1046.1891 267.3232 1.4392 0.4067 0.4495 7.2164 1.4611 12.1547 -2.8508 0.0512
Cyclist -1 -1 -8.1964 1145.6642 161.0369 1223.0000 265.1195 1.6135 0.6352 1.8832 9.8435 1.3122 11.9543 -7.5190 0.0507
Cyclist -1 -1 -6.4535 655.6238 163.3787 694.9167 208.5343 1.8022 0.6186 1.4965 2.8059 1.1191 28.5809 -6.3549 0.0506
Car -1 -1 -6.2655 652.7361 140.5641 719.0670 168.3376 1.5044 1.6073 3.6772 4.5957 -0.7101 40.2489 -6.1504 0.1267
Car -1 -1 -8.3486 1150.0636 148.1660 1223.0000 273.7198 1.8343 1.7760 4.1550 11.7151 1.3623 12.5608 -7.6091 0.0524
