Pedestrian -1 -1 -5.2740 978.9822 206.1125 1084.6669 369.0000 1.3104 0.4216 0.5954 3.1469 1.5156 5.3441 -4.7654 0.0770
Pedestrian -1 -1 -5.9659 594.2849 162.8721 601.6763 188.9028 1.8670 0.6463 0.3494 -0.5041 0.6027 51.0722 -5.9739 0.0761
Cyclist -1 -1 -5.0016 666.3398 164.7934 694.3315 209.8828 1.7575 0.6875 1.6003 2.9848 1.1455 28.4091 -4.8963 0.0748
Pedestrian -1 -1 -4.9427 575.3802 214.0982 618.3215 325.9064 1.1587 0.3676 0.4909 -0.1501 1.5422 7.7800 -4.9595 0.0599
Pedestrian -1 -1 -7.6047 22.4467 169.1172 71.2773 256.3073 1.7183 0.6093 0.7483 -11.3961 1.4943 14.3986 -8.2618 0.0582
Pedestrian -1 -1 -5.0429 1156.3464 232.0480 1223.0000 358.4289 1.0635 0.3365 0.4801 5.2830 1.5555 6.4615 -4.3796 0.0581
Car -1 -1 -7.9534 733.9395 153.0109 759.4689 177.7826 2.0483 1.7456 4.2788 12.2334 -0.2437 61.1659 -7.7551 0.0570
Car -1 -1 -7.3212 0.0000 178.3147 12.9629 237.3193 1.4732 1.6060 4.1873 -18.8651 1.4190 19.8710 -8.0708 0.0541
Car -1 -1 -4.5447 597.0817 167.1119 644.5400 200.6704 1.4416 1.5627 3.7510 0.7578 0.8667 32.3635 -4.5196 0.0523
Cyclist -1 -1 -7.1397 1160.8214 159.0436 1223.0000 226.3195 1.7289 0.6569 1.5920 15.5926 1.1778 18.6264 -6.4495 0.0501
Pedestrian -1 -1 -4.8049 566.9099 162.8146 645.8397 352.7335 1.6867 0.6663 0.8820 -0.0655 1.5301 6.7515 -4.8124 0.8750
Pedestrian -1 -1 -8.0594 838.2385 169.7151 869.9268 234.8315 1.6037 0.6123 0.7297 6.2251 1.3384 17.8141 -7.7271 0.1656
Pedestrian -1 -1 -4.4266 1174.0055 165.3965 1223.0000 269.0527 1.6938 0.5981 0.7456 10.1236 1.4474 12.0105 -3.7377 0.1626
Cyclist -1 -1 -4.1755 49.6661 163.3004 136.3378 262.9240 1.7229 0.5076 1.6579 -9.4632 1.4259 13.0740 -4.7887 0.1540
Pedestrian -1 -1 -7.8016 261.0416 162.6284 300.1639 256.9698 1.7564 0.6370 0.8866 -6.3141 1.4240 13.6917 -8.2231 0.1501
Pedestrian -1 -1 -7.8969 612.9180 163.5806 640.1877 235.2378 1.7528 0.6471 0.7737 0.4900 1.3393 17.6867 -7.8680 0.1300
Pedestrian -1 -1 -4.0065 745.1194 169.3955 794.8845 255.5840 1.6737 0.5355 0.8761 3.2709 1.4584 14.2070 -3.7834 0.1193
Cyclist -1 -1 -7.8224 507.3218 162.8164 544.4883 263.8742 1.7367 0.6241 1.7651 -1.4844 1.4331 13.0545 -7.9311 0.1114
Pedestrian -1 -1 -3.7602 854.0262 168.0335 908.2123 269.2776 1.6670 0.5878 0.6315 4.6317 1.4621 12.0061 -3.3991 0.1089
Pedestrian -1 -1 -3.5812 814.8449 172.1194 864.5077 253.8733 1.5905 0.5038 0.7970 4.6119 1.4278 14.0562 -3.2692 0.0989
Cyclist -1 -1 -6.7459 820.2007 168.5293 890.5446 235.9484 1.6765 0.6360 1.5694 6.3212 1.3791 17.9980 -6.4120 0.0979
Pedestrian -1 -1 -6.3636 1024.8351 158.0821 1073.6671 270.9325 1.8025 0.5552 0.6327 7.2780 1.4448 11.6836 -5.8171 0.0971
Pedestrian -1 -1 -7.8800 526.8334 162.2229 559.5790 259.5884 1.7120 0.5713 0.8635 -1.1840 1.3910 12.8932 -7.9675 0.0934
Cyclist -1 -1 -2.9751 649.5203 143.3555 681.1999 175.1865 1.7625 0.6950 1.6884 3.3944 -0.3037 39.8794 -2.8888 0.0920
Pedestrian -1 -1 -8.1954 642.7659 170.1946 689.4344 261.7043 1.6157 0.6229 0.7789 1.0605 1.4341 12.9399 -8.1138 0.0895
Pedestrian -1 -1 -4.7209 92.1350 171.4916 127.3440 262.6651 1.6415 0.5257 0.6465 -9.2510 1.4797 13.1453 -5.3210 0.0876
Cyclist -1 -1 -8.3965 936.9714 167.0750 1000.8371 253.0782 1.6323 0.4156 1.4887 7.2180 1.3779 14.1779 -7.9330 0.0804
Pedestrian -1 -1 -4.5556 863.7593 194.1960 901.2653 276.4896 1.2356 0.4852 0.4505 4.2837 1.4559 11.0374 -4.1933 0.0803
Pedestrian -1 -1 -4.5111 844.5869 160.4366 888.2576 264.7346 1.7809 0.5950 0.7516 4.5964 1.4387 12.5487 -4.1665 0.0802
Cyclist -1 -1 -8.0656 951.2714 171.0532 1017.0433 280.3387 1.5858 0.5155 1.8345 5.9183 1.4491 11.2125 -7.5899 0.0794
Cyclist -1 -1 -5.1465 952.7608 167.6232 1009.5309 252.7691 1.6190 0.4020 1.4885 7.4757 1.3745 14.1960 -4.6693 0.0789
Pedestrian -1 -1 -8.2974 946.1234 165.1034 998.3858 268.0153 1.6475 0.5504 0.6079 5.9792 1.4014 11.6289 -7.8318 0.0754
Pedestrian -1 -1 -4.7961 858.5210 195.8977 890.2069 274.4747 1.2081 0.4252 0.5131 4.2458 1.4611 11.2939 -4.4440 0.0750
Pedestrian -1 -1 -4.3910 1061.4819 147.8839 1116.9508 266.3984 1.8632 0.5651 0.6911 7.8606 1.3508 11.5511 -3.8046 0.0742
Pedestrian -1 -1 -4.6924 1086.0798 149.7382 1128.9711 267.1606 1.8470 0.5576 0.6727 8.1617 1.3635 11.5575 -4.0888 0.0725
Cyclist -1 -1 -3.1997 656.2584 143.4436 687.4263 175.1699 1.7806 0.6394 1.7275 3.7756 -0.3052 40.1521 -3.1046 0.0714
Cyclist -1 -1 -8.1333 856.1413 178.3989 922.9913 282.9026 1.4997 0.5069 1.6419 4.3318 1.4700 10.9869 -7.7658 0.0689
Pedestrian -1 -1 -7.4469 659.8645 168.7699 707.2796 261.7725 1.6638 0.6061 0.8147 1.4209 1.4543 13.1525 -7.3402 0.0688
Pedestrian -1 -1 -6.4899 530.5256 171.6691 574.4774 251.2281 1.6207 0.5001 0.8296 -1.1452 1.4411 14.7583 -6.5640 0.0644
Pedestrian -1 -1 -4.6279 677.4473 174.1376 708.0656 252.4969 1.5653 0.5657 0.7758 1.7685 1.4386 14.5612 -4.5079 0.0616
Pedestrian -1 -1 -8.1249 546.7437 159.9199 579.4343 235.5901 1.8363 0.6256 0.7860 -1.0932 1.3372 17.6312 -8.1839 0.0610
Pedestrian -1 -1 -7.4758 486.6180 169.5424 532.4045 263.2594 1.6464 0.5837 0.7658 -1.7756 1.4543 12.8640 -7.6078 0.0598
Cyclist -1 -1 -8.1430 1152.1351 166.7186 1223.0000 270.4514 1.6085 0.5644 1.8734 9.8482 1.3952 11.9370 -7.4646 0.0598
Pedestrian -1 -1 -8.3621 775.4904 168.0225 809.6373 235.0463 1.6388 0.5937 0.6248 4.6388 1.3340 17.6649 -8.1080 0.0590
Pedestrian -1 -1 -8.0406 898.8609 159.5591 945.6981 265.6572 1.7266 0.5979 0.6676 5.2768 1.3862 11.8978 -7.6312 0.0587
Pedestrian -1 -1 -7.9765 458.7933 168.1198 493.0286 249.1158 1.6696 0.6252 0.7934 -2.7991 1.4147 15.0458 -8.1549 0.0553
Pedestrian -1 -1 -5.2193 917.5861 189.9947 963.7471 274.6079 1.2989 0.4600 0.5242 5.2567 1.4533 11.1953 -4.7894 0.0538
Pedestrian -1 -1 -4.9226 678.0851 161.5872 707.5342 234.2595 1.7730 0.5591 0.8711 2.1490 1.3119 17.7087 -4.8022 0.0525
Pedestrian -1 -1 -5.2782 902.7142 194.4434 943.7819 270.5762 1.1718 0.4060 0.4661 5.0032 1.3989 11.2397 -4.8681 0.0511
Pedestrian -1 -1 -4.7573 766.7272 156.9457 806.0146 264.6857 1.7974 0.6138 0.8701 3.0883 1.4048 12.2820 -4.5153 0.0508
Car -1 -1 -6.2661 653.7652 144.9635 720.1711 172.6148 1.5110 1.5963 3.6825 4.6573 -0.4605 40.2630 -6.1497 0.1520
Car -1 -1 -8.1280 483.9020 168.4660 580.5037 235.2431 1.6089 1.6234 3.7507 -2.1026 1.3193 19.0781 -8.2342 0.0541
