Pedestrian -1 -1 -6.2207 468.5376 172.5585 482.5017 201.8812 1.8380 0.6637 0.8283 -8.5309 1.8192 45.6073 -6.4050 0.3058
Pedestrian -1 -1 -3.5382 356.7474 176.4827 374.5624 203.6936 1.7748 0.5095 0.9968 -16.1918 2.0171 47.7211 -3.8640 0.1854
Pedestrian -1 -1 -8.6352 1160.3984 140.9478 1221.0847 235.3207 1.7121 0.5721 0.6736 10.7653 1.1330 13.4580 -7.9713 0.1574
Pedestrian -1 -1 -3.5241 1052.3285 152.6973 1099.0635 244.0258 1.6641 0.6173 0.5377 8.6470 1.2966 13.4987 -2.9647 0.1441
Cyclist -1 -1 -8.4001 1040.9479 149.5565 1125.4264 244.5951 1.6732 0.4870 1.7180 8.7923 1.2627 13.5662 -7.8353 0.1311
Pedestrian -1 -1 -7.4793 885.2120 158.2942 919.3602 226.8617 1.8312 0.6644 0.6859 7.9499 1.4421 19.7475 -7.1022 0.1138
Pedestrian -1 -1 -5.8705 492.8851 174.5788 507.9622 200.3304 1.7181 0.5549 0.8527 -7.4068 1.8348 48.5693 -6.0215 0.1090
Cyclist -1 -1 -6.1766 821.1843 171.5455 855.8496 205.3986 1.8675 0.7152 1.7903 12.7851 1.7951 40.4891 -5.8733 0.0995
Pedestrian -1 -1 -7.9237 767.6236 169.7638 781.4011 203.0596 1.8482 0.7067 0.6511 9.1762 1.6763 40.4261 -7.7025 0.0821
Pedestrian -1 -1 -5.4627 348.1562 177.6471 361.7589 203.5386 1.7115 0.5195 0.7004 -17.0816 2.0343 48.2347 -5.8017 0.0757
Pedestrian -1 -1 -5.7481 553.1298 174.3906 564.1371 193.5113 1.7017 0.5338 0.8283 -4.6289 1.8401 64.7088 -5.8195 0.0733
Pedestrian -1 -1 -6.3090 371.9377 178.2843 384.5777 203.8361 1.6969 0.5716 0.7944 -15.6075 2.0646 48.4894 -6.6192 0.0700
Pedestrian -1 -1 -6.3422 454.0349 174.2817 462.7173 197.3606 1.7729 0.7006 0.6178 -11.7764 1.8841 55.9000 -6.5492 0.0700
Pedestrian -1 -1 -5.3247 474.6104 170.4660 489.3995 199.3571 1.8741 0.5412 0.8904 -8.4272 1.7189 47.3116 -5.5003 0.0686
Pedestrian -1 -1 -3.3229 452.6215 173.0084 465.5517 197.3074 1.8597 0.5102 0.8985 -11.6646 1.8714 55.6324 -3.5289 0.0638
Pedestrian -1 -1 -7.3465 1146.2660 150.6073 1205.3199 248.7672 1.6535 0.5156 0.7466 9.7755 1.2785 12.5404 -6.6960 0.0584
Pedestrian -1 -1 -8.2341 762.1498 170.6871 773.3265 201.5593 1.7767 0.5307 0.3730 9.0898 1.6517 41.7517 -8.0217 0.0560
Pedestrian -1 -1 -7.1836 781.7393 174.2112 795.8433 205.6500 1.7088 0.5580 0.5065 9.7804 1.7837 39.6261 -6.9439 0.0511
Car -1 -1 -7.7952 542.9847 175.4469 562.8789 191.7522 1.4439 1.5992 3.9989 -5.2574 1.6900 66.5502 -7.8740 0.2066
Car -1 -1 -8.1289 735.4265 176.5998 780.9744 203.3252 1.4582 1.6041 3.7941 8.5052 1.6854 41.8686 -7.9303 0.1035
Car -1 -1 -4.0222 1198.0555 155.3283 1241.0000 373.2040 1.5304 1.5932 4.2042 7.4741 1.4070 5.8657 -3.1412 0.0919
Car -1 -1 -7.5613 453.0421 175.1734 486.5706 196.3400 1.6123 1.6458 3.5867 -11.1090 1.8020 57.2380 -7.7524 0.0697
Car -1 -1 -5.1472 701.2249 167.0766 743.9043 194.8443 2.0081 1.7054 3.8345 8.3883 1.5900 54.2591 -4.9951 0.0696
Car -1 -1 -7.1380 1226.4843 142.6380 1241.0000 259.6761 1.4741 1.5795 3.8951 11.0299 1.0932 9.9399 -6.3153 0.0667
Car -1 -1 -4.8975 786.2475 180.0152 827.6396 208.1717 1.4454 1.5359 3.7048 10.8023 1.8601 39.9147 -4.6356 0.0588
Car -1 -1 -4.2479 145.0329 182.8298 218.8233 214.9867 1.4669 1.6245 3.8233 -21.3532 1.9928 36.0934 -4.7791 0.0520
