Pedestrian -1 -1 -6.7829 649.9222 175.7034 669.5474 210.6054 1.7032 0.6201 0.7652 2.4204 1.8457 35.7240 -6.7164 0.2791
Pedestrian -1 -1 -4.4498 733.3455 197.9270 756.7433 265.7209 1.1685 0.3281 0.3669 2.3516 1.6228 12.8466 -4.2739 0.1352
Cyclist -1 -1 -4.4375 484.2833 179.2773 500.9511 213.4791 1.6723 0.4504 1.4570 -5.9392 2.0020 36.3111 -4.5990 0.0934
Pedestrian -1 -1 -4.2296 92.3261 185.5246 132.9694 259.1187 1.8218 0.6161 0.6550 -12.6867 2.1500 18.3461 -4.8281 0.0898
Pedestrian -1 -1 -2.7506 511.3685 175.8020 520.5967 195.9556 1.7740 0.4852 0.6772 -8.3521 2.0362 63.9278 -2.8804 0.0865
Pedestrian -1 -1 -7.8490 770.7740 166.3783 791.7642 223.8170 1.7614 0.6282 0.7188 5.3023 1.5625 22.5485 -7.6216 0.0763
Cyclist -1 -1 -7.8954 483.1227 180.8584 493.0942 214.5221 1.6402 0.4312 1.5036 -6.1783 2.0513 36.3072 -8.0633 0.0694
Cyclist -1 -1 -7.7022 657.3159 174.0894 672.1403 209.2248 1.7169 0.4967 1.6856 2.7133 1.7801 36.1966 -7.6286 0.0658
Pedestrian -1 -1 -4.8744 721.1518 192.8032 749.7192 266.8260 1.2578 0.4054 0.5575 2.1461 1.6161 12.6899 -4.7118 0.0647
Cyclist -1 -1 -7.4124 658.6086 171.4575 681.7172 208.2927 1.7998 0.5040 1.6368 2.9784 1.7312 36.0890 -7.3313 0.0549
Pedestrian -1 -1 -8.3741 712.6862 169.7390 734.4583 213.7316 1.8159 0.6334 0.7041 4.7106 1.6870 30.2253 -8.2216 0.0510
Cyclist -1 -1 -8.0631 624.5416 175.5501 634.0137 195.9251 1.6097 0.4331 1.6172 1.5195 1.8294 58.0589 -8.0375 0.0510
Pedestrian -1 -1 -3.1547 759.0062 166.9992 782.0836 224.7736 1.8024 0.5933 0.7026 5.0347 1.6194 22.8700 -2.9414 0.0500
Car -1 -1 -4.7688 624.9532 174.1239 647.4027 194.8296 1.6379 1.6121 4.0420 2.0967 1.7457 59.3649 -4.7340 0.1295
Car -1 -1 -2.4837 417.4424 183.0808 499.0541 214.6300 1.4757 1.5999 3.8429 -7.6841 2.0121 36.3143 -2.6912 0.1061
Car -1 -1 -4.4542 518.4888 177.8492 548.7396 198.0589 1.5773 1.5343 3.8868 -6.2719 2.0020 59.3568 -4.5594 0.0869
