Pedestrian -1 -1 -4.7268 226.6409 143.6533 311.9928 374.0000 1.9120 0.6469 0.9386 -3.1079 1.6727 6.4691 -5.1598 0.1188
Pedestrian -1 -1 -3.2979 982.0577 173.8850 1002.6404 213.7337 1.9456 0.6585 0.8039 18.8673 1.9970 35.6929 -2.8156 0.1080
Pedestrian -1 -1 -5.0099 179.4398 166.0170 231.9424 288.7653 1.8326 0.5362 0.6872 -6.3351 1.7302 11.2040 -5.5148 0.0863
Pedestrian -1 -1 -3.1890 994.4768 164.9003 1004.7794 219.8429 2.0160 0.5584 0.3066 14.4205 1.7239 26.7937 -2.7004 0.0846
Pedestrian -1 -1 -3.8127 953.8447 173.4930 966.7552 197.7106 1.8227 0.5168 0.7129 26.5035 1.8711 54.6536 -3.3637 0.0846
Car -1 -1 -7.5778 595.6792 191.0416 789.6713 334.3879 1.4924 1.6582 4.1158 1.3350 1.8075 10.2934 -7.4541 0.0804
Pedestrian -1 -1 -5.2463 282.5828 170.2222 333.0612 276.6009 1.7894 0.5394 0.6818 -5.3130 1.7448 12.5570 -5.6396 0.0769
Pedestrian -1 -1 -6.5845 764.3463 174.1487 795.1442 234.0927 1.8659 0.6077 0.8011 5.3115 1.9071 22.8074 -6.3593 0.0743
Car -1 -1 -4.5346 1191.1033 180.1570 1234.8048 204.3629 1.5446 1.6455 3.7950 40.9433 2.0592 49.0127 -3.8421 0.0666
Pedestrian -1 -1 -8.0982 1212.0310 170.9501 1241.0000 244.8276 1.8103 0.5300 0.3748 15.3320 1.7633 17.9650 -7.4004 0.0666
Car -1 -1 -5.1301 1189.9686 181.2991 1241.0000 215.4846 1.5544 1.6547 4.2132 31.0494 2.0039 36.1771 -4.4253 0.0608
Pedestrian -1 -1 -8.0069 960.4600 167.8112 979.7252 212.8602 2.0402 0.6764 0.7847 16.4972 1.8115 33.1532 -7.5492 0.0588
Pedestrian -1 -1 -3.5262 813.4926 172.6685 838.5613 229.2450 1.8705 0.6512 0.6029 7.1956 1.8641 24.2090 -3.2414 0.0572
Pedestrian -1 -1 -5.0772 871.8758 205.4357 907.8224 283.3889 1.2698 0.3961 0.5436 4.6916 1.8352 12.2549 -4.7207 0.0549
Pedestrian -1 -1 -5.8569 717.1112 174.4396 738.7332 229.6963 1.8641 0.5766 0.5438 3.9999 1.9190 24.7539 -5.6994 0.0543
Pedestrian -1 -1 -6.6664 663.3118 164.7043 716.3539 254.6332 1.9602 0.5094 1.0638 1.7275 1.7822 16.1187 -6.5626 0.0529
Pedestrian -1 -1 -3.5185 573.8810 142.6484 583.5519 174.7397 1.7745 0.5124 0.3758 -1.7820 0.1040 40.2085 -3.5626 0.1159
Cyclist -1 -1 -4.8578 572.5212 140.3585 586.5610 172.3566 1.7322 0.5327 1.7094 -1.7330 -0.0285 39.9773 -4.9009 0.0909
Cyclist -1 -1 -6.1560 563.6335 141.1442 594.9016 173.7509 1.7869 0.6286 1.6628 -1.7330 0.0489 39.9253 -6.1991 0.0806
Cyclist -1 -1 -6.3859 629.8812 144.2724 659.9610 174.3946 1.7718 0.5916 1.7291 2.0295 0.0903 42.7836 -6.3389 0.0777
Pedestrian -1 -1 -5.0540 571.2013 141.7448 585.4742 175.3657 1.8472 0.6826 0.4376 -1.7926 0.1377 39.9744 -5.0986 0.0771
Pedestrian -1 -1 -3.6094 569.0732 143.2240 579.6902 176.1271 1.8183 0.5504 0.3835 -2.0236 0.1806 40.2087 -3.6595 0.0738
Cyclist -1 -1 -2.9193 559.7803 142.2674 591.0270 173.8763 1.7448 0.5511 1.6604 -1.9645 0.0561 40.2442 -2.9679 0.0601
Cyclist -1 -1 -3.1112 567.5588 143.5798 598.3752 175.2171 1.7617 0.6008 1.7111 -1.5477 0.1313 40.4844 -3.1492 0.0528
Cyclist -1 -1 -4.5316 639.4017 145.0268 652.2032 173.4270 1.6476 0.4539 1.7460 2.0928 0.0329 42.7605 -4.4831 0.0519
Cyclist -1 -1 -8.0179 568.2321 140.2457 581.3137 171.2168 1.6834 0.4556 1.6905 -2.0066 -0.0935 40.1845 -8.0676 0.0504
Car -1 -1 -7.8278 1096.0690 188.2886 1144.0034 227.2052 1.4369 1.5509 3.5211 21.1955 2.1186 30.0069 -7.2181 0.7651
Car -1 -1 -4.9639 1025.1913 179.7069 1064.8745 201.5718 1.5596 1.6624 3.8511 32.9862 2.1000 54.8529 -4.4252 0.2715
Car -1 -1 -4.5852 1032.8936 173.5150 1058.8910 190.5742 1.5485 1.5982 4.0484 40.9224 1.6122 67.7411 -4.0440 0.1425
Car -1 -1 -8.3355 604.2382 145.1177 657.0848 171.0367 1.4766 1.6090 3.7723 1.1592 -0.1149 43.4411 -8.3090 0.1313
Car -1 -1 -4.8555 952.9931 186.1619 1000.5535 219.2754 1.4797 1.5594 3.8192 18.1681 2.1805 35.9540 -4.3915 0.1114
Car -1 -1 -4.6603 1052.0743 173.9578 1076.2488 191.7478 1.5491 1.6435 4.2600 41.1139 1.6521 65.3202 -4.1008 0.0630
Car -1 -1 -8.0302 560.3384 141.0028 601.1243 170.4662 1.5957 1.6709 3.9442 -1.7705 -0.1447 41.5248 -8.0726 0.0580
Car -1 -1 -7.9819 648.7780 141.6848 684.2545 168.6479 1.5416 1.6377 4.0754 3.3604 -0.2688 43.9783 -7.9061 0.0535
