Pedestrian -1 -1 -4.2736 0.0000 147.0712 59.5424 322.8486 1.9988 0.5380 0.7296 -7.1293 1.7053 8.6226 -4.9495 0.1387
Car -1 -1 -7.8788 612.7875 177.2747 634.8909 201.2922 1.8818 1.7062 4.3597 1.0826 2.2596 59.5252 -7.8612 0.1069
Pedestrian -1 -1 -5.5485 499.1202 170.7840 513.4692 197.9661 1.9962 0.5721 0.9017 -7.7159 1.8439 53.4775 -5.6915 0.1056
Car -1 -1 -5.4653 470.7652 184.1516 528.0399 209.5943 1.5212 1.5565 3.6642 -7.1714 2.2752 46.4315 -5.6182 0.1014
Pedestrian -1 -1 -3.0994 946.9584 195.5357 976.3948 281.9817 1.4466 0.4582 0.4471 6.0604 1.8502 12.5418 -2.6595 0.0772
Car -1 -1 -4.2031 228.3389 182.0073 304.5185 212.6879 1.4711 1.7106 4.3826 -18.1077 1.9837 38.1823 -4.6436 0.0683
Pedestrian -1 -1 -3.9857 0.0000 276.6268 38.9599 374.0000 1.0114 0.2761 0.2879 -4.6461 1.8203 5.4763 -4.6657 0.0664
Pedestrian -1 -1 -2.7260 0.0000 164.3887 122.8980 374.0000 1.7622 0.4767 0.7083 -3.6225 1.7123 4.5353 -3.3722 0.0652
Pedestrian -1 -1 -3.5833 657.6039 178.1594 692.4458 241.7584 1.7442 0.6756 0.7593 1.7763 1.8966 20.3123 -3.4983 0.0617
Car -1 -1 -4.8064 266.0772 184.2248 333.0853 236.1110 1.4443 1.6064 3.9707 -10.0681 1.8422 23.1442 -5.2129 0.0600
Car -1 -1 -5.0020 549.7836 181.2306 590.8452 205.2111 1.4606 1.6400 3.9325 -2.6938 2.0372 47.5625 -5.0588 0.0596
Car -1 -1 -7.7986 457.5704 178.9088 491.8447 210.0302 1.5293 1.5794 3.6225 -7.1363 1.8645 38.0918 -7.9830 0.0579
Pedestrian -1 -1 -5.0884 132.2341 173.9081 157.4030 218.5063 1.8348 0.6674 0.7232 -19.5059 1.8793 30.1891 -5.6582 0.0574
Pedestrian -1 -1 -4.3585 0.0000 176.2064 20.2277 231.9229 1.8099 0.6193 0.4796 -19.9886 1.9218 23.8076 -5.0515 0.0564
Car -1 -1 -4.4075 555.0214 179.6574 585.5696 198.0242 1.6034 1.6684 4.1147 -3.6604 2.2538 66.8179 -4.4624 0.0547
Car -1 -1 -4.6049 336.3054 173.8296 392.3579 219.2390 1.7626 1.7561 4.5093 -10.3353 1.8067 30.5000 -4.9294 0.0528
Car -1 -1 -4.4347 352.2812 169.1326 383.3275 187.7810 1.7627 1.6970 4.5292 -23.6353 1.4107 70.5038 -4.7573 0.0517
Cyclist -1 -1 -7.6159 547.9436 175.2330 567.9108 214.6895 1.7585 0.5394 1.6647 -2.4219 1.8703 33.1271 -7.6889 0.0515
Cyclist -1 -1 -4.1587 256.4828 177.9496 289.9432 219.6252 1.6968 0.5269 1.5731 -14.2101 1.9168 30.3878 -4.5931 0.4413
Pedestrian -1 -1 -8.0958 415.9430 174.0569 449.5247 239.8450 1.8215 0.7936 0.6444 -5.0797 1.8561 20.4646 -8.3368 0.3315
Cyclist -1 -1 -4.0453 208.1862 178.5138 242.0703 214.0700 1.6712 0.5762 1.6119 -18.7067 1.9523 35.0265 -4.5329 0.2971
Cyclist -1 -1 -5.2746 1064.3718 172.9818 1214.0118 332.9496 1.7618 0.5863 1.7833 6.3414 1.7632 8.8514 -4.6696 0.1232
Cyclist -1 -1 -7.4946 424.6170 185.6461 440.7697 211.5466 1.6919 0.4994 1.6926 -12.0301 2.5732 48.8612 -7.7352 0.0719
Pedestrian -1 -1 -7.0460 1057.0569 169.8747 1149.7594 314.9322 1.7954 0.5697 0.8223 6.2803 1.7583 9.2859 -6.4669 0.0619
Cyclist -1 -1 -6.1351 205.5404 176.6882 244.8780 213.5546 1.7563 0.5698 1.6184 -18.7046 1.9450 35.0248 -6.6227 0.0534
Pedestrian -1 -1 -6.8104 1098.4147 181.1454 1187.9131 325.6058 1.6706 0.5517 0.6775 6.3403 1.7735 8.6829 -6.1968 0.0516
Car -1 -1 -7.8420 553.4105 186.1859 610.1573 232.3129 1.3434 1.7306 3.3467 -0.9569 1.8122 23.6927 -7.8827 0.9604
Car -1 -1 -2.4601 198.9615 178.8853 415.8961 269.4230 1.6176 1.6547 3.8087 -6.0570 1.7489 14.4062 -2.8521 0.9312
Car -1 -1 -2.3668 376.2683 181.9119 488.3368 227.6433 1.4826 1.6493 3.8155 -6.4049 1.8265 25.7367 -2.6088 0.9138
Car -1 -1 -7.7877 519.7330 181.0205 558.9445 214.3449 1.4629 1.6212 3.7812 -3.3704 1.8750 34.5274 -7.8849 0.7860
Car -1 -1 -7.8525 575.0705 179.7297 612.8987 216.2200 1.5296 1.6225 3.6385 -0.7708 1.8591 32.7737 -7.8765 0.7704
Car -1 -1 -8.7763 1028.6699 198.9959 1241.0000 374.0000 1.5277 1.6251 3.8609 3.0713 1.6718 2.0513 -7.8595 0.7674
Car -1 -1 -2.3709 406.4441 184.2305 504.0715 222.7636 1.3913 1.5705 3.7648 -6.2217 1.8697 28.6982 -2.5830 0.6823
Car -1 -1 -4.2717 221.0081 181.5815 296.3649 217.9324 1.4801 1.5569 3.7572 -15.6072 1.8917 32.1693 -4.7204 0.4035
Car -1 -1 -7.9138 635.8558 181.4720 673.8719 214.5207 1.4524 1.5790 3.8010 2.0605 1.8881 34.6033 -7.8555 0.2715
Car -1 -1 -4.5709 557.1031 179.0457 579.8277 196.0321 1.5128 1.5803 4.0562 -3.8967 2.1128 67.8684 -4.6284 0.2130
Car -1 -1 -7.9639 626.8959 179.1557 662.1453 207.5691 1.5165 1.6015 3.7398 1.8936 1.8934 41.2784 -7.9189 0.1708
Car -1 -1 -8.0122 634.2036 181.4363 688.0020 221.3930 1.5103 1.6161 4.0069 2.0259 1.8943 30.2324 -7.9466 0.1706
Car -1 -1 -5.2105 478.5368 181.7896 527.0128 207.5620 1.5495 1.5697 3.5888 -6.9920 2.1500 46.6068 -5.3591 0.1663
Car -1 -1 -4.5959 416.9180 187.6637 445.4272 210.7354 1.4507 1.4728 3.9052 -12.3845 2.5184 50.0034 -4.8379 0.1479
Car -1 -1 -7.8337 612.5269 178.4688 633.5261 202.1705 1.8479 1.6474 3.7961 1.0680 2.3225 59.0958 -7.8162 0.1391
Car -1 -1 -4.7782 256.1223 183.7427 312.0073 228.4930 1.4418 1.6055 4.0111 -12.0435 1.8729 26.4401 -5.2022 0.0806
Car -1 -1 -4.6576 568.6381 179.2530 597.0836 204.5301 1.5396 1.6323 4.1920 -1.7649 1.9759 47.1251 -4.6953 0.0714
Car -1 -1 -4.1621 230.0158 180.1927 308.9743 211.2953 1.4953 1.7018 4.4099 -17.8828 1.9053 38.0544 -4.5989 0.0577
Car -1 -1 -4.7860 608.5497 178.9759 638.2605 204.5005 1.5596 1.6289 4.2184 0.8026 1.9787 47.2725 -4.7696 0.0560
Car -1 -1 -4.8397 200.1268 183.8725 271.0203 234.1549 1.4728 1.6002 4.1646 -12.6940 1.8759 24.2517 -5.3178 0.0546
