Pedestrian -1 -1 -5.0130 745.0015 169.5816 764.8641 214.7641 2.1431 0.6762 0.9753 6.9319 1.9876 34.7447 -4.8183 0.1968
Pedestrian -1 -1 -7.9116 794.3863 175.7843 817.2674 233.4437 1.8306 0.6649 0.8299 6.3032 1.9274 23.4287 -7.6528 0.1295
Pedestrian -1 -1 -7.7214 467.9314 176.4463 481.2009 210.4744 2.0423 0.7073 0.6804 -8.2420 2.2615 43.7389 -7.9070 0.1074
Pedestrian -1 -1 -6.4426 644.1107 185.6825 655.4691 208.6417 1.5885 0.5027 0.7227 2.7536 2.4917 50.5304 -6.3891 0.0907
Pedestrian -1 -1 -4.5529 754.7214 169.8520 774.9181 220.0658 2.0146 0.6739 0.9160 6.2894 1.8939 29.4975 -4.3455 0.0861
Pedestrian -1 -1 -4.3245 807.3911 166.0055 838.6714 235.0085 2.0130 0.5880 0.9474 6.3333 1.8129 21.6029 -4.0438 0.0751
Pedestrian -1 -1 -8.7442 891.4594 171.4630 928.3237 243.7992 1.7930 0.6430 0.5917 7.5522 1.7582 18.2995 -8.3593 0.0575
Car -1 -1 -4.5355 608.9780 180.9619 641.9592 204.6876 1.6153 1.7028 4.2343 1.1478 2.2346 52.8992 -4.5145 0.0574
Cyclist -1 -1 -4.2740 745.9257 181.3244 772.5758 216.5357 1.7236 0.6766 1.6875 7.5440 2.1635 36.6209 -4.0731 0.0522
Pedestrian -1 -1 -8.3336 896.1958 164.8847 935.9460 245.2798 1.8675 0.5909 0.7404 7.2159 1.6820 17.1550 -7.9423 0.0503
Cyclist -1 -1 -4.8835 745.0159 177.9978 762.4158 216.2949 1.7920 0.5322 1.7211 6.8923 2.0464 34.8609 -4.6906 0.1480
Cyclist -1 -1 -7.0705 741.5004 177.0583 777.5203 215.1420 1.8714 0.7473 1.7770 7.5143 2.0880 36.4351 -6.8693 0.0770
Cyclist -1 -1 -7.9263 645.5754 182.9856 654.2439 206.7633 1.6283 0.4848 1.7255 2.7858 2.3566 51.0184 -7.8727 0.0531
Cyclist -1 -1 -7.7342 649.0793 182.6060 658.1473 207.0032 1.6766 0.4523 1.6326 3.0627 2.3783 51.1016 -7.6752 0.0518
Car -1 -1 -4.5913 536.1782 184.5366 572.1891 212.1678 1.5706 1.7363 4.3004 -3.4668 2.3351 45.0479 -4.6682 0.7618
Car -1 -1 -7.8463 597.0195 183.6927 618.5651 207.9553 1.8778 1.7226 4.1098 -0.1955 2.8059 59.7418 -7.8501 0.1286
Car -1 -1 -7.9025 637.3228 182.6513 662.8411 205.8588 1.5644 1.6446 4.0269 2.8428 2.3025 52.3601 -7.8492 0.0979
Car -1 -1 -4.4888 441.9987 187.7426 486.5363 217.5924 1.5205 1.6137 4.0320 -8.2207 2.4046 40.8218 -4.6868 0.0958
Car -1 -1 -4.6095 698.4945 182.7694 729.7338 208.2758 1.5471 1.6240 4.2955 6.9080 2.2353 47.8193 -4.4675 0.0588
