Pedestrian -1 -1 -4.4309 729.3248 148.5410 814.0237 318.1992 1.6577 0.7165 0.6312 1.6855 1.3458 7.3571 -4.2129 0.7881
Pedestrian -1 -1 -5.3583 643.8019 133.1299 747.9047 320.3725 1.8055 0.6139 0.9692 0.8753 1.3492 7.3912 -5.2433 0.6871
Pedestrian -1 -1 -7.8169 168.5309 148.2309 197.8748 213.0865 1.8016 0.6844 0.7904 -12.0489 0.9055 20.1504 -8.3468 0.6467
Pedestrian -1 -1 -5.4660 848.0777 144.6960 931.6855 287.0220 1.6699 0.6180 0.7413 3.4610 1.2502 8.7555 -5.0999 0.5147
Cyclist -1 -1 -5.3650 268.9004 158.1971 354.4170 243.8330 1.5854 0.6245 1.7317 -5.7817 1.1729 13.7982 -5.7516 0.3002
Pedestrian -1 -1 -4.7618 299.9428 142.4804 324.1924 203.8147 1.8019 0.6398 0.7796 -8.8493 0.6853 21.2609 -5.1487 0.2292
Cyclist -1 -1 -4.8777 295.8184 151.6136 328.6225 228.9759 1.6520 0.4249 1.6474 -6.6465 1.0355 15.9115 -5.2642 0.2045
Pedestrian -1 -1 -4.8468 317.9351 145.1494 344.9690 207.4703 1.7487 0.6322 0.7578 -7.9045 0.7571 20.3231 -5.2103 0.1823
Car -1 -1 -4.4321 0.0000 89.3155 270.5657 369.0000 1.7623 1.6771 4.4176 -3.2243 1.5251 4.2046 -5.0489 0.1765
Cyclist -1 -1 -2.7571 371.6016 155.9841 484.4749 252.1594 1.5961 0.6698 1.7668 -3.0844 1.1897 12.1934 -2.9966 0.1578
Pedestrian -1 -1 -8.1233 386.0177 154.3549 423.7071 231.4164 1.5965 0.6533 0.5393 -4.3062 1.0552 15.0474 -8.3943 0.1352
Cyclist -1 -1 -7.8125 327.6456 156.8128 350.7457 228.0509 1.5297 0.4163 1.5465 -6.0394 1.0214 15.9828 -8.1651 0.1073
Car -1 -1 -4.8034 377.9854 147.0618 406.5381 170.9071 1.6220 1.6712 3.8662 -15.6414 -0.7327 51.8944 -5.0923 0.1065
Pedestrian -1 -1 -3.4260 325.7841 167.3585 376.2849 266.4800 1.4718 0.5085 0.6159 -3.9611 1.2770 10.8843 -3.7637 0.1030
Car -1 -1 -5.9136 16.0620 152.8655 138.7991 188.3399 1.6276 1.6909 4.3957 -25.1419 0.3599 33.8288 -6.5462 0.1021
Pedestrian -1 -1 -7.6224 104.7572 131.9342 165.1295 249.3846 1.8695 0.6549 0.8328 -7.8439 1.0968 11.7565 -8.1962 0.0862
Cyclist -1 -1 -7.7022 376.1238 152.4905 404.7476 216.0555 1.6038 0.4829 1.5806 -5.6853 0.8974 18.6558 -7.9912 0.0846
Car -1 -1 -2.2630 0.0000 145.3986 56.7160 186.4033 1.5546 1.6397 4.0318 -24.1941 0.2240 27.9608 -2.9685 0.0819
Pedestrian -1 -1 -7.9061 277.4001 159.4142 310.8209 236.1795 1.5812 0.6256 0.4351 -6.5971 1.1472 14.8975 -8.3131 0.0689
Pedestrian -1 -1 -5.2617 267.9893 146.6275 309.7873 220.1421 1.7293 0.5708 0.8414 -7.6908 0.9328 17.1065 -5.6752 0.0594
Pedestrian -1 -1 -7.8048 895.8445 145.8016 917.9685 201.7932 1.6659 0.5910 0.6019 9.1181 0.6338 21.4352 -7.4060 0.0541
Pedestrian -1 -1 -2.7430 306.7411 178.2732 372.2199 290.3055 1.3829 0.4482 0.6538 -3.4109 1.3558 8.9672 -3.0928 0.0536
Car -1 -1 -2.8827 408.5245 151.8955 482.1390 177.6769 1.6193 1.7131 4.3324 -10.2541 -0.1856 45.5600 -3.1005 0.0534
Pedestrian -1 -1 -3.7837 354.6519 194.3790 403.6602 301.1317 1.2193 0.3630 0.4238 -2.7429 1.3905 8.4259 -4.0855 0.0530
Pedestrian -1 -1 -6.0243 334.4642 147.9378 366.8526 206.1131 1.7111 0.5851 0.7855 -7.6271 0.7537 21.1198 -6.3639 0.0527
Cyclist -1 -1 -5.7166 345.3559 177.3109 474.9361 290.2944 1.4532 0.5879 1.6432 -2.7002 1.4126 9.6200 -5.9799 0.0525
Pedestrian -1 -1 -4.4460 394.8379 176.9194 427.3410 266.6336 1.3628 0.4011 0.3663 -3.0424 1.3088 10.9244 -4.7081 0.0513
Pedestrian -1 -1 -4.6586 506.4944 143.0506 523.0880 185.2444 1.8408 0.6862 0.7697 -4.0069 0.2072 31.2540 -4.7826 0.4634
Pedestrian -1 -1 -4.5043 347.2686 140.6872 371.5710 193.8511 1.7996 0.6266 0.8537 -8.4985 0.4522 24.3958 -4.8332 0.3953
Pedestrian -1 -1 -4.6483 418.7985 147.0388 435.6782 188.5961 1.7678 0.6531 0.8347 -7.6991 0.3446 30.5461 -4.8906 0.3444
Pedestrian -1 -1 -3.5879 630.5481 150.0855 656.2903 194.3739 1.6275 0.6642 0.7470 1.4028 0.5101 26.4313 -3.5335 0.3110
Pedestrian -1 -1 -4.6539 401.0605 144.3355 416.8561 186.1414 1.7932 0.6146 0.8052 -8.5554 0.2422 30.7853 -4.9201 0.2248
Cyclist -1 -1 -2.7514 541.4241 143.0983 585.2986 185.2708 1.7832 0.6668 1.7690 -1.8206 0.2019 30.5016 -2.8082 0.2142
Cyclist -1 -1 -8.2448 619.2932 147.3870 650.2436 192.9657 1.6717 0.5404 1.7660 1.0847 0.4575 26.8549 -8.2029 0.1986
Cyclist -1 -1 -2.5864 318.2020 142.7974 362.0245 186.3960 1.8693 0.6316 1.7142 -11.5580 0.2530 30.7967 -2.9399 0.1887
Pedestrian -1 -1 -8.0493 240.0062 150.9225 263.6442 197.1840 1.6355 0.6533 0.6342 -12.7433 0.5901 25.4466 -8.5064 0.1715
Pedestrian -1 -1 -2.6648 605.2319 152.2576 627.8588 193.9436 1.6009 0.6541 0.6561 0.4239 0.5165 27.5964 -2.6475 0.1616
Pedestrian -1 -1 -8.4860 565.6913 144.3832 583.1643 174.3342 1.7144 0.7515 0.6952 -1.7926 -0.3635 41.1870 -8.5270 0.1542
Cyclist -1 -1 -5.7968 391.5857 143.1978 435.0491 186.9664 1.8639 0.5806 1.7475 -8.3148 0.2756 30.5880 -6.0575 0.1536
Pedestrian -1 -1 -7.6297 501.9839 143.2185 516.0198 175.1859 1.7947 0.6638 0.6387 -5.4623 -0.3043 40.1595 -7.7616 0.1499
Cyclist -1 -1 -5.9334 403.5644 143.8956 443.7962 188.0211 1.8973 0.5569 1.6022 -7.9075 0.3236 30.7601 -6.1804 0.1479
Pedestrian -1 -1 -7.7194 339.1372 145.5144 356.7834 186.5041 1.7550 0.6451 0.5777 -11.1528 0.2573 30.6218 -8.0632 0.1432
Pedestrian -1 -1 -4.3151 644.9909 143.0763 669.1339 191.4375 1.7664 0.6355 0.8036 1.9117 0.3997 26.3274 -4.2413 0.1313
Pedestrian -1 -1 -7.1690 566.6467 148.1232 587.8263 187.5900 1.7323 0.6401 0.7072 -1.2597 0.3114 31.5100 -7.2065 0.1306
Pedestrian -1 -1 -4.5297 432.2623 146.4471 445.8252 178.1884 1.7562 0.6139 0.7357 -9.2943 -0.1305 39.5565 -4.7565 0.1268
Cyclist -1 -1 -8.0126 562.1885 146.5172 582.0703 186.4694 1.7202 0.6137 1.7418 -1.4930 0.2572 31.3588 -8.0576 0.1260
Pedestrian -1 -1 -5.2481 374.5969 146.7249 392.2088 178.5961 1.7167 0.6164 0.7628 -12.1207 -0.1052 38.6262 -5.5476 0.1255
Cyclist -1 -1 -8.2150 585.9139 144.6981 617.7802 189.6178 1.7128 0.6611 1.8092 -0.1693 0.3479 27.9238 -8.2188 0.1207
Pedestrian -1 -1 -7.7573 492.3417 145.7377 504.7366 177.0449 1.7469 0.6313 0.6387 -6.0117 -0.1963 39.8600 -7.9036 0.1173
Pedestrian -1 -1 -4.0898 623.5054 148.8454 645.2827 192.1826 1.6478 0.6853 0.4852 1.1048 0.4444 27.2865 -4.0477 0.1167
Pedestrian -1 -1 -7.5196 698.0304 145.5152 720.7154 195.1593 1.7104 0.6475 0.5311 3.6216 0.5053 24.7448 -7.3741 0.1153
Pedestrian -1 -1 -5.9003 252.6112 140.2699 268.1254 178.8664 1.8059 0.5666 0.4808 -16.3013 -0.0777 33.4068 -6.3482 0.1149
Pedestrian -1 -1 -7.2907 253.5743 151.1134 283.8593 196.4867 1.6399 0.7222 0.7362 -12.3737 0.5781 25.9655 -7.7285 0.1146
Pedestrian -1 -1 -1.9348 246.1829 143.9546 260.8302 178.7860 1.7855 0.5368 0.5050 -18.2363 -0.0896 36.6495 -2.3908 0.1126
Pedestrian -1 -1 -7.9409 443.0113 146.7964 456.4096 178.7291 1.7380 0.6599 0.7616 -8.5812 -0.0987 38.9956 -8.1536 0.1124
Cyclist -1 -1 -8.2294 611.0825 146.7650 642.9676 192.7303 1.6649 0.5876 1.7667 0.7800 0.4432 26.5404 -8.1982 0.1119
Pedestrian -1 -1 -3.7885 414.6366 145.5350 427.0692 177.2198 1.7394 0.5148 0.4483 -10.2284 -0.1834 39.2206 -4.0395 0.1111
Pedestrian -1 -1 -6.7552 614.5963 151.0686 636.7560 194.1861 1.5823 0.6182 0.6112 0.7380 0.5025 26.3572 -6.7254 0.1103
Cyclist -1 -1 -4.8861 557.4043 143.2203 579.9894 186.1027 1.7987 0.6738 1.8129 -1.6098 0.2352 30.6150 -4.9359 0.1099
Pedestrian -1 -1 -3.2811 296.0125 139.3249 320.0358 190.8266 1.7872 0.6027 0.7081 -10.5236 0.3586 24.9748 -3.6731 0.1082
Cyclist -1 -1 -8.4030 631.8701 145.0516 668.9755 192.4826 1.7141 0.5564 1.7410 1.6522 0.4333 26.4524 -8.3393 0.1075
Pedestrian -1 -1 -2.6407 514.0911 149.1577 535.6268 187.6936 1.6772 0.6639 0.7134 -3.5598 0.3133 31.2165 -2.7510 0.1072
Pedestrian -1 -1 -4.1478 553.2347 149.0255 574.3336 188.0400 1.6485 0.6830 0.6090 -1.7906 0.3188 30.3084 -4.2041 0.1051
Cyclist -1 -1 -6.1248 229.6574 146.3763 280.2245 195.6338 1.7509 0.6094 1.5665 -12.7131 0.5382 25.6521 -6.5779 0.1034
Pedestrian -1 -1 -5.3165 498.4180 148.7698 519.0512 188.0216 1.7186 0.6709 0.6277 -4.3012 0.3295 31.4148 -5.4491 0.1032
Pedestrian -1 -1 -4.1672 624.1751 155.9791 643.5049 194.7167 1.4567 0.5495 0.5141 1.0706 0.5349 26.9545 -4.1259 0.1017
Cyclist -1 -1 -2.8774 580.1683 143.8068 625.9619 189.7568 1.7777 0.6247 1.7014 -0.1022 0.3584 27.8764 -2.8789 0.1015
Cyclist -1 -1 -2.5068 399.7628 144.7481 439.5706 186.6496 1.8077 0.5814 1.6767 -8.1737 0.2655 31.0854 -2.7593 0.0889
Cyclist -1 -1 -8.0784 609.7558 147.3692 637.2520 192.1586 1.6830 0.6744 1.8476 0.6755 0.4383 27.5394 -8.0521 0.0880
Cyclist -1 -1 -8.0120 574.8544 145.6347 594.1270 185.9345 1.7192 0.5724 1.7918 -0.9376 0.2320 31.0968 -8.0397 0.0865
Pedestrian -1 -1 -7.7501 423.9512 149.3170 439.5071 187.9903 1.6779 0.6039 0.5857 -7.6193 0.3252 31.0066 -7.9865 0.0864
Pedestrian -1 -1 -6.3647 270.4710 140.8052 279.9471 176.8578 1.8634 0.6452 0.4009 -17.2760 -0.1924 37.0002 -6.7960 0.0839
Cyclist -1 -1 -2.9522 244.5591 140.6779 283.1348 176.3195 1.8265 0.6680 1.7176 -17.8061 -0.2212 36.8993 -3.3962 0.0825
Cyclist -1 -1 -4.6838 545.4067 138.4924 556.7181 170.8190 1.8130 0.6035 1.7148 -3.1356 -0.5738 41.0454 -4.7572 0.0824
Cyclist -1 -1 -6.2536 342.3425 140.4848 392.4664 192.7116 1.7847 0.5463 1.6399 -8.3006 0.4175 24.6563 -6.5722 0.0782
Cyclist -1 -1 -4.9463 572.0931 144.4866 595.9605 185.3637 1.6967 0.6270 1.7769 -0.9369 0.2021 30.2878 -4.9748 0.0770
Pedestrian -1 -1 -7.2099 689.8485 143.8840 717.2641 195.1938 1.7406 0.6779 0.6617 3.3763 0.4987 24.4589 -7.0725 0.0753
Cyclist -1 -1 -2.8272 304.7184 142.0438 349.1438 186.1695 1.8813 0.6755 1.6577 -12.0190 0.2419 30.5277 -3.1966 0.0749
Cyclist -1 -1 -3.0485 585.1887 145.6361 631.6407 192.5789 1.7867 0.7047 1.7387 0.1116 0.4600 27.3472 -3.0424 0.0741
Cyclist -1 -1 -2.9158 594.1318 146.0798 641.5060 192.8253 1.7467 0.6515 1.7024 0.4624 0.4608 26.9428 -2.8967 0.0741
Pedestrian -1 -1 -3.4533 618.0736 149.7243 638.1534 194.7098 1.6305 0.6045 0.5801 0.8159 0.5153 25.9970 -3.4203 0.0738
Pedestrian -1 -1 -7.5708 591.7877 148.8796 611.4772 191.5321 1.6445 0.6235 0.6125 -0.1576 0.4256 27.6419 -7.5743 0.0738
Pedestrian -1 -1 -5.5612 701.4597 151.4996 725.3033 198.6109 1.5560 0.5608 0.5609 3.6057 0.5984 23.7474 -5.4104 0.0733
Pedestrian -1 -1 -5.4043 358.2744 144.4455 387.9849 195.6557 1.7357 0.6507 0.7457 -8.0462 0.5140 24.4397 -5.7163 0.0733
Cyclist -1 -1 -4.8921 404.9740 145.6461 425.3500 186.6808 1.7357 0.5666 1.7010 -8.3032 0.2617 30.7981 -5.1506 0.0730
Cyclist -1 -1 -2.9023 242.6180 140.9543 284.8765 178.8436 1.7622 0.5982 1.7042 -16.1237 -0.0791 33.3918 -3.3461 0.0728
Cyclist -1 -1 -4.6556 510.5483 143.9139 528.2905 187.4213 1.8585 0.6714 1.7989 -3.7796 0.2959 31.1210 -4.7731 0.0712
Cyclist -1 -1 -8.0123 506.0078 147.3523 524.8087 186.5403 1.7172 0.5780 1.7280 -4.0746 0.2649 31.8937 -8.1360 0.0712
Cyclist -1 -1 -2.9436 477.5379 143.2092 509.6325 175.4788 1.8099 0.6005 1.7133 -6.3257 -0.2871 40.1011 -3.0967 0.0706
Cyclist -1 -1 -2.8314 540.2977 145.7529 583.5796 188.5411 1.7849 0.6743 1.7110 -1.8514 0.3356 30.0340 -2.8902 0.0701
Pedestrian -1 -1 -3.7819 751.0926 143.1360 781.5394 196.4106 1.7150 0.6088 0.7602 5.2546 0.5125 23.1941 -3.5600 0.0684
Cyclist -1 -1 -4.8712 394.3535 143.4489 414.1169 186.0841 1.8068 0.5667 1.7408 -8.8002 0.2369 30.8725 -5.1439 0.0676
Pedestrian -1 -1 -8.1855 532.3121 140.7539 548.2088 172.8760 1.8176 0.6909 0.7989 -3.7458 -0.4448 40.7536 -8.2742 0.0676
Pedestrian -1 -1 -5.2436 547.9007 143.8540 563.0035 174.5453 1.7445 0.6182 0.6653 -2.8728 -0.3474 40.8132 -5.3111 0.0669
Pedestrian -1 -1 -3.9672 621.5123 149.1983 644.4379 194.5574 1.6233 0.5728 0.6081 0.9866 0.5033 25.7206 -3.9273 0.0665
Pedestrian -1 -1 -8.1054 271.7109 142.8531 286.7751 176.9442 1.7575 0.6217 0.4560 -17.0175 -0.1873 36.9001 -8.5320 0.0661
Cyclist -1 -1 -4.4419 253.4644 138.1758 275.8174 175.6439 1.7334 0.5252 1.6862 -16.2838 -0.2381 33.8130 -4.8847 0.0659
Pedestrian -1 -1 -6.5782 553.0043 144.9164 573.9132 185.9617 1.7593 0.6886 0.7401 -1.8347 0.2343 30.7566 -6.6350 0.0647
Cyclist -1 -1 -4.8073 428.9127 144.4987 442.2108 177.0953 1.7769 0.5766 1.6242 -9.5058 -0.1947 39.5847 -5.0389 0.0640
Pedestrian -1 -1 -2.6231 304.9831 146.6093 328.5971 193.9929 1.6525 0.5715 0.5626 -10.2106 0.4708 24.9799 -3.0045 0.0639
Cyclist -1 -1 -7.5476 246.4607 140.7434 268.6280 177.8099 1.7113 0.4580 1.6678 -16.5324 -0.1310 33.6269 -7.9985 0.0638
Pedestrian -1 -1 -2.5433 607.1675 150.2492 630.3932 194.1734 1.6281 0.6232 0.6343 0.4904 0.5071 26.6448 -2.5231 0.0636
Cyclist -1 -1 -5.8752 529.6573 143.4342 560.6669 176.0921 1.7926 0.5899 1.6257 -3.3555 -0.2495 39.4950 -5.9571 0.0634
Pedestrian -1 -1 -6.5627 318.7001 142.5791 330.2246 179.6904 1.8379 0.5949 0.3890 -14.0596 -0.0408 35.3851 -6.9356 0.0626
Cyclist -1 -1 -8.0674 580.8655 144.7444 603.8114 186.3328 1.7357 0.6295 1.7571 -0.5829 0.2437 30.4368 -8.0842 0.0613
Pedestrian -1 -1 -8.0935 390.4127 144.0783 406.0545 177.8929 1.8037 0.6705 0.6851 -11.2022 -0.1426 38.2504 -8.3740 0.0613
Cyclist -1 -1 -4.4415 569.2303 141.5511 587.9018 172.9687 1.7579 0.6273 1.7727 -1.5319 -0.4460 40.9442 -4.4764 0.0608
Cyclist -1 -1 -2.8120 583.7425 144.3506 630.6246 190.3224 1.7940 0.6633 1.7488 0.0599 0.3835 28.1923 -2.8078 0.0606
Cyclist -1 -1 -4.6844 372.4020 142.5316 385.3314 175.3894 1.7429 0.6208 1.7228 -12.3842 -0.2862 38.7025 -4.9895 0.0605
Cyclist -1 -1 -4.5099 255.2535 140.7256 279.9160 183.1528 1.7514 0.6060 1.7225 -14.3721 0.1097 30.0961 -4.9491 0.0599
Pedestrian -1 -1 -6.8374 524.4575 147.5887 541.0908 177.5661 1.6654 0.6177 0.7144 -4.0823 -0.1671 39.8334 -6.9365 0.0598
Cyclist -1 -1 -2.6762 314.8777 144.0623 359.7537 187.1082 1.8161 0.7011 1.6598 -11.4765 0.2790 30.2680 -3.0330 0.0597
Pedestrian -1 -1 -7.1053 738.5839 141.0690 767.2416 193.9239 1.7441 0.6209 0.7186 4.9426 0.4432 23.7922 -6.9010 0.0590
Cyclist -1 -1 -7.7893 490.9502 147.8992 508.0447 188.0599 1.7222 0.6326 1.7314 -4.6702 0.3244 31.2082 -7.9342 0.0583
Cyclist -1 -1 -7.2115 261.7150 142.5130 290.9453 175.6017 1.6817 0.4675 1.6878 -17.2321 -0.2627 37.0694 -7.6411 0.0581
Cyclist -1 -1 -2.7744 623.4580 144.3562 675.0955 193.4787 1.7686 0.6481 1.7906 1.6023 0.4675 26.1236 -2.7117 0.0573
Cyclist -1 -1 -4.7006 499.6680 142.0668 511.2813 174.2522 1.7860 0.6349 1.6869 -5.6990 -0.3651 40.4515 -4.8372 0.0572
Cyclist -1 -1 -4.0093 340.3254 141.6462 388.8273 194.9648 1.7664 0.6244 1.7016 -8.2829 0.4795 24.3292 -4.3312 0.0569
Pedestrian -1 -1 -7.8363 256.5345 140.9996 273.7443 185.1991 1.8443 0.6446 0.4849 -14.3731 0.1963 29.8569 -8.2785 0.0567
Cyclist -1 -1 -2.8348 251.0134 141.7190 292.4283 178.8912 1.7617 0.6011 1.6972 -16.0122 -0.0780 33.9512 -3.2697 0.0565
Pedestrian -1 -1 -5.4550 520.0605 146.9517 536.9059 177.3215 1.7136 0.6441 0.7165 -4.3922 -0.1840 40.4740 -5.5601 0.0563
Pedestrian -1 -1 -6.9191 734.2979 145.8812 759.2753 198.6326 1.7185 0.6547 0.5248 4.6632 0.5910 23.4412 -6.7233 0.0561
Pedestrian -1 -1 -7.3055 688.4382 145.6465 713.4268 195.1128 1.7161 0.6466 0.6196 3.3567 0.5072 24.9730 -7.1715 0.0556
Cyclist -1 -1 -4.3484 72.3114 149.0518 112.7067 196.5228 1.7156 0.6690 1.6565 -19.1689 0.5793 26.4391 -4.9679 0.0546
Pedestrian -1 -1 -7.6647 65.4052 152.6579 91.6918 200.2605 1.6776 0.6545 0.5836 -18.8782 0.6966 25.3217 -8.2973 0.0544
Cyclist -1 -1 -2.7288 370.6205 143.6135 405.4341 177.7609 1.8521 0.6155 1.7267 -11.9232 -0.1519 38.8240 -3.0223 0.0539
Pedestrian -1 -1 -2.8065 264.5657 143.8955 278.7290 177.9489 1.7756 0.5388 0.5251 -17.5545 -0.1352 37.2050 -3.2418 0.0538
Cyclist -1 -1 -4.1524 244.8742 139.9770 274.5985 174.1159 1.7153 0.5642 1.7038 -17.9371 -0.3395 36.7329 -4.6010 0.0537
Pedestrian -1 -1 -6.8120 520.6375 151.6532 540.0900 188.7790 1.6659 0.6542 0.6378 -3.4207 0.3717 32.1781 -6.9148 0.0534
Cyclist -1 -1 -7.7287 246.7332 141.9351 268.2004 185.1861 1.7691 0.5944 1.7227 -14.6755 0.1919 29.8324 -8.1794 0.0530
Pedestrian -1 -1 -2.7229 269.8112 141.2904 284.9419 179.1982 1.7905 0.5618 0.4650 -15.6332 -0.0624 33.6996 -3.1514 0.0528
Cyclist -1 -1 -2.8863 603.8137 146.9922 653.0754 194.6787 1.7245 0.6699 1.7059 0.8385 0.5130 26.1330 -2.8525 0.0526
Cyclist -1 -1 -8.2334 543.5332 145.1837 570.7526 185.5803 1.7181 0.6035 1.6997 -2.1329 0.2163 30.9692 -8.2993 0.0521
Cyclist -1 -1 -4.5997 381.2397 143.4506 396.5741 176.7307 1.7644 0.5967 1.8080 -11.8144 -0.2109 38.6424 -4.8919 0.0518
Cyclist -1 -1 -8.0571 589.2952 146.3491 611.8608 189.6281 1.7315 0.5962 1.7200 -0.2218 0.3654 29.1905 -8.0625 0.0518
Pedestrian -1 -1 -6.0843 585.3891 150.9041 601.3723 191.7965 1.6385 0.5439 0.5509 -0.4958 0.4529 28.6488 -6.0994 0.0518
Cyclist -1 -1 -3.0522 536.0302 141.6215 565.8903 173.3064 1.8199 0.5849 1.6829 -3.1434 -0.4207 41.0557 -3.1259 0.0515
Cyclist -1 -1 -8.1627 593.8690 145.0409 622.0345 188.9696 1.7114 0.6336 1.7426 0.0765 0.3302 28.4720 -8.1579 0.0513
Cyclist -1 -1 -7.8335 416.7593 145.0816 431.6125 186.5385 1.7674 0.5921 1.7054 -7.9531 0.2576 31.0409 -8.0797 0.0508
Cyclist -1 -1 -7.6883 572.2571 142.5374 585.4272 172.2654 1.7102 0.5163 1.6414 -1.5564 -0.4988 41.9922 -7.7229 0.0508
Cyclist -1 -1 -2.7541 373.3762 144.5797 408.3847 177.3783 1.7948 0.6015 1.7593 -11.8643 -0.1744 39.1491 -3.0439 0.0505
Cyclist -1 -1 -2.5942 405.7522 145.2691 445.7984 186.2670 1.7908 0.5710 1.6731 -7.9843 0.2521 31.4067 -2.8386 0.0500
Car -1 -1 -7.9275 572.8595 144.8879 615.4308 184.5512 1.6624 1.6260 3.7187 -0.5618 0.1700 31.5587 -7.9430 0.1862
Car -1 -1 -5.7405 522.6044 145.3216 604.9485 174.5571 1.5339 1.6615 4.3710 -2.3369 -0.3472 39.5668 -5.7968 0.1590
Car -1 -1 -4.9759 470.0083 144.6452 515.1285 172.1537 1.4831 1.6627 3.8971 -6.6597 -0.5151 41.5240 -5.1315 0.1480
Car -1 -1 -4.7979 200.8867 147.6564 260.9255 192.5459 1.5416 1.6628 3.9909 -14.0570 0.4139 26.4116 -5.2798 0.1444
Car -1 -1 -4.7157 565.5095 142.1750 593.4315 169.3447 1.5133 1.6202 3.9354 -1.5662 -0.7102 43.0192 -4.7495 0.1367
Car -1 -1 -6.3747 370.2274 147.0074 448.5065 176.0043 1.5544 1.6076 4.1256 -11.0367 -0.2626 39.8353 -6.6407 0.1362
Car -1 -1 -6.7490 594.6652 147.1149 715.7532 187.4465 1.5382 1.7519 4.5985 2.0139 0.2652 28.6575 -6.6775 0.1243
Car -1 -1 -3.6905 0.0000 154.7056 133.4577 198.1756 1.4119 1.5511 3.9685 -19.2570 0.5744 25.0948 -4.3368 0.1203
Car -1 -1 -7.8325 325.0861 144.1720 364.2249 179.0993 1.4839 1.5754 3.7515 -11.8346 -0.0677 32.2311 -8.1790 0.1110
Car -1 -1 -3.0361 58.9269 146.3346 189.5438 187.2490 1.5521 1.6550 4.1982 -19.2670 0.2563 28.5264 -3.6228 0.1047
Car -1 -1 -5.8301 332.8690 150.2324 422.7958 180.3091 1.4446 1.5761 3.9555 -11.2471 -0.0096 35.0433 -6.1358 0.1046
Car -1 -1 -7.9568 432.5683 141.9193 467.2577 171.2850 1.6661 1.6850 4.1697 -9.6503 -0.5996 43.7681 -8.1700 0.0960
Car -1 -1 -3.1643 330.1494 147.7645 411.1831 177.5386 1.5080 1.6657 4.0018 -12.4395 -0.1632 37.5496 -3.4795 0.0868
Car -1 -1 -7.3834 90.0144 149.9732 202.2502 197.5616 1.4717 1.5996 3.7944 -15.3431 0.5279 23.8297 -7.9472 0.0845
Car -1 -1 -7.6079 523.1821 147.5065 579.5157 182.4545 1.5270 1.6702 4.0828 -2.4552 0.0856 33.0483 -7.6792 0.0769
Car -1 -1 -7.9560 263.9846 142.0644 308.0205 174.1814 1.4677 1.6150 4.0380 -15.9920 -0.3347 35.3110 -8.3756 0.0718
Car -1 -1 -2.4956 360.2081 149.8260 461.7959 184.0682 1.4926 1.6378 4.3938 -8.9166 0.1557 32.3995 -2.7594 0.0640
Car -1 -1 -7.9724 266.4583 144.7283 316.5338 180.3991 1.4826 1.6037 3.8740 -14.0252 -0.0046 31.4765 -8.3856 0.0565
Car -1 -1 -4.3754 590.5416 139.3805 640.1643 167.6164 1.4931 1.6149 4.2216 0.6598 -0.8011 41.7109 -4.3574 0.0534
Car -1 -1 -4.5484 338.3720 144.4621 378.8989 172.7396 1.4932 1.5681 3.8505 -14.0586 -0.4665 40.4792 -4.8779 0.0516
Car -1 -1 -5.9264 537.3485 147.0734 622.9109 176.0880 1.4527 1.6588 4.1956 -1.3210 -0.2417 37.2963 -5.9593 0.0507
