Cyclist -1 -1 -8.1766 920.0113 154.5531 1000.5903 283.3978 1.8700 0.5731 1.8068 5.4283 1.6041 11.4017 -7.7431 0.8844
Pedestrian -1 -1 -5.5640 1018.4847 150.9265 1071.9523 230.9462 1.9454 0.6322 0.9704 10.8538 1.4120 18.1012 -5.0315 0.1534
Pedestrian -1 -1 -3.2402 929.0447 159.8558 957.2087 225.3250 1.8895 0.6449 0.6875 9.7487 1.5140 21.2393 -2.8156 0.0822
Car -1 -1 -4.6220 355.2374 184.0673 383.9833 206.7821 1.6051 1.7179 4.2469 -18.4682 2.5022 55.4834 -4.9423 0.0764
Car -1 -1 -4.8658 741.3262 177.0737 773.8457 199.8482 1.5800 1.6936 4.2785 10.7701 1.9026 53.0397 -4.6670 0.0758
Car -1 -1 -4.7803 491.4759 182.0042 512.0484 199.4566 1.4970 1.5865 4.2273 -10.0199 2.3680 66.4711 -4.9297 0.0755
Car -1 -1 -5.3826 845.2587 169.3887 909.9583 196.5365 1.6365 1.6524 4.0809 16.8374 1.4273 45.6930 -5.0320 0.0743
Car -1 -1 -7.2774 1056.8107 159.0892 1142.4773 192.5641 1.4724 1.5910 3.5500 22.4624 0.8667 33.1653 -6.6863 0.0673
Cyclist -1 -1 -6.8127 922.2823 163.0490 998.3855 232.9895 1.7702 0.6225 1.6887 8.9897 1.5217 18.6453 -6.3702 0.0665
Car -1 -1 -6.5830 895.6397 161.4662 969.5558 187.2888 1.5968 1.6382 3.9602 20.3269 0.8923 45.6604 -6.1667 0.0648
Car -1 -1 -4.8753 40.1154 186.2700 79.0958 211.2059 1.6983 1.6768 3.9198 -40.6324 2.7236 53.2019 -5.5253 0.0615
Pedestrian -1 -1 -6.5896 1123.0303 156.6034 1155.2034 228.7834 1.7350 0.6026 0.4719 12.9229 1.3441 17.7035 -5.9673 0.0578
Pedestrian -1 -1 -9.1382 1185.2686 147.1484 1241.0000 271.1602 1.8570 0.6080 0.7307 9.4976 1.4718 11.2776 -8.4515 0.0570
Car -1 -1 -7.7613 1109.5740 159.0106 1140.6270 180.8264 1.6645 1.6511 3.9594 40.7509 0.6080 57.0918 -7.1439 0.0568
Pedestrian -1 -1 -5.1217 1006.7656 146.1417 1067.3534 269.0757 1.9357 0.6189 0.6883 6.8761 1.5148 11.7371 -4.6033 0.0562
Pedestrian -1 -1 -7.1705 858.9218 169.3347 876.2628 200.1851 1.8220 0.6705 0.7216 15.3454 1.6138 43.0875 -6.8309 0.0542
Pedestrian -1 -1 -6.6843 995.9421 163.2268 1043.4960 237.0352 1.7468 0.6002 0.8268 9.8279 1.5186 17.4180 -6.1783 0.0508
Pedestrian -1 -1 -7.8771 507.1500 176.1940 518.7767 207.4741 1.8746 0.6818 0.6851 -5.9170 2.0785 43.7166 -8.0113 0.0816
Cyclist -1 -1 -7.5241 533.8598 176.6720 549.3588 205.8716 1.6575 0.3896 1.6418 -4.0114 1.8840 42.0213 -7.6192 0.0776
Pedestrian -1 -1 -3.3042 684.4622 174.1000 696.4060 197.0658 1.8338 0.5264 0.8786 6.4292 1.9340 57.9317 -3.1947 0.0557
Cyclist -1 -1 -7.2847 527.2073 173.8524 551.1790 206.1972 1.8144 0.5205 1.7299 -4.0906 1.8727 41.4193 -7.3830 0.0555
Car -1 -1 -7.8674 585.2181 173.0977 628.8525 215.8908 1.7482 1.7855 4.5242 -0.2117 1.7594 31.7822 -7.8747 0.8804
Car -1 -1 -4.5776 406.5653 184.6040 437.9967 207.6564 1.5695 1.7289 3.9627 -13.8526 2.4710 53.3048 -4.8311 0.6655
Car -1 -1 -5.0151 490.2382 179.0632 542.2159 209.1789 1.6538 1.8155 4.4664 -5.6865 2.0444 43.0228 -5.1462 0.4565
Car -1 -1 -4.9898 632.5724 176.0114 663.4623 195.2386 1.5437 1.5635 3.9603 3.1371 1.8184 60.7276 -4.9389 0.1302
Car -1 -1 -4.7763 390.0594 183.3750 421.0439 209.6753 1.5937 1.7025 4.3388 -13.6472 2.3260 47.9142 -5.0528 0.1048
Car -1 -1 -3.9019 0.0000 201.2872 83.9799 232.7849 1.5990 1.6794 3.8093 -33.2380 3.3432 42.2609 -4.5655 0.0985
Car -1 -1 -4.8485 663.2005 176.1794 690.3074 195.2718 1.5347 1.6934 4.3754 5.5782 1.8258 60.9993 -4.7582 0.0886
Car -1 -1 -7.6280 510.3053 177.9362 548.8630 204.5545 1.6470 1.6575 4.0684 -5.2833 1.9967 47.5691 -7.7385 0.0826
Car -1 -1 -4.9583 586.0193 178.6542 631.4039 206.4156 1.5248 1.6767 4.3561 -0.1724 1.8881 42.9171 -4.9628 0.0536
