Pedestrian -1 -1 -4.7106 882.7840 153.0965 916.0388 235.9847 2.0365 0.7641 1.1130 7.3155 1.5507 18.3850 -4.3381 0.2132
Pedestrian -1 -1 -7.8110 9.7710 151.0487 40.1536 209.2080 1.7907 0.7125 0.6451 -18.4332 1.1190 22.6866 -8.4876 0.1036
Cyclist -1 -1 -7.1695 1169.3307 169.0856 1241.0000 258.3345 1.8091 0.6139 1.8748 12.7309 1.7324 15.1097 -6.4796 0.0895
Pedestrian -1 -1 -6.0186 939.8996 174.3502 957.5930 215.9962 1.8124 0.6821 0.5510 14.9207 1.8791 31.8701 -5.5848 0.0882
Pedestrian -1 -1 -4.1538 1118.5422 171.3613 1154.4397 240.7435 1.9001 0.5948 0.5788 14.6457 1.8589 20.1454 -3.5328 0.0805
Pedestrian -1 -1 -4.0630 999.4478 165.4810 1012.6021 190.3960 1.8662 0.4924 0.7915 29.8464 1.3137 54.4323 -3.5639 0.0685
Car -1 -1 -7.6876 0.0000 139.7666 58.2282 191.9121 1.6053 1.7030 3.7729 -19.9909 0.5864 24.2727 -8.3712 0.0597
Car -1 -1 -5.0957 1175.1188 189.7695 1241.0000 229.3281 1.5047 1.6185 4.1564 26.5661 2.2968 31.5745 -4.4014 0.0579
Pedestrian -1 -1 -3.3367 847.1819 158.3825 881.8667 228.6180 2.0057 0.6409 0.8388 7.3421 1.5921 20.9791 -3.0051 0.0550
Pedestrian -1 -1 -3.7724 1070.4858 173.0428 1081.4070 203.3069 1.9686 0.5441 0.3446 30.4571 1.9807 47.2188 -3.2028 0.0548
Pedestrian -1 -1 -7.9976 286.2996 164.7767 302.1105 199.9866 1.8904 0.7013 0.6536 -17.1968 1.4565 39.2020 -8.4087 0.0544
Cyclist -1 -1 -3.8527 718.1478 170.3762 750.2731 206.1793 1.8665 0.6632 1.6507 6.5622 1.7370 38.3264 -3.6850 0.0541
Cyclist -1 -1 -4.6801 58.0705 153.4482 75.8063 198.3159 1.6094 0.4686 1.5486 -20.0948 0.9130 26.6505 -5.3215 0.0522
Cyclist -1 -1 -7.4683 351.9756 177.7821 380.0971 223.3456 1.6346 0.4348 1.5612 -9.1092 1.8231 26.8499 -7.7928 0.2944
Pedestrian -1 -1 -7.9461 776.0037 160.8835 813.4724 254.4726 1.8504 0.6504 0.9424 3.7177 1.6134 14.7800 -7.7053 0.1928
Pedestrian -1 -1 -5.0772 61.8631 160.8848 98.1238 222.1660 1.8389 0.6988 0.6877 -16.3028 1.4794 22.1316 -5.7065 0.1653
Pedestrian -1 -1 -5.1144 333.2285 169.5786 366.9520 228.2191 1.8791 0.7152 0.9858 -8.5970 1.7739 23.7262 -5.4589 0.1482
Cyclist -1 -1 -7.7247 996.6078 179.6610 1007.6649 205.5729 1.7101 0.4566 1.6344 26.5123 2.1781 48.8351 -7.2303 0.1009
Pedestrian -1 -1 -8.0841 767.2844 176.9708 788.6965 221.8862 1.8372 0.7299 0.6631 6.9145 2.0095 29.9083 -7.8598 0.0941
Cyclist -1 -1 -2.9036 148.2619 165.1581 191.0691 200.9241 1.7629 0.6580 1.7236 -22.0771 1.3832 36.1381 -3.4489 0.0882
Cyclist -1 -1 -6.4346 362.5476 174.3358 400.8241 213.8589 1.7622 0.6214 1.5861 -10.4340 1.8307 32.8473 -6.7402 0.0809
Pedestrian -1 -1 -5.1618 827.8878 173.5491 849.3341 222.5195 2.0072 0.6428 0.6160 9.4374 2.0361 29.9368 -4.8600 0.0788
Cyclist -1 -1 -4.6336 363.9602 176.7040 379.6069 214.9562 1.7115 0.5712 1.4457 -10.9973 1.8925 33.2084 -4.9514 0.0782
Pedestrian -1 -1 -4.2590 0.0000 158.0019 30.4764 223.0931 1.8564 0.6656 0.6133 -17.4326 1.4325 20.9534 -4.9468 0.0744
Cyclist -1 -1 -8.1060 1115.6400 179.7492 1131.3799 207.2856 1.6555 0.4157 1.5355 31.6750 2.0887 44.5680 -7.4917 0.0721
Cyclist -1 -1 -4.1959 1058.5348 184.3168 1114.7899 241.8511 1.7628 0.7144 1.8091 15.2379 2.1416 23.1330 -3.6200 0.0719
Pedestrian -1 -1 -8.2658 773.6714 173.1646 795.6100 219.8316 1.9210 0.6587 0.7102 7.2407 1.9338 30.1144 -8.0328 0.0691
Cyclist -1 -1 -7.5972 61.0691 153.6606 85.2665 191.1171 1.6916 0.4955 1.6405 -24.9068 0.8245 33.4395 -8.2336 0.0600
Pedestrian -1 -1 -4.7444 737.9500 175.6167 753.4055 218.8802 1.7925 0.6175 0.5334 5.6400 1.9092 30.2437 -4.5625 0.0596
Cyclist -1 -1 -7.4224 997.2440 177.3205 1018.9783 204.9183 1.8186 0.6162 1.7352 26.7641 2.1236 48.5588 -6.9217 0.0565
Pedestrian -1 -1 -5.2324 111.5857 159.7656 129.9286 190.3841 1.7565 0.5988 0.7268 -28.3924 1.0053 41.8212 -5.8260 0.0548
Pedestrian -1 -1 -5.1621 362.6256 180.0231 377.6234 214.0609 1.5265 0.4720 0.5134 -10.9648 1.8561 32.8545 -5.4822 0.0540
Cyclist -1 -1 -3.9989 155.5494 166.3435 190.0536 200.9758 1.7000 0.5314 1.6507 -22.0026 1.3801 36.2767 -4.5410 0.0521
Car -1 -1 -6.8235 820.5538 182.7250 1176.3785 317.2092 1.4673 1.5755 3.6011 4.5964 1.6019 8.9368 -6.3627 0.9563
Car -1 -1 -2.5628 0.0000 185.8709 256.8506 304.1117 1.4959 1.6677 4.2680 -7.6311 1.6977 10.2699 -3.1897 0.9536
Car -1 -1 -8.0550 456.8365 176.3177 495.4587 203.8041 1.7267 1.7263 4.1967 -9.0115 1.9685 48.1669 -8.2394 0.9134
Car -1 -1 -2.7779 93.4297 171.9650 319.0171 259.3229 1.7173 1.6932 3.8138 -8.4310 1.6995 15.2769 -3.2752 0.9019
Car -1 -1 -2.6201 1.6979 175.7058 272.6005 275.8689 1.6505 1.6107 3.7293 -8.2932 1.7044 12.8255 -3.1849 0.8613
Car -1 -1 -6.6523 759.8275 183.5729 1033.2201 284.6021 1.4417 1.4995 3.6623 4.2715 1.6199 11.2399 -6.2988 0.8132
Car -1 -1 -8.5670 1030.2898 182.1551 1101.6261 208.4104 1.4875 1.6802 3.6900 27.8219 2.0824 44.2153 -8.0088 0.6784
Car -1 -1 -8.0124 354.7604 176.1734 393.2874 205.6935 1.5685 1.5119 3.6344 -13.3954 1.7647 40.7408 -8.3284 0.4998
Car -1 -1 -7.7721 1140.9077 187.5072 1198.6478 228.6554 1.4166 1.4982 3.6837 21.7429 2.0237 28.0395 -7.1181 0.4960
Car -1 -1 -5.9117 173.9298 174.3361 353.3503 248.2018 1.7232 1.5926 3.6588 -8.4757 1.7613 17.7876 -6.3510 0.3588
Car -1 -1 -4.7115 1105.9971 179.3452 1131.2535 201.0849 1.6506 1.6159 3.9734 40.9306 2.1920 58.1232 -4.1007 0.1727
Car -1 -1 -4.3733 91.3894 173.2544 144.1635 198.1425 1.6212 1.6767 4.1781 -33.5868 1.6495 49.3067 -4.9689 0.1685
Car -1 -1 -5.3681 1075.6531 180.4546 1147.1312 207.3170 1.5857 1.6472 3.9400 31.6565 2.0884 45.7421 -4.7662 0.1448
Car -1 -1 -7.5341 24.7934 155.9645 97.5799 191.1812 1.5689 1.6450 3.7195 -25.9286 0.8162 34.1689 -8.1796 0.1447
Car -1 -1 -1.9297 66.5092 159.7095 132.8292 189.2907 1.6717 1.7187 4.5750 -30.3156 0.9286 42.7736 -2.5434 0.1414
Car -1 -1 -7.9615 147.0300 170.4034 190.8162 201.5355 1.5299 1.5518 3.7155 -22.9354 1.4092 37.4049 -8.5085 0.1151
Car -1 -1 -7.9254 353.0570 177.9780 384.5470 203.8786 1.5141 1.5835 4.0857 -15.1911 1.8506 45.2370 -8.2479 0.0996
Car -1 -1 -5.0465 491.0983 175.7548 536.3334 203.9836 1.7895 1.7427 4.1408 -6.5424 1.9930 48.4420 -5.1804 0.0906
Car -1 -1 -2.7164 241.0556 180.1721 370.9766 220.9112 1.4453 1.5978 4.1547 -11.2574 1.7252 26.7690 -3.1113 0.0853
Car -1 -1 -4.2204 296.3608 178.8264 379.3967 220.7324 1.5585 1.5749 3.7326 -11.0120 1.8173 29.3472 -4.5768 0.0794
Car -1 -1 -7.9831 325.8195 177.9072 373.3569 212.8852 1.5162 1.6059 4.0019 -12.3747 1.7694 34.0439 -8.3295 0.0769
Car -1 -1 -8.0407 1047.3658 186.0639 1127.6549 231.5208 1.4269 1.6323 4.2538 17.1993 1.9489 26.2500 -7.4664 0.0707
Car -1 -1 -7.9924 972.4448 179.7253 1006.4434 203.4736 1.5405 1.5684 3.7343 26.2128 2.0356 49.9961 -7.5124 0.0707
Car -1 -1 -6.9109 1050.8602 188.7502 1223.3910 242.6231 1.6014 1.7071 4.2222 16.5315 2.1233 22.8315 -6.2910 0.0610
Car -1 -1 -5.3876 106.7852 163.9705 180.9095 190.2472 1.5664 1.6453 4.0881 -28.7404 1.0365 44.4421 -5.9591 0.0536
Car -1 -1 -2.9214 231.1553 174.6216 369.2880 227.4457 1.6571 1.6896 3.9259 -10.1932 1.7182 23.8947 -3.3210 0.0524
Car -1 -1 -4.7470 1135.9730 177.4189 1165.3473 200.3577 1.6643 1.6420 4.2616 41.4790 2.0289 55.4538 -4.1077 0.0517
