Pedestrian -1 -1 -3.6856 756.6322 170.3889 862.0641 325.1855 1.6315 0.6449 0.9277 2.2551 1.5151 8.0106 -3.4255 0.7888
Pedestrian -1 -1 -7.9006 372.9395 150.2352 399.0491 224.2953 2.0478 0.6655 0.8912 -6.1543 1.1838 20.3939 -8.1953 0.0938
Car -1 -1 -6.1991 14.9794 186.3877 247.1206 268.3481 1.4598 1.5522 3.7656 -9.3348 1.5700 14.5434 -6.7670 0.0819
Pedestrian -1 -1 -8.8658 956.9185 155.7690 979.2631 206.5535 1.7414 0.5887 0.4511 12.7231 0.8595 24.9777 -8.4039 0.0777
Cyclist -1 -1 -5.2522 697.2810 146.4688 738.0760 203.3258 1.8453 0.5460 1.7059 3.8711 0.7088 24.2071 -5.1002 0.0612
Pedestrian -1 -1 -8.8227 823.5922 158.0271 853.1394 214.3658 1.7781 0.6466 0.6536 7.5986 1.0377 23.1273 -8.5137 0.0593
Pedestrian -1 -1 -8.6945 806.3659 162.8534 835.3558 217.9272 1.7141 0.5987 0.6444 6.9301 1.1342 22.7890 -8.4076 0.0581
Pedestrian -1 -1 -5.3308 692.8930 154.3625 727.2360 219.3753 1.8956 0.6435 0.8402 3.2100 1.1048 21.4652 -5.1893 0.0559
Pedestrian -1 -1 -5.8595 452.0124 181.8442 576.7892 373.0000 1.6009 0.5591 0.8734 -0.7608 1.6047 5.9403 -5.9881 0.5468
Pedestrian -1 -1 -3.7430 1005.4391 141.4377 1120.6549 304.4333 1.8158 0.5442 0.9883 5.2654 1.3702 8.3017 -3.1974 0.3436
Pedestrian -1 -1 -4.3621 302.2522 148.5752 325.9397 204.2030 1.9048 0.6334 0.4868 -9.9619 0.7778 24.8504 -4.7447 0.1977
Pedestrian -1 -1 -6.8757 1021.1652 127.2253 1237.0000 373.0000 1.7929 0.6505 0.8482 2.9982 1.5030 4.1744 -6.2879 0.1963
Cyclist -1 -1 -6.9858 1108.5752 141.9572 1169.0900 192.4434 1.8691 0.6712 1.8259 20.1598 0.4055 26.9930 -6.3539 0.1566
Pedestrian -1 -1 -3.0452 1186.3923 170.6664 1237.0000 362.0913 1.5186 0.5299 0.5181 5.2558 1.4334 6.0693 -2.3581 0.1445
Pedestrian -1 -1 -6.2749 345.1447 165.5719 369.2188 232.0190 1.8119 0.6242 0.6249 -6.8244 1.3781 19.9827 -6.6052 0.1442
Pedestrian -1 -1 -4.7850 910.4256 158.3674 935.4033 222.7584 1.7489 0.5675 0.8009 8.9017 1.1211 19.9824 -4.3759 0.1310
Cyclist -1 -1 -1.9910 119.9632 158.4633 160.8319 207.0935 1.7436 0.6036 1.7527 -17.0300 0.9180 26.4876 -2.5628 0.1307
Pedestrian -1 -1 -4.7287 285.4262 148.1809 304.5738 203.6100 1.8765 0.5936 0.7243 -10.5957 0.7489 24.7708 -5.1340 0.1291
Pedestrian -1 -1 -3.6296 1164.3351 127.0154 1237.0000 267.4066 1.9483 0.6235 0.5956 8.5667 1.1928 10.3302 -2.9549 0.1258
Cyclist -1 -1 -8.1174 847.4188 169.1924 886.7302 228.8974 1.5170 0.5231 1.7520 7.0213 1.2048 19.1452 -7.7755 0.1229
Cyclist -1 -1 -7.0785 899.8738 161.9830 966.0335 224.1867 1.6749 0.5874 1.7978 9.1741 1.1499 19.9444 -6.6575 0.1207
Cyclist -1 -1 -3.3781 819.6921 167.3263 895.9005 227.4042 1.5538 0.7210 1.7765 6.7305 1.1878 19.0210 -3.0475 0.1186
Pedestrian -1 -1 -8.4886 1083.9569 117.8532 1237.0000 373.0000 1.7440 0.6412 0.6500 2.9405 1.4494 3.6593 -7.8517 0.1172
Pedestrian -1 -1 -4.6309 228.1593 156.0774 252.4453 210.8939 1.8108 0.6822 0.6311 -12.1607 0.9714 24.1499 -5.0980 0.1046
Pedestrian -1 -1 -4.1018 1097.7617 104.0573 1237.0000 373.0000 1.8300 0.6444 0.6393 3.3848 1.4230 4.1877 -3.4578 0.1017
Cyclist -1 -1 -2.3679 301.4768 165.7356 377.7858 239.8281 1.7934 0.7158 1.8214 -6.6299 1.4124 18.0865 -2.7199 0.1001
Pedestrian -1 -1 -4.9448 268.2039 150.5840 292.5283 206.2167 1.8635 0.6216 0.6590 -10.9833 0.8283 24.5118 -5.3671 0.0968
Pedestrian -1 -1 -5.5949 1106.2488 212.7654 1237.0000 373.0000 1.4177 0.4662 0.4103 2.1576 1.5435 2.6177 -4.9592 0.0963
Pedestrian -1 -1 -3.6081 868.0170 172.1445 897.2520 231.3524 1.4817 0.5370 0.5007 7.1116 1.2481 18.2697 -3.2469 0.0952
Pedestrian -1 -1 -4.6522 244.3352 155.7552 265.7233 208.5938 1.7541 0.6174 0.5897 -11.7085 0.8998 24.2365 -5.1029 0.0950
Cyclist -1 -1 -8.3056 829.2246 161.6274 878.3752 229.2548 1.7302 0.5452 1.6823 6.7005 1.2223 19.2468 -7.9800 0.0907
Pedestrian -1 -1 -5.2098 1054.2854 128.6218 1147.8390 287.4687 1.8443 0.5637 0.9076 6.0519 1.2310 8.8163 -4.6273 0.0836
Pedestrian -1 -1 -6.8497 1033.0166 127.4291 1233.6810 373.0000 1.7029 0.5325 0.7034 2.8165 1.4283 3.9310 -6.2647 0.0817
Pedestrian -1 -1 -5.7727 171.6001 157.9394 197.6108 213.8290 1.8058 0.5699 0.5254 -13.6580 1.0450 23.4984 -6.2994 0.0803
Pedestrian -1 -1 -5.1850 1130.9946 143.0572 1161.6816 193.4942 1.8780 0.6783 0.6940 20.5604 0.4470 27.1451 -4.5463 0.0798
Pedestrian -1 -1 -3.0341 256.9136 164.7946 276.5765 211.5885 1.7840 0.6662 0.6242 -12.9698 1.1475 27.8028 -3.4720 0.0793
Pedestrian -1 -1 -2.3755 467.0819 189.0309 546.1685 341.2900 1.5009 0.4981 0.6579 -1.0424 1.5845 7.5147 -2.5150 0.0759
Pedestrian -1 -1 -7.9375 278.0969 168.5861 298.3923 214.0336 1.7513 0.6807 0.5739 -12.2718 1.2540 28.0954 -8.3510 0.0738
Pedestrian -1 -1 -8.7880 923.5604 162.5646 960.6717 225.5682 1.7101 0.5870 0.7247 9.4275 1.1967 19.9572 -8.3569 0.0726
Pedestrian -1 -1 -7.8396 83.7726 155.1721 108.5397 214.0672 1.8072 0.6262 0.5123 -15.8001 0.9998 22.4303 -8.4527 0.0714
Pedestrian -1 -1 -8.3617 790.0792 160.3812 823.2124 229.0947 1.7566 0.5722 0.6744 5.3183 1.2172 18.7589 -8.0943 0.0707
Cyclist -1 -1 -4.6633 473.1042 178.9677 530.9464 350.6671 1.5987 0.5285 1.7283 -1.0633 1.5758 7.5731 -4.8044 0.0701
Pedestrian -1 -1 -5.5858 1010.4796 103.7147 1237.0000 373.0000 1.8365 0.7111 0.7685 2.5282 1.5110 3.4813 -4.9985 0.0699
Pedestrian -1 -1 -4.0741 317.3052 167.9151 358.2737 238.1905 1.7492 0.6786 0.7340 -6.7545 1.4116 18.3273 -4.4279 0.0692
Pedestrian -1 -1 -5.1821 857.9636 166.7014 889.6248 228.6758 1.6288 0.5159 0.7258 7.2651 1.2404 19.2699 -4.8312 0.0681
Cyclist -1 -1 -8.3055 1034.8062 97.9502 1237.0000 373.0000 1.8727 0.3447 1.5856 3.0372 1.4774 4.2139 -7.7158 0.0659
Cyclist -1 -1 -3.1344 813.6055 165.7215 883.0210 227.7231 1.6345 0.7462 1.7556 6.6774 1.2191 19.5724 -2.8149 0.0651
Pedestrian -1 -1 -8.0358 574.9874 157.8758 602.5049 225.1757 1.8347 0.6258 0.8103 -0.3932 1.1912 20.0437 -8.0604 0.0646
Cyclist -1 -1 -2.8391 270.3639 145.0315 332.2505 200.2728 1.8832 0.6049 1.8841 -10.4036 0.6404 24.8789 -3.2363 0.0629
Pedestrian -1 -1 -3.2449 964.8951 164.9237 990.1603 229.1836 1.6286 0.6562 0.5061 9.6976 1.2090 18.6023 -2.7753 0.0629
Pedestrian -1 -1 -6.9269 836.8843 165.1990 871.1819 228.6895 1.6471 0.5629 0.6464 6.6441 1.2247 19.0033 -6.6001 0.0612
Cyclist -1 -1 -8.5133 1092.3020 94.7725 1237.0000 373.0000 1.7643 0.5990 1.6978 2.1287 1.6289 2.0004 -7.7659 0.0611
Pedestrian -1 -1 -3.7271 1192.8188 132.0006 1237.0000 273.0838 1.9011 0.6061 0.6374 8.7595 1.2347 10.0169 -3.0267 0.0610
Pedestrian -1 -1 -7.9907 233.5098 168.0403 252.5113 213.6217 1.7338 0.5860 0.5463 -13.8513 1.2222 27.7151 -8.4554 0.0595
Cyclist -1 -1 -5.0950 110.4318 156.8614 150.5742 207.8325 1.8049 0.6186 1.7347 -17.1971 0.9328 26.1850 -5.6765 0.0585
Pedestrian -1 -1 -3.3568 588.5724 156.5464 617.8080 232.8564 1.8753 0.5177 0.6323 0.0044 1.2626 17.9749 -3.3618 0.0584
Pedestrian -1 -1 -7.8074 108.0134 160.7570 133.3400 218.9660 1.8096 0.6482 0.3735 -15.1884 1.1652 22.6595 -8.3976 0.0583
Pedestrian -1 -1 -5.1977 813.7243 156.2556 849.9694 227.9642 1.8407 0.5728 0.8477 6.0215 1.1932 18.9085 -4.8985 0.0583
Pedestrian -1 -1 -7.9518 319.1095 159.4589 336.6611 206.1117 1.8349 0.6016 0.5479 -10.9252 0.9684 28.6327 -8.3182 0.0582
Pedestrian -1 -1 -7.3199 1070.9526 115.6741 1237.0000 373.0000 1.8124 0.7341 0.5516 2.4425 1.5804 2.9864 -6.6822 0.0574
Cyclist -1 -1 -6.8935 1090.9127 144.8512 1149.9299 192.8897 1.8008 0.6548 1.7625 19.6592 0.4273 27.2602 -6.2781 0.0573
Pedestrian -1 -1 -5.6431 1186.2092 137.2223 1237.0000 373.0000 1.6868 0.7272 0.5060 2.4165 1.5615 2.3637 -4.9064 0.0558
Pedestrian -1 -1 -8.1240 561.8986 158.3792 592.0054 225.3162 1.8147 0.6456 0.7818 -0.7184 1.1884 19.9453 -8.1648 0.0542
Cyclist -1 -1 -8.7715 1157.3618 9.4951 1237.0000 373.0000 1.7976 0.5764 1.7072 2.4445 1.5432 1.9411 -7.9413 0.0539
Pedestrian -1 -1 -5.8607 1031.2991 126.8962 1237.0000 373.0000 1.7056 0.6741 0.5374 2.1286 1.5177 2.8895 -5.2738 0.0535
Pedestrian -1 -1 -7.1407 825.7074 165.1516 857.0043 225.2603 1.6361 0.5903 0.5786 6.6296 1.1916 19.9544 -6.8290 0.0533
Pedestrian -1 -1 -8.1325 300.3198 167.3038 319.4693 211.9859 1.7399 0.5952 0.4619 -11.5215 1.1875 28.3373 -8.5205 0.0531
Pedestrian -1 -1 -8.7160 1107.4360 147.2209 1136.3353 195.7847 1.8074 0.6378 0.6171 19.6158 0.5320 27.1112 -8.0991 0.0519
Car -1 -1 -5.8216 0.0000 176.6320 236.3766 312.1235 1.7321 1.7272 4.4806 -8.0388 1.6705 10.4496 -6.4709 0.7879
Car -1 -1 -8.1853 513.4359 157.7755 608.0853 223.0984 1.7713 1.6866 3.6925 -1.3390 1.1285 21.5069 -8.2519 0.3881
Car -1 -1 -7.2960 323.1483 163.6824 451.1772 235.3421 1.7881 1.6374 3.8154 -5.8489 1.3440 19.9815 -7.5825 0.1992
Car -1 -1 -6.0538 1192.8601 149.1744 1237.0000 373.0000 1.4963 1.5402 3.0251 6.3303 1.3444 5.0889 -5.1904 0.1278
Car -1 -1 -6.4040 334.2897 158.1817 424.6660 196.2505 1.5026 1.5121 3.4149 -9.2082 0.5825 29.7434 -6.7066 0.1266
Car -1 -1 -6.9488 1042.2543 148.3087 1172.5565 190.9719 1.5872 1.6636 3.9270 19.4101 0.3528 27.6785 -6.3466 0.1225
Car -1 -1 -7.7312 223.9850 160.1764 287.3339 207.3690 1.5528 1.6237 3.4121 -12.2224 0.8516 25.5118 -8.1790 0.0907
Car -1 -1 -5.2382 690.4984 154.3113 788.1578 206.8260 1.6231 1.5787 3.6495 4.5180 0.7832 24.1872 -5.0605 0.0901
Car -1 -1 -3.0624 26.6753 179.3850 215.1746 235.0991 1.4232 1.5691 4.2438 -13.2369 1.3697 20.0604 -3.6449 0.0663
Car -1 -1 -4.6548 122.8227 163.5072 178.4291 206.2927 1.5115 1.5934 3.4807 -17.0719 0.8762 27.2853 -5.2145 0.0527
