Cyclist -1 -1 -4.9457 926.7236 183.6257 965.3825 256.9147 1.7732 0.5156 1.6622 8.5778 2.0631 18.5762 -4.5201 0.1804
Pedestrian -1 -1 -3.7848 1164.8535 178.3106 1194.8602 226.3187 1.8966 0.7086 0.6477 22.8103 2.1180 28.9476 -3.1230 0.1435
Pedestrian -1 -1 -8.1684 825.0161 171.1443 837.2281 193.4284 1.7526 0.7035 0.8221 17.4880 1.6178 57.1648 -7.8733 0.0992
Car -1 -1 -4.2050 352.5977 184.8221 390.1541 202.0599 1.5361 1.6433 4.1092 -22.9523 2.7245 69.4887 -4.5232 0.0902
Pedestrian -1 -1 -3.3587 720.6359 180.6778 732.1496 209.0967 1.9192 0.6440 0.6510 7.9111 2.4567 49.2560 -3.2010 0.0893
Car -1 -1 -4.6108 854.0534 177.5683 877.7086 196.2381 1.6318 1.6392 4.2677 23.5863 2.0809 66.4969 -4.2717 0.0784
Cyclist -1 -1 -7.7741 1210.8442 169.2820 1241.0000 240.2995 1.8757 0.7140 1.9244 17.1689 1.7810 19.9912 -7.0723 0.0732
Car -1 -1 -4.4439 302.8190 182.3347 347.4699 210.1783 1.7281 1.7170 4.2629 -19.1107 2.3941 48.4982 -4.8178 0.0717
Pedestrian -1 -1 -3.1538 1077.5643 184.9752 1098.6969 237.2659 1.7549 0.5167 0.5941 16.3594 2.1770 24.7669 -2.5762 0.0691
Car -1 -1 -4.2353 445.1317 183.7856 494.0802 209.9098 1.5124 1.5326 3.6100 -8.8068 2.2286 45.3486 -4.4265 0.0613
Pedestrian -1 -1 -4.9708 677.7115 174.7629 692.2731 211.3657 1.9231 0.6165 0.6723 3.9421 2.0252 38.3294 -4.8697 0.0603
Cyclist -1 -1 -8.6470 907.1627 182.1279 946.8699 224.1325 1.7931 0.5532 1.7175 14.0412 2.2169 32.0984 -8.2387 0.0587
Pedestrian -1 -1 -6.9588 1197.2400 195.5632 1223.5815 238.1464 1.7295 0.6143 0.5833 24.8697 2.6815 29.9465 -6.2713 0.0571
Car -1 -1 -4.3495 362.3974 182.2162 411.1833 208.7570 1.6065 1.6840 4.1636 -14.6004 2.2477 47.3103 -4.6477 0.0563
Pedestrian -1 -1 -2.7625 880.1244 174.7476 898.3647 221.0004 1.9306 0.6652 0.5133 11.7886 2.0117 30.5706 -2.3983 0.0562
Car -1 -1 -4.7741 482.0291 183.2780 502.6903 201.8761 1.6690 1.6995 4.3311 -11.3998 2.7079 69.6306 -4.9362 0.0547
Pedestrian -1 -1 -7.3850 1217.6981 169.3753 1241.0000 268.8385 1.9948 0.6151 0.5342 12.9780 1.9248 14.8577 -6.6776 0.0541
Pedestrian -1 -1 -4.4947 660.9324 175.9194 674.2729 207.4061 1.8345 0.6376 0.7578 3.3658 2.0170 42.5825 -4.4169 0.0533
Car -1 -1 -4.8830 424.8950 182.3594 457.4277 203.9410 1.5276 1.7270 4.2838 -13.0323 2.2878 55.4154 -5.1133 0.0520
Pedestrian -1 -1 -4.6693 48.6620 183.5369 70.9297 229.8112 1.8664 0.6946 0.8802 -22.8507 2.3174 29.9201 -5.3174 0.3747
Pedestrian -1 -1 -7.5129 365.1341 186.2826 393.6217 239.0613 1.5884 0.6586 0.6419 -7.1432 2.0078 22.2157 -7.8211 0.3612
Cyclist -1 -1 -5.2349 632.7104 177.9356 664.6241 222.8293 1.7460 0.5773 1.5626 1.5013 1.9563 29.0766 -5.1846 0.3329
Pedestrian -1 -1 -5.6900 176.8911 180.8690 197.4159 214.4590 1.8888 0.7197 0.7324 -24.1403 2.3497 41.1375 -6.2181 0.3253
Pedestrian -1 -1 -4.0058 929.5403 191.3413 949.4605 228.5571 1.5865 0.5727 0.5480 14.3440 2.4032 31.5087 -3.5829 0.2193
Cyclist -1 -1 -3.1829 638.9841 177.4289 676.6046 222.4771 1.7850 0.5530 1.4822 1.8650 1.9700 28.9418 -3.1199 0.2146
Cyclist -1 -1 -4.1732 364.1056 182.6762 409.1027 240.4932 1.6978 0.5865 1.6085 -6.9394 2.0130 22.3282 -4.4718 0.1548
Pedestrian -1 -1 -5.3592 130.5540 179.5590 153.4432 213.0123 1.8167 0.7629 0.7513 -25.8922 2.1914 39.8664 -5.9323 0.1263
Cyclist -1 -1 -7.6126 1052.0819 191.1109 1088.7882 251.8494 1.7022 0.5063 1.8706 13.7175 2.2684 21.5544 -7.0529 0.1178
Cyclist -1 -1 -5.7839 626.7269 178.4873 669.1173 223.9283 1.7559 0.5955 1.5932 1.4599 1.9850 28.7165 -5.7344 0.1127
Pedestrian -1 -1 -4.0966 647.5005 185.4556 664.6157 220.9335 1.3866 0.4679 0.5199 1.7944 1.8954 28.7983 -4.0358 0.1032
Cyclist -1 -1 -4.8012 652.9668 178.2951 670.0176 223.0562 1.7390 0.5523 1.4236 2.0113 1.9623 28.9245 -4.7333 0.1019
Cyclist -1 -1 -4.4113 56.7118 183.9092 86.9649 227.8274 1.7884 0.5753 1.6100 -22.8981 2.2710 30.6664 -5.0487 0.0960
Pedestrian -1 -1 -5.3514 1015.9321 201.7849 1047.0205 257.7274 1.5661 0.5209 0.5976 12.1332 2.4155 20.8656 -4.8318 0.0899
Pedestrian -1 -1 -7.7830 87.4487 180.5851 107.5254 225.7112 1.9362 0.6789 0.5093 -22.4023 2.2774 31.4862 -8.3976 0.0854
Cyclist -1 -1 -6.2061 360.4623 179.7442 416.6330 237.9709 1.7599 0.6300 1.6237 -6.9069 1.9782 22.4074 -6.5023 0.0805
Cyclist -1 -1 -7.4057 137.7664 179.1998 160.7369 212.0914 1.7882 0.3818 1.7037 -25.8414 2.1511 40.4308 -7.9717 0.0798
Cyclist -1 -1 -8.6971 909.3472 185.6134 950.5049 226.9928 1.7447 0.5986 1.6857 14.0667 2.3236 31.8625 -8.2855 0.0787
Pedestrian -1 -1 -8.0034 75.9617 179.3474 100.0853 226.1981 1.9873 0.7536 0.6937 -22.6563 2.2729 31.2590 -8.6267 0.0778
Cyclist -1 -1 -5.2337 28.3979 183.1220 71.9578 229.4241 1.8455 0.6422 1.7305 -23.0620 2.2763 29.6658 -5.8903 0.0744
Cyclist -1 -1 -3.7340 923.6999 187.1495 966.2503 228.7109 1.7786 0.6042 1.6336 14.6249 2.4130 31.6048 -3.3050 0.0629
Cyclist -1 -1 -7.8949 932.7599 185.5428 947.0267 227.3304 1.7755 0.4981 1.6776 14.6061 2.3543 32.0582 -7.4716 0.0611
Cyclist -1 -1 -7.2885 1017.9907 194.6410 1074.4471 258.8390 1.7436 0.5784 1.6908 12.4535 2.3869 20.6728 -6.7536 0.0564
Cyclist -1 -1 -4.5092 54.8554 183.3156 82.4722 228.9092 1.8085 0.5832 1.6853 -22.4701 2.2548 29.9142 -5.1493 0.0563
Cyclist -1 -1 -7.8835 178.0461 184.1060 186.9500 214.8444 1.6991 0.3927 1.6176 -24.4811 2.3544 41.2508 -8.4165 0.0540
Cyclist -1 -1 -5.3398 45.2598 181.3393 89.9599 226.7921 1.8694 0.6103 1.7308 -22.9161 2.2333 30.4285 -5.9812 0.0528
Cyclist -1 -1 -5.9894 360.2942 180.7067 420.8211 240.0465 1.7751 0.6632 1.6446 -6.7270 2.0179 22.0043 -6.2833 0.0523
Car -1 -1 -7.8632 550.0181 184.3262 596.3242 227.1686 1.4592 1.6360 3.2471 -1.4496 1.9171 27.1430 -7.9168 0.9419
Car -1 -1 -7.7975 497.2247 182.5729 531.1840 213.1211 1.5148 1.6124 3.5231 -5.1406 2.0609 38.7516 -7.9291 0.8487
Car -1 -1 -4.0068 915.8628 193.1701 994.3472 225.2152 1.6058 1.5470 4.2084 18.9665 2.7679 39.7158 -3.5649 0.7824
Car -1 -1 -3.8019 799.5392 191.5949 874.4600 223.6393 1.5166 1.5176 3.4682 11.6004 2.5121 37.0151 -3.5012 0.7144
Car -1 -1 -7.3095 0.0000 191.8131 116.0492 243.3051 1.4855 1.8203 4.8623 -19.6431 2.2132 25.1883 -7.9669 0.3934
Car -1 -1 -4.8851 942.0433 178.1481 973.9473 201.2067 1.7899 1.6635 4.0979 28.4850 2.2402 59.2158 -4.4392 0.2348
Car -1 -1 -7.9676 345.0455 184.8084 412.8779 240.1749 1.5916 1.6777 4.1053 -7.7766 2.0242 23.9144 -8.2793 0.2337
Car -1 -1 -4.5034 0.0000 205.9302 53.1172 243.3779 1.5473 1.5352 3.9802 -29.0000 3.2800 35.6830 -5.1824 0.1692
Car -1 -1 -7.8875 736.4095 168.2558 757.0562 192.7747 2.1520 1.6931 4.1475 12.3600 1.7481 65.5052 -7.7021 0.1009
Car -1 -1 -3.8653 0.0000 202.1833 86.4033 232.7449 1.5484 1.5888 4.2451 -33.8693 3.3897 43.0734 -4.5288 0.0936
Car -1 -1 -5.5529 924.6630 192.0016 1020.3162 232.6610 1.5248 1.7051 3.3408 15.2912 2.3884 30.6861 -5.0952 0.0924
Car -1 -1 -4.7609 610.3609 182.9919 640.8119 211.1439 1.5410 1.6065 4.1427 0.8520 2.1757 43.0983 -4.7419 0.0896
Car -1 -1 -4.2719 141.0725 188.5418 223.4130 224.1763 1.5111 1.6972 4.3912 -20.5735 2.3178 34.8521 -4.8021 0.0854
Car -1 -1 -4.3259 111.6917 185.2958 173.1303 216.1639 1.5939 1.6060 3.7812 -26.4437 2.3331 40.8797 -4.8973 0.0802
Car -1 -1 -4.3310 223.5832 190.4225 340.8171 253.2676 1.4732 1.5951 3.9029 -8.9750 2.0080 19.9993 -4.7483 0.0780
Car -1 -1 -4.5789 737.8943 188.7734 767.4028 211.0242 1.5188 1.6695 4.0898 10.8017 2.7720 54.6097 -4.3853 0.0776
Car -1 -1 -4.3748 636.9615 185.4239 669.2360 204.7206 1.6287 1.6875 4.1025 3.9558 2.8169 66.0061 -4.3157 0.0708
Car -1 -1 -4.3459 207.5480 184.8235 272.9981 214.3600 1.5195 1.7806 4.6791 -21.1912 2.2477 41.4978 -4.8158 0.0549
