Pedestrian -1 -1 -4.7592 564.0415 152.8267 613.3427 295.2812 1.7905 0.6066 0.8656 -0.2823 1.4431 9.3411 -4.7866 0.7578
Pedestrian -1 -1 -1.9568 30.2369 164.5409 79.8411 252.5463 1.7408 0.5613 0.7539 -11.2599 1.4255 14.4193 -2.6073 0.1116
Pedestrian -1 -1 -5.2681 980.4058 207.5483 1084.6689 369.0000 1.2935 0.4175 0.5883 3.1553 1.5102 5.3483 -4.7586 0.1028
Pedestrian -1 -1 -2.0595 89.1326 172.1099 140.0240 262.3891 1.6354 0.5281 0.6782 -9.2007 1.4838 13.2002 -2.6552 0.0779
Car -1 -1 -4.6312 0.0000 166.3804 54.6247 203.3291 1.5611 1.6289 4.2936 -26.2173 0.9647 32.1061 -5.3093 0.0658
Pedestrian -1 -1 -4.3948 374.4711 199.2554 410.2959 274.2181 1.1512 0.3918 0.5557 -3.4364 1.4584 11.2841 -4.6808 0.0640
Pedestrian -1 -1 -3.0318 74.5628 170.9488 113.7888 246.6508 1.7040 0.5014 0.6788 -11.8082 1.4893 16.2986 -3.6477 0.0612
Pedestrian -1 -1 -4.8904 1157.3026 227.1238 1223.0000 360.9871 1.1258 0.3718 0.4779 5.2701 1.5714 6.4522 -4.2277 0.0540
Car -1 -1 -4.8971 591.2562 165.3378 641.5688 199.5698 1.4316 1.5359 4.0001 0.4221 0.7977 31.6699 -4.8821 0.0535
Pedestrian -1 -1 -7.8533 703.8866 160.7305 719.7061 208.3601 1.7795 0.5853 0.4455 3.9990 1.0411 26.6801 -7.7045 0.0512
Pedestrian -1 -1 -8.2843 836.4447 170.0813 871.3784 235.8475 1.6170 0.5711 0.7333 6.2082 1.3611 17.7768 -7.9522 0.3377
Pedestrian -1 -1 -4.7938 849.4864 158.7088 889.5745 261.1181 1.7616 0.6057 0.6926 4.6450 1.3871 12.5760 -4.4464 0.1397
Pedestrian -1 -1 -4.5951 663.5721 143.3136 676.7885 175.4813 1.7871 0.6599 0.7373 3.6628 -0.2857 39.8433 -4.5020 0.1387
Pedestrian -1 -1 -7.8636 264.9346 164.3411 301.4775 257.1620 1.7320 0.6271 0.8439 -6.2835 1.4309 13.7076 -8.2829 0.1158
Pedestrian -1 -1 -6.5953 775.7170 168.2700 808.9171 234.8755 1.6385 0.5804 0.6544 4.6416 1.3379 17.7018 -6.3415 0.1120
Pedestrian -1 -1 -6.0615 594.3112 153.7188 605.3116 178.4770 1.7693 0.7801 0.6378 -0.3706 -0.1474 51.0523 -6.0667 0.1041
Pedestrian -1 -1 -5.0822 1079.6978 150.1277 1140.3435 266.9116 1.8445 0.5786 0.7233 8.2080 1.3652 11.5862 -4.4770 0.1040
Pedestrian -1 -1 -7.8508 600.1163 161.8408 626.2278 235.8103 1.8040 0.6369 0.8031 0.1626 1.3493 17.6499 -7.8400 0.0976
Pedestrian -1 -1 -4.4459 861.4211 159.0152 908.9318 267.9801 1.7646 0.5789 0.7293 4.6764 1.4170 11.9152 -4.0792 0.0975
Cyclist -1 -1 -6.4943 659.0466 143.6801 691.0328 175.3891 1.7756 0.6429 1.7100 3.9587 -0.2930 40.1409 -6.3946 0.0951
Pedestrian -1 -1 -4.1417 1178.7771 182.6248 1223.0000 271.7453 1.4684 0.5091 0.5490 10.1499 1.5058 11.9911 -3.4508 0.0947
Pedestrian -1 -1 -3.8221 1138.2847 147.3206 1197.8184 252.0025 1.9081 0.5349 0.6820 10.4232 1.3037 13.1625 -3.1624 0.0871
Pedestrian -1 -1 -8.0303 1022.4946 160.8627 1070.6874 270.7035 1.7563 0.5820 0.5379 7.2212 1.4427 11.6609 -7.4864 0.0843
Pedestrian -1 -1 -5.1862 642.0238 172.7952 689.2556 263.0848 1.5911 0.5755 0.7567 1.0521 1.4557 12.9195 -5.1052 0.0816
Cyclist -1 -1 -6.3425 661.6681 141.7946 693.8068 175.9069 1.8891 0.6886 1.7541 4.0561 -0.2599 39.6406 -6.2392 0.0764
Pedestrian -1 -1 -7.2317 603.4620 170.5650 646.3087 250.1709 1.6028 0.5782 0.7228 0.3712 1.4031 14.6986 -7.2052 0.0745
Pedestrian -1 -1 -4.8161 1065.1061 150.0404 1114.2572 267.5107 1.8470 0.5848 0.6835 7.8562 1.3685 11.5553 -4.2301 0.0737
Pedestrian -1 -1 -8.9327 951.5364 149.8310 1013.6436 264.4525 1.8379 0.6035 0.7168 6.2487 1.3465 11.8036 -8.4552 0.0732
Cyclist -1 -1 -7.8298 510.1441 164.8658 541.9915 264.2319 1.7020 0.5379 1.8243 -1.4828 1.4346 13.0423 -7.9385 0.0678
Pedestrian -1 -1 -7.7793 667.6741 170.0657 704.0900 262.2975 1.6545 0.6174 0.8106 1.4641 1.4677 13.1386 -7.6692 0.0668
Cyclist -1 -1 -4.7189 670.3940 142.8010 679.3549 174.6817 1.7471 0.4918 1.6474 3.9247 -0.3351 39.8975 -4.6195 0.0666
Pedestrian -1 -1 -2.1599 394.8123 164.2692 441.8764 248.6850 1.7480 0.5846 0.8830 -4.0478 1.4123 15.1530 -2.4140 0.0662
Pedestrian -1 -1 -5.9001 1115.3840 154.4035 1181.0352 269.6706 1.8146 0.5811 0.6890 8.8373 1.4041 11.5760 -5.2596 0.0661
Pedestrian -1 -1 -4.8999 1002.1532 157.3506 1047.9587 267.3463 1.7573 0.5479 0.5552 6.8590 1.3878 11.6478 -4.3779 0.0647
Pedestrian -1 -1 -2.4228 587.5777 152.7993 599.8235 178.3230 1.8247 0.6885 0.5727 -0.8139 -0.1586 51.0724 -2.4366 0.0639
Pedestrian -1 -1 -4.8579 458.8551 164.9115 492.1744 250.4569 1.7406 0.5707 0.8722 -2.7800 1.4238 14.8906 -5.0368 0.0627
Pedestrian -1 -1 -3.7853 706.2202 163.2764 748.7219 234.3856 1.7578 0.5492 0.9162 3.0637 1.3324 17.9325 -3.6173 0.0620
Pedestrian -1 -1 -5.0394 776.4915 162.3947 827.4948 265.8765 1.7335 0.5970 0.8790 3.3637 1.4306 12.3021 -4.7773 0.0614
Cyclist -1 -1 -7.6903 595.5161 169.4384 632.3196 253.0580 1.6705 0.5239 1.6233 0.1631 1.4499 14.9702 -7.6779 0.0605
Cyclist -1 -1 -5.6811 958.8081 169.6222 1042.9824 253.3942 1.5834 0.3965 1.4982 7.8261 1.3781 14.1213 -5.1829 0.0600
Pedestrian -1 -1 -6.3891 533.1414 176.0916 571.3417 252.0592 1.5517 0.5528 0.7415 -1.1540 1.4620 14.7809 -6.4637 0.0592
Pedestrian -1 -1 -5.5415 590.8564 154.4339 602.1837 178.5518 1.7351 0.7140 0.4614 -0.6130 -0.1427 51.3556 -5.5513 0.0591
Pedestrian -1 -1 -4.9810 688.0559 168.6354 725.9872 253.3747 1.6932 0.5888 0.7561 2.0432 1.4565 14.5407 -4.8427 0.0581
Cyclist -1 -1 -7.9036 496.0254 166.0108 528.5150 265.3071 1.7055 0.5056 1.7770 -1.7801 1.4570 13.0635 -8.0340 0.0568
Pedestrian -1 -1 -5.1269 760.6456 166.0788 797.2525 235.5112 1.6965 0.6158 0.8050 4.3105 1.3444 17.7264 -4.8907 0.0548
Pedestrian -1 -1 -4.2645 350.4161 157.7155 396.6984 245.7046 1.8305 0.6363 0.8507 -4.9998 1.3569 15.1743 -4.5748 0.0547
Pedestrian -1 -1 -7.9465 983.4454 163.2570 1026.0986 270.4876 1.7094 0.5540 0.5594 6.5194 1.4349 11.6378 -7.4458 0.0546
Pedestrian -1 -1 -7.7781 913.1938 160.6803 954.7217 266.5987 1.7250 0.5966 0.6297 5.5074 1.4026 11.9347 -7.3542 0.0545
Pedestrian -1 -1 -8.3737 616.9542 166.1965 652.2935 236.2487 1.7275 0.5445 0.8493 0.7039 1.3751 17.9387 -8.3334 0.0540
Cyclist -1 -1 -3.7212 951.6694 156.9414 1093.2028 265.3886 1.7351 0.5888 2.0291 6.8160 1.3586 11.6681 -3.2027 0.0519
Pedestrian -1 -1 -6.8450 935.5744 175.0991 987.2723 272.3090 1.5008 0.5114 0.5392 5.5873 1.4178 11.1995 -6.3918 0.0501
Car -1 -1 -7.9861 660.6071 144.3100 697.3203 173.0603 1.5598 1.6428 3.7736 4.2566 -0.4541 41.2588 -7.8820 0.1612
Car -1 -1 -7.8848 576.4891 149.5613 601.0862 174.1934 1.7113 1.6952 3.9205 -1.2260 -0.4830 52.1498 -7.9061 0.0694
Car -1 -1 -7.7124 692.0710 143.1016 730.5785 171.8265 1.5061 1.6391 3.9287 6.1181 -0.5223 40.4676 -7.5613 0.0679
