Pedestrian -1 -1 -6.5234 643.0833 176.0547 657.8887 200.8765 1.9228 0.4923 1.0669 3.1310 2.1738 56.3212 -6.4687 0.2098
Pedestrian -1 -1 -7.8917 56.2073 178.6562 75.7220 218.2067 1.8965 0.7419 0.5126 -26.5501 2.1825 35.1592 -8.5350 0.1229
Car -1 -1 -3.4374 822.0816 175.3096 879.8190 197.2798 1.6782 1.6976 3.9400 18.7066 1.8722 56.2083 -3.1181 0.0982
Car -1 -1 -4.6913 504.8590 182.4190 523.7462 200.4414 1.6369 1.7308 4.1702 -9.2756 2.5934 70.0039 -4.8230 0.0954
Pedestrian -1 -1 -6.4784 106.8421 179.2152 115.5325 208.2611 1.8164 0.7439 0.3153 -31.5996 2.2219 45.6582 -7.0812 0.0875
Car -1 -1 -4.8685 1201.8108 159.2814 1241.0000 184.3338 1.6111 1.6135 4.0863 41.2110 0.7379 48.5659 -4.1679 0.0783
Pedestrian -1 -1 -5.8326 936.1252 190.7712 974.9598 264.9971 1.4496 0.4671 0.5655 6.9537 1.8219 14.6353 -5.3978 0.0763
Car -1 -1 -5.3898 787.9737 171.3465 829.8952 188.5074 1.6036 1.6373 4.1791 19.1422 1.4625 69.6677 -5.1231 0.0754
Pedestrian -1 -1 -7.8768 675.8843 188.9812 687.4186 219.2130 1.4226 0.5368 0.4192 3.3757 2.1969 34.4266 -7.7806 0.0700
Car -1 -1 -4.9470 0.0000 200.4979 49.3531 231.1044 1.5931 1.6390 3.5669 -34.5799 3.2850 42.4309 -5.6279 0.0666
Pedestrian -1 -1 -5.6327 527.1454 178.5868 539.9816 202.2740 1.8773 0.6759 0.7732 -6.1610 2.3411 57.9121 -5.7386 0.0637
Pedestrian -1 -1 -7.3767 455.1406 179.2825 478.1104 223.3793 1.8580 0.7329 0.6879 -6.1917 2.1374 30.9604 -7.5731 0.0620
Car -1 -1 -7.7381 642.7675 179.8607 674.7869 204.6152 1.5764 1.7019 4.4156 3.3653 2.0803 49.5916 -7.6713 0.0606
Car -1 -1 -5.2652 737.0838 175.9093 786.6630 198.9280 1.6510 1.7291 4.1711 11.4079 1.8915 54.6064 -5.0608 0.0582
Pedestrian -1 -1 -3.6661 983.3418 123.6472 1167.4054 374.0000 1.9648 0.5679 0.8696 3.0297 1.6536 4.8458 -3.1356 0.0530
Car -1 -1 -6.9880 228.9611 178.3549 294.1687 205.5729 1.9038 1.7665 4.2312 -25.8839 2.3302 53.6866 -7.4356 0.0523
Pedestrian -1 -1 -3.3365 989.7423 174.9380 1032.0458 260.4223 1.7878 0.5204 0.6999 8.5265 1.8332 15.4597 -2.8414 0.0504
Car -1 -1 -4.7232 487.1219 181.6379 505.2363 200.3257 1.6958 1.6798 4.2673 -11.0588 2.5729 69.8294 -4.8801 0.0500
Cyclist -1 -1 -5.0710 1170.1356 170.2514 1203.5054 216.6103 1.7219 0.4840 1.5220 21.9997 1.6250 27.5990 -4.4036 0.3152
Cyclist -1 -1 -4.6370 803.6385 176.1435 820.0085 222.1777 1.7493 0.5008 1.7369 7.9210 1.8828 28.4488 -4.3688 0.2442
Pedestrian -1 -1 -7.2456 189.1478 194.9874 210.3568 227.6630 1.7098 0.7016 0.7219 -22.0252 2.9080 38.6783 -7.7606 0.1843
Pedestrian -1 -1 -5.4687 1173.4227 169.5153 1200.5215 215.8498 1.7362 0.6153 0.5157 21.7974 1.6108 27.3212 -4.8009 0.1698
Cyclist -1 -1 -7.0985 1168.9702 168.4356 1225.8102 216.4490 1.7801 0.6852 1.7044 22.0955 1.6160 27.2083 -6.4221 0.1531
Cyclist -1 -1 -5.3583 1151.0018 170.2608 1202.6830 216.6502 1.7096 0.6452 1.6992 21.4851 1.6138 27.4453 -4.6997 0.1502
Pedestrian -1 -1 -8.6468 832.8004 180.7953 851.7474 213.2119 1.6603 0.6290 0.7004 12.0740 2.0792 37.6351 -8.3392 0.1171
Cyclist -1 -1 -3.9051 1152.9912 168.0286 1209.0809 214.9545 1.7559 0.7083 1.6426 21.6560 1.5751 27.4342 -3.2425 0.1027
Cyclist -1 -1 -4.9827 793.2117 180.4380 808.6965 209.0043 1.6199 0.4800 1.5177 11.0930 2.0700 42.0842 -4.7272 0.0814
Cyclist -1 -1 -7.5128 840.7541 182.0618 861.9924 214.6637 1.6569 0.5665 1.5843 12.6533 2.1507 37.9214 -7.1937 0.0810
Cyclist -1 -1 -4.9048 1184.2291 169.4211 1212.0219 216.3746 1.7316 0.5277 1.5157 22.2752 1.6047 27.4027 -4.2279 0.0791
Cyclist -1 -1 -7.7759 836.6786 178.1839 848.3358 209.2082 1.6963 0.4935 1.8018 13.0831 2.0035 40.6980 -7.4675 0.0663
Cyclist -1 -1 -5.5811 185.2758 192.8051 220.9120 226.4624 1.7645 0.6532 1.6392 -21.9533 2.8521 38.8673 -6.0926 0.0652
Pedestrian -1 -1 -3.6891 931.6792 166.1510 942.4269 185.2759 1.7237 0.4857 0.7414 29.5823 1.1192 65.3161 -3.2657 0.0613
Pedestrian -1 -1 -5.3261 791.2285 181.9710 806.9811 209.5757 1.5723 0.6036 0.6745 10.9161 2.1055 41.7992 -5.0729 0.0556
Pedestrian -1 -1 -6.2099 642.3922 184.3907 659.1462 220.0297 1.5957 0.5589 0.7238 1.8161 2.1257 32.8390 -6.1559 0.0523
Car -1 -1 -4.3251 281.0974 194.6180 363.9967 234.2236 1.4438 1.7071 4.5701 -12.3113 2.4515 31.1221 -4.6993 0.9498
Car -1 -1 -7.8601 573.0278 180.4634 657.9298 263.6698 1.6056 1.6765 3.4935 0.0472 1.7924 15.9938 -7.8584 0.9471
Car -1 -1 -4.0884 0.0000 206.1263 163.5080 271.4289 1.4891 1.7929 4.5190 -15.3468 2.5623 21.0175 -4.7133 0.9295
Car -1 -1 -4.2120 206.5417 197.9557 287.0984 231.9465 1.5014 1.8109 4.4551 -18.7773 2.8833 37.4702 -4.6741 0.8860
Car -1 -1 -3.8732 1150.1803 184.1026 1241.0000 257.3443 1.6221 1.6608 4.2886 15.4962 1.9011 17.0767 -3.1455 0.4895
Car -1 -1 -3.9897 153.8191 198.4121 218.7758 225.0650 1.5375 1.6132 3.7315 -27.8032 3.2872 47.4188 -4.5178 0.2815
Car -1 -1 -4.4316 374.8431 191.2605 414.7405 215.4827 1.5235 1.6667 3.8132 -14.9527 2.8528 50.2043 -4.7201 0.2677
Car -1 -1 -4.5403 807.2034 180.6709 847.8658 209.6219 1.5153 1.5758 3.9141 12.3642 1.9819 41.0029 -4.2499 0.2505
Car -1 -1 -5.9530 336.9941 178.7637 389.2572 195.6691 1.5545 1.5572 4.3701 -23.1483 2.1149 67.6764 -6.2816 0.2213
Car -1 -1 -4.9370 445.7991 187.5970 497.5178 220.5545 1.4906 1.6692 4.3671 -7.2042 2.2952 37.0576 -5.1282 0.2092
Car -1 -1 -4.4127 0.0000 211.5387 21.7208 278.0015 1.4164 1.7268 3.9449 -18.1048 2.6057 20.0358 -5.1410 0.1655
Car -1 -1 -4.6996 992.9456 166.4835 1018.0477 188.1298 1.5831 1.6216 3.9411 30.0701 1.1169 54.8846 -4.2008 0.1056
Car -1 -1 -5.6227 1161.8260 176.0225 1241.0000 218.7706 1.4817 1.6191 3.0534 22.6696 1.6069 26.9208 -4.9285 0.0919
Car -1 -1 -6.0168 746.1041 178.4145 820.4744 206.6708 1.5933 1.6587 4.0202 10.2890 1.9377 43.0406 -5.7842 0.0914
Car -1 -1 -3.0964 957.5214 170.4953 1017.0792 191.3197 1.4562 1.5663 3.7459 27.1866 1.2909 52.0693 -2.6178 0.0880
Car -1 -1 -7.8306 189.7072 193.8074 225.2922 225.4132 1.5556 1.6440 4.0216 -22.6010 2.7955 40.5441 -8.3367 0.0853
Car -1 -1 -4.5760 0.0000 195.9024 38.6767 227.2225 1.7956 1.6441 4.0063 -38.3212 3.3538 46.6514 -5.2610 0.0812
Car -1 -1 -7.7043 919.9481 166.7498 945.9506 184.2854 1.5817 1.6754 3.7445 30.0373 1.0308 67.1118 -7.2853 0.0742
Car -1 -1 -4.7255 583.0594 182.2958 621.4280 218.5508 1.5347 1.6845 4.2131 -0.4388 2.0043 33.7806 -4.7390 0.0736
