Pedestrian -1 -1 -6.5855 896.5230 138.7949 1007.5496 304.4758 1.9052 0.5057 1.0866 4.0701 1.4260 8.4534 -6.1495 0.6511
Pedestrian -1 -1 -4.9802 984.9323 200.6230 1079.4127 369.0000 1.3397 0.4486 0.6177 3.1567 1.5027 5.3596 -4.4714 0.1066
Pedestrian -1 -1 -4.2576 272.1506 191.7155 313.6667 275.2543 1.2909 0.4054 0.5457 -5.0229 1.4747 11.2836 -4.6642 0.0905
Pedestrian -1 -1 -4.7485 846.2729 202.6053 870.1740 273.8102 1.1131 0.3433 0.4763 4.0652 1.4818 11.5030 -4.4158 0.0721
Car -1 -1 -4.1917 457.6753 163.5096 577.8192 228.6020 1.7099 1.6631 4.1112 -2.4707 1.2639 20.7898 -4.3064 0.0613
Pedestrian -1 -1 -7.8042 264.5838 162.9540 301.8375 256.4697 1.7495 0.6096 0.8993 -6.2938 1.4216 13.7567 -8.2228 0.0576
Pedestrian -1 -1 -4.7608 286.8680 208.1009 310.7368 289.2599 1.0961 0.2913 0.4787 -4.3926 1.4985 10.0178 -5.1606 0.0547
Car -1 -1 -5.4722 0.0000 185.3164 124.2110 229.5304 1.4997 1.6282 4.0887 -19.7453 1.6803 25.3506 -6.1262 0.0522
Pedestrian -1 -1 -3.0634 203.8334 167.8493 242.6962 256.1183 1.6787 0.5462 0.6240 -7.4986 1.4385 13.8213 -3.5491 0.0517
Pedestrian -1 -1 -2.9865 779.7999 158.8944 784.7383 185.4233 1.8342 0.4446 0.2678 12.3205 0.3404 49.1424 -2.7406 0.0511
Cyclist -1 -1 -4.0812 32.9814 160.2832 133.4785 267.9017 1.8271 0.5631 1.6996 -9.4753 1.4843 12.8565 -4.7027 0.1885
Pedestrian -1 -1 -8.1465 837.8516 170.4513 872.1310 234.2775 1.5714 0.6094 0.7837 6.2461 1.3243 17.8112 -7.8131 0.1847
Pedestrian -1 -1 -4.9104 1176.3324 168.3989 1223.0000 268.0249 1.6232 0.5637 0.7613 10.0868 1.4264 11.9883 -4.2224 0.1665
Pedestrian -1 -1 -4.2629 838.9244 156.1606 891.3821 260.8127 1.7907 0.6143 0.7520 4.5823 1.3746 12.5807 -3.9199 0.1527
Pedestrian -1 -1 -7.6407 663.4046 146.0378 677.5151 178.4483 1.8037 0.6535 0.7239 3.6788 -0.1168 39.8489 -7.5473 0.1500
Pedestrian -1 -1 -7.8298 530.9424 158.4450 561.1277 257.8954 1.7791 0.5367 0.8765 -1.1307 1.3849 13.1019 -7.9120 0.1140
Pedestrian -1 -1 -4.4406 0.0000 177.2330 46.1834 263.1563 1.6678 0.5921 0.6910 -11.7148 1.6048 14.1589 -5.1191 0.1064
Cyclist -1 -1 -7.9371 507.0341 161.6104 549.6985 262.9721 1.7385 0.6334 1.7945 -1.4889 1.4149 13.0680 -8.0460 0.1059
Pedestrian -1 -1 -4.6022 674.7991 169.1755 709.6298 251.2851 1.6371 0.6325 0.7819 1.7565 1.4117 14.5500 -4.4829 0.1054
Pedestrian -1 -1 -6.8082 888.6614 157.6670 941.7131 264.0255 1.7467 0.6056 0.5942 5.1831 1.3721 11.9491 -6.4069 0.0990
Pedestrian -1 -1 -8.0067 609.5352 162.6975 639.6036 234.7122 1.7603 0.6399 0.7792 0.4411 1.3255 17.7098 -7.9805 0.0964
Pedestrian -1 -1 -7.9321 598.0276 160.2011 624.7323 233.8864 1.7970 0.6053 0.7905 0.1105 1.3023 17.6582 -7.9241 0.0936
Pedestrian -1 -1 -4.2471 858.1930 159.2692 912.0496 265.8198 1.7341 0.5721 0.7610 4.6969 1.3890 11.9751 -3.8806 0.0933
Pedestrian -1 -1 -8.1558 547.5026 160.1616 580.1185 234.7229 1.8116 0.6221 0.7314 -1.0742 1.3177 17.6304 -8.2137 0.0903
Cyclist -1 -1 -6.6389 816.4321 167.3448 885.3701 235.1196 1.6932 0.5802 1.5497 6.1972 1.3649 17.9757 -6.3106 0.0863
Pedestrian -1 -1 -5.2132 792.1317 159.2144 849.5462 265.2123 1.7578 0.6143 0.8403 3.6618 1.4052 12.2013 -4.9270 0.0853
Pedestrian -1 -1 -4.7585 756.0586 169.9850 787.8386 253.8161 1.6316 0.5780 0.8221 3.3005 1.4273 14.2175 -4.5336 0.0838
Pedestrian -1 -1 -4.6601 26.5340 170.0283 67.3637 258.9834 1.7469 0.6040 0.7923 -11.3832 1.5416 14.3824 -5.3172 0.0836
Cyclist -1 -1 -8.0268 700.3888 165.5007 721.6262 211.0016 1.6880 0.5378 1.5620 4.0096 1.1318 27.0183 -7.8795 0.0805
Pedestrian -1 -1 -3.0051 818.0094 173.0317 859.8416 253.3456 1.5529 0.5173 0.7297 4.6082 1.4088 14.0622 -2.6934 0.0780
Pedestrian -1 -1 -4.5291 1101.4028 153.4805 1150.8326 268.1501 1.8089 0.5513 0.6414 8.4822 1.3831 11.5749 -3.9081 0.0758
Cyclist -1 -1 -4.6409 668.8519 146.9002 680.2183 178.1765 1.7210 0.5227 1.6356 3.9154 -0.1337 39.8819 -4.5417 0.0756
Cyclist -1 -1 -6.9110 703.9648 160.4529 748.5106 210.6298 1.8498 0.6606 1.5706 4.5515 1.1110 26.7094 -6.7424 0.0743
Pedestrian -1 -1 -9.1681 1023.1456 162.0131 1070.9634 270.9888 1.7416 0.5561 0.5528 7.2600 1.4465 11.6916 -8.6229 0.0718
Pedestrian -1 -1 -6.5634 1116.5613 147.8154 1183.4739 264.2927 1.8390 0.5798 0.7286 8.8447 1.3233 11.5632 -5.9220 0.0717
Pedestrian -1 -1 -8.2402 456.9491 171.9373 498.1176 252.0289 1.6478 0.5855 0.8536 -2.7668 1.4720 15.0640 -8.4164 0.0685
Pedestrian -1 -1 -4.6967 861.3674 168.3465 894.5076 261.9871 1.5765 0.5245 0.6196 4.6938 1.3723 12.2878 -4.3386 0.0671
Pedestrian -1 -1 -4.8320 89.1360 171.2229 128.3596 263.2318 1.6554 0.5282 0.6575 -9.2740 1.4889 13.1427 -5.4334 0.0669
Pedestrian -1 -1 -4.9604 636.7709 174.0663 672.6633 260.4614 1.5254 0.4648 0.8158 0.8519 1.4122 12.9271 -4.8945 0.0662
Pedestrian -1 -1 -2.4386 593.6873 167.4221 638.0729 247.7745 1.6197 0.5656 0.7304 0.1798 1.3564 14.7055 -2.4248 0.0650
Cyclist -1 -1 -8.1603 852.6553 177.3973 925.4684 282.3337 1.5014 0.5232 1.7485 4.3251 1.4574 11.0049 -7.7938 0.0603
Cyclist -1 -1 -6.5150 657.9044 147.1414 689.6993 178.3562 1.7511 0.6446 1.6942 3.8903 -0.1230 40.1562 -6.4171 0.0591
Pedestrian -1 -1 -4.7705 845.6925 199.7497 871.3825 273.6154 1.1628 0.3651 0.4176 4.0736 1.4834 11.5117 -4.4373 0.0576
Pedestrian -1 -1 -7.8730 704.8453 165.1232 719.9904 211.1063 1.7168 0.5551 0.4340 4.0159 1.1430 26.6495 -7.7234 0.0573
Pedestrian -1 -1 -3.9264 394.3423 168.4377 443.1034 249.8161 1.6858 0.5778 0.8513 -4.0315 1.4363 15.1601 -4.1793 0.0565
Pedestrian -1 -1 -5.0430 943.9127 154.3770 993.4719 264.9299 1.7666 0.5576 0.5903 5.9199 1.3496 11.6276 -4.5813 0.0564
Pedestrian -1 -1 -8.2734 960.3052 159.7162 1013.5765 268.0171 1.7286 0.5555 0.6316 6.2135 1.3972 11.6176 -7.7919 0.0555
Cyclist -1 -1 -8.4617 684.7416 165.7532 721.0890 209.8815 1.6364 0.5423 1.6290 3.7036 1.0898 27.0688 -8.3255 0.0551
Pedestrian -1 -1 -2.3234 75.9604 167.2262 129.9099 257.4799 1.7250 0.4992 0.7296 -9.8638 1.4716 13.8341 -2.9302 0.0543
Cyclist -1 -1 -4.8854 1156.0205 161.0613 1223.0000 265.8270 1.6341 0.5820 1.8213 9.8246 1.3313 11.9663 -4.2093 0.0541
Pedestrian -1 -1 -4.2114 486.0838 168.1167 533.9532 262.2099 1.6570 0.5792 0.7447 -1.7731 1.4393 12.9034 -4.3429 0.0535
Pedestrian -1 -1 -5.0596 771.3488 156.0194 825.5471 261.2530 1.7796 0.6409 0.9110 3.3386 1.3660 12.4395 -4.8020 0.0533
Pedestrian -1 -1 -5.2208 802.1865 154.6383 861.3895 261.3504 1.8100 0.6612 0.8465 3.9385 1.3717 12.4752 -4.9205 0.0523
Pedestrian -1 -1 -5.5284 694.4304 169.8411 743.0231 252.7881 1.6400 0.5651 0.8153 2.2772 1.4296 14.4746 -5.3740 0.0515
Car -1 -1 -6.1453 657.3091 147.8063 724.9051 175.4241 1.5048 1.6287 3.6290 4.9035 -0.2978 40.2409 -6.0229 0.1656
