Cyclist -1 -1 -7.9031 678.8251 168.9810 700.7650 236.8479 1.7509 0.4939 1.7349 2.0922 1.6506 19.4944 -7.7986 0.0800
Pedestrian -1 -1 -5.8611 240.1152 177.8830 255.3027 208.1279 1.8695 0.6190 0.6505 -22.6414 2.1853 45.0302 -6.3249 0.0652
Car -1 -1 -4.8933 773.4005 184.3196 809.2358 209.6951 1.5702 1.6475 3.8729 12.0865 2.3709 48.4228 -4.6507 0.0595
Car -1 -1 -5.0406 737.3027 183.7406 772.4091 203.9506 1.6550 1.7145 4.3740 12.7402 2.6521 63.8243 -4.8450 0.0584
Car -1 -1 -4.7509 1190.0179 189.4251 1224.3361 213.4343 1.4810 1.6398 4.1360 40.9757 2.6692 49.6089 -4.0639 0.0568
Car -1 -1 -2.3358 319.4147 179.4548 388.3062 205.0852 1.5213 1.6616 4.1651 -16.1487 1.9514 45.3676 -2.6762 0.0532
Car -1 -1 -5.1632 206.3789 185.0658 262.8372 210.9011 1.6057 1.7115 4.2186 -25.3575 2.4615 48.6336 -5.6418 0.0525
Pedestrian -1 -1 -4.7833 420.5234 172.8699 433.4596 207.1483 1.8466 0.6256 0.8463 -10.0264 1.8472 39.3696 -5.0315 0.2322
Cyclist -1 -1 -7.8590 252.2166 174.0888 271.7742 240.8397 1.7656 0.4694 1.8304 -9.7195 1.8012 20.0455 -8.3056 0.2062
Pedestrian -1 -1 -5.8613 479.1812 172.8985 491.7424 195.9863 1.8545 0.5215 0.8628 -10.0912 1.8579 58.3188 -6.0322 0.1476
Cyclist -1 -1 -7.9486 629.3271 177.5773 637.0818 201.1895 1.5505 0.3731 1.5488 1.5224 1.8727 48.4790 -7.9178 0.1126
Cyclist -1 -1 -4.2776 168.9390 179.3477 199.8881 220.6625 1.5706 0.4704 1.4736 -16.7936 1.8329 28.4234 -4.8074 0.1016
Pedestrian -1 -1 -4.0708 856.6197 169.6847 874.5618 203.5139 2.0280 0.6592 0.8329 15.4658 1.8377 43.7618 -3.7337 0.0876
Cyclist -1 -1 -7.8207 633.6965 177.2622 639.6974 200.7758 1.5467 0.3562 1.5054 1.7654 1.8474 48.5105 -7.7850 0.0842
Pedestrian -1 -1 -2.6106 481.1901 173.4505 491.5353 195.5609 1.7862 0.7144 0.5435 -10.0905 1.8348 58.7437 -2.7803 0.0691
Pedestrian -1 -1 -7.4125 175.2283 178.1558 198.7251 220.5971 1.6595 0.6556 0.4897 -16.7800 1.8710 28.5523 -7.9400 0.0564
Cyclist -1 -1 -7.9762 422.0395 174.2263 434.9926 206.8169 1.7643 0.4870 1.7485 -10.1155 1.8419 40.0409 -8.2224 0.0549
Car -1 -1 -4.5655 464.2173 177.1925 501.0726 205.4021 1.5754 1.6091 3.8388 -7.5465 1.8443 42.8321 -4.7393 0.9149
Car -1 -1 -4.0071 0.0000 198.6905 108.9432 374.0000 1.4015 1.5431 3.8727 -7.6788 1.7587 8.0170 -4.7544 0.6950
Car -1 -1 -7.8397 580.2493 176.9874 597.2429 192.9928 1.4603 1.5670 3.7352 -2.0212 1.8642 68.6804 -7.8694 0.3963
Car -1 -1 -4.8321 628.0786 173.3682 660.7810 199.7290 1.7234 1.7146 4.4176 2.2830 1.7601 49.5283 -4.7867 0.3488
Car -1 -1 -8.3660 837.7761 197.7035 1241.0000 374.0000 1.4588 1.7722 4.5195 2.7992 1.6833 4.2346 -7.8147 0.1424
Car -1 -1 -4.5508 56.9769 172.9639 102.8583 202.5660 1.7338 1.6434 4.0126 -32.6119 1.7406 44.4366 -5.1812 0.1262
Car -1 -1 -7.4779 235.7949 179.9473 320.6176 218.1595 1.5040 1.7579 4.7148 -14.4728 1.8388 31.6868 -7.9035 0.0905
Car -1 -1 -4.2599 164.6248 183.6956 266.6233 227.6511 1.4139 1.6440 4.0305 -14.2585 1.8391 26.2673 -4.7533 0.0838
Car -1 -1 -4.8469 647.9871 178.6793 693.6458 212.8001 1.4880 1.6130 4.0367 2.7814 1.7807 34.2290 -4.7671 0.0698
Car -1 -1 -4.8702 484.8114 175.9487 508.2607 192.2193 1.5162 1.6329 4.0692 -11.0950 1.8267 70.2586 -5.0266 0.0672
Car -1 -1 -5.1356 191.8226 193.1369 254.4263 222.3379 1.5158 1.6515 4.1717 -22.6143 2.7519 42.0585 -5.6266 0.0671
Car -1 -1 -7.8257 840.4929 174.1630 872.7082 203.2253 1.7412 1.8275 3.7755 15.5502 1.8272 45.5047 -7.4989 0.0631
Car -1 -1 -8.1301 624.3770 176.5993 666.4590 203.2883 1.5446 1.6031 3.7796 2.0935 1.7850 44.3491 -8.0838 0.0521
