Pedestrian -1 -1 -6.5062 621.3888 168.9093 630.6418 192.6049 1.7286 0.7244 0.5321 1.1457 1.4405 53.0439 -6.4851 0.0847
Pedestrian -1 -1 -4.5820 627.8218 166.1044 639.6562 193.8402 1.7619 0.6641 0.7799 1.4913 1.3329 46.2746 -4.5504 0.0835
Cyclist -1 -1 -7.7010 957.4113 165.2462 991.7629 242.0534 1.7082 0.4844 1.6634 8.4840 1.5387 16.8675 -7.2426 0.0825
Cyclist -1 -1 -7.7212 635.9250 168.9143 645.6476 195.5389 1.6003 0.3928 1.5745 1.8547 1.3632 44.1773 -7.6800 0.0802
Cyclist -1 -1 -6.0359 411.0081 168.3062 441.6864 198.6167 1.8233 0.7260 1.6769 -11.1676 1.5494 43.7667 -6.2846 0.0786
Pedestrian -1 -1 -3.5010 1133.8619 159.8669 1241.0000 327.5087 1.6423 0.4133 0.8570 5.8924 1.5148 7.3906 -2.8478 0.0744
Car -1 -1 -4.6103 617.3463 170.7562 639.0154 188.5337 1.6665 1.6734 4.2819 1.7713 1.4696 69.8688 -4.5853 0.0708
Pedestrian -1 -1 -4.3411 1135.6490 161.4837 1185.2986 251.2983 1.6763 0.5743 0.6313 10.5313 1.4638 13.8778 -3.7026 0.0673
Pedestrian -1 -1 -3.5505 1060.9471 172.7365 1103.0125 248.3225 1.4609 0.4273 0.5674 9.2286 1.4583 14.2013 -2.9842 0.0606
Car -1 -1 -1.8962 0.0000 167.4434 54.3410 196.7024 1.5335 1.6471 4.0119 -32.3693 1.2496 39.5837 -2.5785 0.0594
Car -1 -1 -2.3832 0.0000 152.1841 0.0000 326.9935 1.6834 1.7025 4.3593 -9.8978 1.4841 8.0415 -3.2553 0.0586
Car -1 -1 -4.1135 132.7430 178.9075 247.1151 222.2800 1.3714 1.6000 3.7800 -14.6346 1.5997 25.3049 -4.6335 0.0556
Car -1 -1 -7.8673 482.5792 168.6154 500.6660 185.0371 1.5263 1.6551 4.0521 -11.3967 1.1321 69.2030 -8.0301 0.0551
Car -1 -1 -4.6291 81.1620 152.7502 118.6478 179.7613 1.7452 1.7193 4.2143 -34.5241 0.4460 48.8720 -5.2416 0.0529
Cyclist -1 -1 -7.5723 289.2609 171.0657 317.8015 219.2871 1.6256 0.4781 1.6344 -10.7183 1.5650 25.1638 -7.9715 0.0519
Car -1 -1 -7.3247 344.4705 170.6796 383.1146 188.7622 1.7035 1.6938 4.1465 -23.9151 1.4984 70.1752 -7.6522 0.0516
Cyclist -1 -1 -7.2949 233.6310 167.9725 275.2390 216.1046 1.6613 0.4928 1.7218 -12.7297 1.4925 25.7865 -7.7496 0.0515
Pedestrian -1 -1 -7.7303 956.9062 158.3277 976.3151 198.3842 1.7553 0.7020 0.6463 15.8135 1.1184 32.0797 -7.2762 0.1867
Pedestrian -1 -1 -7.2106 344.1937 163.7804 367.2149 206.9660 1.7859 0.6323 0.6745 -10.7033 1.4104 30.2557 -7.5482 0.1533
Pedestrian -1 -1 -4.2420 923.6790 156.9895 974.7411 261.3071 1.7100 0.6038 0.5477 5.6947 1.4496 12.2344 -3.8162 0.1371
Pedestrian -1 -1 -5.5643 873.2888 159.3821 930.1091 263.7862 1.7089 0.5529 0.7036 4.8903 1.4881 12.2497 -5.1935 0.1258
Pedestrian -1 -1 -6.0514 46.4210 162.9187 57.8201 200.6006 1.8322 0.5617 0.3210 -27.4127 1.3488 35.4052 -6.7067 0.1205
Cyclist -1 -1 -3.8718 896.1590 155.5012 935.3694 197.2176 1.8272 0.6508 1.5814 13.5891 1.0669 32.1709 -3.4756 0.1171
Cyclist -1 -1 -5.0527 536.7753 167.8165 558.4885 200.9426 1.6997 0.5959 1.7166 -3.3272 1.4409 37.9271 -5.1401 0.1124
Pedestrian -1 -1 -3.5972 1188.0737 151.5588 1241.0000 260.1249 1.6974 0.5456 0.6906 9.8090 1.3641 11.6258 -2.9092 0.0937
Cyclist -1 -1 -6.6835 941.8347 154.2999 989.4464 195.8029 1.8137 0.7519 1.7347 15.6921 1.0026 31.9515 -6.2308 0.0831
Cyclist -1 -1 -3.7994 894.4350 158.7707 1007.4103 262.1747 1.6835 0.5834 1.7483 5.7178 1.4539 12.2311 -3.3720 0.0816
Pedestrian -1 -1 -8.7171 1010.9798 151.3935 1065.2717 262.1266 1.7523 0.5725 0.5133 6.9148 1.4124 11.7556 -8.1969 0.0793
Pedestrian -1 -1 -5.5794 2.5424 163.9657 22.9938 200.3972 1.7898 0.5989 0.5155 -29.6273 1.3528 35.7501 -6.2679 0.0786
Cyclist -1 -1 -3.2146 965.8266 152.9774 1103.5334 264.9029 1.7386 0.6463 1.9064 6.8863 1.4295 11.9065 -2.7015 0.0769
Cyclist -1 -1 -6.9897 1021.8279 149.3431 1155.8896 260.0382 1.7645 0.6234 1.9142 7.8528 1.3894 11.9402 -6.4197 0.0748
Pedestrian -1 -1 -8.8340 1132.2743 149.8500 1191.1903 256.6472 1.7933 0.5421 0.6142 9.4927 1.4067 12.4961 -8.1961 0.0744
Cyclist -1 -1 -8.7171 978.8628 156.6686 1093.8948 266.0595 1.6694 0.4576 1.7396 6.9222 1.4221 11.9067 -8.2018 0.0716
Pedestrian -1 -1 -6.6251 1164.1218 153.9398 1224.7721 258.0851 1.6605 0.5462 0.6226 9.5384 1.3586 11.8621 -5.9603 0.0702
Pedestrian -1 -1 -5.6456 766.2768 159.2635 852.2875 308.0658 1.7392 0.5723 0.8542 2.4049 1.5801 8.9454 -5.3925 0.0653
Pedestrian -1 -1 -5.0584 1156.3986 148.6186 1218.0516 259.9427 1.7290 0.5717 0.6772 9.2204 1.3523 11.6163 -4.4002 0.0642
Pedestrian -1 -1 -5.2300 357.4550 164.1073 380.6142 207.2396 1.7793 0.6189 0.7752 -10.1480 1.4182 30.2546 -5.5513 0.0624
Cyclist -1 -1 -8.2596 529.2262 166.8989 553.6682 201.4751 1.7642 0.6380 1.7333 -3.6341 1.4601 37.7295 -8.3554 0.0607
Cyclist -1 -1 -7.3191 0.0000 165.6992 25.3879 199.9598 1.6393 0.4233 1.6737 -29.4838 1.2966 35.3831 -8.0102 0.0573
Pedestrian -1 -1 -3.8436 1166.1820 141.9919 1240.4183 264.7873 1.8169 0.5658 0.6629 8.9499 1.3599 10.9688 -3.1727 0.0547
Cyclist -1 -1 -4.9010 948.8584 157.8327 971.9724 196.6723 1.6902 0.6249 1.6397 15.6168 1.0362 32.2727 -4.4541 0.0546
Cyclist -1 -1 -4.4896 41.4096 163.5085 64.0843 198.6921 1.6865 0.5182 1.6870 -27.4133 1.2382 35.4603 -5.1442 0.0545
Cyclist -1 -1 -7.7892 345.3498 168.5847 356.9993 199.0286 1.6770 0.5113 1.6378 -14.5957 1.4416 40.6042 -8.1325 0.0531
Pedestrian -1 -1 -5.2796 0.0000 167.7196 14.6773 202.7294 1.6911 0.5185 0.3546 -29.4518 1.4428 35.1534 -5.9734 0.0529
Cyclist -1 -1 -8.4105 937.2925 156.8232 1024.0854 262.1455 1.6710 0.4721 1.6961 6.2228 1.4164 12.3150 -7.9529 0.0524
Pedestrian -1 -1 -4.5441 1172.3044 141.1517 1227.5929 261.4146 1.8104 0.5930 0.5411 9.1523 1.3329 11.2632 -3.8748 0.0522
Pedestrian -1 -1 -5.5196 0.0000 168.0976 17.5290 202.9111 1.6923 0.6222 0.5002 -29.6221 1.4608 35.4028 -6.2127 0.0505
Cyclist -1 -1 -3.9631 874.9205 163.0415 980.8853 261.5934 1.6206 0.6548 1.7841 5.4694 1.4589 12.5270 -3.5608 0.0504
Car -1 -1 -7.8493 566.5236 171.9411 617.4996 221.0497 1.5620 1.6222 4.4723 -0.6699 1.5327 25.2037 -7.8762 0.9378
Car -1 -1 -5.9681 507.0340 169.6790 590.8914 201.0376 1.6055 1.6544 4.1163 -3.2523 1.4427 38.2174 -6.0528 0.2341
Car -1 -1 -3.8555 283.7123 168.0157 343.6506 188.8880 1.5797 1.7305 4.2852 -23.3362 1.2132 56.9108 -4.2432 0.1842
Car -1 -1 -2.4019 277.5901 169.5630 359.6105 197.8764 1.5298 1.7084 4.2268 -16.4006 1.3517 40.5258 -2.7844 0.1546
Car -1 -1 -7.8217 317.5508 169.2572 338.9845 187.5991 1.5466 1.6137 3.9136 -24.5740 1.2430 62.9554 -8.1926 0.1332
Car -1 -1 -3.2528 890.4611 160.8174 1000.8345 194.4422 1.4641 1.6169 4.3968 15.1373 0.9397 32.8698 -2.8249 0.1313
Car -1 -1 -2.1863 0.0000 162.2999 27.2939 195.3884 1.5825 1.6281 3.8454 -31.2478 1.0775 35.7584 -2.9008 0.0611
Car -1 -1 -4.5750 580.5887 172.7272 609.9167 193.1490 1.4818 1.6526 4.2576 -1.1030 1.4723 54.5639 -4.5955 0.0608
Car -1 -1 -7.7843 564.1694 172.5698 586.7029 191.7442 1.4704 1.5314 3.7317 -2.7391 1.4483 57.2151 -7.8323 0.0565
Car -1 -1 -4.3528 242.7781 166.1867 286.4301 189.7081 1.7608 1.7089 4.1483 -26.8434 1.2614 56.1532 -4.7970 0.0541
