Car -1 -1 -3.4221 803.9642 160.2386 863.2385 180.4673 1.6585 1.7221 4.4059 18.5491 0.6239 60.0574 -3.1241 0.1634
Pedestrian -1 -1 -4.2004 714.1553 181.8980 739.3232 239.6140 1.3874 0.4265 0.4931 2.8251 1.6139 17.7719 -4.0461 0.1318
Pedestrian -1 -1 -5.0986 123.7814 189.2352 154.5110 249.8122 1.7883 0.5978 0.6118 -14.3701 2.2959 21.9483 -5.6730 0.1185
Car -1 -1 -8.5056 720.9218 170.2192 759.9385 185.7213 1.4408 1.5811 3.9887 12.4501 1.1956 69.1950 -8.3286 0.1176
Pedestrian -1 -1 -4.0094 969.0781 147.2437 1026.3062 268.6885 1.8443 0.5248 0.6065 6.0198 1.4551 11.3157 -3.5319 0.1103
Pedestrian -1 -1 -5.5842 229.1494 188.5429 245.9423 230.2440 1.8619 0.5336 0.4364 -16.9484 2.5805 32.7564 -6.0588 0.0978
Pedestrian -1 -1 -7.5349 267.4852 186.0061 290.1262 228.6071 1.9030 0.7499 0.7175 -15.1257 2.5092 32.8747 -7.9634 0.0938
Pedestrian -1 -1 -6.8633 352.9846 166.4698 363.7018 199.9794 1.9288 0.5658 0.3310 -14.6283 1.5610 41.8355 -7.1980 0.0916
Cyclist -1 -1 -7.4570 511.8166 177.8915 528.8423 205.3681 1.6626 0.4943 1.5351 -5.5898 1.9805 44.7624 -7.5810 0.0796
Car -1 -1 -8.3570 782.6595 162.5860 819.3201 180.4724 1.6776 1.6719 4.0616 18.4239 0.7142 69.8466 -8.1003 0.0747
Car -1 -1 -7.7790 527.7284 175.7972 548.0370 194.3598 1.6438 1.5690 4.0302 -6.6468 1.9233 66.5723 -7.8785 0.0736
Cyclist -1 -1 -7.5395 298.4692 190.4514 318.1243 225.2288 1.5922 0.3740 1.6677 -14.5539 2.4597 34.7360 -7.9339 0.0721
Car -1 -1 -4.6440 563.5597 175.7487 588.2810 197.0010 1.5707 1.6377 4.1838 -2.6378 1.8035 56.0089 -4.6913 0.0665
Car -1 -1 -4.7893 816.9271 161.5112 838.6908 180.2317 1.7521 1.6843 4.2242 21.0092 0.6902 69.7743 -4.4982 0.0657
Car -1 -1 -7.3376 1167.9645 144.7077 1241.0000 374.0000 1.5113 1.6188 4.1422 5.1223 1.4205 3.3339 -6.3836 0.0621
Car -1 -1 -7.2015 1219.3917 139.3745 1241.0000 363.7722 1.5600 1.6330 4.2080 7.6812 1.3270 5.8858 -6.3086 0.0615
Pedestrian -1 -1 -4.9920 404.8574 168.0323 422.8999 210.9285 2.0279 0.6750 0.6724 -9.4399 1.7997 34.5734 -5.2570 0.0612
Pedestrian -1 -1 -5.4219 735.6226 165.8375 747.2278 188.9597 1.8270 0.6279 0.6639 10.4374 1.2723 57.4568 -5.2434 0.0573
Pedestrian -1 -1 -3.5113 135.5348 179.5094 182.6505 265.9020 1.7930 0.5371 0.7133 -9.7287 1.9397 15.4899 -4.0647 0.0550
Car -1 -1 -7.7993 882.9587 151.6748 908.6792 174.0396 1.7281 1.7098 4.0622 22.9568 0.0913 57.9539 -7.4239 0.0542
Pedestrian -1 -1 -5.1489 144.7543 189.8386 167.2226 235.7341 2.0164 0.6710 0.5876 -20.4702 2.7907 32.4680 -5.7080 0.0533
Car -1 -1 -4.8985 652.0822 171.7596 676.3198 188.4096 1.5722 1.5998 4.1898 5.2286 1.4686 70.3058 -4.8249 0.0526
Cyclist -1 -1 -8.2473 1024.0417 168.0477 1071.8436 234.7060 1.6096 0.3866 1.7303 11.0310 1.4932 18.3065 -7.7126 0.0511
Pedestrian -1 -1 -8.2161 1031.7025 146.8727 1056.4021 189.1243 1.8092 0.6869 0.7730 18.7999 0.6964 31.3357 -7.6799 0.2760
Pedestrian -1 -1 -7.8059 958.8253 155.3745 977.5875 196.5256 1.7710 0.7087 0.5856 15.5865 1.0185 31.4803 -7.3500 0.1612
Pedestrian -1 -1 -7.7939 834.4929 161.9689 849.8521 199.2818 1.8199 0.6871 0.6358 11.4207 1.2887 35.6126 -7.4863 0.1178
Cyclist -1 -1 -7.6879 97.9607 209.8759 118.9575 251.4719 1.6070 0.4540 1.6322 -21.0216 3.1989 30.1971 -8.2922 0.1133
Cyclist -1 -1 -4.5787 91.2414 206.8725 112.6412 250.0375 1.6742 0.5102 1.6689 -21.2939 3.1381 30.1973 -5.1890 0.1108
Pedestrian -1 -1 -8.0126 865.8893 158.0928 884.7394 200.2689 1.7971 0.6570 0.7078 11.4071 1.1679 31.1542 -7.6650 0.0788
Pedestrian -1 -1 -7.9917 890.1818 150.7246 909.5828 195.0802 1.8803 0.6881 0.6434 12.3984 0.9419 30.9812 -7.6145 0.0757
Cyclist -1 -1 -7.1038 1196.2235 138.2664 1241.0000 189.7047 1.8014 0.7083 1.7304 21.9564 0.5898 25.7238 -6.4029 0.0757
Cyclist -1 -1 -4.0741 1211.3854 131.5588 1241.0000 185.2443 1.8011 0.7071 1.8418 21.6795 0.4154 24.7516 -3.3605 0.0584
Pedestrian -1 -1 -6.2222 1214.9384 132.5774 1241.0000 188.1952 1.8652 0.7031 0.6545 21.0990 0.5142 24.6782 -5.5206 0.0562
Cyclist -1 -1 -8.3286 1207.6802 139.7982 1241.0000 188.6716 1.6878 0.5357 1.5503 22.0315 0.5459 25.7333 -7.6262 0.0511
Cyclist -1 -1 -4.5622 83.2472 205.0961 107.0098 249.5033 1.7250 0.5482 1.7699 -21.6279 3.1181 30.2691 -5.1787 0.0510
Cyclist -1 -1 -3.8309 1214.4579 129.3195 1241.0000 184.4443 1.8184 0.7346 1.7278 21.4017 0.3820 24.1930 -3.1125 0.0505
Car -1 -1 -5.9585 306.8275 184.8832 453.6278 232.2381 1.5609 1.7842 4.5539 -7.9852 1.9964 25.1986 -6.2629 0.8693
Car -1 -1 -2.4352 0.0000 203.5215 92.4550 256.1780 1.5987 1.6237 4.0170 -19.6617 2.6442 23.7522 -3.1213 0.4942
Car -1 -1 -2.9587 498.4531 178.9963 543.1536 198.3633 1.5732 1.6084 3.4606 -7.4324 2.0921 60.0917 -3.0816 0.3436
Car -1 -1 -8.0271 855.2887 152.2768 912.5433 196.2092 1.8661 1.7448 3.9830 12.3128 0.9918 32.7661 -7.6708 0.2613
Car -1 -1 -5.2233 946.4034 138.3055 1009.5332 168.0220 1.7053 1.7219 3.9214 22.3459 -0.3087 44.0513 -4.7564 0.1819
Car -1 -1 -8.1993 930.7159 154.7089 994.5042 190.1580 1.5369 1.5203 3.4790 16.0493 0.7499 33.0907 -7.7514 0.1519
Car -1 -1 -4.3267 94.5944 207.8254 176.6094 248.5439 1.4691 1.6591 3.8591 -20.7086 3.1003 31.6090 -4.9031 0.1379
Car -1 -1 -8.0350 760.5809 162.1068 791.4812 184.3609 1.6231 1.6547 3.5191 12.4551 0.8390 54.4198 -7.8113 0.1336
Car -1 -1 -8.8204 1125.5879 139.8360 1241.0000 188.1488 1.5790 1.6487 3.7805 20.7256 0.4996 25.6289 -8.1459 0.1257
Car -1 -1 -8.4290 1000.6242 141.2513 1090.9806 177.5505 1.5597 1.6446 3.9298 19.7678 0.2015 32.9984 -7.8931 0.0757
Car -1 -1 -8.3546 960.2880 149.2853 1038.1301 184.5173 1.5274 1.5401 3.7007 17.7357 0.5053 33.1412 -7.8669 0.0747
Car -1 -1 -4.8204 893.8242 144.0035 931.7611 173.9204 1.7119 1.6511 4.1685 18.1692 0.0607 43.5209 -4.4273 0.0591
