Pedestrian -1 -1 -4.7343 532.0374 141.2270 597.5977 331.7677 1.9297 0.6657 1.1345 -0.5097 1.5323 7.7534 -4.7955 0.8255
Pedestrian -1 -1 -4.9272 999.7610 200.7939 1085.7117 369.0000 1.3141 0.4180 0.5433 3.1579 1.4738 5.2259 -4.4080 0.1038
Pedestrian -1 -1 -4.5094 76.0693 167.5123 120.0545 262.2732 1.7048 0.5279 0.7038 -9.4613 1.4715 13.1482 -5.1199 0.1017
Pedestrian -1 -1 -4.5819 62.7869 176.9759 91.4324 234.5780 1.6288 0.5662 0.7551 -15.3048 1.5295 20.4607 -5.2150 0.0700
Car -1 -1 -7.2683 0.0000 172.9324 13.2734 215.6990 1.4659 1.5743 4.0473 -24.3298 1.2068 26.3551 -8.0059 0.0644
Cyclist -1 -1 -8.0329 699.6459 165.4853 721.9301 210.8311 1.6790 0.5606 1.6036 3.9962 1.1233 26.9907 -7.8859 0.0632
Car -1 -1 -3.7592 1168.1514 156.4468 1223.0000 369.0000 1.5445 1.5742 4.0018 7.5646 1.3795 6.1196 -2.8922 0.0632
Pedestrian -1 -1 -4.5265 376.1575 199.4137 408.4956 274.1814 1.1472 0.3981 0.5472 -3.4388 1.4574 11.2884 -4.8127 0.0602
Pedestrian -1 -1 -7.5015 18.4377 170.1700 72.9868 258.9304 1.7445 0.6223 0.8132 -11.4005 1.5418 14.3777 -8.1594 0.0594
Pedestrian -1 -1 -4.9593 282.0278 206.2987 311.4398 287.7010 1.1053 0.2829 0.4564 -4.4300 1.4817 10.0376 -5.3615 0.0546
Car -1 -1 -4.9320 774.6927 155.6205 812.4330 180.8227 1.6238 1.6199 3.9660 12.6298 0.0209 47.5702 -4.6723 0.0527
Pedestrian -1 -1 -7.0617 829.6912 151.5528 840.1995 184.7927 1.8164 0.5003 0.2785 12.6431 0.2347 38.9229 -6.7481 0.0508
Pedestrian -1 -1 -4.6840 1181.3911 161.9159 1223.0000 267.3691 1.7201 0.5806 0.7283 10.1220 1.4174 11.9983 -3.9947 0.1951
Pedestrian -1 -1 -8.0444 838.3166 169.9769 870.2921 234.6167 1.5914 0.6229 0.7589 6.2346 1.3326 17.8266 -7.7119 0.1816
Pedestrian -1 -1 -5.4235 837.7010 157.6017 894.1703 262.7420 1.8027 0.6041 0.7391 4.5835 1.4105 12.5764 -5.0804 0.1409
Cyclist -1 -1 -5.8971 662.3790 166.7503 751.1846 253.1059 1.6844 0.5375 1.7198 2.0223 1.4165 14.4539 -5.7594 0.1385
Pedestrian -1 -1 -4.1777 661.2777 139.5260 678.7761 171.7597 1.7787 0.6465 0.8345 3.6519 -0.4988 39.8290 -4.0848 0.1326
Cyclist -1 -1 -6.7300 816.2033 167.1248 886.2225 235.0502 1.6905 0.6039 1.5766 6.2128 1.3580 17.9895 -6.4012 0.1095
Pedestrian -1 -1 -3.7870 393.4102 164.8997 443.3936 247.6045 1.7148 0.5898 0.8548 -4.0453 1.3917 15.1780 -4.0405 0.1015
Pedestrian -1 -1 -1.8952 222.5888 158.8495 264.9245 252.8649 1.8149 0.5405 0.7672 -7.2583 1.3973 14.1110 -2.3593 0.0975
Cyclist -1 -1 -8.1801 853.1222 178.5952 925.2106 282.7867 1.4923 0.5161 1.6364 4.3101 1.4654 10.9549 -7.8134 0.0932
Pedestrian -1 -1 -7.8829 264.7187 163.2164 302.0974 257.0169 1.7516 0.6417 0.8729 -6.3012 1.4292 13.7359 -8.3025 0.0897
Cyclist -1 -1 -7.7748 507.6364 164.8603 546.0818 264.3105 1.7055 0.5604 1.8175 -1.4642 1.4377 13.0420 -7.8822 0.0880
Pedestrian -1 -1 -7.9214 597.8327 159.7858 624.1324 234.1853 1.8143 0.6021 0.8068 0.1005 1.3095 17.6629 -7.9141 0.0866
Cyclist -1 -1 -6.3126 654.9673 137.6960 686.5790 170.7179 1.8219 0.6610 1.7448 3.6642 -0.5534 39.6248 -6.2189 0.0847
Pedestrian -1 -1 -4.5394 879.3526 191.3891 920.1007 286.5526 1.3287 0.4721 0.5128 4.2417 1.4928 10.2924 -4.1576 0.0824
Pedestrian -1 -1 -4.4700 861.0847 166.1780 906.1865 268.6400 1.6679 0.5619 0.7107 4.6689 1.4352 11.9618 -4.1051 0.0741
Pedestrian -1 -1 -8.5814 819.3098 180.4614 865.4659 258.7090 1.4943 0.5062 0.7249 4.6249 1.4940 13.9364 -8.2661 0.0722
Pedestrian -1 -1 -7.9065 611.7411 162.0101 638.8522 234.5971 1.7755 0.6346 0.8173 0.4590 1.3236 17.7113 -7.8792 0.0706
Pedestrian -1 -1 -6.8625 409.2018 164.2561 456.3089 247.9198 1.7343 0.5874 0.7878 -3.7315 1.3979 15.1444 -7.0975 0.0700
Pedestrian -1 -1 -8.2330 776.1906 166.8246 808.7815 233.6143 1.6402 0.5755 0.6830 4.6550 1.3047 17.7386 -7.9791 0.0683
Cyclist -1 -1 -4.6926 670.1315 139.3750 678.9687 170.4514 1.6936 0.4647 1.5855 3.9142 -0.5782 39.8752 -4.5933 0.0674
Pedestrian -1 -1 -8.2430 457.4301 175.7320 496.9617 252.8796 1.5913 0.5679 0.8034 -2.7754 1.4933 15.0755 -8.4196 0.0669
Pedestrian -1 -1 -4.3686 672.5518 172.3740 710.6098 253.6545 1.6316 0.5624 0.7598 1.7551 1.4688 14.6585 -4.2503 0.0658
Cyclist -1 -1 -4.9551 656.5847 139.0156 672.2083 170.3123 1.7042 0.4992 1.6372 3.3305 -0.5870 39.9002 -4.8703 0.0658
Pedestrian -1 -1 -4.1387 349.3986 160.9491 396.5413 246.2610 1.7785 0.6334 0.7925 -5.0248 1.3713 15.2051 -4.4499 0.0658
Pedestrian -1 -1 -5.0452 771.1145 154.9757 824.1777 260.4616 1.7929 0.6445 0.8810 3.3367 1.3595 12.4814 -4.7885 0.0653
Pedestrian -1 -1 -6.2222 1026.6335 160.1671 1069.4193 270.8057 1.7667 0.5429 0.5738 7.2690 1.4424 11.6772 -5.6760 0.0648
Pedestrian -1 -1 -6.8288 1113.8413 151.2282 1184.4619 266.6548 1.8372 0.5668 0.7247 8.8393 1.3717 11.5705 -6.1880 0.0631
Pedestrian -1 -1 -4.6639 1089.3262 152.7747 1132.5282 267.7607 1.8074 0.5513 0.6613 8.2132 1.3720 11.5436 -4.0568 0.0619
Pedestrian -1 -1 -4.0235 871.1335 199.6015 917.7497 282.4272 1.1904 0.4554 0.4674 4.2930 1.4860 10.6182 -3.6480 0.0598
Pedestrian -1 -1 -4.7425 866.9488 193.1276 900.8281 276.8693 1.2566 0.4700 0.4631 4.2791 1.4586 10.9943 -4.3793 0.0595
Pedestrian -1 -1 -4.6504 860.5219 201.5832 888.8787 276.1073 1.1427 0.4010 0.4547 4.2605 1.4885 11.2939 -4.2972 0.0593
Pedestrian -1 -1 -7.7848 667.4006 167.3811 701.9097 261.3722 1.6892 0.5870 0.8193 1.4438 1.4538 13.1623 -7.6764 0.0586
Cyclist -1 -1 -4.9200 826.0713 156.0863 881.1429 265.1630 1.8046 0.5657 1.6978 4.3386 1.4011 12.5739 -4.5938 0.0574
Cyclist -1 -1 -8.0626 956.6783 175.4757 1027.7997 284.2658 1.5408 0.5644 1.8618 5.9177 1.4700 10.9864 -7.5788 0.0572
Pedestrian -1 -1 -2.9596 1043.7515 155.5049 1093.7854 270.1643 1.8147 0.5325 0.6053 7.5528 1.4195 11.5911 -2.3930 0.0562
Pedestrian -1 -1 -5.2383 632.4172 175.2357 676.8830 261.6534 1.5253 0.4845 0.7772 0.8529 1.4328 12.9356 -5.1723 0.0562
Pedestrian -1 -1 -7.6656 647.5151 159.9873 676.7241 233.6619 1.8002 0.6090 0.7058 1.3934 1.2993 17.6976 -7.5867 0.0529
Pedestrian -1 -1 -5.0089 796.7991 159.2111 846.1882 263.8640 1.7507 0.6017 0.8033 3.6828 1.3950 12.2327 -4.7218 0.0522
Pedestrian -1 -1 -4.0136 490.8751 185.8882 523.6260 248.9817 1.3088 0.4580 0.5301 -2.1266 1.4267 15.0727 -4.1491 0.0520
Cyclist -1 -1 -3.0633 649.1439 141.5365 680.0435 172.6595 1.7388 0.6044 1.7066 3.3758 -0.4501 40.1601 -2.9779 0.0508
Pedestrian -1 -1 -4.8721 690.9694 164.6955 719.3280 234.0668 1.6957 0.5719 0.8498 2.4591 1.3097 17.7147 -4.7349 0.0508
Pedestrian -1 -1 -6.1596 502.1744 168.9207 542.1639 248.2810 1.6558 0.5671 0.7808 -1.7991 1.4146 15.0394 -6.2744 0.0503
Pedestrian -1 -1 -7.3807 888.9273 160.2694 941.9481 266.2325 1.7230 0.5790 0.6758 5.1909 1.3944 11.9354 -6.9784 0.0503
Car -1 -1 -3.1490 494.4093 167.1589 652.6873 234.8586 1.6682 1.6937 3.9192 -0.8536 1.3398 18.3691 -3.1929 0.1253
Car -1 -1 -7.8632 657.8376 140.1074 687.9472 169.0449 1.5455 1.6695 3.7920 3.9322 -0.7004 41.2764 -7.7668 0.1026
