Pedestrian -1 -1 -5.5716 475.0946 176.6784 488.9860 203.1891 1.8099 0.5683 0.7571 -8.8669 2.0760 49.8226 -5.7473 0.2441
Cyclist -1 -1 -4.5234 811.8125 180.2379 829.9686 218.2831 1.5486 0.4766 1.4534 8.8542 1.8674 30.4195 -4.2434 0.1289
Pedestrian -1 -1 -3.2427 890.1876 162.7375 936.2711 256.7198 1.7592 0.4915 0.7643 5.7554 1.5695 13.8490 -2.8572 0.1059
Pedestrian -1 -1 -3.7387 941.5384 155.1617 991.6086 271.3264 1.8185 0.5960 0.4649 5.6810 1.5412 11.6253 -3.2948 0.0923
Pedestrian -1 -1 -2.2005 332.8815 155.3936 396.5627 274.4038 1.9332 0.6093 0.9002 -4.2124 1.6493 12.2292 -2.5263 0.0765
Cyclist -1 -1 -3.4872 689.9144 172.5089 747.2095 224.0859 1.7122 0.6026 1.8220 3.6238 1.7004 24.4291 -3.3424 0.0734
Car -1 -1 -2.5209 504.8777 178.7832 554.1796 198.5000 1.5012 1.6546 3.6167 -6.4457 1.9866 57.5037 -2.6324 0.0720
Car -1 -1 -7.0595 1155.6791 140.7736 1241.0000 374.0000 1.6094 1.6892 4.5228 7.2903 1.3990 5.7875 -6.1845 0.0644
Pedestrian -1 -1 -3.3290 786.9794 170.4056 795.1777 194.9431 1.8484 0.6880 0.4815 13.6997 1.6637 54.7115 -3.0853 0.0574
Car -1 -1 -4.3999 469.3227 180.0452 524.5919 211.4246 1.5090 1.6543 4.2037 -5.9047 1.9086 37.9154 -4.5538 0.0510
Pedestrian -1 -1 -8.3902 1116.9884 141.1442 1202.7589 296.6629 1.8250 0.6058 0.5988 6.6251 1.4526 8.7933 -7.7610 0.0506
Car -1 -1 -4.4537 669.7029 178.2727 722.0351 211.9905 1.4719 1.5761 3.6783 4.0732 1.7430 34.1404 -4.3365 0.0504
Pedestrian -1 -1 -5.6761 49.4895 166.7830 135.9219 304.6504 1.8323 0.6153 0.7455 -7.1346 1.7513 9.8991 -6.2882 0.1951
Pedestrian -1 -1 -5.8573 739.9383 163.5843 766.2755 214.1477 1.9702 0.6662 0.8244 5.6332 1.6087 28.6244 -5.6655 0.1468
Pedestrian -1 -1 -5.4588 0.0000 176.0448 62.8132 325.8086 1.7281 0.5475 0.6922 -7.1742 1.7675 8.6609 -6.1357 0.1245
Cyclist -1 -1 -7.5843 140.4180 176.1975 196.2105 285.7160 1.7112 0.3359 1.7648 -7.5028 1.7717 12.2238 -8.1254 0.0990
Pedestrian -1 -1 -4.4224 753.1688 169.8518 773.2551 216.6066 1.8078 0.6447 0.5390 5.9633 1.6915 28.2896 -4.2174 0.0831
Cyclist -1 -1 -7.5589 739.2764 171.2394 764.2506 214.9185 1.6907 0.4849 1.7947 5.6325 1.6279 28.8348 -7.3685 0.0806
Pedestrian -1 -1 -7.3895 66.4240 156.2397 132.2862 290.0896 1.9183 0.6175 0.5356 -7.5786 1.6799 10.6497 -7.9965 0.0670
Pedestrian -1 -1 -4.4315 736.8060 168.9166 757.3484 216.3748 1.8294 0.6180 0.7188 5.3289 1.6773 28.2726 -4.2477 0.0638
Cyclist -1 -1 -3.4351 692.5911 168.0679 751.8569 221.3358 1.7717 0.5945 1.8913 3.7457 1.6122 24.4284 -3.2854 0.0600
Pedestrian -1 -1 -8.6635 758.3378 172.6886 779.4916 215.4517 1.7095 0.6498 0.5381 6.3972 1.7026 29.2498 -8.4509 0.0528
Car -1 -1 -8.0874 543.4400 175.7743 570.8254 194.0589 1.5393 1.6153 3.5452 -4.6886 1.8030 63.2949 -8.1614 0.5958
Car -1 -1 -4.5590 536.9764 175.8131 559.8283 192.9140 1.5818 1.6171 3.8937 -5.9173 1.8745 69.4316 -4.6441 0.1971
Car -1 -1 -2.6370 268.1762 184.4436 425.2613 238.9969 1.4851 1.6170 4.0718 -7.7466 1.8439 21.2376 -2.9832 0.1277
Car -1 -1 -4.7404 572.0021 173.1920 592.6388 193.7069 1.7241 1.6778 3.8679 -2.4556 1.7541 62.6920 -4.7798 0.1236
Car -1 -1 -7.8666 336.9522 187.3164 418.2699 262.8859 1.4797 1.6359 4.1748 -5.6126 1.8696 17.2247 -8.1778 0.1164
Car -1 -1 -5.0393 790.8350 166.6464 831.1562 190.1394 1.6587 1.6715 3.9082 14.6655 1.2202 52.9444 -4.7708 0.1137
Car -1 -1 -4.3752 468.0921 176.5807 505.7194 197.2800 1.5661 1.6596 4.2162 -9.8041 1.8748 57.6065 -4.5434 0.0936
Car -1 -1 -4.3305 436.3535 180.8548 471.9076 200.0908 1.4819 1.6193 3.6039 -12.7504 2.1580 59.0892 -4.5424 0.0748
Car -1 -1 -4.6167 515.5712 178.3809 545.0850 202.4500 1.5754 1.6623 4.0566 -5.5332 1.9753 50.2030 -4.7263 0.0718
