Pedestrian -1 -1 -3.0400 512.2742 142.7461 609.7352 299.4979 1.9252 0.5356 1.1871 -0.5947 1.4619 8.9748 -3.1020 0.8412
Pedestrian -1 -1 -5.0038 985.7323 205.0495 1077.4940 369.0000 1.3196 0.4248 0.5940 3.1425 1.5171 5.3400 -4.4955 0.0830
Pedestrian -1 -1 -1.9503 31.8468 164.8112 80.0257 252.6945 1.7403 0.5565 0.7136 -11.2447 1.4300 14.4234 -2.6000 0.0807
Pedestrian -1 -1 -4.0496 347.6257 157.5237 397.4101 244.5000 1.8079 0.6352 0.8370 -5.0326 1.3307 15.1993 -4.3612 0.0686
Pedestrian -1 -1 -2.6927 671.9731 157.7775 713.1168 232.7492 1.8252 0.5858 0.8523 2.1491 1.2724 17.6900 -2.5722 0.0649
Pedestrian -1 -1 -4.5214 74.9938 162.6895 119.8606 259.9031 1.7483 0.5435 0.7305 -9.4809 1.4284 13.1603 -5.1325 0.0644
Pedestrian -1 -1 -8.2498 776.9922 167.1928 809.4355 233.9444 1.6357 0.5862 0.6236 4.6573 1.3100 17.6758 -7.9949 0.0642
Pedestrian -1 -1 -4.6734 380.4538 195.0829 407.5988 271.7221 1.1723 0.3903 0.5479 -3.4001 1.4111 11.2472 -4.9573 0.0583
Pedestrian -1 -1 -4.9209 259.7952 162.3982 303.4197 255.0338 1.7296 0.6064 0.8822 -6.3353 1.3920 13.7366 -5.3424 0.0576
Pedestrian -1 -1 -4.8686 1160.1671 228.1364 1223.0000 361.6206 1.1021 0.3571 0.5628 5.2554 1.5566 6.4076 -4.2040 0.0574
Pedestrian -1 -1 -3.5178 89.7047 163.3182 139.8278 254.4764 1.7632 0.5235 0.6797 -9.8210 1.4313 14.1044 -4.1137 0.0564
Car -1 -1 -2.2304 0.0000 170.2356 0.0000 288.4891 1.5582 1.6211 4.2378 -11.5866 1.4233 10.3027 -3.0572 0.0550
Car -1 -1 -4.1511 456.3631 165.7542 579.0256 229.5742 1.6800 1.6447 4.0844 -2.4782 1.2921 20.8094 -4.2661 0.0505
Pedestrian -1 -1 -1.8080 63.6096 174.3115 93.5352 231.6817 1.6248 0.5407 0.7408 -15.2796 1.4498 20.4700 -2.4400 0.0505
Pedestrian -1 -1 -8.1421 838.4089 169.3261 871.1825 233.8410 1.5927 0.6175 0.6398 6.2353 1.3172 17.7889 -7.8089 0.1783
Pedestrian -1 -1 -7.4949 666.2856 146.6204 682.5365 178.4435 1.7692 0.7120 0.6962 3.8997 -0.1171 39.8380 -7.3960 0.1324
Cyclist -1 -1 -6.9024 704.2614 163.1580 748.4152 212.6416 1.8232 0.6862 1.5290 4.5514 1.1845 26.6920 -6.7338 0.1301
Cyclist -1 -1 -4.8709 700.5590 166.5557 721.0676 213.2119 1.7353 0.5398 1.5154 4.0090 1.2169 27.0589 -4.7238 0.1250
Cyclist -1 -1 -8.1705 839.3309 167.9709 879.7826 234.6835 1.6301 0.5323 1.4569 6.4221 1.3243 18.0111 -7.8319 0.1135
Cyclist -1 -1 -8.2474 847.3941 177.5300 925.6664 280.3510 1.4872 0.5252 1.6432 4.3069 1.4447 11.0561 -7.8839 0.1081
Pedestrian -1 -1 -3.0539 1164.0206 156.1312 1223.0000 264.7500 1.7997 0.5603 0.7723 10.1104 1.3963 12.1847 -2.3725 0.1069
Pedestrian -1 -1 -4.6083 674.8129 169.8368 709.8889 252.1697 1.6425 0.6437 0.7636 1.7591 1.4301 14.5490 -4.4889 0.1055
Cyclist -1 -1 -6.8495 695.4881 164.5602 736.0158 212.1512 1.7791 0.5640 1.4525 4.1975 1.1835 26.9808 -6.6952 0.1026
Pedestrian -1 -1 -3.9723 855.4128 161.1140 910.9827 265.3478 1.7095 0.5994 0.6470 4.6713 1.3920 12.0094 -3.6085 0.0956
Pedestrian -1 -1 -4.8765 863.0688 190.2600 902.4567 275.4563 1.2840 0.4904 0.4992 4.2691 1.4405 11.0162 -4.5147 0.0928
Cyclist -1 -1 -8.4905 684.3167 166.8921 721.0255 211.5342 1.6568 0.5252 1.6276 3.6960 1.1520 27.0799 -8.3547 0.0903
Pedestrian -1 -1 -4.8789 449.4948 163.3772 484.2681 248.0593 1.7415 0.5948 0.8479 -2.9907 1.3897 15.0418 -5.0693 0.0900
Cyclist -1 -1 -8.0024 707.3719 166.7839 725.7359 210.8407 1.6477 0.4615 1.6119 4.2597 1.1350 27.2513 -7.8474 0.0870
Pedestrian -1 -1 -4.7902 860.4343 197.8660 891.0972 274.1174 1.1711 0.4127 0.5108 4.2703 1.4564 11.2988 -4.4364 0.0843
Cyclist -1 -1 -6.3117 659.5480 143.8489 691.6238 177.1281 1.8425 0.6944 1.7697 3.9347 -0.1909 39.6392 -6.2115 0.0837
Pedestrian -1 -1 -3.0307 819.3369 177.0293 858.4000 254.5888 1.5035 0.4832 0.6921 4.6091 1.4366 14.0684 -2.7191 0.0814
Pedestrian -1 -1 -4.0462 409.5769 164.3274 454.0084 247.1339 1.7162 0.5520 0.7909 -3.7434 1.3813 15.1281 -4.2821 0.0809
Cyclist -1 -1 -6.4775 815.9752 166.8254 885.3861 234.4228 1.6818 0.6064 1.5785 6.1919 1.3419 17.9961 -6.1499 0.0782
Pedestrian -1 -1 -4.0874 747.0781 170.6538 794.6147 255.2467 1.6434 0.5432 0.8419 3.2913 1.4525 14.2182 -3.8631 0.0750
Cyclist -1 -1 -6.4733 657.5291 146.2016 689.6890 177.3998 1.7500 0.6577 1.7240 3.8776 -0.1777 40.1485 -6.3757 0.0743
Pedestrian -1 -1 -7.7685 703.0316 169.6667 721.5179 215.0838 1.6745 0.6330 0.6355 3.9859 1.2753 26.4507 -7.6190 0.0739
Pedestrian -1 -1 -5.4778 958.0803 159.3218 1014.9703 266.7242 1.7071 0.5511 0.6111 6.2059 1.3709 11.6089 -4.9964 0.0701
Pedestrian -1 -1 -6.3306 1136.2341 150.2161 1194.9885 266.1835 1.8225 0.6164 0.7151 9.1041 1.3469 11.5689 -5.6755 0.0691
Pedestrian -1 -1 -4.2171 348.9091 157.7367 396.5725 244.5980 1.8097 0.6484 0.8449 -5.0279 1.3358 15.2058 -4.5283 0.0682
Cyclist -1 -1 -4.7167 664.6049 144.4492 675.0652 175.3951 1.6967 0.5758 1.7718 3.6484 -0.2951 39.9734 -4.6243 0.0673
Pedestrian -1 -1 -7.4009 895.1387 159.5610 947.4161 266.0055 1.7297 0.6030 0.6061 5.2797 1.3898 11.9156 -6.9919 0.0668
Pedestrian -1 -1 -4.8209 1066.3363 148.5763 1113.4756 264.1415 1.8213 0.5597 0.6434 7.8629 1.3186 11.5576 -4.2346 0.0653
Pedestrian -1 -1 -7.8048 667.7969 169.9801 701.1700 261.7800 1.6516 0.5821 0.8229 1.4417 1.4627 13.1724 -7.6967 0.0652
Cyclist -1 -1 -5.1850 665.2742 163.6861 697.4600 207.8168 1.7104 0.5731 1.6856 3.0123 1.0590 28.2929 -5.0783 0.0640
Cyclist -1 -1 -7.8104 508.9545 163.9745 543.5426 263.8554 1.7146 0.5538 1.8306 -1.4805 1.4313 13.0685 -7.9187 0.0625
Cyclist -1 -1 -3.8081 916.6591 175.2227 1064.0571 288.8953 1.5259 0.7406 1.7609 5.3864 1.4554 10.0166 -3.3261 0.0616
Pedestrian -1 -1 -4.9042 780.5555 161.0595 825.1891 265.1347 1.7430 0.5918 0.8261 3.3725 1.4178 12.2741 -4.6409 0.0614
Pedestrian -1 -1 -2.8314 844.0776 161.0220 892.1740 264.2513 1.7638 0.6021 0.6490 4.6112 1.4314 12.5174 -2.4849 0.0610
Pedestrian -1 -1 -7.7105 707.9797 163.9301 727.3214 211.8059 1.7816 0.6482 0.5595 4.2221 1.1652 26.6738 -7.5536 0.0599
Pedestrian -1 -1 -8.5382 594.8839 159.4603 633.3572 234.0946 1.8108 0.5907 0.7942 0.1824 1.3007 17.6493 -8.5263 0.0575
Pedestrian -1 -1 -6.1486 509.2892 159.8324 559.4457 247.4528 1.8239 0.5551 0.9943 -1.5358 1.3941 15.0136 -6.2466 0.0566
Pedestrian -1 -1 -5.5213 694.9680 168.7389 743.9239 252.6687 1.6587 0.5739 0.8181 2.2915 1.4266 14.4726 -5.3660 0.0545
Pedestrian -1 -1 -4.5407 1104.8356 152.3174 1153.9713 266.6358 1.7999 0.5558 0.6084 8.5124 1.3565 11.5435 -3.9168 0.0537
Pedestrian -1 -1 -4.6405 1087.4888 145.1503 1132.3112 262.6738 1.8469 0.5589 0.6482 8.1928 1.2918 11.5392 -4.0344 0.0532
Pedestrian -1 -1 -3.8594 484.6476 166.7991 537.8647 261.8771 1.6696 0.6184 0.7378 -1.7553 1.4294 12.8975 -3.9896 0.0510
Pedestrian -1 -1 -7.6921 523.1852 159.8590 561.3790 258.5262 1.7382 0.5638 0.8570 -1.1817 1.3750 12.9046 -7.7794 0.0504
Car -1 -1 -7.7131 662.9534 148.7817 700.0280 176.2832 1.5028 1.6510 3.6405 4.4879 -0.2574 41.2095 -7.6034 0.2265
Car -1 -1 -3.1244 495.8578 166.3241 649.4231 233.1898 1.6553 1.6664 3.8095 -0.8623 1.3047 18.3875 -3.1687 0.0934
Car -1 -1 -5.2689 643.6277 171.8732 726.2487 210.4261 1.4097 1.5578 3.5893 3.0406 1.0945 27.8091 -5.1595 0.0510
Car -1 -1 -7.6726 691.0300 146.5825 731.5229 175.0600 1.5133 1.6176 3.8726 6.1153 -0.3274 40.4669 -7.5217 0.0500
