Pedestrian -1 -1 -7.5617 910.0859 163.2635 922.2916 195.1573 1.6987 0.5186 0.3590 16.6930 0.7808 37.9635 -7.1488 0.1969
Pedestrian -1 -1 -3.8954 36.5019 205.8724 61.9504 248.4854 1.1834 0.3778 0.4283 -15.8857 1.9160 20.1647 -4.5535 0.1218
Pedestrian -1 -1 -3.9954 0.0000 210.3904 21.1316 260.8905 1.2654 0.4391 0.5527 -15.6266 2.0524 18.3298 -4.6914 0.1149
Pedestrian -1 -1 -6.5529 995.8604 145.8899 1071.0846 279.6957 1.7861 0.4015 0.8042 5.8312 1.3245 9.7344 -6.0257 0.1100
Pedestrian -1 -1 -3.5361 724.6562 162.7977 736.8399 186.6452 1.8753 0.5500 0.7990 9.9580 0.4832 55.9554 -3.3592 0.1051
Pedestrian -1 -1 -7.8667 121.0509 173.3968 135.9257 216.3533 2.0822 0.6006 0.7288 -23.4351 1.7380 34.7420 -8.4542 0.0910
Pedestrian -1 -1 -3.6587 703.2546 162.7069 713.2719 182.3306 1.8753 0.4917 0.8159 9.9462 0.1748 67.9449 -3.5122 0.0752
Pedestrian -1 -1 -2.7410 0.0000 173.4958 20.9915 205.3012 1.8604 0.5418 0.9021 -35.1672 1.4508 41.7467 -3.4356 0.0653
Pedestrian -1 -1 -5.6558 587.3921 168.8790 597.4886 187.0589 1.7084 0.5990 0.7455 -1.1660 0.6162 66.9012 -5.6714 0.0640
Pedestrian -1 -1 -6.2953 333.3819 175.3938 339.8047 198.8165 1.8904 0.6817 0.4817 -21.8070 1.4782 57.4684 -6.6545 0.0616
Pedestrian -1 -1 -5.3575 180.7746 179.2557 199.6891 218.0533 1.8140 0.5728 0.5227 -19.6266 1.7560 33.4245 -5.8827 0.0615
Car -1 -1 -7.7098 632.1898 169.0399 673.0723 199.4452 1.5168 1.6008 3.9592 2.5528 0.9453 37.3767 -7.6404 0.0582
Car -1 -1 -4.5405 100.9894 166.5879 135.1477 187.2866 1.6432 1.6455 3.9981 -40.0798 0.5387 58.2896 -5.1385 0.0530
Car -1 -1 -4.3533 637.4732 170.0117 680.5010 192.0437 1.4852 1.6435 4.2324 3.8602 0.7782 49.9281 -4.2749 0.0529
Car -1 -1 -4.6924 427.5295 175.2907 446.0562 192.4743 1.6206 1.6642 4.2181 -16.3415 1.1292 68.9179 -4.9225 0.0526
Car -1 -1 -7.3099 1216.0132 139.0110 1223.0000 369.0000 1.5625 1.6446 4.2824 7.6530 1.2865 5.8020 -6.4124 0.0508
Car -1 -1 -4.7694 1130.9457 154.8531 1180.5433 187.6496 1.5015 1.6612 4.0127 26.7755 0.3275 34.4958 -4.1121 0.0505
Cyclist -1 -1 -5.1528 877.0094 156.9279 907.5736 195.9914 1.7995 0.6322 1.7908 13.5647 0.7138 33.4827 -4.7694 0.5174
Pedestrian -1 -1 -7.6453 279.3401 178.2233 316.0145 256.5304 1.5617 0.5714 0.6071 -6.3192 1.5166 14.4537 -8.0477 0.5167
Pedestrian -1 -1 -3.2641 994.8862 156.8385 1025.2576 225.8253 1.7252 0.6180 0.5977 10.3087 1.1338 18.0806 -2.7517 0.3183
Pedestrian -1 -1 -4.0213 789.4498 162.5902 807.7618 195.7334 1.7444 0.6080 0.7416 10.3004 0.8019 37.6762 -3.7548 0.2170
Pedestrian -1 -1 -5.9394 508.3670 165.5042 521.2908 188.1833 1.9394 0.4585 1.0068 -7.7382 0.6570 60.7970 -6.0636 0.2108
Pedestrian -1 -1 -3.1585 776.0626 157.7436 793.2035 190.9931 1.8890 0.5782 0.9421 10.2878 0.5963 40.5595 -2.9102 0.2052
Pedestrian -1 -1 -5.7168 1158.4758 170.1165 1198.8218 241.6656 1.3949 0.4148 0.4765 11.3707 1.1928 14.0777 -5.0468 0.1690
Pedestrian -1 -1 -3.2670 964.4961 151.6784 1009.5729 221.8767 1.8359 0.5112 1.0007 10.1632 1.0825 18.9084 -2.7791 0.1543
Pedestrian -1 -1 -3.3852 1169.6262 160.1109 1194.3275 220.7045 1.4851 0.4508 0.3755 14.3254 0.9857 17.6122 -2.7095 0.1511
Cyclist -1 -1 -7.7920 806.6501 165.2735 818.1243 197.3743 1.6191 0.4740 1.5861 10.6910 0.8513 36.4895 -7.5076 0.1460
Cyclist -1 -1 -8.1991 980.8189 152.3786 1023.6849 223.3260 1.7628 0.3814 1.7817 10.3134 1.0644 18.4779 -7.6956 0.1347
Cyclist -1 -1 -6.7513 34.9316 184.8882 105.2378 246.5756 1.7151 0.5008 1.5753 -15.5861 1.8482 20.5905 -7.3903 0.1288
Pedestrian -1 -1 -8.0607 541.1977 166.5789 553.0334 197.5236 1.8449 0.5840 0.6772 -3.4959 1.0150 42.5617 -8.1403 0.1189
Cyclist -1 -1 -8.2534 957.8587 157.2379 992.4175 208.3209 1.6586 0.4179 1.6349 12.3992 0.9036 23.7887 -7.7767 0.1096
Cyclist -1 -1 -7.2083 30.4894 190.4038 87.7165 248.4698 1.5969 0.4014 1.6419 -15.8687 1.8965 20.5470 -7.8569 0.1090
Cyclist -1 -1 -8.7862 1007.0436 157.1999 1087.0345 225.4776 1.6289 0.5287 1.7209 11.0251 1.0733 17.7647 -8.2371 0.0964
Cyclist -1 -1 -7.2004 1060.0054 152.6652 1137.8446 224.3889 1.7024 0.6460 1.7472 12.0833 1.0420 17.3603 -6.5992 0.0859
Pedestrian -1 -1 -5.8598 581.1269 167.6142 595.9407 193.0648 1.7789 0.5251 0.9084 -1.1600 0.8783 49.8394 -5.8812 0.0856
Cyclist -1 -1 -8.3101 963.9943 152.7951 1010.6547 221.6430 1.7566 0.3689 1.7093 10.1511 1.0500 18.8996 -7.8225 0.0851
Cyclist -1 -1 -8.2056 997.0359 154.4226 1041.8749 223.2692 1.6911 0.3988 1.7717 10.6424 1.0509 18.2746 -7.6840 0.0830
Pedestrian -1 -1 -7.6738 1180.0594 157.3965 1211.6051 219.8641 1.5061 0.5182 0.4997 14.5026 0.9494 17.4066 -6.9865 0.0805
Pedestrian -1 -1 -6.6384 559.8223 167.6027 575.9112 195.4993 1.7858 0.5551 0.9018 -2.4061 0.9603 45.6958 -6.6889 0.0792
Cyclist -1 -1 -6.5309 1009.6108 157.6983 1094.7521 225.4022 1.6331 0.6000 1.6927 11.0546 1.0834 17.5965 -5.9764 0.0763
Cyclist -1 -1 -4.6399 511.2649 168.4106 518.9986 188.7594 1.7254 0.5300 1.7856 -7.7159 0.7003 60.8578 -4.7636 0.0757
Pedestrian -1 -1 -5.5648 1051.2532 166.8840 1079.0925 223.8184 1.3953 0.4202 0.4034 11.3970 1.0619 17.5797 -4.9962 0.0727
Pedestrian -1 -1 -2.9587 874.5690 157.8465 893.7693 196.7700 1.8005 0.5919 0.7432 13.0697 0.7528 33.1545 -2.5847 0.0718
Cyclist -1 -1 -3.3399 1110.9072 156.9860 1221.8533 245.8890 1.6988 0.6269 1.6432 11.1425 1.2499 14.1559 -2.6824 0.0705
Pedestrian -1 -1 -5.5414 1150.2396 166.4216 1199.2892 243.5272 1.4830 0.4637 0.5940 11.1692 1.2126 13.9293 -4.8750 0.0691
Cyclist -1 -1 -3.0584 870.5639 153.8475 911.6467 193.0912 1.8177 0.6041 1.7562 13.4954 0.5834 33.4127 -2.6761 0.0666
Pedestrian -1 -1 -8.7500 772.0099 166.6787 786.8629 195.9638 1.6297 0.6004 0.5578 9.7933 0.8607 39.7502 -8.5086 0.0651
Cyclist -1 -1 -7.6512 378.0712 173.8948 394.3145 205.0504 1.7417 0.5545 1.6863 -12.5024 1.3726 40.3925 -7.9475 0.0648
Pedestrian -1 -1 -6.0185 1174.4276 158.3731 1222.4601 242.5254 1.6045 0.5689 0.5993 11.6088 1.1830 13.8899 -5.3320 0.0646
Cyclist -1 -1 -2.1794 0.0000 193.0779 39.0580 260.4684 1.7168 0.4961 1.5850 -15.8053 2.0566 18.6298 -2.8731 0.0585
Cyclist -1 -1 -4.6603 513.8790 167.2897 526.9335 200.4800 1.7943 0.6230 1.7882 -4.6879 1.0803 39.1371 -4.7768 0.0584
Cyclist -1 -1 -3.8090 797.2581 163.5987 831.2900 197.8287 1.7303 0.5938 1.6676 10.7353 0.8761 36.3266 -3.5223 0.0578
Cyclist -1 -1 -2.7594 22.6784 187.2476 98.4124 247.5083 1.6816 0.5301 1.6466 -15.6503 1.8801 20.3071 -3.4069 0.0570
Cyclist -1 -1 -8.5119 1022.6923 156.0162 1086.0498 223.9442 1.6425 0.4167 1.6611 11.3271 1.0508 17.9442 -7.9551 0.0568
Pedestrian -1 -1 -3.2004 976.3331 150.7226 1019.7734 223.6213 1.8665 0.5415 0.9614 10.2597 1.1044 18.5536 -2.7009 0.0560
Cyclist -1 -1 -4.1044 0.0000 192.4971 43.4145 262.1126 1.7372 0.4788 1.4554 -15.6202 2.0664 18.6443 -4.7919 0.0558
Cyclist -1 -1 -5.5870 237.2370 174.5102 328.6342 261.0892 1.7012 0.6001 1.7151 -6.6089 1.5839 14.4158 -6.0069 0.0558
Cyclist -1 -1 -8.6259 871.4323 158.1024 909.4276 196.6402 1.7559 0.5452 1.8024 13.3422 0.7356 33.1526 -8.2448 0.0549
Cyclist -1 -1 -8.1237 772.4396 160.2157 790.6995 192.7571 1.8267 0.5799 1.7037 10.1030 0.6881 40.5478 -7.8796 0.0535
Pedestrian -1 -1 -5.3022 1103.4756 174.7513 1132.8328 232.4685 1.2669 0.3591 0.4105 11.3681 1.1411 15.7305 -4.6843 0.0518
Cyclist -1 -1 -7.0004 1149.0387 153.6191 1223.0000 220.8928 1.6280 0.5544 1.7060 14.4120 0.9778 17.4158 -6.3164 0.0506
Cyclist -1 -1 -7.6013 34.1704 192.2885 68.5014 248.9031 1.5552 0.3711 1.6702 -16.1588 1.9131 20.6130 -8.2571 0.0502
Pedestrian -1 -1 -7.2371 485.7628 169.8795 503.0126 203.6412 1.7944 0.7333 0.5491 -5.9573 1.2300 37.9880 -7.3896 0.0500
Car -1 -1 -6.7150 964.6469 157.6240 1124.8553 204.7625 1.4941 1.6473 4.2137 14.4436 0.7693 23.4714 -6.1677 0.9045
Car -1 -1 -4.4048 226.5345 180.3646 306.0503 223.1180 1.6621 1.7574 4.3525 -14.1543 1.6570 29.7592 -4.8430 0.8513
Car -1 -1 -4.6508 439.6948 174.6751 476.1323 203.9369 1.4838 1.6653 3.8687 -7.8442 1.1886 37.8843 -4.8516 0.8286
Car -1 -1 -7.2025 0.0000 202.2477 292.1054 369.0000 1.4722 1.5413 3.7149 -3.1237 1.6370 3.4588 -7.8911 0.7142
Car -1 -1 -2.6711 319.6025 175.3405 399.5411 204.5551 1.6257 1.6790 3.9970 -14.0240 1.3387 40.4561 -3.0007 0.4178
Car -1 -1 -4.2353 84.4198 180.7139 142.3419 205.1202 1.6037 1.6179 3.9569 -33.6795 1.6190 48.5572 -4.8370 0.3214
Car -1 -1 -4.5739 0.0000 183.3742 19.3008 212.9696 1.4820 1.6288 4.1962 -32.9073 1.6457 38.0402 -5.2813 0.1923
Car -1 -1 -8.0299 584.0242 167.1727 607.5452 183.4168 1.5337 1.6108 4.0422 -0.9036 0.2752 68.8910 -8.0411 0.1337
Car -1 -1 -7.9585 481.4121 172.7439 517.9313 200.5937 1.4927 1.6244 4.1713 -6.0359 1.0771 40.1179 -8.1049 0.1053
Car -1 -1 -5.3826 765.8695 168.7398 820.8856 191.1101 1.4130 1.5123 3.7322 12.3758 0.6702 46.6720 -5.1233 0.0909
Car -1 -1 -5.2923 44.9145 190.2007 136.6553 224.6798 1.4709 1.6727 3.6780 -23.5896 1.9356 32.4154 -5.9152 0.0849
Car -1 -1 -5.1983 1040.7559 162.9751 1176.6929 227.4108 1.4285 1.4628 2.9389 12.0777 1.0403 17.2208 -4.5937 0.0514
