Pedestrian -1 -1 -7.4439 1222.4811 161.6181 1241.0000 207.1824 1.7070 0.5965 0.3714 23.6532 1.2858 27.3810 -6.7369 0.1772
Cyclist -1 -1 -4.4304 161.6551 179.8800 191.5017 226.6276 1.6052 0.5097 1.5167 -15.5365 1.8641 25.8146 -4.9678 0.0865
Pedestrian -1 -1 -7.9669 1138.5487 162.3948 1154.8575 196.3488 1.7237 0.6068 0.5844 27.5024 1.1924 37.0332 -7.3321 0.0747
Pedestrian -1 -1 -7.9941 1014.1158 169.0468 1033.6437 211.9861 1.7100 0.5976 0.6345 16.6648 1.5581 29.1395 -7.4794 0.0668
Cyclist -1 -1 -4.5680 405.3866 172.8996 418.4655 198.5081 1.7261 0.6299 1.6831 -13.6159 1.7290 49.5123 -4.8353 0.0640
Car -1 -1 -4.7513 921.1938 157.7759 945.2033 177.8178 1.5879 1.6402 3.7758 26.4676 0.3930 59.2231 -4.3330 0.0596
Car -1 -1 -7.8114 1109.1409 155.8587 1136.5193 177.0626 1.6268 1.6179 4.0228 40.8217 0.3226 57.4439 -7.1960 0.0547
Pedestrian -1 -1 -8.4595 1027.7201 159.0409 1075.7491 251.1530 1.8198 0.6042 0.5765 8.8537 1.5466 14.5634 -7.9228 0.0542
Pedestrian -1 -1 -5.6221 50.1758 180.8685 71.1454 214.9754 1.8896 0.7940 0.5704 -30.9153 2.3444 40.5645 -6.2703 0.0524
Pedestrian -1 -1 -7.6245 946.1898 161.6230 991.1263 255.7514 1.8769 0.7290 0.5315 7.3145 1.6527 14.8233 -7.1747 0.0511
Cyclist -1 -1 -3.6880 1191.4376 146.5995 1238.2983 182.2416 1.8675 0.6437 1.8389 32.0190 0.4916 38.2588 -2.9949 0.0505
Pedestrian -1 -1 -5.7273 458.4070 171.5383 483.5205 221.7822 1.7135 0.7531 0.5407 -4.8704 1.6683 25.0553 -5.9178 0.5177
Cyclist -1 -1 -3.2329 874.2623 168.4003 958.7163 233.5506 1.6577 0.8630 1.9756 8.0057 1.5441 19.0629 -2.8414 0.3892
Pedestrian -1 -1 -4.5227 472.7622 173.8799 493.7306 217.8426 1.6510 0.6653 0.7084 -4.8665 1.6902 27.4726 -4.6969 0.2899
Pedestrian -1 -1 -3.2095 788.2999 166.7042 800.6556 205.5565 1.7945 0.6597 0.5127 8.5703 1.5101 33.6955 -2.9629 0.2803
Pedestrian -1 -1 -6.5355 624.8373 169.8497 634.7173 194.8943 1.8414 0.6839 0.5783 1.4337 1.6202 53.4494 -6.5092 0.2041
Cyclist -1 -1 -7.7458 433.9970 176.9277 443.5099 200.9306 1.5997 0.4637 1.5774 -11.6974 1.8816 49.1734 -7.9785 0.1579
Pedestrian -1 -1 -5.4107 851.6079 161.9431 875.2906 205.4964 1.8843 0.6237 0.7817 11.0860 1.4120 31.6941 -5.0776 0.1481
Pedestrian -1 -1 -7.6089 118.5972 181.5423 136.7832 217.2342 1.7334 0.5948 0.6991 -23.8846 2.1679 35.6791 -8.1956 0.1219
Pedestrian -1 -1 -3.2459 1014.6459 159.8991 1031.8954 187.6438 1.8748 0.5789 0.9638 28.1503 0.9991 49.2139 -2.7291 0.1049
Cyclist -1 -1 -8.0905 781.7410 167.8626 798.6136 203.9331 1.6732 0.4157 1.5642 8.5029 1.4413 34.2526 -7.8497 0.1028
Pedestrian -1 -1 -2.8978 906.8365 163.7580 938.3749 232.6296 1.7810 0.6838 0.6246 8.2349 1.5455 19.1196 -2.4972 0.1017
Cyclist -1 -1 -8.5083 770.6340 166.4582 801.0930 203.9288 1.7258 0.5347 1.5914 8.2490 1.4309 34.0673 -8.2731 0.0965
Cyclist -1 -1 -6.8260 1198.6616 150.2493 1241.0000 186.6984 1.8820 0.6809 1.7756 31.9538 0.7145 37.7298 -6.1272 0.0856
Cyclist -1 -1 -8.0093 789.0512 167.9468 802.5308 204.3403 1.6900 0.3756 1.5703 8.7845 1.4618 34.3044 -7.7611 0.0854
Cyclist -1 -1 -4.3545 847.1073 165.0471 873.8030 205.1677 1.7299 0.5483 1.7414 11.0598 1.3930 31.9584 -4.0245 0.0718
Pedestrian -1 -1 -8.0626 1177.8793 150.7216 1197.2148 189.3005 1.9418 0.6413 0.6698 29.3782 0.8275 36.7596 -7.3923 0.0690
Pedestrian -1 -1 -4.1072 1066.0997 155.2147 1086.3867 190.7128 1.8357 0.5870 0.7191 24.3348 0.9232 37.7230 -3.5380 0.0674
Cyclist -1 -1 -3.6734 1137.2880 151.6566 1183.4540 188.4280 1.8695 0.5861 1.8458 28.2322 0.7915 37.0810 -3.0266 0.0624
Cyclist -1 -1 -7.8446 447.4464 170.8165 466.2600 224.4821 1.7584 0.6046 1.7323 -5.2495 1.6914 24.5510 -8.0536 0.0586
Pedestrian -1 -1 -7.0364 802.2324 169.3588 818.4039 198.9872 1.7009 0.5069 0.7635 11.5746 1.5000 41.8251 -6.7687 0.0571
Cyclist -1 -1 -4.7100 481.7104 170.7611 496.6140 216.9735 1.7306 0.5514 1.5144 -4.7015 1.6519 27.8122 -4.8764 0.0569
Pedestrian -1 -1 -6.4841 622.7455 170.7657 632.3899 195.3425 1.7969 0.7060 0.5800 1.2624 1.6439 53.1524 -6.4609 0.0554
Cyclist -1 -1 -7.8448 465.9563 168.8350 483.9490 224.0433 1.8166 0.5833 1.7294 -4.6516 1.6841 24.6443 -8.0300 0.0543
Pedestrian -1 -1 -5.0582 1088.3502 154.2074 1107.7605 188.7824 1.7874 0.6254 0.7371 25.4793 0.8232 37.7348 -4.4680 0.0521
Cyclist -1 -1 -7.7500 81.2249 185.9171 97.5735 222.0677 1.6299 0.4416 1.7533 -24.5855 2.2614 34.0311 -8.3721 0.0508
Car -1 -1 -8.1763 791.5528 180.8199 1031.8378 318.9398 1.4133 1.6077 4.0876 3.6500 1.5428 9.6862 -7.8269 0.9711
Car -1 -1 -3.4174 741.8900 169.9312 818.5157 197.2749 1.5717 1.6545 4.0835 9.9263 1.4034 42.3980 -3.1893 0.9055
Car -1 -1 -5.3050 234.1153 182.6019 296.7488 210.1527 1.4738 1.5242 3.5260 -19.7469 2.0518 41.2513 -5.7493 0.8122
Car -1 -1 -6.2813 416.1282 179.0504 487.2916 205.6628 1.4180 1.5913 3.7959 -8.8298 1.7728 40.1748 -6.4967 0.7016
Car -1 -1 -3.8170 522.1761 176.5371 604.7255 206.0029 1.3829 1.5241 4.0888 -2.3346 1.5778 36.2903 -3.8812 0.6556
Car -1 -1 -3.2924 928.0049 166.2711 1017.7310 193.5694 1.5066 1.6444 4.3808 20.6286 1.1430 41.2713 -2.8320 0.6124
Car -1 -1 -3.9338 0.0000 186.4290 88.4130 218.7503 1.6097 1.6205 4.2581 -31.4614 2.4035 39.9980 -4.5972 0.6092
Car -1 -1 -8.3344 480.8506 176.5019 518.0736 200.7550 2.1178 1.6833 4.0199 -10.1252 2.4606 65.7596 -8.4869 0.1756
Car -1 -1 -3.3154 1009.0386 166.6081 1072.4392 187.3445 1.5837 1.6316 4.0428 33.6851 1.1064 56.5814 -2.7809 0.1369
Car -1 -1 -7.8677 805.4537 177.6249 873.5005 238.1365 1.4125 1.5625 3.7918 5.9979 1.5527 19.2034 -7.5700 0.1236
Car -1 -1 -5.4101 260.5167 179.3366 326.9970 205.7298 1.5738 1.6340 4.0242 -19.9629 1.9965 45.4514 -5.8221 0.1164
Car -1 -1 -7.9667 785.8602 171.8500 829.1119 204.5418 1.5044 1.5981 3.7872 9.5323 1.4579 35.1939 -7.7047 0.1117
Car -1 -1 -3.7021 1166.8829 155.0361 1241.0000 184.1314 1.5147 1.6239 3.5036 32.1803 0.5868 38.5977 -3.0109 0.1098
Car -1 -1 -4.4486 230.6259 175.3676 261.2364 192.5055 1.5753 1.6059 4.0804 -34.8485 1.8233 69.1166 -4.9142 0.0928
Car -1 -1 -2.8509 452.8918 175.6642 526.9348 200.8630 1.5246 1.6945 4.2492 -7.4963 1.7039 45.0098 -3.0153 0.0926
Car -1 -1 -8.2130 997.7175 162.4086 1043.0325 184.8143 1.5178 1.6128 3.5519 28.7770 0.8099 50.7554 -7.6998 0.0871
Car -1 -1 -4.6703 122.2648 183.1718 167.9074 217.6758 1.5249 1.6966 4.3045 -22.8698 2.0656 35.5429 -5.2389 0.0758
Car -1 -1 -4.7025 815.7762 166.1475 835.4711 185.6293 1.7052 1.6579 3.8302 19.4830 1.1179 65.2302 -4.4137 0.0742
Car -1 -1 -7.8697 614.8192 172.1876 636.4379 192.5242 1.5031 1.5874 3.6676 1.1389 1.4536 55.1676 -7.8495 0.0737
Car -1 -1 -4.6241 48.4927 185.9391 98.7456 221.4403 1.5254 1.6000 3.5892 -25.5378 2.1841 34.3892 -5.2593 0.0653
Car -1 -1 -4.0922 148.0096 183.7156 228.0884 215.0718 1.3860 1.5937 3.5256 -20.4108 1.9400 34.9921 -4.6171 0.0631
Car -1 -1 -4.8885 431.3570 175.2734 466.6095 200.9430 1.6134 1.6232 3.8806 -10.7471 1.7806 47.8500 -5.1086 0.0624
Car -1 -1 -5.2637 862.9576 173.9446 982.5104 234.5681 1.4938 1.5605 3.0661 8.2743 1.5254 19.4729 -4.8680 0.0539
