Cyclist -1 -1 -8.1199 635.9276 172.1539 652.2472 204.2208 1.7022 0.4463 1.6854 2.3019 1.2063 39.0027 -8.0664 0.2766
Pedestrian -1 -1 -2.8862 0.0000 189.8051 35.6597 318.8930 1.5119 0.4314 0.4265 -7.2570 1.6169 8.7347 -3.5705 0.1666
Pedestrian -1 -1 -5.7937 487.4830 163.8817 505.6940 202.1718 1.9677 0.5759 0.7549 -5.4517 1.0625 37.3116 -5.9428 0.1242
Cyclist -1 -1 -8.0153 681.4129 172.7578 692.9537 201.9394 1.6426 0.3909 1.6238 4.9163 1.1507 41.2551 -7.9025 0.1112
Pedestrian -1 -1 -6.5750 557.5874 165.0880 566.5756 184.8719 1.7519 0.5776 0.6593 -3.4757 0.2983 63.9943 -6.6338 0.1062
Cyclist -1 -1 -7.4079 16.3377 196.1106 161.7747 365.8108 1.5232 0.5549 1.6542 -5.2826 1.6931 7.4565 -8.0140 0.1032
Pedestrian -1 -1 -2.9501 0.0000 164.6072 34.2708 297.3880 1.8060 0.5002 0.6079 -8.4846 1.5769 10.1353 -3.6400 0.0967
Pedestrian -1 -1 -4.7385 699.0068 164.3597 711.4475 201.9037 1.9668 0.6258 0.7923 5.4888 1.0690 38.0586 -4.6012 0.0932
Car -1 -1 -3.3046 492.7722 174.7665 557.7911 196.8585 1.5649 1.6575 4.4926 -5.5379 1.0879 52.2889 -3.4145 0.0853
Pedestrian -1 -1 -4.8796 926.5929 230.9715 1002.2808 373.0000 1.1611 0.4294 0.4767 2.7094 1.5602 5.4982 -4.4464 0.0814
Cyclist -1 -1 -2.8793 525.5293 169.1809 561.9075 204.5243 1.8111 0.6460 1.7766 -2.9993 1.1800 37.2845 -2.9641 0.0744
Cyclist -1 -1 -5.2654 650.2820 172.2619 670.8448 200.0636 1.6618 0.5256 1.5097 3.5932 1.1097 43.7276 -5.1889 0.0739
Pedestrian -1 -1 -3.7801 690.5567 163.4397 706.3409 198.7443 1.9730 0.6362 0.6267 5.4756 0.9639 40.5756 -3.6518 0.0725
Pedestrian -1 -1 -3.5723 707.0905 164.9572 720.6833 203.3175 1.8910 0.5060 0.5002 5.5809 1.0758 35.7243 -3.4234 0.0667
Pedestrian -1 -1 -6.5005 1060.5199 153.5007 1084.5135 223.9999 1.8002 0.5454 0.4068 12.2025 1.0857 18.6684 -5.9331 0.0649
Pedestrian -1 -1 -2.0470 343.3681 187.8142 376.4303 252.9224 1.4258 0.4896 0.5892 -5.4813 1.5720 16.1855 -2.3741 0.0636
Cyclist -1 -1 -6.1405 327.6438 171.0610 359.0634 205.6138 1.9039 0.6001 1.5810 -14.3774 1.3288 40.0351 -6.4883 0.0624
Car -1 -1 -8.1246 787.6910 162.6057 887.1229 230.0069 1.7268 1.6443 3.8698 6.5213 1.2433 20.3629 -7.8236 0.0600
Pedestrian -1 -1 -3.6238 1124.4779 124.9586 1164.4802 192.7316 1.8425 0.6107 0.6731 14.9871 0.3058 19.8815 -2.9891 0.0584
Car -1 -1 -8.0852 651.2182 166.0794 682.7305 190.9102 1.8975 1.6591 3.6880 5.1692 0.7190 56.8377 -7.9998 0.0580
Pedestrian -1 -1 -4.9481 1124.0354 124.9602 1155.5931 182.5716 1.7206 0.6473 0.5689 16.3309 0.0325 21.8412 -4.3166 0.0568
Cyclist -1 -1 -8.0696 729.3711 168.0432 751.2245 213.0994 1.7552 0.5130 1.6140 5.5348 1.2313 28.7977 -7.8865 0.0532
Car -1 -1 -8.1421 488.2690 166.8224 519.6671 188.2945 1.9581 1.7535 4.3538 -9.2050 0.6193 67.8518 -8.2813 0.0527
Pedestrian -1 -1 -4.0728 366.0654 167.2297 410.4773 253.4624 1.8167 0.6486 0.6752 -4.6508 1.5167 15.5619 -4.3641 0.6423
Pedestrian -1 -1 -3.1886 356.4038 171.8561 398.7896 251.2329 1.7632 0.5883 0.8944 -5.1479 1.5495 16.3868 -3.4939 0.4638
Pedestrian -1 -1 -2.6652 530.0009 170.0549 554.9608 212.7845 1.7359 0.6856 0.8037 -2.4496 1.2713 29.6529 -2.7520 0.4537
Pedestrian -1 -1 -7.2756 1034.0554 149.2173 1091.5233 249.5892 1.8638 0.5984 0.7895 8.8024 1.2650 13.7771 -6.7209 0.4142
Pedestrian -1 -1 -3.5327 1062.3865 144.8127 1128.6404 253.3035 1.8955 0.5387 0.8336 8.8100 1.2551 12.8946 -2.9480 0.3370
Cyclist -1 -1 -7.8812 649.9055 173.3305 659.1300 208.4637 1.6505 0.3911 1.4550 2.5315 1.2669 34.4805 -7.8136 0.2965
Cyclist -1 -1 -8.3300 896.0005 189.5270 1101.5107 373.0000 1.5234 0.5352 1.6783 2.7208 1.5921 5.2328 -7.8768 0.2900
Pedestrian -1 -1 -8.3986 448.3162 185.4804 491.4244 255.8880 1.4621 0.6591 0.6685 -2.8679 1.5508 15.4385 -8.5848 0.1992
Pedestrian -1 -1 -4.5925 736.8043 158.1076 755.8488 208.5829 1.9793 0.6630 0.7674 5.7592 1.0624 28.6356 -4.4009 0.1863
Cyclist -1 -1 -7.6384 358.9075 174.7366 394.1290 252.8522 1.6990 0.4273 1.6778 -5.1764 1.5524 16.4779 -7.9437 0.1735
Pedestrian -1 -1 -3.1407 469.7211 180.1981 504.9686 248.8293 1.5438 0.5539 0.7863 -2.6578 1.5151 16.4949 -3.3035 0.1698
Pedestrian -1 -1 -7.5027 337.1298 173.6052 348.5984 206.4897 1.8207 0.5160 0.3384 -14.3800 1.3838 39.9423 -7.8512 0.1693
Pedestrian -1 -1 -6.5633 1140.2500 148.0783 1211.0367 278.9861 1.7381 0.5513 0.6261 7.8545 1.2950 9.9082 -5.9111 0.1674
Pedestrian -1 -1 -7.6980 486.0327 179.9993 521.5078 253.7874 1.5370 0.6248 0.9214 -2.1258 1.5063 15.4280 -7.8382 0.1669
Pedestrian -1 -1 -8.0586 697.2723 173.7868 722.5552 223.4186 1.5767 0.6514 0.8095 3.4753 1.3321 23.2442 -7.9171 0.1610
Cyclist -1 -1 -4.3419 333.2172 176.3719 353.7934 206.2905 1.6366 0.5639 1.5474 -14.3819 1.3562 40.0741 -4.6894 0.1448
Pedestrian -1 -1 -8.2695 485.4479 174.4084 518.5624 240.1679 1.6669 0.6625 0.6026 -2.6168 1.4877 18.6402 -8.4125 0.1393
Cyclist -1 -1 -8.0917 641.9171 174.4964 658.7049 209.0964 1.6127 0.4385 1.5392 2.3119 1.2866 34.2785 -8.0299 0.1303
Pedestrian -1 -1 -3.7120 1148.3195 153.7200 1216.6320 262.1496 1.7054 0.5083 0.6895 9.3098 1.2691 11.5820 -3.0512 0.1226
Cyclist -1 -1 -6.6817 647.9033 170.9831 686.8956 212.8063 1.7669 0.6405 1.5419 2.8177 1.3229 30.8889 -6.5966 0.1146
Pedestrian -1 -1 -4.3744 132.5195 153.6479 202.9177 298.0979 1.8778 0.5776 0.8331 -5.9443 1.5164 9.8040 -4.9134 0.1114
Pedestrian -1 -1 -3.9342 1072.4816 149.0352 1237.0000 373.0000 1.6704 0.6174 0.5715 2.7763 1.5265 3.5547 -3.3120 0.1107
Pedestrian -1 -1 -3.3276 840.7484 155.1097 942.9809 345.4740 1.7192 0.4905 0.8103 2.6742 1.4816 6.7976 -2.9716 0.1072
Pedestrian -1 -1 -5.3562 64.8490 155.7255 163.0738 317.9361 1.8878 0.5223 0.9601 -5.9910 1.5886 8.7647 -5.9478 0.1067
Cyclist -1 -1 -7.8648 691.0471 171.6870 702.8675 218.5853 1.6714 0.4001 1.5230 3.4780 1.3221 26.3799 -7.7402 0.0898
Cyclist -1 -1 -8.2246 1104.7728 120.0820 1237.0000 373.0000 1.6805 0.4937 1.5315 3.0778 1.4386 3.6428 -7.5635 0.0894
Cyclist -1 -1 -7.8222 493.9630 173.6598 517.2204 246.2103 1.6522 0.5090 1.7595 -2.3252 1.4742 17.2606 -7.9595 0.0801
Pedestrian -1 -1 -7.4273 647.1295 175.8668 666.6118 213.6793 1.5886 0.5852 0.7221 2.3494 1.3523 30.6366 -7.3566 0.0764
Pedestrian -1 -1 -4.4466 1092.4409 146.2262 1146.1133 274.1488 1.8281 0.4786 0.7549 7.6634 1.3247 10.6917 -3.8416 0.0763
Pedestrian -1 -1 -5.6883 88.6756 156.7478 181.6764 301.4395 1.8393 0.5482 0.8646 -6.1427 1.5253 9.4156 -6.2595 0.0752
Cyclist -1 -1 -8.5856 914.5355 126.9527 1237.0000 373.0000 1.7244 0.5983 1.6890 2.4698 1.4923 3.9559 -8.0625 0.0747
Pedestrian -1 -1 -5.6805 70.0329 156.1163 170.7205 309.0631 1.8677 0.5985 0.8726 -6.1084 1.5584 9.0790 -6.2652 0.0728
Pedestrian -1 -1 -8.1532 827.7142 158.1456 883.3534 282.2859 1.7985 0.5973 0.6970 3.7469 1.4608 10.7622 -7.8312 0.0670
Pedestrian -1 -1 -6.3985 1045.0376 155.8354 1088.7823 255.2649 1.7265 0.5979 0.5826 8.2833 1.2815 12.8683 -5.8411 0.0670
Cyclist -1 -1 -7.5279 312.2835 174.5098 362.8381 262.0382 1.7067 0.4722 1.6756 -5.4658 1.5710 14.8503 -7.8805 0.0661
Pedestrian -1 -1 -4.6913 343.9401 166.3476 369.9520 246.4139 1.8546 0.5726 0.9172 -5.8689 1.5041 17.1626 -5.0216 0.0650
Cyclist -1 -1 -6.2388 328.7262 173.0623 360.1079 206.2585 1.8245 0.6217 1.6232 -14.3108 1.3609 40.0195 -6.5852 0.0640
Pedestrian -1 -1 -7.5083 668.1760 172.0066 687.9729 214.1119 1.6726 0.6431 0.5610 3.0681 1.2959 28.9277 -7.4087 0.0606
Pedestrian -1 -1 -8.2475 654.6413 173.2076 674.6626 213.7929 1.6331 0.5929 0.6863 2.5580 1.2998 29.3226 -8.1664 0.0604
Cyclist -1 -1 -2.8681 453.1341 170.8473 524.7297 241.8738 1.7755 0.6264 1.7037 -2.9007 1.5097 18.3644 -3.0280 0.0601
Pedestrian -1 -1 -4.2798 747.4431 157.5658 773.8071 210.5839 1.8850 0.6212 0.8961 5.7599 1.0345 26.0849 -4.0697 0.0589
Pedestrian -1 -1 -4.0186 882.0090 175.8167 920.4698 247.7255 1.4820 0.5053 0.5662 6.2854 1.3654 15.1611 -3.6370 0.0568
Pedestrian -1 -1 -7.8845 515.1282 180.2576 537.8357 239.3054 1.5283 0.5746 0.5241 -2.0091 1.4966 18.8916 -7.9944 0.0568
Cyclist -1 -1 -7.9860 484.2197 169.2015 511.4946 243.2516 1.7516 0.4503 1.6134 -2.6203 1.4612 17.8291 -8.1352 0.0551
Cyclist -1 -1 -4.4264 340.0220 169.4725 387.9976 255.9019 1.7679 0.5225 1.7374 -5.1563 1.5224 15.5704 -4.7467 0.0548
Pedestrian -1 -1 -3.7193 866.2953 179.2259 903.8595 243.3209 1.4266 0.6256 0.5372 6.4116 1.3765 16.3508 -3.3563 0.0541
Pedestrian -1 -1 -3.0854 353.7052 179.0847 388.1174 250.8601 1.5535 0.5101 0.6990 -5.1280 1.5018 15.8833 -3.3983 0.0536
Cyclist -1 -1 -4.1453 648.2723 173.0520 674.3093 212.0193 1.6526 0.4484 1.4043 2.5877 1.2946 31.1610 -4.0683 0.0527
Cyclist -1 -1 -7.9974 475.0258 175.2053 506.3812 249.1443 1.6322 0.4630 1.7669 -2.6395 1.4938 16.7696 -8.1566 0.0524
Cyclist -1 -1 -4.5039 343.2637 177.0103 380.5418 255.2014 1.6797 0.4708 1.6718 -5.4476 1.5839 16.2890 -4.8273 0.0508
Cyclist -1 -1 -6.1734 633.7921 171.6533 664.1889 208.3071 1.7367 0.5460 1.4048 2.2702 1.2704 34.4229 -6.1132 0.0504
Car -1 -1 -8.1361 721.3514 153.4863 884.7778 280.2430 1.8547 1.6362 3.7817 3.2342 1.4455 12.4315 -7.8923 0.9500
Car -1 -1 -7.7399 533.3831 177.9675 569.2793 205.9125 1.4327 1.5471 3.5713 -2.6574 1.2518 38.6446 -7.8131 0.6618
Car -1 -1 -8.3921 889.1421 182.7502 1112.7953 269.1952 1.3218 1.5728 4.1670 6.9695 1.3490 13.1753 -7.9190 0.5311
Car -1 -1 -7.3149 1099.3243 140.0930 1237.0000 373.0000 1.5171 1.6495 4.3530 4.8618 1.3901 3.2362 -6.3737 0.0862
Car -1 -1 -2.3071 276.1331 182.4067 424.2490 242.1946 1.4539 1.5495 3.8163 -6.7388 1.4805 19.1036 -2.6473 0.0762
Car -1 -1 -7.8314 459.0410 181.6119 522.9279 237.7027 1.4514 1.6448 4.1312 -3.1795 1.4554 20.7513 -7.9869 0.0703
Car -1 -1 -6.7144 745.7879 178.5225 931.9961 245.1079 1.4559 1.5527 3.8175 5.4209 1.3914 16.7194 -6.4108 0.0622
Car -1 -1 -7.1173 1212.1733 142.5670 1237.0000 326.0317 1.5014 1.5448 4.0002 8.3504 1.1835 6.7203 -6.2483 0.0556
