Pedestrian -1 -1 -1.9211 142.8076 169.4222 216.9673 327.6402 1.8308 0.5796 0.6859 -5.2970 1.7908 8.7912 -2.4506 0.5170
Car -1 -1 -8.3208 996.5354 145.8648 1060.7229 182.6594 2.1644 1.8096 3.9785 25.6807 0.5765 44.4788 -7.8001 0.2534
Cyclist -1 -1 -4.7251 428.4973 180.1149 435.6144 205.9084 1.7373 0.4570 1.6149 -12.3439 2.2477 49.9099 -4.9667 0.1153
Pedestrian -1 -1 -5.2803 361.4621 174.3548 379.8635 218.5722 1.8143 0.5776 0.4448 -9.9920 1.8771 29.9942 -5.5996 0.1069
Pedestrian -1 -1 -5.0666 409.0768 176.3377 422.6041 205.1689 1.9393 0.7163 0.6265 -13.2472 2.1783 49.1080 -5.3291 0.0895
Pedestrian -1 -1 -8.2620 383.4383 172.1065 405.5061 221.8985 1.9096 0.6652 0.5363 -8.4358 1.8806 28.0910 -8.5516 0.0874
Pedestrian -1 -1 -4.4285 39.9526 167.5437 110.2820 311.6552 1.9183 0.6041 0.7203 -7.4812 1.8473 10.0453 -5.0562 0.0776
Pedestrian -1 -1 -4.6443 873.3851 145.2878 900.8458 214.3985 1.9194 0.6707 1.0652 7.8928 1.1535 20.6627 -4.2845 0.0771
Pedestrian -1 -1 -5.7949 401.9320 169.7757 414.0036 209.2547 1.9064 0.4919 0.3795 -9.8734 1.7574 35.1223 -6.0674 0.0648
Pedestrian -1 -1 -4.2827 270.3442 190.6143 300.7078 247.6871 1.5578 0.5610 0.6369 -9.1338 2.0629 20.2149 -4.7026 0.0622
Car -1 -1 -3.9874 228.8979 152.5078 289.4919 176.5681 1.6191 1.6811 3.8662 -24.5856 0.2496 50.6445 -4.4373 0.0555
Car -1 -1 -7.6653 473.8906 170.6612 500.8606 189.0113 1.5701 1.6402 3.9290 -10.8160 1.3822 63.7200 -7.8330 0.0549
Car -1 -1 -7.1911 1231.8579 137.3975 1241.0000 275.0114 1.4768 1.5793 3.8678 9.9591 1.0960 8.6659 -6.3531 0.0535
Car -1 -1 -4.7209 981.7524 149.9882 1007.3526 172.7378 1.7088 1.7097 4.2379 30.0463 -0.0098 56.4951 -4.2343 0.0531
Pedestrian -1 -1 -6.0798 394.7690 171.5240 411.1968 205.1837 1.8891 0.5954 0.7895 -11.7458 1.8142 40.8219 -6.3586 0.0525
Car -1 -1 -7.2308 1241.0000 136.8713 1241.0000 327.0844 1.4740 1.5516 4.0204 8.2895 1.1949 6.4924 -6.3463 0.0501
Pedestrian -1 -1 -6.2805 416.3741 178.5706 427.0327 202.0137 1.7775 0.7077 0.7866 -14.4750 2.2194 55.3647 -6.5354 0.2959
Cyclist -1 -1 -8.3792 1038.7014 149.6151 1071.6996 188.7627 1.7283 0.4698 1.7136 20.1244 0.7020 32.7160 -7.8318 0.1375
Pedestrian -1 -1 -7.5168 893.2601 158.2048 906.5638 187.0522 1.8440 0.5785 0.7651 18.6915 0.9073 46.6013 -7.1378 0.1254
Cyclist -1 -1 -6.9334 638.8964 172.8139 662.8660 199.8810 1.7600 0.6119 1.5190 2.6665 1.7571 47.5969 -6.8782 0.1151
Cyclist -1 -1 -7.0373 985.5127 158.1805 1014.8278 186.5432 1.8374 0.5899 1.7664 25.5187 0.8865 47.2552 -6.5449 0.1005
Pedestrian -1 -1 -5.6935 996.3199 156.7863 1010.6733 183.9863 1.7312 0.7334 0.4837 25.2202 0.7082 46.3081 -5.1975 0.0880
Cyclist -1 -1 -8.4122 1047.3859 149.2899 1086.8429 189.4333 1.7421 0.6289 1.7872 20.3367 0.7192 32.2064 -7.8532 0.0728
Cyclist -1 -1 -8.5077 1072.9304 149.9286 1111.4449 190.7973 1.6635 0.4218 1.6418 20.1183 0.7300 30.2022 -7.9246 0.0672
Pedestrian -1 -1 -5.6953 615.5267 176.8196 627.3822 197.7516 1.6544 0.5823 0.7503 0.8885 1.9734 57.6515 -5.6804 0.0627
Pedestrian -1 -1 -8.1042 949.4534 169.2558 985.6159 239.3528 1.4561 0.5979 0.4136 7.4972 1.3811 15.2500 -7.6554 0.0597
Cyclist -1 -1 -3.6557 1041.9637 148.2711 1094.8922 187.9902 1.7510 0.6738 1.9102 20.3956 0.6670 32.1903 -3.0951 0.0581
Pedestrian -1 -1 -6.9299 639.2792 174.3513 652.1932 200.6612 1.7169 0.5906 0.6188 2.3213 1.8161 47.5498 -6.8819 0.0519
Pedestrian -1 -1 -8.1106 1065.7565 148.8089 1085.7023 189.7224 1.7746 0.6041 0.5854 20.3926 0.7314 31.6677 -7.5428 0.0515
Cyclist -1 -1 -8.4165 945.0580 157.7931 972.4584 185.5248 1.6453 0.5957 1.8501 21.1003 0.7515 43.7620 -7.9700 0.0502
Car -1 -1 -4.5566 427.7921 181.8099 493.4782 231.4325 1.5553 1.6533 3.9968 -5.2084 1.8952 25.3820 -4.7575 0.9181
Car -1 -1 -3.5436 746.6424 161.6310 979.1197 242.7439 1.6828 1.7094 4.5644 5.4489 1.4497 16.0043 -3.2217 0.9169
Car -1 -1 -8.3161 897.8156 152.2471 952.9277 184.4766 1.8793 1.5702 3.7187 19.1144 0.6774 43.9711 -7.9086 0.9092
Car -1 -1 -4.8534 643.5995 173.9713 682.3121 202.2853 1.6134 1.7366 4.2039 3.0982 1.6837 43.4439 -4.7832 0.8698
Car -1 -1 -8.4029 932.1371 156.9557 995.1031 184.8715 1.6373 1.6769 3.8907 21.6128 0.7045 44.3361 -7.9520 0.8574
Car -1 -1 -4.6620 523.2457 179.6947 564.0632 216.1373 1.5241 1.6578 4.0380 -3.0182 1.8561 32.9979 -4.7531 0.8188
Car -1 -1 -6.9504 1075.9436 149.9716 1202.9312 186.2179 1.4674 1.6292 4.1663 21.9861 0.5407 30.1106 -6.3244 0.8176
Car -1 -1 -6.9258 1042.0688 149.0211 1159.7332 184.6857 1.5609 1.6517 4.2483 22.0201 0.5175 32.5135 -6.3346 0.8126
Car -1 -1 -7.7720 596.9370 177.4357 622.0063 198.7753 1.5467 1.6241 3.5910 -0.0389 1.9071 54.9484 -7.7732 0.7426
Car -1 -1 -4.5678 458.8190 179.3123 511.8699 218.9526 1.5921 1.7079 4.2327 -5.4603 1.8957 31.8129 -4.7370 0.7188
Car -1 -1 -6.5952 766.1761 157.4653 872.1402 196.3584 1.8058 1.7887 4.5299 9.8927 1.0910 34.4750 -6.3183 0.6981
Car -1 -1 -6.7499 1012.0339 152.2559 1127.9056 185.8690 1.5688 1.7321 4.3977 22.0225 0.6071 34.7448 -6.1888 0.6704
Car -1 -1 -4.6094 484.8241 181.4017 521.1470 210.9114 1.4242 1.5117 3.6628 -5.5932 1.8933 37.7645 -4.7559 0.5232
Car -1 -1 -4.3680 627.8105 173.4921 660.0164 193.2441 1.6867 1.6154 3.9422 3.0133 1.7448 63.8830 -4.3215 0.2520
Car -1 -1 -4.1239 471.3967 180.7850 530.7950 207.3788 1.4159 1.5206 3.8357 -6.2730 1.8966 41.7035 -4.2727 0.2090
Car -1 -1 -6.5067 684.1882 174.4051 753.2293 197.7642 1.5219 1.6643 4.2898 7.1878 1.6272 48.1369 -6.3598 0.1938
Car -1 -1 -8.0777 405.7326 179.3303 437.8351 203.0415 1.7625 1.6673 3.6764 -14.8583 2.2896 56.7485 -8.3330 0.1463
Car -1 -1 -8.3642 960.9595 161.2590 1017.0475 186.2052 1.6198 1.6248 3.9529 25.5526 0.8666 48.8523 -7.8849 0.1365
Car -1 -1 -7.8141 640.9219 174.7327 667.6365 199.1085 1.5844 1.6617 4.3895 3.0457 1.7190 49.5168 -7.7535 0.1307
Car -1 -1 -3.3486 708.0009 174.5149 776.5745 198.0053 1.4747 1.6192 4.0782 8.4169 1.5830 46.2879 -3.1702 0.1293
Car -1 -1 -4.3079 410.4166 180.2748 458.5296 206.3468 1.5001 1.5367 3.7510 -10.8319 1.9791 44.6189 -4.5451 0.1230
Car -1 -1 -7.8424 610.5731 176.2240 630.1860 195.2405 1.5031 1.5692 3.8096 0.8517 1.7903 59.6362 -7.8286 0.0877
Car -1 -1 -8.5183 772.4186 166.7051 845.0582 198.2347 1.5327 1.5433 3.8576 10.1193 1.2335 37.1519 -8.2547 0.0820
Car -1 -1 -4.5196 524.0499 180.4577 569.7379 210.0118 1.4450 1.6542 4.2322 -3.3506 1.8746 38.5983 -4.6061 0.0538
Car -1 -1 -8.2686 967.7616 155.5695 1027.2434 183.8699 1.6534 1.6965 4.0801 23.6439 0.6433 44.2517 -7.7807 0.0511
