Pedestrian -1 -1 -6.1382 378.8662 165.1869 418.0197 234.9078 1.8282 0.4929 0.9399 -5.6802 1.6269 19.2296 -6.4222 0.2188
Pedestrian -1 -1 -5.1890 610.1770 173.4238 618.0358 201.3696 1.7112 0.3872 0.3040 0.2175 1.7462 44.4148 -5.1847 0.1217
Pedestrian -1 -1 -4.7762 972.7088 162.7606 982.6714 192.3233 1.9130 0.5343 0.6844 23.9710 1.2596 47.1108 -4.3083 0.0768
Pedestrian -1 -1 -6.5409 660.6997 171.0419 669.8092 197.1798 1.8984 0.6085 0.5254 4.0082 1.7665 52.7532 -6.4659 0.0700
Pedestrian -1 -1 -3.1794 1135.3125 159.2416 1141.2540 185.7480 1.8428 0.4685 0.3159 36.9030 0.8961 50.4472 -2.5507 0.0631
Car -1 -1 -7.7508 0.0000 185.3804 126.0750 277.0232 1.6178 1.7425 4.2870 -11.7462 1.9290 15.6521 -8.3866 0.0573
Car -1 -1 -4.9925 1241.0000 162.0457 1241.0000 192.9409 1.4748 1.6295 4.0325 41.1489 0.9586 36.5839 -4.1525 0.0544
Car -1 -1 -4.6674 369.5890 174.5939 397.5983 198.2012 1.5422 1.6515 4.1677 -15.5808 1.6671 49.6910 -4.9700 0.0520
Pedestrian -1 -1 -3.4712 870.2066 167.6283 881.8171 188.2946 1.8386 0.4355 0.8784 23.7256 1.3734 64.4208 -3.1201 0.0517
Pedestrian -1 -1 -2.7792 865.9255 169.1917 883.2501 198.5847 1.7729 0.5118 0.8672 16.0975 1.5517 43.9974 -2.4310 0.5292
Pedestrian -1 -1 -5.0407 40.0265 173.2187 92.8538 266.5695 1.7403 0.6679 0.5657 -10.5137 1.7473 13.8905 -5.6796 0.1467
Cyclist -1 -1 -7.1077 443.2025 172.5629 491.9997 226.2153 1.6820 0.5605 1.6897 -4.6636 1.6726 23.4864 -7.3022 0.0865
Pedestrian -1 -1 -3.9131 1157.4927 160.7131 1175.3134 194.4565 1.8316 0.6271 0.4667 30.4219 1.1723 39.5047 -3.2607 0.0589
Pedestrian -1 -1 -3.3062 450.1067 170.0393 477.9669 224.4146 1.7819 0.5518 0.8308 -4.9150 1.6894 24.0512 -3.5062 0.0583
Cyclist -1 -1 -4.1403 438.9622 175.8959 478.8920 228.8693 1.6594 0.5005 1.5768 -4.9551 1.7618 23.5234 -4.3463 0.0579
Pedestrian -1 -1 -5.0736 68.3151 174.8815 117.4827 264.7917 1.7403 0.5754 0.7478 -10.3966 1.7818 14.4338 -5.6893 0.0529
Pedestrian -1 -1 -4.4453 182.0655 178.8865 217.2731 251.3174 1.6657 0.5614 0.6828 -9.7433 1.8114 17.0591 -4.9578 0.0521
Car -1 -1 -7.8488 761.4396 171.6544 808.5762 215.6662 1.5672 1.6433 3.7006 6.6633 1.5242 27.6856 -7.6156 0.9645
Car -1 -1 -6.9931 0.0000 161.8625 154.8562 279.4319 1.9775 1.8020 4.1997 -11.5918 1.7923 14.3687 -7.6630 0.2112
Car -1 -1 -5.0307 896.8898 172.3440 952.1298 200.7520 1.5109 1.6143 4.1145 17.5326 1.4835 40.4948 -4.6251 0.1767
Car -1 -1 -4.7702 1128.7561 161.8602 1171.0471 193.6748 1.7039 1.6647 3.9548 30.3961 1.1148 40.7545 -4.1330 0.1161
Car -1 -1 -4.7558 361.9514 176.1603 389.9542 199.6575 1.4973 1.6231 4.1362 -15.9021 1.7309 48.8255 -5.0693 0.1037
Car -1 -1 -5.1415 509.4651 177.0960 557.3450 200.9989 1.5286 1.6394 4.1984 -5.2962 1.8304 49.1552 -5.2486 0.0907
Car -1 -1 -4.7993 757.6930 178.1657 787.5011 199.7583 1.3948 1.6451 4.0571 11.1400 1.7765 49.7699 -4.5808 0.0759
Car -1 -1 -7.8485 453.5109 180.5862 501.7880 225.9438 1.4386 1.5616 3.9181 -4.7378 1.7353 25.6540 -8.0299 0.0654
