Pedestrian -1 -1 -5.7992 686.2479 164.3416 704.3569 199.5657 1.9557 0.6570 0.7972 4.7580 1.4828 40.5573 -5.6837 0.1287
Pedestrian -1 -1 -5.8791 546.2525 182.4767 558.5272 216.1501 1.9024 0.7155 0.4586 -3.3410 2.4599 41.4110 -5.9597 0.0891
Pedestrian -1 -1 -5.9302 567.6739 186.1079 582.2790 208.9490 1.7412 0.6403 0.9707 -2.7436 2.7775 55.9785 -5.9795 0.0888
Pedestrian -1 -1 -8.2278 909.6409 148.0858 931.9880 191.5703 1.9069 0.7561 0.5556 13.7072 0.8205 31.9299 -7.8258 0.0707
Pedestrian -1 -1 -3.2731 946.5642 177.0488 1007.3326 346.6086 1.6695 0.5627 0.4782 3.7233 1.7146 7.4628 -2.8272 0.0677
Car -1 -1 -3.9755 531.6378 190.3933 592.1843 217.3574 1.5434 1.6184 3.9524 -3.0573 2.7117 46.0205 -4.0421 0.0666
Pedestrian -1 -1 -4.4654 793.5906 177.0166 832.5171 269.2446 1.7855 0.6095 0.6728 4.0175 1.8712 14.4516 -4.2007 0.0660
Pedestrian -1 -1 -8.1938 952.3838 146.0245 972.4532 188.2297 1.8512 0.6771 0.4742 15.5442 0.6741 31.9202 -7.7443 0.0644
Pedestrian -1 -1 -4.6233 706.1395 177.0634 724.8975 224.3370 1.8210 0.6711 0.6929 4.0945 1.9881 28.2822 -4.4817 0.0560
Pedestrian -1 -1 -4.4361 913.7427 180.9111 992.4166 342.1564 1.7075 0.6845 0.5400 3.7984 1.8026 8.1104 -4.0133 0.0510
Cyclist -1 -1 -4.4423 511.4223 184.7447 533.1895 225.5557 1.7303 0.5031 1.7875 -3.9251 2.2734 32.0502 -4.5638 0.1968
Pedestrian -1 -1 -8.4294 497.6909 180.6544 520.5075 228.8896 1.8453 0.6831 0.5687 -3.9862 2.1545 28.1846 -8.5693 0.1963
Pedestrian -1 -1 -4.7777 475.2094 189.6991 495.0612 238.9268 1.5346 0.5783 0.8028 -4.0783 2.0881 23.2641 -4.9501 0.1667
Cyclist -1 -1 -2.6939 450.1369 181.6371 507.1327 236.6862 1.7346 0.6866 1.6935 -4.3160 2.0267 23.4667 -2.8746 0.1596
Pedestrian -1 -1 -6.5429 670.3348 184.2989 679.9944 211.7887 1.8585 0.7731 0.4766 4.4412 2.6509 49.5536 -6.4547 0.1298
Cyclist -1 -1 -7.7363 467.6519 182.9064 492.0768 238.7358 1.7212 0.5835 1.7270 -4.2609 2.0598 23.4416 -7.9149 0.1275
Pedestrian -1 -1 -4.4128 523.5487 177.8542 541.9084 221.1788 1.9939 0.7020 0.6154 -3.6434 2.2294 33.6604 -4.5205 0.1242
Pedestrian -1 -1 -4.5255 535.0729 181.9032 552.7584 221.7960 1.8243 0.6955 0.7386 -3.1129 2.2501 33.5778 -4.6179 0.1229
Pedestrian -1 -1 -7.4809 671.3632 181.5261 696.6459 230.2293 1.6742 0.6872 0.6804 2.5637 1.9850 25.4256 -7.3824 0.0945
Cyclist -1 -1 -4.7047 482.1049 184.4327 498.3542 237.9717 1.6890 0.5150 1.6783 -4.0267 2.0879 24.0075 -4.8699 0.0727
Cyclist -1 -1 -7.5363 493.5898 185.2352 517.6405 230.5515 1.6462 0.4102 1.6655 -4.0156 2.1330 27.5338 -7.6804 0.0529
Cyclist -1 -1 -8.0473 665.3320 185.8960 674.0017 209.9938 1.7245 0.3198 1.6759 4.3820 2.7049 53.4067 -7.9665 0.0502
Car -1 -1 -4.2861 97.4893 174.2435 411.1123 374.0000 1.7207 1.6162 3.5928 -3.5534 1.7390 7.8785 -4.6982 0.9297
Car -1 -1 -4.7042 645.1068 186.1491 668.9343 212.0416 1.7284 1.6589 4.0155 3.3925 2.7306 52.3440 -4.6404 0.6234
Car -1 -1 -7.8951 674.4330 181.7983 720.0127 228.5711 1.5838 1.5244 3.4106 3.1458 1.9382 26.8607 -7.7805 0.4354
Car -1 -1 -3.1316 387.2434 187.8892 495.9164 236.9587 1.4761 1.5835 3.3390 -5.5050 1.9898 23.5337 -3.3595 0.1075
Car -1 -1 -7.6395 540.6826 188.0884 592.3769 223.3403 1.5318 1.6875 4.1588 -2.1059 2.3256 35.4257 -7.6992 0.0926
Car -1 -1 -7.7712 672.8237 184.3114 702.7702 213.6082 1.9061 1.7606 4.3250 5.5111 2.7524 51.0245 -7.6648 0.0853
Car -1 -1 -4.3873 431.1960 188.0747 513.3383 235.7901 1.5216 1.6893 4.3004 -5.0262 2.1318 26.6903 -4.5723 0.0515
