Pedestrian -1 -1 -7.5545 247.8398 173.5174 267.2721 215.4260 1.8731 0.6780 0.4728 -15.9344 1.9030 32.5428 -8.0069 0.1465
Pedestrian -1 -1 -6.4123 255.8779 172.8056 271.1518 214.6688 1.8177 0.6121 0.5320 -15.2815 1.8153 31.7313 -6.8582 0.0951
Pedestrian -1 -1 -4.8989 540.1494 164.6539 566.2625 227.1020 1.8785 0.6366 0.9424 -1.8061 1.6315 22.2427 -4.9797 0.0908
Pedestrian -1 -1 -8.0995 815.4840 161.7570 834.1926 201.6283 1.8679 0.6947 0.7108 10.1286 1.3477 34.1718 -7.8141 0.0899
Pedestrian -1 -1 -4.7736 865.7689 156.9380 894.5076 229.8947 1.8353 0.6351 0.8917 6.9283 1.4346 18.6687 -4.4240 0.0865
Car -1 -1 -5.8535 10.4934 176.4810 141.5234 219.8112 1.5908 1.6160 3.7333 -20.5510 1.7364 27.8508 -6.4848 0.0631
Pedestrian -1 -1 -7.6977 285.7353 167.1417 305.2100 209.5100 1.8929 0.7229 0.5936 -14.2539 1.6374 32.6138 -8.1071 0.0602
Car -1 -1 -7.7665 573.1072 169.4408 597.4765 191.5426 1.7913 1.6897 4.1821 -2.0662 1.5144 60.6125 -7.8008 0.0566
Pedestrian -1 -1 -8.5669 1065.1676 155.3983 1107.2820 224.1927 1.8026 0.6730 0.6562 12.6649 1.3449 19.2775 -7.9930 0.0556
Pedestrian -1 -1 -3.5127 826.1790 156.6752 846.2715 198.9600 1.9355 0.7087 0.6744 10.4271 1.1947 33.4048 -3.2130 0.0547
Pedestrian -1 -1 -5.0399 501.9316 171.8733 530.3198 230.3462 1.7585 0.6135 0.8866 -2.9463 1.7287 22.2328 -5.1708 0.0519
Pedestrian -1 -1 -8.2043 766.2042 159.8351 786.6501 205.3698 1.8694 0.6841 0.5318 6.8563 1.3346 29.9291 -7.9817 0.0518
Pedestrian -1 -1 -7.5246 363.4339 171.8317 382.6025 217.5268 1.7914 0.5533 0.6126 -9.4328 1.7510 28.5961 -7.8409 0.0839
Pedestrian -1 -1 -5.5532 668.6795 162.6492 685.4554 192.6066 1.8349 0.6027 0.8492 4.1198 1.2096 44.7108 -5.4623 0.0824
Pedestrian -1 -1 -4.1232 1194.4297 138.6828 1214.6765 183.9820 1.7842 0.5253 0.3329 23.6174 0.4380 28.7192 -3.4399 0.0781
Cyclist -1 -1 -8.4621 1210.6548 130.4894 1241.0000 182.9256 1.7829 0.4811 1.7776 22.0399 0.3421 25.4417 -7.7538 0.0698
Pedestrian -1 -1 -7.9193 504.7389 164.7957 520.2271 205.0126 1.8623 0.6796 0.6087 -4.6092 1.4889 33.7782 -8.0543 0.0682
Pedestrian -1 -1 -3.4880 466.2681 167.7000 487.9591 204.5857 1.7009 0.5901 0.8474 -6.2561 1.4629 33.7397 -3.6704 0.0667
Cyclist -1 -1 -7.5142 241.7031 181.4114 272.9391 232.0557 1.6502 0.4390 1.6220 -12.0637 1.9517 24.6212 -7.9659 0.0653
Cyclist -1 -1 -7.0975 1070.9080 141.5464 1113.6744 180.7832 1.7908 0.6951 1.6709 22.3194 0.3616 33.4602 -6.5132 0.0625
Cyclist -1 -1 -6.0081 343.1405 169.5782 395.1700 216.8749 1.8492 0.6728 1.8422 -9.5739 1.7208 28.5890 -6.3289 0.0619
Pedestrian -1 -1 -8.1798 386.8676 169.9820 407.0604 215.0375 1.7588 0.6091 0.5948 -8.4855 1.6464 28.5851 -8.4662 0.0614
Pedestrian -1 -1 -7.7574 418.6883 163.5643 434.6187 203.4603 1.8304 0.6700 0.4971 -8.5255 1.4039 33.3995 -8.0058 0.0606
Pedestrian -1 -1 -3.1804 657.8110 163.2500 669.6558 191.8553 1.8846 0.5788 0.7601 3.5272 1.2516 47.8400 -3.1076 0.0548
Pedestrian -1 -1 -8.0959 1164.6826 139.8654 1189.2605 184.3048 1.8065 0.7056 0.4509 23.2718 0.4652 29.6798 -7.4357 0.0508
Car -1 -1 -7.4433 150.0042 168.4753 272.8658 239.9761 2.0583 1.6748 4.7319 -12.6558 1.9319 23.1987 -7.9382 0.9808
Car -1 -1 -8.1679 679.2087 174.4225 765.1166 219.7127 1.4519 1.6601 4.5542 3.8201 1.5126 25.6802 -8.0225 0.9722
Car -1 -1 -7.5952 268.0030 184.0964 361.1349 236.6984 1.4538 1.6620 4.4784 -9.4216 1.8522 23.2597 -7.9766 0.9589
Car -1 -1 -8.1815 739.8335 166.1694 827.8284 215.6646 1.6562 1.7731 4.4101 6.1923 1.4322 26.4271 -7.9543 0.9355
Car -1 -1 -7.7822 428.9173 173.9769 475.0559 209.9476 1.4050 1.6135 3.9359 -6.6294 1.4552 30.3736 -7.9957 0.9330
Car -1 -1 -7.2874 0.0000 189.2147 107.1373 246.9825 1.5260 1.7063 4.6491 -18.2338 2.0975 22.8185 -7.9560 0.8683
Car -1 -1 -8.1340 991.1462 119.9869 1241.0000 374.0000 1.7879 1.7230 4.5331 4.0690 1.5762 5.3102 -7.5075 0.7507
Car -1 -1 -7.8943 556.4811 166.0190 588.6517 195.5129 1.6257 1.6915 4.0916 -2.2533 1.2486 41.8862 -7.9480 0.6814
Car -1 -1 -5.4383 1140.5902 142.8203 1241.0000 374.0000 1.6126 1.6427 4.2808 6.2606 1.4734 5.5441 -4.6187 0.1840
Car -1 -1 -4.9878 589.7864 165.2419 630.8058 191.5094 1.8070 1.8087 4.4375 -0.0627 1.2830 52.0167 -4.9894 0.1083
Car -1 -1 -4.8181 800.4629 142.9381 832.4054 167.8496 1.5975 1.6738 3.9406 13.9955 -0.3559 49.1911 -4.5424 0.0989
Car -1 -1 -6.9835 1040.8082 140.7913 1148.7827 176.7066 1.5701 1.5983 3.9519 21.7939 0.1681 32.5628 -6.3977 0.0965
Car -1 -1 -8.2691 818.2490 169.7314 915.1207 217.5549 1.5433 1.6771 4.0727 8.8521 1.4422 25.3841 -7.9377 0.0760
Car -1 -1 -5.2592 1012.3436 174.8971 1207.3513 247.6216 1.3875 1.5863 4.0897 10.7198 1.4382 15.9540 -4.6765 0.0724
Car -1 -1 -7.5616 137.6663 145.0148 202.0300 178.0469 1.5373 1.6489 3.9063 -21.7098 0.2414 35.6758 -8.1050 0.0712
Car -1 -1 -4.1525 0.0000 185.2130 82.1054 259.8496 1.5943 1.6241 4.2471 -15.6159 1.9464 18.3608 -4.8503 0.0702
Car -1 -1 -2.9735 321.5132 174.4197 432.8616 214.2595 1.5611 1.7039 4.1018 -9.4728 1.6272 29.4917 -3.2820 0.0673
Car -1 -1 -8.6308 1124.1450 132.3299 1241.0000 180.3893 1.7153 1.7388 4.1209 22.3105 0.2686 27.8936 -7.9612 0.0653
Car -1 -1 -7.4112 506.9656 165.7787 562.4744 195.4478 1.6535 1.6538 4.0850 -4.3979 1.2589 42.4133 -7.5142 0.0623
Car -1 -1 -3.5256 991.8251 145.6201 1102.2423 178.2863 1.5071 1.6302 4.1993 20.7187 0.2503 34.4168 -2.9874 0.0620
Car -1 -1 -6.4274 667.5385 165.4052 739.5396 191.1474 1.5868 1.6689 4.2888 5.8050 1.1274 45.3507 -6.3012 0.0588
Car -1 -1 -8.2045 766.8430 142.4395 811.3999 167.0182 1.5613 1.6424 4.0095 12.0501 -0.4127 48.9070 -7.9642 0.0509
