Pedestrian -1 -1 -3.0592 303.8947 166.2468 306.9810 190.3134 1.8816 0.4072 0.1902 -23.9332 1.3647 56.6359 -3.4576 0.1505
Pedestrian -1 -1 -4.3868 863.8223 154.2489 881.5559 197.7673 1.8917 0.6011 0.5162 11.5178 1.0827 31.7534 -4.0420 0.1143
Pedestrian -1 -1 -5.8695 164.2426 155.4162 178.3917 191.3009 1.8567 0.5673 0.4393 -22.9222 0.9542 37.6426 -6.4135 0.1096
Cyclist -1 -1 -6.9624 792.8809 163.6703 829.7828 202.2803 1.8438 0.6793 1.6765 9.7544 1.4049 35.1019 -6.6940 0.1037
Cyclist -1 -1 -8.2313 831.0421 170.1485 857.7452 211.3522 1.6349 0.4651 1.6190 9.5089 1.5272 29.4526 -7.9224 0.0996
Pedestrian -1 -1 -4.1351 797.9955 138.4527 864.1873 263.6265 1.8864 0.5932 0.9322 3.4423 1.3677 11.4024 -3.8498 0.0947
Car -1 -1 -7.4303 578.8555 168.9108 621.0616 191.8574 1.8407 1.8180 4.5559 -0.8144 1.5241 60.3314 -7.4440 0.0945
Car -1 -1 -2.4263 180.1628 170.9213 254.4870 198.9998 1.4744 1.5184 3.3582 -21.2404 1.3726 38.9942 -2.9224 0.0826
Car -1 -1 -8.1695 823.8154 140.5635 871.8325 167.9273 1.5586 1.6524 3.7877 14.2966 -0.3114 43.6734 -7.8550 0.0810
Car -1 -1 -4.5567 668.2495 167.3635 693.9621 185.7305 1.5649 1.6483 4.0854 6.2819 1.0968 63.6609 -4.4590 0.0778
Cyclist -1 -1 -2.2161 188.0052 184.6633 253.3931 255.4453 1.6292 0.5510 1.5786 -9.4345 1.9229 17.3836 -2.7074 0.0754
Car -1 -1 -3.4560 462.6234 174.6942 529.1398 198.1822 1.5164 1.6590 4.1061 -7.6969 1.6441 48.5158 -3.6128 0.0708
Pedestrian -1 -1 -7.9481 783.9187 155.5532 799.5251 198.7970 1.8699 0.6043 0.6120 7.8987 1.1215 31.5476 -7.7053 0.0694
Pedestrian -1 -1 -6.4317 241.6381 175.1465 267.3248 228.9353 1.6891 0.5863 0.6601 -11.4426 1.7637 23.1237 -6.8869 0.0619
Car -1 -1 -4.7681 701.4032 161.6154 724.8708 182.6412 1.7622 1.7743 4.2350 8.8969 0.8200 62.6580 -4.6279 0.0585
Car -1 -1 -7.4147 282.7144 173.1452 321.9092 191.0372 1.6918 1.7045 4.6680 -30.0908 1.7209 70.6657 -7.8162 0.0535
Pedestrian -1 -1 -8.0134 373.3096 168.0314 389.1228 204.2332 1.8604 0.6887 0.6571 -11.9399 1.6123 37.5276 -8.3197 0.2096
Cyclist -1 -1 -4.3992 479.0715 176.8898 500.1733 214.2464 1.5698 0.4883 1.4184 -5.2416 1.7483 31.2181 -4.5647 0.1900
Pedestrian -1 -1 -3.1585 291.9759 166.3149 298.2569 201.8924 1.8234 0.5079 0.2894 -16.3056 1.4880 37.2714 -3.5685 0.1451
Pedestrian -1 -1 -3.4394 678.1207 159.7438 691.8112 201.5309 1.9151 0.5464 0.4900 3.4247 1.3140 33.3845 -3.3385 0.1148
Cyclist -1 -1 -5.8453 317.8092 167.1250 367.9124 213.4496 1.7858 0.6905 1.7072 -10.4881 1.5647 28.2322 -6.1983 0.0922
Pedestrian -1 -1 -5.7125 363.6353 171.2996 387.1262 214.0795 1.6753 0.5636 0.6911 -9.3468 1.6141 28.6166 -6.0258 0.0896
Cyclist -1 -1 -2.8539 717.1298 158.8564 764.0016 204.7686 1.8205 0.6781 1.7534 5.2559 1.2652 29.3057 -2.6786 0.0891
Pedestrian -1 -1 -7.9176 724.6952 159.1165 743.2817 205.4545 1.8748 0.7002 0.7851 5.0401 1.3187 29.6189 -7.7511 0.0719
Cyclist -1 -1 -8.3022 1064.3970 159.8784 1241.0000 374.0000 1.6137 0.5321 1.6311 2.4783 1.5746 3.0123 -7.6613 0.0692
Cyclist -1 -1 -8.6078 904.1435 113.8404 1241.0000 374.0000 1.7443 0.5493 1.6724 2.1682 1.5238 3.5693 -8.0987 0.0614
Pedestrian -1 -1 -3.7242 283.7418 163.6490 297.8290 201.4905 1.9292 0.5528 0.4298 -16.4595 1.4596 37.1157 -4.1392 0.0599
Cyclist -1 -1 -7.9758 672.6698 167.9247 690.3278 212.2312 1.6636 0.4809 1.6111 2.7102 1.4782 27.9039 -7.8806 0.0590
Cyclist -1 -1 -8.4180 1152.6134 110.8802 1241.0000 374.0000 1.7351 0.5056 1.5839 2.7528 1.5683 2.7612 -7.6866 0.0580
Pedestrian -1 -1 -8.1978 744.8766 158.8943 767.9836 206.2066 1.8775 0.7057 0.7266 5.8448 1.3232 29.0435 -8.0016 0.0575
Cyclist -1 -1 -4.4865 382.8715 173.4952 405.5748 216.8814 1.6589 0.5300 1.5112 -8.5203 1.6845 28.3819 -4.7760 0.0574
Cyclist -1 -1 -7.6355 332.6558 169.0362 358.6709 214.8190 1.7379 0.6018 1.6969 -10.3854 1.5926 28.2690 -7.9849 0.0559
Pedestrian -1 -1 -5.5649 1107.3163 238.7940 1241.0000 374.0000 1.2646 0.4012 0.4254 2.5223 1.5828 3.2315 -4.9462 0.0558
Cyclist -1 -1 -4.1488 1126.7063 140.1000 1241.0000 374.0000 1.6603 0.5890 1.5728 3.1347 1.5362 3.2277 -3.4232 0.0525
Car -1 -1 -8.0989 701.1774 174.0729 813.3552 248.3807 1.4527 1.5527 3.6489 3.0822 1.4826 16.0343 -7.9132 0.9776
Car -1 -1 -8.3036 794.8721 179.8286 1164.4297 374.0000 1.4186 1.5896 3.9673 3.2329 1.5093 7.3921 -7.9069 0.9617
Car -1 -1 -4.4326 378.3132 176.7436 463.0413 232.0964 1.5362 1.5567 3.6356 -5.7480 1.6651 22.1226 -4.6844 0.9510
Car -1 -1 -4.0124 0.0000 195.5557 245.9475 374.0000 1.5058 1.6131 3.7896 -5.6180 1.7978 7.3469 -4.6481 0.9481
Car -1 -1 -4.5370 432.5522 178.3211 487.5516 219.7109 1.4392 1.4500 3.4697 -5.6535 1.6591 27.3069 -4.7397 0.8713
Car -1 -1 -8.0823 683.7289 169.5776 760.4587 227.2497 1.5715 1.5025 3.3425 3.1886 1.4819 21.3892 -7.9370 0.7861
Car -1 -1 -5.7632 76.5942 170.2349 227.5089 216.3308 1.4654 1.5689 3.9500 -15.0625 1.3818 23.7993 -6.3226 0.5155
Car -1 -1 -7.5752 388.3448 173.2764 428.8944 197.8710 1.5991 1.6249 3.9436 -13.6415 1.6286 48.9592 -7.8458 0.2967
Car -1 -1 -8.0335 677.0351 175.5448 735.8459 216.4147 1.3961 1.5231 3.5664 3.4531 1.5022 26.7086 -7.9069 0.2902
Car -1 -1 -4.3548 245.0412 166.7100 309.1148 199.6326 1.5178 1.6341 3.7045 -16.1837 1.2343 35.1700 -4.7834 0.2080
Car -1 -1 -5.8184 0.0000 0.0000 1241.0000 374.0000 1.5567 1.6010 3.8332 3.4313 1.5538 1.7867 -4.7938 0.2017
Car -1 -1 -8.0356 537.7849 158.7923 567.1084 186.1483 2.3842 1.8304 4.6593 -5.2775 1.1584 65.3722 -8.1161 0.1295
Car -1 -1 -5.0915 430.4633 176.9563 497.6854 212.5389 1.4549 1.5829 3.9161 -6.5806 1.6486 32.0505 -5.2929 0.0929
Car -1 -1 -4.2956 432.3803 176.4031 493.9875 205.6496 1.4049 1.5921 4.1186 -7.5655 1.5992 37.3734 -4.4944 0.0655
Car -1 -1 -7.6769 49.9236 145.4582 103.6555 177.0317 1.6141 1.6662 3.8820 -28.7768 0.2133 38.9950 -8.3095 0.0618
Car -1 -1 -7.6038 721.3222 165.1978 778.3507 205.4458 1.6030 1.5569 3.5529 5.9520 1.2977 30.6756 -7.4144 0.0559
