Pedestrian -1 -1 -3.8049 693.7256 152.0208 783.3521 302.7353 1.8042 0.6169 0.9347 1.6349 1.4637 8.9554 -3.6287 0.7724
Pedestrian -1 -1 -6.7110 836.2121 168.3773 871.3323 233.0976 1.5977 0.6186 0.6314 6.2115 1.2987 17.7920 -6.3789 0.1185
Pedestrian -1 -1 -2.1515 274.8938 196.9461 316.7489 285.6310 1.2097 0.3250 0.4992 -4.4329 1.4494 10.0190 -2.5546 0.0813
Pedestrian -1 -1 -8.3549 545.0968 160.9653 580.9799 235.3955 1.8080 0.6176 0.7332 -1.0930 1.3338 17.6494 -8.4139 0.0785
Pedestrian -1 -1 -4.5724 0.0889 174.8674 42.7803 260.5235 1.6643 0.5694 0.6463 -11.7216 1.5552 14.1613 -5.2511 0.0698
Pedestrian -1 -1 -4.9646 1013.7587 209.2931 1103.1296 369.0000 1.2636 0.4128 0.5645 3.2773 1.4906 5.2329 -4.4299 0.0645
Cyclist -1 -1 -4.8119 671.8240 166.6742 688.9634 208.3935 1.6344 0.5287 1.5880 3.0011 1.0930 28.4946 -4.7063 0.0644
Pedestrian -1 -1 -8.2278 596.0117 162.3239 630.0176 235.0582 1.7669 0.6096 0.7661 0.1522 1.3257 17.6427 -8.2176 0.0600
Pedestrian -1 -1 -3.8298 393.3286 166.0593 442.6895 248.6685 1.7122 0.5943 0.8368 -4.0508 1.4133 15.1681 -4.0837 0.0561
Car -1 -1 -4.7822 596.0853 166.3539 636.7977 200.7874 1.4433 1.5407 3.9865 0.4328 0.8506 31.6694 -4.7668 0.0541
Pedestrian -1 -1 -2.2410 216.5184 163.9975 266.2286 252.0905 1.7096 0.5660 0.7113 -7.3082 1.3897 14.1276 -2.7074 0.0535
Pedestrian -1 -1 -4.4963 684.0809 164.5936 721.8386 251.6251 1.7284 0.6184 0.7774 1.9718 1.4129 14.5132 -4.3624 0.1712
Pedestrian -1 -1 -4.5311 663.4318 142.1256 677.0156 174.6635 1.8059 0.6376 0.7501 3.6658 -0.3325 39.8501 -4.4380 0.1665
Cyclist -1 -1 -7.8800 862.2033 159.8555 894.6017 268.8326 1.7314 0.4518 1.6746 4.6095 1.4038 12.0988 -7.5229 0.1609
Cyclist -1 -1 -4.8247 856.5413 180.6659 906.2938 278.4105 1.4430 0.5394 1.6101 4.3328 1.4462 11.2871 -4.4658 0.1297
Pedestrian -1 -1 -4.1933 1171.1780 163.7304 1223.0000 267.3487 1.7001 0.5902 0.7177 10.1225 1.4253 12.0038 -3.5041 0.1100
Cyclist -1 -1 -4.3982 44.9669 162.3051 118.9086 266.7401 1.7593 0.5448 1.7539 -9.4906 1.4531 12.8288 -5.0215 0.1062
Pedestrian -1 -1 -7.2426 1016.8070 157.7599 1073.1047 268.7050 1.7758 0.5647 0.5746 7.2200 1.4122 11.6919 -6.6998 0.1022
Cyclist -1 -1 -6.4261 658.6627 143.0056 690.4219 174.5460 1.7699 0.6427 1.7213 3.9320 -0.3412 40.1699 -6.3271 0.0947
Pedestrian -1 -1 -2.9523 1039.2996 151.6879 1090.5419 268.3158 1.8485 0.5622 0.6174 7.5103 1.3922 11.6224 -2.3894 0.0932
Pedestrian -1 -1 -7.8066 526.6074 161.6884 558.8770 259.5251 1.7287 0.5480 0.8663 -1.1769 1.3967 12.9369 -7.8933 0.0859
Pedestrian -1 -1 -4.6619 861.9754 194.6761 890.0870 272.9477 1.2028 0.4006 0.4626 4.2698 1.4349 11.2625 -4.3071 0.0774
Cyclist -1 -1 -7.8421 510.0472 162.0626 544.0917 263.5110 1.7446 0.5834 1.7437 -1.4752 1.4279 13.0552 -7.9501 0.0772
Cyclist -1 -1 -7.4624 78.3194 168.6145 147.9144 262.4027 1.6527 0.4838 1.6045 -9.2546 1.4436 13.2937 -8.0575 0.0754
Pedestrian -1 -1 -8.1992 775.8639 165.4520 807.1198 232.8442 1.6552 0.5773 0.6227 4.6212 1.2859 17.7023 -7.9465 0.0739
Pedestrian -1 -1 -7.9936 701.3590 164.7320 728.8105 233.4224 1.6817 0.5745 0.7655 2.7060 1.2960 17.6963 -7.8427 0.0718
Pedestrian -1 -1 -5.4930 668.7035 162.8090 710.1052 234.2112 1.7680 0.5947 0.8886 2.1074 1.3303 18.0403 -5.3770 0.0709
Cyclist -1 -1 -6.2705 660.2978 140.6437 692.2025 174.8039 1.8877 0.6797 1.7651 3.9849 -0.3229 39.6555 -6.1690 0.0698
Pedestrian -1 -1 -3.2557 706.3547 157.2558 745.2782 231.0305 1.8745 0.5331 0.9337 3.0704 1.2842 18.2554 -3.0901 0.0672
Pedestrian -1 -1 -6.5016 1114.1001 149.9796 1178.0856 265.8754 1.8308 0.5921 0.7140 8.7973 1.3490 11.5849 -5.8636 0.0645
Pedestrian -1 -1 -8.4387 960.2993 162.0300 1017.6852 268.2377 1.6854 0.5499 0.6577 6.2244 1.3927 11.5749 -7.9550 0.0643
Pedestrian -1 -1 -4.2221 746.1774 164.7650 793.0407 254.2896 1.7358 0.5843 0.8625 3.2703 1.4311 14.2266 -3.9993 0.0611
Pedestrian -1 -1 -8.3152 944.4353 160.2015 996.9968 265.6122 1.6851 0.5491 0.6067 5.9428 1.3610 11.6072 -7.8514 0.0596
Pedestrian -1 -1 -7.5016 1058.4210 148.5117 1114.6689 265.0757 1.8346 0.5649 0.6843 7.8216 1.3316 11.5588 -6.9178 0.0594
Cyclist -1 -1 -4.6734 669.3118 141.7756 679.4645 173.8437 1.7547 0.5054 1.6763 3.9099 -0.3838 39.9136 -4.5743 0.0577
Pedestrian -1 -1 -5.4783 818.9704 180.7508 864.1794 258.3009 1.4818 0.4802 0.7171 4.6106 1.4872 13.9398 -5.1640 0.0575
Pedestrian -1 -1 -7.3128 861.4252 172.3120 913.5311 270.9966 1.5728 0.5636 0.6192 4.6161 1.4427 11.6811 -6.9440 0.0571
Pedestrian -1 -1 -5.0576 901.4895 161.2446 953.5309 266.6946 1.6846 0.5843 0.6615 5.2495 1.3774 11.6456 -4.6425 0.0564
Pedestrian -1 -1 -4.5330 1085.1882 148.3727 1135.4276 265.5662 1.8394 0.5618 0.6867 8.1983 1.3355 11.5389 -3.9266 0.0560
Pedestrian -1 -1 -5.0994 73.9416 167.1002 123.4465 260.3457 1.6810 0.5517 0.6418 -9.4638 1.4398 13.1523 -5.7099 0.0555
Pedestrian -1 -1 -5.7320 843.7886 167.1753 891.4371 263.0371 1.6461 0.5220 0.6105 4.6075 1.4176 12.5422 -5.3863 0.0537
Cyclist -1 -1 -8.7694 941.5293 166.5200 1027.4247 251.7062 1.6139 0.3918 1.6047 7.5388 1.3494 14.2057 -8.2891 0.0535
Pedestrian -1 -1 -4.0673 484.5587 168.6491 535.9276 263.3228 1.6613 0.5918 0.7563 -1.7677 1.4537 12.8817 -4.1986 0.0523
Pedestrian -1 -1 -5.8372 917.1927 178.3983 963.5643 271.3760 1.4297 0.5334 0.4864 5.2758 1.3977 11.2294 -5.4071 0.0520
Cyclist -1 -1 -8.6409 927.1695 167.1160 1005.0557 252.5763 1.6309 0.3979 1.5683 7.2197 1.3758 14.2995 -8.1806 0.0518
Pedestrian -1 -1 -8.7273 736.3945 162.7524 773.4814 233.7914 1.7334 0.6219 0.6643 3.7112 1.3007 17.7059 -8.5226 0.0518
Cyclist -1 -1 -8.6909 1132.7537 157.7230 1223.0000 262.5078 1.6962 0.4431 1.6996 10.1026 1.3279 12.3197 -8.0151 0.0517
Pedestrian -1 -1 -7.0430 996.8534 164.6317 1050.5083 267.4988 1.7169 0.5488 0.5710 7.1294 1.4525 12.1353 -6.5216 0.0515
Pedestrian -1 -1 -6.8242 995.4874 164.7812 1051.4744 270.3225 1.7294 0.5600 0.6040 6.9666 1.4722 11.8721 -6.3035 0.0505
Pedestrian -1 -1 -4.7242 867.5168 192.1878 897.5195 273.2563 1.2232 0.4244 0.4477 4.2739 1.4106 11.0325 -4.3625 0.0503
Car -1 -1 -7.7602 664.0060 144.3557 698.4389 172.5887 1.5243 1.6553 3.7085 4.4780 -0.4839 41.2690 -7.6508 0.1829
Car -1 -1 -7.6838 691.3552 142.6815 731.2700 171.1623 1.4894 1.6200 3.8950 6.1160 -0.5620 40.4577 -7.5328 0.0534
