Car -1 -1 -2.8553 317.7743 184.6654 430.5174 226.5857 1.4089 1.5131 3.5028 -8.3208 1.8392 25.5049 -3.1681 0.9121
Pedestrian -1 -1 -4.0723 70.8954 218.4485 109.3438 294.5982 1.1601 0.3778 0.3139 -8.2269 1.8870 11.3471 -4.6888 0.1443
Pedestrian -1 -1 -3.5726 697.4516 167.8166 710.2901 191.9574 1.9144 0.5187 0.8797 7.4653 1.5146 57.5975 -3.4447 0.1424
Pedestrian -1 -1 -8.6739 1135.4854 139.2928 1166.0499 194.2630 1.8913 0.7197 0.4953 18.7872 0.7363 25.1350 -8.0377 0.1369
Pedestrian -1 -1 -7.1773 275.2016 174.3993 290.3638 212.2796 1.7459 0.5081 0.3924 -15.2460 1.8179 33.5295 -7.6014 0.1363
Pedestrian -1 -1 -4.0427 129.9133 218.9284 176.7670 309.6306 1.1732 0.3637 0.4042 -6.2397 1.8115 9.7794 -4.5988 0.1269
Car -1 -1 -5.2329 953.9858 142.9949 1028.4852 175.5715 1.5270 1.6135 3.7054 18.7313 0.1271 35.7054 -4.7531 0.1264
Pedestrian -1 -1 -5.0158 798.0074 156.1501 827.7909 218.5544 1.9087 0.6229 0.9953 6.2905 1.3975 22.5776 -4.7480 0.1240
Car -1 -1 -7.4528 346.0029 165.3208 389.5757 188.6038 1.5577 1.6242 3.5072 -16.7939 1.0534 50.0860 -7.7749 0.1207
Pedestrian -1 -1 -7.7780 837.0908 159.4295 852.0169 196.0086 1.8187 0.6704 0.6302 11.7597 1.1509 36.2931 -7.4674 0.1126
Pedestrian -1 -1 -7.9124 844.2471 158.5706 860.4743 199.3932 1.9255 0.6976 0.5897 11.5122 1.2515 34.4085 -7.5925 0.0890
Pedestrian -1 -1 -3.1462 669.6746 165.4778 679.7040 185.2694 1.8458 0.4265 0.9321 6.0329 1.1576 67.5418 -3.0577 0.0858
Car -1 -1 -4.8938 908.3455 146.7877 943.7420 169.9787 1.6069 1.6571 4.0032 22.9838 -0.2187 52.6609 -4.4842 0.0850
Car -1 -1 -2.6328 124.2443 186.2503 244.1985 227.5120 1.4829 1.5677 3.6014 -16.0767 2.0043 27.2823 -3.1613 0.0819
Pedestrian -1 -1 -4.5049 416.2404 167.3062 429.2183 201.5994 2.0033 0.6352 0.5710 -11.0512 1.6789 42.4500 -4.7584 0.0792
Cyclist -1 -1 -3.7624 261.6618 174.6726 314.9332 225.9835 1.7474 0.5692 1.7071 -11.4001 1.8136 25.5134 -4.1791 0.0789
Pedestrian -1 -1 -2.8785 687.1425 164.4499 700.4083 190.1841 1.8561 0.5006 0.8573 6.0582 1.2496 52.4314 -2.7644 0.0777
Pedestrian -1 -1 -4.7606 857.3225 153.6551 878.9877 207.7616 1.9896 0.7266 0.6725 9.5932 1.2833 26.9583 -4.4225 0.0718
Pedestrian -1 -1 -4.6876 719.3793 162.9206 733.2853 199.3360 1.8792 0.6999 0.8026 6.0412 1.3663 37.6926 -4.5303 0.0683
Car -1 -1 -3.4207 831.8571 154.1186 910.2056 182.8149 1.5877 1.6326 3.8688 14.6936 0.5508 40.8593 -3.0779 0.0649
Pedestrian -1 -1 -7.4939 871.7620 158.9840 889.3778 196.1223 1.8111 0.6387 0.6193 13.3209 1.1344 35.6304 -7.1391 0.0634
Cyclist -1 -1 -7.8035 278.6425 177.5958 295.4978 220.3904 1.7304 0.5594 1.6647 -13.5708 1.9346 30.2471 -8.2223 0.0616
Cyclist -1 -1 -2.7133 419.5552 168.5373 463.1929 208.9941 1.8808 0.6434 1.9108 -7.9948 1.6798 34.0483 -2.9426 0.0573
Car -1 -1 -7.8561 792.2079 157.8418 817.9306 182.7467 1.7072 1.7094 4.0738 13.9177 0.6778 51.6474 -7.5945 0.0572
Car -1 -1 -7.4006 1177.1718 146.8066 1241.0000 374.0000 1.5508 1.6634 4.2468 5.1711 1.4719 3.3353 -6.4424 0.0543
Cyclist -1 -1 -7.2423 112.6432 185.8466 158.3199 237.8935 1.6279 0.4040 1.6079 -15.6629 2.0704 23.7824 -7.8198 0.0533
Pedestrian -1 -1 -7.7888 322.3216 177.1569 336.8377 209.4974 1.7198 0.6891 0.6339 -15.1463 1.9538 38.8840 -8.1583 0.1370
Pedestrian -1 -1 -5.8055 485.1965 175.6101 501.6933 204.1434 1.6373 0.5492 0.7798 -6.7968 1.7983 41.8590 -5.9659 0.1168
Pedestrian -1 -1 -3.4170 1137.0634 137.4069 1156.9094 170.8684 1.7687 0.6388 0.7026 28.6921 -0.1077 38.6127 -2.7814 0.1083
Cyclist -1 -1 -8.6564 1124.9365 128.8495 1163.7660 165.9384 1.6936 0.4358 1.6229 25.1892 -0.3351 34.0966 -8.0239 0.0681
Cyclist -1 -1 -8.6372 1115.4109 125.7347 1157.9421 164.0078 1.7408 0.5079 1.7878 24.8738 -0.4305 34.1672 -8.0117 0.0650
Pedestrian -1 -1 -5.5225 446.6115 176.3370 467.7671 212.1862 1.6387 0.6886 0.6731 -7.1439 1.8026 33.5434 -5.7312 0.0597
Cyclist -1 -1 -5.2685 1128.4048 134.6705 1158.8422 167.2829 1.6946 0.5219 1.6304 28.4985 -0.3048 38.6101 -4.6360 0.0567
Car -1 -1 -2.8842 363.2607 180.7534 457.8917 216.4155 1.4733 1.5968 3.6301 -8.5543 1.8212 30.9880 -3.1518 0.8766
Car -1 -1 -2.8632 418.5497 177.2118 496.6592 206.3215 1.5439 1.5770 3.8976 -8.3393 1.7875 39.4694 -3.0705 0.7353
Car -1 -1 -2.8591 388.7991 177.2784 470.8810 211.8436 1.5824 1.5502 3.4680 -8.5130 1.7963 34.0899 -3.1025 0.6040
Car -1 -1 -5.6461 404.7205 179.3732 486.4060 210.2431 1.4913 1.5657 3.9216 -8.4750 1.8389 36.9968 -5.8701 0.2094
Car -1 -1 -8.2524 459.5024 176.9387 506.4570 201.1971 1.4998 1.6351 3.9374 -8.4194 1.7798 47.4138 -8.4276 0.2049
Car -1 -1 -3.0039 470.6180 177.2266 524.1342 197.7189 1.4749 1.6045 3.7082 -8.2902 1.8016 53.1198 -3.1583 0.1871
Car -1 -1 -2.9809 433.2947 176.1423 502.5009 203.4807 1.5698 1.6514 3.7872 -8.3700 1.7673 42.5317 -3.1744 0.1828
Car -1 -1 -4.3981 338.4446 171.6389 385.1010 198.3910 1.5692 1.5669 3.9259 -15.2107 1.4976 44.2975 -4.7273 0.1413
Car -1 -1 -5.6977 1120.4763 124.8015 1239.4498 161.9209 1.5139 1.6617 3.9897 25.7752 -0.5308 32.8528 -5.0364 0.1159
Car -1 -1 -5.5827 1128.9647 129.6622 1228.1987 161.7249 1.5079 1.6945 3.8471 29.3307 -0.6092 37.4198 -4.9214 0.0911
Car -1 -1 -4.6117 505.0076 173.1936 530.2051 195.0438 1.6510 1.5875 3.7628 -7.2270 1.6782 56.4813 -4.7388 0.0851
Car -1 -1 -4.6037 301.1216 175.7993 341.2077 204.6823 1.5642 1.7085 4.1245 -16.6849 1.7433 41.7426 -4.9820 0.0849
Car -1 -1 -5.2275 1060.9523 126.4239 1147.5034 163.0940 1.5799 1.6196 3.9714 23.2740 -0.4908 34.2175 -4.6339 0.0617
Car -1 -1 -5.1219 1062.3129 131.3235 1131.5807 161.0494 1.4827 1.6273 4.1845 26.8138 -0.6899 39.9443 -4.5337 0.0562
Car -1 -1 -7.4888 325.3442 179.0146 380.8926 207.0986 1.4586 1.6570 3.8272 -14.2972 1.8185 40.2573 -7.8283 0.0550
Car -1 -1 -4.1405 517.5693 175.9946 560.1553 194.1678 1.4406 1.5638 4.0978 -5.9107 1.7116 60.1320 -4.2384 0.0524
