Cyclist -1 -1 -7.7792 666.9465 179.2777 675.3962 204.8481 1.6735 0.4543 1.5443 4.0768 2.1114 48.4215 -7.6963 0.0814
Pedestrian -1 -1 -5.2973 231.1416 172.4086 270.1614 244.4429 1.7816 0.6228 0.6638 -9.1530 1.7703 18.2815 -5.7561 0.0803
Pedestrian -1 -1 -5.9838 1075.8185 163.2910 1097.7437 197.6817 1.9400 0.5507 0.9250 27.2067 1.4002 41.2335 -5.4041 0.0638
Pedestrian -1 -1 -6.1706 616.1840 173.4217 626.3285 197.8384 1.8916 0.5373 0.7354 0.8509 1.9357 56.2252 -6.1560 0.0616
Pedestrian -1 -1 -3.5250 722.7193 168.7746 730.4935 191.7690 1.8654 0.5364 0.4577 9.4828 1.5342 58.8469 -3.3664 0.0558
Pedestrian -1 -1 -3.8749 922.7886 170.5264 934.1917 190.7041 1.8368 0.4405 0.8887 29.1236 1.6246 66.0302 -3.4614 0.0541
Car -1 -1 -4.9020 1142.4779 171.9974 1184.2795 194.0181 1.5292 1.6287 4.1856 40.0482 1.4694 52.3418 -4.2518 0.0538
Pedestrian -1 -1 -4.8781 951.2368 158.7988 990.4131 247.9188 1.9261 0.6191 0.9914 8.0122 1.6220 16.1570 -4.4257 0.0537
Pedestrian -1 -1 -6.8878 1200.4891 176.2771 1221.6815 205.4054 1.6195 0.5221 0.7492 33.6782 1.8126 40.4771 -6.1978 0.0533
Car -1 -1 -5.1832 843.6909 174.6404 881.8934 192.9800 1.7188 1.6752 4.4385 24.5849 1.8984 70.3844 -4.8488 0.0531
Cyclist -1 -1 -7.8868 534.8675 174.5998 550.0014 220.2169 1.7178 0.5277 1.7096 -2.6867 1.7877 28.1197 -7.9818 0.0506
Car -1 -1 -4.3691 447.0239 178.3006 496.5797 206.0720 1.5359 1.6475 3.9636 -8.1722 1.8744 42.8072 -4.5570 0.0502
Pedestrian -1 -1 -5.8339 913.3453 175.8497 930.4625 203.7150 1.7673 0.4738 0.8922 20.0042 1.9615 46.3596 -5.4293 0.4074
Pedestrian -1 -1 -5.2240 954.9900 163.2396 1001.9707 249.1129 1.8719 0.5988 0.8369 8.1882 1.6621 16.1618 -4.7631 0.1204
Pedestrian -1 -1 -2.8466 665.8353 178.2081 677.1725 203.6119 1.6770 0.6062 0.6052 4.0763 2.0372 48.1903 -2.7632 0.1105
Cyclist -1 -1 -7.7104 536.8933 175.6711 555.5025 222.2018 1.7180 0.4839 1.6201 -2.4722 1.8285 27.5613 -7.7997 0.1028
Cyclist -1 -1 -4.6823 531.8947 174.9018 547.3632 221.2804 1.7251 0.5450 1.6779 -2.7443 1.8060 27.7690 -4.7806 0.0774
Cyclist -1 -1 -7.4213 667.1719 177.5571 682.2881 203.0494 1.6821 0.4056 1.5502 4.3398 2.0041 48.6697 -7.3334 0.0633
Pedestrian -1 -1 -3.4838 939.2847 163.6061 987.5698 237.9733 1.9179 0.5347 1.0151 9.2097 1.6791 18.9272 -3.0377 0.0551
Cyclist -1 -1 -7.8388 947.5740 170.6286 965.6022 239.8229 1.7558 0.4143 1.6505 9.1483 1.6990 19.1410 -7.3996 0.0509
Car -1 -1 -7.9203 798.7469 176.1078 861.7046 230.8740 1.5975 1.6646 3.6907 6.9663 1.7110 23.2648 -7.6335 0.9620
Car -1 -1 -3.8804 0.0000 185.8380 259.7894 374.0000 1.4802 1.5977 3.9733 -5.4053 1.6409 6.8496 -4.5300 0.8431
Car -1 -1 -6.4721 910.8956 174.7137 983.6396 202.0160 1.7064 1.7330 3.9960 21.6821 1.8297 46.6007 -6.0395 0.1398
Car -1 -1 -4.7470 454.6781 177.9333 479.1505 198.9363 1.4760 1.6491 4.1527 -10.7657 1.8713 53.9844 -4.9433 0.1012
Car -1 -1 -5.0896 1225.6753 173.7710 1241.0000 210.2877 1.4987 1.6119 4.0780 29.1045 1.5418 31.9160 -4.3551 0.0984
Car -1 -1 -3.9937 1166.8943 175.2727 1241.0000 202.6891 1.5191 1.5734 3.8070 34.1727 1.6608 41.2586 -3.3058 0.0941
Car -1 -1 -8.1679 515.3109 179.6518 582.7783 221.1430 1.5449 1.6049 3.9764 -2.6250 1.8448 29.7126 -8.2559 0.0692
Car -1 -1 -7.5680 667.0342 177.5979 706.6010 202.3942 1.5967 1.6102 4.1130 5.2835 1.9365 49.5162 -7.4628 0.0609
