Car -1 -1 -4.3576 384.2319 186.6534 480.8091 238.2600 1.4248 1.6525 4.2009 -5.6393 1.9113 23.2721 -4.5934 0.9702
Car -1 -1 -4.0516 0.0000 199.8239 281.5909 374.0000 1.4462 1.6765 4.4196 -5.7643 1.8383 8.2380 -4.6474 0.9536
Car -1 -1 -4.3344 230.8882 192.1030 385.5618 282.3015 1.4415 1.5260 3.6188 -5.7636 1.8662 14.1169 -4.7161 0.9461
Cyclist -1 -1 -4.2534 0.0000 179.1086 65.8752 284.6653 1.7164 0.5415 1.7605 -10.4432 1.8347 12.7594 -4.9292 0.4021
Car -1 -1 -2.6953 525.4030 175.9442 575.8636 194.9144 1.5902 1.5618 4.0752 -5.1592 1.8635 62.4145 -2.7777 0.3223
Pedestrian -1 -1 -3.0529 780.3581 165.1085 787.8559 192.1355 1.7825 0.6157 0.4331 11.5382 1.2714 47.9483 -2.8184 0.1198
Pedestrian -1 -1 -7.8543 705.6094 170.5109 716.5917 200.9578 1.8149 0.6489 0.6491 6.0406 1.6749 43.3754 -7.7174 0.1072
Pedestrian -1 -1 -3.4803 656.7403 171.0880 669.2493 198.6628 1.8799 0.5932 0.6989 3.6072 1.7592 49.5694 -3.4085 0.0835
Pedestrian -1 -1 -3.4728 721.6648 170.3947 730.5588 206.8144 1.8994 0.4668 0.3259 6.0568 1.7708 37.8882 -3.3160 0.0761
Car -1 -1 -7.8252 459.1098 172.5635 477.8046 190.0857 1.6400 1.6547 4.1183 -13.6645 1.6125 69.7000 -8.0184 0.0758
Cyclist -1 -1 -6.3951 380.7617 176.2337 418.9640 211.3925 1.7790 0.6575 1.8340 -10.8986 1.9564 37.2911 -6.6779 0.0708
Car -1 -1 -4.6373 0.0000 181.2693 75.9999 252.5821 1.5260 1.6455 4.3031 -14.6613 1.7642 18.2117 -5.3081 0.0649
Car -1 -1 -5.0145 801.0098 181.2199 868.0516 218.6816 1.4052 1.5679 3.7694 9.1419 1.7723 29.7995 -4.7202 0.0634
Pedestrian -1 -1 -7.5522 691.0791 171.6314 703.8889 201.0573 1.7659 0.5948 0.6869 5.2691 1.6922 43.7359 -7.4336 0.0609
Pedestrian -1 -1 -3.8796 723.7715 163.3867 740.1147 193.1290 1.9435 0.6057 0.8878 8.0187 1.3245 47.6430 -3.7142 0.0601
Pedestrian -1 -1 -3.8299 769.5377 160.8186 825.1393 264.5127 1.8707 0.6343 0.7792 3.4390 1.6533 13.4708 -3.5862 0.0592
Pedestrian -1 -1 -6.6224 313.0878 169.8861 330.9595 218.6460 1.9104 0.6247 0.4793 -11.4854 1.7938 28.6628 -7.0007 0.0579
Pedestrian -1 -1 -5.2182 397.9893 191.2565 421.8988 242.5538 1.3989 0.4711 0.4845 -5.6663 1.9238 20.2565 -5.4882 0.0514
Car -1 -1 -7.7848 498.5797 172.5031 518.6723 189.7364 1.6151 1.6425 4.1344 -9.7885 1.5819 69.7413 -7.9240 0.0510
Cyclist -1 -1 -7.6473 466.2795 180.7074 479.2561 207.9268 1.6283 0.4500 1.6896 -8.4916 2.1216 44.5026 -7.8352 0.2813
Pedestrian -1 -1 -7.7540 173.3486 176.1413 200.2825 232.2838 1.7740 0.7004 0.4952 -13.6552 1.8811 23.2124 -8.2810 0.2544
Cyclist -1 -1 -4.3695 169.5443 177.7682 207.9826 232.1593 1.6810 0.5733 1.5661 -13.6114 1.8448 23.2704 -4.8941 0.1041
Cyclist -1 -1 -4.5667 201.6870 171.3116 223.8407 211.9759 1.6758 0.5950 1.5895 -16.8683 1.6120 30.5841 -5.0672 0.0971
Pedestrian -1 -1 -5.2227 201.7684 169.0539 220.0869 212.0869 1.8004 0.5877 0.3390 -16.9250 1.6411 30.5260 -5.7255 0.0893
Cyclist -1 -1 -7.0554 52.8523 154.8734 89.4195 190.5777 1.7909 0.4160 1.6928 -27.6965 0.8887 37.0599 -7.6938 0.0781
Cyclist -1 -1 -4.8726 649.9221 177.9076 666.8369 215.1561 1.6635 0.5406 1.4933 2.1759 1.9011 33.2016 -4.8084 0.0736
Pedestrian -1 -1 -4.1981 469.3783 175.4555 488.7934 215.0096 1.8074 0.5938 0.7518 -6.1132 1.9295 33.4824 -4.3778 0.0731
Cyclist -1 -1 -6.1983 82.1392 161.1733 126.6159 196.5210 1.8099 0.7041 1.8498 -26.4417 1.2115 37.7109 -6.8066 0.0713
Pedestrian -1 -1 -6.9540 179.0823 174.8597 205.9801 249.1386 1.8890 0.5800 0.3078 -10.8196 1.9411 18.6135 -7.4746 0.0602
Pedestrian -1 -1 -5.9691 458.5590 176.5469 471.6298 204.4782 1.8133 0.5671 0.6984 -9.5201 2.0564 47.2488 -6.1673 0.0602
Pedestrian -1 -1 -4.7261 240.3090 181.1996 264.5679 242.8490 1.7430 0.6224 0.6137 -10.4210 1.9895 20.9263 -5.1834 0.0587
Cyclist -1 -1 -5.5653 183.8345 166.4718 229.7216 209.8907 1.7961 0.6902 1.6367 -17.0021 1.5317 30.3555 -6.0724 0.0518
Cyclist -1 -1 -2.5438 145.5872 171.1436 210.9870 228.4927 1.7917 0.6735 1.7014 -13.7557 1.7380 22.9313 -3.0793 0.0517
Cyclist -1 -1 -4.7500 467.9904 179.6485 481.4531 217.6911 1.6758 0.5429 1.5773 -6.2187 1.9932 32.9094 -4.9359 0.0514
Pedestrian -1 -1 -7.8473 293.9895 167.1584 307.9007 200.3210 1.7855 0.6910 0.5839 -16.8463 1.4785 39.2499 -8.2505 0.0508
Car -1 -1 -8.2331 790.8149 179.4604 1108.9615 368.3179 1.5202 1.6072 3.9816 3.2462 1.6109 7.9426 -7.8592 0.9783
Car -1 -1 -4.9409 706.0850 181.6547 802.1471 251.0606 1.4812 1.4948 3.5688 3.3624 1.7186 17.6744 -4.7569 0.9663
Car -1 -1 -7.9975 657.7050 177.7312 706.2797 216.0818 1.5810 1.6200 3.7024 3.1008 1.8105 32.1140 -7.9028 0.8947
Car -1 -1 -8.0532 679.0927 183.2865 755.4420 233.2638 1.4234 1.6552 4.0473 3.3393 1.7926 23.4849 -7.9145 0.7690
Car -1 -1 -4.5156 483.2346 183.4049 524.1683 212.7632 1.4217 1.4706 3.5434 -5.5950 2.0042 38.0471 -4.6611 0.5544
Car -1 -1 -8.8695 978.2963 190.8053 1241.0000 374.0000 1.4548 1.6088 3.8216 3.2671 1.5691 2.5862 -8.0228 0.4242
Car -1 -1 -5.8730 30.6261 161.3027 132.8747 193.2230 1.6224 1.6712 4.0032 -27.7136 1.0350 37.9216 -6.5008 0.3023
Car -1 -1 -7.5683 286.8083 173.1518 338.0963 201.0360 1.5044 1.6612 3.8772 -16.8668 1.5218 40.9846 -7.9567 0.2896
Car -1 -1 -4.4617 498.9269 182.1098 536.3293 208.3820 1.4765 1.5089 3.0919 -5.5449 2.0529 43.3249 -4.5888 0.2483
Car -1 -1 -4.4004 265.2356 177.4507 322.9448 208.0179 1.3920 1.4759 3.8566 -15.4814 1.6303 35.4487 -4.8097 0.2349
Car -1 -1 -8.0660 650.3966 178.9829 693.8341 209.9830 1.5175 1.5849 3.3466 3.1663 1.8531 37.7784 -7.9836 0.1799
Car -1 -1 -7.6789 262.2574 169.8090 295.2806 194.0800 1.8287 1.6818 3.9568 -25.9112 1.5989 56.4894 -8.1074 0.1622
Car -1 -1 -4.7475 212.7483 179.4039 261.5099 220.5594 1.4455 1.5523 4.1784 -14.6900 1.7216 28.2452 -5.2236 0.1562
Car -1 -1 -5.1395 865.4637 181.1950 978.7466 236.4012 1.4008 1.5133 3.8213 8.8117 1.6637 20.8276 -4.7450 0.1347
Car -1 -1 -4.6935 240.2374 188.4549 294.7674 237.7872 1.4243 1.5295 3.6380 -11.4071 1.9867 24.0518 -5.1325 0.0927
Car -1 -1 -4.9011 290.3234 183.7668 353.9503 225.3473 1.4556 1.6337 3.8345 -11.4242 1.9158 28.3927 -5.2808 0.0771
Car -1 -1 -4.5649 513.0187 178.2398 544.6072 203.7943 1.6090 1.5733 3.6472 -5.4014 1.9813 48.0614 -4.6767 0.0565
