Pedestrian -1 -1 -5.9032 701.1251 155.5664 792.9022 296.8549 1.7803 0.8174 0.9820 1.8645 1.4665 9.5180 -5.7141 0.6584
Pedestrian -1 -1 -5.1531 911.3409 164.9605 937.2366 221.7486 2.0449 0.6138 0.7135 11.6240 1.4856 25.8239 -4.7332 0.2170
Pedestrian -1 -1 -8.1082 442.0561 166.2710 460.8702 207.7020 1.9183 0.7494 0.5468 -7.2212 1.2597 33.1500 -8.3190 0.2060
Pedestrian -1 -1 -6.8160 351.1530 164.0243 367.6246 206.6906 1.9016 0.5842 0.4712 -11.0981 1.1675 31.8809 -7.1461 0.1568
Pedestrian -1 -1 -7.0852 611.2904 165.3153 626.6013 193.7695 1.8715 0.5896 0.8544 0.9247 0.8728 47.0154 -7.0639 0.1254
Cyclist -1 -1 -8.1440 874.3762 172.9486 903.4172 227.6791 1.6449 0.3833 1.6237 8.8106 1.4182 22.0750 -7.7676 0.1185
Pedestrian -1 -1 -3.9922 172.5387 204.5207 205.1449 277.6382 1.0621 0.3077 0.2854 -6.2597 1.4268 10.5527 -4.5126 0.1175
Pedestrian -1 -1 -5.0595 746.3970 213.8110 825.8246 369.0000 1.3229 0.3969 0.4238 1.1658 1.5615 4.8202 -4.8348 0.1123
Pedestrian -1 -1 -5.1844 875.9456 161.2336 894.8820 204.9447 2.0597 0.7345 0.3973 13.2823 1.1520 33.5493 -4.8090 0.0951
Pedestrian -1 -1 -2.9185 940.0616 167.7912 966.6348 223.4913 1.9912 0.6035 0.7550 12.6539 1.5371 25.7473 -2.4650 0.0890
Pedestrian -1 -1 -5.6862 395.9073 167.0307 407.4868 189.4718 1.7292 0.5607 0.6629 -15.7641 0.6913 54.8519 -5.9627 0.0887
Pedestrian -1 -1 -3.2145 641.9594 165.0674 653.9690 188.3085 1.9024 0.4851 0.9527 3.5407 0.6391 58.1242 -3.1523 0.0837
Pedestrian -1 -1 -5.7441 400.4256 164.3473 413.2803 187.2246 1.7939 0.4894 0.8457 -15.6263 0.5273 55.7910 -6.0139 0.0825
Cyclist -1 -1 -7.9324 378.0368 164.6767 384.4799 182.3191 1.6777 0.4714 1.5981 -21.5178 0.1728 68.0642 -8.2354 0.0813
Car -1 -1 -3.3914 772.5046 166.9396 857.7303 196.4079 1.6243 1.7245 4.3158 11.7917 0.8770 39.9135 -3.1046 0.0766
Pedestrian -1 -1 -2.7893 531.7402 166.9624 541.1711 186.2529 1.8435 0.4874 0.7812 -6.5584 0.5496 67.9030 -2.8833 0.0727
Pedestrian -1 -1 -2.0109 268.5343 162.9176 282.9586 193.5531 1.8488 0.5832 0.6360 -20.0775 0.7878 43.0967 -2.4422 0.0724
Pedestrian -1 -1 -3.0945 9.9560 210.4797 65.5519 324.5304 1.1682 0.3391 0.4485 -6.1820 1.5044 7.6504 -3.7522 0.0710
Pedestrian -1 -1 -3.1190 651.2779 166.3805 662.1885 192.1467 1.8288 0.5356 0.7650 3.6966 0.8266 50.4866 -3.0447 0.0709
Cyclist -1 -1 -4.6845 724.9360 167.7009 735.9810 200.9265 1.7081 0.5297 1.5884 6.5864 1.0503 37.1800 -4.5089 0.0689
Pedestrian -1 -1 -5.3582 801.1072 159.9155 819.0264 200.1729 2.0318 0.6906 0.5414 10.4392 0.9930 36.0604 -5.0771 0.0681
Car -1 -1 -8.0274 455.4448 166.6285 483.0331 186.4855 1.6779 1.6944 4.1195 -11.9149 0.5057 61.9700 -8.2146 0.0658
Car -1 -1 -4.6595 340.7250 169.7078 373.4468 196.7645 1.5261 1.6081 4.1035 -14.7114 0.9175 42.0730 -4.9917 0.0653
Pedestrian -1 -1 -5.5130 4.6646 160.0957 26.6074 216.5369 1.7157 0.4884 0.2471 -18.1595 1.0957 21.7462 -6.1996 0.0601
Car -1 -1 -6.7005 681.9489 169.9168 748.0590 194.1493 1.5087 1.5846 3.8736 7.0278 0.8499 45.2878 -6.5459 0.0551
Pedestrian -1 -1 -5.9958 962.6054 160.9332 991.5590 222.9626 2.0765 0.6211 0.7308 12.6732 1.4218 24.1468 -5.5163 0.0533
Car -1 -1 -7.3281 418.0841 164.4325 460.1800 184.1633 1.6669 1.6835 4.2458 -14.4780 0.3094 62.0091 -7.5545 0.0527
Car -1 -1 -2.4646 0.0000 157.2385 6.2030 259.9114 1.5621 1.6538 4.1238 -12.9525 1.2086 11.8582 -3.2787 0.0520
Pedestrian -1 -1 -6.2037 889.4115 165.0537 898.8434 202.2839 1.8887 0.6190 0.4011 14.8010 1.1053 36.2353 -5.8174 0.0517
Pedestrian -1 -1 -7.3575 493.9065 167.9229 504.9261 190.9041 1.8013 0.6022 0.6951 -8.3303 0.8155 55.8488 -7.5030 0.0511
Pedestrian -1 -1 -5.5063 1178.2244 179.1180 1223.0000 306.8425 1.4530 0.4298 0.5796 7.1782 1.4377 8.3536 -4.8135 0.0501
Pedestrian -1 -1 -4.9685 413.6664 161.3028 459.6850 247.3372 1.7891 0.7405 1.0093 -3.7015 1.3902 15.3225 -5.1990 0.8665
Pedestrian -1 -1 -5.3694 351.3420 156.2212 415.8213 252.6238 1.8838 0.7752 1.0554 -4.5667 1.4097 14.4377 -5.6676 0.7973
Pedestrian -1 -1 -1.9882 234.2138 156.4251 287.2239 243.9811 1.8277 0.6979 0.9894 -7.5194 1.3255 15.3462 -2.4338 0.7114
Pedestrian -1 -1 -4.5937 308.1829 156.4780 339.0543 228.3572 1.8655 0.6522 0.9706 -7.5504 1.2424 18.9018 -4.9661 0.6437
Pedestrian -1 -1 -4.2775 258.1205 156.2163 301.9012 229.0936 1.8532 0.6695 1.0202 -8.5253 1.2360 18.4934 -4.7011 0.6197
Pedestrian -1 -1 -4.7581 337.5416 155.8777 369.3876 230.8802 1.8676 0.7303 1.0612 -6.5359 1.2548 18.2343 -5.0949 0.5936
Pedestrian -1 -1 -8.1201 278.3405 156.8613 318.3849 232.9842 1.8174 0.6934 0.9212 -7.6171 1.2534 17.4571 -8.5229 0.5145
Pedestrian -1 -1 -6.4456 1128.0337 156.4508 1223.0000 330.1899 1.6895 0.5371 0.9285 5.9881 1.4561 7.3347 -5.7803 0.4515
Pedestrian -1 -1 -5.6727 0.0000 159.3888 31.4752 230.6370 1.7471 0.5531 0.6920 -14.9199 1.2297 17.6412 -6.3639 0.4177
Pedestrian -1 -1 -5.0435 281.1556 158.5284 328.1708 242.4606 1.8070 0.7286 0.8639 -6.7530 1.3343 15.7875 -5.4386 0.3462
Pedestrian -1 -1 -3.0160 1126.2759 141.2769 1223.0000 341.1632 1.8020 0.6473 0.7690 5.5447 1.4488 6.8748 -2.3580 0.3173
Pedestrian -1 -1 -3.5602 1204.2190 167.1312 1223.0000 211.8099 1.8626 0.7341 0.5449 25.8400 1.3055 29.9060 -2.8514 0.3091
Pedestrian -1 -1 -8.1064 317.7000 162.3810 356.6027 241.0476 1.7606 0.6988 0.6576 -6.2180 1.3554 16.2937 -8.4627 0.2988
Pedestrian -1 -1 -4.1257 1183.6886 163.9917 1212.8663 209.8933 1.9527 0.6819 0.7173 25.5697 1.2507 30.5085 -3.4317 0.2495
Pedestrian -1 -1 -4.2800 313.0207 158.4599 331.0078 196.0744 1.9327 0.6562 0.6432 -14.6894 0.8004 36.6689 -4.6561 0.2277
Cyclist -1 -1 -4.4807 520.7338 168.0037 535.7078 194.0131 1.7996 0.6577 1.7740 -5.4035 0.9350 49.8423 -4.5863 0.2212
Cyclist -1 -1 -4.3996 620.8152 168.7498 643.9597 214.2580 1.7105 0.4922 1.3839 1.0379 1.2691 27.3100 -4.3604 0.1842
Pedestrian -1 -1 -6.4566 499.3313 170.3177 510.6997 192.5334 1.6232 0.7749 0.7080 -7.3720 0.8792 52.1385 -6.5945 0.1760
Cyclist -1 -1 -7.9245 729.9381 170.4851 743.7199 208.0898 1.6748 0.5054 1.5772 5.9921 1.2290 32.3022 -7.7412 0.1565
Cyclist -1 -1 -4.4917 415.1670 168.4264 439.2711 216.0462 1.7224 0.5500 1.5100 -6.6391 1.2859 26.3344 -4.7341 0.1419
Cyclist -1 -1 -4.8177 617.4341 170.2401 634.1438 214.7535 1.6809 0.4937 1.4826 0.7698 1.2937 27.4574 -4.7882 0.1315
Cyclist -1 -1 -6.7575 829.1890 159.3271 866.7401 192.1497 1.7996 0.7325 1.8402 13.4714 0.6388 39.2606 -6.4277 0.1269
Cyclist -1 -1 -4.4111 237.9822 167.1134 263.0946 203.0229 1.7302 0.5996 1.7949 -17.5498 1.0854 35.0015 -4.8704 0.1178
Cyclist -1 -1 -3.3738 612.1230 168.1403 649.5974 213.9624 1.7445 0.5201 1.3628 0.9662 1.2742 27.3051 -3.3372 0.1169
Pedestrian -1 -1 -8.1073 291.0648 160.4634 308.5059 197.0693 1.8592 0.6939 0.6136 -15.7162 0.8417 36.3663 -8.5101 0.1072
Cyclist -1 -1 -5.2838 603.3417 170.5260 633.8301 215.1965 1.6806 0.4956 1.4057 0.4858 1.3056 27.3297 -5.2645 0.1039
Cyclist -1 -1 -4.7930 410.3407 170.0229 428.5945 217.4861 1.7013 0.5383 1.4810 -6.8955 1.3260 26.1310 -5.0462 0.0968
Cyclist -1 -1 -7.7115 625.1754 168.1965 641.2689 206.0338 1.7196 0.5188 1.6734 1.3044 1.1606 33.0039 -7.6707 0.0958
Pedestrian -1 -1 -6.1333 0.0000 143.6225 20.8459 221.6557 1.8384 0.6468 0.6071 -14.6125 0.9699 17.0912 -6.8294 0.0940
Pedestrian -1 -1 -6.3922 10.6141 153.5383 45.0498 227.1934 1.7918 0.6034 0.6081 -14.4322 1.1362 17.6287 -7.0674 0.0927
Pedestrian -1 -1 -8.4530 830.4766 159.9888 847.3593 192.4908 1.7874 0.6527 0.6217 12.9768 0.6596 39.2731 -8.1346 0.0883
Pedestrian -1 -1 -5.9582 519.3155 166.1438 534.5241 193.2574 1.8969 0.5332 0.9444 -5.5008 0.8925 49.8279 -6.0657 0.0879
Pedestrian -1 -1 -3.5719 954.1576 164.8718 969.7262 198.0016 1.8108 0.6319 0.5513 19.6564 0.9567 38.9715 -3.1064 0.0816
Pedestrian -1 -1 -7.3059 731.7230 165.8624 749.0038 205.8965 1.8026 0.6083 0.4880 6.1455 1.1437 32.2208 -7.1175 0.0791
Pedestrian -1 -1 -4.1512 618.2440 176.4227 633.4682 212.7129 1.3728 0.4244 0.4185 0.7686 1.2188 27.0390 -4.1214 0.0752
Cyclist -1 -1 -5.7696 401.1472 168.7579 443.1055 216.7994 1.7393 0.5505 1.4088 -6.7656 1.3144 26.0479 -6.0190 0.0742
Cyclist -1 -1 -3.5618 721.3390 165.7344 759.0060 207.3187 1.8695 0.5957 1.5824 6.1416 1.2059 32.2593 -3.3738 0.0675
Cyclist -1 -1 -4.2967 224.2831 170.2806 254.1157 205.5932 1.6810 0.7030 1.5953 -17.8379 1.1947 34.4733 -4.7687 0.0675
Pedestrian -1 -1 -7.0334 970.1501 166.6631 990.5187 201.6463 1.7929 0.6489 0.6688 19.4281 1.0839 36.6368 -6.5478 0.0640
Cyclist -1 -1 -7.8635 503.7256 170.9420 508.6536 193.3219 1.6403 0.3505 1.5426 -7.3512 0.9397 52.6097 -7.9998 0.0627
Pedestrian -1 -1 -7.4506 0.0000 156.7626 9.4602 227.0415 1.6886 0.6139 0.6742 -15.2389 1.1186 17.4018 -8.1588 0.0624
Pedestrian -1 -1 -8.7596 844.7784 161.0607 861.5266 193.2757 1.7697 0.7077 0.5605 13.7677 0.7020 39.2683 -8.4232 0.0623
Pedestrian -1 -1 -6.4085 0.0000 148.4720 28.5942 222.4447 1.7732 0.6448 0.5766 -14.6335 1.0058 17.3799 -7.0973 0.0619
Pedestrian -1 -1 -7.9798 186.8102 162.6089 205.6345 205.2151 1.8147 0.6430 0.5443 -17.6737 1.0529 30.5257 -8.4982 0.0617
Pedestrian -1 -1 -4.3290 1033.8801 163.8654 1052.1804 199.4116 1.8207 0.6603 0.5187 22.6777 0.9688 36.6353 -3.7770 0.0596
Cyclist -1 -1 -4.2764 416.3917 168.4788 449.1659 216.5170 1.7170 0.5539 1.5879 -6.3726 1.2876 26.1046 -4.5113 0.0577
Pedestrian -1 -1 -2.7937 3.1884 159.0293 43.6849 228.6633 1.7183 0.6107 0.6149 -14.7012 1.1888 17.8363 -3.4724 0.0545
Cyclist -1 -1 -8.0696 399.2623 166.4037 423.8985 214.8286 1.7447 0.5593 1.5959 -7.2382 1.2371 26.3108 -8.3332 0.0534
Cyclist -1 -1 -7.8868 908.1630 167.5918 916.7242 198.7345 1.6085 0.3575 1.5916 16.2088 0.9420 37.3251 -7.4786 0.0518
Pedestrian -1 -1 -3.2166 960.1570 164.8296 971.5800 201.1115 1.8724 0.6339 0.4822 18.8000 1.0638 36.8738 -2.7469 0.0517
Car -1 -1 -8.4116 958.1628 179.9647 1066.6326 230.6620 1.6049 1.6532 3.3615 13.7261 1.5883 24.0987 -7.8980 0.9398
Car -1 -1 -8.5194 1035.1604 185.0653 1154.1932 231.7733 1.4379 1.5767 3.2952 16.3129 1.6028 23.7963 -7.9232 0.9338
Car -1 -1 -7.9823 599.3812 173.8537 637.3776 203.3494 1.4686 1.5537 3.4648 0.6397 1.1379 37.0117 -7.9634 0.8485
Car -1 -1 -5.3796 1092.1143 183.9595 1223.0000 232.3893 1.5160 1.6539 4.1678 19.1411 1.6465 24.5227 -4.7217 0.6205
Car -1 -1 -6.6896 821.1263 161.2103 895.9100 189.5671 1.5654 1.6020 3.6385 14.2743 0.5007 39.9469 -6.3472 0.2705
Car -1 -1 -7.7412 461.1479 166.1191 492.7059 195.0067 1.7825 1.5797 3.7535 -8.2137 0.8952 45.5513 -7.9166 0.2593
Car -1 -1 -4.8853 593.7023 172.7807 632.2839 199.9696 1.5214 1.6296 3.8357 0.4114 1.0896 41.5875 -4.8738 0.1600
Car -1 -1 -4.2788 588.0806 170.2748 630.0027 192.6204 1.7089 1.6684 4.3445 0.3785 0.9269 56.3927 -4.2705 0.1535
Car -1 -1 -4.5095 615.5417 171.6171 669.1533 208.3713 1.5389 1.6418 3.9125 1.7150 1.1672 31.7055 -4.4543 0.1025
Car -1 -1 -5.6638 448.9560 172.0070 510.7420 194.2695 1.4959 1.6523 4.0162 -8.7011 0.9253 49.1221 -5.8362 0.0881
Car -1 -1 -2.8551 304.1908 176.2380 430.1609 217.3652 1.4436 1.6036 4.0482 -8.5930 1.2943 25.6825 -3.1725 0.0863
Car -1 -1 -5.0582 1210.1648 186.6547 1223.0000 235.2314 1.5049 1.7512 3.9969 22.9552 1.7386 24.6381 -4.3132 0.0832
Car -1 -1 -7.1469 156.1461 169.8298 252.6298 206.4913 1.5596 1.7008 3.8667 -18.1172 1.1059 32.1428 -7.6541 0.0777
Car -1 -1 -8.2418 953.7909 165.4910 1014.7850 196.8759 1.6078 1.6843 3.4871 20.3131 0.8391 38.0415 -7.7532 0.0760
Car -1 -1 -7.2687 235.2547 168.8446 309.5156 199.5560 1.4821 1.6304 3.7284 -16.9045 0.9198 36.0884 -7.7015 0.0547
