Pedestrian -1 -1 -3.8278 680.2892 183.6157 709.1180 247.0991 1.5081 0.5334 0.4589 2.0562 1.4703 17.4259 -3.7127 0.1648
Cyclist -1 -1 -7.6897 256.1183 155.8928 349.9058 375.0000 1.7918 0.4937 1.6327 -2.7356 1.5637 6.4469 -8.0765 0.1514
Car -1 -1 -2.6993 179.7267 174.2785 359.5146 232.8947 1.6159 1.6844 4.3849 -9.6716 1.3145 20.6798 -3.1320 0.1252
Pedestrian -1 -1 -3.2130 556.3461 171.4595 565.0399 200.5447 1.7807 0.6856 0.4871 -2.9359 0.9386 44.3832 -3.2790 0.1175
Pedestrian -1 -1 -4.5017 824.0604 180.8886 867.4023 283.5626 1.5582 0.5247 0.6813 3.7033 1.4927 11.3354 -4.1936 0.1151
Pedestrian -1 -1 -4.3708 387.6283 170.2173 425.3506 249.7619 1.7622 0.5903 0.8046 -4.6173 1.4301 16.3475 -4.6421 0.1129
Cyclist -1 -1 -7.6762 483.9204 175.1869 502.7678 216.2793 1.7197 0.5218 1.6266 -4.9468 1.3002 30.9030 -7.8339 0.1020
Car -1 -1 -7.3747 513.3199 179.6139 565.1611 207.0667 1.4526 1.5322 3.2547 -3.7844 1.1564 39.8328 -7.4692 0.0993
Pedestrian -1 -1 -4.7662 462.7735 170.2759 488.8612 249.5511 1.7564 0.5363 0.9279 -3.0747 1.4255 16.4402 -4.9485 0.0844
Pedestrian -1 -1 -6.6097 719.1373 171.3552 734.3149 216.6393 1.7441 0.5549 0.4259 4.5894 1.2104 27.9947 -6.4492 0.0633
Car -1 -1 -2.9878 565.3563 178.8222 655.4033 212.4748 1.5244 1.5875 4.0222 0.1155 1.2350 33.6613 -2.9848 0.0621
Car -1 -1 -4.8302 602.8219 174.5047 624.6852 191.8783 1.5677 1.5594 4.0968 0.5186 0.6013 66.9859 -4.8229 0.0603
Car -1 -1 -8.2702 827.0393 201.7366 1240.0000 375.0000 1.4390 1.6108 4.0252 2.7745 1.6019 5.0197 -7.7886 0.0591
Car -1 -1 -7.9582 642.7706 177.8904 692.1210 215.8540 1.5060 1.6603 4.0142 2.4290 1.2156 30.5454 -7.8800 0.0586
Pedestrian -1 -1 -7.6727 381.2664 175.5769 403.9778 222.9406 1.7241 0.7188 0.5215 -7.9580 1.3734 26.4652 -7.9624 0.0577
Car -1 -1 -4.4868 282.5230 169.4380 330.8243 199.5840 1.4876 1.5358 3.6379 -15.6318 0.7092 37.3953 -4.8804 0.0569
Car -1 -1 -4.4388 552.4178 175.6675 583.7301 194.8759 1.5871 1.6305 4.1091 -3.3743 0.7983 61.5778 -4.4937 0.0537
Cyclist -1 -1 -7.8863 636.4999 171.7010 648.7037 205.0333 1.7304 0.5860 1.7875 1.8117 1.0290 38.2169 -7.8396 0.0534
Car -1 -1 -7.7688 360.1488 179.3828 411.4943 219.9556 1.4897 1.5993 4.0419 -8.7749 1.2757 28.5382 -8.0648 0.0529
Car -1 -1 -7.6695 465.4289 178.0222 532.3704 223.5364 1.5446 1.7022 4.1303 -3.9594 1.3007 26.4915 -7.8168 0.0517
Cyclist -1 -1 -2.4133 352.2127 170.8866 402.5576 220.6078 1.7970 0.6259 1.8231 -8.5818 1.2793 26.6378 -2.7224 0.3735
Pedestrian -1 -1 -4.6087 1111.3035 158.7576 1240.0000 375.0000 1.7076 0.6788 0.8394 4.0783 1.5352 5.2253 -3.9718 0.2455
Pedestrian -1 -1 -7.7732 639.7217 173.3871 655.5476 207.4657 1.7526 0.7805 0.5293 2.0367 1.1444 37.2834 -7.7194 0.1886
Pedestrian -1 -1 -4.1459 933.6487 157.5789 1019.6320 310.5121 1.7506 0.5774 0.8293 4.4018 1.4344 8.6912 -3.6903 0.1609
Cyclist -1 -1 -5.0200 674.1063 175.1291 690.4468 205.5177 1.6230 0.4357 1.5420 4.0223 1.0844 39.1917 -4.9188 0.1153
Pedestrian -1 -1 -3.9834 911.9926 162.8738 989.2518 300.4382 1.7179 0.5281 0.7800 4.4114 1.4390 9.3756 -3.5554 0.1077
Pedestrian -1 -1 -6.2846 844.8961 155.6142 902.8951 292.3424 1.8300 0.5481 0.7371 3.6378 1.4339 10.0020 -5.9451 0.0913
Pedestrian -1 -1 -6.4718 1023.4629 170.0267 1149.4459 361.0175 1.6707 0.5895 0.8731 4.3796 1.5380 6.7207 -5.9133 0.0842
Pedestrian -1 -1 -4.6754 977.5455 159.7352 1032.8954 317.8450 1.7405 0.5422 0.8602 4.6030 1.4601 8.4212 -4.1893 0.0651
Cyclist -1 -1 -7.5056 284.3244 173.3612 313.9646 218.7797 1.6687 0.4893 1.6712 -11.7269 1.2333 27.2591 -7.9086 0.0614
Pedestrian -1 -1 -7.8474 268.8684 180.4034 289.6679 222.4531 1.5081 0.6824 0.6137 -12.0106 1.3357 26.2011 -8.2736 0.0611
Cyclist -1 -1 -2.5151 342.1720 170.2328 397.3275 221.1043 1.8155 0.6949 1.8598 -8.7375 1.2809 26.2671 -2.8335 0.0605
Car -1 -1 -7.5087 294.1454 178.8103 384.3705 233.1493 1.5063 1.5183 3.2251 -7.9918 1.3289 21.5444 -7.8601 0.8976
Car -1 -1 -7.8796 578.6739 176.7141 617.9957 214.0794 1.5799 1.6578 3.5741 -0.5080 1.2206 32.2142 -7.8957 0.8784
Car -1 -1 -7.7557 470.4049 185.2989 526.4071 228.3677 1.3827 1.5772 3.4708 -3.7559 1.3859 24.8579 -7.9045 0.4687
Car -1 -1 -8.0002 630.7215 176.3301 666.8281 205.2254 1.4924 1.4745 3.2780 2.1435 1.0336 38.8266 -7.9459 0.4222
Car -1 -1 -4.5185 256.6958 177.2580 318.2279 218.7350 1.5027 1.5314 3.4670 -12.3943 1.2146 27.9032 -4.9333 0.4137
Car -1 -1 -4.7084 561.4211 177.7511 579.0488 194.4424 1.4489 1.5290 3.8969 -3.3671 0.8011 64.3821 -4.7609 0.1007
Car -1 -1 -8.0212 664.9560 178.1420 698.9210 201.9275 1.4609 1.5571 3.7117 4.6832 1.0266 46.0564 -7.9209 0.0941
Car -1 -1 -2.8818 616.8439 174.8844 665.1570 195.7257 1.6262 1.6733 3.5453 2.6464 0.8202 57.4226 -2.8364 0.0866
Car -1 -1 -7.8542 349.5991 175.4863 395.3358 220.9512 1.5883 1.5333 2.7158 -8.7541 1.2486 26.6420 -8.1690 0.0782
