Car -1 -1 -7.9106 602.2595 174.1719 634.8632 203.0573 1.4396 1.5089 3.4378 0.6538 1.1244 36.9852 -7.8914 0.8729
Cyclist -1 -1 -7.9086 551.6787 164.4646 574.4327 225.4157 1.8374 0.6143 1.8312 -1.3703 1.3543 22.2583 -7.9675 0.8075
Pedestrian -1 -1 -4.9794 386.5731 159.4493 426.9061 244.6993 1.8775 0.6760 0.8951 -4.5725 1.4142 16.1291 -5.2487 0.7963
Pedestrian -1 -1 -7.9822 306.6846 167.1325 340.1150 243.1514 1.6890 0.5975 0.9982 -6.5388 1.3924 16.2909 -8.3553 0.5993
Pedestrian -1 -1 -3.1575 933.3316 172.8119 950.1819 210.6646 1.8595 0.5936 0.7446 16.7209 1.4820 35.1576 -2.7155 0.4673
Pedestrian -1 -1 -3.7948 1200.3207 167.4538 1223.0000 212.9123 1.9018 0.7235 0.6218 25.8077 1.3562 29.9578 -3.0874 0.1927
Pedestrian -1 -1 -7.4097 432.1454 166.4920 448.0056 196.7168 1.8360 0.6302 0.8823 -10.1386 0.9851 43.4475 -7.6355 0.1923
Pedestrian -1 -1 -3.1729 500.3229 169.3956 509.7530 193.0918 1.7310 0.6952 0.6670 -7.3575 0.9198 52.0477 -3.3107 0.1914
Cyclist -1 -1 -4.4850 727.5149 169.5697 745.1375 201.8556 1.6608 0.5702 1.5878 6.9031 1.0987 37.2126 -4.3014 0.1736
Cyclist -1 -1 -7.8358 354.9907 167.7811 362.1374 195.2571 1.6398 0.3788 1.4998 -14.9817 0.8808 42.9696 -8.1671 0.1676
Pedestrian -1 -1 -4.7806 375.8164 166.5750 397.8624 219.8002 1.7442 0.6539 0.8102 -7.3399 1.2881 23.6649 -5.0758 0.1639
Cyclist -1 -1 -4.3937 620.9785 169.3168 644.0469 214.8551 1.7118 0.4803 1.3888 1.0428 1.2917 27.3132 -4.3543 0.1469
Pedestrian -1 -1 -4.1768 173.6097 209.6614 205.5184 279.6021 1.0143 0.2942 0.3059 -6.2398 1.4558 10.5387 -4.6964 0.1212
Pedestrian -1 -1 -5.3228 375.5398 173.4532 403.2645 226.2868 1.5315 0.5583 0.5702 -6.4071 1.3275 20.8913 -5.6143 0.1071
Pedestrian -1 -1 -5.6954 735.8698 200.7038 829.6762 369.0000 1.4180 0.4071 0.4773 1.1529 1.5653 4.8265 -5.4733 0.0993
Pedestrian -1 -1 -8.4574 801.6827 161.6285 818.7761 202.4443 2.0613 0.6817 0.4851 10.4433 1.1084 36.0455 -8.1761 0.0935
Car -1 -1 -4.4036 410.0513 169.6081 439.9822 185.7805 1.5082 1.6039 4.1306 -17.2558 0.4923 68.0481 -4.6490 0.0897
Car -1 -1 -7.5959 517.7932 170.3436 549.5657 189.8847 1.5855 1.6971 3.9638 -5.9444 0.7614 59.4604 -7.6933 0.0861
Pedestrian -1 -1 -5.5736 105.4324 157.3689 131.0440 206.9438 1.8221 0.6552 0.4723 -18.1578 0.9722 26.3389 -6.1696 0.0839
Pedestrian -1 -1 -6.3749 641.7361 164.9857 653.7571 188.5832 1.9301 0.4728 0.9464 3.5204 0.6611 58.0832 -6.3129 0.0801
Cyclist -1 -1 -7.8218 667.6422 168.8058 682.9057 221.7777 1.7509 0.4725 1.5449 2.3765 1.3646 24.1663 -7.7234 0.0790
Pedestrian -1 -1 -4.9898 876.7782 162.9947 895.7534 206.5912 2.0524 0.7502 0.4147 13.3139 1.2285 33.5299 -4.6134 0.0729
Car -1 -1 -8.2262 954.1526 167.5212 1014.8051 199.4358 1.6332 1.6763 3.5753 20.3288 0.9692 38.0550 -7.7374 0.0687
Cyclist -1 -1 -4.8302 330.1960 163.8183 342.3452 192.8416 1.7607 0.5091 1.7241 -16.6511 0.7488 43.7751 -5.1894 0.0682
Pedestrian -1 -1 -5.7702 309.4200 165.0770 325.6730 191.2806 1.8656 0.6016 0.9004 -20.6072 0.7676 50.6971 -6.1523 0.0663
Pedestrian -1 -1 -3.4796 463.7591 167.3426 480.0005 196.2148 1.7682 0.5964 0.8384 -8.2489 0.9625 43.7680 -3.6628 0.0573
Car -1 -1 -6.8019 681.6403 170.0039 747.8048 194.5739 1.5221 1.5923 3.9078 7.0126 0.8720 45.2415 -6.6474 0.0561
Pedestrian -1 -1 -4.0107 1033.4762 164.8262 1053.1713 200.9959 1.8526 0.6380 0.5873 22.6749 1.0499 36.6088 -3.4585 0.0553
Pedestrian -1 -1 -5.8713 0.0000 146.3129 23.2075 224.1135 1.8389 0.5951 0.6060 -14.6104 1.0312 17.0823 -6.5677 0.0548
Pedestrian -1 -1 -3.1637 611.3983 164.3168 619.8701 193.3118 1.9216 0.6438 0.5513 0.7043 0.8491 47.1828 -3.1472 0.0520
Pedestrian -1 -1 -5.1543 388.2230 167.0085 418.6213 237.4568 1.6889 0.4963 0.6316 -4.9907 1.3658 17.3516 -5.4277 0.0510
Car -1 -1 -2.3923 0.0000 159.7297 9.6623 278.1277 1.6022 1.6590 4.1596 -11.7703 1.3215 10.5485 -3.2154 0.0505
Car -1 -1 -4.6598 406.6523 168.6646 436.1979 196.1422 1.6536 1.5927 3.8429 -11.5415 0.9414 44.5907 -4.9095 0.0502
Pedestrian -1 -1 -5.4397 222.5515 155.9640 239.5976 198.9134 1.8574 0.5582 0.3633 -16.3656 0.7965 30.9034 -5.9205 0.5558
Pedestrian -1 -1 -8.1669 336.5846 160.0162 357.2679 200.7062 1.9038 0.6849 0.8943 -12.3032 0.9456 33.6440 -8.5126 0.5455
Pedestrian -1 -1 -4.3207 288.3866 153.8183 310.9445 197.4892 1.9036 0.7410 0.5920 -13.4582 0.7407 31.1193 -4.7232 0.5321
Pedestrian -1 -1 -3.1001 431.4668 170.0521 449.5865 206.7227 1.6620 0.6522 0.7822 -7.5630 1.1887 32.4370 -3.3253 0.3479
Pedestrian -1 -1 -4.6212 0.0000 164.2167 25.0241 234.4982 1.7165 0.5535 0.6099 -14.9320 1.3192 17.6767 -5.3119 0.2592
Cyclist -1 -1 -5.6586 221.2989 164.7752 266.8488 200.2130 1.6945 0.7503 1.8912 -17.5364 0.9428 34.3282 -6.1253 0.2242
Pedestrian -1 -1 -3.1631 911.5822 164.4375 931.2781 219.7239 1.9860 0.5272 0.6409 11.4943 1.4092 25.7648 -2.7465 0.1741
Cyclist -1 -1 -8.2544 871.0639 172.6773 905.5435 228.8345 1.6890 0.3814 1.6397 8.7953 1.4540 22.0903 -7.8789 0.1676
Cyclist -1 -1 -2.9656 5.7498 164.0353 85.3190 223.2558 1.6646 0.6599 1.7244 -16.2735 1.2021 20.5677 -3.6255 0.1599
Pedestrian -1 -1 -3.6994 980.8471 170.0194 1011.3901 230.6292 1.8528 0.5538 0.6290 12.0776 1.5327 21.9090 -3.2002 0.1512
Pedestrian -1 -1 -8.1633 228.7795 168.0470 248.5014 201.7079 1.6127 0.6980 0.6163 -17.8133 1.0163 34.3404 -8.6362 0.1259
Pedestrian -1 -1 -5.6146 7.0413 162.7178 27.7888 218.3092 1.6931 0.4668 0.2558 -18.1239 1.1518 21.7691 -6.2998 0.1242
Pedestrian -1 -1 -3.5286 633.0480 168.6564 643.4899 191.3265 1.7907 0.5597 0.6676 2.6528 0.8552 56.2251 -3.4800 0.1201
Pedestrian -1 -1 -6.2809 445.6239 166.8100 458.1060 206.9939 1.8640 0.7385 0.5670 -7.2136 1.2291 33.2167 -6.4911 0.1100
Cyclist -1 -1 -4.4999 290.1740 157.7787 312.3477 198.3213 1.7346 0.5124 1.8566 -13.4171 0.7627 31.2113 -4.9003 0.1057
Pedestrian -1 -1 -7.3224 243.7775 167.4254 266.6876 202.7235 1.6847 0.7579 0.6648 -16.8872 1.0608 34.1058 -7.7766 0.0899
Cyclist -1 -1 -2.5172 209.4995 160.3244 252.9768 197.8911 1.7846 0.7255 1.7640 -18.0250 0.8263 34.0729 -2.9980 0.0897
Pedestrian -1 -1 -7.3010 217.9137 158.3024 240.9212 199.8784 1.7813 0.6478 0.6254 -16.2900 0.8305 30.6286 -7.7836 0.0868
Pedestrian -1 -1 -6.8081 436.1816 167.9264 454.5783 206.8553 1.7984 0.6931 0.5707 -7.4978 1.2177 33.1126 -7.0270 0.0850
Pedestrian -1 -1 -5.2775 6.1615 153.4371 49.4608 229.8045 1.8628 0.6068 0.6093 -14.4306 1.2030 17.6331 -5.9526 0.0841
Cyclist -1 -1 -2.3863 277.5056 154.6034 320.5444 197.4201 1.8355 0.6611 1.7554 -13.4064 0.7256 30.9235 -2.7897 0.0834
Cyclist -1 -1 -7.2280 268.3461 168.5286 296.9969 201.8939 1.6459 0.5264 1.5117 -16.2669 1.0555 35.6727 -7.6506 0.0825
Pedestrian -1 -1 -5.3567 11.4164 162.2279 34.1397 217.4645 1.6831 0.4652 0.2813 -17.9881 1.1266 21.8042 -6.0374 0.0784
Pedestrian -1 -1 -3.6068 870.2491 169.6043 903.5542 227.4066 1.7830 0.6730 0.7457 8.7997 1.4472 22.1788 -3.2324 0.0723
Pedestrian -1 -1 -8.0665 831.5325 162.6741 846.5416 196.3689 1.8558 0.6839 0.5760 12.9797 0.8741 39.2648 -7.7480 0.0715
Cyclist -1 -1 -7.6321 228.4757 161.3210 246.6034 195.4592 1.6745 0.4282 1.7501 -18.4988 0.7339 35.5811 -8.1060 0.0696
Cyclist -1 -1 -5.3576 241.7187 162.9967 274.2056 196.6481 1.7236 0.6468 1.6779 -18.1230 0.8272 36.8848 -5.8090 0.0680
Pedestrian -1 -1 -7.9844 270.4788 166.3162 285.1985 199.2043 1.6812 0.6061 0.7181 -16.9583 0.9563 36.6094 -8.4130 0.0679
Cyclist -1 -1 -7.4535 428.7557 170.5884 454.4452 213.3336 1.6839 0.4586 1.5101 -6.6329 1.2937 28.6375 -7.6769 0.0678
Pedestrian -1 -1 -5.2836 181.3165 162.2837 205.3159 202.8884 1.7081 0.6858 0.5723 -17.5945 0.9420 30.1790 -5.8049 0.0656
Cyclist -1 -1 -5.7744 168.7449 160.2165 222.3336 202.4344 1.8028 0.6809 1.9174 -17.6998 0.9369 30.5434 -6.2932 0.0640
Cyclist -1 -1 -6.6979 825.9089 161.0649 863.2296 195.8051 1.9056 0.7647 1.8062 13.2758 0.8397 39.2452 -6.3725 0.0599
Cyclist -1 -1 -5.7547 173.3840 159.8881 223.3418 200.8821 1.7728 0.6142 1.8362 -17.7821 0.8816 30.8944 -6.2706 0.0591
Pedestrian -1 -1 -7.3187 31.4324 165.7199 71.9347 222.5271 1.6405 0.7705 0.5344 -16.2517 1.2140 20.7302 -7.9743 0.0589
Cyclist -1 -1 -7.6790 217.4924 160.4012 236.3358 196.7905 1.7346 0.5102 1.7465 -18.5166 0.7767 34.6132 -8.1645 0.0578
Pedestrian -1 -1 -7.9332 965.5898 164.3599 990.7621 227.5312 2.1502 0.7214 0.6071 12.8835 1.6011 24.4866 -7.4527 0.0574
Pedestrian -1 -1 -8.8243 842.4205 163.7957 858.3190 196.5893 1.8000 0.6246 0.5824 13.5993 0.8832 39.2285 -8.4914 0.0574
Pedestrian -1 -1 -7.9091 186.8087 162.5914 204.9389 203.4550 1.7383 0.6515 0.5174 -17.6577 0.9767 30.4716 -8.4279 0.0564
Cyclist -1 -1 -7.8682 628.8694 170.6519 639.2239 207.5788 1.6855 0.4602 1.5595 1.3306 1.2362 33.0581 -7.8267 0.0563
Pedestrian -1 -1 -4.2755 621.3433 171.3166 639.2069 207.4776 1.6732 0.6402 0.6064 1.1643 1.2485 33.1316 -4.2390 0.0563
Pedestrian -1 -1 -1.6882 0.0000 159.2869 16.0024 229.2065 1.6788 0.5948 0.5960 -14.9664 1.1698 17.3976 -2.3876 0.0562
Pedestrian -1 -1 -6.1380 228.3802 156.9950 246.4321 198.7563 1.7941 0.6523 0.6070 -16.0227 0.7845 30.7814 -6.6117 0.0558
Cyclist -1 -1 -4.5338 219.6782 161.7707 241.2158 198.1614 1.7147 0.6229 1.6970 -18.1332 0.8324 34.2181 -5.0153 0.0555
Cyclist -1 -1 -6.0958 265.8870 169.4946 305.2784 202.4733 1.6385 0.7088 1.7083 -16.1180 1.0919 35.6709 -6.5150 0.0549
Cyclist -1 -1 -4.7388 417.2393 169.7151 433.0976 213.6780 1.7093 0.5777 1.5720 -7.2399 1.2902 28.3256 -4.9846 0.0543
Pedestrian -1 -1 -6.3663 244.1452 161.9765 258.7347 196.2171 1.7654 0.6649 0.6308 -18.4713 0.8105 36.9029 -6.8250 0.0540
Cyclist -1 -1 -4.6649 991.8705 174.9688 1010.8351 233.3516 1.7434 0.4464 1.6304 12.2617 1.5785 21.9243 -4.1596 0.0537
Cyclist -1 -1 -7.5135 237.9986 163.7718 263.2685 199.4124 1.7188 0.5580 1.7564 -17.5467 0.9123 35.0038 -7.9727 0.0536
Pedestrian -1 -1 -7.6739 25.3005 164.7112 59.7606 224.8789 1.6926 0.6483 0.7532 -16.2344 1.2487 20.3742 -8.3373 0.0534
Cyclist -1 -1 -4.5289 414.9731 170.9927 436.2974 218.6631 1.7119 0.5071 1.4347 -6.6465 1.3707 26.1224 -4.7734 0.0533
Cyclist -1 -1 -5.8058 202.9119 153.6246 253.6802 196.3444 1.8500 0.5523 1.9224 -16.4779 0.6863 30.9009 -6.2894 0.0531
Cyclist -1 -1 -8.1837 880.6770 175.1891 915.2047 229.9857 1.6336 0.4612 1.6762 9.0285 1.4756 21.9290 -7.7967 0.0513
Cyclist -1 -1 -4.3570 439.7293 168.4655 463.2397 209.5284 1.7353 0.5344 1.4128 -6.6616 1.2269 30.6172 -4.5673 0.0513
Cyclist -1 -1 -7.5403 454.8434 168.7265 475.0541 202.7207 1.6515 0.5273 1.5614 -6.9723 1.0797 35.1574 -7.7326 0.0508
Cyclist -1 -1 -7.4940 231.6527 165.5402 256.6965 200.2616 1.6721 0.5207 1.7291 -17.8328 0.9518 34.9368 -7.9604 0.0506
Pedestrian -1 -1 -2.9013 284.0079 161.6475 300.7258 200.2538 1.6973 0.6832 0.5313 -13.9325 0.8686 31.4659 -3.3125 0.0504
Cyclist -1 -1 -4.4405 277.2729 159.5014 304.1123 200.9882 1.7458 0.5825 1.8520 -13.6589 0.8624 30.7115 -4.8532 0.0501
Car -1 -1 -8.5380 1032.4290 186.1767 1156.8401 233.5153 1.4468 1.6168 3.4391 16.3177 1.6526 23.8207 -7.9422 0.9620
Car -1 -1 -8.4206 957.4932 183.0908 1067.5171 232.7628 1.5610 1.6315 3.4657 13.7701 1.6563 24.1776 -7.9071 0.9262
Car -1 -1 -5.3603 1099.9313 186.3228 1223.0000 234.1462 1.4955 1.6403 3.8009 19.2421 1.7131 24.4857 -4.6991 0.8669
Car -1 -1 -4.4688 592.5526 169.0860 626.5709 190.8769 1.6671 1.7132 4.3374 0.4178 0.7938 56.4053 -4.4597 0.3128
Car -1 -1 -7.5180 226.7122 166.9196 286.8105 198.0900 1.4990 1.6242 3.6025 -17.6120 0.8461 35.8843 -7.9688 0.2163
Car -1 -1 -7.7770 599.7508 173.1705 632.3931 200.0522 1.5061 1.6287 3.7914 0.6822 1.0955 41.5771 -7.7590 0.2130
Car -1 -1 -8.2566 802.0425 161.6178 858.4175 192.1240 1.6828 1.6605 4.0375 13.0016 0.6413 41.0922 -7.9506 0.1948
Car -1 -1 -4.8718 606.8992 171.0633 656.1351 208.1859 1.5695 1.6175 3.8689 1.1102 1.1707 31.9117 -4.8357 0.1581
Car -1 -1 -7.2687 159.0298 162.9221 247.8515 198.5685 1.5225 1.6390 3.8641 -18.1865 0.7719 32.1879 -7.7768 0.1081
Car -1 -1 -4.4462 376.6041 176.7018 439.1404 215.4523 1.4194 1.5094 3.3426 -7.6418 1.2805 27.5708 -4.7119 0.0776
Car -1 -1 -8.2285 381.0928 173.8512 451.0378 208.8945 1.4626 1.6336 4.1221 -8.5407 1.1853 31.6555 -8.4878 0.0685
Car -1 -1 -6.9006 870.4579 179.7772 1016.0323 229.2583 1.4949 1.6537 3.9638 10.6934 1.4734 22.5265 -6.4613 0.0550
