Pedestrian -1 -1 -3.2724 1196.7035 163.3800 1219.7670 200.5311 1.8014 0.5587 0.8032 29.3320 1.3417 35.4352 -2.5853 0.1388
Car -1 -1 -4.2767 522.8090 181.1372 572.0018 207.7699 1.5954 1.5836 4.1338 -4.0376 2.1579 46.8119 -4.3628 0.0943
Car -1 -1 -4.9323 825.7271 181.7588 913.0360 235.6749 1.4606 1.6451 4.1188 7.8716 1.7630 22.3919 -4.5991 0.0902
Car -1 -1 -8.3199 1086.0957 179.0849 1241.0000 295.2357 1.4783 1.7534 4.5230 9.7233 1.6009 11.8345 -7.6449 0.0800
Pedestrian -1 -1 -4.9483 998.8664 159.1603 1021.0470 201.7793 1.8138 0.6679 0.7915 17.2310 1.2307 31.1762 -4.4476 0.0782
Car -1 -1 -4.4047 547.0568 181.4683 576.4753 199.0142 1.5247 1.5835 4.0150 -4.4600 2.3490 66.9367 -4.4714 0.0762
Cyclist -1 -1 -4.5617 930.8696 176.2242 948.1653 212.5327 1.6067 0.4815 1.6630 14.9947 1.7640 32.9109 -4.1380 0.0748
Cyclist -1 -1 -7.8483 846.5732 176.3230 879.4562 276.7029 1.6258 0.5086 1.6651 4.3612 1.6904 12.6167 -7.5237 0.0726
Car -1 -1 -5.1008 1131.1428 183.2588 1195.0920 212.8706 1.7772 1.7641 4.4251 36.1451 2.4935 47.3311 -4.4522 0.0613
Car -1 -1 -4.9660 820.8948 182.3474 893.9368 223.0227 1.4322 1.7087 4.1681 9.6340 1.8356 28.5415 -4.6442 0.0595
Car -1 -1 -4.6038 349.5143 181.7514 384.0480 208.9167 1.6325 1.6787 4.2798 -15.8614 2.2412 47.1169 -4.9272 0.0580
Car -1 -1 -4.5770 505.7909 178.3312 538.2514 206.0139 1.7620 1.6802 3.7347 -5.9104 2.1445 48.5486 -4.6979 0.0536
Car -1 -1 -4.8800 1200.2747 165.8431 1241.0000 195.0455 1.8138 1.6682 4.2386 39.9525 1.3780 47.0648 -4.1795 0.0531
Car -1 -1 -4.6980 539.9437 180.7132 559.0644 198.8087 1.4839 1.6085 3.9773 -5.2771 2.1918 62.9801 -4.7816 0.0503
Pedestrian -1 -1 -4.2345 292.5753 180.7891 308.6650 210.1469 1.9373 0.6440 0.9110 -20.7598 2.4740 48.3512 -4.6384 0.4068
Cyclist -1 -1 -8.1716 772.2090 174.6072 792.3007 209.0104 1.7365 0.5050 1.6850 8.8705 1.8291 37.3692 -7.9408 0.1632
Pedestrian -1 -1 -7.8420 406.7087 178.5426 420.2305 214.2833 1.8620 0.6816 0.7536 -10.4352 2.1663 38.1846 -8.1075 0.1331
Cyclist -1 -1 -6.4404 668.3573 177.7752 697.0342 205.4817 1.7692 0.6859 1.7562 4.6563 2.0895 46.6078 -6.3420 0.1203
Cyclist -1 -1 -7.9976 827.0363 174.6246 838.0065 206.4068 1.6898 0.3407 1.5843 12.0640 1.7878 39.2620 -7.7021 0.1186
Pedestrian -1 -1 -8.4351 864.2335 165.9024 886.8403 210.6414 1.9815 0.6576 0.7309 11.8730 1.6733 32.3893 -8.0872 0.1048
Cyclist -1 -1 -8.2876 743.4515 176.9680 757.4368 201.4678 1.6368 0.3837 1.3897 9.5322 1.9210 49.1682 -8.0977 0.0966
Pedestrian -1 -1 -6.7046 697.4277 180.8367 712.8892 207.0397 1.6261 0.5074 0.8281 5.9465 2.1317 45.3604 -6.5757 0.0918
Cyclist -1 -1 -7.7567 676.9887 178.4729 688.5817 205.9774 1.7310 0.5874 1.7010 4.6800 2.1010 46.6655 -7.6579 0.0674
Cyclist -1 -1 -3.7124 1102.5746 163.1774 1157.4614 206.9366 1.8310 0.6761 1.8106 21.9758 1.4258 30.5724 -3.0941 0.0617
Pedestrian -1 -1 -7.7117 931.7519 170.1159 950.3768 210.9400 1.8298 0.6841 0.6727 15.0121 1.7067 32.8070 -7.2864 0.0614
Pedestrian -1 -1 -4.3316 774.9846 171.1333 792.7916 208.7294 1.8906 0.6544 0.7439 8.8248 1.8038 36.7768 -4.0985 0.0551
Pedestrian -1 -1 -6.6688 687.1339 179.7985 701.6135 205.6398 1.6471 0.5669 0.7709 5.4102 2.0987 46.5693 -6.5544 0.0539
Pedestrian -1 -1 -2.4774 416.3509 179.5656 431.6156 212.0543 1.7823 0.6640 0.5253 -10.3896 2.1594 40.1623 -2.7293 0.0538
Cyclist -1 -1 -8.3419 1056.2854 167.7634 1083.9644 201.8015 1.6218 0.4343 1.5945 22.3839 1.3789 35.1892 -7.7794 0.0526
Pedestrian -1 -1 -6.7270 1073.1816 166.2709 1093.0852 205.0729 1.7576 0.6809 0.5178 21.6273 1.4591 33.0539 -6.1521 0.0517
Car -1 -1 -4.2864 180.5672 193.4556 292.7207 243.8995 1.4543 1.7230 4.4717 -12.7692 2.2306 24.9278 -4.7559 0.9683
Car -1 -1 -7.8757 573.4285 178.1788 613.8060 216.4399 1.6221 1.7510 4.6295 -0.8629 1.8871 33.5986 -7.9018 0.9342
Car -1 -1 -4.4394 355.8938 185.8115 404.7841 214.4776 1.5050 1.6562 4.0793 -13.2760 2.2927 41.8148 -4.7454 0.8418
Car -1 -1 -7.7939 670.7202 180.4923 698.7916 204.4345 1.4914 1.6437 3.9403 5.0118 2.0249 48.3482 -7.6918 0.4893
Car -1 -1 -7.5214 256.4156 184.2208 302.5771 210.4235 1.6412 1.6806 3.8324 -22.3696 2.4426 48.9043 -7.9487 0.1392
Car -1 -1 -4.4227 377.3214 183.0643 430.2263 215.5580 1.6036 1.6783 3.9364 -11.0654 2.1808 38.8319 -4.6989 0.1217
Car -1 -1 -4.9012 1116.0917 190.8364 1157.1451 215.1279 1.5125 1.5701 3.9832 36.5647 2.8171 50.2249 -4.2752 0.1120
Car -1 -1 -7.0058 1089.5593 174.0798 1207.0697 209.2303 1.4830 1.6616 4.0321 23.4186 1.5380 31.5179 -6.3716 0.1026
Car -1 -1 -7.8643 701.0187 180.0817 727.7988 205.1756 1.5208 1.6589 4.4243 6.7864 2.0179 47.3540 -7.7234 0.0968
Car -1 -1 -4.5168 1004.2917 171.3916 1066.4706 207.6574 1.5476 1.6654 4.2644 19.4219 1.4848 32.9387 -3.9883 0.0908
Car -1 -1 -4.0306 130.2018 191.4976 212.4089 222.1341 1.5090 1.6732 4.1638 -24.4699 2.6080 40.3671 -4.5729 0.0882
Car -1 -1 -4.6694 887.9160 148.6716 915.6227 171.9388 1.5752 1.6628 3.9323 20.6809 -0.0679 51.1511 -4.2871 0.0874
Car -1 -1 -7.2858 18.2196 191.9994 109.4491 225.8714 1.5076 1.7101 4.1742 -27.6734 2.5377 36.6859 -7.9288 0.0786
Car -1 -1 -3.9869 252.0032 188.0188 325.4883 216.7589 1.4799 1.7049 3.8914 -18.4317 2.3962 41.4971 -4.4029 0.0771
Car -1 -1 -4.8032 767.2457 179.0416 803.7297 209.1860 1.5300 1.5829 3.7738 9.4981 1.8847 39.4152 -4.5689 0.0729
Car -1 -1 -6.6831 1024.0273 170.0094 1154.3407 208.0420 1.5129 1.6673 4.1774 19.7001 1.3994 29.8916 -6.1053 0.0668
Car -1 -1 -7.1814 1053.9934 173.0724 1149.5911 205.5755 1.5298 1.6803 4.1292 24.0759 1.5406 35.4003 -6.5884 0.0646
Car -1 -1 -4.1149 179.7046 190.6035 258.8110 221.7376 1.5044 1.6976 4.2785 -21.3761 2.5330 39.6089 -4.6072 0.0619
Car -1 -1 -4.6847 422.4882 182.8970 456.7639 215.0876 1.5655 1.6710 4.2963 -9.1413 2.1366 38.7794 -4.9151 0.0611
Car -1 -1 -7.1927 741.0369 176.4984 796.1719 200.7337 1.6009 1.6595 3.9688 11.0153 1.8636 50.1453 -6.9782 0.0560
Car -1 -1 -4.7181 337.5318 182.1941 364.0383 207.8747 1.6666 1.6814 3.7998 -18.1462 2.3457 50.4071 -5.0623 0.0545
