Pedestrian -1 -1 -5.3932 226.9757 173.9864 244.2364 206.0230 1.9363 0.5782 0.7733 -22.8953 2.0058 44.0587 -5.8702 0.1259
Cyclist -1 -1 -4.7762 552.6000 176.3716 566.0551 205.4809 1.6972 0.6977 1.6215 -3.0715 1.9113 43.1250 -4.8473 0.0822
Car -1 -1 -4.2758 0.0000 188.8702 44.2904 280.3976 1.5244 1.6592 4.3805 -13.9308 1.9128 15.1724 -5.0098 0.0628
Car -1 -1 -5.0014 475.1328 179.2055 507.4214 198.4029 1.5335 1.5894 4.1401 -10.1466 2.0924 61.3096 -5.1650 0.0628
Car -1 -1 -4.4561 673.0551 180.6687 711.0010 205.7141 1.5115 1.5458 3.7826 5.3331 2.0409 46.8629 -4.3440 0.0615
Pedestrian -1 -1 -5.0541 726.9935 161.2536 767.2305 248.2066 1.9383 0.6462 0.8765 3.0859 1.6794 16.5688 -4.8741 0.0547
Pedestrian -1 -1 -4.0305 1060.4497 164.1293 1086.2028 219.0854 1.8786 0.5791 0.4785 16.0133 1.5801 25.0160 -3.4668 0.0529
Pedestrian -1 -1 -8.2418 722.6412 183.6492 738.1154 213.3539 1.4560 0.5677 0.6202 5.9632 1.9998 35.9993 -8.0796 0.0515
Cyclist -1 -1 -7.5029 0.0000 167.1148 143.1996 374.0000 1.6926 0.4447 1.5856 -3.0595 1.6683 3.8346 -8.1436 0.0812
Cyclist -1 -1 -7.2521 554.3188 176.6720 568.7224 194.4243 1.6626 0.5254 1.6567 -4.6360 2.0307 68.7854 -7.3195 0.0721
Car -1 -1 -7.8662 583.4497 176.9097 621.0973 214.5729 1.6038 1.6295 4.4368 -0.4340 1.8041 33.4454 -7.8797 0.9372
Car -1 -1 -3.6980 0.0000 191.1203 153.4163 374.0000 1.5711 1.5989 4.0188 -3.6265 1.6795 2.2457 -4.6608 0.6815
Car -1 -1 -4.1233 33.6007 176.1936 148.1810 226.5871 1.8663 1.7111 4.1649 -20.8172 2.0104 29.1056 -4.7401 0.6632
Car -1 -1 -4.3058 380.8780 178.9918 414.3467 196.0354 1.5530 1.6492 3.9650 -20.3764 2.1598 69.3037 -4.5910 0.2237
Car -1 -1 -5.0928 525.9504 178.9678 557.3326 195.9413 1.5527 1.6658 3.9502 -6.6511 2.1609 69.6814 -5.1879 0.1494
Car -1 -1 -4.6374 951.8585 194.5334 981.0939 217.1086 1.5485 1.7442 4.0388 27.5997 3.2924 55.8676 -4.1813 0.1334
Car -1 -1 -5.5593 70.0574 157.6664 144.5201 182.1040 1.5650 1.6541 3.8838 -32.9279 0.5921 47.2573 -6.1654 0.1137
Car -1 -1 -3.2519 828.2558 184.3696 894.4803 210.4375 1.4897 1.6140 3.6042 15.0500 2.2018 43.4582 -2.9212 0.1120
Car -1 -1 -5.0763 1082.7400 192.0309 1133.2981 214.4775 1.4476 1.5949 4.3000 36.2644 2.9084 52.6994 -4.4768 0.0984
Car -1 -1 -4.4410 164.5545 186.5284 233.2514 223.4016 1.4439 1.6144 4.0170 -18.1654 2.0904 31.9873 -4.9541 0.0903
Car -1 -1 -5.0700 830.2841 185.6486 876.2272 210.6712 1.5379 1.5878 4.0679 16.2599 2.4344 48.5152 -4.7490 0.0677
Car -1 -1 -4.6858 236.6517 184.3753 274.6403 216.6589 1.5062 1.6522 4.1400 -18.3872 2.1399 37.4795 -5.1394 0.0550
Car -1 -1 -7.6232 403.9279 177.6149 432.6603 195.8536 1.6741 1.7264 4.3542 -18.4623 2.1474 69.5787 -7.8819 0.0542
Car -1 -1 -4.3425 555.3018 178.1374 587.8769 195.0221 1.5541 1.7101 4.3502 -3.7161 2.0850 70.2067 -4.3956 0.0525
