Pedestrian -1 -1 -2.7178 689.1954 170.4488 705.0853 203.5326 1.8691 0.5425 0.7437 4.9377 1.7329 41.1881 -2.5998 0.1402
Pedestrian -1 -1 -3.3190 720.6045 170.5846 750.7007 222.8544 1.8599 0.5974 0.9751 4.4714 1.7788 25.9771 -3.1512 0.1258
Pedestrian -1 -1 -4.3470 677.4887 194.1378 699.0625 241.7884 1.2676 0.4256 0.5429 2.1039 1.8624 19.8350 -4.2438 0.1001
Pedestrian -1 -1 -5.1095 886.5052 181.0309 918.6632 248.2849 1.4793 0.5217 0.4766 6.5013 1.6651 16.1744 -4.7344 0.0860
Pedestrian -1 -1 -6.7137 505.3660 173.1493 517.2050 205.9953 1.9307 0.5110 0.5303 -5.8889 1.9480 42.7759 -6.8502 0.0841
Car -1 -1 -4.4181 436.9660 186.5525 496.9660 222.1844 1.3955 1.5587 3.7587 -6.2531 2.0340 31.7035 -4.6118 0.0754
Pedestrian -1 -1 -3.1787 754.1359 174.0903 787.6209 239.6822 1.7575 0.5522 0.8682 4.3330 1.7916 19.6943 -2.9662 0.0714
Pedestrian -1 -1 -5.5933 1104.4983 133.4350 1241.0000 359.1745 1.8491 0.6497 0.9008 5.0151 1.5259 6.4253 -4.9533 0.1745
Pedestrian -1 -1 -4.7986 838.0762 155.9918 879.3702 253.9322 1.9057 0.6984 0.9612 4.9597 1.5773 14.5878 -4.4779 0.1543
Pedestrian -1 -1 -3.6260 797.8450 157.0773 851.6296 246.6189 1.9593 0.5589 1.0105 4.7521 1.6138 16.1648 -3.3459 0.1539
Pedestrian -1 -1 -3.8957 673.6991 185.2910 704.7150 241.3890 1.4855 0.5113 0.6750 2.1119 1.8317 19.6953 -3.7914 0.1411
Cyclist -1 -1 -7.5115 0.0000 175.8803 116.3893 374.0000 1.8614 0.4885 1.7865 -5.2942 1.8934 6.7769 -8.1560 0.1404
Pedestrian -1 -1 -6.0198 1183.4044 186.7301 1241.0000 338.9384 1.3490 0.4071 0.4213 5.6247 1.4839 6.7383 -5.3462 0.1388
Cyclist -1 -1 -8.0979 673.7612 175.6106 710.3214 243.8729 1.7417 0.5534 1.7760 2.1343 1.8190 19.4010 -7.9909 0.1329
Cyclist -1 -1 -7.7853 682.8643 174.4836 699.3994 226.5796 1.7347 0.4696 1.5125 2.7566 1.7924 24.8615 -7.6769 0.1229
Cyclist -1 -1 -4.5195 488.0974 177.1185 506.1381 216.5280 1.7783 0.5177 1.6860 -5.2871 1.9816 33.5953 -4.6749 0.1205
Cyclist -1 -1 -8.2161 658.7559 174.3318 705.8956 244.6260 1.7723 0.6284 1.8351 1.8480 1.8133 19.2008 -8.1226 0.1153
Pedestrian -1 -1 -8.3121 494.6116 178.1368 511.4818 216.0633 1.7996 0.5965 0.6082 -5.1964 2.0570 34.7741 -8.4599 0.1135
Pedestrian -1 -1 -4.5892 1083.6525 125.3675 1188.7349 358.2151 1.9134 0.6813 0.8919 4.6816 1.5229 6.4888 -3.9863 0.1124
Pedestrian -1 -1 -2.7662 0.0000 187.0572 81.1430 374.0000 1.8535 0.6685 0.6347 -5.0522 1.9818 6.1193 -3.4354 0.1096
Cyclist -1 -1 -4.2935 477.9660 179.5218 505.5330 220.2381 1.7366 0.5813 1.6571 -5.2626 2.0395 31.9359 -4.4560 0.1088
Cyclist -1 -1 -4.4715 483.5689 176.7669 504.8487 217.7832 1.7996 0.5452 1.7825 -5.2838 1.9818 32.7423 -4.6307 0.1085
Pedestrian -1 -1 -5.2946 434.3689 180.6573 456.1103 233.1196 1.7273 0.5512 0.4567 -5.5771 1.9927 24.2190 -5.5192 0.1062
Pedestrian -1 -1 -8.3492 673.6906 174.3365 699.7993 224.4927 1.7590 0.7054 0.6423 2.6908 1.8125 25.7622 -8.2471 0.1056
Pedestrian -1 -1 -4.9415 182.8290 174.5672 246.8791 314.7338 1.8994 0.6544 0.7329 -5.6886 1.9246 10.2807 -5.4366 0.0851
Pedestrian -1 -1 -3.8499 929.2674 145.2615 1009.8655 293.4821 1.8897 0.6206 0.7314 4.7133 1.5376 9.5940 -3.4062 0.0816
Pedestrian -1 -1 -3.7240 986.6112 146.6716 1105.5439 329.7153 1.8073 0.6041 0.8602 4.4245 1.5485 7.4534 -3.2064 0.0811
Pedestrian -1 -1 -4.0825 810.6392 152.2893 865.0057 250.9437 1.9781 0.6425 0.9561 4.6880 1.5655 15.0116 -3.7862 0.0809
Cyclist -1 -1 -8.2741 658.2561 177.4589 689.2943 224.2183 1.7003 0.5080 1.7166 2.3525 1.8799 27.3068 -8.1898 0.0793
Cyclist -1 -1 -4.0718 432.9633 182.8610 473.6936 234.1384 1.6548 0.5359 1.5347 -5.3310 2.0042 24.4101 -4.2852 0.0735
Pedestrian -1 -1 -3.5118 939.5072 142.2037 1032.4506 298.5017 1.8927 0.5664 0.8855 4.6432 1.5213 9.0592 -3.0522 0.0698
Cyclist -1 -1 -7.6069 474.2252 179.5454 497.1596 219.5495 1.7164 0.5820 1.8213 -5.5757 2.0233 32.1991 -7.7776 0.0692
Pedestrian -1 -1 -4.0790 1038.6587 170.0083 1128.3555 341.5752 1.5474 0.5047 0.5193 4.4216 1.5215 6.8391 -3.5253 0.0674
Pedestrian -1 -1 -3.5585 947.2984 149.1080 1048.7007 311.4748 1.8201 0.5770 0.8773 4.4381 1.5536 8.4001 -3.0877 0.0666
Pedestrian -1 -1 -3.1014 991.6104 146.7972 1065.1420 326.6425 1.8200 0.6603 0.6586 4.4367 1.5560 7.7545 -2.5989 0.0629
Pedestrian -1 -1 -5.5116 1151.2892 178.4083 1241.0000 346.9079 1.4333 0.4868 0.6063 5.2961 1.4856 6.4934 -4.8500 0.0608
Pedestrian -1 -1 -7.1263 674.4035 178.8536 698.2661 228.0581 1.6370 0.6029 0.5348 2.5447 1.8438 24.5062 -7.0248 0.0582
Pedestrian -1 -1 -3.6939 1005.3171 156.9463 1116.4525 335.0601 1.6956 0.5595 0.7507 4.3933 1.5439 7.1564 -3.1624 0.0573
Cyclist -1 -1 -3.3369 668.3095 175.6205 715.0279 226.3365 1.7148 0.5471 1.5151 2.7501 1.8108 24.7719 -3.2285 0.0572
Cyclist -1 -1 -6.1964 654.8845 176.1432 724.0048 242.3890 1.7226 0.6992 1.7892 2.0859 1.8127 19.3269 -6.0914 0.0571
Pedestrian -1 -1 -3.4721 935.1749 149.8640 1030.3776 306.9951 1.8327 0.5552 0.8879 4.4401 1.5643 8.7464 -3.0168 0.0548
Pedestrian -1 -1 -3.0384 280.9327 176.1710 324.3910 275.7101 1.8548 0.5850 0.7097 -5.9432 1.9200 13.8539 -3.4373 0.0545
Cyclist -1 -1 -7.8860 679.1280 173.4698 700.3375 224.8602 1.7593 0.6808 1.9075 2.7792 1.7817 25.7003 -7.7803 0.0543
Cyclist -1 -1 -7.5901 547.7942 178.5747 567.8147 218.0785 1.7416 0.5120 1.6035 -2.4109 2.0086 32.8875 -7.6634 0.0536
Pedestrian -1 -1 -4.3865 687.5959 188.5417 709.0511 240.7138 1.4013 0.4455 0.5234 2.3894 1.8411 19.9114 -4.2697 0.0532
Pedestrian -1 -1 -5.8614 1139.5541 171.2159 1241.0000 340.0212 1.4737 0.5174 0.6989 5.4104 1.4591 6.7297 -5.2060 0.0528
Cyclist -1 -1 -4.5202 681.8621 176.2543 711.8060 241.8658 1.7449 0.5323 1.6487 2.3891 1.8436 20.1446 -4.4048 0.0525
Cyclist -1 -1 -4.3679 1127.9398 154.3719 1241.0000 373.4822 1.6735 0.6015 1.7653 5.1720 1.5321 6.2330 -3.6989 0.0523
Pedestrian -1 -1 -4.6924 684.7596 193.0762 702.0889 245.8341 1.3257 0.4377 0.5718 2.1123 1.8577 18.6815 -4.5826 0.0523
Pedestrian -1 -1 -5.3585 1004.3448 181.9740 1094.8848 344.2686 1.4630 0.4831 0.5716 4.1019 1.5533 6.8537 -4.8389 0.0503
Pedestrian -1 -1 -5.7110 977.0295 174.2429 1074.2507 338.7129 1.5374 0.5305 0.6565 4.0598 1.5516 7.1668 -5.2141 0.0503
Cyclist -1 -1 -7.7850 545.0102 183.1914 556.8632 219.0215 1.5575 0.4381 1.4090 -2.6953 2.0327 32.4800 -7.8678 0.0501
Car -1 -1 -4.5253 397.5820 183.0151 505.8197 272.2307 1.6774 1.6251 3.8359 -3.4047 1.9288 15.9412 -4.7332 0.9553
Car -1 -1 -4.5989 498.1040 184.7524 549.8939 230.7738 1.5335 1.5251 3.3395 -3.1541 1.9992 26.5812 -4.7166 0.8842
Car -1 -1 -4.3591 546.4138 182.0713 592.6000 209.9338 1.4727 1.4927 3.5969 -2.3100 2.0255 41.3591 -4.4151 0.8007
Car -1 -1 -8.1229 662.8875 181.4805 735.4238 227.6845 1.5008 1.6054 3.9443 3.1096 1.8395 26.2826 -8.0072 0.4900
Car -1 -1 -4.7018 515.3268 174.0954 532.9825 192.0814 1.5736 1.5429 3.9132 -7.7865 1.6894 65.4359 -4.8201 0.2402
Car -1 -1 -4.6103 515.3598 181.4698 558.7656 219.0275 1.5852 1.5990 3.9836 -3.3543 2.0070 33.3613 -4.7104 0.2184
Car -1 -1 -4.7294 610.2978 176.3004 633.4189 198.3088 1.5156 1.5992 4.0594 0.7978 1.7751 52.3575 -4.7147 0.0693
Car -1 -1 -8.2535 1176.8325 162.4713 1241.0000 374.0000 1.5676 1.6467 4.1104 5.0765 1.5353 4.4345 -7.4336 0.0522
