Pedestrian -1 -1 -5.8976 661.5065 170.7416 675.5739 196.0586 1.8693 0.6067 0.8813 4.3317 1.7130 53.7437 -5.8180 0.3393
Pedestrian -1 -1 -4.4117 787.1141 165.6014 802.1040 201.2503 1.7707 0.5746 0.6157 9.2365 1.4102 36.2524 -4.1646 0.2493
Pedestrian -1 -1 -5.2526 709.2149 169.7342 721.3465 195.1754 1.9033 0.5492 0.8443 7.9171 1.6696 54.4739 -5.1094 0.1307
Pedestrian -1 -1 -3.8158 164.1404 173.1480 181.7479 211.6416 1.8399 0.6734 0.3924 -21.1150 1.8539 34.7926 -4.3581 0.0883
Car -1 -1 -5.3244 0.0000 196.3914 188.7205 280.1027 1.3745 1.4911 3.7768 -10.2557 1.8710 13.9109 -5.9508 0.0789
Pedestrian -1 -1 -7.0419 612.8438 171.8685 624.3542 196.5723 1.8372 0.6405 0.5816 0.6152 1.7636 54.0941 -7.0310 0.0671
Car -1 -1 -4.6351 578.9905 176.6481 600.9827 193.4886 1.4145 1.6272 4.1551 -1.7584 1.7602 63.6745 -4.6630 0.0670
Car -1 -1 -4.6607 717.7238 176.0209 749.9250 203.1723 1.4274 1.5888 3.9640 6.9578 1.6143 40.5328 -4.4924 0.0549
Car -1 -1 -2.9811 766.6985 176.8571 834.4739 201.1828 1.5207 1.6572 4.0775 12.4332 1.7911 47.2087 -2.7256 0.0527
Pedestrian -1 -1 -5.1168 794.2698 162.6900 812.0530 199.2360 1.8416 0.6439 0.7153 9.7974 1.3291 36.7599 -4.8587 0.0508
Pedestrian -1 -1 -7.8423 1111.9987 181.2756 1135.5187 228.1669 1.5148 0.6275 0.5506 16.9406 1.7977 23.8612 -7.2313 0.1952
Pedestrian -1 -1 -8.1369 1111.4569 172.6286 1141.2463 226.0045 1.7536 0.6859 0.5251 17.1663 1.7459 24.0646 -7.5236 0.1181
Pedestrian -1 -1 -8.3579 434.9345 169.6440 447.9283 196.1491 1.8572 0.6548 0.6657 -11.9520 1.6320 51.0251 -8.5872 0.1178
Cyclist -1 -1 -2.5431 221.0750 176.1099 284.9839 236.1685 1.7081 0.5482 1.6413 -10.4076 1.8041 20.9508 -2.9995 0.1146
Cyclist -1 -1 -7.5509 288.0741 176.1015 324.2177 239.8159 1.6920 0.4668 1.5991 -8.4779 1.7856 20.0619 -7.9464 0.1078
Cyclist -1 -1 -4.2133 380.9015 178.2081 409.6923 218.5897 1.6506 0.5335 1.4548 -9.0953 1.8821 30.4636 -4.5014 0.0810
Cyclist -1 -1 -6.2036 376.5008 177.1011 413.4555 219.9182 1.7657 0.5805 1.4445 -9.0547 1.9462 30.2750 -6.4923 0.0808
Pedestrian -1 -1 -8.1243 1121.8488 175.6789 1154.4102 228.4331 1.6867 0.6800 0.7445 17.2064 1.7806 23.5872 -7.5005 0.0679
Pedestrian -1 -1 -4.1687 239.2075 180.0024 273.9278 238.0495 1.6578 0.6223 0.7318 -10.3751 1.8704 21.0968 -4.6212 0.0673
Cyclist -1 -1 -4.4139 375.0806 177.8459 398.9370 218.8188 1.6728 0.5391 1.5114 -9.4258 1.8881 30.3985 -4.7125 0.0660
Cyclist -1 -1 -8.5616 983.8651 160.7324 1039.1564 220.7690 1.6537 0.4135 1.6357 11.4503 1.3195 20.7180 -8.0631 0.0606
Cyclist -1 -1 -2.8560 431.0580 168.3980 458.9124 194.8370 1.8498 0.6201 1.8125 -11.6547 1.5377 50.8462 -3.0805 0.0579
Pedestrian -1 -1 -6.7638 1124.8082 169.0556 1160.4772 226.1454 1.8525 0.6867 0.7068 17.5155 1.7290 23.8048 -6.1358 0.0577
Cyclist -1 -1 -7.6251 280.4267 176.8518 312.7360 240.1972 1.6757 0.4712 1.5846 -8.7247 1.7909 20.0128 -8.0318 0.0547
Pedestrian -1 -1 -6.6667 670.9727 174.6900 681.5537 195.2370 1.7658 0.5279 0.7698 5.7089 1.9253 62.4374 -6.5763 0.0542
Cyclist -1 -1 -8.0508 1114.4829 174.7201 1143.4384 224.9760 1.6330 0.4614 1.6788 17.4630 1.6979 24.3694 -7.4352 0.0541
Pedestrian -1 -1 -5.4882 294.0291 176.2887 329.3313 238.8521 1.6895 0.6417 0.6342 -8.2944 1.7862 19.9507 -5.8780 0.0510
Car -1 -1 -8.1810 792.4460 187.1429 1057.6517 347.3326 1.4400 1.6339 3.9115 3.4303 1.6535 8.8198 -7.8225 0.9771
Car -1 -1 -8.1025 702.0764 178.7886 799.7020 239.9383 1.4747 1.6569 4.0079 3.6956 1.6547 19.8559 -7.9220 0.9708
Car -1 -1 -8.0927 739.6960 179.4708 870.2048 267.4530 1.4822 1.5974 3.7044 3.6397 1.6299 14.2902 -7.8492 0.9634
Car -1 -1 -4.2406 0.0000 195.7688 341.0618 366.9205 1.4044 1.7011 4.3621 -4.9126 1.7509 8.7159 -4.7415 0.9413
Car -1 -1 -4.4975 434.4649 180.0960 501.7328 228.6519 1.5091 1.5755 3.3072 -4.8080 1.7724 24.5952 -4.6891 0.8804
Car -1 -1 -4.4978 465.2664 178.9552 526.3531 219.6969 1.4966 1.6154 4.0207 -4.5788 1.7604 29.1756 -4.6526 0.8369
Car -1 -1 -8.5925 931.4922 186.8761 1241.0000 374.0000 1.5048 1.5821 3.7650 3.4278 1.6189 3.9606 -7.9162 0.7902
Car -1 -1 -8.0262 698.3088 178.6934 759.7667 224.4980 1.4769 1.5494 3.4211 4.0758 1.6963 25.4260 -7.8698 0.7221
Car -1 -1 -5.4540 0.0000 183.7408 108.8634 238.0822 1.4414 1.4961 3.7013 -16.5985 1.7670 20.5773 -6.1266 0.5942
Car -1 -1 -6.3595 666.9114 175.1248 720.7995 193.2083 1.5521 1.6871 4.5615 7.2739 1.7533 63.0902 -6.2456 0.5843
Car -1 -1 -3.9302 0.0000 204.0487 75.1741 374.0000 1.4822 1.5158 3.9716 -4.6611 1.7198 3.4417 -4.8277 0.5072
Car -1 -1 -5.7182 1143.0529 146.7522 1241.0000 240.6100 1.6449 1.6915 4.1505 13.6180 1.1872 14.8721 -4.9868 0.2909
Car -1 -1 -8.5291 1029.0906 180.0464 1144.4679 222.9918 1.3659 1.4877 3.5285 16.5987 1.6370 25.3936 -7.9559 0.2787
Car -1 -1 -4.3321 387.5445 178.7849 457.0739 213.9648 1.5057 1.6497 4.3747 -8.7669 1.8030 33.9252 -4.5835 0.1154
Car -1 -1 -4.2205 198.7662 188.2192 328.0554 249.7534 1.3988 1.5186 3.6947 -9.1258 1.8482 19.2297 -4.6586 0.1120
Car -1 -1 -5.0840 1031.9460 162.4138 1192.1910 234.8257 1.5083 1.6721 4.1849 11.7066 1.2906 17.2528 -4.4961 0.1081
Car -1 -1 -7.6641 436.5840 170.2158 469.3292 195.2316 1.7527 1.6563 3.6931 -11.3969 1.5676 52.4192 -7.8775 0.1017
Car -1 -1 -4.3396 498.7655 176.7119 543.2953 201.4703 1.4760 1.5812 3.6222 -5.6058 1.7298 45.5739 -4.4617 0.0987
Car -1 -1 -5.1993 769.4007 177.2201 856.9927 216.9246 1.4868 1.6490 4.2658 8.2264 1.6803 29.7775 -4.9328 0.0844
Car -1 -1 -8.5808 948.1248 162.9993 1089.1575 218.6152 1.5197 1.5896 3.7325 12.0874 1.2501 21.7124 -8.0789 0.0759
