Pedestrian -1 -1 -2.6135 0.0000 174.6363 27.6203 264.6579 1.7727 0.4870 0.6147 -12.2630 1.8090 14.5106 -3.3062 0.0655
Pedestrian -1 -1 -3.5508 742.4950 162.4095 763.0767 209.3294 1.9634 0.6159 0.6636 6.0020 1.5261 30.5660 -3.3592 0.0607
Car -1 -1 -4.5076 397.5223 178.2873 440.9197 206.6553 1.5882 1.7176 4.0868 -11.4165 1.9295 43.2798 -4.7644 0.0537
Cyclist -1 -1 -7.8188 725.7394 170.4213 736.6349 205.6955 1.7063 0.4802 1.6501 5.9713 1.5883 35.7582 -7.6551 0.0523
Pedestrian -1 -1 -7.5293 109.2162 177.9478 146.2284 250.1981 1.7533 0.5668 0.7141 -12.0624 1.8829 17.9861 -8.1134 0.0513
Cyclist -1 -1 -3.1174 342.3160 172.1850 377.4849 210.8740 1.8678 0.6301 1.6144 -12.2901 1.8352 35.3782 -3.4498 0.0741
Pedestrian -1 -1 -8.1924 353.6306 172.4934 369.0178 211.9664 1.9170 0.6255 0.3719 -12.2339 1.8992 35.3808 -8.5233 0.0738
Cyclist -1 -1 -7.3792 38.1111 130.3466 76.8935 176.6016 1.6783 0.4412 1.6556 -20.7229 0.1357 27.0336 -8.0285 0.0656
Car -1 -1 -7.8291 580.9163 176.4922 644.0501 236.1390 1.5679 1.6792 3.1905 0.0572 1.6805 20.7806 -7.8273 0.9628
Car -1 -1 -4.3556 0.0000 120.6875 74.8653 166.3525 1.5502 1.6124 4.0079 -22.0039 -0.2654 27.2642 -5.0299 0.0971
Car -1 -1 -7.8374 54.6879 162.2354 87.9939 187.9648 1.6432 1.7072 4.1891 -36.0248 0.9647 48.2798 -8.4759 0.0743
Car -1 -1 -5.1734 672.0428 174.0641 718.1354 197.4711 1.6785 1.6402 4.4241 6.3220 1.7733 54.3429 -5.0586 0.0665
Car -1 -1 -7.4181 29.4669 139.5659 131.3524 181.6228 1.5043 1.6370 3.9683 -20.3832 0.3133 27.9119 -8.0444 0.0535
