Pedestrian -1 -1 -6.0731 0.0000 182.9808 28.8285 261.8258 1.7407 0.5485 0.7724 -13.8648 1.9773 16.4601 -6.7653 0.3485
Pedestrian -1 -1 -3.7881 859.1000 162.0279 869.5588 191.7642 1.9007 0.5213 0.4009 16.3300 1.2084 46.4284 -3.4521 0.0835
Cyclist -1 -1 -8.2346 962.2858 169.5099 985.8776 208.4727 1.7406 0.3710 1.6490 16.6314 1.5909 33.0704 -7.7726 0.0698
Car -1 -1 -5.2624 860.6238 172.6900 932.5327 203.0630 1.5389 1.6446 4.1487 15.2555 1.5303 38.7445 -4.8903 0.0657
Pedestrian -1 -1 -4.1365 921.9437 157.3447 953.7749 216.6606 1.9293 0.5851 0.8704 10.8355 1.4246 23.9514 -3.7167 0.0648
Car -1 -1 -4.8934 665.3595 172.7421 703.9215 200.9961 1.7109 1.7045 4.1434 4.6529 1.7038 45.8253 -4.7933 0.0600
Pedestrian -1 -1 -5.4851 239.7431 169.4380 257.2078 217.8078 1.9636 0.4713 0.4339 -14.8658 1.8246 29.5851 -5.9474 0.0593
Pedestrian -1 -1 -4.2186 4.8376 204.3271 28.4215 247.1412 1.2175 0.3832 0.4110 -17.4029 2.1483 21.1067 -4.9021 0.0567
Car -1 -1 -4.7917 572.6246 174.4492 593.4478 192.1389 1.6402 1.6798 4.0512 -2.6406 1.7980 69.3942 -4.8299 0.0563
Car -1 -1 -4.3399 536.2439 177.0752 571.7269 196.3609 1.5271 1.6005 4.0227 -4.6601 1.8919 60.2367 -4.4172 0.0542
Car -1 -1 -8.2040 857.5177 177.3375 920.2590 210.2003 1.4434 1.5710 3.6893 13.0399 1.6663 34.0522 -7.8417 0.0511
Cyclist -1 -1 -8.0567 945.5373 175.6994 963.3854 211.6059 1.6794 0.4354 1.6914 16.5417 1.8196 34.7581 -7.6163 0.0500
Cyclist -1 -1 -5.6749 0.0000 186.0511 74.6606 247.3232 1.7541 0.5923 1.7104 -16.8339 2.1470 21.1501 -6.3412 0.4484
Cyclist -1 -1 -7.1657 273.2701 183.8281 309.6960 224.8035 1.6406 0.4393 1.6601 -13.3604 2.1129 30.2086 -7.5792 0.1962
Pedestrian -1 -1 -7.1015 917.6752 164.4807 948.4269 219.8251 1.8399 0.6821 0.6619 10.8874 1.5613 24.4314 -6.6873 0.1930
Pedestrian -1 -1 -3.1829 818.3696 165.5229 826.6465 194.7588 1.8317 0.7688 0.4682 13.4039 1.3721 45.6356 -2.8993 0.1835
Pedestrian -1 -1 -5.9104 406.1963 169.9180 418.4432 192.6036 1.9102 0.5415 0.8619 -16.7550 1.6627 61.0722 -6.1773 0.0981
Pedestrian -1 -1 -7.8830 17.5702 181.3852 44.9024 242.1923 1.8249 0.6405 0.7125 -17.9108 2.0935 22.2671 -8.5547 0.0699
Pedestrian -1 -1 -2.9876 15.6437 191.2090 46.2775 248.7066 1.6149 0.6545 0.5989 -16.8718 2.1591 20.9738 -3.6590 0.0685
Cyclist -1 -1 -4.5855 306.2548 181.0715 322.8566 218.5008 1.6239 0.4963 1.5631 -13.3335 2.0029 32.4829 -4.9725 0.0667
Pedestrian -1 -1 -4.2855 11.5160 194.9359 39.9440 245.0573 1.4308 0.5069 0.4461 -17.1476 2.0855 21.1221 -4.9614 0.0644
Pedestrian -1 -1 -4.8908 968.9025 155.2339 1001.5292 228.4196 1.9956 0.6228 1.0797 10.4831 1.5148 20.2810 -4.4202 0.0602
Car -1 -1 -4.2065 123.9999 191.5549 299.8269 266.4967 1.3796 1.6154 4.2547 -8.8940 1.8622 16.4926 -4.6947 0.9657
Car -1 -1 -4.2820 358.1510 185.2520 432.9878 226.0342 1.4298 1.4671 3.5251 -8.3617 1.9470 28.2711 -4.5676 0.9225
Car -1 -1 -4.4361 400.9684 179.4517 463.5042 219.2211 1.6664 1.6848 4.2410 -8.1056 1.9884 33.0973 -4.6749 0.8978
Car -1 -1 -4.3555 291.7150 177.6630 389.4836 236.7533 1.7102 1.6324 4.0049 -8.5813 1.8780 23.2172 -4.7063 0.8825
Car -1 -1 -4.4713 460.8848 179.9906 504.2004 208.8166 1.5844 1.6516 3.8240 -7.5047 2.0248 42.5942 -4.6451 0.7430
Car -1 -1 -4.5344 486.0512 179.7806 519.9520 204.8341 1.5591 1.5557 3.9561 -7.1067 2.0389 48.0112 -4.6810 0.6115
Car -1 -1 -4.5429 533.2894 178.1417 558.5718 194.3978 1.4379 1.6544 4.3047 -5.9758 1.9482 67.4723 -4.6313 0.4325
Car -1 -1 -7.5196 365.2113 160.4614 416.8690 199.1394 2.4067 1.8313 4.5690 -14.2820 1.6353 47.2183 -7.8120 0.1944
Car -1 -1 -3.8945 210.1803 186.8850 302.8310 222.6056 1.4260 1.5708 3.6321 -15.7925 2.0929 32.3336 -4.3459 0.1738
Car -1 -1 -7.7319 402.7305 169.9230 428.9533 194.5199 2.0679 1.7331 3.9433 -16.8674 1.8212 62.7347 -7.9938 0.0934
Car -1 -1 -4.5208 239.4566 187.1201 307.4969 230.4961 1.4330 1.6051 3.8926 -12.6742 2.0134 27.2876 -4.9522 0.0847
Car -1 -1 -5.8355 14.6420 191.6631 182.7555 242.2687 1.4104 1.5575 3.8940 -15.5081 2.0116 21.9936 -6.4441 0.0722
