Pedestrian -1 -1 -2.9622 1098.8484 183.0319 1120.5261 214.9778 1.7026 0.6140 0.8777 27.1894 2.2643 39.3179 -2.3612 0.2554
Pedestrian -1 -1 -4.9343 771.8541 190.4723 788.1253 227.9427 1.1635 0.4035 0.4818 5.3380 1.7277 22.8739 -4.7087 0.1286
Car -1 -1 -8.0795 1060.6080 168.8954 1107.2146 200.9879 2.1928 1.7831 4.6378 33.9021 1.9220 51.7852 -7.5028 0.0998
Pedestrian -1 -1 -2.9770 1083.9238 169.6010 1099.9467 207.4951 1.9399 0.6055 0.6013 24.9178 1.7731 37.3647 -2.3929 0.0871
Car -1 -1 -4.8283 705.4821 175.6022 727.8823 192.3857 1.4934 1.5849 4.0825 9.8444 1.7559 66.9423 -4.6833 0.0868
Car -1 -1 -5.7981 980.0482 179.8234 1241.0000 273.0001 1.3958 1.6234 4.0811 9.1822 1.5452 13.3171 -5.2053 0.0855
Pedestrian -1 -1 -5.3130 932.9341 238.3247 1007.8383 374.0000 1.0784 0.3070 0.4390 2.6605 1.5959 5.4643 -4.8822 0.0685
Pedestrian -1 -1 -5.0727 803.3658 189.0019 820.0443 224.0717 1.1492 0.3954 0.4685 6.6947 1.6945 24.1270 -4.8058 0.0682
Car -1 -1 -7.5637 298.5898 151.4032 356.8558 188.8155 1.7951 1.6510 4.0910 -14.3224 0.7656 36.7257 -7.9333 0.0646
Pedestrian -1 -1 -5.1515 841.8809 187.0150 857.9535 221.3973 1.1729 0.3790 0.4348 8.2804 1.6689 25.0502 -4.8364 0.0635
Pedestrian -1 -1 -5.1699 65.9576 142.0488 97.0613 195.6253 1.7404 0.6592 0.5415 -17.5183 0.7394 23.8572 -5.7981 0.0605
Car -1 -1 -5.1299 644.2659 172.6277 686.3132 192.3325 1.5264 1.7264 4.4358 4.3861 1.5085 58.2700 -5.0555 0.0585
Pedestrian -1 -1 -5.0980 83.8932 141.8693 108.6506 199.0030 1.8083 0.5326 0.4121 -16.5444 0.8273 23.1721 -5.7127 0.0583
Pedestrian -1 -1 -5.5969 36.4200 140.7236 65.7788 196.4291 1.7429 0.5598 0.4918 -17.7521 0.7373 22.8627 -6.2515 0.0566
Car -1 -1 -4.3668 311.7227 147.5914 362.9504 177.6601 1.9613 1.8108 4.6340 -18.6144 0.3132 49.3926 -4.7256 0.0556
Car -1 -1 -4.8038 637.6265 175.0402 659.2462 192.7098 1.5360 1.5810 4.0703 3.4263 1.7399 65.3000 -4.7520 0.0555
Car -1 -1 -7.7888 1039.7363 173.3228 1079.6879 207.8378 1.9108 1.7397 3.9728 26.2505 1.9393 42.1264 -7.2351 0.0546
Car -1 -1 -4.4770 44.5481 174.3315 166.4974 239.8756 1.3811 1.5224 3.7922 -12.0015 1.4205 17.3384 -5.0755 0.0510
Car -1 -1 -8.0037 596.0545 168.9893 622.6791 188.1190 1.6819 1.7283 4.7978 -0.1211 1.3418 65.9390 -8.0059 0.0509
Cyclist -1 -1 -8.1502 968.4703 163.8808 1008.9179 240.6942 1.6696 0.3487 1.6048 8.5870 1.4743 16.5041 -7.6783 0.2050
Cyclist -1 -1 -3.9926 804.8524 170.0534 851.0905 224.0454 1.7567 0.6099 1.5585 7.2534 1.6653 24.1506 -3.7048 0.1931
Pedestrian -1 -1 -7.0598 736.2736 174.2061 752.7290 207.3558 1.6956 0.5994 0.5849 6.9225 1.7661 37.3524 -6.8784 0.1502
Pedestrian -1 -1 -2.6815 700.1678 179.3597 726.4224 238.6821 1.4470 0.4539 0.5000 2.5266 1.6120 18.0001 -2.5451 0.1314
Cyclist -1 -1 -7.2889 477.7286 167.1709 526.9127 232.4879 1.7096 0.4966 1.7070 -2.9769 1.5606 19.7669 -7.4371 0.1306
Cyclist -1 -1 -6.5492 733.3519 171.8598 771.1776 205.9452 1.7426 0.7680 1.7799 7.3141 1.6915 37.3375 -6.3578 0.1268
Pedestrian -1 -1 -5.1166 707.2506 175.6224 735.7168 237.8344 1.5072 0.5505 0.4743 2.6967 1.5763 17.8060 -4.9696 0.1231
Pedestrian -1 -1 -5.6987 491.8409 167.5375 526.2134 229.5463 1.6743 0.5848 0.7394 -2.8331 1.5305 19.9055 -5.8389 0.1191
Pedestrian -1 -1 -5.5633 526.2321 174.4913 543.5978 207.2558 1.6015 0.6144 0.5991 -3.7581 1.6833 35.7348 -5.6678 0.1022
Cyclist -1 -1 -1.8368 0.0000 165.7512 62.3107 374.0000 1.6411 0.5130 1.6215 -3.9232 1.6055 4.2526 -2.5513 0.0994
Cyclist -1 -1 -5.0663 833.3550 175.2419 861.4658 222.8349 1.6142 0.4432 1.4768 8.2620 1.7001 25.2949 -4.7547 0.0969
Cyclist -1 -1 -5.2583 685.8207 169.6086 732.5557 239.7729 1.7008 0.4398 1.5192 2.4414 1.6218 18.2738 -5.1284 0.0941
Pedestrian -1 -1 -7.7462 448.4256 162.5116 479.8919 243.0629 1.7925 0.6143 0.8963 -3.3831 1.5621 16.5311 -7.9456 0.0935
Pedestrian -1 -1 -5.6019 733.8786 190.0781 769.1700 262.1424 1.2678 0.4195 0.4734 2.5262 1.5892 13.1610 -5.4174 0.0916
Pedestrian -1 -1 -5.2307 765.4050 190.5135 803.7103 278.3244 1.2465 0.3650 0.4608 2.5105 1.5130 10.6258 -5.0059 0.0899
Cyclist -1 -1 -7.7216 748.8029 171.9000 762.4614 206.1113 1.7343 0.4890 1.6288 7.5215 1.6857 37.4280 -7.5253 0.0875
Pedestrian -1 -1 -3.8335 0.0000 197.9573 115.1978 374.0000 1.5192 0.4952 0.5685 -3.4162 1.6776 4.2286 -4.4831 0.0863
Cyclist -1 -1 -8.0129 707.0862 168.1502 738.6371 239.7496 1.6927 0.5125 1.6058 2.7254 1.5812 17.8635 -7.8648 0.0849
Pedestrian -1 -1 -5.3900 710.5302 182.5265 742.1622 247.4141 1.3763 0.4524 0.5233 2.4839 1.5917 15.7458 -5.2373 0.0847
Cyclist -1 -1 -7.9833 1232.4409 176.6756 1241.0000 208.1499 1.7213 0.4339 1.5402 35.2343 1.9390 40.4069 -7.2702 0.0794
Cyclist -1 -1 -3.7558 787.7324 175.1469 837.3538 226.6060 1.6808 0.5774 1.5524 6.7314 1.7589 24.1500 -3.4878 0.0775
Pedestrian -1 -1 -5.1127 767.3065 190.9238 807.3135 282.6884 1.2794 0.4210 0.4349 2.4970 1.5460 10.4085 -4.8848 0.0770
Cyclist -1 -1 -8.3185 821.5973 175.6867 856.7631 223.7092 1.6196 0.4969 1.6093 7.9605 1.7218 25.2674 -8.0172 0.0735
Cyclist -1 -1 -7.9706 841.8140 175.5999 858.0789 223.0685 1.6257 0.3543 1.5981 8.4655 1.7260 25.6241 -7.6556 0.0724
Cyclist -1 -1 -6.5921 522.3416 170.8475 559.9495 206.5687 1.7353 0.7167 1.7166 -3.4488 1.6376 35.7200 -6.6882 0.0718
Cyclist -1 -1 -4.8381 742.5366 173.0946 758.1518 206.8847 1.7099 0.5815 1.6826 7.2227 1.7224 37.3833 -4.6493 0.0716
Cyclist -1 -1 -8.5611 747.4236 174.6083 792.2536 227.2603 1.6283 0.5640 1.4944 5.0660 1.6863 23.1589 -8.3491 0.0694
Pedestrian -1 -1 -4.0983 514.1494 165.6603 538.2977 213.6135 1.8467 0.6612 0.6925 -3.3223 1.5693 28.2482 -4.2148 0.0660
Cyclist -1 -1 -3.3752 762.0681 175.3278 816.8341 228.9100 1.6740 0.5698 1.5935 5.6253 1.7530 22.8561 -3.1376 0.0649
Pedestrian -1 -1 -6.7888 549.2679 173.0847 563.4876 200.8893 1.7208 0.6285 0.6650 -3.3877 1.7351 45.1079 -6.8638 0.0640
Cyclist -1 -1 -8.1763 977.1743 163.6395 1025.6326 242.0722 1.6813 0.4374 1.6761 8.7767 1.4834 16.3291 -7.6912 0.0640
Cyclist -1 -1 -6.4654 690.4355 170.1086 761.1197 240.4526 1.6995 0.5866 1.6354 2.7836 1.6329 17.7498 -6.3132 0.0616
Cyclist -1 -1 -1.8946 0.0000 104.7478 108.0988 374.0000 1.7955 0.5921 1.8368 -4.1537 1.4140 4.7762 -2.5833 0.0610
Pedestrian -1 -1 -6.3161 17.2179 146.3660 106.7473 317.2991 1.8168 0.5754 0.7822 -6.2304 1.5349 8.1374 -6.9540 0.0607
Cyclist -1 -1 -8.0059 704.0283 173.2735 736.5526 249.3134 1.6505 0.4833 1.6107 2.4485 1.6602 16.4777 -7.8620 0.0579
Cyclist -1 -1 -4.5215 774.2610 172.7218 798.7261 226.4265 1.6778 0.4967 1.5224 5.6706 1.6734 23.3374 -4.2867 0.0575
Cyclist -1 -1 -5.0390 725.3521 174.6734 775.6145 265.9151 1.5699 0.4153 1.5485 2.4986 1.6050 13.2427 -4.8576 0.0566
Cyclist -1 -1 -7.4597 531.8046 171.5249 554.6492 206.6856 1.7236 0.5442 1.6714 -3.3833 1.6581 36.2489 -7.5526 0.0565
Cyclist -1 -1 -4.5674 718.2613 166.4663 746.4578 248.2936 1.7426 0.4191 1.5023 2.6984 1.6063 16.1455 -4.4057 0.0557
Pedestrian -1 -1 -5.3816 966.4234 157.5739 1010.3194 235.0633 1.7787 0.5785 0.7392 8.8437 1.4276 16.9811 -4.9090 0.0542
Cyclist -1 -1 -5.9717 509.0717 171.2334 544.0865 205.9085 1.7084 0.6177 1.6251 -4.2000 1.6283 36.0103 -6.0874 0.0533
Cyclist -1 -1 -8.0595 722.7126 170.9424 736.6386 201.7265 1.7569 0.4537 1.7212 6.9295 1.6475 42.0483 -7.8978 0.0512
Cyclist -1 -1 -8.2813 731.3459 173.9906 752.4406 207.0501 1.7042 0.4425 1.6608 6.9169 1.7653 38.1126 -8.1037 0.0510
Cyclist -1 -1 -7.7304 697.2369 177.4461 727.2778 246.7128 1.5798 0.5200 1.7386 2.4424 1.6966 17.4838 -7.5948 0.0500
Car -1 -1 -7.8514 588.0360 180.5440 641.1213 222.7144 1.2973 1.6789 3.3776 0.1068 1.5763 24.5092 -7.8478 0.9511
Car -1 -1 -2.2329 287.9440 178.2209 469.7006 255.5122 1.4221 1.6146 3.8837 -5.0015 1.5485 15.2788 -2.5448 0.9324
Car -1 -1 -7.9012 588.6160 175.1173 624.4929 206.7505 1.5443 1.6729 3.7540 -0.2635 1.6674 37.4185 -7.9087 0.7027
Car -1 -1 -2.2536 421.2519 167.3605 531.8534 217.8408 1.6629 1.6779 4.0733 -4.8561 1.4816 25.7248 -2.4388 0.5589
Car -1 -1 -2.3044 492.4187 170.3518 558.7140 203.9489 1.7474 1.6333 3.5420 -4.6634 1.6169 39.3084 -2.4221 0.4113
Car -1 -1 -1.6853 0.0000 174.1040 103.0102 374.0000 1.5760 1.6431 3.4559 -4.8860 1.5867 4.6579 -2.4661 0.3277
Car -1 -1 -7.9494 598.2937 171.5166 620.9081 189.2710 1.5560 1.6440 4.2772 -0.0905 1.4385 65.4428 -7.9511 0.2936
Car -1 -1 -8.2009 488.9980 176.1645 541.7390 205.7214 1.4183 1.5661 3.5334 -4.9341 1.5965 36.9831 -8.3330 0.2929
Car -1 -1 -8.4179 444.1484 164.8596 533.6934 212.4517 1.7786 1.6673 3.9927 -4.9695 1.4795 29.0067 -8.5865 0.2494
Car -1 -1 -2.3611 350.4497 166.3950 514.5623 244.3855 1.7592 1.6390 3.9659 -4.5131 1.6132 17.9945 -2.6040 0.2209
Car -1 -1 -4.9175 1230.2335 178.8001 1241.0000 209.0887 1.5685 1.6357 3.8245 36.0863 1.9169 40.2414 -4.1905 0.1571
Car -1 -1 -4.4702 0.0000 178.0639 116.6826 299.2112 1.4159 1.5120 3.5020 -8.5045 1.5052 10.5040 -5.1385 0.1529
Car -1 -1 -7.8108 983.4990 165.1914 1067.3490 240.2296 1.6040 1.5964 3.7910 10.0494 1.4399 17.4536 -7.2961 0.1513
Car -1 -1 -4.6857 950.2543 179.6024 984.3327 208.9342 1.5013 1.6037 3.7274 19.7421 1.8929 39.8837 -4.2295 0.1424
Car -1 -1 -4.8027 728.8485 175.2987 765.4848 205.5123 1.6330 1.6765 4.2598 7.8067 1.7809 41.5527 -4.6188 0.1193
Car -1 -1 -8.6612 1065.7183 180.1703 1241.0000 374.0000 1.4705 1.6102 3.8857 3.4025 1.5155 2.4602 -7.7722 0.1134
Car -1 -1 -7.8785 537.4251 174.0482 563.4437 198.6252 1.5251 1.5873 3.7996 -3.9412 1.6058 46.9409 -7.9622 0.1066
Car -1 -1 -4.7796 630.3922 172.3230 650.0642 188.8160 1.4804 1.5391 4.1392 2.7515 1.4324 66.8540 -4.7390 0.0822
Car -1 -1 -6.8974 838.2712 179.0540 964.2821 223.1314 1.4536 1.6081 3.9042 10.1729 1.6821 25.3851 -6.5209 0.0553
Car -1 -1 -5.4677 0.0000 173.3145 38.4585 374.0000 1.6001 1.6515 4.1745 -4.4763 1.6020 1.9602 -6.5744 0.0543
