Pedestrian -1 -1 -5.8479 192.2539 146.6396 323.4285 333.8977 1.8645 0.6819 1.0368 -3.6485 1.5278 7.3835 -6.2882 0.7887
Pedestrian -1 -1 -8.1554 837.8300 168.7755 870.5339 233.7750 1.6032 0.5874 0.7130 6.2246 1.3143 17.8042 -7.8229 0.1208
Cyclist -1 -1 -5.0151 666.3513 166.3457 695.4359 211.5556 1.7576 0.7061 1.6183 3.0003 1.2076 28.3507 -4.9091 0.1058
Cyclist -1 -1 -4.4672 51.4813 162.3972 115.2701 265.1363 1.7437 0.5138 1.7282 -9.5232 1.4369 12.8984 -5.0896 0.0955
Pedestrian -1 -1 -4.5390 0.0000 171.6735 44.4423 258.7533 1.6904 0.5791 0.6962 -11.7174 1.5194 14.1699 -5.2172 0.0779
Pedestrian -1 -1 -5.9658 594.2487 162.9435 601.7595 188.9719 1.8666 0.6498 0.3572 -0.5023 0.6076 51.0698 -5.9737 0.0768
Pedestrian -1 -1 -5.0116 985.3109 208.4030 1076.5004 369.0000 1.2923 0.4245 0.5816 3.1502 1.5173 5.3607 -4.5038 0.0710
Car -1 -1 -7.6875 603.2095 169.9139 650.6678 205.2046 1.5334 1.5995 3.6910 1.0474 1.0736 32.6884 -7.6540 0.0618
Pedestrian -1 -1 -2.6386 116.5739 163.8731 168.8759 254.3039 1.7557 0.5570 0.6837 -9.2068 1.4333 14.0276 -3.2072 0.0533
Pedestrian -1 -1 -4.0629 278.0552 217.3671 315.5260 288.8744 0.9668 0.2811 0.4357 -4.4314 1.5044 10.0580 -4.4646 0.0528
Car -1 -1 -2.1642 0.0000 173.9285 0.0000 291.2157 1.5277 1.6074 4.1984 -11.5474 1.4425 10.3246 -2.9883 0.0527
Pedestrian -1 -1 -4.3163 373.1347 200.4920 409.9062 274.0935 1.1283 0.3829 0.5365 -3.4502 1.4558 11.2824 -4.6034 0.0508
Cyclist -1 -1 -7.7360 267.1633 167.7112 302.3033 257.7708 1.6479 0.4249 1.6109 -6.2634 1.4143 13.7698 -8.1524 0.2766
Cyclist -1 -1 -7.9096 493.2194 167.0666 532.8713 264.1077 1.6608 0.6224 1.8342 -1.7698 1.4313 13.0594 -8.0393 0.2258
Pedestrian -1 -1 -4.4321 1173.2402 158.6038 1223.0000 265.1590 1.7414 0.5888 0.7058 10.0849 1.3839 11.9977 -3.7445 0.2207
Pedestrian -1 -1 -5.5425 631.5229 170.7744 682.1030 260.7608 1.5839 0.5244 0.7669 0.8941 1.4130 12.9033 -5.4732 0.1346
Pedestrian -1 -1 -4.9506 687.2725 167.0490 725.0692 252.1991 1.6932 0.5839 0.8289 2.0189 1.4261 14.5016 -4.8136 0.1103
Pedestrian -1 -1 -3.9350 853.4815 161.6087 910.3658 265.8615 1.7029 0.6037 0.6645 4.6304 1.3947 11.9620 -3.5728 0.1101
Pedestrian -1 -1 -8.1314 894.8306 158.5462 945.2129 264.1261 1.7245 0.6198 0.6291 5.2404 1.3663 11.9004 -7.7247 0.1095
Pedestrian -1 -1 -4.7561 756.2777 170.3732 789.1799 254.5322 1.6407 0.6022 0.8438 3.3241 1.4436 14.2532 -4.5302 0.1077
Pedestrian -1 -1 -5.1660 1077.6418 151.4656 1139.9852 265.5942 1.8029 0.5731 0.7040 8.1706 1.3447 11.5605 -4.5620 0.1026
Pedestrian -1 -1 -4.7339 849.9161 155.2006 888.7329 262.1871 1.8202 0.6160 0.8468 4.6216 1.3901 12.5288 -4.3869 0.1008
Cyclist -1 -1 -8.0928 856.0621 176.4553 921.4134 279.4442 1.4812 0.5405 1.6773 4.3379 1.4234 11.0350 -7.7262 0.0986
Cyclist -1 -1 -2.9053 648.5558 140.6511 680.6279 172.7014 1.7694 0.6462 1.6988 3.3500 -0.4462 39.8898 -2.8200 0.0918
Pedestrian -1 -1 -6.2513 1029.9867 159.3626 1071.8713 269.8650 1.7575 0.5625 0.5711 7.2912 1.4217 11.6375 -5.7022 0.0893
Pedestrian -1 -1 -7.6142 664.1960 168.2066 705.2726 260.2534 1.6493 0.5853 0.8167 1.4438 1.4294 13.1524 -7.5057 0.0868
Pedestrian -1 -1 -5.4124 673.2130 159.3801 713.9991 233.9049 1.8102 0.5695 0.8945 2.1707 1.2975 17.7046 -5.2908 0.0856
Pedestrian -1 -1 -3.9533 380.5782 165.6589 428.1852 247.2928 1.6955 0.5780 0.8190 -4.3453 1.3876 15.1827 -4.2247 0.0817
Pedestrian -1 -1 -7.6361 220.7305 167.8718 260.4821 257.2306 1.6646 0.5399 0.6790 -7.0279 1.4297 13.5668 -8.1027 0.0797
Pedestrian -1 -1 -6.2932 569.8033 161.9986 616.3104 247.9765 1.7566 0.5034 0.9510 -0.2968 1.3789 14.7103 -6.3112 0.0796
Pedestrian -1 -1 -4.9466 459.3423 169.3268 495.9735 250.0201 1.6642 0.6069 0.7669 -2.7626 1.4341 15.0549 -5.1226 0.0779
Pedestrian -1 -1 -8.4515 942.3545 161.1965 996.0577 266.1194 1.6726 0.5543 0.5720 5.9122 1.3653 11.5921 -7.9891 0.0773
Pedestrian -1 -1 -4.5525 367.1675 164.2428 404.7816 247.6268 1.7342 0.6373 0.8732 -4.7348 1.3964 15.1804 -4.8471 0.0749
Cyclist -1 -1 -6.4667 685.5891 168.4122 760.8564 233.8534 1.6325 0.6909 1.7920 2.9516 1.3313 18.0035 -6.3053 0.0726
Cyclist -1 -1 -7.7233 222.1544 162.8292 255.9299 253.2502 1.6892 0.3714 1.6454 -7.2967 1.3594 14.0465 -8.1913 0.0718
Pedestrian -1 -1 -8.2930 644.7318 167.9037 693.5195 260.0060 1.6410 0.6117 0.8056 1.1293 1.4170 13.0817 -8.2072 0.0708
Pedestrian -1 -1 -8.3708 644.9550 159.9070 680.2687 232.9871 1.7838 0.6092 0.7097 1.3964 1.2814 17.7084 -8.2917 0.0702
Pedestrian -1 -1 -4.4264 860.7396 187.0783 903.8013 274.8322 1.3196 0.5199 0.4603 4.2734 1.4257 11.0238 -4.0645 0.0685
Cyclist -1 -1 -6.3616 657.0483 141.4793 688.3516 173.2977 1.7860 0.6374 1.7255 3.8267 -0.4125 40.1734 -6.2652 0.0679
Pedestrian -1 -1 -4.6258 875.1492 187.9473 917.0494 284.2261 1.3490 0.5298 0.4903 4.1908 1.4614 10.2966 -4.2482 0.0678
Pedestrian -1 -1 -7.6927 1062.2356 155.6779 1109.9440 267.6232 1.7614 0.5540 0.6591 7.8145 1.3712 11.5552 -7.1091 0.0672
Pedestrian -1 -1 -7.2354 999.1882 167.5076 1049.4261 267.8549 1.6722 0.5018 0.5772 7.1412 1.4561 12.1307 -6.7132 0.0660
Pedestrian -1 -1 -3.6721 818.2607 178.1667 865.9828 255.2784 1.4858 0.4596 0.7634 4.6201 1.4412 13.9295 -3.3569 0.0655
Pedestrian -1 -1 -4.7396 859.5082 194.6153 891.7187 274.9810 1.2370 0.4610 0.4936 4.2673 1.4691 11.2985 -4.3860 0.0646
Pedestrian -1 -1 -7.9695 548.4426 159.2352 576.5054 233.9805 1.8232 0.6210 0.7092 -1.1092 1.3048 17.6496 -8.0293 0.0624
Pedestrian -1 -1 -8.3220 776.2527 168.1477 808.8836 234.5880 1.6242 0.5649 0.6228 4.6346 1.3226 17.6491 -8.0679 0.0623
Pedestrian -1 -1 -6.7915 1114.9108 154.2435 1183.0543 266.7661 1.7924 0.5779 0.6883 8.8547 1.3745 11.5944 -6.1508 0.0619
Cyclist -1 -1 -4.9258 950.6985 169.4230 1016.0709 278.0120 1.5810 0.5091 1.8400 5.9257 1.4201 11.2488 -4.4508 0.0613
Cyclist -1 -1 -3.4164 998.8274 155.4054 1149.3875 270.3543 1.7930 0.6184 1.9637 7.5908 1.4020 11.6090 -2.8482 0.0594
Pedestrian -1 -1 -6.3637 267.5709 167.3445 315.5809 255.8439 1.6607 0.6329 0.8085 -6.1396 1.4142 13.7376 -6.7736 0.0587
Pedestrian -1 -1 -5.0601 774.8550 163.3262 823.6680 265.1336 1.7118 0.5813 0.7826 3.3191 1.4234 12.3036 -4.8013 0.0546
Pedestrian -1 -1 -8.4218 619.3529 166.0208 653.3990 235.8246 1.7288 0.6105 0.6468 0.7518 1.3705 17.9441 -8.3790 0.0540
Pedestrian -1 -1 -5.5494 766.3149 165.9315 806.7833 244.8397 1.7127 0.5762 0.6579 4.0045 1.3968 15.7803 -5.3040 0.0537
Pedestrian -1 -1 -7.8386 613.2343 163.0385 639.7748 235.4408 1.7713 0.6496 0.7572 0.5011 1.3445 17.6909 -7.8090 0.0529
Pedestrian -1 -1 -8.3116 960.7783 164.1949 1015.5456 268.2224 1.6561 0.5568 0.6432 6.2155 1.3969 11.5847 -7.8288 0.0529
Pedestrian -1 -1 -5.3457 915.1078 178.3791 963.0271 270.8835 1.4349 0.5213 0.4522 5.2558 1.4024 11.2419 -4.9174 0.0515
Pedestrian -1 -1 -4.1154 862.0824 171.2150 912.0160 267.9959 1.5449 0.5185 0.6032 4.6048 1.3971 11.6714 -3.7471 0.0506
Pedestrian -1 -1 -7.5370 520.5297 162.2948 563.2875 258.6124 1.6948 0.5663 0.7626 -1.1877 1.3749 12.8770 -7.6249 0.0506
Pedestrian -1 -1 -7.4976 662.0738 141.3569 678.4185 174.0746 1.8023 0.7049 0.7201 3.6443 -0.3642 39.6139 -7.4044 0.0504
Pedestrian -1 -1 -4.1647 335.7076 159.6531 386.6650 245.0038 1.7690 0.6405 0.9322 -5.2656 1.3373 15.1797 -4.4903 0.0500
Car -1 -1 -6.2681 655.0324 142.2671 721.4175 170.2641 1.5231 1.6095 3.6805 4.7281 -0.5980 40.2698 -6.1500 0.1632
