Pedestrian -1 -1 -5.3288 1105.9911 139.0335 1158.8905 244.3086 1.9353 0.6472 0.4729 9.7138 1.3133 13.5020 -4.7158 0.1582
Pedestrian -1 -1 -5.0588 1018.9711 150.6857 1070.4365 248.6458 1.8090 0.6254 0.7192 8.2063 1.3993 13.7347 -4.5302 0.1315
Pedestrian -1 -1 -3.8917 1208.0696 146.8115 1241.0000 227.3470 1.9409 0.5886 0.6601 15.1937 1.3130 17.6993 -3.1908 0.1306
Cyclist -1 -1 -3.5693 947.2699 163.7557 992.8834 203.4582 1.7706 0.6092 1.7438 16.1707 1.3646 32.5093 -3.1117 0.1187
Pedestrian -1 -1 -8.2208 1166.7440 175.0256 1195.9590 226.7503 1.6772 0.6259 0.4663 18.7422 1.7493 23.7371 -7.5589 0.1041
Pedestrian -1 -1 -7.4561 801.9264 164.4646 816.8865 196.5158 1.9382 0.6978 0.6161 12.1502 1.4306 44.0913 -7.1893 0.0884
Cyclist -1 -1 -7.5470 769.5845 173.4057 788.3490 202.9235 1.6298 0.5640 1.6480 9.5066 1.6613 40.7238 -7.3197 0.0871
Cyclist -1 -1 -8.5562 969.5004 170.2670 1017.3552 220.2463 1.6447 0.4919 1.6366 12.9989 1.5593 24.5967 -8.0755 0.0639
Car -1 -1 -4.5848 419.1461 178.6051 448.1608 198.8506 1.4736 1.6536 4.2907 -13.6712 1.9374 56.0054 -4.8234 0.0638
Car -1 -1 -4.2391 405.6412 179.2753 447.4547 199.1252 1.5600 1.6713 4.1712 -15.3184 2.1166 60.3599 -4.4870 0.0626
Pedestrian -1 -1 -4.2200 1131.7772 156.0872 1161.7478 220.9514 1.9041 0.5648 0.4678 15.9695 1.4116 21.5370 -3.5888 0.0622
Cyclist -1 -1 -4.8851 936.3829 174.4903 958.5801 220.0960 1.6242 0.4922 1.4203 12.3371 1.6857 26.4998 -4.4542 0.0559
Cyclist -1 -1 -4.7121 926.2409 165.9751 935.3278 195.7052 1.6512 0.4622 1.6726 18.1571 1.2689 40.9336 -4.2975 0.0557
Pedestrian -1 -1 -3.6189 788.3105 168.2397 808.9261 208.4603 1.8130 0.5834 0.7207 8.5525 1.6047 32.8886 -3.3672 0.0530
Pedestrian -1 -1 -7.2431 1212.0514 167.5366 1241.0000 231.0495 1.6462 0.5527 0.4322 16.2793 1.5080 19.0237 -6.5433 0.0517
Car -1 -1 -8.0606 880.4542 168.6360 935.1395 202.9142 1.5359 1.6293 3.8468 14.0661 1.3466 34.3680 -7.6755 0.0512
Car -1 -1 -4.7680 350.9033 180.9686 374.9541 200.4563 1.4620 1.6030 4.2773 -20.0234 2.1432 58.3163 -5.0976 0.0507
Pedestrian -1 -1 -6.5316 1146.0560 163.3958 1157.0482 208.3755 1.7433 0.5219 0.2195 21.1547 1.3764 28.2483 -5.8941 0.0503
Cyclist -1 -1 -8.2157 875.2014 160.3007 929.4949 251.4248 1.7992 0.4642 1.6963 6.0320 1.5510 15.0971 -7.8431 0.5768
Cyclist -1 -1 -7.4771 768.6368 171.7726 789.0678 202.6942 1.7052 0.5456 1.6776 9.4793 1.6452 40.6342 -7.2499 0.1002
Cyclist -1 -1 -3.4668 911.4380 169.0855 957.7416 207.7076 1.7187 0.7360 1.7614 14.5893 1.5507 32.5568 -3.0493 0.0886
Pedestrian -1 -1 -3.3160 1005.8554 154.3077 1058.3660 250.5709 1.7875 0.5327 0.7794 7.9936 1.4428 13.7796 -2.8001 0.0852
Pedestrian -1 -1 -7.9484 935.8973 171.4907 956.7047 219.4920 1.7354 0.6373 0.5678 12.2811 1.6859 26.4595 -7.5186 0.0654
Pedestrian -1 -1 -8.2086 871.8948 169.8766 890.0221 205.1036 1.7285 0.7029 0.5134 13.3482 1.5821 35.6613 -7.8536 0.0605
Pedestrian -1 -1 -6.7234 871.6500 156.9372 938.1885 249.5409 1.8808 0.7450 1.0670 6.0871 1.5572 15.0601 -6.3468 0.0600
Pedestrian -1 -1 -7.7870 922.5295 169.3491 939.6085 208.1579 1.7246 0.6683 0.5690 14.4078 1.5686 32.4712 -7.3732 0.0569
Cyclist -1 -1 -8.6616 960.9370 172.2849 1013.3948 223.1239 1.6701 0.5466 1.6594 12.7742 1.6511 24.5762 -8.1877 0.0552
Car -1 -1 -7.1286 0.0000 164.9544 150.9769 314.1347 1.7799 1.8267 4.6732 -9.4741 1.6854 10.9676 -7.8291 0.2415
Car -1 -1 -4.4709 410.3987 180.1512 441.4992 199.8596 1.5740 1.6485 3.9721 -15.5655 2.2117 61.0923 -4.7197 0.1924
Car -1 -1 -4.2551 95.3533 183.8667 263.2373 260.1957 1.4213 1.6022 3.8971 -9.3759 1.6958 16.0083 -4.7780 0.1716
Car -1 -1 -3.5722 895.7952 173.5768 1015.0379 210.1992 1.4908 1.6283 4.2132 14.3624 1.5216 30.2364 -3.1330 0.0945
Car -1 -1 -7.8934 898.5170 170.4838 939.2477 205.4172 1.5620 1.6077 3.8163 14.5970 1.4557 34.3308 -7.4949 0.0541
Car -1 -1 -7.5890 0.0000 180.7139 0.0000 310.4469 1.5520 1.6627 3.9432 -12.0078 1.6946 11.0026 -8.4059 0.0533
