Cyclist -1 -1 -7.5687 451.8167 174.5382 468.5472 205.6250 1.7889 0.4932 1.7501 -8.8530 1.8899 42.5099 -7.7732 0.0747
Pedestrian -1 -1 -2.3749 226.4582 185.8652 267.6044 260.5811 1.7554 0.6320 0.6282 -8.8417 2.0776 17.4857 -2.8374 0.0739
Pedestrian -1 -1 -5.4212 425.9169 173.8836 446.0896 212.5809 1.9373 0.6462 0.7763 -8.8744 1.9900 36.6379 -5.6576 0.0722
Car -1 -1 -7.3131 1241.0000 120.8157 1241.0000 343.8381 1.5537 1.6075 4.2772 8.1916 1.1909 6.0821 -6.4039 0.0618
Car -1 -1 -7.3505 1178.3047 141.6529 1241.0000 374.0000 1.4933 1.5983 4.1289 5.1458 1.3934 3.3247 -6.3931 0.0602
Pedestrian -1 -1 -5.2826 809.5691 162.4781 841.2211 227.0739 1.8674 0.5403 0.8124 6.3098 1.5671 21.3245 -4.9993 0.0582
Pedestrian -1 -1 -4.4532 328.6206 176.3941 353.7210 231.9585 1.9682 0.6835 0.7285 -9.7281 2.0975 26.0044 -4.8083 0.0566
Cyclist -1 -1 -8.1462 750.8223 171.7851 772.2198 212.7476 1.6731 0.4422 1.5557 6.3008 1.6291 30.2655 -7.9435 0.0557
Car -1 -1 -4.6113 637.1639 175.2778 658.5251 192.6300 1.6109 1.6453 4.2884 3.6740 1.8528 69.8574 -4.5594 0.0543
Car -1 -1 -8.2097 613.9685 174.9736 653.2825 200.5879 2.0366 1.7891 4.5752 1.8955 2.2205 60.2297 -8.1789 0.0518
Cyclist -1 -1 -5.0100 770.4395 166.8517 800.4440 219.7864 1.8661 0.5526 1.7967 6.3428 1.6542 26.3505 -4.7770 0.0511
Pedestrian -1 -1 -5.5522 414.6211 177.7888 433.0828 217.3389 1.8365 0.6330 0.5646 -8.8155 2.0716 34.0172 -5.8043 0.0509
Pedestrian -1 -1 -2.2712 331.4355 186.5053 357.5325 237.2362 1.6722 0.5813 0.5957 -9.0240 2.1411 24.3994 -2.6224 0.1520
Cyclist -1 -1 -4.8743 641.1865 176.4761 653.3232 205.4109 1.6413 0.4593 1.5336 2.1214 1.8554 41.9138 -4.8246 0.1409
Pedestrian -1 -1 -3.6474 1135.3660 133.3526 1241.0000 306.8984 1.7606 0.5909 0.8894 6.1910 1.3595 7.6799 -2.9879 0.1291
Pedestrian -1 -1 -3.1098 648.8863 172.5328 668.6031 218.2000 1.7472 0.5875 0.7452 1.8455 1.7346 27.9339 -3.0452 0.1222
Pedestrian -1 -1 -3.4811 1099.3558 139.0276 1201.8477 297.3954 1.7664 0.5507 0.8150 6.2287 1.3888 8.4252 -2.8616 0.1210
Cyclist -1 -1 -4.4423 339.6328 184.9274 367.2568 237.3738 1.7119 0.4853 1.5847 -8.8249 2.1389 24.7303 -4.7822 0.1095
Cyclist -1 -1 -7.9348 479.9010 177.7591 488.8919 203.1366 1.7328 0.4852 1.6687 -8.8220 2.0815 50.4720 -8.1074 0.1089
Cyclist -1 -1 -5.3490 314.1518 181.0043 359.6122 236.3601 1.8097 0.6203 1.5894 -9.3202 2.0937 24.4836 -5.7096 0.1061
Pedestrian -1 -1 -3.9335 1069.3739 138.7954 1170.1523 289.1984 1.7980 0.5786 0.8813 6.2850 1.3905 8.9958 -3.3395 0.1001
Pedestrian -1 -1 -3.5255 1121.0933 139.5947 1227.3667 303.9169 1.7479 0.5715 0.7698 6.2092 1.3938 8.0487 -2.8864 0.0810
Cyclist -1 -1 -7.9602 476.3074 176.2467 485.0862 202.3407 1.7867 0.4286 1.6715 -9.0841 2.0279 50.4913 -8.1377 0.0791
Pedestrian -1 -1 -6.8618 1054.4283 148.0986 1146.6401 289.5373 1.7697 0.5442 0.8184 6.2495 1.4597 9.3011 -6.2853 0.0694
Pedestrian -1 -1 -7.6695 663.7748 172.0739 686.3274 226.4037 1.8025 0.6305 0.7761 2.1567 1.7763 24.3964 -7.5832 0.0667
Cyclist -1 -1 -7.2002 338.5781 185.7461 384.2619 236.3121 1.6333 0.5747 1.6735 -8.5143 2.0891 24.6417 -7.5300 0.0643
Pedestrian -1 -1 -3.6229 977.3804 149.4521 1038.6283 269.6024 1.7939 0.4880 0.6667 6.0123 1.4442 11.0191 -3.1353 0.0635
Cyclist -1 -1 -5.0577 772.2883 170.4326 801.9584 221.3769 1.7876 0.4932 1.6926 6.3655 1.7024 26.1872 -4.8225 0.0630
Cyclist -1 -1 -8.2181 627.5732 176.0402 637.3896 193.0283 1.5936 0.3950 1.5851 2.1190 1.9007 68.8045 -8.1878 0.0611
Pedestrian -1 -1 -4.4993 328.1408 179.1501 351.0771 233.4842 1.9216 0.6919 0.4399 -9.7285 2.1492 25.8479 -4.8564 0.0568
Pedestrian -1 -1 -6.1328 476.6219 176.0147 488.7555 203.6073 1.8939 0.6430 0.7393 -8.8390 2.1138 49.9311 -6.3075 0.0512
Car -1 -1 -7.8002 551.1918 177.3695 578.0780 202.7018 1.6836 1.6755 3.9722 -3.1792 2.0129 50.6595 -7.8631 0.8941
Car -1 -1 -7.9264 647.2239 177.5571 692.1324 215.5856 1.5480 1.6630 4.2111 2.5387 1.7701 32.0035 -7.8486 0.6186
Car -1 -1 -7.9504 639.2680 176.1542 672.9958 204.1586 1.5825 1.6234 4.0664 2.6871 1.7898 43.3198 -7.8894 0.3348
Car -1 -1 -4.9809 764.6245 177.1189 837.7732 221.2785 1.5003 1.5985 4.0197 6.9890 1.6712 26.9289 -4.7303 0.2017
Car -1 -1 -8.0419 624.2056 174.2955 654.1848 199.7824 2.0305 1.7164 4.2502 2.3597 2.1544 59.9637 -8.0032 0.1423
Car -1 -1 -4.7273 627.2155 176.5613 645.0507 193.2847 1.5549 1.6626 4.1270 2.4935 1.9254 70.0893 -4.6923 0.1237
Car -1 -1 -7.9465 657.6844 165.3498 721.6075 222.9231 1.9351 1.8720 4.8464 2.7918 1.6826 26.6838 -7.8441 0.1037
Car -1 -1 -4.3364 536.1255 176.7275 575.6288 199.0805 1.7121 1.7348 4.2873 -4.3557 2.0375 58.3680 -4.4110 0.0809
Car -1 -1 -4.8153 649.8046 177.8797 690.1105 209.6053 1.5133 1.6506 3.9252 2.9830 1.7847 37.0270 -4.7361 0.0715
Car -1 -1 -7.3357 1217.0261 115.0442 1241.0000 374.0000 1.6195 1.6489 4.1963 6.8928 1.2971 5.1497 -6.4337 0.0693
Car -1 -1 -7.7731 463.0452 178.5709 490.8371 203.6221 1.6788 1.6353 3.8672 -9.4481 2.1007 51.2765 -7.9548 0.0633
Car -1 -1 -2.7499 224.0091 191.7309 362.0950 239.2028 1.4704 1.6316 3.8528 -10.4530 2.1169 23.8732 -3.1590 0.0605
Car -1 -1 -5.0346 596.6920 176.4904 626.5234 193.8122 1.6036 1.6651 4.1255 0.1014 1.9670 69.9488 -5.0336 0.0603
