Pedestrian -1 -1 -4.2790 14.4008 169.6951 34.6490 219.7304 1.9284 0.5466 0.2723 -22.7676 1.8063 28.0067 -4.9570 0.1972
Pedestrian -1 -1 -7.8854 585.5662 172.5983 605.4563 225.0080 1.6613 0.6174 0.6572 -0.5185 1.6529 23.2167 -7.9083 0.0991
Pedestrian -1 -1 -8.2116 729.0702 162.9737 755.7303 219.0259 1.7260 0.6386 0.6296 4.0913 1.4214 22.5850 -8.0353 0.0734
Pedestrian -1 -1 -7.6765 0.0000 195.8956 22.8887 251.4939 1.7280 0.6120 0.6588 -19.4068 2.4834 23.2254 -8.3670 0.0682
Pedestrian -1 -1 -4.1830 347.4653 174.2231 383.2899 241.8260 1.8489 0.6223 0.8183 -6.8953 1.8878 20.2160 -4.5082 0.0581
Pedestrian -1 -1 -4.8124 1043.4550 182.4119 1095.3553 304.6566 1.3467 0.4299 0.6820 5.2842 1.4631 8.4115 -4.2678 0.0522
Cyclist -1 -1 -3.1340 802.8360 165.3596 892.7472 245.8593 1.6159 0.7069 1.7459 4.9022 1.4652 15.0907 -2.8263 0.3421
Pedestrian -1 -1 -5.6237 0.0000 168.2480 20.9476 212.1785 1.8627 0.6338 0.4127 -25.7436 1.6671 30.9171 -6.3139 0.2466
Pedestrian -1 -1 -6.0871 643.1993 164.0423 672.6185 240.5717 1.7054 0.5136 0.5805 1.0404 1.5088 16.4014 -6.0258 0.2359
Pedestrian -1 -1 -7.8542 548.3755 163.5257 569.3286 221.9253 1.8674 0.6691 0.7171 -1.7111 1.5688 23.4545 -7.9269 0.1931
Cyclist -1 -1 -2.9265 12.6809 195.7496 93.1467 254.7731 1.6732 0.7034 1.8059 -16.7626 2.3836 21.6981 -3.5785 0.1736
Pedestrian -1 -1 -3.4938 1050.0334 148.6903 1116.6467 275.2231 1.7566 0.5179 0.6546 6.7112 1.4208 10.3381 -2.9315 0.1571
Pedestrian -1 -1 -5.4160 0.0000 168.7958 13.8158 212.3689 1.8363 0.5098 0.2668 -25.7584 1.6650 30.6817 -6.1102 0.1517
Cyclist -1 -1 -3.0976 813.3553 169.4886 908.1755 253.5959 1.5515 0.5523 1.6904 4.7566 1.4891 13.8712 -2.7745 0.1391
Pedestrian -1 -1 -4.8293 922.8099 137.0283 948.9901 202.1831 1.9455 0.6691 0.4760 9.8238 0.8755 21.8710 -4.4123 0.1370
Pedestrian -1 -1 -5.7665 819.7318 172.8248 855.9256 244.4223 1.4612 0.5018 0.5473 4.7131 1.4603 15.0963 -5.4701 0.1350
Pedestrian -1 -1 -6.6255 1132.4995 134.1049 1231.3179 292.7191 1.7694 0.5930 0.7429 6.6082 1.3368 8.4431 -5.9786 0.1062
Pedestrian -1 -1 -3.5748 1154.8456 144.2519 1241.0000 308.9841 1.6668 0.6109 0.7765 6.3473 1.3771 7.6888 -2.9038 0.1044
Pedestrian -1 -1 -4.0658 1014.9420 160.1256 1072.5083 269.9561 1.6535 0.5301 0.5747 6.6832 1.4616 11.2189 -3.5407 0.1032
Pedestrian -1 -1 -3.5780 346.1267 171.2218 374.5868 231.4494 2.0027 0.6577 0.7002 -8.5143 1.9481 24.4726 -3.9100 0.0998
Pedestrian -1 -1 -4.8015 842.7392 186.1497 867.7367 252.6903 1.2521 0.4224 0.3485 4.6606 1.5116 13.8815 -4.4848 0.0981
Cyclist -1 -1 -3.0735 801.9830 168.2901 896.3493 249.9713 1.5698 0.6786 1.7645 4.7548 1.4818 14.5078 -2.7636 0.0940
Pedestrian -1 -1 -7.1358 589.9391 165.3153 616.3663 222.4119 1.8023 0.6020 0.6027 -0.2675 1.5640 23.2007 -7.1479 0.0937
Pedestrian -1 -1 -4.6357 738.8243 156.8158 761.7249 216.5468 1.8360 0.6588 0.6498 4.3446 1.3427 22.5780 -4.4486 0.0902
Cyclist -1 -1 -7.1695 0.0000 169.4008 33.3847 211.4539 1.7492 0.4200 1.7324 -25.6188 1.6052 30.8787 -7.8580 0.0901
Pedestrian -1 -1 -5.1501 858.2368 193.6347 888.6469 256.3093 1.1736 0.4328 0.3643 4.9991 1.5780 13.8483 -4.8113 0.0874
Pedestrian -1 -1 -4.4389 383.5180 169.8316 410.7250 229.1831 1.9525 0.6603 0.8839 -7.1738 1.8528 24.1830 -4.7248 0.0872
Pedestrian -1 -1 -3.5259 631.4079 160.3984 666.7928 227.7430 1.8542 0.5380 0.8516 1.0453 1.5109 20.2596 -3.4759 0.0850
Pedestrian -1 -1 -4.1989 341.9386 189.6976 368.4675 242.4592 1.4397 0.4533 0.6255 -7.1984 1.9204 20.2574 -4.5368 0.0835
Pedestrian -1 -1 -4.9272 847.0926 167.7456 884.2301 247.6947 1.6325 0.5858 0.7270 5.2972 1.5279 15.1281 -4.5972 0.0821
Cyclist -1 -1 -7.2434 0.0000 205.9838 46.3076 272.9663 1.5768 0.3735 1.5752 -15.3154 2.4661 18.5747 -7.9260 0.0804
Pedestrian -1 -1 -7.6667 564.1832 164.2478 588.4984 222.2209 1.8512 0.6827 0.6354 -1.1350 1.5761 23.4015 -7.7154 0.0788
Pedestrian -1 -1 -5.2807 756.3782 152.0252 788.2282 214.9763 1.9234 0.6881 0.7201 5.0085 1.2867 22.5027 -5.0650 0.0766
Pedestrian -1 -1 -5.6124 1007.5972 151.2158 1072.4108 262.1325 1.7985 0.5341 0.7723 7.1785 1.4473 12.1569 -5.0902 0.0718
Pedestrian -1 -1 -5.7498 478.4011 146.4833 499.0579 198.2809 1.9631 0.6526 0.5247 -4.7053 0.9634 27.7445 -5.9165 0.0705
Pedestrian -1 -1 -4.4961 873.1906 191.2563 902.4287 256.7862 1.2156 0.4499 0.4078 5.2772 1.5759 13.8430 -4.1398 0.0701
Cyclist -1 -1 -8.4235 623.6597 166.0293 679.7820 246.2534 1.7321 0.4515 1.6420 0.8729 1.5844 16.4032 -8.3722 0.0696
Pedestrian -1 -1 -4.9296 580.6940 158.4986 608.8631 229.3199 1.8858 0.6262 0.7079 -0.4696 1.5032 19.6313 -4.9540 0.0672
Pedestrian -1 -1 -8.6822 656.5092 161.0189 696.6062 241.6459 1.7546 0.5700 0.6894 1.4356 1.4968 16.1488 -8.5961 0.0650
Pedestrian -1 -1 -5.5670 472.3344 147.1654 492.1360 197.9969 1.9257 0.6257 0.4487 -4.9513 0.9522 27.7184 -5.7425 0.0630
Pedestrian -1 -1 -6.7966 589.8294 165.3996 623.5207 234.2351 1.7700 0.6159 0.6696 -0.1404 1.5781 18.9876 -6.8048 0.0624
Pedestrian -1 -1 -3.6368 1152.8596 135.6766 1241.0000 295.2977 1.7127 0.5968 0.7161 6.6038 1.3135 8.0967 -2.9706 0.0611
Pedestrian -1 -1 -4.3184 628.9846 166.5474 658.7271 234.9900 1.7123 0.5876 0.5673 0.8167 1.5543 18.4331 -4.2757 0.0586
Pedestrian -1 -1 -3.1369 978.2811 135.8072 991.9719 199.5686 1.8786 0.5050 0.3592 11.1608 0.7868 21.5648 -2.6650 0.0586
Pedestrian -1 -1 -7.7841 530.0714 162.0964 551.1465 220.2281 1.8591 0.6288 0.8217 -2.3012 1.5148 23.4948 -7.8813 0.0571
Cyclist -1 -1 -7.6310 336.1078 184.6023 365.4811 241.5614 1.6188 0.4709 1.6765 -7.8347 1.9862 21.7216 -7.9738 0.0557
Pedestrian -1 -1 -4.8283 831.1295 182.2025 856.7394 249.7456 1.2603 0.3997 0.5640 4.4360 1.4437 13.8649 -4.5255 0.0528
Pedestrian -1 -1 -4.4285 568.1493 158.4367 597.2343 225.8310 1.8827 0.6309 0.8104 -0.8238 1.4797 20.6264 -4.4686 0.0518
Pedestrian -1 -1 -8.6155 588.8588 163.8675 624.2164 235.0408 1.7983 0.5864 0.7116 -0.1417 1.5710 18.6906 -8.6238 0.0513
Pedestrian -1 -1 -5.9845 1028.7267 144.0074 1092.3788 278.4687 1.7933 0.5433 0.6249 6.2091 1.4083 10.0369 -5.4441 0.0508
Car -1 -1 -7.3262 208.0713 192.6256 363.2476 274.9751 1.4525 1.5388 3.2566 -6.7451 1.9169 15.2532 -7.7367 0.9781
Car -1 -1 -7.1667 93.8477 195.8017 294.1433 277.6099 1.4357 1.5895 4.0846 -9.0306 2.0133 16.0214 -7.6732 0.9334
Car -1 -1 -6.9978 0.0000 206.0488 32.9654 289.4204 1.5788 1.5616 3.7236 -16.1480 2.4560 17.1398 -7.7457 0.4984
Car -1 -1 -4.7399 285.4496 185.7062 348.9068 246.1204 1.5576 1.6134 3.7090 -8.8096 1.9760 21.4850 -5.1251 0.0730
Car -1 -1 -7.2280 1223.4348 128.1780 1241.0000 372.1937 1.5453 1.6262 4.2871 7.3799 1.2621 5.4603 -6.3197 0.0680
Car -1 -1 -7.4507 1241.0000 130.5420 1241.0000 374.0000 1.4921 1.5796 3.9887 5.5539 1.3643 3.2902 -6.4534 0.0622
Car -1 -1 -6.6056 817.5413 174.8312 1032.7904 244.3620 1.4306 1.5241 4.0424 6.7152 1.4761 15.8032 -6.2111 0.0585
Car -1 -1 -5.5004 0.0000 205.2650 110.2166 258.4742 1.4803 1.5313 3.7171 -17.7607 2.5223 22.2310 -6.1688 0.0582
