Cyclist -1 -1 -4.5418 380.1837 176.5551 397.0513 212.9262 1.5386 0.4498 1.5290 -9.6892 1.7037 31.4695 -4.8385 0.2425
Pedestrian -1 -1 -3.5305 613.1500 169.7784 628.9224 197.0129 1.7702 0.5377 0.8969 0.6894 1.5699 47.3120 -3.5164 0.2366
Pedestrian -1 -1 -6.7134 662.4856 169.0426 673.7197 191.1845 1.7632 0.6060 0.7094 4.6313 1.4593 57.8622 -6.6343 0.2316
Pedestrian -1 -1 -4.6341 565.2966 165.3682 585.9025 214.1825 1.8644 0.7302 0.9444 -1.3753 1.5782 28.0409 -4.6833 0.2293
Pedestrian -1 -1 -3.5583 555.1708 167.3243 568.1400 194.2093 1.8302 0.5114 0.7446 -3.3502 1.4535 49.5181 -3.6259 0.1853
Pedestrian -1 -1 -2.9157 534.6531 161.3859 578.5766 241.4188 1.8630 0.5688 0.9385 -1.3140 1.5958 17.1474 -2.9919 0.1332
Pedestrian -1 -1 -5.4608 1126.4812 160.7649 1183.1152 252.5759 1.8902 0.5791 0.7788 11.4663 1.6410 15.2745 -4.8267 0.1317
Pedestrian -1 -1 -6.8738 435.8608 171.1822 449.1031 198.2031 1.7930 0.6178 0.6259 -11.2506 1.6818 48.3190 -7.1017 0.1302
Car -1 -1 -4.6406 1155.7003 174.8795 1187.9562 197.4779 1.5669 1.5794 3.9913 40.7963 1.7194 52.4045 -3.9822 0.1302
Pedestrian -1 -1 -6.9314 873.0631 167.1393 884.8864 191.1055 1.7699 0.7215 0.4866 19.9873 1.3476 53.7018 -6.5771 0.1243
Car -1 -1 -4.5839 240.1583 176.2547 269.3294 198.6839 1.7497 1.6556 3.8577 -29.0404 2.0374 59.0149 -5.0396 0.1183
Car -1 -1 -5.0806 640.6672 171.1968 670.3033 186.9301 1.4696 1.5710 3.8214 4.3261 1.3145 69.4543 -5.0190 0.1091
Car -1 -1 -4.2416 198.8945 175.4745 323.6771 234.7495 1.5790 1.6481 4.0771 -10.2488 1.6641 21.4648 -4.6826 0.0953
Car -1 -1 -8.2855 920.5120 173.0689 972.8766 202.8282 1.5853 1.5467 2.8874 18.5297 1.5974 39.9026 -7.8540 0.0870
Pedestrian -1 -1 -2.3541 315.3627 169.9276 327.6523 197.4026 1.8897 0.5493 0.5691 -20.0189 1.6881 49.9923 -2.7334 0.0867
Cyclist -1 -1 -2.3502 0.0000 170.3545 13.7439 235.0772 1.8105 0.6246 1.6448 -18.0870 1.7403 20.5576 -3.0655 0.0835
Pedestrian -1 -1 -3.0870 0.0000 172.6921 8.8821 205.6286 1.7902 0.5486 0.4313 -33.3006 1.7811 39.5672 -3.7835 0.0796
Pedestrian -1 -1 -3.4242 749.2474 168.0063 761.3055 191.6709 1.8507 0.5051 0.8201 11.3897 1.4713 56.7143 -3.2273 0.0782
Car -1 -1 -6.0212 634.9893 173.4133 688.9920 192.2012 1.5015 1.6301 4.1389 4.2431 1.5483 59.1988 -5.9503 0.0765
Car -1 -1 -7.6803 655.8207 171.7281 682.7692 193.9287 1.9118 1.6689 4.4033 5.3116 1.8145 64.4762 -7.5989 0.0723
Cyclist -1 -1 -4.9090 344.2929 173.7840 367.6099 219.4411 1.6798 0.5348 1.5943 -9.7022 1.7158 27.4015 -5.2466 0.0656
Pedestrian -1 -1 -2.7086 623.0750 167.4362 640.1668 202.4402 1.8383 0.6262 0.7111 1.1113 1.5535 38.3314 -2.6804 0.0638
Pedestrian -1 -1 -5.4076 668.2272 170.5392 699.5245 225.3729 1.7319 0.6384 0.8027 2.3345 1.6585 23.3011 -5.3098 0.0623
Car -1 -1 -4.7289 1186.9406 173.1230 1219.7896 197.2179 1.6029 1.6768 4.2833 41.2410 1.6221 50.2487 -4.0448 0.0596
Car -1 -1 -4.2790 310.1002 177.7681 346.7451 194.7973 1.5791 1.5694 4.5519 -27.5007 2.0752 70.5660 -4.6496 0.0593
Car -1 -1 -5.2072 492.0327 173.1707 541.4498 195.4777 1.4958 1.6142 4.2414 -6.6188 1.5187 50.6369 -5.3368 0.0556
Pedestrian -1 -1 -3.7565 638.0457 170.0524 662.0204 212.1895 1.8046 0.6820 0.7933 1.6980 1.6844 31.4018 -3.7036 0.0510
Cyclist -1 -1 -8.1997 705.0142 173.1627 717.5959 197.7664 1.5945 0.3412 1.4645 6.6343 1.6148 47.5303 -8.0623 0.1450
Cyclist -1 -1 -7.8319 711.3505 171.9774 718.2467 197.6065 1.6635 0.4217 1.4463 6.8807 1.6063 47.5793 -7.6895 0.0848
Pedestrian -1 -1 -1.9188 94.8849 182.6937 121.7505 229.8742 1.5465 0.6057 0.5036 -16.8771 1.8817 24.2077 -2.5227 0.0828
Cyclist -1 -1 -2.2472 0.0000 176.0171 14.8365 238.2447 1.7336 0.5621 1.6005 -17.9591 1.8253 20.5657 -2.9587 0.0658
Cyclist -1 -1 -3.5257 701.1166 170.9385 727.2014 197.3241 1.7141 0.6154 1.5791 6.8020 1.5894 47.3632 -3.3843 0.0658
Pedestrian -1 -1 -7.7508 369.2665 177.3316 382.5587 204.5426 1.5190 0.6547 0.6128 -13.2595 1.7739 40.7660 -8.0637 0.0635
Cyclist -1 -1 -7.3944 367.7196 175.4051 392.7433 204.4158 1.6045 0.7057 1.6213 -13.0520 1.7519 40.9110 -7.7016 0.0615
Cyclist -1 -1 -2.8253 308.5399 175.1098 340.8864 205.6571 1.6605 0.5637 1.5528 -15.6871 1.7851 39.5976 -3.2005 0.0505
Car -1 -1 -3.7452 22.1150 180.2637 163.3361 226.3965 1.4862 1.5956 3.9254 -18.5630 1.7751 26.0425 -4.3598 0.9200
Car -1 -1 -3.4178 777.1127 171.9740 844.1776 196.6139 1.5140 1.5607 3.7556 12.4797 1.4596 45.1302 -3.1501 0.8572
Car -1 -1 -3.7505 0.0000 183.4939 91.4854 221.3859 1.4364 1.5983 3.6967 -24.3475 1.9150 30.4761 -4.4204 0.3897
Car -1 -1 -8.0199 361.2095 177.1703 397.8452 202.8269 1.4181 1.5076 3.3965 -13.5965 1.6823 42.3600 -8.3289 0.3243
Car -1 -1 -8.1547 1039.2297 167.5285 1077.4194 186.2870 1.4507 1.5639 3.6834 35.8206 1.0385 57.7775 -7.6022 0.2743
Car -1 -1 -4.8695 1143.0002 174.5025 1194.1968 203.8240 1.5559 1.6622 3.9427 31.3614 1.6533 40.6552 -4.2163 0.2650
Car -1 -1 -8.2410 832.8830 168.8552 871.3989 189.1248 1.5968 1.6186 3.8884 19.6681 1.2815 58.8356 -7.9202 0.2580
Car -1 -1 -4.2758 301.2190 176.2906 361.8268 204.6247 1.5188 1.6583 4.0811 -15.8858 1.7251 41.2797 -4.6412 0.2242
Car -1 -1 -4.9618 694.2499 170.7198 732.2451 196.2694 1.6590 1.6349 3.8519 6.9106 1.5201 48.8558 -4.8225 0.1709
Car -1 -1 -4.6491 783.9224 169.7234 805.2162 186.7384 1.4747 1.5978 4.1868 16.5724 1.2031 64.7743 -4.4000 0.1278
Car -1 -1 -2.4393 0.0000 182.6847 16.4407 239.8954 1.4888 1.5737 3.8408 -19.0853 1.7728 19.9716 -3.1954 0.1188
Car -1 -1 -5.4066 1076.7301 162.4046 1131.3206 186.6927 1.8763 1.6698 3.6038 39.3570 1.0688 57.6160 -4.8098 0.1066
Car -1 -1 -4.9050 1084.0542 173.6855 1134.9493 202.2782 1.5433 1.6451 3.9356 28.4107 1.5929 41.2018 -4.3050 0.1044
Car -1 -1 -5.0729 1239.2465 169.7280 1241.0000 202.1026 1.5490 1.6197 4.1239 33.9173 1.3991 36.7373 -4.3316 0.0694
Car -1 -1 -4.9068 1018.0685 166.4213 1053.6013 188.0959 1.6307 1.6404 3.9798 33.2245 1.1464 56.4325 -4.3772 0.0584
