Pedestrian -1 -1 -3.4061 564.1088 144.5033 685.9215 329.7027 1.8503 0.6530 1.1619 0.1428 1.4911 7.5215 -3.3860 0.6367
Pedestrian -1 -1 -7.6202 17.9767 168.2894 69.4219 257.9841 1.7555 0.6375 0.8243 -11.4160 1.5169 14.3455 -8.2798 0.1044
Cyclist -1 -1 -4.8391 670.9847 166.6688 689.2100 208.7153 1.6517 0.5369 1.5544 2.9956 1.1086 28.5572 -4.7340 0.0872
Pedestrian -1 -1 -7.7460 64.1729 167.1741 107.5642 264.7175 1.7170 0.5572 0.7161 -9.5019 1.4828 12.8948 -8.3675 0.0674
Cyclist -1 -1 -7.0574 1162.8583 150.9306 1223.0000 219.8040 1.7517 0.6440 1.7044 15.5298 1.0000 18.3718 -6.3625 0.0657
Pedestrian -1 -1 -4.0195 793.4831 158.2386 804.3718 185.7000 1.7621 0.5452 0.4057 12.5306 0.3337 45.7083 -3.7519 0.0588
Pedestrian -1 -1 -8.2127 776.1888 165.7513 808.1492 233.5040 1.6631 0.5792 0.6513 4.6397 1.3014 17.7097 -7.9592 0.0576
Car -1 -1 -7.8820 580.8208 164.9925 605.0701 189.5401 1.7477 1.6840 4.0559 -0.9242 0.6436 52.4027 -7.8978 0.0570
Car -1 -1 -7.9619 733.8057 152.9665 759.6948 177.5572 2.0322 1.7433 4.2610 12.2359 -0.2638 61.1602 -7.7635 0.0564
Pedestrian -1 -1 -4.8627 846.9017 207.4482 874.4598 276.0015 1.0574 0.3490 0.4411 4.0497 1.4999 11.3506 -4.5271 0.0501
Pedestrian -1 -1 -5.5279 901.4313 146.1116 1032.2095 369.0000 1.7305 0.5673 0.7235 2.7752 1.4811 5.5776 -5.0865 0.6412
Pedestrian -1 -1 -3.7405 1063.7363 132.1181 1223.0000 369.0000 1.8306 0.6612 0.8273 4.3340 1.4572 5.8012 -3.1229 0.3426
Pedestrian -1 -1 -6.1435 1000.5084 159.5687 1122.9268 369.0000 1.6187 0.6027 0.6126 2.9259 1.4952 4.6147 -5.6068 0.3404
Cyclist -1 -1 -7.8903 492.8214 167.1399 536.0064 265.7507 1.6807 0.7189 1.8522 -1.7424 1.4534 13.0233 -8.0183 0.2339
Pedestrian -1 -1 -5.0506 1118.2703 147.4283 1184.3129 265.6802 1.8564 0.6137 0.8054 8.8719 1.3376 11.5757 -4.4082 0.2202
Cyclist -1 -1 -7.8618 965.0638 164.2668 1006.2820 274.5622 1.6662 0.5533 1.8459 6.1837 1.4213 11.6289 -7.3826 0.1871
Pedestrian -1 -1 -5.0773 928.0632 150.3853 1053.9554 369.0000 1.6781 0.5834 0.7106 2.7567 1.4726 5.2178 -4.6139 0.1558
Pedestrian -1 -1 -5.0287 1039.3613 158.0100 1095.8749 268.7581 1.7549 0.5890 0.6711 7.5252 1.3989 11.6014 -4.4640 0.1537
Cyclist -1 -1 -5.9930 664.1932 164.9875 753.5973 251.6489 1.7013 0.5054 1.7383 2.0724 1.3971 14.4733 -5.8521 0.1449
Pedestrian -1 -1 -7.6519 584.9904 165.6440 615.9082 236.5761 1.7265 0.6334 0.7565 -0.1486 1.3652 17.6418 -7.6585 0.1428
Pedestrian -1 -1 -4.5210 1178.2567 170.3997 1223.0000 266.8914 1.5781 0.5602 0.6707 10.1133 1.4133 11.9929 -3.8319 0.1350
Pedestrian -1 -1 -4.0659 852.0388 160.0118 907.7009 266.3522 1.7339 0.5853 0.6844 4.5974 1.4002 11.9589 -3.7060 0.1317
Pedestrian -1 -1 -8.1296 837.8438 168.7632 870.0461 233.4555 1.5978 0.6141 0.6241 6.2151 1.3082 17.7916 -7.7974 0.1286
Pedestrian -1 -1 -7.9017 262.1583 162.3196 300.8967 256.9785 1.7624 0.6473 0.8728 -6.3211 1.4243 13.6995 -8.3234 0.1285
Cyclist -1 -1 -2.8941 648.9272 141.6228 680.8898 173.7288 1.7727 0.6853 1.6800 3.3682 -0.3876 39.8908 -2.8084 0.1283
Pedestrian -1 -1 -7.9956 623.1248 161.7549 650.2778 235.4113 1.7995 0.5729 0.7741 0.7444 1.3419 17.6875 -7.9525 0.1274
Pedestrian -1 -1 -4.5949 846.3185 163.9342 885.1227 262.3991 1.6910 0.5799 0.6588 4.5901 1.4069 12.5669 -4.2511 0.1268
Cyclist -1 -1 -7.5516 505.3457 159.5334 570.8811 265.2451 1.7942 0.7172 1.6907 -1.2337 1.4387 12.9022 -7.6428 0.1125
Cyclist -1 -1 -3.6100 1000.1457 158.5888 1147.9637 268.4564 1.7386 0.6431 1.9456 7.6064 1.3922 11.6065 -3.0408 0.1010
Pedestrian -1 -1 -8.3736 956.3261 165.8111 1011.5334 269.9439 1.6684 0.5791 0.5930 6.1757 1.4335 11.6366 -7.8953 0.0991
Pedestrian -1 -1 -2.5676 566.6246 160.5412 618.1760 249.3464 1.7886 0.4988 0.9537 -0.3091 1.3870 14.7036 -2.5864 0.0982
Cyclist -1 -1 -8.5040 931.6703 167.6256 1005.1127 253.5952 1.6261 0.4576 1.5402 7.2009 1.3830 14.1730 -8.0413 0.0941
Pedestrian -1 -1 -3.5228 546.2728 170.1605 588.5015 251.0304 1.6422 0.5014 0.7460 -0.8319 1.4326 14.7425 -3.5762 0.0899
Pedestrian -1 -1 -2.8300 817.0368 175.4523 860.8436 253.0910 1.4998 0.4867 0.7144 4.6066 1.4026 14.0642 -2.5184 0.0879
Cyclist -1 -1 -8.1581 948.5222 131.2412 1156.7156 369.0000 1.7149 0.5996 1.7080 2.7755 1.4514 4.6854 -7.6502 0.0855
Pedestrian -1 -1 -3.5982 981.6078 157.2247 1035.0261 264.0140 1.8014 0.5252 0.6310 6.9027 1.4092 12.2050 -3.0929 0.0848
Pedestrian -1 -1 -7.9194 898.3352 157.7414 940.8184 266.0579 1.7612 0.6055 0.6185 5.2286 1.3915 11.8891 -7.5132 0.0827
Pedestrian -1 -1 -4.3443 854.6349 172.6448 895.4632 263.6343 1.5340 0.5115 0.5245 4.6446 1.4020 12.2861 -3.9897 0.0813
Pedestrian -1 -1 -4.0028 748.0568 172.5915 794.6215 255.8219 1.6189 0.5072 0.8093 3.2949 1.4654 14.1971 -3.7780 0.0794
Cyclist -1 -1 -2.9645 535.6465 163.2577 613.1332 234.6064 1.7564 0.8048 1.8504 -0.8026 1.3323 17.9289 -3.0067 0.0764
Pedestrian -1 -1 -8.7137 642.9601 168.3201 698.0195 260.1031 1.6367 0.6025 0.8223 1.1636 1.4199 13.1129 -8.6255 0.0737
Cyclist -1 -1 -8.0268 842.7513 167.3631 875.7511 234.3035 1.6365 0.5414 1.4436 6.4289 1.3157 18.0422 -7.6884 0.0728
Pedestrian -1 -1 -4.7271 402.9262 164.7148 432.0449 248.4364 1.7379 0.5876 0.8521 -4.0707 1.4105 15.1656 -4.9823 0.0706
Cyclist -1 -1 -3.1773 656.8480 142.9605 687.7520 174.6909 1.7795 0.6503 1.7251 3.8024 -0.3330 40.1661 -3.0816 0.0705
Pedestrian -1 -1 -6.5164 967.7514 159.9691 1023.1945 269.8975 1.7754 0.5741 0.6886 6.4445 1.4442 11.7848 -6.0256 0.0651
Cyclist -1 -1 -6.6550 815.8907 166.2622 886.0528 233.8309 1.6876 0.6229 1.5675 6.2083 1.3323 18.0041 -6.3267 0.0651
Pedestrian -1 -1 -4.9519 635.8431 170.2307 676.7790 262.7073 1.6295 0.5619 0.8261 0.8788 1.4489 12.9138 -4.8838 0.0639
Cyclist -1 -1 -4.4302 1140.2308 179.9461 1223.0000 369.0000 1.5609 0.5162 1.7553 5.4975 1.5569 6.4794 -3.7489 0.0632
Cyclist -1 -1 -8.4188 917.2689 162.8604 990.7688 250.1590 1.6507 0.5295 1.6100 6.9231 1.3175 14.1996 -7.9722 0.0625
Pedestrian -1 -1 -4.4500 558.1423 163.1371 588.8311 235.1060 1.7720 0.5756 0.8482 -0.8310 1.3448 17.8850 -4.4938 0.0617
Pedestrian -1 -1 -6.3808 1147.9279 147.0945 1215.7224 265.8723 1.8675 0.5796 0.7988 9.3726 1.3427 11.5764 -5.7120 0.0601
Pedestrian -1 -1 -4.9122 844.7177 200.7212 874.5801 272.3912 1.1208 0.3603 0.4918 4.0778 1.4571 11.4762 -4.5778 0.0600
Pedestrian -1 -1 -4.3618 672.7167 172.8670 710.5878 252.8028 1.6054 0.5594 0.7463 1.7564 1.4524 14.6592 -4.2434 0.0598
Pedestrian -1 -1 -7.3896 211.3572 165.5305 257.8487 253.9321 1.6912 0.5524 0.6959 -7.3047 1.4052 13.8767 -7.8629 0.0594
Pedestrian -1 -1 -4.8631 458.3009 168.3441 493.4905 250.5134 1.6939 0.6281 0.7754 -2.7988 1.4437 15.0443 -5.0415 0.0592
Pedestrian -1 -1 -4.8543 780.9098 161.0761 824.3241 265.3398 1.7413 0.6046 0.8363 3.3639 1.4173 12.2599 -4.5913 0.0578
Pedestrian -1 -1 -3.6002 1120.5374 196.5109 1223.0000 352.0179 1.3351 0.4341 0.5879 5.0494 1.4863 6.3935 -2.9539 0.0559
Cyclist -1 -1 -7.9144 986.5571 162.8078 1030.1476 270.4133 1.7066 0.5094 1.9033 6.8712 1.4264 12.1828 -7.4103 0.0550
Pedestrian -1 -1 -4.5289 865.4599 162.6456 908.9739 268.1962 1.6732 0.5570 0.6826 4.6030 1.3906 11.6451 -4.1600 0.0546
Pedestrian -1 -1 -7.2862 410.1516 165.6439 453.9907 249.1327 1.7342 0.5902 0.7696 -3.7412 1.4259 15.1463 -7.5217 0.0543
Cyclist -1 -1 -8.5125 1035.6482 124.8530 1223.0000 369.0000 1.8725 0.3537 1.6578 4.3417 1.4640 6.0344 -7.9116 0.0541
Pedestrian -1 -1 -4.0072 349.6692 162.4229 397.9630 247.2777 1.7655 0.6182 0.7949 -5.0055 1.3898 15.1971 -4.3173 0.0532
Pedestrian -1 -1 -8.1515 571.4025 161.5939 603.2136 235.5015 1.8009 0.5825 0.8134 -0.4914 1.3405 17.7068 -8.1770 0.0521
Cyclist -1 -1 -4.9973 659.9265 140.9153 678.4376 171.9094 1.6913 0.5810 1.7231 3.6064 -0.4966 39.9840 -4.9059 0.0517
Pedestrian -1 -1 -4.2910 1122.4243 155.6546 1223.0000 369.0000 1.6683 0.5874 0.7270 4.4847 1.4909 5.4917 -3.6323 0.0514
Pedestrian -1 -1 -3.4056 609.0079 160.1390 646.6869 233.8104 1.8345 0.5697 0.8371 0.5348 1.3278 17.9800 -3.3746 0.0513
Cyclist -1 -1 -4.9574 847.0842 172.2277 909.7603 277.7018 1.5576 0.5087 1.7258 4.2910 1.4358 11.3269 -4.6028 0.0504
Pedestrian -1 -1 -6.6373 1068.8326 143.7433 1223.0000 364.5235 1.7747 0.5319 0.9800 4.5812 1.4797 6.0704 -6.0139 0.0501
Car -1 -1 -6.2488 654.0745 144.2229 720.1580 172.0251 1.5150 1.6022 3.6648 4.6769 -0.4951 40.2488 -6.1319 0.1647
Car -1 -1 -7.6114 786.9538 153.0184 826.8409 178.7120 1.6270 1.6954 3.7938 13.4882 -0.1244 47.1276 -7.3325 0.0938
