Cyclist -1 -1 -6.7160 794.2181 176.4239 841.8358 223.2614 1.9844 0.8011 1.8084 8.9406 2.1411 31.1891 -6.4400 0.2904
Pedestrian -1 -1 -4.9488 445.3478 174.6975 485.0316 260.1959 1.8272 0.7219 0.6590 -3.2456 1.8686 15.8903 -5.1480 0.1731
Pedestrian -1 -1 -7.2353 758.2304 186.9858 770.2076 219.4549 1.6381 0.4700 0.3746 7.8605 2.3676 36.9634 -7.0281 0.1475
Cyclist -1 -1 -8.3521 939.4430 184.9856 988.3154 249.8536 1.7085 0.4691 1.6779 9.8157 2.0617 20.1723 -7.9058 0.1455
Pedestrian -1 -1 -5.5059 908.1305 180.7802 941.6661 242.6167 1.8839 0.6584 0.6990 9.7863 2.1362 22.5451 -5.1020 0.1168
Cyclist -1 -1 -6.4394 761.2088 179.4878 795.3410 213.2889 1.8117 0.6755 1.7211 9.1006 2.1757 39.2260 -6.2138 0.1155
Cyclist -1 -1 -8.3224 751.2009 184.4952 773.0307 218.8763 1.6565 0.3984 1.5691 7.5643 2.2520 36.1209 -8.1183 0.0838
Pedestrian -1 -1 -7.9073 69.7569 151.8009 123.8183 286.1578 1.8946 0.6197 0.6476 -7.6123 1.5975 10.6207 -8.5176 0.0796
Pedestrian -1 -1 -7.6239 507.3786 185.1592 534.9978 251.5781 1.7067 0.5753 0.7275 -2.3924 2.0384 19.0780 -7.7479 0.0730
Car -1 -1 -8.1948 892.6832 192.5955 1071.9054 285.8501 1.4709 1.7359 4.5100 7.2440 1.9368 14.7048 -7.7460 0.0672
Car -1 -1 -6.1651 469.2970 178.4238 540.6622 209.5148 1.6379 1.7183 3.6642 -5.7051 1.9475 39.2422 -6.3090 0.0617
Pedestrian -1 -1 -6.5395 1057.5593 168.9299 1100.0619 253.1644 2.0113 0.6393 0.7281 11.4000 1.9173 17.6435 -5.9742 0.0591
Pedestrian -1 -1 -8.7200 1004.0668 210.4384 1043.0099 291.4484 1.3188 0.4022 0.4119 6.9657 1.9706 12.2548 -8.2145 0.0584
Pedestrian -1 -1 -4.1602 808.1899 175.0850 830.6220 217.3485 2.0407 0.7277 0.8391 10.2477 2.1517 35.4487 -3.8816 0.0565
Pedestrian -1 -1 -4.5724 413.8970 169.7971 438.4295 233.3795 1.9900 0.6807 0.5797 -5.8792 1.8940 22.9079 -4.8215 0.0543
Pedestrian -1 -1 -3.0687 1047.6433 188.0949 1076.3925 271.9218 1.7054 0.5750 0.4788 9.4638 2.0338 15.1881 -2.5211 0.0539
Pedestrian -1 -1 -8.1645 498.8463 178.2964 530.1431 246.3760 1.8333 0.6754 0.7016 -2.6965 1.9871 19.9661 -8.2979 0.0508
Pedestrian -1 -1 -3.8034 820.8506 177.6302 842.7902 218.2233 1.9046 0.6184 0.7849 10.5276 2.1348 34.3855 -3.5094 0.0501
Pedestrian -1 -1 -8.1147 214.8603 177.2348 270.9213 296.7943 1.6857 0.5632 0.7704 -5.4949 1.7531 10.6830 -8.5803 0.1508
Pedestrian -1 -1 -7.8355 808.7983 182.6828 826.7566 230.3429 1.7893 0.6529 0.5566 7.9042 2.1699 27.5985 -7.5602 0.1116
Pedestrian -1 -1 -6.4108 598.8290 178.9615 607.8818 205.9669 1.7469 0.7360 0.5020 -0.4705 2.1500 47.2537 -6.4212 0.1058
Cyclist -1 -1 -7.8224 594.4048 180.3445 602.1174 208.8386 1.6695 0.4175 1.5988 -0.7391 2.1292 43.5009 -7.8398 0.0960
Cyclist -1 -1 -7.7756 756.7553 181.8610 764.3519 207.2479 1.6139 0.3727 1.5243 9.8208 2.2127 47.2094 -7.5723 0.0793
Pedestrian -1 -1 -7.4718 112.9182 171.8971 228.6686 374.0000 1.7402 0.6486 0.6396 -3.7829 1.7322 6.1668 -8.0037 0.0579
Pedestrian -1 -1 -6.9486 178.8812 163.7563 237.1382 284.0793 1.8687 0.6224 0.5513 -6.5024 1.7271 11.5818 -7.4508 0.0509
Car -1 -1 -8.0867 766.6714 190.5960 894.3921 276.1559 1.4740 1.5987 4.2885 4.4951 1.9086 15.5098 -7.8108 0.9694
Car -1 -1 -7.9668 709.9593 176.8073 763.0321 225.4778 1.9959 1.8076 4.5695 5.5343 2.1854 32.2988 -7.7994 0.7449
Car -1 -1 -3.0170 478.4633 181.5355 572.3760 221.7532 1.7197 1.7189 3.9680 -3.7516 2.1163 32.1085 -3.1330 0.6172
Car -1 -1 -2.2374 0.0000 160.8508 251.4219 374.0000 1.7132 1.7207 3.8582 -5.5312 1.6269 6.4206 -2.9282 0.6124
Car -1 -1 -5.9202 517.8931 177.3463 579.3363 201.7462 1.6654 1.6034 4.0255 -4.3654 1.9912 51.0580 -6.0055 0.2577
Car -1 -1 -3.6583 0.0000 193.3219 204.1788 374.0000 1.4617 1.6046 4.0622 -4.0452 1.6120 3.1651 -4.5242 0.2476
Car -1 -1 -4.5014 529.0366 183.6815 567.8093 209.8360 1.5274 1.6500 4.0651 -3.9095 2.2494 46.0136 -4.5862 0.1668
Car -1 -1 -4.6826 594.7934 181.3503 623.5681 209.2366 1.5618 1.6276 4.1047 -0.0447 2.1011 43.7498 -4.6842 0.1503
Car -1 -1 -5.3728 1064.9463 202.5719 1241.0000 374.0000 1.4685 1.7456 4.4438 6.8583 1.8714 7.5212 -4.6539 0.1380
Car -1 -1 -4.6809 693.7128 189.7864 714.1178 209.3848 1.5709 1.6631 3.7508 8.2328 3.1013 63.2456 -4.5527 0.1353
Car -1 -1 -7.7336 542.3384 169.8979 568.7195 198.2714 2.4596 1.8068 4.8085 -4.8856 2.2030 64.9901 -7.8087 0.0977
Car -1 -1 -4.6039 744.7292 180.4676 775.8994 206.0808 1.6020 1.6435 3.9396 10.1107 2.1362 48.5213 -4.4002 0.0749
Car -1 -1 -7.8453 562.5591 181.0448 592.4083 209.3157 1.5696 1.7093 4.3122 -1.9800 2.0880 43.5119 -7.8911 0.0551
