Pedestrian -1 -1 -4.1176 1059.4773 149.6826 1139.7959 303.2790 1.8528 0.5556 0.6780 6.1352 1.4243 9.0584 -3.5368 0.0842
Pedestrian -1 -1 -5.1475 809.6707 172.2098 847.4488 252.2560 1.7821 0.5943 0.6652 4.9723 1.4927 16.3763 -4.8580 0.0808
Car -1 -1 -4.3876 269.9828 183.2919 323.6244 212.6511 1.5185 1.6032 3.5986 -16.8497 1.4191 39.0380 -4.7929 0.0672
Pedestrian -1 -1 -6.2889 610.7653 178.1395 616.8269 197.4109 1.7170 0.5783 0.5384 0.5266 1.0867 64.3359 -6.2812 0.0610
Pedestrian -1 -1 -3.3656 894.5798 169.0486 938.0190 263.7697 1.7072 0.5367 0.6285 5.6349 1.4159 13.2735 -2.9721 0.0606
Cyclist -1 -1 -7.4529 695.6229 176.7850 716.3695 208.3227 1.6569 0.5061 1.6432 5.2510 1.2142 38.6033 -7.3191 0.0579
Car -1 -1 -4.6599 120.8266 171.4789 146.8684 191.5019 1.6783 1.6697 4.1227 -41.1484 0.5271 62.4556 -5.2407 0.0574
Pedestrian -1 -1 -5.2661 789.9597 169.3312 828.5927 238.3104 1.8098 0.6286 0.8833 5.3741 1.3932 19.3734 -4.9996 0.0570
Cyclist -1 -1 -4.4261 241.8135 179.4512 263.5599 214.0963 1.5752 0.5045 1.4938 -16.5538 1.3133 33.4632 -4.8826 0.0554
Car -1 -1 -4.6804 96.7561 168.9194 122.7635 190.2128 1.6869 1.6211 4.1229 -40.9339 0.3960 59.1205 -5.2841 0.0525
Car -1 -1 -4.4806 416.5097 181.8188 451.7549 203.2864 1.5185 1.6563 3.9362 -12.7308 1.2784 52.8196 -4.7164 0.0510
Car -1 -1 -4.7463 261.6038 180.0941 291.3966 206.2061 1.7473 1.7555 4.2171 -23.2704 1.4047 50.3805 -5.1773 0.0509
Cyclist -1 -1 -8.2222 627.0148 178.2573 643.2050 208.3892 1.6497 0.3770 1.5237 1.4883 1.2689 40.1391 -8.1858 0.1705
Cyclist -1 -1 -8.0488 633.6205 180.0306 644.9691 209.0764 1.5919 0.3469 1.4962 1.7248 1.3079 40.1632 -8.0066 0.1658
Cyclist -1 -1 -4.3398 428.2663 178.8201 449.6621 214.9115 1.7732 0.5586 1.4431 -8.4948 1.4591 36.0722 -4.5699 0.1652
Pedestrian -1 -1 -7.2326 581.6619 174.4383 594.0378 200.2141 1.8544 0.6931 0.5738 -1.4660 1.0792 52.1500 -7.2610 0.0961
Cyclist -1 -1 -7.5691 510.7733 182.0865 527.2025 215.5512 1.5933 0.4100 1.4266 -4.3454 1.4444 34.9619 -7.6922 0.0934
Cyclist -1 -1 -7.8496 429.0783 180.8716 439.0736 214.9864 1.6808 0.4795 1.5983 -8.7894 1.4670 36.2507 -8.0862 0.0885
Cyclist -1 -1 -2.8604 421.7476 178.7729 452.4823 213.9250 1.7465 0.5648 1.3974 -8.5829 1.4266 36.0321 -3.0929 0.0855
Cyclist -1 -1 -5.7116 412.4371 180.3866 446.5901 215.6468 1.7271 0.6704 1.5306 -8.9039 1.4907 35.7746 -5.9542 0.0817
Pedestrian -1 -1 -6.3995 631.9952 179.1540 646.2174 208.9762 1.6310 0.6075 0.7167 1.6942 1.2997 39.6455 -6.3575 0.0788
Cyclist -1 -1 -3.0856 427.9610 180.0004 458.1999 214.7372 1.7094 0.5633 1.4379 -8.2216 1.4529 35.7729 -3.3103 0.0701
Cyclist -1 -1 -7.9608 538.4346 175.9546 544.7030 192.9839 1.5878 0.4214 1.5820 -6.2597 0.7245 67.8427 -8.0528 0.0672
Pedestrian -1 -1 -5.4148 398.2828 183.1261 409.2886 209.1470 1.8406 0.5703 0.4943 -14.5568 1.6930 51.2243 -5.6907 0.0663
Cyclist -1 -1 -4.2481 0.0000 182.5713 36.1051 247.1872 1.6068 0.4239 1.5393 -15.5675 1.5412 18.6735 -4.9362 0.0581
Cyclist -1 -1 -7.8542 695.5446 179.4487 703.8324 212.3963 1.5547 0.3881 1.5692 4.4016 1.2827 34.7223 -7.7296 0.0541
Cyclist -1 -1 -7.8094 425.0012 179.7010 436.2798 214.9876 1.7095 0.4731 1.5897 -8.8126 1.4425 35.6511 -8.0504 0.0539
Cyclist -1 -1 -7.4285 0.0000 197.2663 87.6581 335.9554 1.5356 0.4613 1.6575 -7.1962 1.7005 8.9683 -8.0904 0.0527
Cyclist -1 -1 -8.2480 533.1562 176.9599 543.9794 194.7694 1.6557 0.4344 1.5921 -6.5242 0.8883 67.6334 -8.3442 0.0516
Car -1 -1 -7.3610 90.2098 193.7297 263.8241 271.8658 1.3737 1.5629 3.4953 -8.7030 1.5701 14.7952 -7.8850 0.9420
Car -1 -1 -7.5286 253.5449 189.0946 428.0140 280.8238 1.4414 1.7153 4.4692 -4.8788 1.5277 13.7287 -7.8643 0.9415
Car -1 -1 -7.4400 207.8704 181.5708 308.4848 230.6177 1.4953 1.5720 3.8434 -11.5118 1.3843 23.8609 -7.8854 0.9283
Car -1 -1 -7.7974 570.9432 178.7959 602.5579 206.5941 1.5111 1.5996 3.6030 -1.1871 1.1623 40.8989 -7.8266 0.8201
Car -1 -1 -7.6142 374.8109 182.4089 439.2800 219.0935 1.4596 1.6521 4.4101 -8.5470 1.3481 30.8298 -7.8828 0.7402
Car -1 -1 -7.5177 320.2219 182.8840 404.8221 230.1580 1.4923 1.5697 3.7675 -8.3211 1.4189 24.5862 -7.8411 0.6195
Car -1 -1 -7.1277 0.0000 202.3019 80.3189 375.0000 1.4192 1.5263 3.7760 -7.8270 1.6492 7.7516 -7.9008 0.5829
Car -1 -1 -7.7726 497.3109 183.2606 531.7879 210.7281 1.3950 1.5246 3.8008 -4.9712 1.2959 38.4437 -7.9007 0.5790
Car -1 -1 -7.8180 576.2497 176.3935 600.0609 199.3768 1.6609 1.6459 4.0631 -1.4593 1.0235 53.9860 -7.8453 0.3598
Car -1 -1 -5.5978 440.0430 182.6718 525.8215 214.0082 1.4697 1.5743 4.0876 -6.2019 1.3506 35.4038 -5.7703 0.2937
Car -1 -1 -4.5769 375.9662 186.4562 408.4987 209.4200 1.6145 1.7228 4.3790 -15.8853 1.7103 53.0851 -4.8667 0.2482
Car -1 -1 -7.1829 0.0000 186.1381 32.6260 255.0183 1.5000 1.5364 3.5554 -16.1796 1.5250 17.5283 -7.9208 0.2289
Car -1 -1 -4.7144 515.4345 179.5449 538.1244 202.1379 1.5121 1.5119 3.4768 -5.6519 1.1327 49.9238 -4.8270 0.1411
Car -1 -1 -7.9524 628.8720 176.0932 664.5164 206.8354 1.6812 1.6481 4.0091 2.1606 1.1825 41.3539 -7.9010 0.1154
Car -1 -1 -6.4227 613.3327 178.9278 680.6804 203.6864 1.5915 1.7318 4.2175 2.5223 1.1875 47.2553 -6.3702 0.1054
Car -1 -1 -4.7978 530.4753 176.3152 550.3613 192.4279 1.5059 1.5697 3.9794 -6.5237 0.6742 69.2806 -4.8917 0.0960
Car -1 -1 -4.1354 97.2674 184.0152 224.1707 231.1248 1.4564 1.6525 4.1034 -14.9756 1.4194 24.2982 -4.6831 0.0948
Car -1 -1 -4.3334 267.1208 182.7752 332.4580 214.9072 1.4385 1.5293 3.8409 -14.5653 1.3294 34.1188 -4.7344 0.0943
Car -1 -1 -7.8496 650.7832 181.9563 689.8344 217.5152 1.4764 1.6190 3.9523 2.7370 1.3412 31.8862 -7.7652 0.0722
Car -1 -1 -2.7576 623.9980 178.4790 691.9651 204.6659 1.5738 1.6335 3.8961 3.0958 1.1691 44.7884 -2.6894 0.0702
Car -1 -1 -7.5350 402.0710 183.6279 440.9350 206.4880 1.6120 1.6452 3.7996 -13.6110 1.5002 52.6403 -7.7872 0.0668
