Pedestrian -1 -1 -4.8123 25.7991 169.7056 66.8489 257.8958 1.7330 0.5916 0.7252 -11.3949 1.5212 14.3606 -5.4706 0.0976
Pedestrian -1 -1 -4.8993 1002.2836 202.4463 1084.9702 369.0000 1.3110 0.4139 0.5166 3.1585 1.4829 5.2142 -4.3792 0.0892
Cyclist -1 -1 -4.7404 672.7054 166.7963 688.9023 210.3787 1.7068 0.6023 1.5607 3.0178 1.1704 28.4917 -4.6343 0.0813
Pedestrian -1 -1 -8.1070 547.2347 158.2848 578.8502 234.4164 1.8540 0.6367 0.6810 -1.0937 1.3133 17.6400 -8.1660 0.0806
Cyclist -1 -1 -4.3718 45.1649 162.0860 121.6781 267.0886 1.7810 0.5639 1.7187 -9.5128 1.4691 12.8967 -4.9937 0.0748
Car -1 -1 -4.7796 588.5745 174.2970 632.6015 215.0988 1.5705 1.5454 4.0258 0.1436 1.3320 29.2712 -4.7730 0.0691
Pedestrian -1 -1 -5.8673 117.1899 163.9101 168.6597 255.3052 1.7698 0.5600 0.6848 -9.1970 1.4489 14.0200 -6.4357 0.0651
Pedestrian -1 -1 -8.6351 593.8303 159.3717 633.2120 234.7615 1.8287 0.6073 0.7827 0.1689 1.3165 17.6429 -8.6239 0.0613
Car -1 -1 -8.6099 1171.5562 163.0622 1223.0000 232.0529 1.4745 1.6039 3.6547 15.8213 1.1021 16.9483 -7.8667 0.0568
Car -1 -1 -2.1725 0.0000 173.1357 0.0000 291.3775 1.5410 1.6120 4.2005 -11.5838 1.4454 10.3114 -2.9988 0.0547
Pedestrian -1 -1 -6.8637 830.2086 149.8783 839.8029 183.1257 1.8171 0.4835 0.2826 12.6430 0.1436 38.9128 -6.5500 0.0519
Pedestrian -1 -1 -5.1788 219.3139 163.9781 265.3422 252.6681 1.7180 0.5774 0.6800 -7.2934 1.3983 14.1304 -5.6443 0.0513
Pedestrian -1 -1 -3.1577 1120.2560 200.7877 1223.0000 369.0000 1.4371 0.5241 0.5460 3.3750 1.5700 4.2448 -2.5197 0.0506
Pedestrian -1 -1 -3.4011 799.6858 159.6933 882.9073 298.5057 1.7185 0.4909 0.9071 2.9458 1.4613 9.0199 -3.0939 0.8465
Pedestrian -1 -1 -4.0723 661.2123 140.1668 679.4991 172.5730 1.7896 0.6537 0.8397 3.6706 -0.4525 39.8375 -3.9789 0.2011
Pedestrian -1 -1 -8.1678 841.2861 170.7271 872.7388 234.4804 1.5758 0.5938 0.5726 6.2852 1.3345 17.7688 -7.8317 0.1652
Cyclist -1 -1 -5.0292 840.2399 165.9964 877.9776 235.4051 1.7054 0.4948 1.3728 6.4324 1.3494 18.0640 -4.6910 0.1650
Pedestrian -1 -1 -5.2408 1173.6233 173.9711 1223.0000 269.7254 1.5711 0.5299 0.7331 10.1342 1.4644 12.0053 -4.5512 0.1278
Pedestrian -1 -1 -4.3962 751.1681 170.4478 792.0506 255.0294 1.6400 0.5624 0.8702 3.3128 1.4454 14.2268 -4.1706 0.1190
Pedestrian -1 -1 -4.8935 777.2125 162.9796 821.4001 263.9933 1.7016 0.6024 0.7948 3.3267 1.4069 12.3301 -4.6346 0.1043
Pedestrian -1 -1 -4.2922 855.5366 166.0727 907.4948 268.2358 1.6633 0.6005 0.6727 4.6299 1.4288 11.9619 -3.9301 0.1010
Cyclist -1 -1 -6.4303 819.5866 166.5280 885.5906 235.1979 1.7085 0.5850 1.5145 6.2477 1.3612 18.0164 -6.1003 0.1001
Pedestrian -1 -1 -6.2725 1113.6035 153.4665 1173.9393 267.9485 1.8050 0.5923 0.7720 8.7906 1.3792 11.6168 -5.6362 0.0996
Pedestrian -1 -1 -5.4636 837.1372 155.2281 896.1983 262.9468 1.8384 0.6149 0.7786 4.5849 1.4075 12.5463 -5.1196 0.0920
Cyclist -1 -1 -8.1667 846.4199 178.0226 916.2181 279.6727 1.4927 0.5217 1.6671 4.2959 1.4567 11.2275 -7.8090 0.0840
Pedestrian -1 -1 -4.7142 1089.3394 155.0228 1132.5386 268.1467 1.7785 0.5600 0.7054 8.2134 1.3783 11.5650 -4.1079 0.0823
Pedestrian -1 -1 -4.7361 859.0354 195.4936 888.1469 273.5446 1.2024 0.4174 0.4848 4.2377 1.4488 11.3032 -4.3849 0.0811
Pedestrian -1 -1 -8.4161 774.2195 167.0605 808.7101 234.1375 1.6441 0.5978 0.6158 4.6252 1.3150 17.7149 -8.1634 0.0805
Pedestrian -1 -1 -5.5709 1010.9474 178.0552 1063.5214 268.5358 1.4788 0.4815 0.5816 7.2232 1.4393 11.9084 -5.0358 0.0804
Pedestrian -1 -1 -8.4252 943.9618 162.8532 997.5046 267.8045 1.6735 0.5525 0.5768 5.9362 1.3925 11.5909 -7.9613 0.0772
Cyclist -1 -1 -7.9474 958.4289 169.4814 1008.4645 278.8377 1.5970 0.5039 1.8385 5.9501 1.4365 11.2726 -7.4717 0.0753
Pedestrian -1 -1 -4.9193 688.1758 165.2114 724.7458 251.3714 1.7164 0.5868 0.7979 2.0256 1.4122 14.5037 -4.7818 0.0743
Cyclist -1 -1 -4.6657 669.2175 140.3921 679.2373 171.7921 1.7137 0.4878 1.6132 3.8976 -0.5014 39.8848 -4.5669 0.0743
Pedestrian -1 -1 -2.7984 391.6654 164.7616 442.2191 247.8730 1.7442 0.5787 0.9055 -4.0701 1.4143 15.1666 -3.0535 0.0742
Cyclist -1 -1 -6.3669 655.1346 138.4816 687.3901 171.2035 1.8085 0.6673 1.7493 3.6915 -0.5253 39.6153 -6.2725 0.0721
Pedestrian -1 -1 -6.2890 896.8150 159.8302 940.2216 265.2269 1.7163 0.5922 0.6531 5.2233 1.3801 11.9134 -5.8839 0.0694
Pedestrian -1 -1 -4.1014 348.3473 160.8766 396.1555 246.0724 1.7735 0.6157 0.8207 -5.0387 1.3653 15.2011 -4.4134 0.0687
Pedestrian -1 -1 -8.1316 458.0779 173.6452 495.6849 252.7331 1.6296 0.5899 0.8089 -2.7805 1.4887 15.0613 -8.3087 0.0683
Pedestrian -1 -1 -4.9240 636.3228 172.1025 673.7023 261.5061 1.5753 0.5089 0.8546 0.8556 1.4277 12.9180 -4.8577 0.0679
Cyclist -1 -1 -8.5164 813.6269 165.0671 870.7318 233.8162 1.6772 0.5505 1.5310 5.9926 1.3011 18.0629 -8.1996 0.0590
Pedestrian -1 -1 -6.7904 997.1190 174.1943 1046.0946 270.4457 1.5840 0.5070 0.5267 6.9492 1.4806 11.8926 -6.2716 0.0573
Pedestrian -1 -1 -4.4619 676.6221 158.2727 708.0005 233.0650 1.8211 0.5910 0.8479 2.1526 1.2802 17.7178 -4.3413 0.0566
Cyclist -1 -1 -3.1458 653.1653 140.9886 684.0820 172.3568 1.7536 0.6513 1.7335 3.5957 -0.4667 40.1330 -3.0549 0.0565
Pedestrian -1 -1 -5.2362 831.7756 169.8867 866.6141 232.7419 1.5847 0.5852 0.6782 6.2434 1.3174 18.2159 -4.9096 0.0562
Cyclist -1 -1 -4.9171 657.1686 139.4334 672.1508 171.0696 1.7242 0.5092 1.6921 3.3473 -0.5440 39.9243 -4.8319 0.0560
Pedestrian -1 -1 -5.1335 884.6943 165.3725 938.9070 267.6509 1.6360 0.5873 0.6810 4.9959 1.3944 11.6571 -4.7366 0.0555
Cyclist -1 -1 -3.4699 996.8481 155.7387 1145.9385 269.8500 1.7943 0.6194 1.9550 7.5785 1.4053 11.6490 -2.9039 0.0550
Cyclist -1 -1 -3.5453 855.0446 163.4495 984.6226 266.5739 1.6829 0.6969 1.8673 5.2123 1.4050 11.8882 -3.1402 0.0547
Pedestrian -1 -1 -4.6048 845.3374 196.9265 868.7040 258.1694 1.1669 0.3857 0.5144 4.9304 1.4988 13.9562 -4.2707 0.0539
Cyclist -1 -1 -4.7954 829.7813 150.8704 877.0621 265.1087 1.8851 0.6327 1.7036 4.3379 1.3965 12.5700 -4.4692 0.0519
Cyclist -1 -1 -7.9378 494.6100 165.2338 530.9426 264.3314 1.7096 0.5216 1.7382 -1.7771 1.4466 13.1022 -8.0677 0.0518
Pedestrian -1 -1 -2.8404 919.6205 184.1329 958.2347 272.7897 1.3634 0.4765 0.4368 5.2513 1.4232 11.2233 -2.4118 0.0513
Pedestrian -1 -1 -7.7340 1063.0261 155.2666 1109.4891 269.3442 1.7942 0.5550 0.7300 7.8344 1.3977 11.5783 -7.1502 0.0511
Car -1 -1 -7.8272 666.4727 140.1735 697.0363 169.2470 1.5500 1.6677 3.7529 4.4987 -0.6870 41.1968 -7.7171 0.1346
Car -1 -1 -4.9739 623.8777 141.2831 669.6751 170.3866 1.5275 1.6424 4.0355 2.3368 -0.6133 40.7413 -4.9148 0.0617
