Pedestrian -1 -1 -3.3872 971.5769 149.4218 1026.9875 248.6593 1.9394 0.5906 0.8564 7.7487 1.4812 14.4888 -2.9051 0.4006
Car -1 -1 -8.5323 828.6667 161.5026 879.9212 184.0882 1.6073 1.5906 3.7370 17.9897 0.7992 53.3757 -8.2091 0.1509
Cyclist -1 -1 -5.5084 884.8384 161.9185 927.1986 205.5957 1.6445 0.4641 1.6677 11.4321 1.2324 28.0232 -5.1250 0.1454
Pedestrian -1 -1 -3.3085 662.6314 171.6147 673.8519 194.7212 1.8118 0.5220 0.8052 4.5614 1.7143 56.8707 -3.2293 0.1191
Car -1 -1 -3.8283 1142.0012 148.9434 1241.0000 181.6232 1.5189 1.6203 4.0643 27.9197 0.4073 34.3636 -3.1501 0.1144
Car -1 -1 -7.8954 669.3589 177.0313 716.3716 218.8315 1.4874 1.6313 4.0644 3.1229 1.6623 28.1742 -7.7868 0.1011
Car -1 -1 -6.1214 237.4346 176.0532 319.2407 205.6765 1.5197 1.6269 3.7588 -17.6957 1.6961 38.5710 -6.5492 0.0989
Cyclist -1 -1 -3.3203 907.3897 154.9072 941.3962 186.6732 1.9065 0.5873 1.8154 19.0365 0.8291 43.7969 -2.9128 0.0952
Pedestrian -1 -1 -5.0775 830.5972 160.8232 856.9156 214.1830 1.8528 0.6195 0.8465 8.2056 1.4348 25.4948 -4.7700 0.0783
Pedestrian -1 -1 -3.4587 1007.9538 148.6678 1064.5247 262.8334 1.7949 0.5825 0.6333 6.8385 1.4143 11.6925 -2.9410 0.0783
Car -1 -1 -8.6642 1153.4843 163.9621 1241.0000 199.7408 1.4296 1.5649 3.7285 25.4667 1.0740 30.7762 -7.9778 0.0770
Pedestrian -1 -1 -8.0998 831.5494 172.4765 850.2260 215.4837 1.6383 0.5863 0.4653 8.8267 1.6236 27.7355 -7.7953 0.0738
Pedestrian -1 -1 -4.8222 160.8462 172.1118 184.3927 230.9205 1.9404 0.6276 0.4794 -14.7098 1.9156 24.1883 -5.3639 0.0658
Pedestrian -1 -1 -8.8037 955.9214 168.5371 979.6201 217.1566 1.5227 0.5923 0.4076 11.3146 1.3872 22.9172 -8.3506 0.0647
Pedestrian -1 -1 -4.0471 246.9853 173.1231 275.8762 231.0414 1.9067 0.6497 0.5804 -11.6905 1.9155 24.1099 -4.4946 0.0642
Car -1 -1 -8.2458 849.1008 164.4423 898.4847 189.0965 1.6066 1.6423 4.2635 17.8783 1.0581 49.1852 -7.8993 0.0638
Pedestrian -1 -1 -3.5514 1054.8179 160.5751 1151.4414 308.5190 1.6777 0.4332 0.8305 5.7092 1.5381 8.4647 -2.9747 0.0605
Cyclist -1 -1 -6.9675 398.7313 179.7110 455.7201 243.1180 1.7264 0.5384 1.5983 -5.2542 1.9297 20.6212 -7.2146 0.0548
Pedestrian -1 -1 -4.7383 518.4328 169.9191 525.9420 193.5374 1.9372 0.5940 0.8383 -7.2859 1.6962 59.6392 -4.8596 0.0535
Pedestrian -1 -1 -7.7321 1127.9392 153.0984 1159.4468 204.5516 1.6377 0.7552 0.6419 17.3031 1.0086 23.4586 -7.1027 0.2119
Pedestrian -1 -1 -6.0160 843.7877 161.1392 854.3611 182.2509 1.7578 0.5505 0.7227 20.0231 0.7821 60.5062 -5.6980 0.1466
Pedestrian -1 -1 -5.7007 235.1508 175.9181 251.6161 221.2853 1.7944 0.5122 0.3652 -14.7014 1.9178 28.8513 -6.1686 0.1409
Cyclist -1 -1 -5.5839 411.1235 182.4617 458.2177 232.0423 1.6397 0.5705 1.5670 -6.0522 1.9764 24.7006 -5.8223 0.1319
Cyclist -1 -1 -2.9784 205.3099 174.3892 256.6132 221.0643 1.8163 0.6034 1.7294 -15.0865 1.8782 28.6713 -3.4592 0.1021
Cyclist -1 -1 -4.2911 542.5965 179.8109 560.3286 206.1136 1.5706 0.5318 1.4690 -3.6200 2.0047 44.2786 -4.3727 0.0853
Cyclist -1 -1 -7.6812 844.5876 161.7874 852.8040 180.9206 1.5929 0.4086 1.5027 20.1016 0.6713 60.8295 -7.3636 0.0807
Cyclist -1 -1 -5.2655 1067.5983 142.6353 1101.2214 175.5194 1.7538 0.6781 1.8099 25.8423 0.1419 39.3944 -4.6882 0.0736
Pedestrian -1 -1 -6.3564 393.5551 172.3959 420.6448 230.2755 1.8568 0.5638 0.8122 -6.6727 1.8418 23.5507 -6.6301 0.0673
Pedestrian -1 -1 -8.4861 1150.1992 152.0287 1189.4874 205.9837 1.7150 0.8703 0.5015 17.9408 1.0527 23.1935 -7.8340 0.0667
Cyclist -1 -1 -5.2730 679.5427 173.2038 702.8002 202.3999 1.6811 0.5921 1.6064 4.7262 1.7018 42.4187 -5.1633 0.0638
Cyclist -1 -1 -4.7894 333.1094 175.6480 352.1803 219.6256 1.7474 0.6150 1.5853 -11.0293 1.8651 29.6259 -5.1433 0.0602
Cyclist -1 -1 -4.3864 381.8142 175.4696 416.0255 231.4978 1.7491 0.5407 1.7341 -6.8978 1.8371 23.4847 -4.6695 0.0574
Pedestrian -1 -1 -4.8132 431.1451 192.8022 446.5372 230.8072 1.2582 0.4490 0.6437 -5.8995 1.9501 24.6609 -5.0462 0.0546
Pedestrian -1 -1 -5.3212 217.3358 172.0808 246.6459 222.0103 1.9026 0.6716 0.7984 -14.7002 1.8729 27.9778 -5.8014 0.0538
Cyclist -1 -1 -8.1766 374.5318 181.0030 412.8973 242.8436 1.6692 0.5481 1.6573 -6.2179 1.9102 20.5314 -8.4677 0.0510
Pedestrian -1 -1 -8.3464 1157.1516 150.5789 1194.6569 207.8590 1.7888 0.7763 0.5282 17.8701 1.0929 22.8569 -7.6893 0.0508
Car -1 -1 -4.2228 0.0000 182.9555 288.8462 343.9243 1.6946 1.6895 4.3009 -6.2378 1.8659 10.0640 -4.7663 0.9541
Car -1 -1 -4.6189 499.4762 179.7980 547.5217 215.4932 1.4949 1.7947 4.4238 -3.9619 1.8367 33.3194 -4.7369 0.9408
Car -1 -1 -4.3706 247.6563 184.0432 388.3757 268.1784 1.6244 1.6808 4.0829 -6.5461 1.9127 16.5456 -4.7424 0.9321
Car -1 -1 -4.4480 396.0197 186.4847 464.3059 226.4855 1.3468 1.5782 3.8125 -6.8172 1.9028 27.5283 -4.6890 0.8973
Car -1 -1 -3.2949 701.6968 168.3856 786.2006 197.4842 1.6631 1.7240 4.6413 7.7366 1.4074 42.1620 -3.1151 0.8385
Car -1 -1 -7.9257 627.9291 176.0733 656.0282 200.0831 1.5516 1.6371 3.6732 2.1036 1.7781 48.9863 -7.8835 0.8367
Car -1 -1 -8.4528 1064.4847 155.2354 1192.0759 200.7379 1.4659 1.5939 4.0524 17.9323 0.8980 25.2806 -7.8414 0.7446
Car -1 -1 -4.5743 475.9951 179.8140 511.5672 207.4885 1.5067 1.5584 3.6527 -6.7646 1.9298 42.0527 -4.7332 0.6680
Car -1 -1 -3.4921 694.1655 162.8548 771.8366 192.7344 1.8222 1.7303 4.4807 7.6579 1.2121 45.2634 -3.3259 0.5943
Car -1 -1 -8.2594 866.2805 155.4553 910.3561 180.2413 1.7342 1.6320 3.7379 20.1201 0.5166 52.3848 -7.8947 0.4225
Car -1 -1 -7.8448 853.4182 158.5921 875.4886 179.8660 1.6699 1.6416 3.8694 20.6972 0.5501 58.7372 -7.5077 0.2108
Car -1 -1 -7.6361 684.5609 171.8615 717.6058 194.9914 1.6092 1.5772 3.8925 6.6072 1.5398 52.2956 -7.5115 0.1939
Car -1 -1 -4.5465 529.2634 178.3663 562.9348 204.1636 1.5309 1.5510 3.5303 -4.0170 1.8915 45.4175 -4.6346 0.1900
Car -1 -1 -2.5999 242.8770 167.3522 325.5664 197.9625 1.7177 1.6912 4.0522 -18.7722 1.4087 41.5713 -3.0219 0.1726
Car -1 -1 -8.3280 1036.7086 146.6631 1102.8381 177.4188 1.6821 1.6982 3.6604 26.2317 0.2494 41.3606 -7.7660 0.1630
Car -1 -1 -5.5617 1013.1063 150.6019 1112.2759 182.3498 1.5415 1.6032 4.3646 23.2694 0.4608 37.3546 -5.0081 0.1164
Car -1 -1 -6.9472 1086.8208 143.1484 1186.0186 173.8139 1.5309 1.6321 3.9355 26.8412 0.0476 36.9138 -6.3222 0.0956
Car -1 -1 -6.7643 897.7305 153.0280 972.3105 178.1501 1.6563 1.7102 4.2702 21.8023 0.3489 48.5556 -6.3446 0.0791
Car -1 -1 -4.4278 494.3102 178.4842 538.9698 204.6894 1.5494 1.6797 4.2850 -5.9083 1.9245 45.8732 -4.5556 0.0776
Car -1 -1 -8.3835 645.1017 174.7299 700.6353 202.6661 1.5934 1.6311 3.7978 3.7020 1.7116 43.4975 -8.2996 0.0758
Car -1 -1 -4.2004 244.8039 187.8682 364.2581 242.7683 1.4207 1.5803 3.9483 -9.1447 1.9178 21.8499 -4.5929 0.0627
Car -1 -1 -4.3225 155.3003 178.6234 245.9634 225.7642 1.6351 1.6564 3.8420 -15.5354 1.8709 27.5244 -4.8324 0.0610
