Pedestrian -1 -1 -5.7160 400.7866 164.9299 412.4716 198.5150 1.8728 0.4993 0.4312 -11.4616 1.4306 40.5368 -5.9902 0.1012
Pedestrian -1 -1 -8.1506 674.5352 172.2757 691.8334 209.7567 1.6202 0.6189 0.5429 3.1514 1.5949 31.5173 -8.0524 0.0849
Pedestrian -1 -1 -4.0122 860.2873 157.5586 907.0750 237.8088 1.8085 0.6593 0.7955 6.2961 1.4635 16.7437 -3.6589 0.0705
Car -1 -1 -8.5977 690.1201 165.8443 780.6550 204.8870 1.7627 1.7565 4.4478 5.9406 1.4460 34.9198 -8.4311 0.0643
Car -1 -1 -4.0939 312.5909 185.2282 438.2664 239.5907 1.3244 1.5227 3.6866 -6.5723 1.7093 20.4712 -4.4013 0.0636
Car -1 -1 -8.0351 677.8090 161.8413 716.1076 194.2946 1.9635 1.7134 3.9356 5.4197 1.2969 45.6744 -7.9181 0.0611
Car -1 -1 -7.2560 654.5625 165.0361 697.9491 185.0334 1.7090 1.7472 4.2310 5.8724 1.0406 63.8515 -7.1650 0.0595
Car -1 -1 -3.0047 435.8817 169.7286 492.9220 192.7941 1.5967 1.6488 3.7535 -10.2622 1.3800 50.8857 -3.2030 0.0594
Pedestrian -1 -1 -7.9877 460.1649 173.8988 470.6534 200.1246 1.7172 0.6078 0.5743 -9.5820 1.7864 47.6450 -8.1854 0.0585
Pedestrian -1 -1 -8.3419 755.9265 156.2881 778.4604 204.7428 1.9151 0.6643 0.6276 6.2507 1.2601 28.9110 -8.1314 0.0554
Car -1 -1 -4.7471 223.9496 179.3902 319.3109 263.5752 1.4835 1.6045 3.7752 -7.1714 1.6383 15.0786 -5.1846 0.0540
Car -1 -1 -4.9203 410.7570 154.4643 444.2249 176.4690 1.6422 1.7044 4.1281 -14.2463 0.2695 56.0760 -5.1681 0.0524
Cyclist -1 -1 -7.7357 526.5274 175.0769 535.9546 200.8989 1.5803 0.4125 1.4996 -4.9460 1.7211 45.0389 -7.8449 0.1332
Pedestrian -1 -1 -7.3960 1159.1227 143.7673 1239.8275 285.1696 1.6960 0.5663 0.6387 7.3287 1.3468 9.0479 -6.7314 0.1208
Pedestrian -1 -1 -4.6521 240.9057 151.8059 282.9898 257.4711 1.8974 0.6536 0.8673 -6.5416 1.5192 13.4811 -5.0966 0.1139
Pedestrian -1 -1 -7.8641 930.8162 167.2054 957.9485 231.4217 1.6328 0.6280 0.5567 8.6212 1.4889 18.7279 -7.4392 0.1071
Pedestrian -1 -1 -5.9482 1154.3068 131.6045 1230.3684 268.2905 1.7973 0.5607 0.6727 7.9450 1.2546 9.9222 -5.2877 0.0889
Cyclist -1 -1 -5.0052 1136.2809 141.5586 1241.0000 286.5889 1.6730 0.5477 1.7182 7.2823 1.3117 9.2236 -4.3526 0.0772
Pedestrian -1 -1 -2.5035 290.7188 160.3054 339.3518 244.7797 1.8047 0.5959 0.7857 -6.5059 1.5363 15.8018 -2.8886 0.0751
Pedestrian -1 -1 -8.4317 533.0146 172.7149 543.9458 194.5506 1.6986 0.5724 0.6833 -5.6359 1.6875 56.5738 -8.5309 0.0711
Pedestrian -1 -1 -4.4089 1082.8134 142.1564 1140.8796 263.1956 1.7535 0.5620 0.6326 7.5038 1.3085 10.8698 -3.8177 0.0707
Pedestrian -1 -1 -2.7341 326.3481 163.1004 363.5362 236.1342 1.8618 0.6251 0.7166 -6.9223 1.6129 18.7262 -3.0840 0.0706
Cyclist -1 -1 -4.1358 330.0655 169.7715 379.5028 233.4048 1.6266 0.4548 1.5796 -6.8404 1.5475 19.2655 -4.4731 0.0668
Cyclist -1 -1 -7.9485 521.9205 174.0354 532.1441 200.8273 1.6403 0.4823 1.6167 -5.2246 1.7152 45.0893 -8.0636 0.0649
Pedestrian -1 -1 -5.6881 102.3742 147.7808 164.8829 285.7438 1.8465 0.5946 0.4648 -6.6187 1.5106 9.9592 -6.2627 0.0607
Pedestrian -1 -1 -5.0384 1121.7654 127.5250 1187.0219 253.8699 1.8457 0.5862 0.7112 8.2002 1.1832 10.9676 -4.4095 0.0595
Pedestrian -1 -1 -8.1343 1090.1533 131.8260 1154.5858 265.3691 1.8453 0.5996 0.6135 7.2805 1.2781 10.3555 -7.5352 0.0577
Pedestrian -1 -1 -7.2683 1180.1101 130.3653 1241.0000 269.9247 1.7312 0.5570 0.6525 7.8302 1.2038 9.3134 -6.5848 0.0567
Car -1 -1 -8.3198 824.3859 173.2890 1241.0000 374.0000 1.5078 1.5881 3.8747 3.3109 1.5127 6.6107 -7.8741 0.9703
Car -1 -1 -4.2523 0.0000 172.5808 393.8400 374.0000 1.6504 1.5802 3.9526 -3.5212 1.6482 6.9261 -4.7081 0.9451
Car -1 -1 -8.1496 712.9098 150.1247 892.5570 279.1834 1.8802 1.7176 4.5566 3.0996 1.5488 12.8411 -7.9189 0.9161
Car -1 -1 -4.4907 308.7743 173.5044 452.2799 286.2625 1.5736 1.5211 3.2036 -3.6247 1.5854 11.7410 -4.7846 0.9050
Car -1 -1 -4.4880 393.9026 181.7319 488.1144 242.2989 1.3676 1.5428 3.9052 -4.3307 1.6229 18.8183 -4.7118 0.8795
Car -1 -1 -4.6893 485.4531 171.7368 518.9485 204.4945 1.6739 1.6956 4.3711 -5.8338 1.6165 39.1445 -4.8367 0.7876
Car -1 -1 -4.5983 524.0747 171.7252 549.3674 191.5207 1.5472 1.5910 4.0215 -5.9241 1.4587 58.4157 -4.6992 0.2414
Car -1 -1 -4.9118 663.5461 161.0471 699.1672 189.7790 2.0255 1.8326 4.0140 5.1604 1.1929 52.9571 -4.8155 0.1681
Car -1 -1 -2.9421 406.5359 177.8908 502.1855 210.1632 1.4372 1.5396 4.0741 -7.1448 1.6740 33.1723 -3.1530 0.1322
Car -1 -1 -7.8847 610.9584 168.5650 630.4530 186.6207 1.5739 1.6302 3.7050 0.9135 1.1998 64.7631 -7.8710 0.1208
Car -1 -1 -4.7645 504.5345 173.8338 532.6711 199.5060 1.5565 1.5742 3.7928 -5.8826 1.6212 45.9053 -4.8916 0.1063
Car -1 -1 -9.5284 0.0000 0.0000 1241.0000 374.0000 1.5619 1.6046 3.9237 5.3072 1.4754 2.0575 -8.3750 0.0945
Car -1 -1 -7.7355 462.8093 166.1413 494.7119 191.4083 1.7505 1.7548 4.4869 -9.4890 1.2852 52.2815 -7.9144 0.0940
Car -1 -1 -4.2311 361.7911 170.6087 446.6852 215.3500 1.6703 1.6425 3.9320 -8.2198 1.5862 29.0304 -4.5050 0.0728
Car -1 -1 -6.5912 0.0000 0.0000 1241.0000 374.0000 1.5275 1.5985 3.7856 -4.0233 1.6701 1.6035 -7.7238 0.0631
Car -1 -1 -9.0748 0.0000 0.0000 1241.0000 374.0000 1.5395 1.6075 3.6978 3.3586 1.5370 1.1314 -7.9059 0.0624
Car -1 -1 -4.3343 527.4490 171.7728 576.3145 198.4254 1.6363 1.6737 4.3084 -3.7260 1.5696 46.6018 -4.4140 0.0510
