Cyclist -1 -1 -6.1529 591.1339 168.5536 636.7122 215.3021 1.9148 0.6631 1.8257 0.1258 1.7384 30.0045 -6.1494 0.3364
Pedestrian -1 -1 -3.1987 53.5782 166.8349 74.8661 228.4394 1.9452 0.5999 0.5142 -17.5813 1.7549 23.1784 -3.8423 0.2009
Pedestrian -1 -1 -4.2227 967.3410 152.9544 1002.3909 214.5666 2.0459 0.6943 0.9516 12.6894 1.3848 24.5158 -3.7503 0.1763
Pedestrian -1 -1 -4.4559 82.0172 172.4167 96.3582 203.0614 1.8407 0.5277 0.7660 -31.6396 1.8141 43.7910 -5.0789 0.1538
Pedestrian -1 -1 -3.0111 315.0415 169.5416 333.0671 209.4432 1.9002 0.6546 0.7281 -13.8137 1.7421 34.7662 -3.3870 0.1248
Pedestrian -1 -1 -3.2322 1036.0356 157.6858 1059.6281 217.1492 1.9616 0.6165 0.6191 14.6391 1.4609 24.2141 -2.6942 0.0851
Cyclist -1 -1 -7.6388 150.9372 176.1185 179.2152 230.1339 1.7333 0.4671 1.6044 -14.8851 1.8458 24.0889 -8.1876 0.0813
Pedestrian -1 -1 -5.0705 139.2735 173.5464 172.7543 231.6155 1.7794 0.7140 0.6278 -14.2635 1.8013 22.5960 -5.6285 0.0702
Pedestrian -1 -1 -3.2214 192.6688 172.3841 209.9269 217.7797 1.9223 0.5856 0.6009 -17.5839 1.9021 30.9653 -3.7344 0.0665
Pedestrian -1 -1 -8.1615 930.1058 169.7921 946.3998 203.4046 1.7849 0.6215 0.6623 17.5540 1.6220 38.6795 -7.7387 0.0646
Cyclist -1 -1 -7.7677 281.0573 180.1356 295.4414 218.6257 1.5706 0.4220 1.5513 -13.6576 1.8867 30.5480 -8.1852 0.0523
Cyclist -1 -1 -7.4472 158.6913 175.7287 198.2355 229.5733 1.7075 0.5077 1.6425 -14.2700 1.8055 23.8189 -7.9823 0.0518
Car -1 -1 -6.3926 1139.6901 185.9369 1241.0000 220.6156 1.4573 1.6493 4.0086 27.0484 2.0952 33.4275 -5.7171 0.0508
Cyclist -1 -1 -7.4568 375.7082 175.2578 393.2755 202.4506 1.7221 0.5310 1.5348 -14.5962 1.8798 46.6232 -7.7589 0.0500
Pedestrian -1 -1 -4.3491 346.6451 149.0054 430.8760 315.8904 1.9379 0.6437 1.1109 -2.7715 1.6606 8.9551 -4.6421 0.3026
Pedestrian -1 -1 -6.8873 964.3379 165.6776 985.3868 202.7889 1.8880 0.6670 0.7117 18.7103 1.5226 37.0870 -6.4236 0.2732
Pedestrian -1 -1 -8.0465 910.4935 171.2792 931.7811 221.0738 1.7058 0.5888 0.5083 10.7405 1.6515 25.0269 -7.6460 0.2152
Pedestrian -1 -1 -5.5854 186.3363 171.6294 204.1249 208.8959 1.8751 0.5816 0.5343 -21.0983 1.8132 36.6387 -6.1050 0.1638
Pedestrian -1 -1 -3.0610 289.3360 143.1629 392.1563 347.2177 1.8438 0.4739 0.8788 -2.5952 1.5753 6.8652 -3.4110 0.1422
Cyclist -1 -1 -5.3449 893.9125 171.1354 935.7169 221.1262 1.6847 0.5709 1.4759 10.5380 1.6265 25.1003 -4.9521 0.1216
Cyclist -1 -1 -6.6453 908.9800 167.9704 964.3510 220.1626 1.7654 0.6386 1.6092 11.1532 1.5999 24.7700 -6.2272 0.1064
Cyclist -1 -1 -8.3416 907.6022 169.8959 949.3958 221.6443 1.7066 0.5875 1.6592 10.8087 1.6087 24.6458 -7.9333 0.1045
Cyclist -1 -1 -8.4160 913.8704 168.8492 955.9052 220.6679 1.7211 0.5390 1.5999 11.0961 1.5878 24.7962 -8.0002 0.0842
Pedestrian -1 -1 -5.3730 184.3686 173.6564 204.7325 209.4093 1.8060 0.6834 0.5917 -21.2809 1.8473 36.8960 -5.8933 0.0591
Pedestrian -1 -1 -3.1288 1036.1517 159.9982 1056.3113 218.3473 1.9315 0.6262 0.5745 14.6449 1.5056 24.3017 -2.5923 0.0569
Pedestrian -1 -1 -4.0576 962.2380 162.5844 990.7827 217.5310 1.8474 0.6301 0.6094 12.4845 1.5018 24.6764 -3.5944 0.0560
Cyclist -1 -1 -6.6549 902.9650 169.3686 956.9645 220.9668 1.7301 0.5832 1.5726 10.8120 1.6129 24.5153 -6.2445 0.0537
Cyclist -1 -1 -5.4803 880.2947 168.7536 933.9056 220.4199 1.7176 0.7075 1.7232 10.1886 1.5810 24.9180 -5.0968 0.0511
Car -1 -1 -6.5748 858.1698 181.2261 1148.1449 272.5911 1.4269 1.7113 4.1536 6.6233 1.5880 12.7018 -6.1044 0.9726
Car -1 -1 -4.7646 795.3875 175.2050 830.3278 206.3613 1.5732 1.5895 3.8702 10.8213 1.7060 38.8042 -4.4951 0.0906
Car -1 -1 -4.9980 780.9942 172.1828 816.2623 193.7146 1.6961 1.7671 3.8072 15.2911 1.6429 58.7669 -4.7451 0.0809
Car -1 -1 -5.0991 881.0259 175.1890 990.1836 227.3601 1.4899 1.6216 4.2928 10.1511 1.5709 22.9644 -4.6882 0.0765
Car -1 -1 -4.8999 904.5967 178.3169 1007.1697 244.3128 1.4900 1.6079 4.1775 8.8418 1.6495 18.8796 -4.4686 0.0759
Car -1 -1 -7.7670 908.7291 176.2307 966.1410 218.3112 1.3988 1.5986 3.9115 11.9952 1.5319 26.4186 -7.3454 0.0531
