Pedestrian -1 -1 -5.3920 0.0000 177.6618 7.1308 218.0061 1.8205 0.3758 0.1420 -27.6988 2.0401 32.8034 -6.0894 0.4307
Pedestrian -1 -1 -4.5377 0.0000 178.8900 18.1401 224.0432 1.8143 0.5585 0.4240 -24.5629 2.0626 29.4006 -5.2293 0.4290
Pedestrian -1 -1 -5.5498 0.0000 177.6400 9.9847 219.2945 1.8796 0.4086 0.1400 -27.5738 2.0983 32.8129 -6.2448 0.3124
Pedestrian -1 -1 -3.6781 988.6359 140.1722 1054.5358 275.9807 1.8244 0.6153 0.5526 5.6407 1.3851 10.0107 -3.1781 0.2254
Pedestrian -1 -1 -7.3396 541.6637 176.3848 564.7437 224.8465 1.7206 0.6672 0.5079 -2.0948 1.8496 26.0429 -7.4198 0.1774
Pedestrian -1 -1 -6.7381 743.3877 170.1833 774.9600 236.8927 1.6616 0.6046 0.5766 3.7356 1.5948 18.3383 -6.5410 0.1323
Pedestrian -1 -1 -8.4388 591.5481 168.8039 622.1959 238.6407 1.8291 0.5931 0.5885 -0.1357 1.7227 19.3077 -8.4467 0.1313
Pedestrian -1 -1 -4.6839 0.0000 201.2574 17.7451 251.5160 1.6797 0.5997 0.5947 -20.9700 2.6803 25.0074 -5.3766 0.1176
Pedestrian -1 -1 -6.5419 1139.6097 135.5644 1241.0000 357.6328 1.7573 0.5918 0.8535 5.0545 1.4619 6.1500 -5.8778 0.1175
Pedestrian -1 -1 -7.8582 834.5500 143.9576 853.0326 197.6442 1.8615 0.6118 0.4800 8.1598 0.8593 25.3387 -7.5503 0.1170
Pedestrian -1 -1 -8.0678 737.4537 178.5769 763.1845 238.2116 1.4935 0.5732 0.3706 3.5049 1.6399 18.3008 -7.8824 0.1152
Pedestrian -1 -1 -5.1223 0.0000 178.1341 7.9700 218.5018 1.7997 0.5506 0.4803 -27.7083 2.0406 32.6137 -5.8226 0.1150
Cyclist -1 -1 -7.0111 324.2752 183.2001 380.2574 240.8423 1.7317 0.5834 1.7193 -8.2010 2.0724 22.8909 -7.3520 0.0977
Pedestrian -1 -1 -4.6907 747.6010 182.0249 766.7437 240.3304 1.3439 0.4351 0.4957 3.4205 1.5635 17.0106 -4.4964 0.0901
Pedestrian -1 -1 -6.7689 673.4002 169.9760 701.9513 227.9462 1.7734 0.5570 0.7043 2.3672 1.6851 22.4629 -6.6661 0.0781
Pedestrian -1 -1 -7.8603 527.1207 176.2832 546.5612 225.6116 1.7573 0.6914 0.5979 -2.6933 1.8826 26.0863 -7.9629 0.0775
Pedestrian -1 -1 -8.0636 863.3406 143.4458 887.7569 200.1093 1.9458 0.6649 0.6982 9.2093 0.9356 25.1682 -7.7168 0.0774
Cyclist -1 -1 -3.1287 808.4139 139.6936 861.2258 193.3064 1.8478 0.6214 1.7563 7.8701 0.7046 25.4322 -2.8320 0.0769
Pedestrian -1 -1 -2.2527 0.0000 177.8725 5.0054 219.6458 1.8780 0.4910 0.3192 -27.9019 2.1075 32.7736 -2.9541 0.0768
Cyclist -1 -1 -2.8507 13.8439 191.5652 89.9136 248.2040 1.7668 0.6540 1.8554 -18.2397 2.3940 23.5618 -3.5042 0.0767
Cyclist -1 -1 -5.2746 570.6710 170.9901 626.4102 240.5107 1.7840 0.6537 1.7679 -0.3805 1.7359 19.4339 -5.2948 0.0732
Cyclist -1 -1 -7.5564 319.4049 189.1393 349.7719 240.3732 1.5977 0.4445 1.7555 -9.1734 2.1582 23.9574 -7.9189 0.0732
Pedestrian -1 -1 -8.2648 548.2487 172.0659 576.3220 234.4711 1.8213 0.6060 0.6965 -1.4745 1.7980 21.5065 -8.3333 0.0704
Pedestrian -1 -1 -5.3102 590.6110 172.6234 621.8372 238.9242 1.7624 0.5788 0.6565 -0.1551 1.7559 19.6142 -5.3189 0.0665
Pedestrian -1 -1 -5.8685 943.4495 151.2182 998.9597 262.5247 1.7711 0.5332 0.6637 5.9024 1.4265 11.9064 -5.4187 0.0655
Pedestrian -1 -1 -7.8349 854.2638 150.9890 888.3574 249.5698 1.7541 0.5747 0.6763 4.7469 1.3648 13.2558 -7.4987 0.0641
Pedestrian -1 -1 -7.9096 763.5589 176.0527 792.0145 249.7037 1.4637 0.5353 0.4134 3.3389 1.5292 14.6084 -7.6901 0.0639
Cyclist -1 -1 -8.1935 874.1589 161.3624 924.1088 243.6623 1.6942 0.4562 1.6856 6.2103 1.4573 15.7025 -7.8240 0.0637
Cyclist -1 -1 -3.1706 733.9640 172.6212 806.5418 240.1385 1.6458 0.5933 1.7435 3.9356 1.6398 18.0372 -2.9600 0.0627
Pedestrian -1 -1 -8.1946 769.5305 184.7817 794.7249 242.4893 1.3334 0.4468 0.4640 4.0083 1.6190 17.0343 -7.9681 0.0623
Pedestrian -1 -1 -5.9506 1067.3892 140.6650 1165.6731 303.9018 1.7225 0.5779 0.7622 5.6148 1.3826 8.0922 -5.3615 0.0615
Pedestrian -1 -1 -2.0275 335.7649 182.4180 366.5499 240.9408 1.7800 0.6403 0.7561 -8.1564 2.0858 22.5996 -2.3707 0.0603
Pedestrian -1 -1 -7.4560 262.8750 153.8276 285.1714 195.5042 1.8246 0.6674 0.7215 -14.9193 0.9913 31.9612 -7.8897 0.0599
Pedestrian -1 -1 -5.7938 0.0000 178.1626 9.9638 218.8953 1.8406 0.5299 0.2595 -27.7653 2.0849 32.9640 -6.4899 0.0599
Cyclist -1 -1 -5.1496 0.0000 191.8970 24.4273 247.2025 1.8358 0.6630 1.7521 -21.2807 2.5151 25.0818 -5.8481 0.0595
Pedestrian -1 -1 -4.5986 91.5457 180.9130 117.7572 243.9545 2.0010 0.6229 0.6812 -16.4738 2.2678 23.4646 -5.2056 0.0587
Pedestrian -1 -1 -3.8531 684.8073 168.9883 714.4156 227.8163 1.7981 0.5857 0.7044 2.7442 1.6796 22.4932 -3.7341 0.0581
Pedestrian -1 -1 -3.9137 738.6971 167.8466 777.1072 236.5307 1.7359 0.5785 0.7988 3.7809 1.6090 18.6959 -3.7180 0.0567
Cyclist -1 -1 -7.3281 0.0000 201.1737 36.1487 251.5342 1.6268 0.5419 1.5969 -20.7893 2.6433 25.0748 -8.0153 0.0563
Pedestrian -1 -1 -8.8253 754.1102 183.0016 785.5898 241.5528 1.4273 0.5236 0.5776 3.9613 1.6873 18.1140 -8.6143 0.0562
Pedestrian -1 -1 -8.0348 528.0222 165.4114 551.9159 226.9258 1.9578 0.6389 0.7911 -2.3270 1.7206 23.4322 -8.1334 0.0557
Cyclist -1 -1 -8.6405 719.3408 170.8969 780.2292 240.3897 1.6865 0.5021 1.6343 3.4770 1.6387 18.3262 -8.4568 0.0543
Pedestrian -1 -1 -4.8433 0.0000 177.6033 0.0000 219.3831 1.8547 0.5986 0.5335 -28.0037 2.0711 32.5227 -5.5503 0.0539
Cyclist -1 -1 -6.1890 727.0847 174.0361 801.0891 241.2385 1.5980 0.6655 1.7289 3.7425 1.6278 17.7497 -5.9854 0.0538
Cyclist -1 -1 -8.1831 729.3179 166.9550 767.7313 233.9588 1.7251 0.4416 1.8256 3.6726 1.5729 19.5122 -8.0005 0.0528
Pedestrian -1 -1 -4.7630 685.8240 161.3362 708.0739 215.8026 1.9174 0.7574 0.5549 3.0462 1.5117 25.7025 -4.6470 0.0519
Cyclist -1 -1 -4.3530 314.6311 186.7092 351.5416 243.5875 1.6960 0.5478 1.6213 -8.7479 2.1476 22.7222 -4.7171 0.0502
Car -1 -1 -7.4165 226.5755 195.5151 350.5494 265.8436 1.4630 1.5291 3.2482 -7.8051 2.0707 17.7141 -7.8265 0.9889
Car -1 -1 -7.2219 121.3016 198.3784 288.2460 270.5199 1.4711 1.6060 4.0053 -10.1030 2.1917 18.2853 -7.7209 0.9252
Car -1 -1 -7.0629 0.0000 208.2168 39.0120 283.6283 1.5619 1.6968 3.9021 -17.3860 2.5808 18.8047 -7.8022 0.5454
Car -1 -1 -7.2804 0.0000 207.8186 42.7843 374.0000 1.4907 1.5531 3.8364 -7.1733 1.9097 6.6082 -8.0866 0.1707
Car -1 -1 -7.2696 1164.4479 145.4366 1241.0000 374.0000 1.5204 1.5999 4.0560 5.1317 1.4257 3.3523 -6.3172 0.0671
Car -1 -1 -3.0731 122.5263 175.9297 252.4649 219.8479 1.6595 1.7278 4.4316 -17.0195 1.7914 29.2585 -3.5962 0.0522
