Pedestrian -1 -1 -6.1715 414.2676 176.5193 428.0740 204.5789 1.7675 0.5895 0.7889 -12.0402 2.0021 45.8892 -6.4271 0.2307
Pedestrian -1 -1 -6.1108 243.3494 171.9890 251.3618 194.8398 1.7838 0.5341 0.4773 -28.4974 1.7159 56.6488 -6.5752 0.1176
Pedestrian -1 -1 -6.8137 854.4426 167.5117 867.4794 194.0915 1.8074 0.7185 0.5558 17.1718 1.4438 49.4701 -6.4818 0.1053
Cyclist -1 -1 -7.2194 1144.2985 162.6033 1188.7750 207.5609 1.8924 0.6476 1.6753 23.8022 1.4606 30.9182 -6.5682 0.1037
Car -1 -1 -3.1030 123.8256 175.7778 187.7202 197.0246 1.6864 1.6519 4.4028 -37.4537 1.9349 59.5815 -3.6623 0.0810
Pedestrian -1 -1 -4.8741 732.4524 189.7519 752.1178 238.0842 1.2376 0.4201 0.5598 3.4209 1.6879 18.9561 -4.6991 0.0687
Car -1 -1 -7.7187 1241.0000 156.9367 1241.0000 185.6496 1.6949 1.7140 4.3260 41.0663 0.7550 44.6349 -6.9783 0.0630
Car -1 -1 -7.8370 37.5345 156.7790 73.2771 187.2012 1.7828 1.6644 4.3363 -34.2009 0.8405 44.5227 -8.4893 0.0609
Car -1 -1 -2.1007 0.0000 168.1701 20.9251 193.2128 1.5813 1.6535 3.9492 -40.6431 1.2852 46.9838 -2.8112 0.0590
Car -1 -1 -4.2369 73.7265 160.0395 143.1571 187.4126 1.5948 1.7100 4.3012 -30.7072 0.8479 44.2799 -4.8405 0.0565
Car -1 -1 -8.1076 237.5704 166.4563 275.7067 195.5238 2.2717 1.7728 4.2507 -28.7427 1.7714 58.5805 -8.5622 0.0549
Pedestrian -1 -1 -8.4241 1227.2155 165.3208 1241.0000 209.4603 1.5980 0.5565 0.4463 22.9879 1.3249 26.3815 -7.7131 0.0520
Car -1 -1 -5.1414 662.3638 176.6711 695.3099 193.3576 1.5326 1.6154 4.0395 6.5672 1.9111 69.4367 -5.0479 0.0507
Pedestrian -1 -1 -7.8584 40.4318 169.6004 70.0270 234.3276 1.8433 0.6750 0.5895 -16.1814 1.7503 20.9868 -8.5093 0.3008
Pedestrian -1 -1 -4.9250 1120.1040 151.8798 1146.3843 202.0321 1.9603 0.7016 0.7385 20.7452 1.1402 28.6806 -4.3039 0.1268
Cyclist -1 -1 -3.5675 1042.6434 161.4090 1090.4497 201.5515 1.8512 0.6417 1.7819 21.2736 1.3231 33.7098 -3.0087 0.1082
Pedestrian -1 -1 -5.0571 1140.9886 156.9121 1165.2174 199.7402 1.9498 0.7407 0.5696 24.9633 1.2237 33.2290 -4.4173 0.0713
Pedestrian -1 -1 -4.0937 1056.6920 155.8067 1076.1288 202.7657 1.9102 0.5565 0.3830 18.7286 1.2165 29.6815 -3.5356 0.0689
Pedestrian -1 -1 -7.3207 1042.5060 159.2624 1063.7908 203.6861 1.8923 0.6245 0.4820 19.0704 1.3131 31.1248 -6.7755 0.0585
Cyclist -1 -1 -6.0256 15.8587 170.5061 91.7502 233.5769 1.7926 0.5814 1.6639 -16.2795 1.7256 21.0952 -6.6769 0.0560
Pedestrian -1 -1 -7.3889 0.0000 166.3217 30.4777 231.9985 1.8431 0.5876 0.6518 -17.1418 1.6595 20.6310 -8.0760 0.0530
Car -1 -1 -7.8450 609.7867 176.0063 662.7604 227.5682 1.5802 1.6393 3.1437 0.8306 1.6914 23.9142 -7.8114 0.9661
Car -1 -1 -4.5488 562.0267 177.4640 597.8562 201.9001 1.5106 1.7034 4.1985 -1.9676 1.8285 47.6179 -4.5903 0.8137
Car -1 -1 -4.6333 530.9113 178.3438 558.1826 201.2437 1.5141 1.6073 3.8302 -4.5808 1.9131 50.5536 -4.7237 0.6461
Car -1 -1 -4.5922 686.4292 173.8191 719.3378 202.0007 1.7048 1.6104 4.0602 5.9229 1.7689 45.9614 -4.4653 0.3101
Car -1 -1 -5.0260 669.3337 176.9563 705.8618 197.7756 1.5359 1.5944 4.2439 5.9844 1.8687 56.3533 -4.9212 0.2113
Car -1 -1 -9.1934 1154.7202 176.7083 1241.0000 374.0000 1.5335 1.5917 3.8823 4.6522 1.5594 2.8133 -8.2124 0.1942
Car -1 -1 -4.9963 869.2165 172.0999 912.3436 198.2367 1.5680 1.5792 3.5045 17.4609 1.5225 45.0985 -4.6294 0.1440
Car -1 -1 -7.9590 1206.8608 151.2302 1241.0000 181.6493 1.8712 1.6830 4.0839 39.8013 0.5407 46.5459 -7.2548 0.1123
Car -1 -1 -7.7175 4.5618 163.3842 46.4389 189.4973 1.6694 1.6334 4.0434 -39.0815 1.0637 48.2810 -8.3954 0.1053
Car -1 -1 -8.0254 705.1139 175.9308 773.9152 223.0682 1.5892 1.7260 4.6383 4.6812 1.7137 26.9498 -7.8559 0.0774
