Cyclist -1 -1 -4.7725 241.1938 174.5279 253.0176 204.5269 1.6967 0.5039 1.7229 -20.4770 1.3025 41.4998 -5.2334 0.1719
Cyclist -1 -1 -3.6424 757.7100 166.8655 786.0071 194.1889 1.8489 0.6720 1.7824 11.6740 0.8586 49.1721 -3.4154 0.1028
Pedestrian -1 -1 -8.2621 649.7183 169.7256 662.5653 200.0210 1.8054 0.5694 0.6178 3.2887 1.1038 43.1930 -8.1916 0.0981
Pedestrian -1 -1 -7.8582 816.0601 170.0727 831.0469 208.3005 1.8221 0.6821 0.5745 10.6869 1.2777 34.6115 -7.5659 0.0898
Pedestrian -1 -1 -4.9527 776.3104 219.4350 816.8465 324.8492 1.0832 0.3252 0.4125 2.0453 1.5034 7.7370 -4.7085 0.0745
Pedestrian -1 -1 -4.8307 977.2118 160.2364 991.0563 200.9245 1.7573 0.5017 0.2614 16.6227 0.8392 31.2359 -4.3501 0.0732
Pedestrian -1 -1 -3.8361 974.3503 157.3507 989.1206 184.4430 1.9090 0.6168 0.6912 27.0062 0.2073 50.9921 -3.3560 0.0715
Car -1 -1 -4.5309 569.8740 170.9956 594.4312 188.2007 1.6208 1.6743 4.2181 -1.8026 0.6309 69.8819 -4.5615 0.0708
Pedestrian -1 -1 -4.0606 1084.9741 147.3215 1100.3660 191.0133 1.8152 0.4743 0.2543 20.5701 0.3956 30.1090 -3.4702 0.0701
Car -1 -1 -4.4005 359.0050 183.1237 416.7075 214.3705 1.4086 1.5896 3.7495 -10.1855 1.4910 34.4686 -4.6909 0.0699
Pedestrian -1 -1 -4.7695 262.8226 175.3702 287.2793 236.6017 1.7302 0.6123 0.4904 -9.4194 1.5575 20.6581 -5.1979 0.0692
Cyclist -1 -1 -4.6023 1007.6164 169.7518 1032.8021 233.3032 1.6899 0.4436 1.6581 11.5796 1.3780 19.9031 -4.0863 0.0684
Cyclist -1 -1 -7.9192 110.9908 174.4620 124.0692 213.4462 1.6882 0.3696 1.6639 -21.4951 1.3837 31.8780 -8.5137 0.0671
Pedestrian -1 -1 -7.9393 877.2444 165.8256 894.4996 209.2917 1.8589 0.6473 0.5149 12.2772 1.1888 31.0580 -7.5708 0.0666
Pedestrian -1 -1 -7.6556 82.5366 170.3079 102.1521 206.3319 1.8383 0.7072 0.6875 -26.3044 1.2673 37.1136 -8.2738 0.0635
Pedestrian -1 -1 -5.5351 190.7433 174.3779 202.6283 196.5459 1.7409 0.5441 0.6116 -31.9526 1.1815 56.7478 -6.0509 0.0614
Pedestrian -1 -1 -6.4604 837.4550 162.0594 851.8881 206.7355 1.9748 0.6508 0.4988 10.8541 1.1158 32.1103 -6.1419 0.0609
Car -1 -1 -4.5668 56.1392 180.9816 98.1224 207.0513 1.4795 1.4934 3.8026 -31.1766 1.4502 42.7960 -5.1985 0.0580
Pedestrian -1 -1 -6.0618 369.5298 179.2464 375.3211 200.2357 1.8290 0.5815 0.3669 -20.0225 1.6324 62.9013 -6.3738 0.0535
Cyclist -1 -1 -8.3008 763.6981 168.1690 786.0972 201.2747 1.7395 0.4702 1.7013 9.3092 1.0392 38.6249 -8.0709 0.0528
Car -1 -1 -5.5620 439.9101 174.7425 501.1446 197.8441 1.5894 1.6989 4.2175 -9.3384 1.1245 51.2307 -5.7464 0.0528
Cyclist -1 -1 -4.2995 249.7018 178.6819 268.4097 207.1845 1.5782 0.4524 1.3486 -19.2766 1.4223 40.4559 -4.7467 0.0524
Pedestrian -1 -1 -4.4297 212.5767 178.9403 233.3485 229.3567 1.7726 0.5563 0.4297 -13.4684 1.6830 25.5232 -4.9163 0.0521
Car -1 -1 -4.3383 292.7597 183.6055 358.8390 215.0824 1.4097 1.5996 4.0462 -13.1452 1.5169 34.4688 -4.7052 0.0515
Pedestrian -1 -1 -8.4719 819.9417 165.9250 841.8155 210.5587 1.9130 0.6253 0.6791 9.9480 1.2457 31.2074 -8.1709 0.0514
Car -1 -1 -4.8273 680.0657 171.1915 707.6351 192.2931 1.6338 1.6958 4.2202 7.4090 0.8355 57.7333 -4.7051 0.0504
Car -1 -1 -7.8346 600.5547 174.7480 641.3967 216.2233 1.4863 1.4648 2.3240 0.7232 1.2447 26.9332 -7.8132 0.7259
Cyclist -1 -1 -7.6888 396.5302 176.8345 410.5329 211.3332 1.6369 0.4062 1.5956 -9.6176 1.4157 34.8977 -7.9609 0.2659
Pedestrian -1 -1 -8.8527 801.7496 167.9861 817.2383 198.2279 1.8201 0.6679 0.6479 12.6578 1.0069 43.6969 -8.5773 0.2583
Pedestrian -1 -1 -6.4541 568.5432 171.3640 583.2169 197.6329 1.8250 0.4391 0.9630 -1.7766 1.1208 50.2210 -6.4943 0.2226
Cyclist -1 -1 -4.7326 240.6077 175.7184 252.7566 205.6067 1.6911 0.5889 1.7409 -20.5279 1.3641 41.5529 -5.1939 0.1979
Pedestrian -1 -1 -5.8021 1077.6869 65.4209 1237.0000 373.0000 1.9067 0.7237 0.7889 2.3949 1.5458 2.7464 -5.1369 0.1887
Pedestrian -1 -1 -7.6768 994.6480 155.8936 1010.6031 198.1497 1.9544 0.5879 0.4260 18.7376 0.7703 33.5737 -7.1760 0.1285
Cyclist -1 -1 -4.2167 70.0462 178.3815 98.3200 210.6195 1.5541 0.4891 1.4794 -25.4812 1.4040 35.3935 -4.8422 0.1194
Pedestrian -1 -1 -5.0766 14.2638 177.7830 35.9664 223.8780 1.8058 0.5936 0.3278 -22.8673 1.6605 28.4799 -5.7538 0.1041
Pedestrian -1 -1 -6.6027 571.2141 172.3165 585.0936 197.9786 1.7715 0.5511 0.8329 -1.6105 1.1375 49.9909 -6.6398 0.1039
Cyclist -1 -1 -2.1039 143.6874 173.1452 175.2484 208.1894 1.7824 0.5903 1.7332 -22.8991 1.3577 37.2005 -2.6576 0.0965
Cyclist -1 -1 -4.4500 666.6996 173.2522 683.6484 208.1959 1.6045 0.4499 1.4118 3.4558 1.2261 33.7235 -4.3537 0.0898
Cyclist -1 -1 -7.7772 1012.6934 163.6737 1036.8669 227.7589 1.7209 0.4726 1.7523 11.8505 1.2427 20.1465 -7.2563 0.0783
Cyclist -1 -1 -3.7489 663.1963 170.2400 695.5456 207.8040 1.7219 0.5634 1.4393 3.6263 1.2060 33.5232 -3.6470 0.0747
Pedestrian -1 -1 -7.7725 761.8336 168.2677 774.7200 198.0518 1.8227 0.7348 0.5660 10.3026 1.0130 44.3404 -7.5505 0.0677
Cyclist -1 -1 -4.4860 50.6157 181.4543 73.7517 218.9176 1.5417 0.4254 1.6583 -22.8295 1.5402 30.4056 -5.1310 0.0658
Pedestrian -1 -1 -4.9890 1022.0117 159.8148 1057.0872 226.3003 1.8037 0.6337 0.7821 12.1215 1.2159 19.9468 -4.4539 0.0644
Cyclist -1 -1 -5.2651 987.1841 159.3665 1020.1028 196.6043 1.6971 0.5355 1.6663 18.7717 0.6886 33.5827 -4.7636 0.0642
Cyclist -1 -1 -7.8252 450.6831 177.3576 457.5207 204.1600 1.5997 0.3730 1.4347 -8.9398 1.3525 43.6114 -8.0313 0.0616
Pedestrian -1 -1 -6.6193 577.2826 172.2807 589.9581 198.0462 1.7761 0.5834 0.7270 -1.2285 1.1406 49.9194 -6.6488 0.0541
Pedestrian -1 -1 -4.8729 1004.6139 164.7201 1032.5624 227.5201 1.7575 0.5804 0.6853 11.8790 1.2884 20.5249 -4.3589 0.0513
Car -1 -1 -7.4833 181.5565 189.9349 445.8298 353.2723 1.3936 1.5260 3.4298 -2.9582 1.5090 8.0389 -7.8315 0.9833
Car -1 -1 -7.8100 495.0956 173.8598 580.5799 254.6606 1.5910 1.6829 4.2813 -1.3912 1.4412 16.3209 -7.8991 0.9519
Car -1 -1 -4.0649 0.0000 189.4304 223.2222 332.1319 1.4752 1.6275 4.1212 -7.1082 1.6063 9.7362 -4.6885 0.9309
Car -1 -1 -4.5120 454.7592 178.2131 505.7018 208.7462 1.4217 1.6836 4.2984 -5.9455 1.2690 35.6230 -4.6813 0.8710
Car -1 -1 -7.6408 491.9306 173.6731 569.7151 229.6873 1.5801 1.6738 3.5905 -2.1149 1.3598 22.1426 -7.7402 0.8663
Car -1 -1 -7.9167 574.1880 175.0669 613.2179 207.8521 1.4794 1.5945 3.9728 -0.4347 1.1894 34.4583 -7.9343 0.6149
Car -1 -1 -7.8709 598.7592 175.2164 639.5602 215.1513 1.4395 1.4707 2.7067 0.6150 1.2134 27.2466 -7.8537 0.2625
Car -1 -1 -7.6064 521.0169 172.1089 580.9294 213.7031 1.5630 1.5814 3.6145 -1.9823 1.2105 28.9109 -7.6793 0.1969
Car -1 -1 -7.6872 588.3112 169.5794 621.9837 196.2937 1.7725 1.6910 4.1555 0.3130 0.9816 49.8516 -7.6860 0.1678
Car -1 -1 -6.3021 88.8544 176.9803 179.6039 207.6719 1.5641 1.6617 3.9995 -24.9441 1.3340 38.4198 -6.8798 0.0981
Car -1 -1 -4.0308 13.9734 182.4473 94.1658 211.1169 1.5286 1.5098 3.8358 -30.6554 1.5845 40.3652 -4.6822 0.0735
Car -1 -1 -7.8489 631.0646 169.6509 649.1373 186.6775 1.5593 1.6537 4.2358 3.6916 0.4739 67.9451 -7.7997 0.0690
Car -1 -1 -4.5447 415.5219 176.1426 456.1220 205.1392 1.5993 1.6516 4.0980 -9.5594 1.3040 41.7148 -4.7737 0.0687
Car -1 -1 -4.4259 50.1289 181.4429 126.1016 220.3040 1.5494 1.6249 3.8456 -21.8610 1.5474 30.7222 -5.0454 0.0686
Car -1 -1 -6.2754 756.0512 169.3912 826.0101 195.7825 1.5922 1.6793 4.1292 11.7692 0.8618 44.6782 -6.0243 0.0572
Car -1 -1 -7.6698 374.4126 179.2764 421.8294 209.7754 1.4455 1.5991 4.0069 -10.1629 1.3404 36.1150 -7.9473 0.0535
Car -1 -1 -6.2972 160.3369 177.0251 251.5477 206.4833 1.5176 1.6647 4.2364 -21.3057 1.2873 38.7805 -6.8018 0.0509
