Pedestrian -1 -1 -4.5235 864.1143 156.9856 883.5488 205.7530 1.9728 0.6500 0.6020 10.7852 1.3306 29.6128 -4.1778 0.1262
Pedestrian -1 -1 -5.2684 177.7509 139.9268 291.2622 340.2810 1.8325 0.5749 0.9584 -3.7492 1.5310 7.0931 -5.7400 0.0888
Pedestrian -1 -1 -4.6922 1114.0189 136.5237 1169.5291 294.5166 1.8843 0.5427 0.9015 6.6652 1.4507 9.1293 -4.0774 0.0878
Car -1 -1 -7.9674 819.1479 173.1092 855.5718 200.8098 1.6620 1.7080 4.2221 14.2676 1.6786 45.5669 -7.6663 0.0801
Pedestrian -1 -1 -4.4303 476.5631 164.8235 508.5367 241.4679 1.7393 0.5493 0.7436 -2.7752 1.5567 16.7756 -4.5925 0.0743
Cyclist -1 -1 -7.7776 767.8250 174.7544 775.7670 198.1678 1.5884 0.4299 1.4473 11.1447 1.7213 49.8265 -7.5593 0.0705
Pedestrian -1 -1 -3.7944 185.7874 245.3083 252.2024 374.0000 1.0061 0.2912 0.3329 -3.0068 1.5741 5.4477 -4.2793 0.0676
Pedestrian -1 -1 -3.7268 831.0883 163.9047 849.0975 202.0740 1.9027 0.5540 0.6685 11.5419 1.4563 36.3259 -3.4219 0.0670
Car -1 -1 -4.4679 644.9042 173.0617 688.9798 201.5360 1.5750 1.6264 4.1016 3.3412 1.5875 42.1464 -4.3898 0.0606
Car -1 -1 -7.5837 1241.0000 134.8872 1241.0000 374.0000 1.6352 1.6763 4.1290 7.3409 1.4441 5.1508 -6.6516 0.0587
Pedestrian -1 -1 -2.5602 95.5410 169.6348 218.5313 374.0000 1.5806 0.4702 0.6964 -3.6927 1.5555 5.8190 -3.1058 0.0563
Pedestrian -1 -1 -5.4574 0.0000 126.9068 144.5591 374.0000 1.7963 0.5570 0.7951 -3.7342 1.5118 4.8124 -6.0913 0.0557
Car -1 -1 -4.8322 628.9061 176.2488 676.1965 211.8773 1.4668 1.6109 4.0764 1.7909 1.6278 32.1895 -4.7777 0.0546
Car -1 -1 -7.2287 0.0000 163.9843 128.4763 374.0000 1.6338 1.6757 3.8899 -4.9346 1.6033 4.5169 -8.0289 0.0530
Pedestrian -1 -1 -6.0091 550.4030 156.6714 576.8773 222.7358 1.9659 0.6335 0.6541 -1.4482 1.4840 21.8483 -6.0752 0.0512
Pedestrian -1 -1 -5.7516 562.2694 157.2126 594.0845 218.2048 2.0024 0.6699 0.8423 -1.1117 1.4886 24.1816 -5.7977 0.0512
Pedestrian -1 -1 -7.7026 583.1647 163.2518 609.7444 226.4161 1.8864 0.7181 0.6577 -0.4552 1.5994 21.9217 -7.7238 0.5162
Pedestrian -1 -1 -7.2014 896.8452 161.6833 930.3608 236.9514 1.7797 0.5898 0.4571 7.2795 1.5153 17.4305 -6.8124 0.2290
Pedestrian -1 -1 -3.5581 836.4708 162.2923 850.9023 201.3463 1.9485 0.5157 0.5254 11.7092 1.4213 36.2844 -3.2487 0.1877
Pedestrian -1 -1 -5.7243 937.3400 161.7386 981.9681 242.3797 1.7601 0.6277 0.6732 7.7955 1.5172 16.2017 -5.2836 0.1482
Cyclist -1 -1 -8.4543 879.2855 163.3089 924.9579 219.6361 1.6654 0.4358 1.6507 8.9099 1.3829 22.1865 -8.0775 0.1335
Pedestrian -1 -1 -7.2593 595.5187 168.4452 621.1353 221.1634 1.7756 0.6453 0.6143 -0.1031 1.6268 24.7373 -7.2641 0.1052
Pedestrian -1 -1 -3.3857 834.7235 162.6724 843.7215 198.4590 1.9373 0.5132 0.3521 12.4541 1.3859 39.3278 -3.0815 0.0666
Pedestrian -1 -1 -5.9013 545.3425 166.9027 572.8458 229.9149 1.7733 0.5639 0.6213 -1.5044 1.6055 20.6686 -5.9738 0.0577
Car -1 -1 -7.7242 552.4997 176.4850 652.4357 257.9364 1.4914 1.6176 4.1442 -0.0796 1.5802 15.5598 -7.7303 0.9759
Car -1 -1 -8.0123 815.1270 170.8000 964.9297 285.0103 1.5753 1.6477 3.7109 4.3691 1.5467 11.9273 -7.6700 0.9614
Car -1 -1 -7.9640 778.7392 174.3878 824.9508 210.4573 1.5294 1.5911 3.8688 8.6127 1.6031 32.7956 -7.7099 0.8410
Car -1 -1 -7.6716 595.9717 175.3063 680.7367 237.1548 1.5543 1.6520 4.3694 0.8755 1.6320 20.6296 -7.6306 0.7948
Car -1 -1 -7.7980 688.4159 174.2194 716.7932 198.6753 1.5231 1.6275 4.0755 6.0777 1.6165 47.3296 -7.6715 0.7501
Car -1 -1 -7.9619 806.2188 179.2397 892.4205 246.7581 1.4105 1.5410 3.5481 5.5810 1.5803 17.3225 -7.6559 0.5668
Car -1 -1 -7.9748 770.7469 173.8978 805.9315 199.4719 1.5236 1.6561 3.9925 11.0957 1.5918 45.2368 -7.7362 0.4191
Car -1 -1 -2.9017 554.2264 176.9684 666.4862 223.1879 1.5380 1.6033 3.6841 -0.0074 1.6897 25.4404 -2.9027 0.1187
Car -1 -1 -6.0597 603.8467 169.5156 669.9479 194.9827 1.6603 1.6629 4.1650 1.7831 1.4424 48.3782 -6.0235 0.1047
Car -1 -1 -8.0048 759.2543 163.0754 789.4353 189.8990 2.2107 1.8407 4.5800 14.0060 1.4045 61.8147 -7.7833 0.0811
Car -1 -1 -4.5904 756.8448 172.8948 785.9471 196.9315 1.6324 1.5659 3.8066 11.4222 1.6351 51.0645 -4.3719 0.0765
Car -1 -1 -7.8437 703.3126 167.2078 724.4156 189.4824 1.8222 1.7124 4.4378 8.8239 1.3600 61.3496 -7.7018 0.0605
Car -1 -1 -4.6650 625.8446 175.7334 660.2065 204.4592 1.4213 1.6315 4.1116 1.7588 1.5821 38.2482 -4.6199 0.0553
