Cyclist -1 -1 -6.0467 352.7298 168.3941 385.5258 198.8544 1.7756 0.5806 1.7417 -14.1900 1.5153 42.4227 -6.3679 0.4662
Pedestrian -1 -1 -4.7403 485.6732 165.8944 500.5678 207.5085 1.9304 0.6641 1.0294 -5.5598 1.6073 34.0387 -4.9014 0.3097
Cyclist -1 -1 -2.1135 129.7767 164.8863 186.0284 219.2091 1.6673 0.6607 1.8362 -14.3746 1.4224 22.8570 -2.6698 0.1918
Pedestrian -1 -1 -7.2128 279.1701 162.1393 295.4607 206.7974 1.9557 0.5644 0.3409 -14.2752 1.4862 31.8272 -7.6316 0.1748
Car -1 -1 -6.1621 376.3721 181.8700 434.4659 201.9716 1.5880 1.6132 4.4197 -16.7526 2.3410 59.1542 -6.4372 0.1299
Pedestrian -1 -1 -7.9916 513.9084 171.6258 526.5306 201.8675 1.8513 0.6705 0.8027 -5.5927 1.7758 44.6451 -8.1159 0.1257
Pedestrian -1 -1 -6.1533 128.3659 156.8485 154.6974 211.2854 1.8506 0.5804 0.6927 -16.2314 1.3062 24.9389 -6.7256 0.1189
Car -1 -1 -6.1956 40.8541 166.7507 135.2600 197.1317 1.5422 1.6442 3.9311 -27.6572 1.2321 38.3344 -6.8174 0.0789
Pedestrian -1 -1 -5.0219 147.3242 165.7439 172.1304 214.5853 1.8693 0.6422 0.6853 -17.5687 1.5968 28.0814 -5.5769 0.0785
Pedestrian -1 -1 -5.3451 1099.1390 228.9027 1209.6367 374.0000 1.2417 0.3896 0.4828 3.6608 1.6454 4.9544 -4.7378 0.0750
Car -1 -1 -3.3206 732.3101 163.1537 790.2504 182.8641 1.6175 1.6945 4.4916 12.5420 0.8211 60.1141 -3.1161 0.0744
Car -1 -1 -2.3233 0.0000 149.6578 87.7661 197.0773 1.5992 1.6161 4.2438 -21.0278 0.8166 25.4141 -3.0094 0.0679
Car -1 -1 -7.7805 523.4596 169.8342 547.9641 193.3451 1.9117 1.7410 4.3841 -6.2561 1.6659 60.8860 -7.8828 0.0668
Car -1 -1 -5.0970 628.2177 178.1560 683.6077 208.8624 1.5883 1.6135 4.2166 2.4635 1.9011 40.3550 -5.0370 0.0648
Car -1 -1 -2.3294 69.6743 165.9843 191.9725 205.3812 1.5447 1.6746 4.3191 -19.6721 1.2750 29.5970 -2.9120 0.0616
Pedestrian -1 -1 -8.1515 338.0690 175.2656 355.6282 209.3097 1.6313 0.6226 0.7090 -12.8474 1.7499 35.1115 -8.5002 0.0613
Pedestrian -1 -1 -5.2073 1048.2372 154.9124 1109.7970 269.2512 1.8738 0.6094 0.6960 7.8548 1.5795 12.1922 -4.6466 0.0569
Car -1 -1 -6.5751 0.0000 0.0000 1241.0000 374.0000 1.5040 1.5749 3.7975 -5.2582 1.6764 1.9632 -7.7423 0.0545
Car -1 -1 -5.1573 176.9204 169.8823 269.7831 215.3830 1.5009 1.5603 3.4460 -13.7108 1.4026 25.4517 -5.6473 0.0541
Pedestrian -1 -1 -6.0554 0.0000 145.2702 4.4496 201.1358 1.8232 0.5676 0.3271 -20.3748 0.9227 23.8745 -6.7565 0.0531
Car -1 -1 -7.8835 648.4496 161.9453 669.0118 187.5645 2.2257 1.7110 4.2219 4.3251 1.2777 64.8255 -7.8174 0.0527
Car -1 -1 -6.6808 543.1067 175.7673 603.4543 198.0573 1.6492 1.7165 4.3112 -2.8479 1.8800 55.5406 -6.7322 0.0526
Car -1 -1 -7.6041 420.2112 169.5371 452.6518 192.3719 1.9427 1.7679 4.3018 -15.2627 1.6602 63.5510 -7.8392 0.0523
Car -1 -1 -5.2918 311.1021 173.6201 375.9416 200.0166 1.5377 1.6302 4.2957 -16.3422 1.5862 44.0781 -5.6451 0.0522
Car -1 -1 -8.4330 750.7151 158.2723 792.7654 179.7388 1.9794 1.7690 4.4428 15.3783 0.6345 68.9231 -8.2145 0.0519
Pedestrian -1 -1 -7.9523 1030.0525 167.7168 1047.2706 210.3259 1.8255 0.6002 0.4175 18.5052 1.6051 31.2274 -7.4219 0.0511
Pedestrian -1 -1 -3.2579 751.2741 166.2816 787.2126 238.8735 1.8437 0.5875 0.8411 4.0586 1.6765 18.6573 -3.0478 0.0507
Pedestrian -1 -1 -4.5903 601.6582 173.6427 614.2175 205.3815 1.8668 0.6324 1.0064 -0.1548 1.9141 43.0034 -4.5944 0.5116
Pedestrian -1 -1 -8.7059 814.9167 166.3246 867.1450 263.4167 1.8117 0.6785 0.6833 4.4034 1.6896 13.9327 -8.4068 0.2612
Cyclist -1 -1 -2.6657 314.9355 166.2677 355.4117 204.8845 1.8557 0.6195 1.7503 -13.3965 1.5389 35.0800 -3.0283 0.2581
Cyclist -1 -1 -2.3164 410.7550 174.7035 465.9269 230.3523 1.7236 0.6165 1.8729 -5.5723 1.7847 23.1774 -2.5503 0.1705
Pedestrian -1 -1 -7.0650 279.4059 162.4873 295.4353 206.8848 1.9420 0.5607 0.3534 -14.2707 1.4882 31.8265 -7.4836 0.1676
Cyclist -1 -1 -7.1388 1041.3401 169.8660 1079.2275 205.1041 1.8248 0.6950 1.7849 23.6497 1.6697 37.9617 -6.5855 0.1190
Pedestrian -1 -1 -8.0149 1210.1761 155.3692 1241.0000 211.8174 1.6977 0.6591 0.5790 18.8312 1.1715 22.1178 -7.3163 0.1083
Pedestrian -1 -1 -8.4917 1044.0687 164.5592 1141.6036 320.3953 1.7601 0.7135 0.6361 5.6058 1.6661 8.4918 -7.9250 0.1031
Cyclist -1 -1 -8.0419 246.3774 171.5303 258.9330 199.3944 1.6285 0.3894 1.5416 -21.2873 1.5508 42.9011 -8.5003 0.0901
Pedestrian -1 -1 -2.6285 316.6176 165.5931 337.5060 203.5987 1.8849 0.6015 0.7792 -14.2074 1.5245 36.1379 -3.0009 0.0825
Pedestrian -1 -1 -7.3450 796.9174 179.6364 878.2164 313.6805 1.5896 0.7358 0.7003 2.8174 1.6798 9.1158 -7.0556 0.0776
Pedestrian -1 -1 -8.0786 877.8118 145.5348 948.0604 310.7134 1.9491 0.6278 0.8034 3.6829 1.6264 8.9587 -7.7012 0.0570
Pedestrian -1 -1 -5.2824 1014.5620 157.3427 1101.5553 310.9265 1.8043 0.7998 0.4060 5.3304 1.6218 8.6937 -4.7483 0.0559
Cyclist -1 -1 -5.1673 1194.4397 153.2598 1241.0000 211.0874 1.6962 0.6393 1.5799 18.5838 1.1212 22.0075 -4.4728 0.0538
Cyclist -1 -1 -7.7209 251.4046 172.2498 264.0016 200.0063 1.6266 0.4837 1.4664 -21.0517 1.5909 43.0563 -8.1734 0.0507
Pedestrian -1 -1 -7.0930 781.6988 171.6797 835.5613 257.2824 1.7408 0.7103 0.8416 4.1273 1.7166 15.1960 -6.8337 0.0501
Cyclist -1 -1 -8.1173 827.9673 168.2960 875.9355 262.5330 1.7320 0.4692 1.5963 4.6375 1.6479 14.0695 -7.8060 0.0500
Car -1 -1 -6.0232 391.8740 182.3061 530.1581 223.6832 1.3950 1.6634 4.5548 -5.2926 1.7444 25.7307 -6.2245 0.9441
Car -1 -1 -6.4265 691.8136 179.1190 841.3923 231.4970 1.4665 1.7086 4.1241 4.4971 1.6606 21.4130 -6.2230 0.9283
Car -1 -1 -5.6169 0.0000 174.4112 278.1590 353.3833 1.6407 1.7161 4.2016 -6.0035 1.6585 7.5058 -6.2745 0.9063
Car -1 -1 -2.5853 0.0000 190.3962 348.6355 304.1950 1.3838 1.4873 4.1179 -5.9368 1.6412 9.8099 -3.1180 0.8752
Car -1 -1 -6.4688 675.6752 172.8092 809.8248 225.3976 1.7446 1.7386 4.2851 4.4428 1.7428 24.8302 -6.2945 0.7081
Car -1 -1 -3.0215 475.4695 179.1232 551.2162 204.8678 1.4457 1.6210 4.1816 -5.5871 1.8155 41.7615 -3.1541 0.5419
Car -1 -1 -8.1234 1011.9463 175.2609 1064.6959 203.9130 1.4836 1.5703 3.6005 23.4160 1.6220 39.6294 -7.5933 0.3345
Car -1 -1 -3.0890 444.5364 178.3539 536.4656 209.1929 1.4764 1.6992 4.4280 -5.9442 1.7589 36.0191 -3.2519 0.2893
Car -1 -1 -6.7199 799.1576 166.6580 1144.5369 309.2910 1.6965 1.7091 3.6661 4.4810 1.6225 9.4495 -6.2901 0.2803
Car -1 -1 -3.2818 1097.8025 159.0196 1241.0000 207.4998 1.4487 1.6180 4.0503 18.1947 1.0350 23.2658 -2.6244 0.2750
Car -1 -1 -7.2278 0.0000 155.3031 61.4090 191.3041 1.6862 1.6571 3.7982 -29.4061 0.8639 35.7393 -7.9127 0.1755
Car -1 -1 -5.8823 473.8548 178.3966 548.8556 206.1933 1.4680 1.5769 3.7912 -5.4743 1.7836 39.8655 -6.0183 0.1259
Car -1 -1 -4.7154 247.7514 171.8934 277.9605 198.9371 1.5803 1.6043 3.9195 -21.3343 1.5239 44.2763 -5.1623 0.1155
Car -1 -1 -4.7156 234.7905 173.8148 270.5342 204.9791 1.5189 1.5827 3.7707 -18.5228 1.5710 37.3319 -5.1735 0.1147
Car -1 -1 -1.8445 0.0000 168.5565 0.0000 374.0000 1.6268 1.6042 4.0260 -7.1207 1.6043 5.2294 -2.7572 0.0726
Car -1 -1 -4.3440 481.3904 180.4755 543.1038 215.0174 1.4472 1.5543 3.7652 -4.4599 1.8182 33.1309 -4.4773 0.0617
Car -1 -1 -4.7261 971.7921 174.4881 1007.4163 203.8259 1.5353 1.6769 4.0439 21.0512 1.6310 40.1868 -4.2470 0.0572
Car -1 -1 -5.0241 408.1932 178.2307 470.3330 211.1975 1.4128 1.6146 4.2226 -8.1160 1.6815 33.8710 -5.2579 0.0514
