Pedestrian -1 -1 -3.5123 724.4438 164.4789 736.1989 188.2536 1.8698 0.5119 0.7831 9.9207 0.6098 55.9346 -3.3360 0.4410
Pedestrian -1 -1 -4.3924 38.9766 207.3958 59.4580 247.3021 1.1052 0.3497 0.3990 -15.8812 1.8817 20.1591 -5.0505 0.1085
Pedestrian -1 -1 -3.4429 994.6426 144.4043 1071.6525 278.9749 1.7987 0.4038 0.8216 5.8297 1.3166 9.7392 -2.9160 0.1007
Pedestrian -1 -1 -7.1547 910.7753 159.4201 922.4493 192.1947 1.7445 0.5039 0.2902 16.6978 0.6226 37.9253 -6.7413 0.0818
Pedestrian -1 -1 -6.1530 509.5865 166.9997 520.7853 188.5399 1.8459 0.4766 0.9012 -7.7110 0.6889 60.8312 -6.2766 0.0757
Pedestrian -1 -1 -5.4634 466.5105 175.4223 477.7109 196.2077 1.6487 0.5356 0.7163 -10.6128 1.2459 56.5129 -5.6464 0.0722
Pedestrian -1 -1 -7.1923 588.0492 168.3423 597.1958 186.9334 1.7549 0.6326 0.6017 -1.1531 0.6072 67.1736 -7.2076 0.0681
Car -1 -1 -7.4353 45.0586 172.2381 109.2540 204.3758 1.9164 1.7366 3.9894 -32.9800 1.4239 44.2971 -8.0702 0.0653
Pedestrian -1 -1 -3.8830 245.0171 172.8832 264.8439 209.7051 1.9229 0.6159 0.7098 -18.5139 1.5253 37.3667 -4.3380 0.0645
Pedestrian -1 -1 -4.7121 129.4855 175.1130 148.3286 219.9211 1.8995 0.6714 0.8592 -20.1361 1.6713 30.5156 -5.2890 0.0625
Pedestrian -1 -1 -4.8366 120.0747 173.8746 136.1970 215.6174 2.0231 0.5781 0.6936 -23.4369 1.7022 34.7197 -5.4245 0.0603
Car -1 -1 -7.2998 1210.5455 139.4207 1223.0000 369.0000 1.5612 1.6457 4.3014 7.6245 1.2871 5.8024 -6.4042 0.0536
Car -1 -1 -4.3777 420.6438 176.1448 454.9518 193.9476 1.4260 1.5679 3.9009 -13.8144 1.0771 58.6560 -4.6061 0.0514
Cyclist -1 -1 -5.1892 877.0936 158.0540 907.3618 196.6263 1.7744 0.5469 1.8205 13.5518 0.7420 33.4582 -4.8059 0.4908
Pedestrian -1 -1 -7.9365 279.6970 179.5144 312.9736 259.1651 1.5782 0.5746 0.6512 -6.3500 1.5591 14.4321 -8.3412 0.4351
Pedestrian -1 -1 -3.4399 963.4670 148.2335 1014.6643 220.7150 1.9007 0.5119 1.0985 10.2120 1.0549 18.8975 -2.9497 0.3484
Pedestrian -1 -1 -3.3368 988.1557 153.7214 1026.7432 223.6216 1.7637 0.6166 0.7558 10.3355 1.0883 18.2498 -2.8272 0.2536
Pedestrian -1 -1 -3.7806 788.5703 162.6691 806.8258 195.8681 1.7510 0.5942 0.7280 10.2573 0.8107 37.7008 -3.5153 0.2481
Pedestrian -1 -1 -3.1984 775.4913 158.0738 793.2863 191.2033 1.8825 0.5885 0.9563 10.2729 0.6083 40.5561 -2.9504 0.1735
Cyclist -1 -1 -8.1431 986.5667 155.7924 1025.3429 224.1905 1.6919 0.3840 1.7317 10.3560 1.0811 18.3768 -7.6355 0.1499
Pedestrian -1 -1 -8.3432 986.3085 148.7170 1007.5363 188.7174 1.8972 0.7824 0.4151 18.6830 0.3899 33.7486 -7.8398 0.1492
Pedestrian -1 -1 -4.9745 1020.6566 149.0750 1042.4886 189.6322 1.8748 0.6982 0.7690 19.9706 0.4223 33.1493 -4.4348 0.1472
Pedestrian -1 -1 -5.6267 1160.4781 173.2374 1196.6841 240.5458 1.3184 0.4064 0.3951 11.3801 1.1765 14.0899 -4.9566 0.1302
Cyclist -1 -1 -8.1310 798.7750 165.5832 817.7515 197.9521 1.6322 0.5134 1.6193 10.4540 0.8802 36.4624 -7.8523 0.1147
Cyclist -1 -1 -6.8589 36.0773 185.0117 105.3926 245.9765 1.6995 0.4728 1.6177 -15.6277 1.8371 20.6755 -7.4972 0.1119
Cyclist -1 -1 -8.8786 1009.1359 158.4611 1086.6138 225.9883 1.6151 0.4809 1.6300 11.0401 1.0883 17.7459 -8.3284 0.0981
Pedestrian -1 -1 -6.1977 1114.6477 157.7459 1142.4700 223.0450 1.5742 0.5293 0.5115 12.8522 1.0260 17.4125 -5.5689 0.0954
Cyclist -1 -1 -3.2254 1109.9158 159.1704 1221.3430 246.9305 1.6640 0.6705 1.6880 11.1117 1.2600 14.1456 -2.5688 0.0918
Pedestrian -1 -1 -6.0893 877.2130 157.1945 891.0858 197.4146 1.8645 0.5857 0.5030 13.0708 0.7843 33.1586 -5.7154 0.0900
Cyclist -1 -1 -8.1095 976.8901 150.9487 1011.0117 223.3038 1.8367 0.3460 1.7702 10.3069 1.0869 18.8490 -7.6145 0.0837
Pedestrian -1 -1 -8.4781 773.1948 166.9633 788.2681 196.2467 1.6207 0.5533 0.6302 9.8090 0.8716 39.5279 -8.2351 0.0827
Cyclist -1 -1 -8.6100 871.1425 159.3031 908.7512 198.2333 1.7745 0.5155 1.8327 13.3283 0.8085 33.1757 -8.2296 0.0810
Pedestrian -1 -1 -6.2665 563.1191 168.9251 573.1622 196.2117 1.7400 0.6581 0.6330 -2.3714 1.0019 45.4254 -6.3166 0.0783
Pedestrian -1 -1 -5.4230 1146.6053 166.1947 1191.7148 242.6305 1.4914 0.4958 0.4970 11.1615 1.2126 14.0561 -4.7612 0.0772
Pedestrian -1 -1 -8.3813 593.0897 168.9965 603.3407 192.2027 1.7535 0.5974 0.5244 -0.5117 0.8843 53.8044 -8.3890 0.0754
Cyclist -1 -1 -2.7601 23.8511 185.0035 97.5913 246.0733 1.7084 0.5548 1.5892 -15.6600 1.8412 20.3257 -3.4074 0.0739
Pedestrian -1 -1 -7.6248 1035.9421 153.0757 1056.8743 191.9211 1.7936 0.7266 0.5486 20.6400 0.5275 33.0976 -7.0698 0.0737
Cyclist -1 -1 -7.1623 31.6605 186.6288 92.9446 247.0110 1.6809 0.4712 1.6502 -15.8808 1.8677 20.6869 -7.8081 0.0720
Cyclist -1 -1 -3.0151 869.8691 154.5196 912.0862 194.7551 1.8607 0.6523 1.7822 13.4898 0.6594 33.4158 -2.6330 0.0715
Cyclist -1 -1 -6.8407 0.0000 185.8978 68.3496 253.2709 1.6916 0.5299 1.6303 -15.3052 1.8415 18.7461 -7.5155 0.0705
Cyclist -1 -1 -7.5602 0.0000 187.2201 20.5226 255.4197 1.7178 0.4510 1.6839 -16.2017 1.9054 18.8418 -8.2606 0.0698
Cyclist -1 -1 -4.9435 773.0405 160.1514 790.4551 192.6279 1.8217 0.5845 1.7302 10.1089 0.6804 40.5299 -4.6992 0.0697
Pedestrian -1 -1 -5.6710 1049.2069 166.0751 1079.7754 224.2936 1.4230 0.4496 0.4638 11.3812 1.0707 17.5817 -5.1030 0.0693
Cyclist -1 -1 -7.6651 809.2339 163.0584 826.1675 197.3972 1.7322 0.5473 1.6117 10.9723 0.8525 36.5075 -7.3739 0.0692
Pedestrian -1 -1 -6.0095 1181.2993 166.9330 1217.7418 243.0758 1.4606 0.5461 0.4209 11.6337 1.2007 13.8917 -5.3220 0.0663
Pedestrian -1 -1 -4.9617 1174.3218 163.0512 1203.6272 220.0066 1.3780 0.4580 0.4414 14.3249 0.9561 17.4023 -4.2802 0.0662
Cyclist -1 -1 -8.0761 999.1967 155.0119 1035.4768 223.8465 1.6988 0.4281 1.7245 10.6298 1.0701 18.3365 -7.5565 0.0644
Pedestrian -1 -1 -7.5622 1041.7953 149.9593 1063.4574 191.0732 1.8979 0.7357 0.5308 20.9261 0.4883 33.0907 -7.0009 0.0599
Cyclist -1 -1 -8.7206 1016.5057 155.8538 1088.5096 224.0669 1.6533 0.4124 1.6699 11.3108 1.0563 17.9949 -8.1657 0.0584
Cyclist -1 -1 -8.1914 768.2332 162.6646 786.5800 193.8696 1.7343 0.4817 1.6759 9.7679 0.7432 40.1535 -7.9528 0.0550
Pedestrian -1 -1 -3.5751 42.9153 199.5006 69.1816 245.3908 1.2774 0.4148 0.4641 -15.7460 1.8296 20.2339 -4.2272 0.0546
Pedestrian -1 -1 -8.0135 1080.0278 150.2099 1101.2034 191.7772 1.9084 0.7492 0.4322 22.5111 0.5179 32.8157 -7.4150 0.0541
Cyclist -1 -1 -5.6208 246.2391 177.9338 338.9437 258.7398 1.5777 0.6502 1.6778 -6.3712 1.5280 14.3304 -6.0292 0.0531
Cyclist -1 -1 -2.0004 0.0000 188.6229 14.3016 259.2169 1.7496 0.6297 1.7611 -16.2169 1.9679 18.3246 -2.7147 0.0528
Cyclist -1 -1 -8.1105 583.9539 165.9982 593.3610 184.1608 1.7247 0.4911 1.6997 -1.5537 0.3475 68.0264 -8.1314 0.0524
Pedestrian -1 -1 -7.1257 486.1997 170.2584 503.2662 204.1717 1.8024 0.7465 0.5251 -5.9416 1.2582 38.0017 -7.2778 0.0520
Pedestrian -1 -1 -7.8152 588.8090 168.2156 596.1763 186.9750 1.7745 0.6778 0.5687 -1.1643 0.6124 67.1747 -7.8307 0.0515
Cyclist -1 -1 -6.7644 1011.5520 148.8232 1057.4325 187.7234 1.8171 0.6499 1.7506 20.2583 0.3376 33.4055 -6.2217 0.0512
Cyclist -1 -1 -3.8390 1092.4647 155.8484 1176.6979 224.4131 1.6575 0.5405 1.7215 12.9906 1.0619 17.4172 -3.2052 0.0510
Cyclist -1 -1 -7.4712 0.0000 189.4394 38.1914 256.3533 1.6828 0.4452 1.7282 -15.8657 1.9335 18.9108 -8.1595 0.0507
Pedestrian -1 -1 -5.6405 582.8577 168.7088 594.8214 193.9179 1.7546 0.5683 0.6231 -1.1340 0.9339 49.6230 -5.6615 0.0503
Pedestrian -1 -1 -7.5793 1061.4724 151.5823 1082.2236 190.9831 1.8064 0.6953 0.5012 21.6623 0.4808 32.8435 -6.9990 0.0503
Cyclist -1 -1 -8.1001 587.4499 166.5907 596.2849 184.3667 1.6885 0.4725 1.6113 -1.2439 0.3671 67.9994 -8.1165 0.0502
Car -1 -1 -7.1746 0.0000 201.6328 288.5658 369.0000 1.4759 1.5406 3.7161 -3.1401 1.6334 3.3825 -7.8758 0.7592
Car -1 -1 -4.5669 0.0000 184.7347 21.4500 214.6756 1.4890 1.6061 4.1112 -32.7062 1.7294 37.9437 -5.2726 0.3245
Car -1 -1 -4.4369 84.8834 182.1555 131.8970 206.5730 1.5899 1.5981 3.9887 -33.9768 1.7084 48.4736 -5.0435 0.2111
Car -1 -1 -7.9221 271.6275 184.1712 358.7125 256.5630 1.4293 1.5957 3.9464 -6.8118 1.5253 16.2978 -8.3094 0.1777
Car -1 -1 -4.9343 504.8315 170.6481 534.3965 190.6418 1.5665 1.5783 3.8594 -6.9640 0.7946 57.4790 -5.0525 0.1528
Car -1 -1 -5.1686 413.5751 176.7878 458.0760 200.3064 1.4956 1.4864 3.4799 -11.2238 1.2596 46.7776 -5.4009 0.1279
Car -1 -1 -8.0539 478.1506 171.4455 522.1110 200.8293 1.5810 1.6814 4.1842 -6.0414 1.0940 40.2963 -8.1998 0.1123
Car -1 -1 -6.2967 1156.3239 161.8618 1223.0000 195.2038 1.4410 1.5728 3.6634 27.5345 0.6357 32.3284 -5.5945 0.1118
Car -1 -1 -7.7826 588.2231 168.3551 607.4542 183.7774 1.4633 1.6008 3.8895 -0.6489 0.3108 69.0783 -7.7902 0.1078
Car -1 -1 -7.8073 555.0765 170.2984 580.6921 193.8911 1.5219 1.5482 3.4628 -2.4570 0.8639 47.3432 -7.8570 0.0967
Car -1 -1 -4.8453 456.2534 172.9707 482.1458 192.3679 1.5374 1.5820 3.9946 -11.1945 0.9406 58.1840 -5.0326 0.0896
Car -1 -1 -4.8612 307.0526 176.4275 347.4318 205.4114 1.6658 1.6859 4.1875 -16.8911 1.4319 42.8727 -5.2323 0.0768
Car -1 -1 -4.8379 448.7241 173.1281 476.8682 195.0855 1.5932 1.6099 3.9312 -10.7719 1.0583 53.4225 -5.0340 0.0731
Car -1 -1 -4.3680 284.6838 179.4316 350.9142 212.9057 1.5797 1.6670 4.4516 -14.3818 1.5295 35.6204 -4.7470 0.0727
Car -1 -1 -5.1415 74.8496 193.1273 155.2628 227.6009 1.4120 1.5129 3.8763 -22.0878 2.0098 31.8130 -5.7422 0.0657
Car -1 -1 -2.2814 0.0000 196.6705 17.9911 262.6267 1.5389 1.6109 4.0609 -17.5721 1.9733 17.9830 -3.0449 0.0612
Car -1 -1 -4.6094 350.6523 177.3101 386.8087 204.6016 1.5807 1.6651 4.1049 -14.3667 1.3960 43.1341 -4.9270 0.0528
Car -1 -1 -4.5392 34.1147 182.7709 87.2713 210.8577 1.4554 1.6355 4.0753 -30.0897 1.5883 39.1750 -5.1886 0.0524
