Pedestrian -1 -1 -3.9989 259.4185 170.0582 278.0396 222.0480 1.9131 0.5446 0.3259 -12.7115 1.8099 26.7808 -4.4386 0.0726
Pedestrian -1 -1 -3.9903 598.6926 161.0330 615.4014 198.5265 1.8324 0.5893 0.5810 -0.1861 1.2544 35.6752 -3.9959 0.0724
Car -1 -1 -7.9291 384.2465 169.3764 416.4804 195.9093 1.5552 1.6064 4.0432 -12.9906 1.3511 44.4673 -8.2120 0.0686
Pedestrian -1 -1 -8.0751 627.2724 159.9316 642.3940 197.3981 1.8045 0.6374 0.5087 1.1640 1.1819 35.0620 -8.0426 0.0678
Pedestrian -1 -1 -7.6142 661.4336 163.5669 675.8113 199.3723 1.6502 0.5802 0.4364 2.6855 1.2219 33.5519 -7.5355 0.0658
Car -1 -1 -8.0660 473.1963 169.4614 519.6354 201.4413 1.5629 1.6518 3.5387 -5.9405 1.3968 37.2102 -8.2236 0.0541
Car -1 -1 -8.3982 464.7472 157.0958 508.5160 180.9911 2.0433 1.7546 4.4836 -10.9945 0.6955 63.9692 -8.5679 0.0524
Cyclist -1 -1 -4.3483 232.7290 186.2806 286.8526 264.6229 1.6207 0.5153 1.6782 -7.8239 1.9355 16.0780 -4.7952 0.0506
Cyclist -1 -1 -3.8318 0.0000 164.4541 152.5803 345.9041 1.8395 0.6799 1.8607 -6.3907 1.7541 8.2993 -4.4728 0.3487
Pedestrian -1 -1 -3.5121 716.4234 160.6104 759.6337 243.1483 1.7636 0.6006 0.7629 2.7424 1.5017 15.7884 -3.3441 0.2474
Pedestrian -1 -1 -3.7005 1103.7374 133.4772 1160.7058 238.0697 1.7394 0.5195 0.5987 8.8183 1.0843 12.2746 -3.0890 0.1667
Pedestrian -1 -1 -4.5988 0.0000 189.5977 61.1175 347.0326 1.6438 0.5751 0.7214 -6.6130 1.8418 8.0892 -5.2682 0.1450
Pedestrian -1 -1 -4.9216 47.2400 168.2955 121.8333 330.9667 1.8399 0.6078 0.6189 -6.3148 1.7880 8.5941 -5.5408 0.1298
Cyclist -1 -1 -7.7558 665.5394 164.6189 684.7662 220.3231 1.7420 0.4645 1.6968 2.0793 1.4842 23.4406 -7.6691 0.1194
Pedestrian -1 -1 -4.9518 1201.4355 118.5640 1241.0000 243.6644 1.7892 0.5344 0.6991 9.1970 1.0124 10.7508 -4.2576 0.1178
Pedestrian -1 -1 -3.7727 1029.6639 140.0919 1079.2281 231.1652 1.6794 0.5569 0.5769 8.3205 1.0750 13.6093 -3.2337 0.1164
Pedestrian -1 -1 -3.7033 1118.6603 139.2661 1176.9348 241.5068 1.6619 0.5191 0.5895 8.8829 1.1157 12.0064 -3.0782 0.1135
Pedestrian -1 -1 -3.8799 1138.1294 146.8597 1196.6715 246.1759 1.5668 0.4939 0.5626 8.9405 1.1564 11.6560 -3.2379 0.1119
Cyclist -1 -1 -4.1698 103.6569 172.3659 208.6366 298.0879 1.7601 0.5364 1.6998 -6.8832 1.7529 10.9533 -4.7204 0.1112
Pedestrian -1 -1 -3.9989 1079.5690 144.0480 1133.8922 239.1511 1.6213 0.5042 0.6167 8.6312 1.1299 12.6253 -3.4103 0.1067
Cyclist -1 -1 -8.1910 547.3825 166.4741 570.0605 205.3851 1.7328 0.4858 1.7354 -2.4000 1.4484 33.0245 -8.2634 0.0864
Cyclist -1 -1 -8.0353 740.8828 160.6454 783.9572 248.6370 1.7267 0.5629 1.7028 3.0933 1.4868 15.0152 -7.8369 0.0863
Pedestrian -1 -1 -3.8862 1007.6924 142.4037 1051.9512 229.4609 1.6702 0.5540 0.5099 8.1852 1.0857 14.1707 -3.3716 0.0822
Pedestrian -1 -1 -3.7139 1170.4769 134.5727 1227.4359 243.2223 1.6570 0.5023 0.4936 9.1393 1.0729 11.2776 -3.0457 0.0781
Pedestrian -1 -1 -3.7248 1069.4781 147.1600 1116.5768 235.8037 1.5558 0.4791 0.5204 8.5774 1.1046 12.9054 -3.1489 0.0772
Pedestrian -1 -1 -5.4924 811.5865 148.3519 862.3863 237.7493 1.8035 0.6207 0.8084 4.6768 1.3089 15.0588 -5.1974 0.0760
Pedestrian -1 -1 -3.7577 1053.2917 139.4965 1099.8267 232.5257 1.6720 0.5586 0.4812 8.5116 1.0722 13.2602 -3.1973 0.0745
Pedestrian -1 -1 -3.6834 1016.4390 141.3806 1066.3643 230.6527 1.6838 0.5314 0.6401 8.2358 1.0898 13.8796 -3.1574 0.0722
Pedestrian -1 -1 -7.8167 571.2338 166.6541 586.4094 208.6026 1.8503 0.6540 0.6168 -1.4279 1.5765 32.1365 -7.8613 0.0719
Cyclist -1 -1 -3.6587 754.0231 153.4164 846.8106 240.3556 1.7250 0.6436 1.7628 3.8636 1.3390 14.8600 -3.4099 0.0698
Pedestrian -1 -1 -3.8349 984.5151 143.7065 1028.8176 228.0560 1.6667 0.5455 0.5657 7.9566 1.0905 14.5816 -3.3442 0.0657
Pedestrian -1 -1 -5.4129 837.6440 144.0174 889.0163 233.7276 1.8193 0.6001 0.8617 5.2534 1.2342 15.1431 -5.0855 0.0634
Cyclist -1 -1 -6.7223 566.1642 164.8090 609.4377 203.7488 1.7151 0.6552 1.8446 -1.0382 1.3605 32.4913 -6.7544 0.0622
Pedestrian -1 -1 -4.5057 941.1706 148.9774 972.8244 228.1437 1.6848 0.5163 0.5964 7.5232 1.1764 15.7490 -4.0677 0.0580
Pedestrian -1 -1 -7.8653 563.8881 167.7536 579.6218 209.0646 1.8113 0.6879 0.5927 -1.7394 1.5874 31.9542 -7.9198 0.0555
Pedestrian -1 -1 -4.9828 591.4064 161.4558 610.8014 203.3227 1.8717 0.6622 0.9034 -0.4509 1.3618 32.7830 -4.9969 0.0538
Pedestrian -1 -1 -2.3976 174.5532 168.2915 235.7009 281.5462 1.8806 0.6118 0.6787 -6.9800 1.8045 12.3583 -2.9030 0.0531
Cyclist -1 -1 -2.8120 545.1959 166.6990 588.4582 206.0164 1.7232 0.7279 1.7889 -1.9664 1.4531 32.2113 -2.8730 0.0504
Car -1 -1 -4.2408 0.0000 193.3266 291.5165 374.0000 1.5053 1.6375 4.2399 -4.5853 1.7585 6.7383 -4.8206 0.9467
Car -1 -1 -7.9373 387.7738 170.7654 428.7759 204.6240 1.5984 1.6439 4.1165 -10.2290 1.4995 36.2775 -8.2106 0.8905
Car -1 -1 -3.7053 721.8987 154.0385 917.0096 240.2409 1.6928 1.6954 3.7017 4.4133 1.3230 15.5146 -3.4338 0.1504
Car -1 -1 -6.7782 549.6416 167.2387 642.8038 203.9324 1.6149 1.6779 4.0055 -0.6643 1.3675 33.4724 -6.7984 0.1207
Car -1 -1 -3.9501 1208.2148 128.6896 1241.0000 272.5488 1.4332 1.5471 4.2275 9.3980 0.9929 8.0395 -3.1047 0.1176
Car -1 -1 -4.5655 176.3262 202.0644 286.3581 280.8449 1.2775 1.4819 3.7451 -7.8780 1.9741 15.2030 -5.0370 0.0982
Car -1 -1 -6.8171 657.6331 152.3624 761.6844 192.9642 1.6640 1.6720 4.1839 4.2630 0.8239 31.1541 -6.6827 0.0742
