Pedestrian -1 -1 -7.8878 737.3071 161.4731 751.6447 199.5674 1.8030 0.6489 0.5554 6.8197 0.8554 34.3243 -7.6981 0.0859
Pedestrian -1 -1 -5.1259 571.6725 159.3085 590.3130 200.8393 2.0013 0.7033 0.6557 -1.0106 0.9322 35.0639 -5.1595 0.0839
Pedestrian -1 -1 -8.1824 759.3377 156.7672 776.0345 197.2851 1.9392 0.6213 0.6034 8.0194 0.7557 34.7126 -7.9619 0.0788
Pedestrian -1 -1 -8.1593 587.2207 163.8482 604.8823 201.2088 1.8185 0.7125 0.6240 -0.2778 0.9596 35.3724 -8.1721 0.0669
Pedestrian -1 -1 -4.8267 272.2554 193.1072 306.5096 283.5540 1.4629 0.4767 0.4495 -5.2647 1.6627 12.0128 -5.2375 0.0596
Pedestrian -1 -1 -5.0046 778.4418 156.4214 803.9884 211.7431 1.8352 0.6639 0.6620 6.3545 1.0037 24.1750 -4.7552 0.0589
Car -1 -1 -8.0489 407.6655 171.5902 457.0316 207.9207 1.6208 1.5815 3.6405 -8.0681 1.1789 34.0300 -8.2850 0.0568
Car -1 -1 -6.6565 612.2175 171.3771 702.2672 205.7753 1.5421 1.5908 3.8781 2.5812 1.0886 33.5409 -6.5854 0.0561
Pedestrian -1 -1 -4.0308 0.0000 163.3894 120.5157 366.1864 1.8187 0.5465 0.9348 -5.2820 1.6570 6.9206 -4.6707 0.0546
Car -1 -1 -7.8343 1083.7651 182.9100 1237.0000 308.0714 1.4171 1.5955 4.0037 7.9628 1.4419 10.2484 -7.1914 0.0533
Car -1 -1 -8.5736 1102.1333 193.1652 1237.0000 373.0000 1.4805 1.6112 3.8842 3.3441 1.5511 2.2406 -7.6518 0.0519
Pedestrian -1 -1 -6.4667 556.6744 170.2970 589.4777 225.6470 1.7087 0.6027 0.9326 -0.9246 1.3633 22.5753 -6.5124 0.8353
Pedestrian -1 -1 -4.6626 369.0950 171.4680 440.2239 324.5467 1.7007 0.7708 0.7687 -2.3388 1.5900 8.4396 -4.9311 0.7483
Pedestrian -1 -1 -2.6891 712.1807 161.7964 745.7514 228.2013 1.7442 0.7039 0.6514 3.4027 1.2272 19.3435 -2.5225 0.3159
Cyclist -1 -1 -7.9686 689.9904 162.8233 720.2340 236.5202 1.7613 0.5409 1.7022 2.5475 1.3154 18.0231 -7.8354 0.3023
Cyclist -1 -1 -5.8516 439.1990 171.7111 522.0146 250.4341 1.7078 0.5782 1.7464 -2.7413 1.4960 16.0871 -6.0232 0.2838
Cyclist -1 -1 -5.0807 763.4275 191.0749 852.0814 308.7148 1.3760 0.5796 1.4842 2.5782 1.5108 9.2967 -4.8231 0.2522
Pedestrian -1 -1 -7.5290 849.8998 151.8592 868.8781 192.2083 1.9427 0.7341 0.5563 12.5685 0.5158 35.0308 -7.1918 0.2115
Pedestrian -1 -1 -6.4799 694.0339 163.7351 733.0049 235.5117 1.7329 0.6702 0.8279 2.7169 1.3045 17.6984 -6.3351 0.1921
Pedestrian -1 -1 -4.0577 895.3315 149.4965 952.0932 257.5180 1.8801 0.6070 0.7481 5.7636 1.3237 12.9500 -3.6518 0.1702
Pedestrian -1 -1 -5.0264 774.6707 197.6711 821.2689 300.9018 1.3233 0.4608 0.4953 2.5579 1.5449 9.5523 -4.7773 0.1653
Pedestrian -1 -1 -4.5061 800.9210 168.2258 831.0537 236.3554 1.5816 0.5575 0.7331 5.0834 1.2740 17.1298 -4.2270 0.1587
Cyclist -1 -1 -4.9160 767.4564 160.8927 798.0109 223.7527 1.7125 0.4859 1.7212 5.1076 1.1516 20.4380 -4.6792 0.1587
Pedestrian -1 -1 -4.9516 811.4634 193.0943 875.9075 318.7181 1.3846 0.5551 0.6612 2.7435 1.5253 8.3290 -4.6485 0.1475
Pedestrian -1 -1 -5.8073 835.2971 184.7166 893.1692 301.2519 1.4526 0.5007 0.5415 3.3688 1.4967 9.3430 -5.4758 0.1434
Pedestrian -1 -1 -4.9242 1073.7728 209.7411 1183.4172 373.0000 1.3503 0.4439 0.6312 3.4318 1.5542 4.7903 -4.3339 0.1426
Pedestrian -1 -1 -4.8733 831.3259 151.5691 866.1972 232.7195 1.8411 0.6259 0.8833 5.7291 1.1626 16.7828 -4.5543 0.1406
Cyclist -1 -1 -4.4967 388.7212 177.7692 466.5597 325.2603 1.6205 0.5811 1.6502 -2.1148 1.5802 8.7237 -4.7339 0.1156
Cyclist -1 -1 -4.9822 768.9604 157.6750 804.7967 220.4816 1.7489 0.5369 1.7747 5.3413 1.0860 20.8974 -4.7401 0.1044
Pedestrian -1 -1 -8.0155 272.8828 175.0808 314.8857 279.0498 1.7212 0.5684 0.6192 -5.3158 1.6155 12.3056 -8.4212 0.0963
Pedestrian -1 -1 -8.9075 876.4183 194.9364 950.3617 333.3333 1.3556 0.4468 0.5597 3.1859 1.5026 7.4635 -8.5224 0.0934
Cyclist -1 -1 -7.0031 729.7876 158.6975 762.3938 193.2460 1.8109 0.6140 1.7379 7.7215 0.6159 38.3548 -6.8106 0.0909
Cyclist -1 -1 -7.7412 263.1859 168.7563 306.1043 279.1284 1.7595 0.4853 1.7170 -5.4606 1.5569 12.3429 -8.1555 0.0898
Pedestrian -1 -1 -4.0481 777.9958 154.7748 813.1083 219.2649 1.8323 0.6304 0.7985 5.6166 1.0734 20.9017 -3.7938 0.0898
Pedestrian -1 -1 -4.9477 877.5385 143.3365 923.0713 241.1140 1.9167 0.6626 0.8406 5.9962 1.1692 14.5451 -4.5682 0.0876
Pedestrian -1 -1 -6.3646 845.1873 178.3300 907.3049 303.3643 1.5193 0.5512 0.6797 3.4107 1.4814 9.0829 -6.0205 0.0801
Pedestrian -1 -1 -3.6058 1046.4137 138.7798 1143.2136 300.6875 1.9027 0.5453 0.8110 5.9449 1.4013 8.7581 -3.0287 0.0769
Pedestrian -1 -1 -3.6752 859.2579 154.2436 905.4420 244.5622 1.8140 0.6444 0.6442 5.7394 1.2672 14.8011 -3.3165 0.0644
Pedestrian -1 -1 -5.4337 832.1306 197.0679 900.3702 319.0711 1.3416 0.4918 0.5633 3.0181 1.5308 8.3434 -5.1023 0.0620
Cyclist -1 -1 -8.4361 951.8337 182.2039 1237.0000 373.0000 1.5474 0.7041 1.7985 2.8165 1.5532 4.2236 -7.8820 0.0617
Pedestrian -1 -1 -4.0622 439.1328 166.8245 485.3796 249.0426 1.7687 0.7046 0.7399 -3.1214 1.4535 15.9398 -4.2579 0.0613
Pedestrian -1 -1 -8.6081 732.6583 159.1661 748.0220 194.7245 1.8721 0.6333 0.4980 7.3800 0.6964 38.1999 -8.4234 0.0608
Pedestrian -1 -1 -3.3935 1062.1509 144.2908 1173.7814 317.8550 1.8407 0.5136 0.9033 5.6803 1.4468 8.0121 -2.7976 0.0604
Pedestrian -1 -1 -4.7692 936.6223 148.7041 978.9946 264.2112 1.9107 0.5968 0.7532 6.0662 1.3688 12.3437 -4.3261 0.0600
Cyclist -1 -1 -8.2759 840.1215 193.2096 995.0936 373.0000 1.4862 0.6011 1.7405 2.7838 1.6098 6.6531 -7.8995 0.0582
Pedestrian -1 -1 -4.9449 792.7960 204.8423 841.1825 307.3307 1.2463 0.4638 0.5660 2.6903 1.5541 9.1601 -4.6727 0.0580
Pedestrian -1 -1 -7.1865 873.8795 179.6993 961.7220 333.0052 1.5527 0.5986 0.6363 3.3306 1.5352 7.6923 -6.7960 0.0551
Pedestrian -1 -1 -3.7625 961.8006 145.7249 1037.3556 282.6404 1.8857 0.5600 0.7547 5.6065 1.3936 10.2218 -3.2770 0.0536
Cyclist -1 -1 -4.8626 453.7703 167.2166 492.7090 251.0646 1.7692 0.5850 1.7922 -2.9320 1.4684 16.0995 -5.0453 0.0526
Pedestrian -1 -1 -4.3267 904.2688 154.3058 959.1945 261.3181 1.8066 0.6333 0.7946 5.7662 1.3481 12.6311 -3.9116 0.0524
Pedestrian -1 -1 -7.6556 858.1208 154.6684 874.7636 193.1933 1.8416 0.6424 0.6634 12.8244 0.5592 34.7890 -7.3097 0.0516
Pedestrian -1 -1 -6.3246 712.1426 169.2732 742.2399 233.7382 1.5853 0.5046 0.7154 3.1020 1.2851 17.9587 -6.1613 0.0505
Car -1 -1 -6.3392 365.0120 161.7567 454.3713 201.0467 1.7275 1.7015 3.8712 -8.8351 0.8597 33.0010 -6.6037 0.1939
Car -1 -1 -7.9504 850.0620 166.0294 924.5386 225.2894 1.4745 1.5119 3.5822 7.7467 1.0901 19.8004 -7.5871 0.1666
Car -1 -1 -5.1918 577.8394 156.4994 638.7227 188.9449 1.5995 1.6269 3.7048 0.2953 0.3673 37.4323 -5.1888 0.1199
Car -1 -1 -7.7673 846.1907 157.6111 887.0878 191.0868 1.6060 1.6667 3.6111 13.4849 0.4602 36.4501 -7.4202 0.0691
