Pedestrian -1 -1 -7.7177 401.6435 185.9989 418.9291 225.8484 1.6703 0.6280 0.6666 -8.5810 2.2391 30.8616 -7.9872 0.3601
Pedestrian -1 -1 -4.7601 769.6071 156.2648 785.0332 195.2399 1.8871 0.6944 0.8542 8.1674 1.0836 35.4175 -4.5356 0.1622
Car -1 -1 -5.2351 659.5197 172.8736 713.2665 199.4421 1.7238 1.7247 4.2749 5.1090 1.7249 49.1211 -5.1325 0.1266
Cyclist -1 -1 -4.4314 436.9831 177.8420 466.7961 233.7338 1.7772 0.5375 1.6201 -5.2721 1.9480 23.9168 -4.6467 0.1095
Car -1 -1 -8.2642 873.7900 163.7721 913.3402 184.0770 1.7291 1.6902 4.2185 24.9079 0.9554 63.5827 -7.8926 0.0700
Car -1 -1 -7.4060 1029.4170 156.8865 1241.0000 374.0000 1.4710 1.5417 4.0808 3.7935 1.4394 2.5773 -6.4840 0.0675
Car -1 -1 -8.2642 991.1884 154.7895 1039.1145 182.6917 2.3565 1.8808 4.8506 35.5177 0.8306 63.4436 -7.7560 0.0671
Car -1 -1 -8.0791 784.4052 166.9524 815.4024 189.7824 1.9258 1.6994 4.2536 16.5151 1.4276 63.0143 -7.8242 0.0510
Pedestrian -1 -1 -5.6861 782.6263 161.6358 823.5272 239.0456 1.8480 0.5619 0.7906 4.6838 1.5799 17.7075 -5.4324 0.0505
Cyclist -1 -1 -7.0756 377.9016 177.1454 442.9279 251.9599 1.7639 0.5831 1.6300 -4.9945 1.8755 17.9634 -7.3437 0.1344
Pedestrian -1 -1 -6.2455 789.7934 164.8268 801.4565 190.5893 1.7193 0.5934 0.7396 12.4572 1.1833 48.5426 -5.9960 0.1238
Pedestrian -1 -1 -4.5995 386.1889 203.3974 404.4266 252.9113 1.1620 0.3798 0.4027 -5.2407 1.9101 17.4496 -4.8878 0.1196
Cyclist -1 -1 -7.6767 0.0000 176.3426 64.2441 356.9971 1.7608 0.5567 1.7129 -6.5772 1.8032 7.9523 -8.3516 0.1122
Pedestrian -1 -1 -4.1289 0.0000 198.0052 33.2151 268.1092 1.5740 0.5074 0.6650 -13.9953 2.1722 16.8132 -4.8155 0.1112
Pedestrian -1 -1 -4.3373 392.2620 200.9890 414.4962 252.0457 1.1992 0.3869 0.4271 -5.0408 1.8877 17.4333 -4.6154 0.1010
Pedestrian -1 -1 -8.3280 468.4940 172.0386 483.7692 206.0939 2.0135 0.6378 0.7237 -8.0409 1.9650 43.1412 -8.5116 0.1009
Pedestrian -1 -1 -7.2926 204.4313 197.1421 239.7978 264.6961 1.4372 0.5482 0.4039 -8.5046 1.9738 15.7307 -7.7816 0.0854
Cyclist -1 -1 -8.0159 800.8508 165.6415 809.7483 189.3130 1.5919 0.3496 1.4708 13.2995 1.1065 49.2707 -7.7540 0.0849
Cyclist -1 -1 -8.0215 796.3229 165.1027 806.5239 189.4684 1.6384 0.4197 1.5316 13.0416 1.1169 49.2999 -7.7647 0.0808
Pedestrian -1 -1 -4.2298 238.8161 194.3820 274.1033 262.6241 1.4876 0.5771 0.4204 -7.9294 1.9738 16.0862 -4.6817 0.0803
Pedestrian -1 -1 -8.0445 767.9891 168.9326 787.4691 207.9665 1.6086 0.6685 0.6984 6.9473 1.4467 30.0954 -7.8202 0.0796
Cyclist -1 -1 -7.4942 474.4320 180.7269 488.9720 207.6826 1.5942 0.3614 1.5159 -7.8352 2.0815 43.9060 -7.6702 0.0794
Pedestrian -1 -1 -5.6692 0.0000 165.9566 60.3119 344.4496 1.8971 0.6440 0.4670 -6.6242 1.8235 8.0044 -6.3444 0.0786
Cyclist -1 -1 -3.3571 749.1274 168.2060 796.1883 209.2509 1.7012 0.6720 1.8212 6.7633 1.5083 30.2444 -3.1397 0.0785
Cyclist -1 -1 -7.1743 781.9848 165.2324 822.4481 209.1608 1.7929 0.6781 1.7753 8.0214 1.4815 30.2478 -6.9180 0.0779
Pedestrian -1 -1 -5.8526 45.5071 171.8312 123.9324 320.6738 1.8806 0.5496 0.6590 -6.9166 1.8674 9.4481 -6.4715 0.0752
Pedestrian -1 -1 -3.8334 938.9830 155.5552 956.0287 184.9164 1.7764 0.5525 0.7656 20.5534 0.7295 44.0198 -3.3992 0.0703
Pedestrian -1 -1 -5.8587 4.5390 164.8728 82.1836 341.3989 1.9585 0.6564 0.4765 -6.6170 1.8696 8.3788 -6.5120 0.0666
Pedestrian -1 -1 -4.1791 0.0000 232.6139 79.4950 365.7076 1.2775 0.4255 0.6041 -6.0180 1.9291 7.5445 -4.8356 0.0666
Pedestrian -1 -1 -4.6632 390.7717 188.4037 414.3945 253.7235 1.5079 0.5118 0.5830 -4.9795 1.8848 17.1618 -4.9422 0.0615
Cyclist -1 -1 -7.4100 359.5770 183.5480 374.7497 205.6400 1.6845 0.4850 1.6085 -19.0841 2.5361 56.6464 -7.7339 0.0592
Cyclist -1 -1 -5.8845 357.8278 177.6897 429.5655 252.5112 1.7851 0.5828 1.5776 -5.3289 1.9055 17.6383 -6.1744 0.0591
Pedestrian -1 -1 -7.4342 222.2878 193.4074 258.0367 263.4111 1.5017 0.5948 0.3761 -8.1459 1.9572 15.7996 -7.9039 0.0573
Pedestrian -1 -1 -2.0340 304.2456 182.7759 339.7682 247.2570 1.7022 0.6134 0.7885 -7.9100 1.9794 19.6899 -2.4118 0.0547
Cyclist -1 -1 -8.1209 790.3110 164.2063 803.4433 189.5488 1.7008 0.4597 1.5899 12.7090 1.1201 49.2215 -7.8700 0.0528
Car -1 -1 -8.1239 838.9925 158.1202 872.7622 181.8018 1.8602 1.6706 3.6489 19.8799 0.7025 58.5443 -7.7982 0.8889
Car -1 -1 -3.3490 684.5002 165.9416 798.9293 209.4437 1.7975 1.7794 4.5267 5.5101 1.5116 30.7765 -3.1740 0.8713
Car -1 -1 -6.6463 1036.7526 148.0868 1158.6957 183.6889 1.6371 1.6936 4.5240 23.1719 0.4979 34.5074 -6.0589 0.8085
Car -1 -1 -4.7416 505.7120 182.8963 537.1687 211.5909 1.4654 1.6242 3.9555 -5.0337 2.0561 40.3813 -4.8653 0.7875
Car -1 -1 -6.9717 1095.9773 146.3840 1228.1963 185.0648 1.5931 1.6765 4.4092 23.3384 0.5026 30.6475 -6.3255 0.6564
Car -1 -1 -6.9291 1142.4677 141.1449 1241.0000 186.0502 1.6815 1.6499 4.3730 23.4057 0.4938 27.9438 -6.2370 0.6561
Car -1 -1 -8.2943 918.5427 152.6213 976.9100 181.8533 1.7706 1.6829 4.2680 21.3373 0.5448 45.8430 -7.8612 0.5203
Car -1 -1 -4.7734 645.8071 173.7740 668.7948 194.5550 1.6163 1.6218 3.6058 3.7523 1.6924 58.0848 -4.7096 0.4578
Car -1 -1 -4.6910 519.8496 180.6261 546.6974 207.0402 1.5803 1.6367 4.2523 -4.9528 2.1060 46.6426 -4.7967 0.3866
Car -1 -1 -8.1108 869.5817 158.9729 906.9454 183.0514 1.8940 1.7942 4.3376 22.6727 0.8018 59.0093 -7.7458 0.3762
Car -1 -1 -4.6743 530.1960 181.0867 553.7806 203.1558 1.4985 1.5618 3.9376 -4.9458 2.1201 52.4994 -4.7682 0.1937
Car -1 -1 -7.9203 784.2936 164.9855 811.6379 188.2337 1.5584 1.5895 3.7338 13.0474 1.0307 50.3492 -7.6684 0.1750
Car -1 -1 -4.8331 694.2748 170.3193 719.2142 191.5141 1.7652 1.6451 4.0281 8.2695 1.5538 62.1167 -4.7017 0.1615
Car -1 -1 -7.8415 729.9390 166.3768 755.3759 192.5673 1.7431 1.6705 3.9836 9.2042 1.3117 50.1367 -7.6613 0.1529
Car -1 -1 -8.0984 960.9379 153.1205 1007.8369 179.6364 1.5969 1.6569 4.1673 23.5911 0.4082 45.6709 -7.6243 0.1376
Car -1 -1 -4.1246 0.0000 191.1735 90.9361 374.0000 1.6009 1.6307 3.7574 -7.1996 1.8359 7.2742 -4.8866 0.1340
Car -1 -1 -4.4861 350.3041 184.0369 380.9635 204.1416 1.4901 1.5097 3.7643 -19.4905 2.4126 57.5918 -4.8113 0.1309
Car -1 -1 -5.0666 558.6617 176.8479 590.8069 194.2411 1.5187 1.5681 4.2496 -3.2989 1.8979 66.3024 -5.1165 0.1281
Car -1 -1 -8.2675 993.9875 158.5959 1041.9038 184.0375 1.9665 1.7756 4.2597 32.6792 0.8641 57.9769 -7.7566 0.1081
Car -1 -1 -6.0408 23.4080 196.5731 275.5173 269.2244 1.3949 1.6364 4.5294 -10.1882 1.9782 16.2826 -6.5929 0.0916
Car -1 -1 -7.9556 674.1028 173.7017 696.6646 192.5559 1.6115 1.5848 3.9370 6.6134 1.6885 63.8168 -7.8532 0.0909
Car -1 -1 -4.8978 620.6447 174.0841 647.6930 193.1519 1.6350 1.6660 4.1484 2.0958 1.7481 64.3278 -4.8658 0.0878
Car -1 -1 -4.8692 898.6099 156.6372 933.7311 180.5458 1.6045 1.6610 3.8905 21.3508 0.5159 50.5100 -4.4715 0.0798
Car -1 -1 -4.9218 600.4771 175.5319 625.6775 191.6308 1.4869 1.6196 4.0244 0.2451 1.7525 69.4890 -4.9186 0.0639
