Car -1 -1 -7.7553 510.1425 175.7280 549.1475 205.8583 1.4398 1.5923 3.6775 -3.7648 1.2119 35.6286 -7.8580 0.9423
Car -1 -1 -3.7172 971.1949 137.0920 1141.2294 189.1234 1.5316 1.5981 4.2023 13.6851 0.2541 21.6459 -3.1581 0.7876
Cyclist -1 -1 -7.4714 372.7765 176.7522 398.0536 215.1009 1.7699 0.5205 1.7629 -10.4198 1.5971 33.5323 -7.7683 0.7727
Cyclist -1 -1 -6.4481 602.8486 166.8968 633.0314 195.8606 1.7723 0.5434 1.7988 0.7882 0.9400 43.6636 -6.4284 0.6651
Cyclist -1 -1 -6.1450 661.6871 165.1843 694.1614 196.3170 1.7640 0.5955 1.7882 4.1734 0.8963 40.5640 -6.0415 0.5931
Pedestrian -1 -1 -3.0612 360.0547 177.4212 375.2994 205.4302 1.8085 0.5279 0.9004 -15.4470 1.6098 46.0177 -3.3813 0.2357
Car -1 -1 -8.2094 940.6946 152.5611 976.0787 173.4280 1.8906 1.7148 4.0585 33.7586 -0.6974 67.6030 -7.7464 0.2311
Pedestrian -1 -1 -5.1427 1131.7177 127.6212 1183.4353 221.5567 1.8319 0.5811 0.6814 11.0249 0.8010 14.1847 -4.4911 0.2022
Cyclist -1 -1 -4.6973 351.5137 181.4518 360.3996 208.2337 1.6770 0.5056 1.7580 -15.9390 1.7392 45.2512 -5.0322 0.1603
Pedestrian -1 -1 -4.6067 685.5775 162.6990 698.0224 193.4822 1.8302 0.6870 0.5438 5.1946 0.7719 42.3792 -4.4839 0.1153
Car -1 -1 -5.3133 684.8621 167.4935 723.2944 184.5153 1.6123 1.6895 4.1200 9.6810 0.3802 69.1914 -5.1732 0.1135
Pedestrian -1 -1 -7.5019 449.8668 169.7081 473.1667 217.0053 1.8277 0.6854 0.7302 -5.6522 1.4109 27.7362 -7.6990 0.1032
Car -1 -1 -5.2268 717.0527 165.1820 754.4148 181.5243 1.5515 1.6884 4.3425 12.8208 0.0971 69.4553 -5.0433 0.0909
Cyclist -1 -1 -7.7478 736.4758 163.9289 744.8425 187.7549 1.6912 0.4247 1.6165 9.7955 0.5150 51.0238 -7.5575 0.0901
Car -1 -1 -4.5667 386.8390 178.4349 421.7461 202.9462 1.5727 1.6607 4.1521 -13.4413 1.4402 47.5287 -4.8389 0.0866
Car -1 -1 -7.2006 1209.3419 133.5238 1223.0000 349.8943 1.5406 1.6171 4.1742 7.7328 1.2066 5.8876 -6.3047 0.0687
Cyclist -1 -1 -7.8914 299.3972 181.0801 308.1577 212.5981 1.6611 0.3793 1.6158 -16.2531 1.6931 38.1051 -8.2899 0.0682
Car -1 -1 -8.2420 739.7257 162.8045 772.2131 180.1134 1.6503 1.7044 4.0972 14.8602 -0.0395 69.6761 -8.0311 0.0647
Cyclist -1 -1 -8.4131 1193.6432 130.4942 1223.0000 166.4519 1.6862 0.4062 1.6467 29.6219 -0.7053 34.6605 -7.7087 0.0641
Car -1 -1 -4.6046 784.6678 165.0267 819.0243 192.5973 1.4691 1.4881 3.4959 11.0370 0.6447 39.5739 -4.3330 0.0610
Pedestrian -1 -1 -2.6714 217.9557 180.2419 234.3135 215.0103 1.8588 0.6091 0.5615 -20.4328 1.8452 38.1106 -3.1585 0.0586
Car -1 -1 -4.5810 47.3438 158.6422 91.1523 187.2360 1.7934 1.7470 4.2011 -35.2487 0.4226 46.6058 -5.2233 0.0584
Pedestrian -1 -1 -6.1516 386.0468 175.8681 395.9519 197.9188 1.8401 0.6447 0.7169 -17.9568 1.4535 59.3781 -6.4421 0.0583
Car -1 -1 -4.4684 227.8408 190.8134 288.6156 226.5233 1.4157 1.5302 3.7300 -15.2199 1.8993 31.1569 -4.9173 0.0547
Car -1 -1 -4.7647 386.8556 177.3968 418.7940 204.7326 1.5883 1.6667 4.3530 -12.4621 1.4081 43.4120 -5.0406 0.0542
Pedestrian -1 -1 -3.5850 716.6270 158.4264 730.2197 195.4320 1.8378 0.6204 0.4492 5.9207 0.7417 35.4746 -3.4193 0.0533
Car -1 -1 -8.7191 1086.1027 140.8558 1223.0000 193.4086 1.5015 1.6159 3.9421 17.5291 0.3691 22.2946 -8.0580 0.0521
Car -1 -1 -7.4627 1223.0000 122.0331 1223.0000 369.0000 1.4711 1.5704 3.9725 5.6074 1.2957 3.2425 -6.4567 0.0505
Car -1 -1 -8.2111 845.3017 148.2609 880.5374 172.2145 2.1709 1.7407 4.4000 24.7054 -0.8207 67.8120 -7.8614 0.0503
Pedestrian -1 -1 -2.6818 548.4426 167.1302 568.1602 198.4510 1.8277 0.5045 1.0450 -2.7639 1.0476 41.6940 -2.7457 0.5077
Pedestrian -1 -1 -2.8217 442.1253 170.8410 461.1738 203.6416 1.8498 0.5432 0.9348 -8.7274 1.3052 40.1950 -3.0322 0.4776
Pedestrian -1 -1 -5.1356 996.5290 137.0796 1020.8371 181.8265 1.8758 0.7020 0.6168 17.0850 0.0558 29.9797 -4.6203 0.3428
Pedestrian -1 -1 -6.3971 542.8489 167.9336 557.3344 193.7668 1.7881 0.4570 0.9608 -3.8272 0.9183 49.2555 -6.4724 0.3326
Pedestrian -1 -1 -4.9887 975.1712 134.4976 1013.3495 206.6657 1.9267 0.6877 0.9160 10.6261 0.6989 19.3985 -4.4926 0.2882
Pedestrian -1 -1 -4.4880 776.4374 157.2641 790.8995 190.2192 1.9096 0.6416 0.8922 10.4819 0.5633 41.5129 -4.2407 0.2576
Pedestrian -1 -1 -5.9609 488.6855 169.5021 505.5312 200.3058 1.8005 0.6025 0.8339 -6.3705 1.1578 41.6966 -6.1097 0.2421
Cyclist -1 -1 -5.0959 501.6800 170.6116 520.7700 199.1087 1.6919 0.5583 1.6855 -5.7001 1.1049 42.8488 -5.2255 0.2154
Pedestrian -1 -1 -7.4040 905.4467 152.4778 927.5441 203.3517 1.7388 0.5940 0.3825 10.7660 0.7813 24.5155 -6.9932 0.1946
Pedestrian -1 -1 -3.4767 502.1977 167.8693 520.7626 198.8186 1.8540 0.5879 0.9765 -5.6755 1.0974 42.8363 -3.6058 0.1727
Pedestrian -1 -1 -8.9849 1027.8121 148.7503 1060.8783 217.6301 1.6925 0.6147 0.4929 10.9860 0.9127 17.7485 -8.4369 0.1661
Cyclist -1 -1 -5.3955 854.0773 148.7476 893.4968 194.7707 1.7780 0.4840 1.7260 10.6754 0.5515 28.2100 -5.0356 0.1433
Cyclist -1 -1 -8.1739 898.2972 152.9166 919.5508 189.1876 1.6679 0.4351 1.5964 14.2923 0.3997 33.3278 -7.7704 0.1348
Pedestrian -1 -1 -2.9701 829.5754 158.5981 843.8259 185.6284 1.8981 0.5020 0.8866 16.4118 0.3602 50.0803 -2.6536 0.1196
Cyclist -1 -1 -5.3276 937.8063 149.0699 992.8739 205.6037 1.6289 0.6174 1.6657 10.7580 0.7236 21.2413 -4.8630 0.0995
Cyclist -1 -1 -8.1844 905.8366 151.1801 930.6578 188.5054 1.6940 0.5531 1.6272 14.5499 0.3635 32.9241 -7.7700 0.0980
Cyclist -1 -1 -6.6508 897.4653 150.2902 940.2473 187.9731 1.7286 0.6928 1.6771 14.5349 0.3430 32.8200 -6.2356 0.0978
Cyclist -1 -1 -4.6890 1006.6967 142.5011 1021.9059 183.3307 1.6843 0.5264 1.6850 17.3615 0.1170 30.0247 -4.1675 0.0891
Pedestrian -1 -1 -5.0472 858.5298 145.3738 883.1914 194.6453 1.9241 0.6662 0.8635 10.5113 0.5526 28.0500 -4.6905 0.0877
Cyclist -1 -1 -6.6400 893.7473 150.3228 952.5755 202.5138 1.7802 0.6399 1.7436 10.9717 0.7511 24.4899 -6.2218 0.0810
Cyclist -1 -1 -5.2970 1184.2234 139.5213 1223.0000 186.4233 1.6054 0.5039 1.6755 21.3592 0.2030 25.0629 -4.5958 0.0805
Pedestrian -1 -1 -8.2879 854.7407 156.6194 875.7494 193.6346 1.6833 0.7192 0.5996 11.9295 0.5975 32.4828 -7.9373 0.0805
Pedestrian -1 -1 -2.9820 954.1248 150.9679 977.9533 207.0654 1.6512 0.5989 0.5516 10.7973 0.7822 21.2153 -2.5155 0.0803
Cyclist -1 -1 -6.9857 984.4819 138.0975 1030.7572 180.6814 1.7874 0.6206 1.7233 17.1343 0.0078 30.1430 -6.4715 0.0801
Pedestrian -1 -1 -5.5144 484.0584 167.5679 501.8382 198.2182 1.8148 0.6565 0.8296 -6.7242 1.0492 42.3711 -5.6689 0.0793
Pedestrian -1 -1 -7.4876 1176.9727 139.4133 1197.8964 183.1577 1.7943 0.5641 0.4021 24.1460 0.1092 29.3470 -6.8027 0.0779
Cyclist -1 -1 -8.7536 999.8277 147.8017 1077.4224 218.3423 1.6770 0.4582 1.7403 10.7756 0.9000 17.7039 -8.2131 0.0760
Cyclist -1 -1 -6.6546 839.0146 155.8793 865.5600 181.7171 1.8562 0.5873 1.7147 17.8749 0.0875 51.1176 -6.3183 0.0739
Cyclist -1 -1 -5.0433 835.3034 156.0887 859.7087 194.3536 1.6909 0.5241 1.6825 10.9674 0.6124 32.0859 -4.7151 0.0734
Pedestrian -1 -1 -3.9047 1202.3170 138.7321 1223.0000 188.3661 1.7203 0.6204 0.6411 21.5311 0.2729 24.8334 -3.1950 0.0720
Cyclist -1 -1 -8.0624 1207.3718 137.9218 1223.0000 184.6922 1.6042 0.5034 1.6842 21.9070 0.1441 25.1105 -7.3496 0.0706
Pedestrian -1 -1 -5.5189 452.0683 172.7515 461.3891 202.7706 1.7354 0.4678 0.2868 -8.6396 1.2876 41.1493 -5.7226 0.0696
Pedestrian -1 -1 -7.4129 926.5391 150.2719 952.8463 204.6131 1.7286 0.6576 0.4095 10.7910 0.7673 22.8751 -6.9757 0.0688
Cyclist -1 -1 -5.0320 831.9373 158.5865 855.2910 195.9570 1.6397 0.5030 1.6354 10.7089 0.6784 31.8414 -4.7088 0.0653
Cyclist -1 -1 -8.2795 900.4839 151.0007 935.9971 202.9923 1.7369 0.4588 1.6888 10.7858 0.7517 24.4678 -7.8673 0.0644
Pedestrian -1 -1 -6.9160 872.8374 156.9445 886.5072 181.6016 1.7690 0.5790 0.7168 19.8507 0.0790 51.0990 -6.5457 0.0643
Cyclist -1 -1 -4.8582 1115.9346 139.8535 1140.7682 180.2840 1.6746 0.6054 1.6839 22.2980 -0.0093 30.1801 -4.2251 0.0626
Pedestrian -1 -1 -6.8041 881.9500 155.7835 895.9769 180.6506 1.7522 0.7058 0.6599 20.1651 0.0106 50.2158 -6.4226 0.0603
Cyclist -1 -1 -4.8119 1194.8412 135.9635 1220.0923 182.9912 1.6595 0.5271 1.6738 21.9290 0.0882 25.7899 -4.1115 0.0577
Cyclist -1 -1 -8.7609 984.3542 144.3563 1058.9291 215.9135 1.7633 0.4626 1.7414 10.7150 0.8730 18.3175 -8.2374 0.0559
Cyclist -1 -1 -4.6683 969.1762 146.5976 982.0082 183.7219 1.7045 0.4714 1.5578 17.4142 0.1481 33.2557 -4.1880 0.0559
Cyclist -1 -1 -5.0344 988.5393 140.4399 1017.1695 183.1225 1.7652 0.5725 1.6172 16.8884 0.1087 30.0894 -4.5256 0.0556
Cyclist -1 -1 -4.0417 1116.2744 139.8824 1163.3481 181.8573 1.7448 0.6957 1.6864 22.6175 0.0566 29.9410 -3.3981 0.0556
Pedestrian -1 -1 -8.8106 981.7440 137.9601 1026.0514 207.3597 1.8644 0.6908 0.8162 10.9621 0.7219 19.5122 -8.3038 0.0547
Cyclist -1 -1 -5.0232 902.7795 152.2775 931.9099 201.6362 1.6871 0.4712 1.5849 10.9858 0.7227 24.9792 -4.6117 0.0541
Pedestrian -1 -1 -7.1752 823.4564 156.3512 842.0365 195.7735 1.8254 0.6580 0.5045 10.6555 0.7074 33.1533 -6.8653 0.0539
Pedestrian -1 -1 -8.9275 892.5912 151.4314 920.2624 203.5337 1.7871 0.7727 0.5952 10.5084 0.7903 24.7253 -8.5284 0.0536
Cyclist -1 -1 -7.2370 967.4075 144.8283 1000.9919 184.3753 1.8177 0.6108 1.5391 17.7402 0.1783 33.1153 -6.7473 0.0505
Cyclist -1 -1 -6.8550 1132.1107 138.1672 1184.5222 180.3010 1.7553 0.6535 1.6529 23.3251 -0.0083 29.8577 -6.1952 0.0505
Car -1 -1 -8.4619 967.4633 142.1572 1062.4231 179.5915 1.5472 1.6434 3.9897 18.0434 -0.0428 31.3834 -7.9426 0.3451
Car -1 -1 -7.5571 550.4154 170.6410 589.3076 192.0680 1.5031 1.6701 4.2607 -2.5240 0.8115 51.8687 -7.6037 0.3340
Car -1 -1 -4.7874 1122.6497 141.1695 1176.7482 177.7146 1.4874 1.5774 3.8887 23.8955 -0.1307 31.1515 -4.1362 0.2964
Car -1 -1 -3.4532 828.4108 158.6158 891.5943 180.2428 1.5565 1.6892 4.0300 18.6520 -0.0192 51.8224 -3.1078 0.2121
Car -1 -1 -4.9278 808.8820 160.3874 863.1014 194.6035 1.5057 1.6206 3.7940 10.7105 0.6208 33.0813 -4.6157 0.1595
Car -1 -1 -4.8789 895.1187 153.6209 943.6263 186.0953 1.4921 1.5616 3.6332 15.2253 0.2573 34.4385 -4.4642 0.1242
Car -1 -1 -6.7466 893.4468 152.4317 962.6664 174.1839 1.5581 1.6766 4.3464 23.7684 -0.4736 52.0951 -6.3190 0.1075
Car -1 -1 -7.3078 573.9006 168.6354 625.0085 192.2980 1.6482 1.7141 4.3461 -0.3507 0.8218 51.5535 -7.3129 0.0855
Car -1 -1 -6.0500 784.8500 156.6770 873.8219 187.5114 1.5896 1.6502 4.3257 12.1017 0.3616 38.2684 -5.7443 0.0827
Car -1 -1 -6.4853 1193.3198 128.5727 1223.0000 177.0483 1.5834 1.6580 4.0971 23.6688 -0.1311 25.1247 -5.7343 0.0785
Car -1 -1 -8.6625 1112.4235 142.9529 1223.0000 187.2468 1.4407 1.6423 4.1188 20.4862 0.2197 25.1459 -7.9833 0.0728
Car -1 -1 -8.0250 1074.0819 142.8361 1135.0631 178.1243 1.4696 1.5845 3.8558 22.3613 -0.1137 31.8083 -7.4151 0.0522
