Pedestrian -1 -1 -7.3756 272.3031 174.5637 292.9998 215.0666 1.5726 0.5636 0.5194 -12.8865 1.6400 28.3130 -7.7995 0.1484
Pedestrian -1 -1 -8.2033 376.1800 169.3407 389.0476 204.0620 1.6775 0.5062 0.3579 -11.1198 1.5075 35.1562 -8.5077 0.1016
Pedestrian -1 -1 -7.8113 23.4378 172.5763 70.2276 264.0101 1.5952 0.6410 0.4450 -10.1534 1.5900 12.9544 -8.4663 0.0845
Cyclist -1 -1 -2.5942 337.3822 166.7342 375.8154 202.7865 1.7779 0.6754 1.7132 -12.7113 1.4758 36.0915 -2.9308 0.0839
Car -1 -1 -6.1018 563.1368 166.0142 616.7586 184.7839 1.5855 1.6422 4.3895 -1.7323 1.0074 62.0968 -6.1298 0.0759
Pedestrian -1 -1 -8.1907 574.8033 166.6296 584.3521 189.1756 1.7388 0.5574 0.6492 -2.3926 1.2585 56.0516 -8.2335 0.0705
Pedestrian -1 -1 -3.6340 803.2043 160.4029 820.6518 203.9877 1.8991 0.6113 0.5105 8.8521 1.3563 31.7940 -3.3653 0.0687
Pedestrian -1 -1 -6.8589 716.9589 168.6617 728.7228 190.1608 1.7513 0.5146 0.8023 9.2279 1.4095 59.1760 -6.7053 0.0664
Pedestrian -1 -1 -7.5356 547.4233 163.5146 559.1436 189.2993 1.8085 0.6294 0.7326 -4.0406 1.1532 51.0388 -7.6145 0.0647
Car -1 -1 -2.3560 286.9903 169.1471 384.3370 205.3050 1.4778 1.5944 3.9421 -11.8452 1.3260 31.0260 -2.7181 0.0616
Pedestrian -1 -1 -6.2412 312.0064 162.5876 329.6750 207.8520 1.8532 0.6367 0.6541 -12.0413 1.4326 29.9495 -6.6207 0.0609
Pedestrian -1 -1 -7.6628 376.7552 166.9368 395.9387 209.5486 1.8408 0.6746 0.7332 -9.8234 1.5849 31.5706 -7.9624 0.0587
Cyclist -1 -1 -2.8174 481.4463 157.1644 510.1767 184.5210 1.8732 0.6717 1.8445 -7.9240 0.7986 49.8922 -2.9743 0.0583
Car -1 -1 -4.8228 669.8053 171.3146 698.5977 192.8503 1.4910 1.6170 4.0402 5.2753 1.3841 51.9838 -4.7226 0.0576
Pedestrian -1 -1 -4.9633 1009.4915 197.9790 1042.9882 266.7226 1.1712 0.4070 0.4593 7.3047 1.6251 12.7678 -4.4542 0.0570
Pedestrian -1 -1 -5.7751 270.3121 166.0189 292.0867 213.7241 1.8030 0.6242 0.5196 -12.6193 1.5444 27.6026 -6.2005 0.0564
Car -1 -1 -2.5270 514.6323 161.8531 575.2590 185.1206 1.6932 1.7074 4.3594 -4.9429 0.8924 54.3382 -2.6175 0.0561
Pedestrian -1 -1 -2.9143 806.0630 161.0352 823.4710 208.7529 1.8461 0.5653 0.5454 7.9860 1.3886 28.2936 -2.6424 0.0517
Pedestrian -1 -1 -4.8177 872.2489 173.5410 899.7141 229.4296 1.5244 0.6292 0.8045 7.6520 1.5437 20.1594 -4.4604 0.3509
Pedestrian -1 -1 -2.9739 0.0000 161.4945 48.5170 251.3378 1.7476 0.5532 0.7263 -11.8086 1.5263 14.4535 -3.6500 0.3505
Cyclist -1 -1 -5.6021 982.3047 171.4150 1114.3812 273.0181 1.5864 0.7254 1.8672 7.3300 1.5637 12.2678 -5.0747 0.2340
Pedestrian -1 -1 -5.2303 896.6080 179.0241 923.3954 232.9943 1.3697 0.4352 0.5240 7.7062 1.5315 18.6667 -4.8449 0.2161
Pedestrian -1 -1 -5.4559 475.6960 171.9251 493.5261 213.5678 1.5804 0.5435 0.4062 -4.8616 1.5448 27.7219 -5.6283 0.1922
Pedestrian -1 -1 -7.8401 773.1094 164.7556 793.9784 220.0794 1.7616 0.6482 0.7235 5.5832 1.5034 23.4045 -7.6094 0.1871
Pedestrian -1 -1 -4.1671 436.3687 179.7776 455.0507 219.1927 1.3682 0.4593 0.4822 -5.8404 1.6151 25.4543 -4.3909 0.1836
Pedestrian -1 -1 -3.9377 1000.3279 173.3067 1053.6442 260.5926 1.6348 0.5547 0.7051 7.9633 1.6434 13.8830 -3.4268 0.1585
Cyclist -1 -1 -8.6201 894.4433 177.6562 961.6461 245.3758 1.5354 0.5072 1.5872 7.5478 1.6558 17.3094 -8.2158 0.1365
Cyclist -1 -1 -6.9015 369.0795 168.0453 422.4462 223.0185 1.7021 0.5397 1.6300 -6.9035 1.5529 23.1480 -7.1886 0.1357
Cyclist -1 -1 -4.5139 498.9081 169.8761 520.9371 211.8535 1.7205 0.6497 1.4242 -4.2363 1.5982 30.3041 -4.6521 0.1282
Cyclist -1 -1 -3.8205 882.4805 173.2006 948.1215 236.2023 1.5887 0.5182 1.5989 7.8499 1.5976 18.6745 -3.4288 0.1240
Cyclist -1 -1 -7.6006 0.0000 164.3807 50.8919 247.2128 1.6304 0.5159 1.7859 -12.3523 1.4634 15.1227 -8.2770 0.1206
Cyclist -1 -1 -4.4430 472.7878 170.4542 496.4387 214.9680 1.6805 0.5470 1.4165 -4.8947 1.5896 27.9708 -4.6152 0.1205
Cyclist -1 -1 -4.7952 765.5044 158.3734 791.1986 219.3927 1.8915 0.6565 1.7120 5.3633 1.4423 23.2603 -4.5719 0.1173
Cyclist -1 -1 -3.1347 493.8607 169.2094 528.7526 211.4189 1.7473 0.5825 1.4356 -4.1775 1.5961 30.2503 -3.2713 0.1156
Pedestrian -1 -1 -4.2024 442.2646 179.1674 459.0345 218.0444 1.3638 0.4417 0.4031 -5.7100 1.5902 25.6511 -4.4197 0.1115
Pedestrian -1 -1 -5.0184 1022.6112 187.1409 1064.0465 265.8289 1.3163 0.4600 0.5687 7.4533 1.5704 12.5170 -4.4923 0.1101
Cyclist -1 -1 -2.7237 422.6474 170.6223 466.5634 218.9729 1.6917 0.5486 1.4216 -5.9224 1.6134 25.6512 -2.9489 0.1070
Cyclist -1 -1 -3.9489 329.5109 168.6863 381.0373 224.4990 1.6322 0.4852 1.6282 -7.7723 1.5100 21.9424 -4.2860 0.0802
Pedestrian -1 -1 -6.7189 801.2864 169.8179 811.3674 188.8722 1.7734 0.5874 0.7296 18.3451 1.4905 67.5046 -6.4550 0.0787
Pedestrian -1 -1 -2.8287 5.6823 166.4159 47.6178 245.9379 1.6361 0.5893 0.5296 -12.3428 1.5034 15.2145 -3.5018 0.0771
Cyclist -1 -1 -8.8009 976.6974 173.4666 1072.8038 261.6925 1.5969 0.4302 1.6578 7.8998 1.6091 13.9128 -8.2942 0.0764
Cyclist -1 -1 -7.6868 0.0000 161.5354 47.2950 252.5806 1.7016 0.5058 1.7548 -11.7499 1.4897 14.3745 -8.3631 0.0758
Cyclist -1 -1 -5.0904 1050.1722 173.5710 1131.8450 278.4482 1.5972 0.4891 1.7321 7.8258 1.6096 11.8976 -4.5206 0.0741
Cyclist -1 -1 -7.0018 362.8605 166.6579 416.5440 224.0975 1.7323 0.5414 1.6632 -6.9303 1.5451 22.6090 -7.2964 0.0738
Pedestrian -1 -1 -5.7325 502.2534 170.6047 522.6668 211.0543 1.6618 0.5789 0.6330 -4.1023 1.5691 30.0361 -5.8675 0.0726
Cyclist -1 -1 -6.4786 467.0694 168.9912 508.7737 214.9954 1.7380 0.5051 1.5130 -4.7418 1.5918 27.7648 -6.6466 0.0707
Cyclist -1 -1 -6.6818 520.1477 167.3895 555.5217 208.1094 1.7977 0.5793 1.4745 -3.2866 1.5562 32.4616 -6.7824 0.0698
Pedestrian -1 -1 -4.4918 551.9366 164.3650 566.8647 199.5181 1.7865 0.6145 0.7625 -2.6372 1.3548 37.0919 -4.5627 0.0697
Cyclist -1 -1 -7.6786 18.2352 163.8037 61.3285 245.1848 1.6239 0.4193 1.6637 -12.0652 1.4431 15.2316 -8.3401 0.0682
Cyclist -1 -1 -4.4304 431.7354 172.7105 457.4813 220.8623 1.6537 0.5147 1.4113 -5.8791 1.6484 25.4987 -4.6553 0.0672
Cyclist -1 -1 -3.9624 336.6662 169.6998 386.0274 224.1228 1.6317 0.4934 1.6004 -7.7684 1.5368 22.4643 -4.2921 0.0661
Cyclist -1 -1 -3.2513 969.3519 169.2443 1082.7552 259.9544 1.6592 0.6316 1.8193 7.8771 1.5929 13.8417 -2.7437 0.0645
Cyclist -1 -1 -8.6551 994.1810 172.6252 1106.6958 270.0314 1.5752 0.5756 1.7553 7.5715 1.5712 12.5913 -8.1247 0.0604
Pedestrian -1 -1 -2.5093 526.9138 168.1689 542.8073 206.8599 1.7102 0.5699 0.4589 -3.4001 1.5028 32.2556 -2.6139 0.0575
Pedestrian -1 -1 -5.1221 908.2875 191.0516 933.7261 239.8656 1.1601 0.3879 0.5299 7.5362 1.6107 17.6140 -4.7246 0.0572
Cyclist -1 -1 -7.8560 785.6107 166.0654 802.9387 220.0890 1.6913 0.5270 1.5826 5.9259 1.4785 23.4206 -7.6117 0.0549
Cyclist -1 -1 -8.0218 891.4162 174.7645 928.3235 236.2105 1.5006 0.5982 1.6168 7.6274 1.5516 18.5277 -7.6375 0.0540
Cyclist -1 -1 -7.4169 501.1119 171.0145 528.0825 212.2350 1.6606 0.4946 1.5606 -3.9829 1.5861 29.8855 -7.5487 0.0536
Pedestrian -1 -1 -5.0954 985.2217 186.5566 1025.2167 258.0139 1.3376 0.4851 0.5973 7.5797 1.6084 13.9522 -4.6073 0.0535
Cyclist -1 -1 -4.3445 509.9914 168.7895 536.2849 208.5938 1.7274 0.6284 1.6095 -3.9024 1.5507 32.1695 -4.4647 0.0512
Cyclist -1 -1 -8.7916 963.2323 170.8340 1074.8796 260.8797 1.5811 0.6284 1.8011 7.6138 1.5453 13.6182 -8.2916 0.0508
Pedestrian -1 -1 -4.0565 1038.2605 189.8202 1076.1268 263.3475 1.2790 0.3691 0.4692 7.9557 1.5888 12.9276 -3.5156 0.0502
Car -1 -1 -8.0677 739.0587 175.1885 869.8328 266.5560 1.5175 1.6081 3.8007 3.5463 1.5688 14.0047 -7.8257 0.9548
Car -1 -1 -4.0633 0.0000 151.7608 284.8910 315.0635 1.8135 1.5640 3.9801 -6.4149 1.5790 10.0671 -4.6190 0.9187
Car -1 -1 -7.9039 738.0392 153.8998 806.8318 238.7974 1.9710 1.5088 3.9287 4.0859 1.5307 18.8108 -7.6940 0.9129
Car -1 -1 -4.5221 604.8177 170.4976 650.5146 201.2000 1.5189 1.6655 4.0369 0.9444 1.4021 37.8458 -4.4978 0.8608
Car -1 -1 -7.6808 692.9436 169.0643 729.4612 193.6656 1.5347 1.6749 4.2081 6.6412 1.2980 47.2718 -7.5424 0.7189
Car -1 -1 -3.7268 268.9720 177.9050 408.6254 227.9818 1.3687 1.4972 3.8064 -8.2489 1.5370 22.0986 -4.0805 0.1878
Car -1 -1 -4.2906 553.9251 172.6210 607.8563 199.1008 1.4889 1.6623 4.1021 -1.7025 1.4755 42.7834 -4.3305 0.1487
Car -1 -1 -7.7733 713.8599 168.4455 737.8673 187.7986 1.5754 1.6787 4.1597 9.7936 1.2163 60.9559 -7.6150 0.1275
Car -1 -1 -7.8949 793.3955 170.0700 813.1115 188.1414 1.6818 1.6597 3.8883 18.4936 1.4224 69.2287 -7.6351 0.1121
Car -1 -1 -4.0910 476.3042 174.5239 547.1111 209.8614 1.4767 1.5248 3.2322 -4.3636 1.5548 32.1053 -4.2255 0.0762
Car -1 -1 -4.3706 519.1708 169.8055 574.0554 202.5121 1.5550 1.5817 3.7649 -3.1695 1.4097 36.3253 -4.4574 0.0567
