Pedestrian -1 -1 -3.2138 899.8325 175.2126 911.0465 213.4019 1.9616 0.7135 0.4861 15.3237 2.0854 37.5280 -2.8295 0.2870
Pedestrian -1 -1 -5.8282 400.1996 175.9415 425.4994 226.3955 1.8817 0.6382 0.7173 -7.5107 2.0000 27.3372 -6.0943 0.0862
Pedestrian -1 -1 -5.1177 336.3371 164.9972 375.1749 238.7209 2.0150 0.6685 1.0623 -7.2207 1.8000 20.3384 -5.4552 0.0834
Pedestrian -1 -1 -4.8852 896.4056 163.9429 923.6725 230.5063 2.0221 0.6346 0.8769 9.2629 1.7511 22.4147 -4.4986 0.0804
Cyclist -1 -1 -7.8168 1094.5599 179.5324 1116.1132 239.2071 1.6488 0.4675 1.7223 14.3452 1.8502 20.9559 -7.2237 0.0799
Car -1 -1 -6.6911 899.7137 189.8409 967.2886 210.7768 1.4544 1.6433 4.1616 23.3946 2.7061 52.3346 -6.2734 0.0681
Pedestrian -1 -1 -5.3094 655.8330 186.9962 670.8414 218.8353 1.4352 0.4918 0.4995 2.4088 2.0916 33.1655 -5.2383 0.0630
Pedestrian -1 -1 -3.3388 340.9391 172.4817 360.3094 216.5488 1.9602 0.5824 0.7221 -11.7375 1.9434 32.5316 -3.6828 0.0604
Car -1 -1 -8.1960 953.8845 170.3393 1007.5768 204.9842 2.1134 1.8053 3.9738 23.5753 1.9597 46.1009 -7.7264 0.0589
Car -1 -1 -4.4033 327.1740 184.3718 369.7646 207.6545 1.5400 1.6896 4.1703 -18.7911 2.4024 51.9309 -4.7492 0.0589
Car -1 -1 -7.3861 17.1638 190.7872 272.8274 314.2836 1.5241 1.6858 4.1908 -7.2026 1.8677 11.6826 -7.9289 0.0578
Car -1 -1 -4.6036 309.9361 181.2022 333.9669 200.1628 1.6131 1.6032 3.9147 -26.0706 2.3931 65.3365 -4.9822 0.0569
Pedestrian -1 -1 -5.6981 1215.1658 161.8161 1241.0000 245.2202 1.8590 0.5580 0.6008 14.2724 1.6127 16.4487 -4.9927 0.0533
Car -1 -1 -6.1140 887.3717 191.7834 962.6908 218.4270 1.4966 1.6592 4.0783 19.5498 2.7218 44.9055 -5.7065 0.0518
Pedestrian -1 -1 -8.8057 937.8920 183.5213 952.3466 206.5708 1.7072 0.6154 0.7747 25.2277 2.5181 54.3836 -8.3740 0.0506
Cyclist -1 -1 -8.1642 865.8207 184.0260 889.3893 226.1151 1.6643 0.4049 1.7004 11.0107 2.1394 29.8441 -7.8146 0.6241
Pedestrian -1 -1 -4.5947 956.2037 185.2107 978.7578 230.7712 1.7049 0.7002 0.7377 13.7158 2.1888 27.7713 -4.1409 0.3825
Pedestrian -1 -1 -4.6724 377.5629 184.5173 398.6678 240.9963 1.5993 0.5581 0.7671 -6.5177 1.9464 21.0555 -4.9696 0.3123
Pedestrian -1 -1 -5.1344 1002.0526 180.7125 1027.0637 227.2747 1.9953 0.7095 0.7348 17.5830 2.3418 31.4485 -4.6293 0.2596
Pedestrian -1 -1 -7.6097 1089.4354 197.6204 1117.7097 248.4090 1.6435 0.6635 0.5913 16.5236 2.4900 24.2259 -7.0177 0.2283
Pedestrian -1 -1 -6.4604 770.1227 183.7928 781.3887 208.7645 1.8016 0.6384 0.6985 12.0706 2.6052 52.6856 -6.2370 0.1383
Cyclist -1 -1 -4.0258 1079.9897 193.0798 1131.0354 247.6227 1.7841 0.5919 1.5399 16.7611 2.4840 24.4786 -3.4319 0.1241
Cyclist -1 -1 -8.0898 881.2504 191.2273 895.4960 220.9307 1.5685 0.3780 1.5406 15.3347 2.6035 39.8655 -7.7258 0.1235
Cyclist -1 -1 -6.9024 1002.3632 182.6236 1050.3651 226.3164 1.8593 0.6851 1.7312 18.0246 2.2890 31.3249 -6.3850 0.1170
Cyclist -1 -1 -2.4632 192.2163 177.6172 240.6037 222.3951 1.8028 0.6678 1.7046 -16.2037 2.0013 29.6348 -2.9601 0.1170
Cyclist -1 -1 -4.4473 220.7522 180.2166 243.4999 222.1010 1.6855 0.4400 1.5823 -15.8170 2.0011 30.1432 -4.9272 0.1103
Cyclist -1 -1 -3.4410 359.3520 181.0795 423.6348 242.9352 1.7231 0.6187 1.6851 -6.4053 1.9707 21.0197 -3.7339 0.0870
Cyclist -1 -1 -4.1601 221.1645 179.1347 253.8840 221.1434 1.6926 0.4552 1.5701 -15.5706 1.9613 30.1111 -4.6340 0.0863
Pedestrian -1 -1 -5.2004 244.6928 179.7017 258.1703 218.5226 1.6643 0.4292 0.3083 -15.5919 1.9634 31.2900 -5.6596 0.0816
Cyclist -1 -1 -8.0457 621.5430 182.2938 630.2556 205.2806 1.5783 0.3377 1.4714 1.0866 2.2540 50.9145 -8.0250 0.0739
Cyclist -1 -1 -5.5644 205.7577 179.0856 249.0463 222.3675 1.7552 0.5776 1.5997 -15.8748 2.0168 29.8607 -6.0497 0.0649
Cyclist -1 -1 -5.1908 1074.0662 197.4436 1116.5963 249.4370 1.6510 0.5604 1.4919 16.3511 2.5090 24.4131 -4.6071 0.0634
Cyclist -1 -1 -8.2969 615.8376 181.6978 629.9456 205.2895 1.6224 0.3840 1.5095 0.8735 2.2561 50.9616 -8.2804 0.0607
Pedestrian -1 -1 -3.0206 853.8418 180.9185 864.3788 205.9075 1.8928 0.5701 0.7015 19.0741 2.5155 55.3272 -2.6908 0.0595
Cyclist -1 -1 -8.7732 1003.6179 184.5085 1041.8525 219.6745 1.6534 0.4880 1.6681 20.1679 2.2382 35.3591 -8.2591 0.0570
Cyclist -1 -1 -7.8356 216.6447 179.5831 230.3231 221.5659 1.6856 0.4685 1.7136 -16.1698 1.9743 30.1190 -8.3249 0.0564
Cyclist -1 -1 -7.2046 947.6843 182.1935 991.7579 228.9551 1.7663 0.6221 1.7393 14.0118 2.1395 28.1885 -6.7482 0.0559
Pedestrian -1 -1 -4.0874 1079.6315 188.3797 1111.7511 243.1345 1.8231 0.6426 0.6690 16.5622 2.3629 24.6806 -3.5027 0.0549
Cyclist -1 -1 -4.7504 992.6206 183.9993 1008.5572 223.8781 1.7158 0.5509 1.8360 17.5511 2.2324 32.5196 -4.2600 0.0516
Pedestrian -1 -1 -6.5025 620.3176 181.5541 632.2889 205.8084 1.6777 0.5582 0.7330 1.1081 2.2905 50.5023 -6.4812 0.0504
Pedestrian -1 -1 -8.2342 1039.4614 183.6925 1062.5704 229.5807 1.8935 0.6531 0.5894 18.4575 2.3532 30.2784 -7.6918 0.0504
Cyclist -1 -1 -8.1670 882.4399 190.9869 900.1669 221.5315 1.6189 0.4258 1.6393 15.5693 2.6461 40.0577 -7.7995 0.0501
Car -1 -1 -7.8470 561.5800 178.7358 614.8213 232.8760 1.6411 1.6518 4.5984 -0.7822 1.8610 24.6938 -7.8791 0.9541
Car -1 -1 -4.7010 533.3841 181.0411 554.6230 201.3503 1.5419 1.6544 3.8144 -5.3406 2.2258 58.3334 -4.7923 0.6350
Car -1 -1 -3.7359 968.0440 195.3243 1058.6744 226.0965 1.6613 1.5138 4.4489 23.0149 2.9768 41.2979 -3.2313 0.5995
Car -1 -1 -6.8681 1051.9335 193.9218 1136.2079 223.6436 1.6404 1.6341 3.7844 27.9594 2.8845 41.8011 -6.2825 0.4302
Car -1 -1 -4.3463 286.7912 182.8790 330.8247 205.4312 1.5298 1.6851 3.8777 -21.9482 2.2883 52.6508 -4.7398 0.3858
Car -1 -1 -4.6229 325.9176 182.9821 351.3154 203.6192 1.5278 1.5484 3.9440 -21.6515 2.3655 57.5924 -4.9813 0.3325
Car -1 -1 -4.2888 244.7867 181.3722 296.2105 206.4654 1.4944 1.5842 3.7071 -21.6589 2.0604 46.1003 -4.7260 0.3204
Car -1 -1 -2.4798 139.0435 181.8210 233.2668 210.7814 1.4901 1.7097 4.2331 -22.8836 1.9880 38.9537 -3.0082 0.1452
Car -1 -1 -4.5826 490.9579 182.6588 520.0316 204.6586 1.5342 1.6598 3.9511 -7.8214 2.2958 54.0765 -4.7260 0.1392
Car -1 -1 -5.3424 987.6541 195.2095 1068.3857 232.7022 1.4647 1.6075 2.9705 18.1997 2.4927 31.6219 -4.8250 0.0894
Car -1 -1 -4.6083 186.6365 182.7897 237.9716 220.6535 1.4480 1.5263 3.6176 -16.8327 1.8960 30.5874 -5.1080 0.0845
Car -1 -1 -5.2045 854.3084 188.7942 921.0171 219.6685 1.5789 1.7137 4.3405 15.8392 2.5455 41.5006 -4.8429 0.0797
Car -1 -1 -4.9435 1012.7030 190.3172 1059.4119 218.4452 1.5883 1.6149 4.1780 26.9086 2.7494 45.7507 -4.4153 0.0795
Car -1 -1 -5.1208 790.0740 180.0932 835.8577 204.6959 1.7010 1.7074 4.2338 14.9299 2.2587 53.4035 -4.8501 0.0781
Car -1 -1 -4.7424 566.4349 181.3686 588.6811 200.0946 1.4267 1.6882 3.9318 -2.7009 2.1445 58.8361 -4.7885 0.0733
Car -1 -1 -5.0237 606.9570 178.0016 646.1418 202.9706 1.7136 1.6539 4.1654 1.1303 2.1050 52.6711 -5.0029 0.0661
Car -1 -1 -4.4567 576.4371 179.6443 612.8317 202.3433 1.5556 1.6705 4.1901 -1.1123 2.0753 53.0166 -4.4780 0.0639
Car -1 -1 -8.3065 844.0311 185.2751 916.0578 223.2888 1.4734 1.5394 3.3941 11.4364 2.0352 30.8877 -7.9557 0.0603
Car -1 -1 -4.6357 526.0045 179.1349 553.2371 202.5423 1.6280 1.6913 4.2184 -5.2030 2.1115 53.4508 -4.7327 0.0578
Car -1 -1 -4.4958 640.6194 180.4309 677.9364 205.9439 1.6330 1.7050 4.2301 3.4157 2.1795 49.8000 -4.4283 0.0531
Car -1 -1 -4.1515 270.3503 179.6321 331.7064 206.3630 1.5963 1.6638 4.1583 -19.8132 2.0522 46.3813 -4.5535 0.0519
