Car -1 -1 -2.6499 0.0000 186.9602 135.5611 229.4357 1.4180 1.5298 3.9341 -19.5584 1.9435 25.8406 -3.2930 0.0789
Car -1 -1 -4.3446 442.5562 173.5466 488.1031 199.4743 1.6475 1.7193 3.7922 -9.5965 1.6951 47.9695 -4.5414 0.0679
Pedestrian -1 -1 -5.5653 1063.6683 170.1109 1087.7560 221.0783 1.6607 0.5042 0.4465 15.3085 1.5710 23.7952 -4.9997 0.0670
Pedestrian -1 -1 -6.6012 1059.1222 169.2323 1094.0240 229.7189 1.6702 0.5444 0.6844 13.0497 1.5699 20.2709 -6.0363 0.0622
Car -1 -1 -7.9222 395.2463 157.1431 416.8853 178.8718 1.9940 1.6894 4.2650 -19.4092 0.5520 68.5080 -8.1974 0.0590
Car -1 -1 -4.6034 534.4293 168.5404 562.0094 189.5053 1.5374 1.6421 4.2870 -4.7036 1.2208 55.0741 -4.6885 0.0552
Car -1 -1 -2.6557 466.2496 173.9967 537.9275 199.6766 1.4339 1.6157 3.7913 -6.2817 1.5020 41.8016 -2.8043 0.0535
Cyclist -1 -1 -7.7898 794.8132 164.7561 804.7927 193.5098 1.7860 0.5092 1.6855 11.9918 1.2827 45.6982 -7.5351 0.0530
Car -1 -1 -7.8329 416.7575 156.3657 436.2698 178.5453 2.0502 1.7157 4.3920 -17.5423 0.5258 69.0282 -8.0810 0.0521
Cyclist -1 -1 -4.6867 905.2734 167.6952 916.4658 199.4491 1.6084 0.5006 1.6305 15.5583 1.3468 37.3938 -4.2955 0.0503
Pedestrian -1 -1 -6.8464 1196.4875 158.2118 1241.0000 268.7997 1.8647 0.6311 0.6880 10.7165 1.6175 12.5245 -6.1508 0.5088
Pedestrian -1 -1 -6.2977 767.5577 171.0387 776.2783 196.0627 1.6026 0.7985 0.5362 10.4333 1.4861 46.6550 -6.0794 0.2491
Cyclist -1 -1 -7.6206 233.8512 174.4167 257.9172 219.3471 1.6223 0.4421 1.5948 -13.6251 1.6821 26.9364 -8.0852 0.1581
Pedestrian -1 -1 -7.8406 425.4643 168.5125 436.7424 196.9606 1.8426 0.7059 0.7770 -11.7305 1.5611 47.1922 -8.0832 0.1542
Cyclist -1 -1 -5.4999 941.7648 166.4985 996.4155 224.5894 1.6949 0.4979 1.5882 10.8172 1.5092 21.8845 -5.0467 0.1085
Pedestrian -1 -1 -3.5018 1127.8436 159.8938 1183.9539 252.5343 1.8455 0.5818 0.7545 11.0961 1.5870 14.7561 -2.8672 0.0940
Cyclist -1 -1 -8.4245 896.2266 172.1868 941.7020 226.3150 1.6271 0.4813 1.6502 9.5808 1.6068 22.5443 -8.0279 0.0924
Cyclist -1 -1 -7.9152 802.2017 168.4197 813.3367 199.6851 1.6673 0.4818 1.5996 10.7298 1.4305 39.3092 -7.6510 0.0898
Cyclist -1 -1 -8.6624 889.9559 166.7731 931.1584 208.6922 1.7330 0.5949 1.6639 12.7308 1.4813 30.7105 -8.2732 0.0663
Cyclist -1 -1 -8.0041 912.5351 165.4872 934.7458 207.2467 1.7673 0.6224 1.7593 13.6203 1.4552 31.4655 -7.5994 0.0658
Pedestrian -1 -1 -3.8381 1175.0760 158.7547 1240.5476 261.7601 1.8350 0.5353 0.7492 10.8113 1.5835 13.1284 -3.1607 0.0638
Pedestrian -1 -1 -4.9014 225.1106 170.5227 248.8256 219.9013 1.7691 0.6357 0.7797 -13.6725 1.6853 26.3533 -5.3761 0.0563
Pedestrian -1 -1 -8.2821 444.9084 166.3350 457.7534 192.7354 1.8074 0.6449 0.6750 -10.9971 1.3608 49.8615 -8.4984 0.0537
Cyclist -1 -1 -8.1501 873.8090 167.6641 897.0096 207.8379 1.6767 0.4650 1.6327 11.7548 1.4598 30.9444 -7.7907 0.0523
Cyclist -1 -1 -8.2635 761.4140 170.9406 776.0326 195.9421 1.5929 0.3703 1.4595 10.2378 1.4707 46.7240 -8.0494 0.0509
Pedestrian -1 -1 -5.4300 918.4440 166.3122 945.6978 219.4951 1.7542 0.6016 0.5775 10.7353 1.5381 24.1645 -5.0169 0.0501
Car -1 -1 -4.6194 717.7516 173.4069 748.3953 196.0789 1.3807 1.5722 4.0514 7.8846 1.4174 46.2055 -4.4518 0.5004
Car -1 -1 -2.8541 111.4505 172.9644 251.6884 217.3586 1.5529 1.6314 4.1407 -15.6761 1.5569 26.5342 -3.3835 0.1706
Car -1 -1 -5.0496 810.5143 173.8583 875.8537 208.7968 1.4738 1.5552 3.9719 10.3922 1.5217 32.5619 -4.7438 0.1577
Car -1 -1 -6.5073 895.8281 170.8910 1002.1873 208.4612 1.5291 1.6784 3.7942 14.2342 1.4489 30.5785 -6.0758 0.1358
Car -1 -1 -7.8684 490.8926 175.6345 550.6092 232.4156 1.5284 1.6224 4.1338 -2.7772 1.6204 21.7940 -7.9943 0.1294
Car -1 -1 -4.2284 401.9136 166.8243 441.6706 186.2237 1.6650 1.6934 4.1243 -16.7009 1.1472 64.1304 -4.4824 0.0951
Car -1 -1 -5.2123 702.8954 170.9491 760.8799 198.1600 1.5008 1.5902 3.9960 6.9839 1.3954 41.9448 -5.0489 0.0935
Car -1 -1 -4.8034 575.5254 170.3546 604.6957 194.1801 1.5221 1.5719 4.1239 -1.4019 1.3621 48.2379 -4.8327 0.0904
Car -1 -1 -7.6535 550.2881 168.1347 592.1420 199.2476 1.6139 1.5723 3.7243 -2.1051 1.3688 39.3851 -7.7069 0.0784
Car -1 -1 -4.9220 773.4294 172.0156 816.2127 198.7329 1.5124 1.6503 3.9941 10.8851 1.4646 42.8701 -4.6754 0.0740
Car -1 -1 -4.3335 409.3016 168.1714 457.0088 192.1018 1.5688 1.7110 4.2959 -12.1097 1.2615 49.5489 -4.5722 0.0663
