Pedestrian -1 -1 -5.0149 1193.7141 123.8667 1241.0000 254.1885 1.8084 0.6534 0.5262 8.8410 1.1283 10.3796 -4.3234 0.1090
Pedestrian -1 -1 -4.6570 352.6158 150.8329 384.8741 237.0944 1.8384 0.6263 0.8278 -5.3444 1.3688 15.8590 -4.9774 0.0754
Pedestrian -1 -1 -5.6772 301.8158 152.3336 349.8943 251.0973 1.7940 0.6108 0.5926 -5.3516 1.4209 13.4719 -6.0491 0.0680
Pedestrian -1 -1 -5.4611 102.0455 180.1981 194.1680 323.3803 1.4745 0.4322 0.7667 -5.0246 1.5564 7.7702 -6.0200 0.0542
Pedestrian -1 -1 -4.4061 778.9418 158.4557 807.9811 218.6629 1.7030 0.5751 0.9054 5.2811 1.2955 20.9457 -4.1630 0.0538
Pedestrian -1 -1 -3.5687 1158.4896 137.6784 1241.0000 343.8859 1.7255 0.5994 0.6746 5.3526 1.4309 6.4104 -2.8959 0.2374
Pedestrian -1 -1 -4.2717 513.2998 162.6586 533.9284 201.2384 1.8457 0.7002 0.8480 -4.2307 1.3576 35.0312 -4.3913 0.2164
Pedestrian -1 -1 -4.8756 728.2663 154.5021 747.5153 200.7965 1.9066 0.6819 0.7051 5.2814 1.1505 30.0709 -4.7038 0.1554
Pedestrian -1 -1 -5.5585 548.0588 167.6863 559.8035 193.8436 1.7913 0.6589 0.4968 -3.9025 1.4371 49.8242 -5.6366 0.1270
Pedestrian -1 -1 -6.0687 525.9969 163.1073 538.0361 197.3265 1.8780 0.5808 0.5518 -4.3498 1.3428 39.9163 -6.1769 0.1034
Pedestrian -1 -1 -5.8094 189.4075 158.7477 258.6790 284.1365 1.6876 0.5774 0.6542 -5.3928 1.4975 10.0032 -6.2933 0.0990
Pedestrian -1 -1 -3.7480 747.2858 154.2045 777.1772 210.2838 1.8610 0.6648 0.7414 5.0964 1.2418 24.3952 -3.5449 0.0984
Pedestrian -1 -1 -2.3414 60.3861 157.2250 173.3454 316.2626 1.6885 0.5394 0.9383 -5.5275 1.5222 8.0227 -2.9296 0.0880
Cyclist -1 -1 -7.9555 1171.0325 118.0328 1241.0000 322.3381 1.7602 0.5999 1.7110 5.9338 1.2876 7.0977 -7.2797 0.0805
Cyclist -1 -1 -7.6876 525.8602 165.5898 538.3486 196.2541 1.6560 0.4022 1.7570 -4.3331 1.2634 39.8557 -7.7956 0.0660
Pedestrian -1 -1 -5.9284 550.0784 166.3343 561.1594 193.1406 1.8300 0.5516 0.6062 -3.7693 1.3846 49.6071 -6.0042 0.0657
Pedestrian -1 -1 -9.0334 1176.3573 133.3212 1241.0000 315.3284 1.7475 0.6300 0.6519 6.2624 1.3676 7.3640 -8.3486 0.0644
Pedestrian -1 -1 -4.6373 37.9651 135.9234 115.9091 322.5532 1.8077 0.5755 0.9149 -5.5908 1.4497 7.5291 -5.2595 0.0607
Pedestrian -1 -1 -5.6279 671.9194 163.8585 686.0679 189.0276 1.8125 0.6217 0.8137 4.9860 1.1644 52.4644 -5.5340 0.0592
Cyclist -1 -1 -8.4952 1090.2603 135.4864 1241.0000 356.0258 1.6981 0.6050 1.6938 5.0675 1.4100 6.4041 -7.8484 0.0573
Pedestrian -1 -1 -4.2615 778.0871 158.2920 808.6909 218.4808 1.7048 0.5471 0.8529 5.2762 1.2921 20.9404 -4.0185 0.0560
Cyclist -1 -1 -4.5729 551.4424 166.7261 560.5947 191.8209 1.7053 0.4005 1.6993 -3.7590 1.2885 49.8909 -4.6481 0.0548
Pedestrian -1 -1 -2.4624 498.3004 159.5881 519.2589 200.3858 1.8278 0.6578 0.6811 -4.6394 1.2331 32.7823 -2.6022 0.0547
Cyclist -1 -1 -4.7523 511.3977 163.9309 525.3759 201.7429 1.7907 0.6026 1.7470 -4.5028 1.3678 35.0812 -4.8794 0.0539
Pedestrian -1 -1 -5.0445 1023.9052 136.6376 1089.9463 260.1786 1.7798 0.6789 0.5783 6.5851 1.2578 10.7471 -4.5073 0.0512
Pedestrian -1 -1 -6.4094 1166.5190 117.1251 1241.0000 314.2458 1.8245 0.5482 0.8274 5.9965 1.3084 7.1287 -5.7306 0.0504
Car -1 -1 -7.9873 682.7579 168.9317 783.1738 243.2660 1.4257 1.5784 4.2160 2.5202 1.3502 15.9623 -7.8343 0.9648
Car -1 -1 -7.6189 303.2258 176.2645 480.0033 295.9007 1.4430 1.5637 4.1160 -3.1013 1.5042 10.9072 -7.8905 0.9416
Car -1 -1 -7.9478 637.6555 169.1526 680.5598 203.4283 1.4810 1.5990 3.7843 2.1547 1.3208 33.0916 -7.8838 0.9261
Car -1 -1 -6.9834 0.0000 201.5545 274.4002 374.0000 1.4162 1.5912 3.7551 -2.8774 1.5851 2.3471 -7.8152 0.7006
Car -1 -1 -8.4995 860.9623 179.6295 1241.0000 374.0000 1.4669 1.5488 3.7789 2.5894 1.5161 3.3573 -7.8847 0.5971
Car -1 -1 -5.1449 641.6897 168.4514 699.9555 197.1008 1.5396 1.6639 4.2455 3.3548 1.3027 41.0546 -5.0644 0.1715
Car -1 -1 -7.6968 683.0490 159.0390 709.2067 182.4251 2.0750 1.7365 4.3262 7.9304 0.8489 66.3378 -7.5785 0.1004
Car -1 -1 -4.5877 666.1424 166.2131 694.7990 188.3849 1.5892 1.6497 3.9881 5.2644 1.1129 53.8424 -4.4910 0.0815
Car -1 -1 -8.2933 679.6768 166.2959 735.5997 194.3185 1.5511 1.6401 4.0884 5.5995 1.1878 42.1352 -8.1624 0.0624
