Pedestrian -1 -1 -6.2863 965.7879 170.3044 979.1937 206.1353 1.8202 0.6082 0.6102 18.5764 1.6904 37.0625 -5.8253 0.1223
Pedestrian -1 -1 -1.9173 140.2019 174.0893 173.7407 231.7194 1.7669 0.7087 0.6644 -14.2527 1.8061 22.6259 -2.4743 0.1197
Car -1 -1 -5.7217 237.8078 172.6380 291.7836 191.2789 1.7008 1.6067 4.3237 -32.0004 1.6808 66.8846 -6.1666 0.0784
Cyclist -1 -1 -6.3070 591.4021 167.7278 634.2493 213.8773 1.8963 0.6330 1.7624 0.0657 1.6854 29.9846 -6.3055 0.0623
Car -1 -1 -3.2607 1064.6986 172.7887 1160.3752 203.7573 1.5573 1.6600 3.9491 26.2724 1.5537 37.9349 -2.6589 0.0620
Pedestrian -1 -1 -5.8965 907.1489 174.2097 930.0865 221.6045 1.6044 0.5606 0.5579 10.5793 1.6516 24.8439 -5.4988 0.0608
Car -1 -1 -7.9747 677.7731 171.2782 708.5776 196.6913 1.7765 1.7334 4.1024 5.9780 1.6661 52.4983 -7.8623 0.0571
Pedestrian -1 -1 -6.2408 931.0162 178.6076 945.3896 207.1596 1.5090 0.5060 0.6824 17.5500 1.8200 38.6659 -5.8181 0.0552
Car -1 -1 -6.4098 1133.2236 184.5710 1241.0000 219.0894 1.4782 1.6180 3.9385 26.9548 2.0540 33.7677 -5.7409 0.0534
Pedestrian -1 -1 -3.0053 1040.4923 167.1902 1060.0688 223.1447 1.8396 0.6000 0.4853 14.6641 1.6531 24.1077 -2.4648 0.0525
Car -1 -1 -7.8848 163.4196 173.2309 196.0847 200.7319 1.6889 1.6892 4.0480 -27.8080 1.7140 46.5306 -8.4212 0.0523
Pedestrian -1 -1 -7.8397 277.6994 178.6923 294.8617 219.0724 1.6697 0.6496 0.6204 -13.6633 1.9185 30.3678 -8.2596 0.0502
Pedestrian -1 -1 -4.7141 365.2443 149.2692 417.3738 314.2724 1.9213 0.5869 1.0013 -2.7713 1.6463 8.9657 -5.0067 0.1569
Pedestrian -1 -1 -3.3790 296.6546 142.3890 387.0970 346.0692 1.8229 0.4947 0.7110 -2.6080 1.5499 6.8608 -3.7307 0.1214
Pedestrian -1 -1 -7.9016 955.0156 165.6489 969.4601 200.1852 1.9498 0.7059 0.6911 20.0676 1.5428 41.1925 -7.4514 0.1199
Pedestrian -1 -1 -4.3821 81.5645 172.2097 96.8938 203.0037 1.8494 0.5250 0.7919 -31.6342 1.8104 43.7874 -5.0050 0.1188
Cyclist -1 -1 -5.6856 891.1117 169.8072 923.6401 199.3468 1.7144 0.5609 1.7714 17.5778 1.5373 42.7691 -5.2984 0.0957
Pedestrian -1 -1 -6.9638 106.1983 173.3239 125.6318 205.0752 1.7689 0.6204 0.6595 -27.8458 1.7953 40.6146 -7.5619 0.0893
Cyclist -1 -1 -7.3246 953.5873 167.3797 981.1871 199.5374 1.8029 0.6057 1.7706 20.3714 1.4957 41.1938 -6.8685 0.0677
Cyclist -1 -1 -7.2964 374.0046 174.8458 395.0967 202.4312 1.7450 0.5651 1.5499 -14.5787 1.8755 46.5821 -7.5984 0.0551
Car -1 -1 -8.7002 774.5632 176.5821 835.6316 202.4710 1.4513 1.3339 3.4798 11.4885 1.6815 42.7909 -8.4401 0.9497
Car -1 -1 -7.6456 101.7656 172.5759 152.7235 202.2900 1.6609 1.6998 3.9703 -28.3882 1.6450 42.4894 -8.2319 0.0945
Car -1 -1 -6.4524 376.8685 176.9523 443.4178 202.0650 1.5709 1.6596 3.9780 -13.1174 1.8481 47.2528 -6.7221 0.0836
Car -1 -1 -8.9183 1193.1304 177.1608 1241.0000 230.1815 1.5043 1.6302 4.0914 21.3441 1.6545 23.0269 -8.1776 0.0787
Car -1 -1 -4.6987 837.2962 175.6988 874.1596 208.0471 1.5554 1.7111 4.3088 12.7186 1.7118 37.4181 -4.3739 0.0585
Car -1 -1 -4.6844 794.4436 174.6474 828.0992 206.6745 1.6096 1.6370 3.9993 10.7832 1.7107 38.6550 -4.4148 0.0501
