Pedestrian -1 -1 -3.7796 999.8262 150.5274 1086.4042 291.5465 1.8322 0.5409 0.8419 5.7485 1.5418 9.6923 -3.2583 0.0653
Cyclist -1 -1 -8.3131 723.6409 171.2813 745.0409 204.9443 1.6869 0.4156 1.5874 6.3223 1.6078 36.9776 -8.1456 0.0578
Pedestrian -1 -1 -4.5212 420.8757 172.7490 434.8427 204.8960 1.8297 0.6319 0.8360 -10.5093 1.8234 41.5026 -4.7681 0.0575
Car -1 -1 -4.3605 278.4060 182.3839 376.2272 234.1908 1.4843 1.6123 4.1709 -9.1285 1.8226 23.5411 -4.7271 0.0572
Pedestrian -1 -1 -4.5821 106.0622 177.5078 137.2430 246.4386 1.7292 0.5699 0.7606 -12.6504 1.8521 18.6309 -5.1722 0.0548
Pedestrian -1 -1 -4.4804 130.5012 177.4560 163.0411 242.6493 1.7308 0.5896 0.7410 -12.6654 1.8588 19.6655 -5.0466 0.0522
Car -1 -1 -4.5836 690.8523 174.9252 719.1520 196.2784 1.6016 1.6670 4.4071 7.5043 1.7714 56.9175 -4.4536 0.0519
Car -1 -1 -7.8626 584.1348 176.2570 646.2633 236.7615 1.5746 1.6325 3.1153 0.0772 1.6784 20.5159 -7.8598 0.9647
Car -1 -1 -7.8165 148.5199 165.1531 173.6031 185.7178 1.7126 1.6807 4.0947 -38.7377 1.0710 62.2822 -8.3712 0.1344
Car -1 -1 -4.5309 111.8928 159.7575 150.0541 184.7722 1.7969 1.6885 3.9383 -35.8060 0.8558 53.9744 -5.1145 0.1261
Car -1 -1 -7.4582 390.3722 179.0012 435.6976 204.7285 1.5654 1.5899 3.5209 -12.7129 1.9782 46.6365 -7.7233 0.0778
Car -1 -1 -4.3453 410.7347 178.6456 459.2253 204.8210 1.5540 1.6740 3.9809 -11.0911 1.9384 45.8414 -4.5817 0.0530
