Pedestrian -1 -1 -3.6952 1103.0162 162.1224 1153.3345 250.3250 1.7704 0.5597 0.6359 10.5508 1.5547 14.7799 -3.0851 0.1752
Cyclist -1 -1 -7.4896 128.7840 193.0980 157.1727 237.6236 1.5994 0.3760 1.5468 -17.7887 2.3912 27.4372 -8.0606 0.0872
Pedestrian -1 -1 -5.6009 1127.7814 174.7478 1167.9794 245.0060 1.6332 0.5137 0.5689 12.7134 1.6787 17.1315 -4.9712 0.0765
Pedestrian -1 -1 -3.2901 335.2549 181.6035 356.5636 218.7053 1.8528 0.6242 0.9380 -13.4973 2.3044 36.7663 -3.6400 0.0679
Cyclist -1 -1 -8.7449 989.6733 170.2933 1049.8505 226.0238 1.7078 0.5208 1.7159 12.9865 1.6290 23.0036 -8.2370 0.0663
Car -1 -1 -4.8199 934.1682 183.3687 997.1368 230.5398 1.5116 1.6166 3.6835 12.6924 1.9197 26.0215 -4.3712 0.0626
Car -1 -1 -5.2277 542.4949 185.9261 578.2573 203.7972 1.4633 1.6324 3.5122 -4.4360 2.6535 63.7970 -5.2973 0.0590
Cyclist -1 -1 -2.2071 7.1750 187.3729 51.0399 229.1234 1.8683 0.6961 1.7113 -26.7925 2.5479 33.2319 -2.8818 0.0575
Pedestrian -1 -1 -5.6875 238.3107 179.5993 251.8728 211.6528 1.9345 0.6635 0.4427 -22.3122 2.3494 44.0540 -6.1541 0.0545
Car -1 -1 -4.8957 592.4584 179.7287 626.8397 203.3331 1.5687 1.6720 4.4205 -0.1038 2.0826 51.6345 -4.8982 0.0529
Pedestrian -1 -1 -5.8150 669.6260 175.3049 685.7925 207.9869 1.8101 0.6190 0.6995 3.7619 1.9489 40.4788 -5.7236 0.0508
Pedestrian -1 -1 -2.9205 879.2448 186.5947 920.8075 293.3769 1.4212 0.5039 0.4422 3.9744 1.6181 10.0210 -2.5540 0.1986
Cyclist -1 -1 -7.7473 20.3239 183.5701 56.2113 262.1767 1.7074 0.4497 1.8598 -13.3635 1.9705 16.8281 -8.4108 0.1726
Pedestrian -1 -1 -3.9423 993.7674 161.0607 1024.8195 220.7032 1.8792 0.5954 0.6364 12.7386 1.5073 23.1133 -3.4444 0.1270
Pedestrian -1 -1 -4.4200 18.3327 189.8460 43.7504 232.7738 1.9355 0.7577 0.6572 -26.7789 2.7307 33.3314 -5.0930 0.0966
Cyclist -1 -1 -7.4971 662.6433 176.2479 678.4080 204.6080 1.7130 0.4104 1.6902 3.7169 1.9266 44.6373 -7.4150 0.0893
Cyclist -1 -1 -7.6045 660.6612 176.8723 672.3436 204.4310 1.6648 0.3268 1.6510 3.4688 1.9179 44.6664 -7.5280 0.0754
Cyclist -1 -1 -6.3176 987.3657 164.6304 1052.9742 224.3038 1.8384 0.6697 1.7850 12.9570 1.5847 22.9340 -5.8093 0.0709
Cyclist -1 -1 -8.3370 855.1369 178.9769 947.1125 302.7095 1.5688 0.4199 1.7135 3.9709 1.6618 10.1109 -7.9738 0.0677
Cyclist -1 -1 -7.0064 661.2913 173.7778 690.8712 204.6375 1.8603 0.6892 1.8093 4.0327 1.9178 44.3577 -6.9169 0.0595
Pedestrian -1 -1 -5.7998 660.3824 177.1568 672.6700 206.3886 1.7678 0.5650 0.5503 3.4231 2.0330 44.1338 -5.7234 0.0583
Cyclist -1 -1 -6.2244 825.7689 171.9460 963.2015 299.6255 1.6580 0.6773 1.7232 3.8795 1.6459 10.0282 -5.8662 0.0543
Car -1 -1 -4.4286 242.2948 187.0269 288.8184 214.7021 1.5637 1.5762 3.9110 -21.4168 2.4863 44.9299 -4.8714 0.1086
Car -1 -1 -2.3988 0.0000 205.6935 51.8428 245.7244 1.5114 1.6518 3.9360 -25.5266 2.8993 29.6065 -3.1060 0.1067
Car -1 -1 -4.9222 624.3940 182.6876 666.5941 211.6022 1.4265 1.5351 3.6156 1.8218 1.9810 38.8031 -4.8762 0.0953
Car -1 -1 -4.8801 246.9899 182.9924 280.4682 207.1649 1.7941 1.7405 4.1646 -27.6997 2.6342 57.6047 -5.3268 0.0843
Car -1 -1 -4.8655 510.6817 179.0354 545.9434 205.9502 1.6902 1.7213 4.2879 -5.5863 2.1264 48.6596 -4.9796 0.0841
Car -1 -1 -7.3341 157.9023 193.2043 252.0690 229.5286 1.4243 1.7301 4.5374 -18.4900 2.4227 33.1278 -7.8401 0.0728
Car -1 -1 -4.6593 213.6301 187.0905 248.8699 216.4648 1.6011 1.6668 4.0564 -22.8915 2.5052 43.6437 -5.1402 0.0644
Car -1 -1 -4.9057 619.7246 181.1499 659.2064 207.9750 1.5129 1.6471 4.0921 1.7168 2.0452 44.1717 -4.8676 0.0615
Car -1 -1 -4.5689 448.6670 180.8260 482.4020 207.1177 1.7128 1.7268 4.2197 -10.0850 2.2939 50.4646 -4.7656 0.0552
