Cyclist -1 -1 -4.3315 491.1977 171.3874 523.7128 220.6779 1.7766 0.5650 1.8285 -3.8591 1.7235 26.9622 -4.4729 0.8135
Pedestrian -1 -1 -4.5758 240.6858 164.7720 276.8065 254.1149 1.8366 0.5643 0.9525 -7.5227 1.6702 15.3723 -5.0245 0.7972
Cyclist -1 -1 -7.4461 509.0306 172.3211 539.9567 215.7830 1.7495 0.5556 1.9432 -3.5873 1.7278 30.0557 -7.5644 0.6910
Pedestrian -1 -1 -8.1061 319.0445 166.8580 358.8997 252.5258 1.8214 0.6177 0.8994 -6.0250 1.6936 15.8861 -8.4637 0.6848
Cyclist -1 -1 -6.7366 581.6329 171.4544 619.4443 208.6762 1.7798 0.5891 1.7631 -0.4982 1.7126 35.1622 -6.7513 0.6506
Car -1 -1 -4.7317 145.6429 163.1475 171.2850 183.7053 1.6517 1.7369 4.2284 -37.7329 0.8716 60.2184 -5.2896 0.1219
Pedestrian -1 -1 -3.6933 832.4104 165.7807 852.3124 200.2750 1.8092 0.6389 0.7851 12.2759 1.4379 38.2495 -3.3854 0.1181
Pedestrian -1 -1 -6.3417 332.2285 166.8613 373.3842 245.3637 1.8164 0.5365 0.8904 -6.1548 1.6775 17.1157 -6.6825 0.1102
Pedestrian -1 -1 -6.9346 85.4981 173.3559 110.6123 232.7256 1.9591 0.5725 0.4250 -17.1476 1.9758 24.1038 -7.5480 0.1025
Cyclist -1 -1 -8.0899 484.5033 174.1456 497.6130 201.1284 1.6536 0.4395 1.6280 -7.4806 1.7356 45.1331 -8.2536 0.0934
Car -1 -1 -5.8780 375.1697 172.6434 449.8504 197.0553 1.5328 1.6356 4.3411 -12.7113 1.5192 46.4141 -6.1441 0.0830
Car -1 -1 -4.0280 247.0491 175.2444 315.2159 205.1703 1.6810 1.6713 3.7795 -19.5122 1.8296 42.8981 -4.4528 0.0782
Cyclist -1 -1 -6.3929 713.5002 166.1597 747.6706 202.6459 1.8828 0.6392 1.6946 6.2357 1.5371 37.5982 -6.2303 0.0777
Pedestrian -1 -1 -6.0148 325.4639 168.1095 335.0516 188.9867 1.7015 0.6428 0.5833 -22.9577 1.3145 59.1535 -6.3837 0.0769
Cyclist -1 -1 -5.8992 197.0194 177.9623 248.0487 223.9378 1.8534 0.7012 1.7079 -15.9362 2.0659 29.6233 -6.3893 0.0742
Pedestrian -1 -1 -3.7503 963.7780 153.1396 975.8181 192.5560 1.9368 0.4861 0.3099 17.7686 0.9678 35.7176 -3.2921 0.0708
Pedestrian -1 -1 -3.5973 662.9755 167.1388 673.2545 190.1555 1.8865 0.5698 0.6616 4.7676 1.4178 59.5263 -3.5181 0.0707
Car -1 -1 -2.6421 167.5662 173.1926 281.4252 209.1809 1.5596 1.7043 4.1727 -17.1614 1.5748 32.1629 -3.1290 0.0666
Pedestrian -1 -1 -7.6959 228.1803 186.8736 250.1576 232.0753 1.5840 0.6416 0.4049 -13.2800 2.0899 25.7577 -8.1681 0.0651
Pedestrian -1 -1 -3.8472 818.9046 166.6154 828.8835 196.0161 1.7718 0.4365 0.3899 12.9365 1.3955 43.7616 -3.5620 0.0649
Pedestrian -1 -1 -5.1009 192.3653 164.3244 207.6538 196.0926 1.8816 0.5651 0.7217 -24.5719 1.3761 43.1809 -5.6158 0.0631
Pedestrian -1 -1 -5.6152 354.3391 179.1227 370.8974 210.6030 1.6620 0.6321 0.5700 -13.2851 2.0009 38.6429 -5.9446 0.0615
Pedestrian -1 -1 -4.7141 943.8134 156.0742 966.4048 212.6189 1.8992 0.6885 0.9303 11.8090 1.3353 24.8024 -4.2747 0.0598
Car -1 -1 -4.7631 105.5943 169.2833 132.6666 189.0433 1.5762 1.6467 4.1990 -40.6796 1.2910 59.7254 -5.3591 0.0566
Cyclist -1 -1 -7.8728 623.3085 174.0102 629.5053 196.6543 1.5968 0.4128 1.5157 1.1422 1.6806 51.7180 -7.8513 0.0557
Car -1 -1 -4.7205 261.7881 161.1775 284.7624 182.5624 1.7726 1.7369 4.3812 -29.0452 0.8044 62.1600 -5.1561 0.0551
Pedestrian -1 -1 -4.1630 537.4346 168.7605 557.2444 205.6227 1.8458 0.6350 0.8849 -3.2206 1.6405 36.6672 -4.2504 0.0528
Cyclist -1 -1 -8.6046 996.0256 159.3077 1064.8857 226.4804 1.6538 0.5163 1.6855 10.7771 1.3200 18.6437 -8.0877 0.0527
Car -1 -1 -3.8479 211.7131 163.0801 267.7472 184.1655 1.7616 1.7136 4.2178 -32.0630 0.9447 62.5564 -4.3199 0.0516
Pedestrian -1 -1 -4.1571 41.9609 202.9442 85.8674 269.9597 1.1804 0.4335 0.5168 -10.0610 1.7435 13.2331 -4.7977 0.0516
Pedestrian -1 -1 -7.0894 317.6360 168.8584 331.8133 196.2048 1.8469 0.6147 0.6567 -19.4633 1.5767 49.1511 -7.4648 0.0514
Pedestrian -1 -1 -3.4481 753.9598 156.8480 809.6706 259.5014 1.8247 0.7358 0.8036 3.0824 1.5399 13.2257 -3.2250 0.7152
Pedestrian -1 -1 -5.2495 755.7803 159.6104 809.5729 245.9597 1.8570 0.7390 1.0342 3.7920 1.5719 16.1227 -5.0234 0.6509
Cyclist -1 -1 -7.6410 924.0532 146.9647 1009.8810 314.3412 1.8336 0.6151 1.7019 4.3092 1.5497 8.7665 -7.1983 0.6494
Pedestrian -1 -1 -6.6526 996.9068 161.8853 1057.2904 276.3948 1.6712 0.5397 0.6280 6.1983 1.5108 10.8410 -6.1456 0.5962
Pedestrian -1 -1 -7.4131 152.6225 181.2046 199.3299 246.9980 1.5320 0.7074 0.7477 -10.4510 1.7367 17.3102 -7.9498 0.5519
Cyclist -1 -1 -4.0786 323.7519 172.7901 366.2926 227.3605 1.7507 0.5456 1.4932 -8.8208 1.7484 23.9412 -4.4285 0.4964
Pedestrian -1 -1 -4.7566 981.4595 159.1530 1023.1602 265.1241 1.7181 0.5764 0.6708 6.5251 1.4957 12.1244 -4.2737 0.4203
Pedestrian -1 -1 -4.8266 823.0907 169.7140 839.9092 210.8888 1.7074 0.5935 0.7246 9.2620 1.5769 30.3287 -4.5335 0.3441
Cyclist -1 -1 -4.3459 415.2444 170.4569 436.5097 203.6173 1.7833 0.5580 1.7091 -10.1526 1.6541 39.6844 -4.5951 0.3289
Cyclist -1 -1 -2.6539 380.6489 175.3932 423.4750 218.5615 1.7631 0.6149 1.6104 -8.6827 1.8699 29.9905 -2.9338 0.2579
Pedestrian -1 -1 -4.7477 88.7670 179.9340 119.3281 247.2020 1.5671 0.5790 0.8348 -12.2730 1.7428 17.4241 -5.3544 0.2455
Pedestrian -1 -1 -6.2110 437.2523 169.4748 454.7186 206.7859 1.8767 0.6648 0.8204 -8.3734 1.7064 36.6823 -6.4343 0.2111
Pedestrian -1 -1 -7.6000 885.1077 168.7710 912.0022 217.3803 1.6962 0.7376 0.7083 10.2252 1.5534 25.6813 -7.2255 0.2051
Pedestrian -1 -1 -3.3489 1146.4746 156.3754 1204.4924 257.2723 1.6576 0.5711 0.6654 9.5331 1.3866 12.2542 -2.6997 0.1955
Cyclist -1 -1 -4.7997 1161.2150 151.0083 1213.4005 257.6973 1.6935 0.5217 1.6972 9.7624 1.3465 12.3083 -4.1411 0.1724
Pedestrian -1 -1 -5.5942 1.3218 182.0054 47.7777 250.6356 1.5874 0.5525 0.6492 -13.8727 1.8068 17.0444 -6.2699 0.1659
Pedestrian -1 -1 -3.3102 818.4763 171.8488 846.2687 225.8267 1.6089 0.5791 0.7134 6.6753 1.5787 21.8386 -3.0180 0.1572
Cyclist -1 -1 -5.0804 1133.1710 159.0285 1210.1946 260.0688 1.6049 0.4325 1.6969 9.5014 1.3850 12.3357 -4.4360 0.1553
Cyclist -1 -1 -8.6393 736.0908 173.5293 760.2712 201.7564 1.6662 0.4902 1.5263 8.2668 1.7072 43.3958 -8.4527 0.1515
Pedestrian -1 -1 -7.6513 819.5246 177.3340 858.8730 245.9964 1.4822 0.7209 0.6739 5.0671 1.5849 16.1061 -7.3525 0.1505
Pedestrian -1 -1 -3.1915 1163.1393 155.2715 1241.0000 366.5919 1.6528 0.6001 0.6483 5.0217 1.5150 6.0756 -2.5250 0.1487
Pedestrian -1 -1 -3.9271 752.3754 172.0738 764.0150 197.8394 1.6632 0.4974 0.5515 9.6061 1.6125 46.9356 -3.7268 0.1443
Pedestrian -1 -1 -4.9136 1180.5173 145.8916 1237.9462 253.7920 1.7673 0.5962 0.7943 10.1475 1.3254 12.3080 -4.2361 0.1433
Pedestrian -1 -1 -4.7585 849.3808 159.4447 884.3605 254.4270 1.7901 0.5956 0.8342 4.9480 1.5371 14.0822 -4.4279 0.1429
Pedestrian -1 -1 -7.4279 788.0159 172.3073 805.2161 207.6691 1.6698 0.5470 0.7269 8.8899 1.6437 34.5257 -7.1785 0.1408
Cyclist -1 -1 -4.0858 360.1552 180.6917 394.2902 223.4335 1.6147 0.4756 1.5184 -9.1739 1.9309 28.3447 -4.3965 0.1291
Cyclist -1 -1 -3.3729 786.3804 166.7961 852.1968 223.7029 1.6884 0.7910 1.7765 6.2669 1.5084 21.8422 -3.0977 0.1234
Cyclist -1 -1 -3.2368 774.1406 166.2648 841.8757 225.5257 1.7223 0.8574 1.8721 5.8371 1.5305 21.5475 -2.9763 0.1139
Pedestrian -1 -1 -4.1031 792.3542 164.1116 825.0958 226.0094 1.8063 0.6865 0.6639 5.8803 1.5509 21.5325 -3.8406 0.1139
Pedestrian -1 -1 -5.0439 873.4017 176.7888 898.5335 226.8802 1.4287 0.5334 0.5305 7.9377 1.5439 20.8952 -4.6861 0.1086
Pedestrian -1 -1 -3.8719 786.5073 168.3257 799.3045 204.5456 1.7950 0.4822 0.3999 9.1012 1.5703 36.0655 -3.6271 0.1081
Cyclist -1 -1 -8.0815 868.5635 167.5129 891.5831 211.9892 1.6821 0.4586 1.7057 10.4825 1.4798 28.1630 -7.7291 0.1045
Pedestrian -1 -1 -5.4704 461.5216 170.2158 480.1754 204.1746 1.8226 0.5822 0.8326 -7.5991 1.6807 39.2046 -5.6610 0.1030
Cyclist -1 -1 -5.8050 408.0630 169.4669 441.5772 202.7746 1.8068 0.5517 1.7212 -10.2004 1.6228 39.6036 -6.0559 0.1024
Pedestrian -1 -1 -7.9146 215.5777 182.3566 239.6290 239.4019 1.5459 0.5481 0.8358 -10.7689 1.8184 20.2188 -8.3989 0.0975
Cyclist -1 -1 -8.5512 739.9285 174.2309 761.0487 201.2757 1.6045 0.3394 1.5424 8.4532 1.6890 43.6416 -8.3616 0.0893
Pedestrian -1 -1 -6.0014 311.5999 174.8165 338.2311 225.8043 1.7285 0.6238 0.7064 -9.8511 1.7967 24.8299 -6.3758 0.0881
Cyclist -1 -1 -8.7157 860.9788 171.5681 917.1077 228.8954 1.5804 0.4454 1.5877 7.9310 1.5447 20.6949 -8.3551 0.0878
Pedestrian -1 -1 -4.8911 765.4684 185.3348 789.9977 240.1200 1.2968 0.4997 0.4636 3.9966 1.6022 17.4317 -4.6703 0.0853
Cyclist -1 -1 -8.0157 817.7305 170.5740 842.2674 227.5092 1.6632 0.4496 1.5965 6.6142 1.5963 21.8985 -7.7268 0.0834
Cyclist -1 -1 -7.5156 0.0000 179.2552 45.0695 254.1212 1.6446 0.4434 1.6965 -13.8707 1.8018 16.8734 -8.1960 0.0817
Pedestrian -1 -1 -4.1824 920.1614 172.0102 948.9577 222.8737 1.6062 0.5857 0.6762 10.3965 1.5793 23.2212 -3.7667 0.0792
Cyclist -1 -1 -7.7254 320.5808 174.0519 342.2046 225.9445 1.7525 0.5015 1.6098 -9.7829 1.7955 25.2474 -8.0919 0.0740
Cyclist -1 -1 -7.7108 770.6854 171.1807 800.1138 239.8984 1.6313 0.5030 1.5703 4.3256 1.5913 17.9512 -7.4789 0.0734
Pedestrian -1 -1 -3.1572 764.8710 184.2179 784.1883 238.4252 1.2985 0.4465 0.4505 3.9716 1.5804 17.6581 -2.9403 0.0732
Cyclist -1 -1 -8.0871 513.0693 176.1494 522.8820 197.8774 1.5118 0.3616 1.4596 -6.5621 1.7486 51.1760 -8.2144 0.0722
Pedestrian -1 -1 -4.1300 807.7448 166.5846 841.8255 225.3038 1.7151 0.5956 0.8772 6.3782 1.5317 21.5867 -3.8470 0.0694
Cyclist -1 -1 -3.9891 305.3113 175.4316 351.8271 228.3103 1.6863 0.5437 1.5523 -9.3540 1.7744 23.9125 -4.3586 0.0693
Cyclist -1 -1 -8.1579 755.3047 171.0128 795.4695 242.2973 1.6713 0.4985 1.5841 3.9906 1.6278 17.7271 -7.9409 0.0665
Cyclist -1 -1 -6.3870 319.2430 172.1971 374.2029 228.4836 1.7912 0.6619 1.6308 -8.6622 1.7700 23.6150 -6.7354 0.0660
Cyclist -1 -1 -7.3359 422.2597 173.7720 443.9677 203.8893 1.6806 0.5183 1.5171 -10.1061 1.7337 41.1131 -7.5758 0.0647
Pedestrian -1 -1 -6.6050 819.8876 160.9132 854.1938 226.0887 1.8012 0.6001 0.7652 6.3150 1.4709 20.2494 -6.3074 0.0645
Cyclist -1 -1 -5.9802 0.6855 183.0756 120.3880 268.9480 1.5635 0.6503 1.7144 -10.5670 1.7681 13.8702 -6.6222 0.0631
Pedestrian -1 -1 -6.4801 337.7890 171.5399 361.3490 226.4278 1.7797 0.6531 0.6167 -8.6521 1.7368 23.8336 -6.8252 0.0624
Cyclist -1 -1 -7.7683 718.2060 172.5904 730.3722 209.6304 1.6861 0.4290 1.6263 5.3005 1.6738 33.6870 -7.6142 0.0617
Cyclist -1 -1 -5.1155 1158.5312 143.2037 1241.0000 374.0000 1.7047 0.5079 1.6651 5.1907 1.4928 6.0198 -4.4285 0.0610
Pedestrian -1 -1 -5.9697 622.2733 168.9803 637.4196 194.5471 1.8582 0.5455 0.9896 1.4251 1.5763 52.8630 -5.9433 0.0607
Cyclist -1 -1 -4.2044 30.7471 182.6180 112.5304 270.8365 1.5375 0.5064 1.6087 -10.1456 1.7323 13.5884 -4.8365 0.0604
Cyclist -1 -1 -6.0866 318.7931 172.1779 371.1360 226.2604 1.7734 0.5584 1.5590 -8.8691 1.7510 24.0553 -6.4367 0.0603
Car -1 -1 -7.8126 382.0798 178.8793 420.8055 216.5481 1.5009 1.4728 2.4296 -8.8339 1.7669 30.5374 -8.0923 0.0602
Pedestrian -1 -1 -5.7666 602.7135 171.0122 615.0220 195.0785 1.7773 0.5701 0.7302 -0.1131 1.6410 53.7123 -5.7691 0.0594
Pedestrian -1 -1 -7.9271 430.9869 172.6132 443.4528 203.4407 1.7469 0.6605 0.4595 -9.9054 1.7330 41.2067 -8.1619 0.0594
Pedestrian -1 -1 -4.9964 769.3377 175.3688 800.1547 239.9064 1.5011 0.5618 0.5987 4.0887 1.5616 17.1210 -4.7667 0.0591
Cyclist -1 -1 -7.9944 784.0853 171.1832 797.9587 206.8143 1.7351 0.4454 1.5934 8.9715 1.6534 35.9513 -7.7522 0.0590
Cyclist -1 -1 -3.0986 755.2319 173.0570 823.9560 242.5250 1.6253 0.6084 1.5814 4.2786 1.6300 17.3945 -2.8621 0.0583
Cyclist -1 -1 -8.1930 754.4533 156.3683 803.4308 259.8451 1.8158 0.3520 1.6321 3.0785 1.5262 13.4928 -7.9743 0.0568
Pedestrian -1 -1 -8.8176 852.2232 168.2786 871.3972 209.8693 1.7087 0.5674 0.5240 10.4335 1.5205 30.0233 -8.4866 0.0549
Cyclist -1 -1 -8.4222 739.2358 175.0024 800.3832 243.8072 1.5721 0.5982 1.7273 3.7852 1.6265 17.4574 -8.2130 0.0545
Pedestrian -1 -1 -6.2748 632.2166 170.2273 643.7936 194.5132 1.8485 0.5569 0.8808 2.1164 1.6483 55.2173 -6.2371 0.0541
Pedestrian -1 -1 -5.3636 880.4617 172.1823 912.5307 226.9739 1.5399 0.5762 0.6501 8.1529 1.5207 20.6708 -4.9934 0.0537
Pedestrian -1 -1 -5.2331 852.9874 173.6888 884.3043 230.9377 1.5720 0.5498 0.6960 7.1910 1.5956 20.2171 -4.8966 0.0532
Cyclist -1 -1 -7.6099 327.0406 174.2189 357.4911 228.5521 1.7624 0.5621 1.7178 -9.0575 1.8098 24.3326 -7.9631 0.0513
Cyclist -1 -1 -7.6534 304.8950 178.3165 330.4391 229.7233 1.6437 0.4753 1.6171 -9.7917 1.8321 24.0873 -8.0361 0.0511
Car -1 -1 -7.0534 1161.3363 156.2987 1241.0000 374.0000 1.5298 1.5891 3.7516 6.6431 1.4261 5.4609 -6.1971 0.2274
Car -1 -1 -7.7750 716.7788 175.5303 752.8373 205.2888 1.5165 1.6367 3.9177 6.7929 1.6695 39.2466 -7.6053 0.1729
Car -1 -1 -8.1143 997.6812 168.5217 1113.7723 230.5797 1.4794 1.6606 3.8072 11.6810 1.3758 19.2587 -7.5762 0.1639
Car -1 -1 -8.0697 767.8932 172.3040 843.4245 224.9897 1.5680 1.5872 3.6062 6.1762 1.5513 23.3067 -7.8144 0.1577
Car -1 -1 -2.8407 314.8605 182.3141 421.2840 217.3605 1.4315 1.6521 3.9977 -10.3081 1.8464 30.8044 -3.1615 0.1533
Car -1 -1 -4.8191 497.8140 175.8086 526.2955 197.8680 1.5241 1.6277 4.0703 -7.2058 1.7480 52.6029 -4.9549 0.1493
Car -1 -1 -7.5278 712.9259 176.2297 767.8717 208.6598 1.4440 1.5454 3.5055 6.2261 1.6138 34.4338 -7.3509 0.1327
Car -1 -1 -7.0197 0.0000 182.7903 54.8746 291.6911 1.4948 1.5392 3.7441 -11.7301 1.6888 12.1826 -7.7753 0.1098
Car -1 -1 -6.8138 622.1600 171.7139 684.7042 195.0220 1.6275 1.6903 4.2358 3.1147 1.5476 52.0972 -6.7548 0.1028
Car -1 -1 -8.0921 751.3010 174.9216 801.2822 207.3260 1.5378 1.5826 3.8183 8.2853 1.6473 36.4081 -7.8706 0.0888
Car -1 -1 -5.9858 746.2200 173.5566 820.7379 201.2535 1.5726 1.6658 3.9836 10.2349 1.6156 42.7813 -5.7529 0.0843
Car -1 -1 -7.7909 763.3394 177.9872 834.3329 241.5016 1.4573 1.5782 3.9645 5.0103 1.6076 19.0292 -7.5380 0.0790
Car -1 -1 -4.8352 399.1151 176.5674 436.0128 204.1799 1.4779 1.5693 3.9142 -11.0895 1.7010 41.2956 -5.0963 0.0684
Car -1 -1 -4.9754 1078.4299 166.6361 1211.7732 234.5637 1.4801 1.6412 3.8520 12.9659 1.3443 17.8132 -4.3544 0.0567
