Pedestrian -1 -1 -3.1356 473.4980 172.5432 487.3964 203.4893 1.8881 0.5600 0.8361 -7.9995 1.8688 44.3695 -3.3133 0.3002
Pedestrian -1 -1 -5.8976 907.2866 164.5263 922.6013 212.7859 1.8322 0.5173 0.3768 11.6666 1.5158 27.7105 -5.5033 0.2389
Pedestrian -1 -1 -5.5405 930.7958 178.7508 972.4964 255.0095 1.5193 0.4815 0.6067 6.9520 1.6431 14.8059 -5.1100 0.2083
Car -1 -1 -5.0727 459.1038 178.8793 491.4930 198.0772 1.7042 1.6271 4.1356 -12.6738 2.2868 67.6142 -5.2577 0.1609
Pedestrian -1 -1 -8.1748 284.1303 174.1751 305.0281 224.4776 1.9166 0.5888 0.5802 -12.2530 1.9682 27.9255 -8.5852 0.1461
Pedestrian -1 -1 -2.0874 52.9221 175.0612 101.5553 260.8996 1.7864 0.5411 0.7470 -11.4480 1.8346 15.4372 -2.7175 0.1399
Pedestrian -1 -1 -3.2834 289.3420 185.7737 319.5879 241.2364 1.5541 0.5842 0.7309 -8.8840 1.9351 20.8602 -3.6819 0.1329
Pedestrian -1 -1 -7.4913 259.2349 176.9763 290.8454 235.3986 1.7624 0.6201 0.8582 -10.3815 1.8920 22.2794 -7.9232 0.1180
Pedestrian -1 -1 -5.1608 752.9374 171.0735 774.0803 214.3862 1.7901 0.6284 0.6884 6.3841 1.7162 30.2304 -4.9552 0.1150
Pedestrian -1 -1 -3.8235 919.7296 161.3196 932.4263 205.9017 1.9722 0.4858 0.2723 14.0569 1.4617 32.1899 -3.4155 0.1098
Pedestrian -1 -1 -4.8615 737.3799 169.7224 755.1000 213.3664 1.8241 0.6130 0.8669 5.7289 1.6929 30.5998 -4.6788 0.0901
Cyclist -1 -1 -7.7827 1136.7659 167.0415 1150.6370 205.0046 1.6589 0.3954 1.5899 23.8274 1.4046 32.2647 -7.1513 0.0887
Pedestrian -1 -1 -5.3619 1102.6947 153.8505 1174.1556 280.3474 1.7727 0.5311 0.6755 7.5874 1.5061 10.4586 -4.7482 0.0861
Pedestrian -1 -1 -4.7560 752.9434 165.6828 767.4810 207.3068 2.0140 0.6756 0.3915 7.2762 1.6667 35.1582 -4.5541 0.0847
Pedestrian -1 -1 -6.5565 1116.8463 146.4901 1232.3567 323.6298 1.7939 0.5628 0.8445 5.9507 1.5266 7.7205 -5.9188 0.0837
Car -1 -1 -8.3710 967.9595 173.3784 1034.6161 201.0703 1.5506 1.6645 4.0228 22.9254 1.5827 42.5109 -7.8796 0.0823
Pedestrian -1 -1 -2.8058 246.4975 177.1948 283.3985 240.0098 1.7924 0.5581 0.8288 -10.0621 1.9201 20.9549 -3.2489 0.0764
Pedestrian -1 -1 -5.0920 939.5038 156.8499 984.4088 239.5080 1.8818 0.6061 1.0177 8.2014 1.5171 16.9534 -4.6488 0.0727
Pedestrian -1 -1 -6.0513 432.5818 172.0082 449.0323 204.8903 1.9333 0.6244 0.8275 -10.0535 1.8832 42.7352 -6.2813 0.0727
Pedestrian -1 -1 -6.1499 493.2603 175.2553 508.1491 201.2508 1.8401 0.5196 0.9886 -7.8125 2.0117 51.3913 -6.3005 0.0724
Cyclist -1 -1 -3.7634 848.3323 171.2335 887.2188 212.1408 1.8170 0.6168 1.5938 11.5908 1.7447 32.5677 -3.4249 0.0720
Pedestrian -1 -1 -7.0970 660.1814 173.1655 679.7598 214.7655 1.9032 0.7396 0.5345 2.7390 1.9176 33.4716 -7.0167 0.0705
Pedestrian -1 -1 -3.5345 381.6851 172.7503 406.8210 215.7121 1.9332 0.6714 0.9148 -9.9140 1.9283 33.0174 -3.8244 0.0702
Car -1 -1 -7.2322 397.3201 176.6754 448.3677 199.9414 1.5687 1.6094 3.7935 -13.3070 1.8515 51.3852 -7.4846 0.0678
Pedestrian -1 -1 -7.7245 1125.9414 171.9396 1153.5004 227.4373 1.6540 0.6282 0.4115 16.0055 1.6265 21.8695 -7.0996 0.0665
Pedestrian -1 -1 -7.8963 990.6120 168.6350 1010.6567 219.0789 1.7506 0.5923 0.5976 13.7198 1.6039 25.4382 -7.4070 0.0653
Cyclist -1 -1 -7.6706 305.8038 178.2015 322.4200 214.7128 1.6935 0.4377 1.6728 -14.2128 1.9559 34.5829 -8.0582 0.0644
Pedestrian -1 -1 -6.1734 422.0695 174.7758 435.2352 202.9068 1.8038 0.6086 0.7640 -11.7598 1.9288 46.6681 -6.4192 0.0636
Cyclist -1 -1 -7.0095 109.4314 181.3121 188.6186 255.2291 1.6643 0.4979 1.6966 -11.0842 1.8776 17.3327 -7.5718 0.0629
Car -1 -1 -3.2599 288.2284 178.3573 389.3183 214.5891 1.5577 1.5865 4.1974 -12.5015 1.8233 33.1938 -3.6178 0.0623
Cyclist -1 -1 -7.6777 865.9140 165.7214 893.4763 226.6047 1.7009 0.4628 1.7614 7.8256 1.5014 21.0355 -7.3267 0.0615
Pedestrian -1 -1 -5.3477 227.4438 175.2215 238.8925 210.8981 1.7192 0.4509 0.2191 -18.3470 1.8348 35.0542 -5.8271 0.0584
Pedestrian -1 -1 -6.7093 494.9107 186.5390 511.0168 217.0926 1.4036 0.4857 0.6000 -5.0621 2.0521 33.8414 -6.8572 0.0583
Pedestrian -1 -1 -3.3412 1054.8788 185.4865 1089.9331 276.8161 1.3501 0.3941 0.3732 6.9782 1.5465 10.9848 -2.7881 0.0583
Car -1 -1 -4.7787 997.3578 180.7616 1054.0840 223.7193 1.4385 1.5636 3.5277 15.3194 1.7530 26.7999 -4.2647 0.0580
Pedestrian -1 -1 -3.5810 480.6230 172.9308 495.8085 202.3466 1.8845 0.5824 0.7969 -7.9149 1.8892 46.6937 -3.7484 0.0572
Pedestrian -1 -1 -4.6705 186.1389 182.5204 214.2482 260.1252 1.6167 0.5008 0.5086 -8.8249 1.8281 15.4567 -5.1822 0.0570
Car -1 -1 -4.7486 525.7430 181.4600 545.9154 200.0043 1.5129 1.6004 3.9868 -6.5142 2.2875 62.8858 -4.8518 0.0569
Cyclist -1 -1 -7.7409 212.6396 182.5506 245.6647 269.6995 1.6714 0.4205 1.5525 -7.8553 1.8810 14.8164 -8.2214 0.0565
Car -1 -1 -8.1747 677.4965 172.6564 720.3555 199.8744 1.9138 1.7998 4.4728 6.4555 1.8996 53.1055 -8.0549 0.0546
Car -1 -1 -5.0930 897.5388 173.8072 955.1232 199.9188 1.4041 1.5870 4.0469 17.8526 1.4606 40.9919 -4.6852 0.0541
Car -1 -1 -4.9314 326.9417 180.7693 376.2396 211.0974 1.4958 1.6378 4.1579 -14.0253 1.9467 38.9285 -5.2754 0.0518
Cyclist -1 -1 -7.6565 442.8897 176.8811 452.7955 202.9034 1.6809 0.3329 1.5921 -10.7373 1.9510 47.6539 -7.8773 0.0513
Car -1 -1 -6.9779 678.2161 174.5385 739.4251 199.1891 1.6009 1.6741 3.9535 6.6740 1.7188 48.8605 -6.8434 0.0512
Pedestrian -1 -1 -8.1693 773.3558 164.1803 804.6550 231.3967 1.8500 0.6579 0.7200 4.9653 1.6110 20.2439 -7.9329 0.0502
Cyclist -1 -1 -4.3760 225.8016 176.1712 250.9140 214.4290 1.6455 0.5100 1.5311 -16.4928 1.7958 31.9644 -4.8492 0.0501
Cyclist -1 -1 -7.9733 908.6836 168.6996 943.2953 246.2758 1.6829 0.5045 1.7433 7.1786 1.5925 16.5604 -7.5715 0.3588
Pedestrian -1 -1 -5.2967 1094.4551 162.4989 1164.8114 280.9833 1.6994 0.5523 0.6904 7.6332 1.5506 10.7001 -4.6907 0.2327
Cyclist -1 -1 -7.9045 1014.7670 172.4199 1048.1746 249.4161 1.5924 0.5232 1.7452 9.1675 1.5831 15.8198 -7.3880 0.1578
Pedestrian -1 -1 -8.3080 377.2258 181.9891 397.1019 219.0209 1.6772 0.6602 0.6502 -10.3481 2.1053 33.3709 -8.6069 0.1422
Cyclist -1 -1 -5.2167 716.5621 169.4689 764.1223 232.0895 1.7534 0.6015 1.7269 3.7419 1.6583 21.1177 -5.0445 0.1357
Pedestrian -1 -1 -6.6289 379.1910 178.7371 403.0014 218.1052 1.7672 0.6716 0.8685 -10.0767 2.0409 33.0753 -6.9228 0.1254
Cyclist -1 -1 -7.7041 865.5520 170.4968 887.5375 228.8846 1.6750 0.3840 1.6507 7.9089 1.6071 21.5159 -7.3569 0.1067
Pedestrian -1 -1 -2.7550 861.2766 170.8321 892.1945 228.3309 1.6849 0.5592 0.7111 7.9314 1.6254 21.5894 -2.4080 0.0971
Pedestrian -1 -1 -8.5090 772.0374 173.5811 801.2940 226.9586 1.6608 0.5627 0.7463 5.5586 1.6840 22.9178 -8.2747 0.0943
Pedestrian -1 -1 -7.9215 687.5750 179.5749 701.5974 209.1041 1.6052 0.7150 0.7841 4.6261 1.9796 39.8180 -7.8072 0.0905
Pedestrian -1 -1 -7.4831 653.5455 178.2511 671.0898 214.3602 1.6463 0.6348 0.6073 2.3839 1.8991 33.4294 -7.4132 0.0877
Pedestrian -1 -1 -5.4044 990.6764 172.7621 1046.3225 282.8905 1.5202 0.4798 0.4968 5.7395 1.5186 10.2499 -4.9069 0.0867
Cyclist -1 -1 -3.3401 1041.1429 160.6081 1201.2108 282.9002 1.7084 0.5761 1.8560 7.4583 1.5370 10.7038 -2.7450 0.0823
Pedestrian -1 -1 -3.8978 733.2072 171.8767 763.6765 231.7464 1.7067 0.5724 0.6567 3.9761 1.6785 20.9869 -3.7139 0.0816
Pedestrian -1 -1 -6.4886 940.1512 171.0174 976.1906 251.3745 1.6160 0.4570 0.5806 7.0811 1.5788 14.7997 -6.0507 0.0762
Pedestrian -1 -1 -4.9067 937.1577 169.5049 966.2973 236.1129 1.6867 0.5379 0.7697 8.8011 1.6016 18.7088 -4.4737 0.0750
Pedestrian -1 -1 -3.5871 955.2160 164.8758 995.3877 234.1127 1.8175 0.6280 0.7575 9.6916 1.6077 19.2597 -3.1276 0.0747
Cyclist -1 -1 -6.9175 382.4730 179.0196 418.3551 217.2269 1.7283 0.5163 1.6181 -9.8173 2.0228 33.6961 -7.1993 0.0700
Cyclist -1 -1 -3.0344 703.5107 170.6231 766.3366 231.9168 1.7544 0.6907 1.7598 3.6293 1.6903 21.2227 -2.8681 0.0691
Cyclist -1 -1 -7.8661 1032.4873 173.1866 1062.5614 250.5312 1.5866 0.5154 1.8173 9.4642 1.5940 15.7259 -7.3332 0.0666
Pedestrian -1 -1 -3.8242 755.8214 169.1097 786.7874 227.0264 1.7738 0.6194 0.7125 4.9870 1.6588 22.5353 -3.6099 0.0628
Cyclist -1 -1 -7.4330 639.7689 177.8231 669.7206 220.5394 1.6580 0.6122 1.5865 1.7686 1.8636 29.0474 -7.3735 0.0605
Cyclist -1 -1 -8.3195 711.6422 172.4616 753.9097 235.3636 1.7368 0.5018 1.6556 3.4668 1.7257 20.7880 -8.1574 0.0602
Cyclist -1 -1 -8.2883 953.9173 171.2502 999.3127 234.3865 1.6196 0.3769 1.7356 9.7701 1.5782 19.3816 -7.8280 0.0594
Pedestrian -1 -1 -3.5572 1188.1123 165.9693 1241.0000 267.6146 1.6734 0.5656 0.5644 10.2168 1.5597 12.2259 -2.8735 0.0593
Cyclist -1 -1 -5.1008 694.0310 177.9333 712.7305 209.3421 1.6653 0.4728 1.5007 5.0388 1.9471 39.2955 -4.9748 0.0570
Pedestrian -1 -1 -7.3695 777.9339 169.2391 815.3373 241.7246 1.6976 0.6355 0.6681 4.4397 1.6127 17.3595 -7.1240 0.0535
Cyclist -1 -1 -7.1137 379.4432 180.3322 411.8412 217.3369 1.6805 0.4379 1.6881 -10.1178 2.0411 33.9678 -7.4015 0.0531
Cyclist -1 -1 -7.2242 421.4846 178.4712 440.6645 204.2242 1.6375 0.3986 1.5122 -11.6785 2.0091 46.9934 -7.4668 0.0529
Cyclist -1 -1 -7.5586 395.3730 179.2809 412.6772 215.0193 1.6984 0.3632 1.6092 -10.1332 2.0205 35.3885 -7.8359 0.0520
Pedestrian -1 -1 -8.3124 764.0725 171.3615 794.8531 234.3741 1.7373 0.6028 0.6772 4.7107 1.6958 20.2925 -8.0883 0.0519
Pedestrian -1 -1 -6.7849 1111.7870 161.0556 1192.1425 292.0942 1.6972 0.5227 0.6900 7.1730 1.5441 9.6470 -6.1608 0.0511
Cyclist -1 -1 -4.0267 984.8757 169.2402 1074.2760 247.9129 1.6229 0.6533 1.8454 8.9755 1.5481 15.5226 -3.5112 0.0504
Cyclist -1 -1 -8.3930 937.7402 169.0039 987.7640 233.1930 1.6722 0.4156 1.6643 9.5260 1.5716 19.6449 -7.9480 0.0501
Car -1 -1 -4.6400 575.3273 179.7307 596.6270 197.4496 1.4596 1.5786 3.9857 -2.0932 2.0793 63.0296 -4.6735 0.5484
Car -1 -1 -8.0765 687.2451 181.0154 741.5652 215.4610 1.4439 1.6225 3.9644 4.6985 1.8428 33.2562 -7.9380 0.2603
Car -1 -1 -4.8962 678.3339 180.8789 717.7438 208.9420 1.4934 1.5467 3.9246 4.9815 1.9776 41.5549 -4.7783 0.1998
Car -1 -1 -6.9854 672.6524 176.1567 734.0119 200.7404 1.5861 1.6688 3.9843 6.2985 1.8175 48.8168 -6.8583 0.1750
Car -1 -1 -8.3118 673.3002 176.3667 715.8520 199.9217 1.6798 1.6551 3.7964 6.2723 1.9531 54.1378 -8.1976 0.1548
Car -1 -1 -4.5010 527.6010 180.7315 555.8701 198.5623 1.4539 1.6296 4.0957 -5.9315 2.1630 62.8445 -4.5951 0.1463
Car -1 -1 -4.8181 961.7322 175.9771 1061.0189 248.9470 1.5228 1.6177 3.9496 9.4666 1.6069 17.3743 -4.3269 0.1196
Car -1 -1 -4.9478 657.1183 178.2833 691.1336 200.9693 1.5671 1.5764 4.0462 4.6336 1.9813 52.9722 -4.8615 0.1094
Car -1 -1 -4.5600 705.0980 179.2238 745.6353 209.1555 1.4991 1.6459 3.5496 6.2226 1.8594 38.9051 -4.4032 0.0993
Car -1 -1 -8.0538 643.3407 179.4641 692.5811 212.2544 1.4713 1.6204 4.0116 2.7313 1.8137 35.3099 -7.9779 0.0917
Car -1 -1 -4.2966 406.8769 179.8573 452.7814 204.2803 1.5269 1.6147 3.7041 -12.0142 2.0134 48.1975 -4.5399 0.0822
Car -1 -1 -6.4015 388.0601 180.2760 459.1369 205.8876 1.4842 1.5879 4.0512 -11.4388 1.9531 44.1406 -6.6540 0.0739
Car -1 -1 -7.8221 303.0209 183.7057 340.1056 215.6479 1.4264 1.5755 3.9520 -14.2938 1.9964 35.7924 -8.1999 0.0611
Car -1 -1 -3.2589 296.1104 182.4909 395.7251 218.8211 1.5539 1.6527 4.1709 -12.2622 2.0225 33.4271 -3.6083 0.0605
