Pedestrian -1 -1 -5.0023 797.6131 164.6481 814.8316 201.9825 1.8969 0.6556 0.7791 10.0341 1.4797 37.0590 -4.7403 0.4715
Pedestrian -1 -1 -3.4196 641.4814 168.0920 660.0315 202.5358 1.8131 0.5852 0.8560 2.1257 1.5621 38.3613 -3.3652 0.2683
Pedestrian -1 -1 -4.6111 204.9352 173.7458 237.2246 250.0945 1.6807 0.5556 0.8973 -8.8890 1.7013 16.4161 -5.1010 0.2251
Car -1 -1 -7.3025 550.7631 167.7717 591.6099 191.6075 2.0378 1.7529 4.0453 -3.4210 1.6030 63.8813 -7.3562 0.1795
Pedestrian -1 -1 -3.8986 988.7917 162.1950 1002.6935 203.2719 1.7823 0.4963 0.2677 16.8389 1.3195 31.5813 -3.4130 0.1657
Pedestrian -1 -1 -6.7681 1003.0238 133.6732 1133.8497 325.8913 1.8681 0.6238 0.9392 4.5812 1.4870 7.3492 -6.2293 0.1553
Pedestrian -1 -1 -3.4286 1209.0331 158.1462 1241.0000 258.7078 1.7374 0.5340 0.6337 11.0956 1.4830 12.8379 -2.7276 0.1092
Cyclist -1 -1 -4.7039 878.3386 162.4635 890.3650 204.7879 1.8236 0.4856 1.8195 12.1371 1.3756 32.0254 -4.3451 0.1089
Car -1 -1 -3.0185 281.9980 171.4042 379.6419 213.5387 1.7746 1.6586 3.8173 -12.2046 1.7133 31.6529 -3.3840 0.0940
Cyclist -1 -1 -4.7187 212.0884 170.6310 237.0312 240.3345 1.6642 0.5292 1.6162 -9.7014 1.6108 18.0636 -5.2058 0.0923
Car -1 -1 -8.3822 869.6180 168.3362 943.1174 201.7835 1.5036 1.6054 3.6377 13.9829 1.3002 34.3518 -7.9989 0.0910
Pedestrian -1 -1 -8.6786 631.6862 172.0771 650.7803 206.2011 1.6726 0.6112 0.7251 1.5105 1.6342 35.8382 -8.6374 0.0788
Cyclist -1 -1 -7.8382 669.0881 171.3383 674.1575 189.3268 1.5483 0.4184 1.5463 5.3505 1.4176 62.8957 -7.7540 0.0776
Car -1 -1 -4.5289 849.7439 168.2670 880.0617 189.9953 1.6796 1.6579 3.6524 20.4073 1.3247 57.7722 -4.1912 0.0776
Pedestrian -1 -1 -5.0591 991.3151 161.0562 1017.5541 215.6705 1.7770 0.5782 0.6278 12.9723 1.3928 23.8290 -4.5661 0.0775
Pedestrian -1 -1 -5.7078 1132.7966 164.1340 1189.4321 248.4927 1.7059 0.5889 0.7374 11.4244 1.5293 15.0391 -5.0680 0.0729
Car -1 -1 -7.3093 455.9249 172.6248 493.3287 193.9950 1.8955 1.6380 3.7923 -12.3775 1.8748 66.0608 -7.4941 0.0618
Car -1 -1 -4.8616 429.1060 176.0155 457.4564 195.0182 1.4971 1.6803 4.2218 -13.8927 1.7691 59.8743 -5.0889 0.0596
Pedestrian -1 -1 -6.3633 718.2601 138.6205 815.8907 313.2564 1.9396 0.4573 1.0579 1.7308 1.5591 8.3027 -6.1663 0.0572
Car -1 -1 -7.1404 1121.0010 147.1326 1241.0000 374.0000 1.5995 1.6780 4.2094 5.0540 1.5165 3.3427 -6.1942 0.0563
Pedestrian -1 -1 -5.8501 1009.3402 156.9967 1050.1743 230.0878 1.8786 0.5817 0.7583 11.0122 1.4708 19.0230 -5.3326 0.0557
Car -1 -1 -7.8517 1028.7493 174.4459 1178.6652 286.8071 1.4278 1.6610 4.2251 7.6840 1.4577 11.4535 -7.2732 0.0550
Pedestrian -1 -1 -4.7593 295.3309 172.8006 314.9290 226.1147 1.8292 0.6050 0.5370 -10.6655 1.8270 25.1277 -5.1573 0.0543
Pedestrian -1 -1 -8.1398 346.4318 178.4332 362.5464 218.9874 1.6613 0.5080 0.5132 -10.6723 1.8958 30.0120 -8.4791 0.0507
Cyclist -1 -1 -7.6670 636.0740 171.1953 652.3212 200.2962 1.7602 0.7009 1.7017 2.0850 1.6595 44.5510 -7.6210 0.4513
Cyclist -1 -1 -4.7505 542.8503 172.6169 557.6823 207.1728 1.6914 0.6758 1.6547 -3.0433 1.6795 36.1800 -4.8343 0.2631
Pedestrian -1 -1 -3.7000 540.8484 170.9468 557.2697 206.6997 1.7786 0.5759 0.6109 -3.1072 1.6835 36.3088 -3.7852 0.1431
Cyclist -1 -1 -6.1740 532.7311 172.5861 566.5743 207.0791 1.7084 0.6859 1.6230 -3.0518 1.6948 36.0995 -6.2582 0.1247
Pedestrian -1 -1 -8.2962 372.9451 169.0933 391.3799 208.2692 1.8836 0.6272 0.6772 -11.1416 1.7025 35.1539 -8.6013 0.1025
Cyclist -1 -1 -4.5500 546.7070 169.9612 564.9390 205.8801 1.7779 0.6671 1.6391 -2.7750 1.6344 36.5593 -4.6257 0.0776
Cyclist -1 -1 -3.3762 629.3422 169.1044 657.5371 198.1644 1.7781 0.6617 1.6323 2.0300 1.5484 44.6274 -3.3314 0.0761
Cyclist -1 -1 -4.7414 530.5110 171.2361 547.0558 207.1501 1.7521 0.7710 1.7390 -3.6139 1.6729 36.1136 -4.8409 0.0721
Pedestrian -1 -1 -7.2302 640.8647 171.8883 655.5801 200.1399 1.7186 0.6241 0.6799 2.3152 1.6596 44.3530 -7.1789 0.0566
Cyclist -1 -1 -7.7164 642.2226 170.3165 655.0585 197.9174 1.6914 0.5750 1.7135 2.3883 1.5356 45.1121 -7.6643 0.0514
Car -1 -1 -4.5340 518.2076 177.0138 586.0721 221.8786 1.4654 1.7356 4.1443 -2.0474 1.6280 26.1138 -4.6121 0.9438
Car -1 -1 -4.6602 583.3804 173.5620 614.1475 201.6436 1.5550 1.5971 3.7999 -0.6504 1.5978 41.9804 -4.6760 0.6785
Car -1 -1 -7.7563 324.1488 165.6034 370.9300 213.1929 2.0277 1.6384 3.6395 -11.8765 1.7185 32.7091 -8.1024 0.4485
Car -1 -1 -7.7689 554.4796 172.6062 584.9363 198.1396 1.6135 1.6573 4.2739 -2.6552 1.5975 47.7552 -7.8245 0.2634
Car -1 -1 -7.5529 618.2612 174.5896 657.6898 198.4760 1.4427 1.5195 3.5484 1.7798 1.5571 45.7844 -7.5147 0.1693
Car -1 -1 -4.3029 502.1389 175.7724 561.0104 207.5286 1.4926 1.5744 3.7703 -3.9240 1.6475 36.3219 -4.4102 0.0924
