Car -1 -1 -4.5253 421.9179 181.1556 491.4691 227.2291 1.4269 1.6709 3.7624 -5.2518 1.7353 24.9270 -4.7314 0.9401
Car -1 -1 -4.1467 309.0811 183.8869 398.9860 226.3861 1.4414 1.5043 3.6211 -9.6701 1.8898 27.4104 -4.4832 0.9187
Car -1 -1 -7.8054 660.7559 173.1885 690.4644 199.5990 1.4575 1.5490 3.4612 3.7870 1.4774 41.6863 -7.7159 0.8779
Pedestrian -1 -1 -6.2292 510.6494 173.6917 521.6102 195.3863 1.7518 0.4786 0.8579 -7.6421 1.8198 58.5543 -6.3588 0.3538
Pedestrian -1 -1 -5.8015 617.1246 169.0723 629.4414 191.4215 1.8209 0.4900 0.8843 1.0641 1.5125 59.2155 -5.7840 0.2905
Car -1 -1 -3.5864 795.3280 161.6302 846.5407 180.0469 1.6891 1.6635 4.2894 19.6489 0.6594 67.3421 -3.3038 0.1798
Cyclist -1 -1 -8.5614 733.4498 160.5451 790.6379 227.9831 1.8576 0.6367 1.7251 4.3063 1.5182 20.7836 -8.3606 0.1615
Pedestrian -1 -1 -4.4713 762.2073 160.6992 775.6635 193.2145 1.9329 0.6556 0.6443 9.5092 1.2100 43.3259 -4.2570 0.1514
Pedestrian -1 -1 -4.0204 1028.5370 133.8610 1068.3291 204.4701 1.8531 0.6341 0.6651 11.7001 0.8294 19.3465 -3.4833 0.1247
Cyclist -1 -1 -8.2759 1010.7987 157.1705 1076.5010 241.3139 1.6358 0.4394 1.8197 8.8930 1.3306 14.9554 -7.7485 0.1148
Car -1 -1 -3.9583 1085.2292 127.8200 1241.0000 216.8394 1.6524 1.6571 3.7697 11.8315 0.8162 14.4791 -3.2830 0.0863
Pedestrian -1 -1 -6.5050 566.9857 170.9383 580.8918 205.4677 1.8454 0.6914 0.6122 -1.9888 1.7427 38.9774 -6.5561 0.0826
Car -1 -1 -4.5205 771.7419 158.0371 805.6193 182.7724 1.8396 1.7528 4.4027 13.8850 0.7373 56.0278 -4.2790 0.0809
Pedestrian -1 -1 -5.0793 973.3724 121.1240 1073.4727 316.3404 1.9639 0.6149 0.9590 4.3609 1.4432 7.7735 -4.5849 0.0708
Pedestrian -1 -1 -6.2154 434.7539 168.7221 448.9987 198.0259 1.9468 0.5968 0.8906 -11.2836 1.6720 48.3013 -6.4440 0.0696
Car -1 -1 -4.8156 407.2722 179.7628 437.3134 203.6342 1.4601 1.5186 3.8520 -12.3967 1.9335 47.4015 -5.0703 0.0593
Car -1 -1 -7.3893 1174.7914 142.9267 1241.0000 374.0000 1.5558 1.6600 4.2233 5.1505 1.4646 3.3226 -6.4314 0.0525
Pedestrian -1 -1 -2.9655 290.2851 171.2109 303.0901 198.3320 2.0085 0.5229 0.7962 -23.3799 1.8866 53.7819 -3.3740 0.0517
Car -1 -1 -4.5868 237.0120 190.4767 272.0352 216.8097 1.5893 1.6217 3.9972 -23.9159 2.8282 48.5840 -5.0424 0.0516
Pedestrian -1 -1 -5.8749 236.4349 173.1917 250.4183 197.9965 1.9035 0.5160 0.8247 -28.3028 1.9293 55.6592 -6.3436 0.0502
Pedestrian -1 -1 -3.2784 420.2408 176.9617 432.6390 201.1797 1.8807 0.6286 0.8656 -14.4380 2.2054 56.6401 -3.5272 0.1177
Cyclist -1 -1 -3.5210 921.5508 139.1046 955.0953 169.8662 1.7527 0.5514 1.6699 18.8321 -0.1734 41.4833 -3.0973 0.0900
Pedestrian -1 -1 -9.0959 1050.5526 136.4202 1074.3414 179.3476 1.7510 0.6242 0.6712 18.6975 0.2646 29.8894 -8.5412 0.0863
Cyclist -1 -1 -3.6096 1116.5211 127.5038 1185.1188 181.2757 1.8339 0.6627 1.8047 18.7330 0.2869 25.0855 -2.9736 0.0831
Cyclist -1 -1 -5.2175 1037.2938 137.9536 1075.1150 178.1992 1.6249 0.5576 1.7396 18.4934 0.2155 30.0131 -4.6695 0.0745
Cyclist -1 -1 -8.2624 941.8730 142.2935 966.2669 177.1775 1.7132 0.4906 1.6359 17.2375 0.2120 36.2615 -7.8218 0.0717
Cyclist -1 -1 -4.1765 434.7651 174.4824 460.7318 207.5533 1.7467 0.6395 1.6098 -8.8094 1.8365 39.0586 -4.3973 0.0687
Pedestrian -1 -1 -5.0984 382.8910 167.1856 399.7455 205.6237 2.0010 0.6229 0.7264 -11.5692 1.7057 38.0407 -5.3921 0.0666
Pedestrian -1 -1 -3.6455 950.8142 145.4342 964.8576 181.9633 1.7971 0.5714 0.3998 17.2123 0.4478 35.7937 -3.2005 0.0664
Cyclist -1 -1 -8.0495 768.9050 170.7801 781.5624 200.4152 1.5678 0.3739 1.5111 8.8704 1.4578 38.9319 -7.8275 0.0603
Cyclist -1 -1 -8.5407 919.4333 141.1512 946.8196 170.5758 1.6503 0.5193 1.6250 18.5135 -0.1339 41.4530 -8.1232 0.0572
Pedestrian -1 -1 -3.9763 1088.8781 142.4084 1113.1284 181.2417 1.5923 0.6166 0.5587 20.3343 0.3436 29.9518 -3.3843 0.0558
Pedestrian -1 -1 -4.4231 1179.3914 126.3000 1208.6611 182.6403 1.8799 0.6750 0.4431 19.7636 0.3262 24.4791 -3.7496 0.0540
Pedestrian -1 -1 -4.1805 931.3129 140.0787 950.4409 171.4024 1.7622 0.6426 0.8660 18.8337 -0.0841 41.1515 -3.7539 0.0534
Cyclist -1 -1 -7.2348 473.6150 179.2082 495.8900 210.2108 1.6568 0.4106 1.5025 -6.9096 2.0123 39.6393 -7.4067 0.0534
Pedestrian -1 -1 -6.8887 1178.7848 132.5237 1213.6910 182.5733 1.6912 0.6466 0.6800 20.0346 0.3281 24.7267 -6.2134 0.0513
Car -1 -1 -4.3709 226.9317 189.8663 343.2943 247.9344 1.3637 1.6344 4.2765 -9.0677 1.8965 20.4204 -4.7844 0.9639
Car -1 -1 -4.2509 59.6705 190.7230 264.6033 284.2395 1.5024 1.6895 4.4471 -8.8802 1.9237 14.7424 -4.7854 0.9545
Car -1 -1 -4.0647 0.0000 197.6202 131.0160 339.0518 1.4512 1.5548 3.5275 -8.4673 1.8503 9.8345 -4.7623 0.8794
Car -1 -1 -7.7735 630.4043 170.2283 658.2561 194.7178 1.6829 1.6795 4.0171 2.4648 1.5021 51.6819 -7.7265 0.5733
Car -1 -1 -7.7143 680.1358 166.7163 709.0671 189.1334 1.6159 1.6193 4.0088 6.3555 1.1732 54.1558 -7.5983 0.3820
Car -1 -1 -5.1252 1046.9153 138.4932 1135.1304 177.1538 1.4442 1.5752 3.6680 19.0987 0.1603 28.8927 -4.5456 0.3364
Car -1 -1 -4.1906 5.3592 193.9946 168.9195 268.8958 1.4516 1.5467 3.4299 -11.9998 1.9946 16.7660 -4.8045 0.3253
Car -1 -1 -5.0596 769.0255 169.9921 827.2213 200.9680 1.5506 1.6953 4.0237 9.8446 1.4071 38.2042 -4.8096 0.3140
Car -1 -1 -4.9759 909.9855 142.1693 956.6655 169.3403 1.5187 1.5843 3.7727 19.0910 -0.2185 42.8273 -4.5590 0.2779
Car -1 -1 -6.9014 1112.7258 128.9846 1241.0000 175.8569 1.5917 1.6475 4.1849 20.3696 0.1017 25.4328 -6.2315 0.2554
Car -1 -1 -7.3374 343.6283 182.4098 417.9975 217.1834 1.4410 1.6047 3.7230 -10.4329 1.9038 32.9809 -7.6418 0.1364
Car -1 -1 -4.4274 379.3593 178.4791 417.7321 201.9041 1.6328 1.6047 4.2080 -15.6255 2.0652 53.4084 -4.7110 0.1285
Car -1 -1 -5.0995 866.5499 147.0881 919.3779 173.2229 1.5582 1.6482 4.0519 17.5629 0.0217 45.0602 -4.7300 0.1242
Car -1 -1 -7.9504 449.5878 179.8454 485.9377 208.8491 1.5055 1.6181 4.1057 -8.1063 1.9209 40.7108 -8.1461 0.1154
Car -1 -1 -7.8349 724.5476 170.3137 744.0151 187.7049 1.4485 1.5846 3.9905 10.7146 1.2366 62.2037 -7.6654 0.1062
Car -1 -1 -8.5034 1078.6116 134.3779 1186.8971 175.5345 1.5591 1.6243 3.6997 20.9796 0.1012 29.2074 -7.8851 0.0994
Car -1 -1 -8.5708 932.7208 140.6416 1014.8864 173.8814 1.5699 1.6626 3.6550 18.0510 0.0482 36.0564 -8.1098 0.0931
Car -1 -1 -3.8059 69.9898 191.4527 193.7773 234.0264 1.4277 1.6163 3.8282 -18.5184 2.2046 28.0796 -4.3848 0.0800
Car -1 -1 -4.2269 72.3159 184.9523 184.5591 232.9869 1.4766 1.6131 3.8931 -16.7154 1.9328 25.2097 -4.8078 0.0603
Car -1 -1 -4.4335 434.9692 178.5842 491.7091 210.9914 1.4627 1.6296 4.2306 -7.1779 1.7617 35.5094 -4.6319 0.0590
Car -1 -1 -7.9260 949.7034 139.7595 986.1805 167.2533 1.5022 1.6162 4.0925 21.0014 -0.3474 42.5195 -7.4697 0.0586
Car -1 -1 -5.3397 1240.8832 113.6173 1241.0000 162.2959 1.4145 1.5833 4.0204 23.2632 -0.3819 23.9772 -4.5750 0.0557
Car -1 -1 -4.7828 180.9741 186.9821 241.9765 232.4080 1.3979 1.6188 4.2163 -14.3466 1.9459 25.7889 -5.2864 0.0520
