Pedestrian -1 -1 -6.0574 513.3329 160.8067 619.9756 331.7490 1.7081 0.4896 1.0309 -0.4445 1.5118 7.3937 -6.1131 0.8459
Car -1 -1 -5.5363 0.0000 179.9548 128.4250 222.4545 1.4790 1.5874 4.1679 -19.8314 1.4603 25.5949 -6.1878 0.0855
Pedestrian -1 -1 -7.1120 842.4975 152.2378 853.7139 189.1669 1.8490 0.4826 0.2647 12.2469 0.4341 35.6758 -6.7822 0.0851
Pedestrian -1 -1 -5.2386 978.2007 203.5509 1085.9775 369.0000 1.3368 0.4372 0.6144 3.1493 1.5217 5.3476 -4.7299 0.0819
Pedestrian -1 -1 -7.4982 20.8368 168.3479 73.0267 257.3239 1.7559 0.6198 0.7131 -11.3847 1.5165 14.3859 -8.1552 0.0706
Cyclist -1 -1 -7.6629 596.0878 149.1379 605.9485 172.3847 1.6453 0.4192 1.6032 -0.2824 -0.6000 51.4468 -7.6662 0.0687
Car -1 -1 -7.5920 0.0000 173.3821 57.7282 206.8235 1.4555 1.5738 3.7328 -26.9331 1.1459 32.7983 -8.2730 0.0683
Pedestrian -1 -1 -5.3045 1126.3865 203.3505 1223.0000 369.0000 1.3077 0.4159 0.5845 4.3391 1.4924 5.3996 -4.6540 0.0658
Pedestrian -1 -1 -3.0990 276.4414 202.7342 314.2061 286.9135 1.1531 0.3086 0.4760 -4.4402 1.4762 10.0338 -3.5022 0.0648
Car -1 -1 -4.2531 461.2156 165.1340 575.6815 230.9774 1.7257 1.6729 4.0915 -2.4436 1.3233 20.7390 -4.3668 0.0624
Car -1 -1 -7.5479 570.2062 170.5257 627.1599 204.6555 1.4911 1.5865 3.7612 -0.2532 1.0555 32.9212 -7.5537 0.0605
Pedestrian -1 -1 -4.6161 375.9619 195.1774 406.7763 274.2267 1.2101 0.4145 0.5694 -3.4455 1.4509 11.2609 -4.9033 0.0544
Cyclist -1 -1 -7.0568 1136.9254 167.7410 1211.9166 237.5748 1.8035 0.6433 1.5330 14.9746 1.4743 18.6600 -6.3874 0.0541
Pedestrian -1 -1 -4.9213 1160.3184 227.3405 1223.0000 361.6234 1.1111 0.3785 0.5561 5.2914 1.5587 6.4159 -4.2541 0.0530
Car -1 -1 -3.8362 1174.2123 161.4661 1223.0000 369.0000 1.5004 1.5629 4.0583 7.6479 1.3661 6.1319 -2.9648 0.0526
Car -1 -1 -2.1586 0.0000 171.7266 0.0000 291.1481 1.5516 1.6152 4.2035 -11.6141 1.4380 10.3094 -2.9863 0.0517
Pedestrian -1 -1 -5.5360 631.5431 170.2822 681.7123 260.6333 1.5904 0.5415 0.7421 0.8911 1.4109 12.9016 -5.4669 0.1585
Pedestrian -1 -1 -4.5295 663.4982 143.6844 677.3308 175.7747 1.7821 0.6571 0.7132 3.6742 -0.2689 39.8265 -4.4361 0.1521
Pedestrian -1 -1 -7.8099 262.6350 165.1261 300.3737 258.2003 1.7373 0.6225 0.8560 -6.3060 1.4507 13.7102 -8.2305 0.1468
Pedestrian -1 -1 -4.1394 855.4626 162.2689 910.8706 266.9650 1.7055 0.6099 0.6681 4.6547 1.4089 11.9613 -3.7755 0.1133
Pedestrian -1 -1 -7.7516 219.2775 163.4850 256.2151 253.0126 1.7244 0.5741 0.7434 -7.3423 1.3971 14.0689 -8.2216 0.1022
Pedestrian -1 -1 -4.6882 754.9066 168.1623 786.3141 254.9326 1.6901 0.5987 0.8374 3.2976 1.4502 14.2517 -4.4640 0.1019
Pedestrian -1 -1 -4.7836 690.7963 168.6769 722.0622 253.2251 1.6853 0.5756 0.7870 2.0259 1.4500 14.5056 -4.6461 0.1006
Pedestrian -1 -1 -8.1300 837.2921 168.2076 870.7626 234.6540 1.6376 0.6110 0.7451 6.2236 1.3350 17.8144 -7.7978 0.1004
Pedestrian -1 -1 -4.7495 851.0420 158.7758 889.8194 263.6922 1.7909 0.6056 0.7870 4.6451 1.4205 12.5367 -4.4012 0.0926
Pedestrian -1 -1 -8.9608 1020.5969 162.9692 1075.0111 272.2427 1.7442 0.5686 0.5711 7.2613 1.4648 11.6791 -8.4151 0.0910
Pedestrian -1 -1 -3.0746 1178.5665 173.8471 1223.0000 270.8930 1.5877 0.5064 0.6918 10.1456 1.4792 11.9892 -2.3837 0.0904
Pedestrian -1 -1 -5.5461 669.8892 165.5649 709.8354 234.5872 1.7084 0.5612 0.8536 2.1160 1.3391 18.0068 -5.4295 0.0877
Pedestrian -1 -1 -8.1903 646.1386 167.2953 692.1005 259.8481 1.6523 0.6122 0.8060 1.1291 1.4170 13.0891 -8.1046 0.0847
Pedestrian -1 -1 -7.7354 666.0499 167.2346 702.2710 260.0542 1.6700 0.5832 0.8078 1.4365 1.4317 13.1803 -7.6277 0.0804
Pedestrian -1 -1 -5.0502 773.2736 162.0963 822.4985 265.3066 1.7386 0.5969 0.7805 3.3006 1.4290 12.3238 -4.7932 0.0789
Pedestrian -1 -1 -7.1394 993.5654 163.6702 1050.3541 270.6558 1.7396 0.5513 0.6183 6.9377 1.4663 11.8588 -6.6201 0.0783
Pedestrian -1 -1 -4.5364 399.2448 161.4946 435.1920 246.1112 1.7641 0.6114 0.8046 -4.0620 1.3682 15.1656 -4.7910 0.0751
Cyclist -1 -1 -7.7550 505.9797 164.5203 546.2864 263.7173 1.7037 0.5618 1.7949 -1.4771 1.4296 13.0436 -7.8633 0.0731
Cyclist -1 -1 -8.0959 954.6102 175.0328 1028.8281 284.6871 1.5579 0.5630 1.8181 5.9134 1.4806 10.9950 -7.6128 0.0730
Cyclist -1 -1 -4.7857 669.4522 145.0773 679.4249 175.7539 1.6831 0.4416 1.6149 3.8956 -0.2729 39.8566 -4.6869 0.0710
Pedestrian -1 -1 -7.7751 559.7435 162.0432 588.8997 236.2695 1.8126 0.6707 0.7509 -0.8003 1.3622 17.6530 -7.8179 0.0705
Pedestrian -1 -1 -5.8392 593.9178 157.7696 632.8210 233.6859 1.8489 0.6198 0.7822 0.1703 1.2957 17.6705 -5.8279 0.0705
Cyclist -1 -1 -7.8721 496.6135 166.4288 527.9277 264.5816 1.6841 0.5347 1.7998 -1.7773 1.4431 13.0612 -8.0023 0.0689
Pedestrian -1 -1 -3.0091 1117.7288 154.8953 1178.4708 271.4831 1.8349 0.5711 0.7271 8.8479 1.4323 11.5863 -2.3685 0.0689
Pedestrian -1 -1 -7.2125 941.0725 164.5059 995.4991 269.1329 1.6647 0.5384 0.6130 5.9211 1.4106 11.6281 -6.7508 0.0688
Pedestrian -1 -1 -3.6510 817.7991 180.5794 866.8564 257.7330 1.4862 0.4709 0.7856 4.6228 1.4882 13.9273 -3.3356 0.0676
Pedestrian -1 -1 -4.2016 861.1970 171.6541 911.4990 270.5511 1.5745 0.5411 0.6177 4.5905 1.4340 11.6619 -3.8341 0.0668
Pedestrian -1 -1 -4.8315 458.4157 164.2195 491.9688 250.1956 1.7503 0.5981 0.8600 -2.7872 1.4192 14.8926 -5.0109 0.0654
Pedestrian -1 -1 -2.4419 562.1035 159.6910 610.3115 248.0370 1.7857 0.4814 0.9094 -0.4412 1.3655 14.7631 -2.4694 0.0636
Pedestrian -1 -1 -4.4571 1084.0702 155.4776 1135.8705 271.0519 1.8159 0.5422 0.6752 8.1888 1.4231 11.5348 -3.8510 0.0636
Cyclist -1 -1 -8.0470 858.0950 175.7157 915.9051 280.7060 1.5138 0.5054 1.6641 4.3245 1.4452 11.0574 -7.6821 0.0621
Cyclist -1 -1 -3.5457 975.4399 156.2348 1121.2603 270.9450 1.8224 0.5854 1.9689 7.2176 1.4373 11.6598 -3.0019 0.0609
Pedestrian -1 -1 -4.7636 881.9348 164.0578 924.8015 265.9888 1.6556 0.6206 0.7233 4.9707 1.3889 11.9276 -4.3764 0.0602
Pedestrian -1 -1 -4.5255 862.8587 191.6185 900.3840 274.7039 1.2495 0.4795 0.4156 4.2610 1.4279 11.0165 -4.1643 0.0596
Cyclist -1 -1 -8.1736 920.0146 175.4884 1004.5464 287.0196 1.5459 0.5656 1.8458 5.3254 1.4768 10.7519 -7.7237 0.0583
Pedestrian -1 -1 -8.3448 776.0842 169.0762 809.1675 235.5630 1.6252 0.5696 0.6236 4.6371 1.3463 17.6526 -8.0906 0.0576
Pedestrian -1 -1 -6.9654 999.1387 168.1624 1052.6786 269.0297 1.6891 0.5081 0.6041 7.1697 1.4829 12.1389 -6.4417 0.0564
Pedestrian -1 -1 -4.7192 858.5446 201.1980 887.8463 275.3436 1.1411 0.4296 0.4226 4.2322 1.4803 11.3042 -4.3685 0.0554
Pedestrian -1 -1 -3.5754 903.4551 187.2714 945.1187 270.7086 1.2930 0.4355 0.4587 5.0086 1.4030 11.2163 -3.1642 0.0548
Cyclist -1 -1 -5.2097 952.0678 165.4025 1017.5452 252.3663 1.6447 0.4349 1.5881 7.5288 1.3596 14.1700 -4.7289 0.0544
Cyclist -1 -1 -3.7764 849.3310 172.4048 972.3583 279.6311 1.5807 0.6468 1.7013 4.6717 1.4617 10.9393 -3.3815 0.0542
Pedestrian -1 -1 -7.1759 1057.2118 156.3384 1120.3358 270.6849 1.8063 0.5453 0.6815 7.8338 1.4250 11.5323 -6.5904 0.0538
Pedestrian -1 -1 -4.1374 685.2256 167.6382 720.5832 235.8622 1.6637 0.5488 0.7688 2.4137 1.3504 17.7125 -4.0026 0.0528
Pedestrian -1 -1 -5.1191 473.9240 180.9667 508.4525 250.0962 1.4317 0.5119 0.6481 -2.4726 1.4423 15.0595 -5.2768 0.0521
Cyclist -1 -1 -4.6878 834.2350 152.9712 871.5305 267.6266 1.8860 0.5838 1.6523 4.3464 1.4336 12.5068 -4.3595 0.0520
Pedestrian -1 -1 -8.5229 655.4946 160.6184 692.7574 234.6678 1.8055 0.6449 0.6803 1.6859 1.3211 17.7004 -8.4278 0.0517
Pedestrian -1 -1 -8.4413 896.5367 166.2084 951.2321 269.1801 1.6492 0.5728 0.6203 5.2082 1.4207 11.6797 -8.0302 0.0516
Pedestrian -1 -1 -4.6700 1102.9108 156.2271 1146.0979 271.7721 1.8250 0.5527 0.6422 8.4690 1.4420 11.5905 -4.0504 0.0511
Pedestrian -1 -1 -6.8344 706.0613 165.4115 746.1815 234.6537 1.7192 0.5654 0.8319 3.0346 1.3449 17.9738 -6.6683 0.0510
Pedestrian -1 -1 -7.0512 604.8730 158.5285 647.6475 233.1685 1.8355 0.6024 0.9254 0.5001 1.2955 17.9218 -7.0220 0.0501
Car -1 -1 -8.0357 659.2744 145.2779 698.9795 174.1315 1.5681 1.6374 3.8089 4.2624 -0.3892 41.2542 -7.9314 0.0885
