Cyclist -1 -1 -7.3495 288.6393 177.2603 342.2511 252.3154 1.7430 0.4727 1.6565 -7.2502 1.8560 17.7065 -7.7334 0.0925
Pedestrian -1 -1 -4.1508 844.5099 162.8955 865.2239 205.0351 1.8931 0.6468 0.6516 11.1126 1.4454 32.8709 -3.8280 0.0884
Pedestrian -1 -1 -3.9985 1151.5791 157.0903 1180.2668 226.8050 1.8434 0.5819 0.2579 14.8841 1.4263 19.3901 -3.3515 0.0870
Cyclist -1 -1 -3.1751 980.6232 158.7766 1040.3263 210.2334 1.7874 0.6795 1.8381 14.2326 1.2981 25.7800 -2.6758 0.0840
Pedestrian -1 -1 -3.7322 769.1180 169.1030 781.5486 193.9568 1.8343 0.5870 0.6906 12.2623 1.5571 53.6485 -3.5091 0.0783
Pedestrian -1 -1 -6.1070 550.8341 173.6166 564.0521 204.8957 1.7538 0.6816 0.6375 -3.0096 1.7970 40.8450 -6.1806 0.0738
Pedestrian -1 -1 -3.3596 873.6247 166.1544 901.1898 232.5112 1.7438 0.6098 0.5655 7.3642 1.5674 19.3024 -3.0008 0.0707
Pedestrian -1 -1 -6.6932 1163.4657 185.0910 1241.0000 328.6940 1.4658 0.4937 0.6832 6.4022 1.6024 7.7472 -6.0218 0.0688
Pedestrian -1 -1 -2.8985 738.3296 167.7183 761.3127 209.0620 1.8891 0.5678 0.9373 6.4360 1.6542 33.4231 -2.7105 0.0661
Car -1 -1 -4.8376 820.7656 178.8037 879.8760 221.6142 1.4268 1.5657 3.9106 8.7590 1.6637 26.6900 -4.5243 0.0638
Pedestrian -1 -1 -3.5451 801.3297 165.1611 816.5433 191.2061 1.8579 0.4963 0.9320 14.2435 1.3088 51.7785 -3.2784 0.0582
Car -1 -1 -4.8182 806.1336 169.9942 842.6404 198.4357 1.5742 1.5991 4.0938 12.4158 1.4156 42.0928 -4.5336 0.0572
Car -1 -1 -5.1424 769.6254 177.6996 884.4416 233.4871 1.4576 1.6249 4.1844 6.2400 1.6159 21.4233 -4.8634 0.0562
Car -1 -1 -3.5914 983.8790 159.9284 1111.9186 202.1479 1.5520 1.6192 3.8515 16.5565 1.0765 27.4979 -3.0543 0.0540
Car -1 -1 -5.3029 256.3597 182.9456 400.5722 246.8009 1.5544 1.6122 4.2953 -7.9290 1.8609 20.0486 -5.6755 0.0536
Cyclist -1 -1 -7.9243 712.9952 171.7005 728.1974 212.1215 1.7738 0.5451 1.8157 4.9432 1.7228 32.5888 -7.7757 0.7665
Pedestrian -1 -1 -4.9409 962.5861 172.9792 994.4992 235.6287 1.6576 0.6094 0.7491 9.9142 1.6607 19.5274 -4.4778 0.3172
Pedestrian -1 -1 -3.3093 1050.0291 163.6058 1081.0811 232.5183 1.8362 0.5754 0.6215 12.3223 1.5895 19.6095 -2.7556 0.2966
Cyclist -1 -1 -8.1398 901.9289 171.3159 944.7820 246.7974 1.6784 0.4809 1.5630 7.2410 1.6439 16.8477 -7.7410 0.1837
Pedestrian -1 -1 -6.5989 1173.0341 166.6724 1241.0000 325.8188 1.6296 0.5975 0.7173 6.5719 1.5660 7.7957 -5.9176 0.1337
Pedestrian -1 -1 -3.7176 1193.6244 163.5730 1241.0000 291.5677 1.6623 0.5485 0.5980 8.2854 1.5414 9.6778 -3.0250 0.1196
Pedestrian -1 -1 -5.0698 988.0165 160.4189 1026.2576 230.6253 1.8747 0.6761 0.7901 10.7837 1.5424 19.7044 -4.5759 0.1177
Cyclist -1 -1 -7.8274 1053.3197 169.7991 1073.3009 232.8072 1.6507 0.4327 1.7494 12.3688 1.5704 19.7537 -7.2752 0.1095
Cyclist -1 -1 -3.1031 920.7557 166.0788 990.7969 233.4021 1.7599 0.7139 1.6853 9.3187 1.5825 19.5653 -2.6651 0.1065
Pedestrian -1 -1 -3.3995 1018.3800 170.5331 1063.2585 275.6046 1.6456 0.4897 0.5057 6.8636 1.6090 11.6032 -2.8772 0.0859
Cyclist -1 -1 -5.2040 878.4634 168.2902 931.3552 242.5162 1.6958 0.4599 1.6003 6.9935 1.5912 17.3058 -4.8266 0.0849
Cyclist -1 -1 -5.0706 911.6816 170.2902 959.1702 246.3103 1.6873 0.4720 1.5726 7.5047 1.6301 16.8129 -4.6580 0.0819
Cyclist -1 -1 -7.9422 1187.7744 163.7347 1241.0000 333.7285 1.6563 0.4016 1.6991 6.5759 1.5671 7.8476 -7.2638 0.0630
Cyclist -1 -1 -5.6179 928.1296 164.6905 992.1562 230.6272 1.7358 0.5541 1.5694 9.5428 1.5206 19.8209 -5.1756 0.0625
Cyclist -1 -1 -6.7482 965.3028 169.6185 1038.4001 236.0905 1.7536 0.5990 1.6289 10.4437 1.6679 19.3529 -6.2603 0.0616
Pedestrian -1 -1 -8.0211 1019.8602 154.9555 1042.3870 200.8493 1.7895 0.6788 0.5809 16.5977 1.0913 28.5251 -7.4988 0.0601
Cyclist -1 -1 -8.1400 941.4483 175.3008 1000.9070 264.2256 1.6223 0.5512 1.7327 6.9737 1.6729 14.1127 -7.6901 0.0600
Pedestrian -1 -1 -3.8230 1149.9773 149.5257 1222.3690 281.8723 1.8273 0.5777 0.5646 8.1218 1.5049 10.2585 -3.1677 0.0580
Pedestrian -1 -1 -3.2621 964.6732 175.1331 991.3157 257.4052 1.5848 0.5454 0.3994 7.2036 1.6306 14.2408 -2.8028 0.0560
Pedestrian -1 -1 -5.2525 972.7390 199.7663 1036.9891 318.4708 1.2223 0.3658 0.5699 4.2317 1.5262 7.8597 -4.7751 0.0557
Pedestrian -1 -1 -6.3763 1109.2615 153.6593 1165.9807 286.9312 1.7766 0.5476 0.5764 7.2411 1.5205 9.9995 -5.7641 0.0548
Cyclist -1 -1 -4.7868 977.6823 169.7110 1004.1263 234.3166 1.7051 0.5104 1.6150 10.4328 1.6219 19.8866 -4.3104 0.0547
Pedestrian -1 -1 -5.0396 962.5181 164.3011 997.5325 230.9421 1.7967 0.6518 0.7332 10.1253 1.5658 19.8609 -4.5747 0.0503
Car -1 -1 -8.1134 810.6233 183.6650 1027.4220 325.8416 1.4485 1.5870 3.8601 3.7788 1.6229 9.6565 -7.7518 0.9700
Car -1 -1 -4.8641 743.4565 180.5880 847.1895 259.6913 1.4747 1.5920 3.6935 3.8507 1.6634 15.7304 -4.6293 0.9432
Car -1 -1 -4.4821 574.7416 172.6929 623.7653 207.8013 1.7372 1.6642 4.1967 -0.5403 1.7289 37.9301 -4.4967 0.8791
Car -1 -1 -4.4766 614.1740 175.9600 653.2130 202.1694 1.5466 1.5648 3.9644 1.4957 1.7500 45.1982 -4.4442 0.6953
Car -1 -1 -4.5274 673.1990 173.2240 701.8022 192.7113 1.5926 1.6541 4.3388 6.6037 1.6249 61.3708 -4.4211 0.2949
Car -1 -1 -4.5357 699.9478 175.1276 744.5640 207.6680 1.5981 1.6070 4.2589 5.9317 1.7248 38.0286 -4.3826 0.1682
Car -1 -1 -3.5643 981.5030 155.6739 1110.4071 197.6211 1.5519 1.6503 3.9076 16.6190 0.9160 27.7342 -3.0293 0.1177
Car -1 -1 -5.3914 855.1096 177.3903 991.3916 234.8385 1.4749 1.5481 3.7974 8.8661 1.6187 20.8853 -4.9957 0.1136
Car -1 -1 -4.8203 885.4329 178.9678 1000.1404 267.8905 1.4657 1.5767 3.7767 6.3388 1.6031 14.2108 -4.4092 0.0882
Car -1 -1 -4.2414 151.5223 192.7657 326.1650 271.6461 1.4238 1.6948 4.2828 -8.1590 1.9316 16.2611 -4.7004 0.0828
Car -1 -1 -4.5139 700.1965 174.5045 730.1827 194.0460 1.5186 1.6282 4.1739 8.5652 1.6577 58.6912 -4.3701 0.0706
Car -1 -1 -5.5701 1215.9442 144.7691 1241.0000 374.0000 1.5925 1.5925 4.0732 7.5889 1.4329 6.1357 -4.7028 0.0641
Car -1 -1 -7.9860 738.5219 175.8009 784.2089 208.7574 1.5396 1.6749 4.3040 7.5065 1.6965 36.3061 -7.7843 0.0546
Car -1 -1 -5.1142 776.5367 176.8634 888.5157 233.9464 1.4689 1.6058 4.0644 6.2700 1.5969 20.9748 -4.8283 0.0509
