Pedestrian -1 -1 -6.3575 217.4324 180.9747 233.0172 213.1774 1.8236 0.5744 0.7517 -22.1817 2.2956 41.5257 -6.8457 0.1451
Pedestrian -1 -1 -5.5649 186.1229 175.9473 204.1697 205.0399 1.8395 0.6138 0.7910 -26.5259 2.0384 46.0811 -6.0849 0.1201
Car -1 -1 -7.3963 82.0026 184.3515 157.2398 217.9241 1.7431 1.7557 4.4929 -28.0596 2.4400 41.4122 -7.9891 0.1039
Pedestrian -1 -1 -4.4362 1135.5127 153.4234 1178.6309 243.4171 1.7976 0.5796 0.5589 11.1762 1.4092 14.8128 -3.7998 0.0915
Pedestrian -1 -1 -4.5503 813.0201 162.1693 842.1087 233.8762 1.9594 0.6448 0.9447 6.0715 1.6672 20.2818 -4.2642 0.0784
Pedestrian -1 -1 -6.5225 193.3292 179.5099 209.4147 210.3175 1.7472 0.5913 0.6865 -23.5765 2.1345 41.5658 -7.0359 0.0656
Pedestrian -1 -1 -5.3605 161.5054 177.0121 181.5385 209.3116 1.8223 0.7349 0.6530 -25.1251 2.0626 41.2889 -5.9045 0.0644
Pedestrian -1 -1 -3.9019 274.7643 173.4833 318.0631 242.3982 1.8563 0.6353 0.9139 -8.7291 1.8739 19.9905 -4.3092 0.0560
Pedestrian -1 -1 -3.2816 731.8888 171.4427 737.9937 192.6136 1.8787 0.7476 0.4354 11.1286 1.7532 64.4092 -3.1117 0.0547
Pedestrian -1 -1 -2.5795 691.7166 168.6179 701.3047 189.7240 1.9326 0.5049 0.7188 7.9502 1.5444 66.4901 -2.4613 0.0534
Pedestrian -1 -1 -6.7485 731.6158 171.7334 743.5815 194.9770 1.7910 0.6693 0.6867 9.8761 1.7043 56.0153 -6.5752 0.1479
Pedestrian -1 -1 -4.9188 702.4702 182.0281 722.7098 237.1418 1.4697 0.4452 0.5179 2.7340 1.7222 19.6061 -4.7831 0.1443
Cyclist -1 -1 -4.6800 687.5293 175.6968 700.1466 211.3062 1.7008 0.5685 1.6076 4.0831 1.8434 35.4322 -4.5668 0.0926
Pedestrian -1 -1 -7.8954 1059.1140 163.9167 1080.0988 215.2752 1.6925 0.5682 0.4940 15.3197 1.3977 24.1330 -7.3356 0.0881
Cyclist -1 -1 -8.1474 730.6810 173.2796 740.9354 195.4588 1.7116 0.3557 1.5461 9.8189 1.7451 56.5028 -7.9766 0.0803
Pedestrian -1 -1 -7.5662 689.4570 184.1105 709.8514 232.3363 1.4775 0.5269 0.4548 2.7569 1.8341 22.5653 -7.4470 0.0660
Cyclist -1 -1 -7.5607 695.2443 173.1647 728.4037 240.3456 1.7599 0.4600 1.6090 2.7498 1.7685 19.7368 -7.4252 0.0593
Cyclist -1 -1 -4.8581 1058.0814 163.3079 1083.3369 213.8763 1.6307 0.4540 1.7194 15.3545 1.3225 24.1457 -4.2976 0.0590
Cyclist -1 -1 -8.1249 687.1697 174.0910 719.6430 239.2412 1.6958 0.4530 1.6088 2.4754 1.7306 19.6419 -8.0023 0.0549
Pedestrian -1 -1 -7.8505 980.7583 165.1203 1000.0413 215.3333 1.7483 0.5970 0.4048 13.3630 1.4788 25.4404 -7.3721 0.0548
Pedestrian -1 -1 -6.3155 84.9428 188.7423 102.6015 221.4083 1.7341 0.5620 0.7638 -28.0848 2.6070 39.2011 -6.9341 0.0509
Car -1 -1 -5.7627 111.8764 192.4237 334.3993 258.7281 1.3995 1.6255 4.2928 -8.8656 1.8749 16.6487 -6.2458 0.9697
Car -1 -1 -4.1326 88.8364 189.3466 190.1624 230.7024 1.4436 1.5097 3.8186 -18.5799 2.1415 28.6297 -4.7042 0.2795
Car -1 -1 -2.7521 201.2337 190.6835 291.4838 219.1305 1.5015 1.6028 4.2019 -20.2567 2.5191 40.2374 -3.2162 0.2698
Car -1 -1 -7.4674 320.2557 173.6725 354.3431 191.0732 1.5602 1.6170 3.8553 -25.2330 1.6379 66.8264 -7.8273 0.2110
Car -1 -1 -4.3423 520.6885 179.3093 554.4042 198.1457 1.5229 1.5905 3.8503 -6.1938 2.0942 61.8208 -4.4421 0.1498
Car -1 -1 -7.3770 81.2503 186.7187 154.6903 219.5529 1.6927 1.6979 4.2533 -28.0713 2.5280 41.2761 -7.9714 0.1174
Car -1 -1 -8.3040 871.0455 175.9948 959.4451 215.6781 1.4751 1.7075 3.9711 12.1792 1.6106 29.1739 -7.9126 0.0955
Car -1 -1 -4.5666 560.4991 178.2715 587.0292 196.8571 1.4653 1.6553 3.9391 -3.0098 1.9316 60.1134 -4.6168 0.0808
Car -1 -1 -4.7600 399.2542 179.5769 432.2762 208.8982 1.6696 1.7566 4.3840 -12.0618 2.1061 44.5222 -5.0235 0.0715
Car -1 -1 -4.4053 206.6587 185.3988 283.6681 227.1691 1.4549 1.6173 3.7769 -14.2579 1.9816 28.3192 -4.8683 0.0680
Car -1 -1 -4.9712 1010.8474 169.7565 1091.5076 212.6511 1.4166 1.5784 3.5061 15.5807 1.3140 25.7320 -4.4322 0.0673
Car -1 -1 -7.9084 720.2665 172.5447 745.2589 193.7205 1.6366 1.7297 4.4791 9.8160 1.6124 58.0867 -7.7421 0.0504
