Pedestrian -1 -1 -4.8133 250.1250 193.1990 302.1454 325.4351 1.5206 0.5282 0.4847 -4.1061 1.7766 8.7452 -5.2415 0.2388
Pedestrian -1 -1 -4.0532 715.2416 179.3247 739.6210 232.3798 1.8306 0.6131 0.5939 4.0912 2.0621 25.4262 -3.8964 0.1343
Pedestrian -1 -1 -5.1455 907.2916 174.2214 937.0500 232.7719 1.8155 0.6121 0.7210 9.7919 1.8591 22.7608 -4.7446 0.1249
Pedestrian -1 -1 -7.9592 765.0117 179.6151 786.9290 235.2405 1.7721 0.6248 0.6533 5.3373 1.9948 23.4352 -7.7388 0.1194
Cyclist -1 -1 -7.2589 1197.2540 177.1192 1241.0000 252.7169 1.6893 0.5749 1.7148 14.4711 1.7906 16.6867 -6.5538 0.1153
Pedestrian -1 -1 -7.7189 385.8096 180.4169 403.8856 223.1376 1.9939 0.7530 0.5419 -10.2103 2.3546 34.1163 -8.0080 0.1086
Car -1 -1 -7.7634 644.5988 172.8560 665.6882 191.7824 1.7613 1.6805 3.8554 4.3343 1.7612 69.1787 -7.7015 0.1042
Pedestrian -1 -1 -7.9852 346.4733 189.5099 365.8758 236.8655 1.8189 0.6235 0.8189 -10.1003 2.4899 28.5758 -8.3226 0.0822
Cyclist -1 -1 -4.9778 1129.0874 173.0394 1165.8809 224.6442 1.6232 0.5079 1.7603 17.5201 1.6292 23.6150 -4.3459 0.0802
Car -1 -1 -7.6999 464.5835 166.7608 494.8029 197.5869 2.6683 1.9123 5.1517 -11.7166 2.1406 65.0546 -7.8777 0.0775
Car -1 -1 -5.2795 509.6116 194.3706 571.0580 223.4486 1.5264 1.6721 4.1849 -4.2585 2.8799 43.2379 -5.3778 0.0763
Pedestrian -1 -1 -7.8387 531.4921 183.3389 548.0380 229.5070 1.7931 0.6430 0.7570 -2.8251 2.2144 28.6108 -7.9370 0.0622
Cyclist -1 -1 -7.0301 173.9547 176.8953 314.9944 331.8800 1.7493 0.5135 1.6663 -4.5790 1.8046 9.0592 -7.4871 0.0606
Car -1 -1 -6.0801 280.6958 185.1624 385.4095 226.7705 1.6259 1.6380 3.8060 -11.4645 2.1557 29.9645 -6.4430 0.0542
Pedestrian -1 -1 -5.8357 627.4793 186.6109 647.9971 222.5904 1.8335 0.6197 0.8887 1.4079 2.5596 37.6184 -5.7994 0.3469
Pedestrian -1 -1 -7.2591 651.7772 188.3335 676.3046 231.6242 1.6841 0.6715 0.7595 2.1243 2.3154 28.9368 -7.1875 0.2248
Pedestrian -1 -1 -8.3401 639.2535 188.2038 657.3608 225.1703 1.7413 0.6008 0.7285 1.8054 2.4916 34.8247 -8.2895 0.1896
Pedestrian -1 -1 -4.9660 475.8558 182.3692 492.3304 223.7239 1.9883 0.6343 0.7207 -6.2133 2.4604 35.3613 -5.1393 0.1784
Cyclist -1 -1 -4.5617 656.3068 185.2327 672.3112 219.7077 1.7197 0.5875 1.6868 2.7929 2.3782 37.5164 -4.4887 0.1226
Pedestrian -1 -1 -6.3850 633.7339 192.8044 647.9676 232.4944 1.5243 0.5650 0.5012 1.1628 2.3150 28.3077 -6.3453 0.1182
Cyclist -1 -1 -7.5087 480.3654 187.2228 501.6491 225.0826 1.7974 0.5134 1.6519 -5.9273 2.5264 35.7656 -7.6724 0.1037
Cyclist -1 -1 -7.9393 479.0706 187.9430 492.9450 224.8480 1.7540 0.5343 1.7173 -6.2211 2.5237 35.9252 -8.1102 0.1017
Pedestrian -1 -1 -4.5329 674.9150 179.9346 694.6415 229.2904 1.9404 0.6498 0.8530 2.9664 2.2296 29.0092 -4.4329 0.0932
Pedestrian -1 -1 -6.3419 659.7015 180.0715 677.2861 219.7009 2.0218 0.6631 0.8661 2.9782 2.3977 37.2747 -6.2635 0.0814
Cyclist -1 -1 -6.1580 648.7184 188.9774 695.1051 232.9905 1.6772 0.5782 1.7555 2.3867 2.3197 28.2997 -6.0756 0.0719
Pedestrian -1 -1 -3.8716 639.0005 193.3165 659.3240 233.7485 1.5395 0.5734 0.5537 1.4889 2.3522 28.2721 -3.8204 0.0669
Cyclist -1 -1 -7.7654 668.3470 185.7575 679.7335 219.4958 1.7112 0.4567 1.6858 3.3517 2.4084 38.1311 -7.6791 0.0617
Cyclist -1 -1 -4.7735 700.8936 190.1346 714.7599 227.5291 1.5893 0.5146 1.5137 4.3095 2.3776 32.1540 -4.6423 0.0612
Pedestrian -1 -1 -6.4839 647.7627 195.1024 665.5242 233.7270 1.4761 0.5628 0.5922 1.7792 2.3571 28.2628 -6.4227 0.0599
Pedestrian -1 -1 -7.9089 481.9945 184.3896 496.2417 224.2300 1.9004 0.6413 0.7829 -5.9295 2.4690 35.1314 -8.0756 0.0583
Cyclist -1 -1 -6.3068 644.9788 187.8328 690.2319 231.2856 1.6869 0.6385 1.7705 2.2306 2.2885 28.6287 -6.2307 0.0580
Cyclist -1 -1 -4.8976 638.5562 180.9384 656.4943 221.4050 1.9242 0.5620 1.7703 1.8001 2.3329 35.5901 -4.8482 0.0570
Cyclist -1 -1 -4.9792 667.4426 186.6828 693.6559 231.8264 1.7025 0.5828 1.7773 2.7469 2.2701 28.7037 -4.8856 0.0540
Pedestrian -1 -1 -8.6927 677.9392 194.3646 702.0405 235.7223 1.5550 0.6562 0.6639 3.0675 2.4057 28.0802 -8.5860 0.0515
Cyclist -1 -1 -5.0987 630.8510 184.1908 653.3986 222.5280 1.8023 0.5139 1.6495 1.5200 2.3701 35.2940 -5.0568 0.0502
Car -1 -1 -6.8291 890.6429 184.6113 1241.0000 350.7943 1.4644 1.6022 4.1222 5.1842 1.5990 7.3819 -6.2363 0.9683
Car -1 -1 -6.4245 756.2100 190.1846 980.2485 267.0316 1.4099 1.6262 4.1589 5.1125 1.7968 14.9429 -6.1019 0.9567
Car -1 -1 -3.6310 843.5176 184.1989 1173.2976 308.1794 1.5402 1.4757 3.7045 5.2315 1.7071 9.8698 -3.1569 0.8977
Car -1 -1 -7.8344 562.7025 190.9045 597.9874 225.5218 1.4950 1.6223 3.8355 -1.4482 2.4215 35.1137 -7.8761 0.8968
Car -1 -1 -4.0243 1007.4318 194.0627 1241.0000 374.0000 1.4330 1.5946 4.2889 5.1620 1.6058 4.8807 -3.2413 0.7803
Car -1 -1 -8.0075 647.3094 191.6145 701.3839 232.0426 1.4807 1.6351 4.2030 2.6071 2.3314 30.5784 -7.9241 0.2725
Car -1 -1 -4.4651 542.2834 188.7980 571.0472 207.6538 1.5074 1.6272 3.8147 -4.6544 2.9464 63.1156 -4.5389 0.1986
Car -1 -1 -7.8737 633.1790 190.8766 664.9225 223.1255 1.5609 1.6323 4.1611 2.0470 2.5968 39.3812 -7.8229 0.1956
Car -1 -1 -4.9277 646.5602 175.0741 682.2576 201.3522 1.7486 1.6681 3.9704 3.7270 1.9099 50.4473 -4.8549 0.1045
Car -1 -1 -5.0370 447.2120 192.1952 501.4731 226.2083 1.5153 1.5390 3.8783 -6.9637 2.5505 36.5639 -5.2245 0.1009
Car -1 -1 -5.2530 679.6643 190.7098 753.6718 226.8940 1.5257 1.6211 4.1346 5.0272 2.4423 34.8335 -5.1116 0.0883
Car -1 -1 -9.0215 0.0000 0.0000 1241.0000 374.0000 1.5018 1.6025 3.7718 3.3789 1.6167 1.3718 -7.9097 0.0722
