Cyclist -1 -1 -4.6869 485.2305 182.2008 505.8980 241.7390 1.7618 0.5953 1.7464 -3.6102 2.0652 22.5395 -4.8447 0.8651
Pedestrian -1 -1 -3.4325 1057.4248 115.7835 1241.0000 374.0000 1.7808 0.5526 0.7706 2.6693 1.5286 3.5653 -2.8294 0.1855
Cyclist -1 -1 -6.1596 635.3834 177.6603 670.8381 214.3889 1.8709 0.6455 1.7673 2.1964 2.1226 37.3552 -6.1020 0.1627
Pedestrian -1 -1 -5.9448 720.1848 180.7648 742.2338 222.6868 1.6135 0.5963 0.6977 4.7211 1.9289 28.3624 -5.7822 0.0872
Pedestrian -1 -1 -4.2002 0.0000 211.1455 50.7220 322.8880 1.5832 0.5685 0.7634 -9.0779 2.1858 10.9375 -4.8811 0.0625
Pedestrian -1 -1 -5.6791 523.9489 175.9231 534.3342 199.4085 1.8663 0.6950 0.5267 -6.5118 2.1140 57.8806 -5.7910 0.0619
Pedestrian -1 -1 -4.1442 650.5175 175.3664 671.8041 214.1432 1.8808 0.6485 0.9356 2.4894 2.0066 35.6398 -4.0757 0.0607
Car -1 -1 -4.9418 554.6672 179.1352 592.5600 205.8809 1.7722 1.7374 4.3359 -2.6625 2.2381 51.2253 -4.9939 0.0593
Pedestrian -1 -1 -7.9492 773.6083 166.8308 794.6723 225.2104 1.8665 0.5832 0.8656 5.6261 1.6737 23.5375 -7.7181 0.0591
Pedestrian -1 -1 -3.4414 1021.9186 146.4632 1054.7649 214.3327 1.8402 0.5998 0.6270 11.7708 1.1243 19.9259 -2.9145 0.0588
Pedestrian -1 -1 -8.0628 725.3599 173.6838 746.0621 220.7128 1.7627 0.6417 0.6968 4.7266 1.7943 27.4175 -7.8946 0.0574
Cyclist -1 -1 -7.9479 635.3189 175.9372 644.0214 201.1447 1.7885 0.4684 1.7086 2.1142 2.0153 52.2724 -7.9082 0.0573
Pedestrian -1 -1 -5.4839 1013.9677 149.8308 1040.9890 214.7137 1.8655 0.5294 0.4335 12.1114 1.2033 21.0223 -4.9676 0.0532
Cyclist -1 -1 -4.5141 321.9654 183.2399 407.8319 350.6383 1.7721 0.6075 1.9131 -2.9694 1.9119 8.7469 -4.8334 0.8099
Pedestrian -1 -1 -6.0528 709.7465 165.0656 737.5099 222.8446 1.9948 0.6571 0.8386 3.9519 1.7257 25.3727 -5.9007 0.6409
Cyclist -1 -1 -4.3858 244.8929 190.1787 352.4876 360.0292 1.7257 0.5690 1.8877 -3.6475 1.9523 8.4881 -4.7814 0.5677
Cyclist -1 -1 -4.8097 633.9823 178.1180 644.5273 203.2189 1.7430 0.5769 1.7767 2.0464 2.1242 51.3872 -4.7706 0.3509
Pedestrian -1 -1 -4.8908 1104.4122 143.4047 1207.6735 334.4805 1.7424 0.6394 0.9090 5.2966 1.4736 7.1271 -4.2719 0.2247
Pedestrian -1 -1 -2.7486 336.7675 173.9637 368.7921 237.6811 2.0394 0.7078 0.7691 -8.4111 2.0758 23.4808 -3.0896 0.2109
Pedestrian -1 -1 -3.6136 334.4980 179.2178 362.1613 237.6697 1.9171 0.6283 0.6598 -8.8305 2.1345 24.2202 -3.9602 0.2079
Cyclist -1 -1 -4.3868 272.1385 177.2066 385.4128 351.6202 1.8295 0.6257 2.0440 -3.3482 1.8877 8.6524 -4.7468 0.2021
Pedestrian -1 -1 -4.4856 980.4255 153.9174 1010.1683 217.1409 1.9055 0.6695 0.7134 11.8262 1.3345 22.2356 -4.0027 0.1843
Pedestrian -1 -1 -4.5885 1023.5948 178.2497 1058.4384 253.3053 1.4837 0.5464 0.6060 8.7465 1.5965 14.7280 -4.0620 0.1605
Cyclist -1 -1 -4.9907 1066.1733 121.1140 1218.2422 355.8038 1.9832 0.6829 1.7644 5.0368 1.5457 7.0421 -4.3902 0.1590
Pedestrian -1 -1 -4.9411 345.3239 181.4146 370.5772 238.6669 1.8666 0.6479 0.7386 -8.4878 2.1587 24.1553 -5.2762 0.1117
Cyclist -1 -1 -4.4605 339.7443 179.8874 372.8793 239.1362 1.8220 0.5709 1.8309 -8.2350 2.0584 23.3467 -4.7966 0.0973
Pedestrian -1 -1 -3.9361 1063.3950 159.7935 1171.7905 327.5682 1.6231 0.5510 0.7286 5.0807 1.4964 7.3249 -3.3490 0.0926
Pedestrian -1 -1 -5.1085 1151.9688 150.7345 1241.0000 344.3365 1.7004 0.5990 0.8547 5.6158 1.5059 6.8292 -4.4419 0.0832
Pedestrian -1 -1 -4.3455 993.2302 156.9066 1022.6312 217.8545 1.8172 0.5989 0.6326 12.0545 1.3414 21.9467 -3.8493 0.0800
Pedestrian -1 -1 -3.9012 1000.7832 156.1408 1033.2278 218.6783 1.8394 0.6142 0.5821 12.1259 1.3475 21.5926 -3.3957 0.0620
Pedestrian -1 -1 -3.9679 329.8247 175.6121 362.8009 237.4480 2.0004 0.6594 0.7972 -8.7694 2.0933 23.8810 -4.3167 0.0612
Pedestrian -1 -1 -6.5649 979.0201 146.5785 1081.1272 298.1071 1.8768 0.4983 1.0349 5.3296 1.5511 9.2949 -6.0587 0.0611
Car -1 -1 -4.4959 481.7163 186.8596 532.1555 220.6644 1.5447 1.6802 4.2622 -5.2487 2.3046 36.9726 -4.6366 0.8952
Car -1 -1 -4.4408 331.3558 194.5185 447.7000 267.9774 1.4937 1.6329 4.5077 -5.4522 2.1102 18.2743 -4.7275 0.8640
Car -1 -1 -6.2078 639.3986 181.6954 714.0970 213.2841 1.5727 1.6874 3.7737 3.4760 2.0485 37.7069 -6.1172 0.4745
Car -1 -1 -7.7052 656.4668 179.1794 687.2776 203.7006 1.5672 1.5835 3.5320 4.2020 2.0131 48.9968 -7.6206 0.4354
Car -1 -1 -4.4389 519.4745 185.2482 559.0932 210.2110 1.4900 1.5778 3.9280 -4.6098 2.3360 47.1974 -4.5362 0.2240
Car -1 -1 -7.3207 1139.0714 142.9646 1241.0000 374.0000 1.5175 1.6425 4.3431 5.0475 1.4226 3.2841 -6.3672 0.0613
Car -1 -1 -4.1890 488.2135 185.6013 543.7258 210.0897 1.4798 1.7271 4.3973 -6.2775 2.3767 48.4215 -4.3178 0.0572
