Pedestrian -1 -1 -3.5758 671.9244 167.2196 690.0348 201.0093 1.9486 0.5933 0.8818 4.0971 1.6234 42.0364 -3.4798 0.1204
Car -1 -1 -5.0925 536.5200 176.6576 569.5345 193.5705 1.5635 1.6868 4.3820 -5.5900 1.9450 70.0893 -5.1721 0.1117
Cyclist -1 -1 -6.4437 793.2503 167.1966 841.2911 214.6706 1.7727 0.6519 1.6657 7.8006 1.5612 27.3616 -6.1693 0.1011
Pedestrian -1 -1 -8.0020 1088.6682 150.3275 1116.1052 204.8252 1.8418 0.7000 0.5598 16.8609 1.0802 24.7880 -7.4104 0.0922
Pedestrian -1 -1 -8.3883 1114.7576 152.2866 1144.9487 205.4981 1.7835 0.6448 0.5398 17.5837 1.0938 24.4796 -7.7712 0.0871
Pedestrian -1 -1 -5.9858 501.6882 173.4620 514.4146 206.5677 1.9130 0.5610 0.5962 -5.9728 1.9483 42.0283 -6.1265 0.0846
Pedestrian -1 -1 -8.5626 733.8086 163.2599 763.5002 216.0543 1.8702 0.6084 0.9087 4.9653 1.5300 26.1052 -8.3773 0.0818
Pedestrian -1 -1 -7.9736 993.9728 146.8492 1033.7056 242.0758 1.8980 0.6191 0.7541 8.2433 1.3794 14.8460 -7.4757 0.0766
Pedestrian -1 -1 -5.1725 889.3732 148.9191 934.4377 235.7416 1.9603 0.6333 0.8836 6.9458 1.4196 16.7553 -4.7863 0.0762
Pedestrian -1 -1 -2.5510 0.0000 175.6967 73.8650 339.7138 1.8443 0.5742 0.9294 -7.0170 1.8786 8.4512 -3.2286 0.0729
Cyclist -1 -1 -7.9036 499.4944 177.0765 507.4368 208.7375 1.6958 0.3517 1.5949 -5.9010 1.9325 39.6814 -8.0507 0.0690
Pedestrian -1 -1 -3.3235 669.2297 172.0547 678.4227 199.7525 1.7754 0.7137 0.4689 4.0888 1.7239 46.6275 -3.2371 0.0682
Pedestrian -1 -1 -5.2492 440.9160 189.9847 460.4117 229.8693 1.4241 0.4831 0.5524 -5.8863 2.0604 26.4449 -5.4667 0.0626
Cyclist -1 -1 -7.9436 693.1837 170.6741 704.8717 206.6462 1.7063 0.4090 1.6840 4.2799 1.6026 35.0727 -7.8237 0.0618
Pedestrian -1 -1 -3.3291 716.5330 162.9625 784.4246 288.9309 1.7629 0.5372 0.8679 1.9506 1.6242 10.3699 -3.1496 0.0588
Pedestrian -1 -1 -8.1019 957.6117 164.5723 981.9004 214.2594 1.6623 0.6333 0.4886 12.1352 1.3849 24.4438 -7.6463 0.0581
Pedestrian -1 -1 -3.5069 703.4124 170.1020 742.8262 242.5210 1.8036 0.5477 0.8479 2.8176 1.7348 18.3284 -3.3577 0.0580
Car -1 -1 -6.1789 0.0000 208.6913 0.0000 374.0000 1.5551 1.5867 3.6047 -6.5847 1.7817 2.6112 -7.3357 0.0517
Pedestrian -1 -1 -4.3119 1045.4907 143.1421 1098.5511 244.5859 1.9111 0.6510 0.7094 8.9492 1.3510 14.0632 -3.7551 0.0510
Pedestrian -1 -1 -6.1793 80.0210 144.7472 101.7245 213.2255 1.8026 0.5423 0.4159 -13.9538 1.0624 19.3315 -6.7981 0.0500
Pedestrian -1 -1 -7.8914 711.2938 167.4056 731.1853 216.2347 1.8603 0.7219 1.0092 4.2690 1.6524 28.0310 -7.7424 0.5067
Cyclist -1 -1 -7.8381 518.7215 180.0200 524.2175 204.7812 1.6007 0.3394 1.5155 -5.9024 2.0834 47.8611 -7.9606 0.3252
Pedestrian -1 -1 -5.1084 1022.1226 116.9448 1162.2302 346.7285 1.9810 0.6971 1.1278 4.4488 1.4987 6.8330 -4.5516 0.2298
Cyclist -1 -1 -4.6292 443.4929 183.9463 460.3703 229.6393 1.6207 0.4808 1.6203 -5.9144 2.0458 26.8331 -4.8447 0.1318
Pedestrian -1 -1 -7.9042 510.0738 178.9216 521.8483 208.6175 1.7592 0.6658 0.7022 -5.6833 2.1265 43.3146 -8.0344 0.1196
Pedestrian -1 -1 -3.2656 802.7224 173.0438 841.5704 251.0519 1.6326 0.4820 0.7373 4.4661 1.6364 15.3962 -2.9893 0.0962
Pedestrian -1 -1 -5.1206 743.2899 162.5659 776.0076 228.6312 1.9174 0.6323 0.9282 4.3931 1.6185 21.4605 -4.9221 0.0953
Pedestrian -1 -1 -3.3328 910.4334 148.3973 1007.0524 295.9597 1.8332 0.5033 1.0422 4.4291 1.5290 9.3315 -2.9027 0.0899
Pedestrian -1 -1 -8.5456 803.4357 169.6104 836.6690 231.5593 1.7550 0.5968 0.7257 6.0281 1.6628 20.8933 -8.2692 0.0829
Cyclist -1 -1 -4.7364 439.2928 180.9942 455.2004 229.0806 1.7367 0.5440 1.6914 -6.1997 2.0538 27.2466 -4.9586 0.0665
Cyclist -1 -1 -7.6932 521.1915 179.9352 529.4136 203.0695 1.5624 0.3446 1.4099 -5.8826 2.0586 49.8772 -7.8105 0.0647
Pedestrian -1 -1 -7.4105 823.0547 163.9527 863.9496 244.4340 1.8051 0.6193 0.8029 5.3510 1.6052 16.6882 -7.1061 0.0610
Pedestrian -1 -1 -5.9462 813.1270 167.3339 855.9440 248.4079 1.7606 0.5949 0.7632 4.9688 1.6404 16.1337 -5.6534 0.0585
Cyclist -1 -1 -7.8806 515.7004 178.7931 521.5494 204.6439 1.6863 0.3457 1.5189 -6.1398 2.0891 48.2008 -8.0071 0.0538
Pedestrian -1 -1 -3.5127 1073.6216 142.9318 1212.1227 361.2037 1.7439 0.5996 0.7751 4.4436 1.5045 6.1454 -2.9099 0.0523
Car -1 -1 -4.6630 533.0532 175.1242 566.4136 205.9034 1.8265 1.8723 4.5939 -3.7799 1.9766 45.4868 -4.7459 0.8083
Car -1 -1 -7.6268 376.7137 182.7307 456.8035 234.7696 1.5976 1.7533 4.3304 -6.6672 1.9719 25.1736 -7.8837 0.2247
Car -1 -1 -8.6618 1072.3639 83.2242 1241.0000 374.0000 1.8881 1.7385 4.1659 5.2201 1.5542 4.7762 -7.8629 0.1588
Car -1 -1 -4.7240 557.5870 177.5481 575.0961 193.7216 1.4985 1.6460 3.9252 -4.2802 1.9669 70.0379 -4.7851 0.1487
Car -1 -1 -8.1018 779.1989 180.5678 877.8999 246.9480 1.4170 1.4911 3.2450 5.1156 1.6207 17.4308 -7.8216 0.1342
Car -1 -1 -4.5849 524.2016 177.6427 554.6978 201.5917 1.6043 1.6825 3.7582 -4.9785 1.9551 50.9999 -4.6821 0.0920
Car -1 -1 -4.6921 552.8978 175.3870 579.1921 201.3801 1.7143 1.7414 4.1170 -3.0446 1.8971 50.0860 -4.7530 0.0607
