Pedestrian -1 -1 -6.2256 291.9142 176.2349 309.7941 228.7824 1.8589 0.6696 0.5578 -10.8238 1.6731 25.8209 -6.6242 0.5824
Pedestrian -1 -1 -2.1378 135.6889 181.9406 199.0736 284.6075 1.6896 0.7436 0.5604 -7.4569 1.6980 12.2830 -2.6797 0.5463
Cyclist -1 -1 -5.1589 600.7986 169.5190 645.2455 234.6859 1.8843 0.6053 1.8166 0.6007 1.5383 21.7230 -5.1369 0.5226
Cyclist -1 -1 -5.1011 1074.4490 183.9475 1223.1149 360.7175 1.4865 0.5679 1.4733 5.0817 1.5131 6.8436 -4.4862 0.1855
Cyclist -1 -1 -4.5294 737.6871 161.8433 774.4839 236.0419 1.8689 0.6505 1.8245 4.0880 1.3743 19.0612 -4.3263 0.1746
Pedestrian -1 -1 -8.3894 518.6481 179.7507 540.4968 217.3855 1.7337 0.7269 0.7654 -3.3772 1.6534 33.6150 -8.4939 0.1670
Pedestrian -1 -1 -4.1995 268.3901 204.1210 301.2671 260.3406 1.2793 0.4789 0.5962 -7.4901 1.8229 16.9235 -4.6160 0.1441
Pedestrian -1 -1 -3.2825 1124.6818 141.2208 1189.6715 281.0208 1.8780 0.5495 0.6371 7.7048 1.3376 10.0431 -2.6460 0.1148
Pedestrian -1 -1 -4.4743 127.9084 175.4101 158.4652 248.9408 1.7851 0.5090 0.6146 -11.3909 1.6378 17.8120 -5.0420 0.1137
Car -1 -1 -7.1910 735.4442 170.4659 812.3283 205.0666 1.6881 1.6546 4.1623 8.9092 1.1500 36.9970 -6.9614 0.1059
Pedestrian -1 -1 -5.4067 475.0489 174.5963 488.0764 199.3136 1.8672 0.6140 0.7920 -9.1199 1.3456 54.7565 -5.5760 0.1027
Pedestrian -1 -1 -6.6365 301.4622 179.3441 325.6677 224.9188 1.8558 0.6655 0.7453 -11.9399 1.7684 29.7479 -7.0204 0.1018
Pedestrian -1 -1 -4.2577 81.8502 247.2549 201.0983 373.0000 1.2063 0.4130 0.5231 -2.7997 1.6283 4.3218 -4.8126 0.1008
Pedestrian -1 -1 -3.6540 669.9059 160.1411 712.2325 233.5043 1.9874 0.6735 0.9583 2.4534 1.4093 19.9553 -3.5386 0.0986
Car -1 -1 -4.3801 484.3916 179.4189 529.0726 205.5745 1.5150 1.5651 3.7505 -5.6944 1.3946 43.6015 -4.5142 0.0884
Pedestrian -1 -1 -6.4922 553.4428 175.0241 564.2769 198.1337 1.8507 0.6222 0.7570 -3.4124 1.3319 57.9280 -6.5558 0.0814
Pedestrian -1 -1 -7.5590 285.0804 167.9681 307.9999 220.6805 1.9666 0.6111 0.7446 -11.5621 1.4621 27.2028 -7.9626 0.0784
Cyclist -1 -1 -6.9612 358.9365 188.6801 421.7189 256.5600 1.5742 0.4784 1.5105 -5.1805 1.7580 17.5760 -7.2493 0.0781
Pedestrian -1 -1 -2.8458 284.0915 177.8611 306.5531 226.7744 1.7799 0.5414 0.6318 -11.2870 1.6478 26.4427 -3.2509 0.0771
Car -1 -1 -4.5035 472.9510 171.3807 498.6540 189.2137 1.6705 1.6350 4.2017 -11.0998 0.7223 69.4267 -4.6664 0.0759
Pedestrian -1 -1 -6.5144 638.8365 171.4075 652.7026 205.1526 1.9611 0.6803 0.6702 2.5976 1.3747 42.1404 -6.4583 0.0714
Cyclist -1 -1 -7.7962 977.9843 153.3668 1169.9414 373.0000 1.6801 0.5981 1.6632 2.1409 1.5824 3.3750 -7.2713 0.0670
Pedestrian -1 -1 -8.7396 682.4803 169.1280 697.2339 201.4164 2.0013 0.6451 0.6576 5.5407 1.2345 44.9844 -8.6228 0.0630
Cyclist -1 -1 -4.5890 524.6732 175.5202 534.6898 201.4683 1.6803 0.4621 1.6896 -4.7186 1.2931 47.3673 -4.6928 0.0609
Cyclist -1 -1 -7.5590 307.5061 178.2044 337.8551 240.8361 1.7475 0.3763 1.6034 -8.1079 1.6561 20.8565 -7.9309 0.0590
Car -1 -1 -6.2988 650.8146 183.3373 742.4727 220.0435 1.5384 1.5968 3.8475 4.0863 1.6210 31.2069 -6.1749 0.0575
Pedestrian -1 -1 -4.9196 758.0798 167.9238 781.6782 223.1376 1.8955 0.7101 0.4774 5.8101 1.4298 24.9041 -4.6980 0.0543
Car -1 -1 -4.7681 582.7051 182.6028 607.6110 204.4211 1.6427 1.7062 4.0157 -0.5060 1.7322 56.3520 -4.7822 0.0542
Pedestrian -1 -1 -3.1960 60.8688 170.9116 91.9821 243.4508 1.8249 0.6133 0.6146 -13.5599 1.5591 18.5039 -3.8269 0.0521
Pedestrian -1 -1 -8.6936 956.2762 140.1218 1018.7328 252.5514 1.8747 0.6266 0.7153 6.6236 1.1854 12.4238 -8.2178 0.0515
Car -1 -1 -4.5286 646.7493 177.7829 687.7531 206.4095 1.5898 1.6694 4.2591 3.9151 1.3835 42.1673 -4.4417 0.0512
Car -1 -1 -7.8636 755.1613 175.1624 850.9588 264.7901 1.5816 1.6535 4.4228 4.0982 1.4703 15.0221 -7.6071 0.0512
Pedestrian -1 -1 -5.4537 465.2997 170.8154 486.6617 213.7468 1.9360 0.6037 0.7655 -5.7538 1.4544 32.8655 -5.6309 0.0509
Car -1 -1 -4.2824 470.0417 183.9402 528.9938 211.8607 1.4059 1.6257 4.0309 -5.4279 1.5449 38.7106 -4.4259 0.0500
Pedestrian -1 -1 -4.6613 633.0823 170.5594 668.9363 266.2723 1.7202 0.6336 0.7396 0.8845 1.5242 13.3127 -4.6018 0.7693
Pedestrian -1 -1 -3.5390 424.4611 178.0018 458.5363 246.1414 1.7149 0.7308 0.6227 -4.1694 1.6274 18.5570 -3.7624 0.6480
Pedestrian -1 -1 -4.0877 399.7843 174.4834 436.8390 243.3983 1.8045 0.6278 0.7804 -4.9441 1.6212 19.2864 -4.3408 0.6238
Pedestrian -1 -1 -3.3739 655.5768 174.3067 688.5956 249.9586 1.6850 0.6007 0.6209 1.5633 1.5254 16.3415 -3.2856 0.6223
Pedestrian -1 -1 -4.3283 710.0310 168.2023 744.8434 242.9635 1.7634 0.6068 0.7299 3.0215 1.4503 17.4131 -4.1644 0.5309
Cyclist -1 -1 -4.4497 734.4377 169.8314 770.7012 238.1436 1.7455 0.5405 1.7097 4.0305 1.4479 19.2407 -4.2513 0.4932
Pedestrian -1 -1 -5.1622 721.8636 174.0944 748.8134 230.8649 1.7128 0.5258 0.7756 4.0875 1.4899 22.1177 -4.9868 0.4488
Pedestrian -1 -1 -4.5492 671.6009 176.3120 705.9747 263.8130 1.5686 0.5398 0.6382 1.5752 1.4762 13.2578 -4.4389 0.4307
Pedestrian -1 -1 -3.1967 950.9941 152.5823 1020.2479 293.8164 1.7736 0.5588 0.7596 4.9752 1.4112 9.4294 -2.7281 0.3993
Cyclist -1 -1 -6.6647 649.1964 174.7676 692.0340 219.0432 1.8615 0.7006 1.6872 2.9444 1.5788 30.7799 -6.5754 0.3492
Pedestrian -1 -1 -4.0476 743.7875 167.6143 775.2935 232.6753 1.8195 0.5231 0.7630 4.4886 1.4316 20.5344 -3.8403 0.3311
Pedestrian -1 -1 -5.0620 949.6215 146.4312 1017.8400 282.0907 1.8491 0.6157 0.7762 5.3682 1.3717 10.2129 -4.5940 0.3182
Pedestrian -1 -1 -7.9261 668.3534 178.3664 688.1447 229.8279 1.6633 0.6053 0.4855 2.4783 1.5624 23.4679 -7.8274 0.3153
Pedestrian -1 -1 -8.6436 705.1631 174.0863 722.0256 218.9493 1.7902 0.5500 0.4027 4.5069 1.4947 28.9908 -8.4959 0.2839
Pedestrian -1 -1 -5.2810 677.1780 172.5534 719.5726 256.5641 1.6787 0.5522 0.7363 1.9512 1.5005 14.8048 -5.1577 0.2684
Pedestrian -1 -1 -7.0962 1017.9951 150.7000 1115.9485 301.4407 1.7491 0.6034 0.8225 5.5979 1.3924 8.7332 -6.5452 0.2644
Pedestrian -1 -1 -8.4449 519.0327 177.6608 540.1899 216.5030 1.7969 0.6737 0.7681 -3.3877 1.6195 33.7414 -8.5494 0.2402
Pedestrian -1 -1 -5.2413 688.7643 175.8809 722.5471 249.2424 1.6024 0.4625 0.6847 2.2914 1.4802 16.0955 -5.1075 0.2287
Pedestrian -1 -1 -8.0223 631.6558 179.4779 641.6999 204.2262 1.6259 0.5614 0.6379 2.3379 1.4931 47.5442 -7.9785 0.2025
Cyclist -1 -1 -4.9754 773.3542 175.1272 865.6646 330.8391 1.6154 0.5474 1.7432 2.4215 1.5500 8.3255 -4.7065 0.1968
Pedestrian -1 -1 -5.2539 674.9094 169.1425 713.4229 243.7696 1.7705 0.6277 0.7563 2.2190 1.4779 17.5163 -5.1351 0.1955
Pedestrian -1 -1 -4.6650 94.7738 195.8178 128.7662 272.5928 1.5066 0.5483 0.4690 -9.9628 1.8044 14.5675 -5.2620 0.1675
Cyclist -1 -1 -8.1022 703.4261 174.4165 725.7858 219.2582 1.7590 0.5095 1.5652 4.5345 1.4815 28.9820 -7.9535 0.1642
Cyclist -1 -1 -7.7159 508.9378 178.4595 529.2784 222.8325 1.7347 0.5889 1.7552 -3.3270 1.6161 28.9648 -7.8345 0.1469
Pedestrian -1 -1 -2.9589 154.9975 191.4820 250.2371 347.7003 1.5607 0.5189 0.7983 -4.2431 1.6720 7.5951 -3.4601 0.1465
Cyclist -1 -1 -6.4195 655.0786 174.5933 712.7405 229.2428 1.7397 0.7241 1.7677 2.6285 1.5202 23.2556 -6.3135 0.1385
Pedestrian -1 -1 -2.8732 10.5272 173.3803 130.4036 368.1482 1.8170 0.5836 0.8280 -5.2793 1.7419 7.1197 -3.5000 0.1354
Cyclist -1 -1 -7.9418 972.3247 145.5219 1031.8823 293.2811 1.8206 0.5124 1.7590 5.3589 1.3780 9.7608 -7.4564 0.1336
Pedestrian -1 -1 -7.5184 658.4813 175.5883 678.2873 218.0551 1.7907 0.7114 0.5234 2.8429 1.5418 30.6753 -7.4320 0.1266
Cyclist -1 -1 -5.5747 114.9603 187.4855 317.7957 350.7853 1.6116 0.7924 1.8571 -4.1648 1.6815 7.7230 -6.0614 0.1216
Pedestrian -1 -1 -7.9979 113.0763 165.1492 188.6762 348.9654 1.8565 0.5674 0.9518 -4.9535 1.6920 7.8016 -8.5547 0.1146
Pedestrian -1 -1 -4.4059 889.0434 154.5778 933.9666 258.9673 1.7718 0.5367 0.7401 5.4194 1.3154 12.6479 -4.0139 0.1127
Cyclist -1 -1 -4.8211 626.3188 176.8484 637.0955 202.5910 1.7120 0.5393 1.6772 2.0521 1.4027 48.6297 -4.7842 0.1063
Cyclist -1 -1 -7.0629 449.1994 174.5031 510.9289 243.0638 1.8128 0.6389 1.7444 -3.3709 1.6283 19.8886 -7.2340 0.1036
Pedestrian -1 -1 -8.4288 483.0861 183.0371 513.0128 231.6865 1.6139 0.6635 0.8223 -3.5388 1.6677 24.3914 -8.5767 0.1003
Pedestrian -1 -1 -6.4912 625.0564 174.3313 639.9363 201.7218 1.8409 0.5565 0.9087 2.1096 1.3591 48.6303 -6.4532 0.0999
Pedestrian -1 -1 -4.0985 676.8635 164.9934 713.6507 235.0107 1.8740 0.7048 0.7431 2.5458 1.4327 19.7378 -3.9772 0.0975
Cyclist -1 -1 -6.2191 690.1028 174.7573 730.4910 219.8935 1.7925 0.6034 1.5799 4.3766 1.5251 28.9854 -6.0758 0.0961
Cyclist -1 -1 -7.9478 669.4543 173.6167 692.3502 230.9050 1.7924 0.5701 1.6560 2.5369 1.5462 23.3053 -7.8459 0.0922
Pedestrian -1 -1 -1.9133 46.2165 165.7789 144.0696 342.6997 1.8011 0.6041 0.9096 -5.5655 1.6418 7.8229 -2.5219 0.0914
Pedestrian -1 -1 -5.7867 445.5185 180.7558 483.4359 243.2271 1.6713 0.6601 0.8029 -3.7751 1.6519 19.6523 -5.9795 0.0911
Cyclist -1 -1 -6.5753 512.9080 176.1271 551.6364 216.0669 1.8320 0.6938 1.6728 -3.2472 1.5858 33.5898 -6.6761 0.0894
Cyclist -1 -1 -3.8808 79.6400 185.8042 159.1236 274.6858 1.7412 0.4539 1.4385 -10.0021 1.8356 14.8978 -4.4695 0.0892
Pedestrian -1 -1 -5.1458 912.7029 158.7950 962.4868 262.9140 1.7402 0.5368 0.6676 5.7207 1.3613 12.3430 -4.7252 0.0888
Pedestrian -1 -1 -5.4330 1052.0400 130.5049 1163.8430 318.2585 1.9078 0.5911 0.8089 5.3785 1.3903 7.7396 -4.8469 0.0886
Cyclist -1 -1 -4.5381 203.4582 184.5764 232.8321 246.1804 1.6475 0.4661 1.5519 -10.7418 1.7375 20.1014 -5.0289 0.0885
Pedestrian -1 -1 -5.6184 59.2149 157.3112 190.0323 350.7010 1.9224 0.5917 0.9799 -4.9913 1.6826 7.4774 -6.1971 0.0884
Pedestrian -1 -1 -5.4247 122.6926 188.9191 193.2789 315.9072 1.5798 0.6187 0.4800 -5.8076 1.6808 9.3469 -5.9741 0.0866
Cyclist -1 -1 -4.0714 988.6338 127.7240 1144.9305 301.5126 2.0102 0.7016 1.8404 5.7662 1.3889 8.9743 -3.5190 0.0845
Pedestrian -1 -1 -4.2455 83.8393 236.8458 198.5189 373.0000 1.2745 0.4223 0.4476 -2.8051 1.6268 4.3213 -4.8014 0.0833
Pedestrian -1 -1 -5.0338 689.8734 164.9584 724.1059 242.3962 1.8309 0.5769 0.8495 2.5197 1.4404 17.4551 -4.8979 0.0813
Pedestrian -1 -1 -7.6228 259.6805 194.7874 289.2319 260.4967 1.4962 0.4969 0.6536 -7.7111 1.8157 16.8749 -8.0512 0.0804
Cyclist -1 -1 -5.2025 600.1910 174.3286 646.7701 237.0540 1.7876 0.5859 1.8234 0.6044 1.5837 21.4174 -5.1800 0.0789
Cyclist -1 -1 -3.6792 88.1151 185.2476 176.3799 274.6882 1.7452 0.4727 1.4984 -9.7101 1.8273 14.8581 -4.2555 0.0785
Cyclist -1 -1 -5.6266 188.5157 196.1055 288.0557 272.8694 1.4885 0.6450 1.7823 -7.4095 1.7957 14.5966 -6.0948 0.0774
Pedestrian -1 -1 -5.5164 961.9714 155.5405 1019.7579 261.7271 1.7615 0.5622 0.6664 6.6268 1.3315 12.3216 -5.0372 0.0710
Pedestrian -1 -1 -2.3720 140.4248 190.4301 231.8246 340.9274 1.5520 0.4669 0.7399 -4.5305 1.6532 7.7633 -2.8919 0.0708
Cyclist -1 -1 -6.4783 630.1664 174.3932 658.7790 202.3631 1.8346 0.6694 1.7936 2.8535 1.3685 47.5739 -6.4238 0.0706
Pedestrian -1 -1 -5.8621 11.5975 159.5602 152.7624 361.2804 1.8346 0.5953 0.9395 -5.0135 1.6358 6.9159 -6.4777 0.0705
Cyclist -1 -1 -7.9565 303.0305 182.4952 317.4658 224.2803 1.6985 0.3859 1.6561 -12.2094 1.7416 30.0590 -8.3445 0.0677
Pedestrian -1 -1 -4.1524 126.7419 216.5019 216.7653 373.0000 1.2877 0.4159 0.5721 -3.6933 1.6006 6.1150 -4.6834 0.0666
Cyclist -1 -1 -8.0312 497.5681 177.2978 519.2136 222.7816 1.7690 0.5710 1.6398 -3.7616 1.6059 28.8058 -8.1651 0.0665
Cyclist -1 -1 -5.4421 0.0000 196.1798 236.6125 373.0000 1.5420 0.5837 1.7215 -3.1584 1.6390 4.2345 -6.0610 0.0660
Cyclist -1 -1 -6.5282 651.7629 171.8724 695.8445 216.6247 1.8634 0.7012 1.7348 3.0371 1.4629 30.3884 -6.4346 0.0654
Pedestrian -1 -1 -5.0328 1043.7765 131.8580 1121.5056 293.0396 1.9095 0.5774 0.7708 5.9253 1.3221 8.9541 -4.4669 0.0652
Cyclist -1 -1 -6.2595 622.4354 169.0697 715.2151 264.2788 1.7229 0.3757 1.6830 1.1992 1.4986 13.2752 -6.1768 0.0627
Pedestrian -1 -1 -4.6666 5.9976 172.7773 78.2793 355.4782 1.7904 0.5533 0.9219 -5.9225 1.7056 7.5758 -5.3195 0.0615
Cyclist -1 -1 -2.4882 389.0551 173.9435 453.1147 243.7413 1.8226 0.4856 1.7289 -4.8896 1.6258 19.3199 -2.7383 0.0589
Cyclist -1 -1 -7.3880 487.5008 179.7341 525.4942 231.9043 1.7200 0.5567 1.7833 -3.2596 1.6622 24.6164 -7.5236 0.0588
Pedestrian -1 -1 -5.7334 649.7515 180.7594 664.6279 207.9658 1.5927 0.5975 0.6640 3.2983 1.5495 42.4893 -5.6615 0.0580
Pedestrian -1 -1 -6.1824 665.4214 168.2957 699.3676 244.9850 1.7817 0.6675 0.7452 1.8952 1.4755 17.0915 -6.0790 0.0567
Pedestrian -1 -1 -4.8529 77.9933 189.0139 113.3212 271.1175 1.6035 0.4971 0.6555 -10.2611 1.7602 14.5130 -5.4653 0.0567
Pedestrian -1 -1 -7.6812 244.4408 186.9321 275.5325 258.7520 1.6344 0.5474 0.6966 -8.0225 1.7652 16.8174 -8.1257 0.0555
Pedestrian -1 -1 -7.8582 199.3353 182.0682 223.4183 245.0356 1.7181 0.5822 0.6388 -10.9080 1.7348 20.0280 -8.3568 0.0520
Cyclist -1 -1 -8.1167 695.6451 175.7470 720.5770 220.9310 1.7633 0.5590 1.6897 4.2587 1.5391 28.9052 -7.9770 0.0513
Pedestrian -1 -1 -8.5175 629.7189 178.1175 642.6065 203.4807 1.6754 0.6934 0.5057 2.3214 1.4520 47.8590 -8.4743 0.0502
Car -1 -1 -4.5968 536.9169 181.9941 573.3303 211.2295 1.4853 1.5394 3.7816 -2.4401 1.5133 38.4839 -4.6648 0.8479
Car -1 -1 -8.6364 0.0000 0.0000 1237.0000 373.0000 1.4794 1.5956 3.6708 2.7587 1.6359 1.3827 -7.6100 0.1990
Car -1 -1 -4.7001 303.9402 186.1802 346.0936 224.2531 1.5246 1.6220 4.2053 -12.1360 1.7452 31.5703 -5.0696 0.1468
Car -1 -1 -2.6283 190.7071 181.6540 343.2037 241.8672 1.6804 1.6728 3.7057 -9.7508 1.6856 21.0306 -3.0630 0.1295
Car -1 -1 -6.9711 625.9589 176.1974 684.8783 201.6285 1.6678 1.6238 3.8505 3.7018 1.3201 48.8875 -6.9010 0.1224
Car -1 -1 -2.6764 75.0971 196.2750 293.0905 269.8926 1.4361 1.5284 3.7073 -8.7536 1.7676 15.2242 -3.1964 0.1176
Car -1 -1 -5.0257 752.9710 193.8427 973.5043 339.9282 1.3479 1.4446 3.0579 2.7862 1.5196 8.4223 -4.7212 0.0955
Car -1 -1 -4.7996 635.3940 181.5223 672.0346 209.4687 1.3913 1.5414 4.0680 2.6937 1.3927 37.8141 -4.7341 0.0926
Car -1 -1 -4.1108 249.1193 185.9569 363.5401 239.6317 1.5925 1.5950 3.8450 -9.6278 1.7527 23.7002 -4.4982 0.0778
Car -1 -1 -4.9946 625.1271 179.9211 667.4536 205.5171 1.4972 1.5502 3.8671 2.7042 1.4050 44.0775 -4.9388 0.0619
