Pedestrian -1 -1 -7.4291 383.1450 174.5609 403.8555 213.7881 1.8379 0.6343 0.8879 -10.3364 1.9199 34.3302 -7.7199 0.6327
Pedestrian -1 -1 -3.0963 970.0064 132.8846 1071.3159 305.8326 1.9799 0.5158 1.0407 4.9112 1.5221 8.7496 -2.5999 0.4866
Pedestrian -1 -1 -5.4016 349.9517 175.0236 374.2382 214.8367 1.8316 0.6610 0.8885 -11.6416 1.9344 33.7649 -5.7316 0.1244
Pedestrian -1 -1 -4.5768 346.8689 168.3926 362.8223 208.6094 1.9675 0.6500 0.7431 -12.6700 1.7489 35.7281 -4.9156 0.1209
Pedestrian -1 -1 -4.5786 92.4796 177.0793 123.6350 245.4884 1.7235 0.5745 0.6717 -13.0233 1.8350 18.6612 -5.1814 0.1035
Pedestrian -1 -1 -8.0615 928.4783 174.3527 981.1420 283.8038 1.5603 0.5793 0.6152 5.0252 1.5829 10.6599 -7.6325 0.0962
Pedestrian -1 -1 -3.2927 1195.4667 158.2463 1213.1161 214.2949 1.8994 0.5730 0.3822 20.3718 1.4041 24.7959 -2.6110 0.0895
Pedestrian -1 -1 -6.1956 37.5153 146.0761 48.1777 190.8160 1.8198 0.4799 0.3022 -23.3341 0.7303 29.6325 -6.8584 0.0862
Pedestrian -1 -1 -7.9389 412.9766 173.7204 425.3558 205.9488 1.8313 0.6292 0.7161 -11.0061 1.8814 41.4672 -8.1972 0.0710
Pedestrian -1 -1 -7.8613 922.9221 180.1259 962.9485 280.7290 1.4692 0.5383 0.4798 4.9704 1.5822 10.9118 -7.4449 0.0676
Cyclist -1 -1 -7.6497 1185.4264 155.1206 1221.1262 211.6026 1.8820 0.5986 1.8533 20.4022 1.2908 24.8595 -6.9685 0.0601
Pedestrian -1 -1 -3.8876 74.1667 177.9860 111.4019 244.9940 1.7261 0.5396 0.5857 -13.6508 1.8632 18.9812 -4.5046 0.0593
Pedestrian -1 -1 -6.8961 83.2951 174.2219 126.8225 243.3152 1.7677 0.5606 0.7498 -13.2875 1.8041 18.9259 -7.5018 0.0567
Pedestrian -1 -1 -8.2125 363.7024 173.2789 382.9566 212.4471 1.8559 0.6218 0.8509 -11.4330 1.8763 34.7254 -8.5287 0.0543
Pedestrian -1 -1 -7.7079 27.8224 146.5853 46.2680 191.0514 1.8079 0.5533 0.3080 -23.5517 0.7396 29.6082 -8.3756 0.0518
Cyclist -1 -1 -2.6462 208.7001 174.4793 257.7079 220.3664 1.8355 0.6390 1.6553 -15.2919 1.9017 29.2179 -3.1249 0.0518
Pedestrian -1 -1 -3.6008 70.3991 174.5847 107.2216 243.3501 1.7440 0.5638 0.5862 -13.5623 1.7895 18.7099 -4.2215 0.0507
Pedestrian -1 -1 -5.3183 200.8451 175.3786 234.9707 232.5195 1.7153 0.6834 0.6306 -12.0796 1.7940 22.1467 -5.8128 0.0506
Cyclist -1 -1 -6.4978 1121.2957 157.5625 1168.4485 198.3533 1.8923 0.6202 1.6950 25.2156 1.1826 34.0991 -5.8654 0.0501
Car -1 -1 -7.8739 597.3553 175.0875 663.6100 240.1264 1.6258 1.6667 3.2797 0.4681 1.6919 19.7916 -7.8515 0.9535
Car -1 -1 -3.6767 1085.7129 155.9901 1202.6313 191.9682 1.7473 1.6955 4.4651 26.5991 0.9280 36.0989 -3.0457 0.4195
Car -1 -1 -7.4958 248.3761 181.9635 354.4358 237.1556 1.5020 1.6569 4.1579 -9.4915 1.8117 22.4417 -7.8921 0.0986
Car -1 -1 -4.3656 0.0000 137.7592 33.1191 180.1058 1.4727 1.6286 3.4947 -23.3254 0.2519 27.0146 -5.0730 0.0792
Car -1 -1 -6.2539 927.5896 174.8864 997.7164 197.8282 1.4566 1.4730 4.1080 23.2529 1.5951 47.6960 -5.8030 0.0606
