Pedestrian -1 -1 -3.3561 866.9951 164.6781 876.6221 184.7247 1.7686 0.4673 0.7179 23.1738 1.0470 63.9351 -3.0101 0.0948
Car -1 -1 -5.3866 1028.0624 140.2978 1104.4238 170.9508 1.7321 1.7278 3.9957 27.1271 -0.1195 43.1152 -4.8279 0.0894
Pedestrian -1 -1 -3.0080 661.7402 159.9983 686.6271 209.1820 1.9535 0.5769 0.9306 2.5420 1.4426 29.0409 -2.9221 0.0875
Car -1 -1 -4.7857 545.4411 172.0655 566.8762 188.8030 1.4804 1.6376 4.3531 -4.9838 1.4104 66.0927 -4.8610 0.0629
Car -1 -1 -7.6804 651.3576 172.6662 676.9520 189.6075 1.4146 1.5661 3.8528 4.6821 1.3986 62.3078 -7.6061 0.0566
Car -1 -1 -6.0361 482.3776 178.2271 547.8341 199.9786 1.4939 1.6091 4.3373 -6.7301 1.8822 51.1261 -6.1668 0.0547
Pedestrian -1 -1 -5.1071 1116.4205 155.6172 1155.1686 233.9593 1.7836 0.5529 0.5549 12.1516 1.3909 16.7589 -4.4884 0.0546
Car -1 -1 -6.4238 843.6181 170.5332 899.9404 186.8567 1.3694 1.6181 4.3440 22.3358 1.1744 61.7637 -6.0786 0.0546
Pedestrian -1 -1 -5.9634 418.7009 172.3484 427.2068 191.2552 1.7260 0.7944 0.5339 -17.2024 1.6796 66.2837 -6.2166 0.0510
Pedestrian -1 -1 -7.3745 1090.4055 156.1484 1111.2021 207.0139 1.7750 0.5342 0.2889 17.2849 1.1918 25.4828 -6.7841 0.0508
Pedestrian -1 -1 -4.9424 893.4294 156.6098 922.8300 210.8923 1.8777 0.7435 1.0144 10.4857 1.3155 25.5178 -4.5569 0.7725
Pedestrian -1 -1 -4.2756 661.2322 171.7715 677.2593 204.9126 1.5932 0.5802 0.5954 2.8416 1.5408 35.0877 -4.1960 0.4834
Cyclist -1 -1 -4.7795 657.8297 169.8163 676.9285 216.6606 1.6523 0.5715 1.7447 2.0358 1.5449 26.3253 -4.7039 0.2241
Pedestrian -1 -1 -8.2929 527.2183 175.8707 548.7914 221.8915 1.6810 0.6410 0.5093 -2.7195 1.7943 26.7883 -8.3937 0.1925
Pedestrian -1 -1 -8.1022 307.6262 172.3056 331.4191 226.1097 1.9076 0.6502 0.6807 -10.5342 1.8879 26.0483 -8.4833 0.1566
Cyclist -1 -1 -4.9375 653.4849 169.7399 671.5775 205.1980 1.6912 0.5567 1.4933 2.5130 1.5424 35.1952 -4.8673 0.1210
Pedestrian -1 -1 -7.0744 662.0082 169.8964 684.0966 204.1384 1.6305 0.6410 0.8653 3.0079 1.4894 34.8817 -6.9896 0.1045
Cyclist -1 -1 -3.4030 651.3267 169.1116 685.9615 204.4769 1.7081 0.6390 1.5769 2.8248 1.5270 35.3060 -3.3243 0.0947
Pedestrian -1 -1 -4.3951 103.9867 172.6859 143.5319 256.4945 1.7959 0.5388 0.6614 -10.7244 1.7920 15.8521 -4.9824 0.0931
Cyclist -1 -1 -4.4499 0.0000 142.7767 18.6556 179.4301 1.7156 0.5232 1.7683 -29.0827 0.3075 34.6851 -5.1439 0.0920
Pedestrian -1 -1 -8.2194 526.1159 172.1915 550.9003 222.3013 1.8091 0.7321 0.6189 -2.6726 1.7849 26.4903 -8.3196 0.0907
Pedestrian -1 -1 -5.7344 510.9620 179.5619 529.1400 217.1829 1.4706 0.5337 0.5144 -3.6180 1.7401 28.6778 -5.8594 0.0835
Pedestrian -1 -1 -8.9508 970.8046 161.1066 1003.0305 212.2774 1.7031 0.5645 0.8016 12.7502 1.3118 24.5051 -8.4763 0.0827
Pedestrian -1 -1 -7.2056 911.1802 167.5208 926.6172 193.4891 1.6825 0.5892 0.7605 20.1697 1.3366 47.1927 -6.8043 0.0765
Cyclist -1 -1 -2.7192 502.9012 171.6764 554.8292 218.9971 1.7123 0.7626 1.7539 -3.0490 1.6693 26.7384 -2.8323 0.0728
Pedestrian -1 -1 -4.5751 190.0659 166.6171 222.0160 244.1751 1.8687 0.5771 0.8522 -10.0539 1.7181 17.8863 -5.0811 0.0681
Pedestrian -1 -1 -7.5164 519.6945 172.5892 544.2520 220.7454 1.7751 0.7401 0.6520 -2.9613 1.7651 26.9985 -7.6252 0.0657
Cyclist -1 -1 -2.1192 0.0000 141.7938 21.6576 179.4430 1.7871 0.5805 1.7021 -29.3150 0.3125 34.7963 -2.8156 0.0644
Pedestrian -1 -1 -4.5368 153.1421 175.1432 188.3632 255.7938 1.7409 0.5463 0.7336 -9.8063 1.7929 16.0402 -5.0785 0.0580
Pedestrian -1 -1 -7.5990 79.2421 166.0538 131.4171 271.7361 1.8506 0.5788 0.8464 -9.2208 1.7312 13.1314 -8.2019 0.0543
Cyclist -1 -1 -7.8550 514.5885 174.2190 525.9246 215.7131 1.6308 0.4434 1.6148 -3.6831 1.6874 29.2407 -7.9797 0.0534
Pedestrian -1 -1 -4.9896 116.3315 151.2341 324.9364 374.0000 1.7145 0.7852 0.5800 -1.9765 1.6217 3.5669 -5.4665 0.0531
Cyclist -1 -1 -7.4105 512.5237 173.5587 541.3821 217.9165 1.7299 0.5012 1.6360 -3.3709 1.7588 29.0220 -7.5257 0.0509
Car -1 -1 -4.5080 514.8896 179.7865 598.4173 237.3588 1.4345 1.6241 3.7442 -1.4579 1.6492 20.4146 -4.5792 0.9471
Car -1 -1 -4.0992 0.0000 197.4842 382.7724 374.0000 1.4951 1.5663 3.8504 -2.4479 1.6695 3.1894 -4.7154 0.8499
Car -1 -1 -4.6780 684.3782 170.6690 708.2056 192.4099 1.5828 1.6548 4.3406 6.5587 1.4235 54.8022 -4.5598 0.3148
Car -1 -1 -6.3065 864.2244 168.4242 930.1000 191.4958 1.4964 1.6608 4.0295 19.1228 1.2088 48.2729 -5.9317 0.1901
Car -1 -1 -5.1467 99.7006 170.2294 148.4568 190.6033 1.5688 1.6778 4.0281 -38.6420 1.3664 57.3222 -5.7378 0.1319
Car -1 -1 -7.6737 534.4271 175.8242 591.9831 217.1318 1.5033 1.6033 3.8792 -1.8244 1.6289 28.5693 -7.7375 0.1163
Car -1 -1 -7.7247 551.2162 174.1543 591.6172 205.1165 1.5305 1.6289 3.8918 -2.0097 1.6020 37.8361 -7.7779 0.0974
Car -1 -1 -2.7707 143.3296 168.7302 293.0941 228.7855 1.7873 1.6999 3.7503 -12.1773 1.6643 22.5413 -3.2613 0.0919
Car -1 -1 -4.6634 939.9343 167.5296 963.0772 184.6103 1.4901 1.6803 4.6583 30.9579 1.0253 65.3989 -4.2232 0.0855
Car -1 -1 -4.9620 922.6660 169.7103 964.1666 194.1391 1.5323 1.5665 3.7787 21.7463 1.3348 47.2571 -4.5333 0.0737
Car -1 -1 -7.4920 0.0000 141.0072 26.1385 174.8123 1.5294 1.6177 3.6200 -29.8025 0.0883 34.6200 -8.1991 0.0710
Car -1 -1 -3.8897 8.7989 137.5971 114.3199 171.6931 1.5865 1.6039 4.2106 -27.2163 -0.0617 35.9390 -4.5343 0.0709
Car -1 -1 -2.8990 457.0154 177.5331 533.7133 205.7809 1.4877 1.5679 3.8582 -6.2427 1.7481 39.2585 -3.0561 0.0557
Car -1 -1 -4.5079 642.0382 172.5280 672.5075 193.2152 1.5689 1.6487 3.8552 3.7283 1.5438 56.7966 -4.4430 0.0504
