Pedestrian -1 -1 -3.7221 1031.3087 175.1146 1061.7760 235.5862 1.7469 0.6286 0.5005 12.7669 1.8140 21.1936 -3.1866 0.1096
Pedestrian -1 -1 -4.6402 1060.5204 168.1960 1086.0089 228.4953 1.7951 0.6151 0.5796 14.0104 1.6561 21.8959 -4.0776 0.0865
Car -1 -1 -5.1137 521.9335 176.9722 556.8569 194.7995 1.6214 1.6614 4.6002 -6.8263 2.0296 69.1564 -5.2121 0.0649
Cyclist -1 -1 -7.9016 728.6758 172.3782 738.2775 207.0443 1.6618 0.3843 1.5649 6.0102 1.6387 35.3889 -7.7353 0.0634
Cyclist -1 -1 -5.5829 852.0771 166.9116 907.0014 223.0909 1.6681 0.5021 1.6454 8.2457 1.4914 22.2632 -5.2330 0.0633
Car -1 -1 -4.8156 1151.7357 176.0792 1197.8898 208.8044 1.8291 1.7148 4.2532 33.5774 2.0312 43.0327 -4.1568 0.0593
Car -1 -1 -4.6961 1198.4963 181.0047 1241.0000 213.4195 1.6305 1.7154 4.1268 33.3475 2.1001 39.4816 -3.9989 0.0591
Pedestrian -1 -1 -6.2631 1219.8741 168.2368 1233.1455 205.3154 1.8687 0.5878 0.5051 31.3624 1.6357 36.7511 -5.5609 0.0589
Car -1 -1 -8.4126 1050.9841 168.5361 1241.0000 343.4765 1.4966 1.7895 4.4072 7.1400 1.4593 8.4701 -7.7297 0.0540
Car -1 -1 -8.0569 726.0615 175.2778 772.6606 206.0529 1.4761 1.5824 3.8086 7.0124 1.6060 36.8279 -7.8707 0.0531
Car -1 -1 -4.1705 332.5103 181.3583 401.3983 211.6648 1.4573 1.6121 3.9788 -12.7553 1.9299 38.0016 -4.4926 0.0522
Car -1 -1 -4.6466 173.0491 176.7307 205.3476 200.8336 1.5365 1.6357 3.7023 -28.3700 1.8085 48.6672 -5.1722 0.0520
Car -1 -1 -4.4689 380.7606 180.9392 414.1101 200.0295 1.4393 1.6516 4.0455 -17.1239 2.1142 58.1969 -4.7542 0.0518
Pedestrian -1 -1 -4.6719 643.4236 172.3620 653.9997 202.2843 1.8149 0.6164 0.8043 2.3386 1.7848 44.1930 -4.6198 0.2682
Cyclist -1 -1 -7.7332 721.6359 172.0610 731.1537 199.1047 1.6589 0.3991 1.6203 7.2443 1.6099 45.0930 -7.5754 0.0885
Pedestrian -1 -1 -5.4326 334.8150 177.9889 348.1073 201.7300 1.7605 0.5724 0.7649 -20.1731 2.1485 54.1267 -5.7880 0.0800
Cyclist -1 -1 -7.8663 719.0159 172.4512 725.1984 199.4447 1.6535 0.3560 1.6786 6.9619 1.6286 45.0547 -7.7144 0.0746
Pedestrian -1 -1 -9.2496 1212.6655 177.6302 1230.8383 210.4036 1.6660 0.6794 0.6095 31.5523 1.9153 37.2614 -8.5513 0.0538
Car -1 -1 -4.3004 272.6164 183.8071 352.8944 218.8487 1.4464 1.7282 4.6396 -13.7504 1.9915 33.5869 -4.6866 0.9437
Car -1 -1 -4.2634 222.5701 183.0927 290.3416 212.3078 1.5402 1.7760 4.4157 -20.4140 2.1644 41.7995 -4.7154 0.1385
Car -1 -1 -4.1066 30.7725 192.7541 143.7264 234.1817 1.4006 1.6309 3.9117 -20.3593 2.2338 28.2519 -4.7268 0.1370
Car -1 -1 -5.0661 464.6458 176.8826 504.5857 199.2915 1.6274 1.6524 4.2448 -9.7048 1.9493 55.4583 -5.2389 0.0983
Car -1 -1 -4.6171 219.1261 173.4085 248.4023 194.9389 1.6510 1.6770 4.2214 -30.0771 1.6968 57.7180 -5.0958 0.0895
Car -1 -1 -4.2805 294.1519 180.0463 355.5114 208.7949 1.5660 1.6948 4.3636 -16.7998 2.0129 42.6448 -4.6540 0.0797
Car -1 -1 -6.7124 642.7999 177.3400 725.2487 207.0665 1.5486 1.7116 4.1571 4.0084 1.8032 39.5181 -6.6126 0.0775
Car -1 -1 -7.5647 324.1564 177.0740 361.1103 199.5877 1.6595 1.6244 3.9536 -20.7153 1.9984 55.9684 -7.9179 0.0603
Car -1 -1 -4.8116 1154.8811 179.2415 1203.6897 211.3960 1.6449 1.7074 4.0050 31.3809 2.0170 39.9136 -4.1493 0.0602
Car -1 -1 -4.7547 1201.9332 178.3385 1241.0000 212.0605 1.7026 1.6901 4.0629 33.3297 2.0168 39.2461 -4.0548 0.0571
Car -1 -1 -4.8144 730.2545 171.8338 765.4803 200.3862 1.6302 1.6602 3.9923 8.1789 1.5717 43.2549 -4.6292 0.0531
Car -1 -1 -7.8692 629.5070 174.6582 656.2469 201.2197 1.6128 1.6326 3.7438 2.0259 1.7322 45.9638 -7.8259 0.0514
Car -1 -1 -7.1617 0.0000 188.7193 95.1477 233.7667 1.6114 1.8723 4.9018 -24.1782 2.3254 30.0168 -7.8356 0.0513
