Car -1 -1 -7.9856 651.8347 171.8450 700.8616 208.3758 1.4640 1.5817 3.8139 2.7305 1.4232 30.8557 -7.8986 0.9466
Car -1 -1 -8.0338 681.5336 171.5027 770.4826 236.8711 1.5276 1.6082 3.6673 2.8476 1.4957 18.7199 -7.8859 0.9437
Pedestrian -1 -1 -3.9371 1112.6567 152.8541 1127.2068 200.6699 1.9945 0.4832 0.2193 21.4068 1.1600 30.3547 -3.3277 0.1432
Car -1 -1 -7.8438 729.9285 160.1662 751.3122 181.1073 1.7599 1.7730 4.3076 11.3827 0.6933 62.9194 -7.6658 0.1400
Car -1 -1 -3.4206 794.8560 154.0994 877.1463 181.2774 1.5534 1.6481 4.2924 13.1035 0.4812 42.1089 -3.1210 0.1093
Car -1 -1 -6.5702 919.1086 149.4460 1001.9403 177.5811 1.5526 1.6040 3.9292 19.7800 0.2606 40.9233 -6.1227 0.1088
Car -1 -1 -7.3419 664.2009 157.3156 701.7485 179.8814 2.0764 1.6575 4.3088 6.9546 0.6463 68.6333 -7.2415 0.0990
Pedestrian -1 -1 -5.2078 0.0000 167.3597 12.1325 212.3813 1.7349 0.4348 0.1629 -23.5739 1.5228 28.0357 -5.9024 0.0838
Pedestrian -1 -1 -8.2027 924.6967 166.2508 942.3785 200.9835 1.6944 0.6757 0.4581 15.8529 1.3720 35.4517 -7.7856 0.0837
Pedestrian -1 -1 -4.1426 722.5784 159.8250 735.1689 188.4509 1.8706 0.5764 0.6196 7.8050 1.0189 47.5733 -3.9812 0.0834
Pedestrian -1 -1 -6.7224 0.0000 130.4446 21.0085 208.9744 1.9154 0.6884 0.4796 -15.1850 0.8807 17.9616 -7.4170 0.0820
Pedestrian -1 -1 -5.9031 278.6105 155.8230 294.7654 203.3870 1.8474 0.5129 0.4171 -12.7182 1.1856 28.2898 -6.3223 0.0755
Cyclist -1 -1 -4.9422 715.8359 164.1850 732.7023 198.7098 1.6810 0.4762 1.5843 5.6425 1.2586 35.9398 -4.7881 0.0707
Car -1 -1 -4.3172 401.5672 151.3937 442.3073 173.6616 1.6174 1.5815 3.9329 -14.1733 0.0584 54.4665 -4.5707 0.0701
Car -1 -1 -5.5177 741.6940 165.5957 841.3005 205.0829 1.5611 1.5963 4.1489 7.5889 1.2739 30.7054 -5.2780 0.0658
Car -1 -1 -4.1720 432.0662 151.8152 473.6862 171.9222 1.6481 1.6527 3.9798 -13.3684 -0.0825 61.4912 -4.3852 0.0615
Pedestrian -1 -1 -6.2585 926.9274 154.5353 931.6521 186.2530 1.7387 0.4629 0.2289 17.5796 0.7342 39.8112 -5.8456 0.0527
Pedestrian -1 -1 -5.2766 140.5453 158.6774 158.3428 200.7521 1.6688 0.5245 0.2958 -18.5011 1.1062 28.9186 -5.8417 0.0527
Pedestrian -1 -1 -7.5752 737.8987 165.2852 755.1202 198.8055 1.7146 0.7198 0.6755 7.0326 1.3272 37.3705 -7.3910 0.0527
Pedestrian -1 -1 -8.1695 521.6365 167.1372 536.3777 197.9711 1.7449 0.6605 0.6757 -4.6720 1.4211 41.2763 -8.2818 0.1661
Pedestrian -1 -1 -8.7602 1011.9661 153.8467 1055.3381 214.0168 1.7715 0.6364 0.9355 12.7390 1.2116 21.7955 -8.2374 0.1656
Cyclist -1 -1 -4.4500 517.0505 170.0981 532.2194 200.1133 1.5889 0.4289 1.5468 -4.6438 1.4427 38.9924 -4.5681 0.1508
Cyclist -1 -1 -7.7370 998.7429 158.6168 1020.7817 209.5654 1.6847 0.4743 1.7133 13.6431 1.2136 24.6942 -7.2375 0.1414
Cyclist -1 -1 -6.1410 534.2507 166.0082 560.2332 192.2499 1.8141 0.5356 1.7428 -4.3935 1.3405 50.1954 -6.2281 0.1362
Pedestrian -1 -1 -7.5772 1148.2030 149.5388 1189.3026 226.5289 1.8158 0.7019 0.4076 13.4343 1.2656 17.4205 -6.9287 0.1037
Cyclist -1 -1 -4.3196 253.6041 143.0081 276.3690 175.3978 1.6935 0.5000 1.6563 -18.4662 0.1327 38.5659 -4.7635 0.0894
Cyclist -1 -1 -7.3885 261.6856 144.5892 286.0989 176.1517 1.6673 0.4921 1.6790 -18.1739 0.1739 38.9626 -7.8224 0.0853
Cyclist -1 -1 -7.6775 524.9406 166.4571 536.7751 196.2138 1.6919 0.4132 1.5753 -4.6179 1.3279 41.8252 -7.7871 0.0848
Pedestrian -1 -1 -7.7719 370.9899 159.3891 403.5422 242.2728 1.8159 0.6408 0.7412 -5.0554 1.5206 16.2389 -8.0697 0.0846
Cyclist -1 -1 -5.7302 1118.4971 148.4470 1217.4623 225.3734 1.7595 0.6304 1.8319 13.4089 1.2010 17.4715 -5.0840 0.0823
Cyclist -1 -1 -7.4482 247.6474 142.3217 271.5651 174.6923 1.6916 0.5241 1.6880 -18.7502 0.0958 38.5604 -7.8982 0.0814
Cyclist -1 -1 -6.9309 971.3243 155.6276 1046.5470 219.0249 1.7704 0.7542 1.7979 11.3599 1.2891 20.6581 -6.4345 0.0775
Pedestrian -1 -1 -4.5926 539.5119 166.7811 549.7029 192.6266 1.7832 0.6110 0.8406 -4.5792 1.3639 50.2109 -4.6834 0.0758
Pedestrian -1 -1 -4.1868 1088.4149 151.8446 1124.0480 218.8403 1.7852 0.5934 0.5713 13.4383 1.2251 19.6179 -3.5935 0.0755
Cyclist -1 -1 -5.9624 243.9761 144.4529 281.5968 177.6682 1.7427 0.6311 1.6856 -18.4465 0.2523 38.2753 -6.4089 0.0737
Cyclist -1 -1 -7.4314 0.0000 194.4019 123.7695 374.0000 1.5298 0.4820 1.6435 -4.3279 1.7165 5.4090 -8.0828 0.0699
Pedestrian -1 -1 -7.7447 979.7959 154.3524 1010.1237 219.1584 1.8318 0.7007 0.7759 11.1103 1.3085 20.9119 -7.2625 0.0623
Pedestrian -1 -1 -7.5150 410.1280 177.8879 443.8730 236.0408 1.4514 0.6548 0.6552 -4.7173 1.5821 18.4262 -7.7627 0.0622
Cyclist -1 -1 -6.5996 1118.4336 148.4233 1214.8644 225.6051 1.8037 0.5959 1.7444 13.3544 1.2325 17.4258 -5.9542 0.0610
Cyclist -1 -1 -2.5729 498.8351 165.9006 532.4977 198.0805 1.7185 0.6698 1.7238 -5.1648 1.3468 39.2006 -2.7033 0.0596
Pedestrian -1 -1 -6.5955 1151.3485 143.5634 1186.7827 226.1214 1.9731 0.6563 0.5020 13.6045 1.2728 17.6369 -5.9468 0.0595
Cyclist -1 -1 -4.2224 269.3626 145.3668 293.1122 176.0666 1.6604 0.4585 1.6749 -18.1928 0.1735 39.8744 -4.6480 0.0581
Cyclist -1 -1 -6.9483 963.7457 151.8118 1038.1425 213.4010 1.7601 0.7596 1.8473 11.4031 1.1585 21.1569 -6.4601 0.0567
Cyclist -1 -1 -7.7936 637.8603 168.8816 646.8384 194.1508 1.6257 0.4955 1.5815 2.0890 1.3698 47.2319 -7.7501 0.0547
Pedestrian -1 -1 -3.3837 1196.6493 152.5901 1236.8617 226.7402 1.7122 0.5849 0.5998 14.2786 1.2440 17.0543 -2.6954 0.0535
Cyclist -1 -1 -7.6710 1008.4332 157.1142 1033.4954 208.3885 1.7184 0.4580 1.7313 14.1976 1.1906 24.9936 -7.1597 0.0525
Pedestrian -1 -1 -5.9311 270.1105 145.9888 285.0700 177.4387 1.7272 0.5910 0.5839 -18.4358 0.2515 39.9424 -6.3610 0.0515
Cyclist -1 -1 -8.0170 992.0180 156.8886 1028.5293 220.2306 1.7408 0.6265 1.7544 11.4442 1.3017 20.7612 -7.5196 0.0512
Car -1 -1 -8.2110 752.9433 158.6425 1076.2678 365.9995 1.6276 1.6265 4.1481 2.7592 1.5157 7.7598 -7.8824 0.9667
Car -1 -1 -2.7318 95.9410 172.1880 359.7675 270.7792 1.5446 1.6240 3.6020 -6.3610 1.5338 12.2250 -3.2031 0.9306
Car -1 -1 -2.4228 0.0000 189.6428 234.5443 344.7516 1.3919 1.5215 3.6738 -6.1829 1.5858 7.5036 -3.0948 0.9010
Car -1 -1 -2.5854 0.0000 179.2417 299.4313 294.8047 1.4622 1.4972 3.5583 -6.4496 1.5569 9.9728 -3.1476 0.8800
Car -1 -1 -8.1084 710.2617 177.6742 847.0314 270.1255 1.4422 1.5367 3.5443 2.8783 1.5424 13.2493 -7.9001 0.8740
Car -1 -1 -5.9178 169.2964 162.5997 421.4021 250.4148 1.6531 1.6854 4.3278 -6.2158 1.4598 14.4977 -6.3166 0.7887
Car -1 -1 -3.0136 428.7521 168.2180 520.7307 202.6584 1.5800 1.6936 4.0842 -6.3653 1.3670 34.0614 -3.1973 0.7263
Car -1 -1 -2.9181 323.3619 171.1774 468.2383 225.8596 1.5550 1.6086 3.8638 -6.3209 1.5070 21.4377 -3.2019 0.7021
Car -1 -1 -5.6192 292.8562 175.7852 450.9713 233.9702 1.4301 1.5204 3.8995 -6.3969 1.5136 19.2507 -5.9363 0.5899
Car -1 -1 -2.8839 388.6213 173.4357 500.4389 209.5242 1.4148 1.5510 4.1464 -6.6773 1.4387 29.1610 -3.1074 0.5818
Car -1 -1 -2.7382 230.7318 166.6750 408.7009 240.2366 1.6290 1.5767 3.5112 -6.7259 1.4919 16.8156 -3.1137 0.5753
Car -1 -1 -7.9499 639.5109 168.1014 673.1081 195.4563 1.5056 1.5664 3.7952 2.5921 1.2437 41.6370 -7.8885 0.5431
Car -1 -1 -5.5577 0.0000 192.0780 123.7374 374.0000 1.4236 1.5191 3.8924 -6.0486 1.5870 5.1723 -6.3954 0.5075
Car -1 -1 -2.9193 460.3232 164.5535 540.7885 193.8049 1.6684 1.7497 4.3734 -6.3952 1.1947 42.1847 -3.0691 0.3059
Car -1 -1 -2.8257 456.1949 171.6346 532.3044 198.5783 1.4351 1.5895 3.8107 -6.3514 1.3699 39.5149 -2.9843 0.2690
Car -1 -1 -8.1069 946.6431 165.4857 1032.6541 219.1743 1.5083 1.5021 3.3562 11.4576 1.3010 22.0722 -7.6339 0.2550
Car -1 -1 -5.1034 858.9598 175.6041 1021.0671 257.9512 1.3995 1.5350 3.7454 6.2627 1.4608 14.2722 -4.6981 0.2242
Car -1 -1 -7.6266 533.2135 169.9836 566.6805 192.5735 1.5695 1.6511 3.5325 -4.3204 1.3698 51.9986 -7.7094 0.2031
Car -1 -1 -4.0618 216.3974 143.4379 288.4180 172.8345 1.5050 1.6582 3.5496 -19.2099 -0.0014 38.8428 -4.5184 0.1966
Car -1 -1 -7.7114 531.4672 169.5368 559.6375 190.9254 1.6181 1.6434 4.0681 -5.0497 1.3668 56.6605 -7.8002 0.1160
Car -1 -1 -8.8892 908.0916 161.1495 1031.2183 205.3499 1.4827 1.5503 3.7230 12.9094 1.0898 26.1848 -8.4358 0.1142
Car -1 -1 -7.7835 636.5719 168.6422 665.0905 192.6413 1.5384 1.6342 4.0108 2.7405 1.2681 48.3460 -7.7276 0.1009
Car -1 -1 -3.4729 994.6496 168.3972 1208.9463 235.6266 1.5135 1.5859 3.9932 11.6928 1.4129 17.5052 -2.8922 0.0899
Car -1 -1 -4.0287 265.6470 141.9126 340.8275 170.8163 1.6596 1.7676 4.5298 -18.7236 -0.1319 44.1929 -4.4273 0.0745
Car -1 -1 -3.1096 446.0054 170.4337 527.1430 199.6971 1.4437 1.6229 3.9781 -6.2711 1.3240 36.6720 -3.2781 0.0725
