Car -1 -1 -7.8550 595.8371 182.0232 669.8357 253.6526 1.6130 1.7165 3.6704 0.5241 1.8724 18.5801 -7.8283 0.9532
Car -1 -1 -4.4145 314.3144 189.6785 418.8263 252.6417 1.5277 1.7212 3.9279 -6.8380 2.0527 20.5465 -4.7325 0.9408
Car -1 -1 -4.5066 488.3891 185.8899 531.3401 217.0260 1.5099 1.5514 3.6583 -5.3209 2.2381 38.4414 -4.6437 0.8849
Pedestrian -1 -1 -6.2335 326.3078 177.5956 337.8266 220.9696 1.9045 0.5989 0.4489 -12.4097 2.1175 32.1135 -6.5999 0.1640
Pedestrian -1 -1 -5.3126 992.5785 198.5022 1045.1165 301.1225 1.3241 0.3979 0.5017 5.4403 1.6787 9.7150 -4.8160 0.1612
Pedestrian -1 -1 -4.6054 1040.2231 136.6572 1112.0220 314.1225 1.9326 0.6238 0.9652 5.3983 1.5381 8.4299 -4.0523 0.1213
Cyclist -1 -1 -4.5831 0.0000 192.6931 32.8614 282.0092 1.6835 0.5139 1.6945 -12.3726 2.1146 14.8349 -5.2695 0.1137
Car -1 -1 -8.3074 653.3800 173.7476 690.2275 194.2322 1.8409 1.6423 4.4425 5.7084 1.9270 67.4173 -8.2237 0.1117
Car -1 -1 -4.7655 787.5040 171.9986 809.7104 191.5885 1.6674 1.6639 4.1613 16.5729 1.5943 63.6204 -4.5121 0.1014
Pedestrian -1 -1 -5.5075 216.6244 178.8265 235.9905 214.1817 1.9144 0.6018 0.7245 -21.0901 2.2451 39.5934 -5.9945 0.0970
Pedestrian -1 -1 -3.5840 0.0000 195.3539 40.7678 374.0000 1.5578 0.5388 0.4781 -4.9373 1.7437 5.6428 -4.2797 0.0885
Pedestrian -1 -1 -3.7983 752.7120 171.5622 765.0769 197.2272 1.9408 0.4744 0.7990 11.3107 1.8428 54.9515 -3.5968 0.0801
Car -1 -1 -4.0283 232.9026 191.1942 306.9366 220.0469 1.4500 1.6005 4.0799 -19.3633 2.5521 41.1981 -4.4655 0.0787
Car -1 -1 -4.5329 496.9865 182.2820 533.2767 207.6658 1.5346 1.6515 4.0989 -6.1965 2.1791 47.2587 -4.6630 0.0737
Car -1 -1 -4.6566 22.3555 184.4091 75.7616 223.7619 1.5861 1.6607 3.9634 -25.1702 2.1388 32.4220 -5.3129 0.0610
Car -1 -1 -3.7232 32.3268 184.8931 153.3043 223.6336 1.4909 1.6268 4.0296 -22.3390 2.0489 31.2904 -4.3393 0.0571
Car -1 -1 -4.7497 546.7314 181.9060 572.2464 205.5946 1.5722 1.6602 4.2901 -3.6936 2.2498 51.8099 -4.8210 0.0565
Car -1 -1 -4.8569 605.8106 183.3529 646.8115 213.8825 1.5500 1.6745 4.3417 0.8186 2.1711 40.4452 -4.8375 0.0510
Cyclist -1 -1 -6.4251 516.5375 182.1431 558.5734 224.4357 1.7490 0.7012 1.6921 -3.1220 2.1500 30.6225 -6.5266 0.2237
Cyclist -1 -1 -4.4829 522.0306 181.2838 545.2322 224.0033 1.7591 0.6584 1.5224 -3.2941 2.1282 30.8216 -4.5891 0.1735
Cyclist -1 -1 -4.4109 181.1081 184.8100 218.4002 242.2074 1.7561 0.5302 1.8214 -13.3371 2.1595 23.4160 -4.9241 0.0860
Pedestrian -1 -1 -7.5450 528.5687 184.5556 546.5467 224.5341 1.6602 0.5912 0.6419 -3.1084 2.1616 30.5586 -7.6462 0.0810
Pedestrian -1 -1 -4.6233 267.1332 187.5453 286.4121 234.0744 1.7120 0.5930 0.8001 -12.6588 2.2778 27.3255 -5.0539 0.0807
Pedestrian -1 -1 -3.1573 180.3552 183.8980 206.7444 242.5715 1.8335 0.6126 0.7257 -13.4196 2.1947 23.1654 -3.6777 0.0748
Cyclist -1 -1 -4.5396 174.5017 186.4446 202.0876 243.3077 1.7273 0.4704 1.7374 -13.6154 2.1817 23.2432 -5.0648 0.0703
Cyclist -1 -1 -7.9068 636.0646 181.1970 643.9648 205.6219 1.7242 0.4764 1.7860 2.1466 2.3407 52.4437 -7.8667 0.0691
Cyclist -1 -1 -3.8908 236.8822 188.7301 282.2901 234.9448 1.6272 0.5882 1.5221 -13.0333 2.2341 26.7815 -4.3402 0.0672
Cyclist -1 -1 -7.7460 638.9321 180.8984 648.8164 205.1917 1.7171 0.5342 1.7699 2.4414 2.3126 52.5226 -7.7003 0.0503
Car -1 -1 -4.3409 422.9426 186.1226 476.6494 215.0712 1.5401 1.6553 4.2879 -9.4406 2.3661 42.6903 -4.5578 0.9006
Car -1 -1 -4.2926 275.8260 193.9281 368.3629 238.9131 1.3708 1.6049 3.9265 -10.2401 2.1840 25.8565 -4.6667 0.8632
Car -1 -1 -4.0455 122.5050 190.8028 230.3807 238.5161 1.4333 1.4944 3.1884 -14.7284 2.0872 24.6174 -4.5802 0.8581
Car -1 -1 -4.9145 270.5664 188.5353 322.1136 222.4247 1.4555 1.5313 3.9307 -15.2687 2.2590 34.9337 -5.3241 0.7087
Car -1 -1 -3.8814 122.6341 186.4585 233.2005 221.1574 1.4733 1.7965 4.5826 -20.8607 2.1795 35.0141 -4.4156 0.6942
Car -1 -1 -4.4802 544.2147 183.1640 578.6448 205.1763 1.5466 1.7637 3.8595 -3.6665 2.3567 54.6635 -4.5473 0.6317
Car -1 -1 -7.3414 758.0057 178.1877 926.5411 262.8538 1.5428 1.6627 4.0471 4.9909 1.6710 15.3873 -7.0343 0.6300
Car -1 -1 -7.1222 670.1308 183.6799 754.0623 220.6281 1.5291 1.6716 3.8023 4.6358 2.0492 32.8185 -6.9838 0.6185
Car -1 -1 -7.2241 695.5963 182.1443 785.0991 228.1054 1.5130 1.5093 3.3595 4.7165 1.8714 26.1511 -7.0484 0.5454
Car -1 -1 -4.3812 347.4477 185.3108 414.6968 226.1689 1.6250 1.6211 3.9865 -10.0847 2.2109 31.9401 -4.6852 0.4978
Car -1 -1 -4.2476 496.1236 184.8573 542.5085 205.2859 1.4180 1.8246 4.1952 -6.8930 2.3713 55.0454 -4.3721 0.4232
Car -1 -1 -8.0330 624.5174 181.6364 655.0902 204.6983 1.6023 1.6099 3.8073 2.1490 2.2793 53.6482 -7.9937 0.2937
Car -1 -1 -7.9920 512.1964 187.4523 560.2494 224.8776 1.4766 1.5936 3.9506 -3.3947 2.1709 32.2223 -8.0968 0.1775
Car -1 -1 -4.6395 462.2949 189.6677 487.7204 209.9524 1.3702 1.6065 3.5017 -10.0251 2.6615 53.5993 -4.8240 0.1120
Car -1 -1 -4.8837 232.0608 188.6762 287.2270 222.8437 1.4180 1.6579 4.2116 -16.6807 2.2152 34.1713 -5.3350 0.1090
Car -1 -1 -4.9095 398.6430 185.9597 437.9028 212.2090 1.4785 1.6451 3.7612 -11.9591 2.3281 44.7398 -5.1696 0.0883
Car -1 -1 -4.6781 660.3240 186.6422 689.7613 214.5890 1.4459 1.5567 4.1565 3.7550 2.2821 41.6176 -4.5894 0.0833
Car -1 -1 -4.4176 346.1648 183.2652 400.8742 218.8836 1.6625 1.6188 3.7432 -11.9859 2.2185 36.6676 -4.7319 0.0779
Car -1 -1 -5.3512 642.8969 182.7102 695.2786 207.2707 1.5876 1.6717 3.8518 4.0513 2.3038 50.3814 -5.2720 0.0707
Car -1 -1 -4.5933 365.1537 183.1008 402.9572 212.7876 1.5540 1.5939 4.0560 -12.9404 2.1718 41.3854 -4.8949 0.0688
Car -1 -1 -4.7707 461.5587 185.7761 489.9543 210.4856 1.5096 1.6337 4.2398 -9.1286 2.4217 48.6935 -4.9555 0.0686
Car -1 -1 -4.6424 159.4015 187.0871 210.5391 223.9736 1.4334 1.6553 4.0322 -18.7510 2.1050 31.8903 -5.1705 0.0680
Car -1 -1 -4.8380 594.4049 181.4336 625.2139 204.4723 1.4998 1.6617 4.0218 -0.0849 2.1266 50.6361 -4.8402 0.0655
Car -1 -1 -4.5686 662.7673 186.5334 696.0593 210.9815 1.4058 1.5709 3.9047 4.4212 2.3152 45.9023 -4.4738 0.0595
