Cyclist -1 -1 -4.8069 699.4828 187.2882 730.7517 268.8175 1.5893 0.4887 1.5819 2.1368 1.9081 15.1494 -4.6707 0.0901
Pedestrian -1 -1 -4.8280 687.3519 170.0921 726.1920 271.1442 1.8097 0.6171 0.7877 1.7216 1.7600 13.3185 -4.7035 0.0830
Cyclist -1 -1 -7.5305 375.2241 174.5707 396.6142 210.8684 1.6751 0.4676 1.6505 -10.6523 1.7581 34.2065 -7.8306 0.0756
Pedestrian -1 -1 -8.3739 1187.4941 154.9966 1241.0000 304.8177 1.9789 0.5841 0.7571 8.4721 1.7427 9.9529 -7.6840 0.0619
Pedestrian -1 -1 -3.5025 808.0823 162.3994 871.7609 293.2090 1.9327 0.5634 0.7689 3.4281 1.7780 10.9676 -3.2085 0.0603
Car -1 -1 -8.1988 527.2871 162.5652 559.6955 185.5632 2.1402 1.7731 4.2392 -6.4554 1.1824 69.4426 -8.2914 0.0592
Car -1 -1 -6.5804 0.0000 0.0000 1241.0000 374.0000 1.5109 1.5831 3.7800 -5.2758 1.6890 1.9535 -7.7504 0.0528
Cyclist -1 -1 -7.9550 461.0303 174.4745 475.5685 213.2391 1.7217 0.4926 1.5849 -6.5190 1.7972 32.9455 -8.1493 0.1364
Pedestrian -1 -1 -6.4537 469.0760 174.3905 484.2024 199.8725 1.7134 0.4914 0.9394 -9.0817 1.8182 48.9575 -6.6365 0.1183
Pedestrian -1 -1 -5.7214 49.3271 154.1315 169.4088 319.7070 1.8334 0.6741 0.9227 -5.8152 1.6257 8.3411 -6.3157 0.1183
Cyclist -1 -1 -4.5538 466.0993 174.1891 483.1988 213.4171 1.7598 0.5429 1.5049 -6.2570 1.8223 33.1797 -4.7392 0.0904
Pedestrian -1 -1 -5.8518 0.0000 152.1816 122.9652 337.9723 1.7920 0.6397 0.8425 -5.6409 1.5923 7.3585 -6.4887 0.0824
Cyclist -1 -1 -8.0656 463.5789 171.2639 474.6769 197.1884 1.7602 0.4139 1.6508 -9.7660 1.6520 49.8314 -8.2584 0.0625
Cyclist -1 -1 -7.4899 538.6555 171.5182 553.8463 197.1025 1.7130 0.4857 1.6245 -4.3678 1.6232 49.1578 -7.5784 0.0564
Cyclist -1 -1 -7.3803 0.0000 163.5840 93.8650 372.1672 1.7139 0.4156 1.7552 -5.6207 1.6374 6.8301 -8.0500 0.0560
Pedestrian -1 -1 -8.0766 505.2215 173.0313 517.6133 200.4473 1.7984 0.6857 0.6500 -6.5600 1.8099 47.7601 -8.2128 0.0501
Car -1 -1 -4.6436 394.3125 173.4229 473.7738 246.1446 1.6144 1.6539 3.8825 -4.3523 1.6300 18.1005 -4.8769 0.9074
Car -1 -1 -4.6337 435.0387 180.4189 478.5450 215.3268 1.4213 1.5980 3.9305 -6.8430 1.7814 32.3189 -4.8412 0.1293
Car -1 -1 -2.4538 327.1335 176.5562 403.4623 203.1961 1.4728 1.6538 4.0625 -14.2094 1.6947 41.7987 -2.7798 0.0956
Car -1 -1 -7.4618 522.1011 172.7454 563.4240 197.2791 1.6405 1.6106 3.5983 -4.6674 1.6329 50.2034 -7.5544 0.0850
Car -1 -1 -3.1595 336.7495 175.6606 408.1417 200.4847 1.5189 1.6941 4.2480 -15.1548 1.7033 45.9849 -3.4764 0.0838
Car -1 -1 -5.1529 417.4965 175.8434 469.8172 200.3372 1.5737 1.7335 4.4688 -11.4207 1.7868 49.2080 -5.3801 0.0763
Car -1 -1 -8.0917 454.0349 173.8697 488.1822 197.6439 1.5922 1.5561 3.5114 -9.7646 1.6656 50.4071 -8.2824 0.0718
