Car -1 -1 -7.8581 553.3328 176.1559 610.7894 233.4326 1.6176 1.6453 4.4497 -0.9507 1.7324 22.8979 -7.8999 0.9290
Pedestrian -1 -1 -7.7305 51.7630 174.7594 72.9847 216.9633 1.8358 0.6935 0.4523 -24.1636 1.9204 31.7881 -8.3765 0.1403
Car -1 -1 -4.1291 168.5207 180.7135 237.4307 208.0463 1.4931 1.6360 3.9443 -23.9802 1.9790 42.6075 -4.6392 0.1089
Car -1 -1 -4.9870 790.5407 182.5446 825.4765 205.0005 1.5642 1.5614 3.6565 14.6578 2.3095 53.6802 -4.7224 0.1072
Pedestrian -1 -1 -3.3749 438.7819 167.8499 461.2829 206.7822 1.9013 0.5964 0.9760 -7.9601 1.6566 35.7185 -3.5930 0.0977
Pedestrian -1 -1 -3.0414 925.6104 182.5567 936.1219 212.7441 1.8166 0.5647 0.5345 19.5502 2.4136 44.0402 -2.6267 0.0932
Pedestrian -1 -1 -5.6960 969.0748 198.0990 1088.7284 374.0000 1.4322 0.4265 0.4619 2.4268 1.5929 4.2970 -5.2120 0.0898
Car -1 -1 -4.8536 894.0348 171.4010 926.4161 198.7153 2.0102 1.7258 4.0191 22.9173 1.9030 55.2624 -4.4628 0.0806
Car -1 -1 -7.8228 1148.8887 132.9573 1191.8693 167.4810 1.6994 1.6910 3.9951 29.6942 -0.3006 38.2453 -7.1661 0.0761
Car -1 -1 -4.4723 89.9582 175.8784 128.7266 196.5800 1.5252 1.5793 3.8950 -38.7413 1.7679 55.8742 -5.0764 0.0706
Car -1 -1 -4.4412 662.4912 178.3294 688.3988 195.7547 1.6039 1.5721 3.6587 6.3239 2.1473 69.6545 -4.3514 0.0681
Car -1 -1 -7.2544 0.0000 188.6474 202.4888 352.8236 1.4595 1.7912 4.5315 -7.3045 1.7107 9.1742 -7.9129 0.0677
Pedestrian -1 -1 -3.7529 1151.8650 173.0719 1187.1627 237.0450 1.6633 0.5256 0.5284 14.7035 1.6689 19.0351 -3.1032 0.0673
Car -1 -1 -4.5795 568.5411 177.0977 604.7217 204.6276 1.5881 1.6974 4.1209 -1.4243 1.8616 44.4156 -4.6119 0.0557
Pedestrian -1 -1 -6.3973 889.9451 173.4900 899.6501 199.9392 1.9627 0.7856 0.5877 21.2900 2.0104 54.0202 -6.0241 0.0549
Car -1 -1 -7.5662 79.4640 171.7134 127.5771 200.0401 1.9191 1.6724 4.1517 -35.8378 1.8415 51.1170 -8.1753 0.0537
Pedestrian -1 -1 -8.7973 1158.8632 161.5390 1194.8105 226.4853 1.8414 0.5794 0.5886 16.3032 1.5203 20.8220 -8.1402 0.0537
Cyclist -1 -1 -8.2928 827.6279 178.5587 851.4501 216.3720 1.6815 0.3763 1.6383 10.4993 1.9502 33.1762 -7.9895 0.8379
Pedestrian -1 -1 -7.8294 863.1979 181.5395 879.2310 215.3661 1.6851 0.7497 1.0398 13.3164 2.1362 36.8819 -7.4860 0.1808
Cyclist -1 -1 -4.5998 262.8569 176.3859 276.8777 212.3177 1.6627 0.4359 1.4975 -16.2125 1.8342 34.3208 -5.0384 0.1513
Cyclist -1 -1 -7.8013 944.8036 180.5893 959.5132 223.7227 1.7001 0.4685 1.6432 13.9860 2.0258 29.5733 -7.3640 0.1296
Pedestrian -1 -1 -6.2711 308.7565 173.8371 323.4534 207.0442 1.8061 0.5159 0.7414 -16.1807 1.8603 39.6413 -6.6566 0.0827
Pedestrian -1 -1 -7.2055 432.1386 182.7670 450.6519 217.7786 1.4128 0.5457 0.5068 -6.9716 1.8246 29.6529 -7.4349 0.0824
Cyclist -1 -1 -7.7350 255.9205 175.7237 269.9657 212.1888 1.6819 0.4202 1.5211 -16.4792 1.8207 34.1908 -8.1813 0.0744
Pedestrian -1 -1 -4.0142 271.2060 169.3499 293.9143 208.5461 1.9001 0.5804 0.8901 -16.1382 1.7299 35.4845 -4.4385 0.0701
Cyclist -1 -1 -8.1095 923.3278 174.1112 949.7242 217.2543 1.7614 0.5806 1.7497 13.7071 1.8157 30.4223 -7.6903 0.0672
Pedestrian -1 -1 -7.8960 477.8164 169.1709 493.3728 213.3355 1.8482 0.6197 0.7283 -5.3255 1.6938 30.6168 -8.0673 0.0649
Cyclist -1 -1 -4.9968 590.5057 175.5095 611.4878 211.8838 1.6822 0.5765 1.5729 -0.4792 1.8113 34.3273 -5.0112 0.0644
Cyclist -1 -1 -7.8397 234.5491 177.0884 247.3931 215.1016 1.6361 0.4812 1.8033 -16.4903 1.8300 32.1751 -8.3102 0.0627
Cyclist -1 -1 -7.6100 238.2527 175.7678 260.7922 214.8008 1.6987 0.4994 1.7355 -16.2340 1.8331 32.4376 -8.0710 0.0621
Cyclist -1 -1 -5.6470 413.9064 174.5359 456.2689 216.7772 1.7078 0.6564 1.6320 -7.2781 1.7785 29.8404 -5.8847 0.0601
Cyclist -1 -1 -7.5693 311.3789 176.4190 329.0546 206.8988 1.6571 0.4481 1.7277 -16.2183 1.8604 40.3156 -7.9498 0.0595
Cyclist -1 -1 -2.2696 250.6452 174.9193 283.5363 211.7253 1.7188 0.5464 1.5490 -16.3587 1.8184 34.3311 -2.7116 0.0554
Cyclist -1 -1 -7.6842 251.7889 176.3688 270.6775 213.8657 1.6806 0.4927 1.7743 -16.1896 1.8476 33.4321 -8.1323 0.0516
Cyclist -1 -1 -2.9208 234.2612 173.7125 277.4358 213.4785 1.7270 0.6521 1.6076 -15.6661 1.7653 31.8612 -3.3748 0.0500
Car -1 -1 -3.7004 891.2194 189.7507 957.1428 213.7060 1.5822 1.5138 4.0153 21.8030 2.7819 50.1911 -3.2934 0.7638
Car -1 -1 -4.1942 250.6356 176.8072 305.7632 203.0504 1.6522 1.5479 4.0195 -22.0876 1.9269 48.1211 -4.6227 0.6533
Car -1 -1 -4.6793 352.1335 179.1266 372.0406 196.3412 1.4832 1.5839 4.1276 -22.6607 2.0756 65.9775 -5.0092 0.4128
Car -1 -1 -4.4144 324.2158 179.0368 355.7979 197.6304 1.4860 1.5078 3.5591 -22.6970 2.0214 60.6955 -4.7711 0.4045
Car -1 -1 -4.7802 288.0080 175.3532 315.3753 198.1151 1.6253 1.6197 4.0507 -23.2034 1.8202 54.1714 -5.1833 0.3705
Car -1 -1 -4.3078 272.8086 173.6036 336.3979 208.1846 1.8032 1.6930 4.2401 -16.8088 1.8465 39.8434 -4.7049 0.2487
Car -1 -1 -7.5367 448.2881 173.1436 515.0115 215.6694 1.7504 1.6862 4.1582 -5.6289 1.7638 31.9073 -7.7104 0.2480
Car -1 -1 -7.6974 400.6799 179.4373 453.2747 217.4043 1.4915 1.6118 3.7903 -7.8313 1.7918 30.9847 -7.9434 0.2448
Car -1 -1 -7.8896 919.5551 181.3803 965.3210 219.4913 1.4865 1.6300 3.9394 14.2770 1.8804 31.2278 -7.4649 0.2245
Car -1 -1 -2.1565 194.0565 175.5921 278.4825 211.6344 1.6237 1.6777 3.9540 -17.9030 1.7606 34.4587 -2.6328 0.1260
Car -1 -1 -5.0179 1134.7871 136.2706 1192.2953 163.7968 1.5428 1.6801 3.8498 33.5716 -0.5779 43.9153 -4.3682 0.1131
Car -1 -1 -6.3283 244.8230 178.4527 349.1012 214.1833 1.5155 1.6574 4.2553 -14.2460 1.7827 32.8039 -6.7353 0.1072
Car -1 -1 -4.7766 298.7551 180.6798 355.5333 226.4488 1.4647 1.6416 4.2568 -10.3574 1.7727 26.1445 -5.1507 0.1058
Car -1 -1 -4.8765 764.4807 181.8670 799.7029 206.9261 1.5999 1.6777 4.2450 11.7935 2.2488 49.8026 -4.6458 0.1041
Car -1 -1 -6.8410 829.4186 178.1547 925.4633 212.5131 1.5186 1.6236 3.9133 12.3345 1.7730 33.4603 -6.4912 0.1022
Car -1 -1 -8.1794 555.4849 178.6471 612.8491 212.4076 1.5213 1.6439 3.8741 -1.3661 1.8216 35.3388 -8.2183 0.1018
Car -1 -1 -4.4985 430.7591 180.2066 467.0457 202.4894 1.4327 1.6297 3.9825 -11.0789 1.9592 49.7034 -4.7170 0.0797
Car -1 -1 -4.8153 806.0274 185.2845 836.0154 210.5351 1.5903 1.5849 3.6498 14.3416 2.4724 49.2848 -4.5343 0.0737
Car -1 -1 -4.5077 216.3472 181.6759 307.2215 237.0873 1.4361 1.6115 4.1702 -10.3442 1.7273 21.6218 -4.9495 0.0714
Car -1 -1 -4.7168 479.2947 179.1564 504.2764 202.5966 1.5052 1.6280 4.1608 -8.1825 1.9580 49.6949 -4.8795 0.0686
Car -1 -1 -4.9175 298.1728 177.6858 329.0606 195.8502 1.4916 1.6512 4.2460 -25.7882 1.9258 62.6551 -5.3068 0.0620
Car -1 -1 -6.5846 852.8900 188.6436 910.2773 210.8062 1.5610 1.6851 3.6125 19.9205 2.7434 53.1028 -6.2281 0.0593
Car -1 -1 -2.3641 144.5308 180.3573 253.4175 216.7839 1.4973 1.6774 4.1641 -18.0041 1.8393 31.5659 -2.8791 0.0563
Car -1 -1 -4.5438 113.4340 185.1047 229.5565 260.6113 1.4491 1.5898 4.1626 -10.0818 1.7719 16.7987 -5.0776 0.0513
