Car -1 -1 -7.8372 556.8572 172.6291 668.8145 276.9420 1.5550 1.6713 3.5679 0.0156 1.5514 12.5539 -7.8372 0.9558
Pedestrian -1 -1 -4.2696 492.0052 163.3628 523.3964 222.2437 1.8917 0.6889 0.9347 -3.4046 1.5865 23.7299 -4.4111 0.3439
Pedestrian -1 -1 -4.9968 970.8869 145.2427 1024.2476 239.9021 1.8810 0.7204 0.9563 7.9181 1.3320 14.8771 -4.5163 0.2291
Pedestrian -1 -1 -4.4584 946.5500 162.2456 962.3390 196.8441 1.8463 0.5992 0.7660 18.5759 1.2799 38.9906 -4.0170 0.2074
Car -1 -1 -7.7189 519.0406 175.4708 544.6882 194.2643 1.5156 1.6625 3.6687 -6.5512 1.7417 60.5612 -7.8265 0.1727
Pedestrian -1 -1 -4.3853 968.5579 157.0923 985.8618 192.4924 1.9191 0.6478 0.7313 20.1171 1.0643 39.6026 -3.9185 0.1722
Car -1 -1 -7.4608 256.7926 170.2875 290.7944 186.8466 1.5446 1.6445 3.7454 -32.2235 1.3049 69.2090 -7.8953 0.1152
Pedestrian -1 -1 -3.3280 986.8012 156.4250 1005.1295 188.6195 1.9066 0.6034 0.8676 23.0389 0.9333 43.1466 -2.8406 0.1049
Car -1 -1 -4.5615 406.4890 178.0697 430.3436 197.3600 1.7720 1.6103 4.2084 -18.4736 2.2908 69.6364 -4.8202 0.0988
Pedestrian -1 -1 -4.4555 924.6532 149.7694 964.1586 229.7099 1.8535 0.7145 0.6624 7.9262 1.3180 17.2118 -4.0309 0.0958
Pedestrian -1 -1 -3.2656 219.0569 186.6625 249.6796 242.5951 1.4012 0.4686 0.6499 -9.7540 1.7648 18.6382 -3.7423 0.0954
Pedestrian -1 -1 -6.6686 697.0357 172.9997 707.2404 193.8696 1.6816 0.7090 0.5979 7.4500 1.6932 58.5628 -6.5431 0.0953
Pedestrian -1 -1 -7.9742 1131.0491 165.5435 1162.2911 228.0773 1.5638 0.5730 0.5510 13.6441 1.3807 18.4236 -7.3448 0.0948
Pedestrian -1 -1 -3.1024 566.8819 172.7619 573.4500 194.2432 1.7809 0.5863 0.5245 -3.3429 1.7729 60.1155 -3.1581 0.0857
Car -1 -1 -4.4522 466.3162 178.6373 498.0996 197.9355 1.5270 1.6410 4.0215 -10.6817 2.0275 60.4085 -4.6269 0.0776
Car -1 -1 -5.0460 1115.4519 137.6997 1171.6295 165.3847 1.6743 1.7207 3.9595 34.5926 -0.5084 46.9398 -4.4137 0.0764
Pedestrian -1 -1 -5.6236 174.1087 177.1885 198.1359 218.9280 1.7984 0.5318 0.7312 -18.5235 1.9890 31.4642 -6.1523 0.0746
Car -1 -1 -7.4132 166.1617 175.5041 227.5181 206.8316 1.7846 1.7348 3.8137 -24.8048 1.9509 43.4027 -7.9300 0.0690
Car -1 -1 -3.7444 1061.6798 174.8919 1185.0817 211.8550 1.4595 1.5723 3.8955 20.7911 1.5444 29.3796 -3.1336 0.0678
Car -1 -1 -4.5474 545.6998 177.8196 576.4966 200.1455 1.5136 1.6416 3.5229 -3.4897 1.8807 51.5642 -4.6151 0.0676
Pedestrian -1 -1 -3.8376 183.5766 171.6479 226.8376 242.9714 1.6853 0.5185 0.7588 -9.8593 1.6565 17.4962 -4.3446 0.0658
Car -1 -1 -7.8628 348.6530 169.0740 373.5884 197.9900 2.1386 1.7534 4.3365 -19.2567 1.8588 55.7019 -8.1945 0.0639
Car -1 -1 -7.5980 173.2755 163.9962 212.3292 189.8879 2.0807 1.7823 4.3275 -34.8318 1.3686 60.3059 -8.1200 0.0628
Pedestrian -1 -1 -8.9956 962.8839 162.0074 975.9095 195.7740 1.8094 0.5997 0.4206 19.3958 1.2279 39.0162 -8.5376 0.0600
Pedestrian -1 -1 -3.4568 863.9492 147.5210 905.6613 225.3006 1.8327 0.6491 0.7697 6.5431 1.2355 17.3409 -3.1021 0.0593
Car -1 -1 -6.4573 556.9673 176.5764 607.1552 196.5854 1.5158 1.5946 3.6890 -2.2200 1.8118 56.2675 -6.4970 0.0580
Car -1 -1 -4.8727 694.1891 175.2665 716.8253 192.1777 1.5211 1.5056 3.7603 8.8640 1.7523 67.3450 -4.7427 0.0528
Pedestrian -1 -1 -4.7645 678.9511 184.8092 692.0139 222.0971 1.2430 0.4136 0.4866 2.5101 1.6522 24.4669 -4.6642 0.0526
Car -1 -1 -5.3841 634.8260 174.4367 683.3603 193.7425 1.5384 1.6790 4.3638 4.0222 1.6750 60.1394 -5.3180 0.0517
Pedestrian -1 -1 -5.0020 681.0283 183.8610 697.8638 224.0693 1.2502 0.4126 0.4652 2.4652 1.6025 22.8470 -4.8966 0.0505
Pedestrian -1 -1 -4.1562 735.3650 166.2315 768.6041 220.2647 1.7357 0.7099 0.8948 4.6273 1.5226 23.7471 -3.9667 0.7173
Pedestrian -1 -1 -4.3642 898.9269 165.9609 920.3476 207.0926 1.7385 0.6427 0.7257 12.8233 1.4468 30.9813 -3.9755 0.3686
Pedestrian -1 -1 -4.5701 1219.6711 155.5826 1241.0000 202.8224 1.8669 0.6640 0.6563 24.9356 1.1840 28.9807 -3.8648 0.2968
Pedestrian -1 -1 -8.1095 955.7414 161.3685 977.8857 204.9271 1.8401 0.6920 0.7010 15.2273 1.3546 30.8924 -7.6556 0.2881
Pedestrian -1 -1 -3.6703 980.2081 163.2888 995.4619 209.9139 1.7648 0.5040 0.3013 14.3897 1.4025 27.5710 -3.1940 0.2075
Cyclist -1 -1 -4.7322 802.4074 168.2822 816.4220 208.3501 1.6687 0.5383 1.6222 8.4889 1.4780 30.9018 -4.4670 0.1636
Pedestrian -1 -1 -5.9733 158.8956 176.7601 183.5678 227.8051 1.7274 0.5285 0.5906 -15.1179 1.8631 24.7925 -6.5163 0.1299
Cyclist -1 -1 -4.3525 112.1648 180.9672 149.5548 234.0439 1.5831 0.4662 1.5121 -15.0033 1.8453 22.5514 -4.9343 0.1282
Pedestrian -1 -1 -2.6990 800.3052 169.5713 815.9698 208.7118 1.6745 0.5495 0.4645 8.5331 1.5338 31.2286 -2.4352 0.1134
Cyclist -1 -1 -6.8785 770.3472 165.0218 812.6407 208.0092 1.8036 0.6658 1.6707 7.7220 1.4747 30.8741 -6.6362 0.1028
Cyclist -1 -1 -4.3530 101.3194 177.8404 142.0298 233.4346 1.6583 0.5071 1.6281 -15.2692 1.8195 22.5253 -4.9435 0.1016
Cyclist -1 -1 -3.8731 1127.4891 164.2663 1183.0145 209.2319 1.7775 0.6029 1.8501 21.7911 1.4377 28.9064 -3.2323 0.0867
Cyclist -1 -1 -5.4781 80.4034 174.1155 144.7047 230.1995 1.7103 0.6297 1.7330 -15.5614 1.7502 22.5099 -6.0776 0.0834
Cyclist -1 -1 -5.4789 969.5950 162.9773 1009.4459 208.4544 1.6835 0.4503 1.4607 14.3887 1.3176 27.4752 -5.0012 0.0793
Pedestrian -1 -1 -3.6298 802.8094 164.6567 818.9894 208.3043 1.8350 0.5444 0.4590 8.4882 1.4901 30.6503 -3.3626 0.0782
Cyclist -1 -1 -4.5600 792.2690 167.6220 811.9724 208.1935 1.7027 0.5873 1.6344 8.2592 1.4828 31.1481 -4.3036 0.0768
Cyclist -1 -1 -5.0131 864.6628 169.1729 883.8456 199.4276 1.6529 0.5593 1.5656 14.6799 1.4515 40.2145 -4.6659 0.0737
Cyclist -1 -1 -8.3469 650.5895 173.3601 687.2659 225.7239 1.6391 0.4575 1.6450 1.8502 1.6558 23.4463 -8.2699 0.0734
Cyclist -1 -1 -7.6995 761.4676 170.7664 772.5378 201.2703 1.6326 0.3654 1.5226 8.5387 1.5206 39.3939 -7.4880 0.0651
Cyclist -1 -1 -7.6813 961.2217 163.9962 983.5457 207.1391 1.7733 0.5667 1.7118 15.2903 1.4089 30.5150 -7.2210 0.0632
Pedestrian -1 -1 -7.3901 662.9177 175.2814 676.8159 204.0831 1.6663 0.5875 0.6397 3.4696 1.8095 42.2410 -7.3093 0.0611
Cyclist -1 -1 -8.3465 676.0959 174.8717 697.7852 204.7009 1.6725 0.5205 1.6412 4.3711 1.7905 41.4301 -8.2427 0.0588
Cyclist -1 -1 -7.5459 681.9692 174.1293 705.3142 218.3672 1.6021 0.3942 1.6416 3.0960 1.6510 27.0086 -7.4337 0.0572
Cyclist -1 -1 -3.7129 777.4960 163.5034 822.0323 207.8906 1.8486 0.6553 1.7548 8.0127 1.4589 30.6362 -3.4599 0.0569
Cyclist -1 -1 -2.7294 641.6312 169.6937 696.6526 224.0525 1.6969 0.5745 1.6700 1.8459 1.5980 23.1706 -2.6516 0.0546
Pedestrian -1 -1 -4.0785 906.7230 164.8711 931.1207 206.6804 1.7633 0.6497 0.7394 13.1845 1.4263 30.8992 -3.6790 0.0541
Cyclist -1 -1 -8.3676 903.2936 165.6761 937.0088 207.9311 1.7329 0.5479 1.6741 13.0282 1.4383 30.4537 -7.9672 0.0536
Cyclist -1 -1 -8.7480 880.5623 165.3012 921.1864 206.4894 1.7261 0.5913 1.6024 12.4709 1.4093 31.0807 -8.3701 0.0530
Cyclist -1 -1 -7.6121 773.2807 166.7942 796.9832 209.5197 1.8088 0.6276 1.6708 7.5964 1.5520 31.4335 -7.3776 0.0529
Pedestrian -1 -1 -4.9362 1034.5656 155.6809 1057.9034 204.9168 1.9241 0.6614 0.6467 17.2445 1.2527 28.6075 -4.3986 0.0522
Pedestrian -1 -1 -8.6348 825.3092 171.5844 838.0209 196.7153 1.7219 0.6653 0.5209 15.2737 1.6346 49.8227 -8.3393 0.0507
Cyclist -1 -1 -7.7701 949.9874 167.3659 968.1511 208.0652 1.6629 0.5481 1.8210 14.6743 1.4384 30.4056 -7.3246 0.0502
Car -1 -1 -7.4566 863.1443 152.1353 1197.5050 352.0352 1.5691 1.6268 3.9943 4.4599 1.4061 7.5265 -6.9394 0.8882
Car -1 -1 -4.1828 0.0000 172.0599 132.1366 287.5632 1.6260 1.6843 4.1882 -10.2088 1.6145 12.3543 -4.8629 0.8242
Car -1 -1 -7.3941 805.7131 170.1494 1026.1757 280.7404 1.4387 1.5677 4.0392 4.8497 1.4032 11.3034 -6.9989 0.6295
Car -1 -1 -7.8943 1165.1304 179.2835 1241.0000 374.0000 1.4040 1.5810 3.7090 4.3972 1.4591 4.2976 -7.1316 0.3986
Car -1 -1 -3.4145 334.4290 182.5283 424.6647 212.2584 1.5225 1.7040 4.4926 -12.8322 2.0867 40.1608 -3.7222 0.2307
Car -1 -1 -2.7105 101.5713 187.9893 194.3457 216.1580 1.4098 1.5846 3.8348 -24.4813 2.2342 38.2749 -3.2766 0.2286
Car -1 -1 -3.9589 685.4075 172.9800 780.9217 211.0033 1.4987 1.6165 4.0684 5.1722 1.5040 30.3275 -3.7922 0.2186
Car -1 -1 -7.6712 733.2794 173.6684 776.6430 202.3216 1.5179 1.6701 4.1670 8.1672 1.5659 40.5945 -7.4745 0.1574
Car -1 -1 -4.0730 4.9910 179.6585 148.4429 236.4065 1.4961 1.5935 3.5138 -15.5541 1.7125 21.2132 -4.6998 0.1532
Car -1 -1 -3.7826 1100.0979 162.2366 1241.0000 203.8521 1.6583 1.7291 4.4356 22.9029 1.2349 29.6419 -3.1297 0.1487
Car -1 -1 -8.5526 1136.4170 165.8472 1241.0000 291.2932 1.3667 1.5191 3.5473 9.0016 1.2901 9.6611 -7.8179 0.1324
Car -1 -1 -4.8558 805.1623 170.8882 842.5899 198.8502 1.6710 1.6560 4.1680 13.3361 1.5532 45.2981 -4.5716 0.1302
Car -1 -1 -3.3086 421.3345 179.7017 495.5840 207.0311 1.5025 1.6269 4.0053 -8.8388 1.9141 41.9044 -3.5156 0.0992
Car -1 -1 -7.7382 682.1663 175.9671 718.5016 203.4854 1.5147 1.6598 4.1347 5.3203 1.7070 42.4210 -7.6148 0.0965
Car -1 -1 -8.1206 789.0237 173.2530 826.5458 196.2867 1.5238 1.5829 3.5989 13.5167 1.5519 49.5971 -7.8564 0.0935
Car -1 -1 -5.0648 867.4323 172.3499 920.4644 199.2704 1.3946 1.5074 3.6198 15.3224 1.3682 39.2029 -4.6951 0.0833
Car -1 -1 -6.4170 728.1765 175.2276 791.8665 197.8361 1.5440 1.7221 4.1660 10.4215 1.7130 50.4858 -6.2150 0.0779
Car -1 -1 -4.9985 773.3415 170.5389 810.8799 194.3003 1.7196 1.6546 4.0300 13.6156 1.5518 54.2652 -4.7543 0.0636
Car -1 -1 -4.2780 473.2810 177.0975 527.1879 204.2165 1.6041 1.7085 4.3388 -6.9217 1.8863 45.7269 -4.4278 0.0629
Car -1 -1 -5.4512 434.9189 176.8265 493.1167 200.5966 1.6120 1.6945 4.1827 -10.4710 1.9058 51.4927 -5.6512 0.0596
Car -1 -1 -7.4543 622.0684 175.9348 705.7385 220.8100 1.5206 1.6047 4.2310 2.0598 1.6452 27.0068 -7.3797 0.0571
