Pedestrian -1 -1 -5.0871 0.0000 161.3879 71.9541 363.6082 1.7248 0.4749 0.8322 -5.3918 1.5622 6.4448 -5.7580 0.7278
Pedestrian -1 -1 -5.0527 981.1519 199.0443 1081.4285 369.0000 1.3647 0.4521 0.6242 3.1452 1.5145 5.3531 -4.5450 0.0883
Cyclist -1 -1 -8.0130 700.4981 165.3785 721.4906 210.7075 1.6804 0.5457 1.5775 4.0067 1.1201 27.0026 -7.8657 0.0772
Pedestrian -1 -1 -4.6350 62.6822 179.3276 91.7850 237.3963 1.6402 0.6099 0.8035 -15.3099 1.6074 20.4734 -5.2680 0.0744
Pedestrian -1 -1 -4.4462 275.8703 196.7667 310.4952 275.2643 1.2132 0.3904 0.4840 -5.0293 1.4799 11.3055 -4.8526 0.0577
Car -1 -1 -5.3990 0.0000 191.3424 131.2243 235.8887 1.4955 1.6993 4.2076 -19.7177 1.9100 25.6989 -6.0460 0.0561
Car -1 -1 -3.8255 1175.5414 155.1098 1223.0000 369.0000 1.5405 1.5785 3.9691 7.5999 1.3627 6.1080 -2.9554 0.0531
Pedestrian -1 -1 -7.6690 897.1165 147.5772 967.6251 304.8471 1.8130 0.6189 1.0968 4.0249 1.4339 8.7782 -7.2509 0.7610
Pedestrian -1 -1 -1.7554 24.9913 170.6104 74.1747 258.5079 1.7239 0.6477 0.8627 -11.3566 1.5303 14.3963 -2.4109 0.6058
Pedestrian -1 -1 -7.9302 529.1270 160.3496 563.3890 260.0953 1.7763 0.5638 0.8910 -1.1436 1.4178 13.0757 -8.0136 0.2395
Pedestrian -1 -1 -4.5021 662.7106 140.4228 677.1937 172.6476 1.7828 0.6587 0.8066 3.6493 -0.4477 39.8348 -4.4093 0.2092
Pedestrian -1 -1 -8.0794 838.4903 168.9955 870.5782 233.3151 1.5852 0.6105 0.7291 6.2387 1.3020 17.8204 -7.7465 0.1470
Pedestrian -1 -1 -4.8085 1181.5648 171.7901 1223.0000 268.9615 1.5898 0.5372 0.7094 10.1335 1.4477 12.0121 -4.1191 0.1462
Pedestrian -1 -1 -3.7575 839.1705 157.8220 889.5179 260.2628 1.7681 0.6201 0.5889 4.5589 1.3771 12.5821 -3.4162 0.1254
Cyclist -1 -1 -4.9109 852.6867 178.6794 909.7345 279.6662 1.4853 0.5037 1.6673 4.3148 1.4589 11.2624 -4.5527 0.1200
Pedestrian -1 -1 -3.8056 857.2499 165.4017 910.6865 266.9428 1.6649 0.5817 0.6109 4.6629 1.4177 11.9608 -3.4411 0.1069
Pedestrian -1 -1 -4.7815 775.1398 161.4395 816.6822 262.4078 1.7152 0.6430 0.8439 3.3087 1.3918 12.4850 -4.5269 0.1045
Pedestrian -1 -1 -7.7388 665.7284 167.5482 703.4604 260.6793 1.6697 0.6108 0.8167 1.4407 1.4379 13.1425 -7.6305 0.1041
Pedestrian -1 -1 -4.5729 63.0240 166.2641 110.4281 267.4336 1.7731 0.5742 0.8728 -9.4950 1.5240 12.9118 -5.1935 0.1017
Pedestrian -1 -1 -4.0388 745.6236 169.2452 795.2560 254.9569 1.6647 0.5423 0.8824 3.2832 1.4465 14.2196 -3.8151 0.0993
Pedestrian -1 -1 -8.2859 546.1196 160.7533 581.5975 235.2644 1.8093 0.6253 0.7545 -1.0734 1.3301 17.6485 -8.3437 0.0938
Pedestrian -1 -1 -6.3157 823.3289 179.1815 861.5606 257.1183 1.4996 0.5192 0.6934 4.6288 1.4745 13.9501 -6.0004 0.0925
Cyclist -1 -1 -7.9790 853.1035 162.3804 897.7366 268.0485 1.6930 0.4889 1.7081 4.5951 1.4031 12.2154 -7.6260 0.0852
Pedestrian -1 -1 -4.8129 860.3906 190.0935 894.2011 272.7274 1.2737 0.4471 0.5187 4.2855 1.4313 11.2770 -4.4572 0.0812
Cyclist -1 -1 -6.8368 817.4673 166.5917 886.4842 234.6807 1.6884 0.5996 1.5815 6.2407 1.3439 18.0008 -6.5068 0.0808
Cyclist -1 -1 -4.7223 670.0291 140.8147 678.8765 172.0686 1.7064 0.4800 1.6049 3.8980 -0.4851 39.8668 -4.6234 0.0741
Pedestrian -1 -1 -5.0453 1084.7446 151.3039 1142.0123 267.0976 1.8209 0.5516 0.7002 8.2242 1.3622 11.5305 -4.4371 0.0738
Pedestrian -1 -1 -7.8564 612.7383 162.6239 638.3605 235.6540 1.7871 0.6270 0.8024 0.4709 1.3499 17.7106 -7.8285 0.0731
Cyclist -1 -1 -7.9630 508.3598 160.3812 552.6654 262.1273 1.7494 0.6211 1.7909 -1.4529 1.4039 13.0983 -8.0691 0.0725
Pedestrian -1 -1 -4.6343 689.1992 165.1731 720.6876 251.8167 1.7255 0.5859 0.7640 2.0130 1.4206 14.5163 -4.4978 0.0719
Pedestrian -1 -1 -7.8956 265.3110 164.2169 301.4309 257.0728 1.7385 0.6108 0.8124 -6.3017 1.4340 13.7374 -8.3151 0.0712
Pedestrian -1 -1 -3.8040 392.1461 165.7440 444.2615 249.2530 1.7268 0.6033 0.8998 -4.0440 1.4220 15.1610 -4.0577 0.0711
Cyclist -1 -1 -3.2841 788.8178 170.7063 883.1978 253.6778 1.6124 0.4706 1.7387 4.5400 1.4224 14.1140 -2.9777 0.0704
Pedestrian -1 -1 -6.5279 1117.2275 148.9294 1182.4757 265.1076 1.8343 0.5903 0.7175 8.8502 1.3362 11.5740 -5.8866 0.0702
Cyclist -1 -1 -7.1903 28.7532 171.1232 127.2020 264.9769 1.6237 0.4771 1.7449 -9.7615 1.4618 13.1126 -7.8169 0.0687
Cyclist -1 -1 -6.3282 655.5995 139.2827 687.2469 171.6968 1.7902 0.6512 1.7376 3.7004 -0.4977 39.6185 -6.2336 0.0685
Cyclist -1 -1 -4.6613 831.6144 151.6765 870.7187 264.5194 1.8619 0.5852 1.7083 4.3462 1.3867 12.5679 -4.3343 0.0677
Pedestrian -1 -1 -4.6357 90.6021 169.3488 130.3987 262.6804 1.6817 0.5488 0.7100 -9.2564 1.4812 13.1849 -5.2347 0.0651
Cyclist -1 -1 -4.9827 656.3377 140.1360 673.0430 171.6026 1.7154 0.5074 1.6857 3.3477 -0.5132 39.9159 -4.8975 0.0604
Pedestrian -1 -1 -3.3826 571.0829 163.0972 620.0023 249.1848 1.7451 0.5344 0.9156 -0.2473 1.3927 14.7072 -3.3973 0.0597
Pedestrian -1 -1 -8.2547 585.3696 163.4878 620.4087 236.1377 1.7635 0.6218 0.7707 -0.1002 1.3509 17.6399 -8.2585 0.0591
Cyclist -1 -1 -6.6155 859.3292 149.5131 1015.4224 299.9245 1.8013 0.4718 1.6940 4.0382 1.4306 8.7762 -6.1961 0.0579
Cyclist -1 -1 -7.9555 835.9899 165.9888 861.5770 233.7290 1.6844 0.4702 1.4728 6.2725 1.3239 18.3511 -7.6297 0.0571
Pedestrian -1 -1 -8.1897 457.8195 172.0691 497.5990 252.3004 1.6523 0.5967 0.8244 -2.7637 1.4791 15.0669 -8.3656 0.0569
Pedestrian -1 -1 -4.0841 347.5064 159.2387 397.0245 246.8664 1.8178 0.6076 0.8795 -5.0305 1.3771 15.1803 -4.3960 0.0568
Pedestrian -1 -1 -6.9488 852.5583 169.9404 899.2036 264.0186 1.5841 0.5458 0.5287 4.6369 1.4067 12.2459 -6.5936 0.0563
Pedestrian -1 -1 -5.0255 930.8369 158.9270 979.6941 266.1105 1.7077 0.5533 0.6033 5.6857 1.3644 11.6008 -4.5788 0.0548
Pedestrian -1 -1 -4.9454 796.8317 158.7165 844.3748 262.8200 1.7409 0.6088 0.8131 3.6711 1.3770 12.2456 -4.6594 0.0538
Cyclist -1 -1 -8.0588 955.0192 173.0694 1027.8285 281.0820 1.5338 0.6013 1.8433 5.9165 1.4287 11.0091 -7.5759 0.0528
Cyclist -1 -1 -3.1286 653.9868 141.8205 684.6342 172.9532 1.7405 0.6377 1.7187 3.6399 -0.4326 40.1328 -3.0367 0.0521
Cyclist -1 -1 -3.6739 785.8054 158.6861 898.6338 262.4380 1.7620 0.6840 1.8018 4.1467 1.3919 12.5367 -3.3602 0.0520
Car -1 -1 -7.8420 667.1298 140.2869 697.3439 169.5185 1.5587 1.6693 3.8008 4.5091 -0.6704 41.1842 -7.7316 0.1074
Car -1 -1 -5.0078 622.7178 141.7875 670.8773 170.8916 1.5257 1.6498 4.0600 2.3314 -0.5820 40.6640 -4.9488 0.0622
