Pedestrian -1 -1 -6.3381 626.0007 153.6285 721.7839 310.3344 1.7985 0.5128 1.0988 0.7453 1.4905 8.3886 -6.2510 0.8671
Pedestrian -1 -1 -5.1739 980.2343 199.8446 1083.4429 369.0000 1.3470 0.4246 0.6182 3.1481 1.5025 5.3490 -4.6655 0.0900
Pedestrian -1 -1 -7.7994 262.8396 163.3729 301.0147 257.7047 1.7629 0.6220 0.8673 -6.3066 1.4432 13.7300 -8.2194 0.0833
Pedestrian -1 -1 -9.2604 1150.1976 165.7449 1189.2306 241.0441 1.9009 0.7209 0.6877 14.6119 1.5287 18.3464 -8.5948 0.0813
Pedestrian -1 -1 -4.5212 64.6830 168.9565 110.2108 265.4428 1.7026 0.5359 0.7309 -9.4913 1.4993 12.9204 -5.1413 0.0725
Pedestrian -1 -1 -4.4087 22.1266 168.3606 71.0155 257.4386 1.7549 0.5778 0.7485 -11.3881 1.5161 14.3804 -5.0659 0.0718
Car -1 -1 -4.0278 0.0000 178.8484 15.3013 227.2737 1.4596 1.6007 4.1713 -22.0314 1.4101 23.4424 -4.7737 0.0555
Car -1 -1 -4.8538 593.1821 164.5284 639.9348 198.6588 1.4286 1.5420 3.9598 0.4322 0.7603 31.6558 -4.8383 0.0515
Pedestrian -1 -1 -3.1452 627.7217 171.2919 672.7494 258.7017 1.5665 0.4604 0.8067 0.7763 1.4019 12.9242 -3.0849 0.2162
Pedestrian -1 -1 -8.1232 837.6061 170.3555 870.6201 233.9877 1.5684 0.6079 0.7291 6.2245 1.3187 17.8101 -7.7909 0.1888
Pedestrian -1 -1 -4.1930 662.2661 167.7883 713.5553 260.4231 1.6682 0.6848 0.7252 1.5068 1.4396 13.2274 -4.0805 0.1840
Cyclist -1 -1 -7.7664 502.5367 164.3935 548.3251 264.7247 1.7199 0.6795 1.8159 -1.4851 1.4441 13.0351 -7.8753 0.1697
Cyclist -1 -1 -5.9554 667.5300 166.7947 756.8774 252.9692 1.6858 0.5260 1.7285 2.1363 1.4180 14.4594 -5.8101 0.1272
Pedestrian -1 -1 -3.0600 1038.4923 147.8967 1090.0098 266.6237 1.8790 0.5568 0.6735 7.4952 1.3634 11.6146 -2.4977 0.1240
Pedestrian -1 -1 -5.4786 836.2184 161.0121 890.0548 261.2421 1.7484 0.5949 0.6975 4.6082 1.4088 12.7742 -5.1386 0.0991
Pedestrian -1 -1 -5.8152 584.6830 164.2016 622.7040 236.4123 1.7557 0.6557 0.7324 -0.0709 1.3597 17.6481 -5.8174 0.0988
Pedestrian -1 -1 -7.8884 610.8245 163.7247 638.1594 236.1329 1.7746 0.6566 0.7640 0.4393 1.3638 17.7132 -7.8623 0.0973
Cyclist -1 -1 -7.7930 858.3351 160.2346 892.8332 267.2302 1.7158 0.4704 1.7045 4.6417 1.3912 12.2130 -7.4366 0.0966
Pedestrian -1 -1 -5.2708 1175.3241 175.0630 1223.0000 269.2057 1.5503 0.5254 0.6539 10.1392 1.4611 12.0019 -4.5808 0.0873
Pedestrian -1 -1 -8.3769 1008.6669 166.7202 1064.4073 269.8608 1.6926 0.5700 0.6081 7.2078 1.4668 11.9102 -7.8428 0.0832
Pedestrian -1 -1 -3.8656 748.0646 176.0477 796.2490 257.1908 1.5813 0.5051 0.8113 3.3086 1.4949 14.1947 -3.6399 0.0815
Pedestrian -1 -1 -4.5021 676.2221 156.3396 707.2724 234.7424 1.9053 0.5960 0.9193 2.1390 1.3185 17.7134 -4.3823 0.0773
Cyclist -1 -1 -6.7405 817.1688 166.6409 884.8614 234.9881 1.7004 0.5701 1.5313 6.2029 1.3559 17.9714 -6.4120 0.0767
Pedestrian -1 -1 -8.3534 943.6905 161.8836 997.8629 267.5024 1.6878 0.5543 0.6259 5.9508 1.3907 11.6212 -7.8895 0.0728
Cyclist -1 -1 -4.1648 947.0903 158.9331 1056.6431 272.8557 1.7494 0.6355 2.0108 6.4991 1.4186 11.6357 -3.6654 0.0711
Cyclist -1 -1 -6.2494 653.5629 138.2211 683.9439 171.1996 1.8295 0.6749 1.6860 3.5908 -0.5307 39.9112 -6.1582 0.0702
Pedestrian -1 -1 -8.3323 544.5585 160.4443 580.8600 235.5442 1.8238 0.6275 0.7549 -1.1020 1.3371 17.6553 -8.3918 0.0686
Pedestrian -1 -1 -2.3487 552.6972 165.1659 594.2064 236.5823 1.7542 0.5484 0.9378 -0.8431 1.3779 17.8872 -2.3932 0.0671
Pedestrian -1 -1 -4.5024 880.3192 192.2576 917.7237 283.9910 1.2755 0.4117 0.4924 4.2060 1.4514 10.2323 -4.1215 0.0671
Pedestrian -1 -1 -3.2056 822.4148 184.1653 862.7787 257.7649 1.4137 0.4548 0.7215 4.6228 1.4878 13.9219 -2.8902 0.0668
Pedestrian -1 -1 -5.2804 548.0125 170.9621 587.8983 252.0647 1.6394 0.5211 0.7260 -0.8219 1.4470 14.7393 -5.3332 0.0663
Pedestrian -1 -1 -7.3966 972.8348 159.5185 1028.5215 270.1110 1.7776 0.5880 0.6501 6.5480 1.4408 11.7927 -6.8995 0.0636
Pedestrian -1 -1 -4.3160 674.0073 173.2269 712.8641 254.0457 1.6240 0.5719 0.7089 1.7922 1.4782 14.6571 -4.1952 0.0627
Pedestrian -1 -1 -7.6204 520.8892 162.2147 562.1074 259.9091 1.7203 0.5735 0.8263 -1.1959 1.3987 12.9008 -7.7088 0.0615
Pedestrian -1 -1 -6.5658 859.4944 168.6434 911.8549 269.1902 1.6144 0.5689 0.6655 4.5689 1.4244 11.6634 -6.1999 0.0611
Pedestrian -1 -1 -8.4511 561.0023 166.3159 603.6727 251.6192 1.7143 0.5011 0.8379 -0.5224 1.4296 14.6950 -8.4841 0.0607
Cyclist -1 -1 -7.8444 872.0215 166.5595 901.4580 271.9267 1.6167 0.4224 1.6968 4.6143 1.4032 11.7151 -7.4767 0.0606
Pedestrian -1 -1 -3.4466 1115.2764 150.6485 1182.7928 266.6541 1.8345 0.5749 0.7312 8.8364 1.3628 11.5731 -2.8060 0.0589
Pedestrian -1 -1 -8.0620 957.8267 153.4973 1006.8259 265.6169 1.8068 0.5838 0.6878 6.2353 1.3720 11.8030 -7.5853 0.0582
Pedestrian -1 -1 -2.7190 823.4724 158.3977 878.7879 262.9941 1.7895 0.6321 0.7377 4.3297 1.4117 12.5790 -2.3935 0.0578
Pedestrian -1 -1 -8.1861 777.2822 166.4576 808.4349 233.9331 1.6587 0.5776 0.6305 4.6592 1.3138 17.7172 -7.9316 0.0567
Cyclist -1 -1 -7.9445 951.2433 161.5052 1002.0428 272.1147 1.6536 0.5409 1.8219 5.9697 1.3700 11.5168 -7.4758 0.0532
Pedestrian -1 -1 -5.2209 806.3429 157.2363 862.3250 263.0577 1.7974 0.6317 0.7845 3.9795 1.4026 12.4576 -4.9173 0.0525
Pedestrian -1 -1 -4.5266 964.6761 162.2641 1000.9944 247.8212 1.6682 0.5654 0.4827 7.5157 1.3130 14.1502 -4.0459 0.0501
Pedestrian -1 -1 -8.0972 457.6722 170.8531 494.8808 251.7541 1.6694 0.6149 0.7637 -2.7936 1.4707 15.0644 -8.2751 0.0500
Car -1 -1 -5.3029 0.0000 185.9800 124.7473 230.4418 1.5008 1.6301 4.0853 -19.7260 1.7111 25.6575 -5.9507 0.1236
Car -1 -1 -6.2281 652.4580 141.6275 719.7342 169.0596 1.4821 1.5957 3.7192 4.6234 -0.6686 40.2231 -6.1124 0.1111
