Pedestrian -1 -1 -5.0752 285.9559 179.7331 315.8611 242.1203 1.5970 0.5093 0.7003 -8.1887 1.7819 18.9939 -5.4776 0.1102
Pedestrian -1 -1 -3.4178 1005.3101 170.2235 1078.2041 287.4603 1.7738 0.4913 0.8711 6.6660 1.7337 11.2615 -2.8957 0.1087
Pedestrian -1 -1 -8.1157 1205.5027 140.3350 1241.0000 215.3782 1.8968 0.6848 0.6391 15.8941 1.0746 18.6722 -7.4184 0.1013
Pedestrian -1 -1 -4.4568 376.4765 173.7026 403.8302 235.1241 1.7781 0.5988 0.7617 -6.5290 1.8033 21.2914 -4.7514 0.0686
Pedestrian -1 -1 -3.9425 318.2492 189.1206 345.2520 239.3802 1.3867 0.5036 0.5068 -7.9354 1.8551 20.4553 -4.3087 0.0672
Pedestrian -1 -1 -2.8403 266.3506 165.8402 309.7114 242.5592 1.8846 0.6305 0.8427 -8.1108 1.7120 18.0863 -3.2568 0.0663
Pedestrian -1 -1 -8.0627 1201.3927 123.6657 1239.3771 191.9599 1.8553 0.6915 0.5992 16.8811 0.5187 20.0275 -7.3694 0.0656
Pedestrian -1 -1 -3.6320 1123.9614 142.1130 1241.0000 324.4856 1.9549 0.5295 0.8786 6.3147 1.6251 8.0639 -2.9860 0.0592
Car -1 -1 -4.5348 584.5295 183.4736 621.8802 208.7153 1.4540 1.6750 4.0038 -0.4150 2.1539 45.4557 -4.5444 0.0581
Pedestrian -1 -1 -3.4897 1074.0591 156.7467 1170.6010 311.2478 1.8657 0.4693 0.8764 6.3455 1.6709 9.0480 -2.8941 0.0578
Pedestrian -1 -1 -5.3895 539.8668 176.4328 562.1089 216.6977 1.7962 0.6639 0.7815 -2.7248 1.9611 32.7900 -5.4724 0.0554
Car -1 -1 -2.0554 0.0000 165.2260 0.0000 342.5323 1.6074 1.6269 4.3892 -9.6214 1.5380 7.8016 -2.9279 0.0544
Car -1 -1 -5.0610 610.2329 179.7735 641.7609 197.8129 1.6396 1.6388 4.3854 1.4864 2.3302 69.7133 -5.0402 0.0526
Cyclist -1 -1 -4.4147 809.8695 178.0795 830.4852 212.8526 1.6755 0.5274 1.6538 10.4116 1.9409 35.8543 -4.1348 0.3168
Cyclist -1 -1 -7.8689 495.9764 177.7803 511.9489 223.6851 1.7434 0.5953 1.8025 -4.2485 1.9443 28.5411 -8.0159 0.2109
Cyclist -1 -1 -7.8422 737.4611 178.8292 744.8376 207.3414 1.6826 0.4260 1.6373 7.9258 2.0518 43.7782 -7.6648 0.1873
Cyclist -1 -1 -7.9524 826.1585 177.6568 842.7684 217.1568 1.6761 0.5158 1.7880 9.8296 1.8934 31.7691 -7.6556 0.1429
Cyclist -1 -1 -4.9212 1222.3969 111.7856 1241.0000 167.3085 1.7786 0.5130 1.7660 21.0461 -0.1931 24.1899 -4.2107 0.1334
Cyclist -1 -1 -4.8903 903.0526 181.9648 937.7902 254.2542 1.6655 0.4840 1.6350 7.5384 1.8993 17.6890 -4.4943 0.1301
Cyclist -1 -1 -8.0677 730.8817 179.7615 742.7365 207.4952 1.6388 0.3951 1.4975 7.6507 2.0647 43.7682 -7.8963 0.1093
Cyclist -1 -1 -8.1407 1207.0048 116.6101 1241.0000 169.0882 1.7013 0.4741 1.7224 20.7478 -0.1323 24.4029 -7.4416 0.1037
Pedestrian -1 -1 -8.7889 868.1679 177.1577 889.6266 225.0070 1.7390 0.5406 0.5252 9.8878 1.8999 26.6580 -8.4380 0.0983
Cyclist -1 -1 -4.5537 834.0895 175.3755 853.6752 219.1174 1.7276 0.5164 1.6334 9.5070 1.8331 29.4400 -4.2449 0.0975
Pedestrian -1 -1 -5.8086 1214.9080 120.6939 1241.0000 173.9724 1.7075 0.5954 0.4811 20.0785 0.0355 23.4609 -5.1066 0.0965
Cyclist -1 -1 -4.7161 837.7966 172.5756 851.8737 218.0641 1.7341 0.5104 1.6662 9.1824 1.7231 28.3769 -4.4068 0.0822
Pedestrian -1 -1 -3.2919 900.0786 175.4051 941.4531 252.1920 1.8381 0.6287 0.8425 7.5631 1.9018 17.7064 -2.8951 0.0810
Pedestrian -1 -1 -6.2668 1188.7494 122.4438 1213.8379 176.4437 1.7484 0.6189 0.6336 19.4584 0.1159 23.8025 -5.5872 0.0774
Pedestrian -1 -1 -4.8002 1222.3313 116.5512 1241.0000 173.0724 1.7888 0.6473 0.4757 20.1043 0.0066 23.2169 -4.0924 0.0752
Cyclist -1 -1 -8.1123 888.7738 183.6996 925.1376 254.8262 1.6605 0.4397 1.5397 7.2862 1.9408 17.8768 -7.7320 0.0733
Cyclist -1 -1 -5.0423 1201.3202 117.3479 1240.7461 170.8276 1.6940 0.4629 1.6745 20.0711 -0.0695 23.7851 -4.3471 0.0728
Cyclist -1 -1 -3.5685 886.0690 185.1316 969.2421 255.2356 1.6396 0.7019 1.6950 7.5788 1.9413 17.3753 -3.1643 0.0713
Cyclist -1 -1 -7.3107 1198.0776 118.1482 1241.0000 169.5802 1.6988 0.5678 1.6754 20.7549 -0.1136 24.4398 -6.6122 0.0675
Pedestrian -1 -1 -5.3814 495.6869 175.1846 519.6780 222.4641 1.8410 0.6685 0.6733 -4.1024 1.9346 28.6160 -5.5231 0.0675
Cyclist -1 -1 -8.0094 813.1206 176.3479 827.7516 213.2402 1.7267 0.4341 1.5507 10.0764 1.8984 34.7180 -7.7297 0.0673
Pedestrian -1 -1 -5.2972 934.4532 191.2141 1027.9817 362.0042 1.4628 0.5193 0.5778 3.3061 1.6379 6.5708 -4.8501 0.0642
Cyclist -1 -1 -8.4097 1211.1539 113.2149 1241.0000 168.6385 1.7054 0.4409 1.6943 20.1012 -0.1410 23.2055 -7.7017 0.0621
Pedestrian -1 -1 -8.3986 831.0989 188.8970 915.3508 360.7149 1.6057 0.5839 0.5385 2.5316 1.7712 7.1300 -8.0720 0.0613
Cyclist -1 -1 -8.1638 1230.5400 113.4650 1241.0000 167.3749 1.7236 0.4724 1.7348 21.3505 -0.1904 24.1391 -7.4452 0.0611
Cyclist -1 -1 -5.0394 1191.6877 117.1796 1231.9197 170.7672 1.6949 0.4696 1.7498 19.7717 -0.0717 23.7927 -4.3517 0.0590
Pedestrian -1 -1 -8.8992 806.0818 172.9685 827.4230 213.1384 1.8898 0.6631 0.7486 9.8291 1.8951 34.4479 -8.6241 0.0586
Pedestrian -1 -1 -7.9543 968.1620 188.5242 1059.5331 374.0000 1.5453 0.5853 0.7587 3.3610 1.6888 6.1613 -7.4761 0.0583
Cyclist -1 -1 -7.8254 816.8625 177.6800 857.7720 272.2839 1.6803 0.7048 1.9577 4.3608 1.7804 13.9619 -7.5297 0.0555
Cyclist -1 -1 -5.2373 874.1398 183.3797 930.6894 255.4918 1.6366 0.5352 1.5778 6.9852 1.9026 17.4348 -4.8630 0.0552
Cyclist -1 -1 -8.0858 887.1642 175.7320 921.5300 245.8377 1.7405 0.4357 1.7064 7.6229 1.8189 18.8613 -7.7080 0.0543
Cyclist -1 -1 -7.3896 1208.9557 117.7263 1241.0000 173.4493 1.7663 0.6479 1.7188 20.3513 0.0186 23.5034 -6.6818 0.0538
Cyclist -1 -1 -5.8374 477.9781 176.9918 525.7866 223.3754 1.7922 0.6320 1.7706 -4.3197 1.9587 28.5393 -5.9869 0.0524
Cyclist -1 -1 -7.2602 1190.4294 118.9157 1241.0000 173.1432 1.7472 0.6438 1.7284 20.0709 0.0090 23.7977 -6.5653 0.0518
Pedestrian -1 -1 -3.4771 902.6530 169.7531 947.6956 247.9873 1.9183 0.6463 0.8641 7.8193 1.8420 18.0431 -3.0749 0.0516
Pedestrian -1 -1 -2.2620 494.7345 169.4752 521.3817 221.9331 1.9533 0.6521 0.7816 -3.9130 1.8272 27.3712 -2.4032 0.0511
Cyclist -1 -1 -7.9251 903.3550 176.2642 928.5201 246.8102 1.7205 0.4511 1.8320 7.8313 1.8127 18.6282 -7.5335 0.0503
Pedestrian -1 -1 -6.5911 909.9771 178.0839 953.8627 253.2888 1.7381 0.6363 0.7889 7.5587 1.8642 17.0821 -6.1818 0.0501
Car -1 -1 -8.0500 808.6996 183.1654 1032.5439 361.4248 1.5731 1.6082 3.4635 3.2822 1.7194 8.4193 -7.6914 0.9160
Car -1 -1 -4.5482 579.1285 182.0986 641.1390 225.7132 1.5230 1.7682 4.2561 0.0444 1.9152 28.3914 -4.5474 0.9077
Car -1 -1 -4.8098 736.7894 180.1084 775.7715 212.2217 1.5536 1.6259 3.7020 7.5517 1.9517 37.6982 -4.6142 0.8962
Car -1 -1 -4.6001 632.9008 182.8047 668.1089 208.7079 1.4759 1.7276 4.3658 2.5502 2.1302 45.1718 -4.5447 0.7465
Car -1 -1 -7.7964 791.1741 188.3568 884.9022 279.1274 1.4214 1.5121 3.3788 4.3736 1.7568 13.7768 -7.4962 0.5957
Car -1 -1 -8.0092 729.4521 180.2529 766.2928 207.8537 1.5879 1.6370 3.8840 8.4236 2.0643 44.5293 -7.8240 0.2324
Car -1 -1 -7.0496 883.9827 188.9213 1062.3611 254.8848 1.4339 1.6118 3.9008 8.8430 1.8584 17.7130 -6.5940 0.2060
Car -1 -1 -7.5125 653.3731 182.1555 685.2346 201.9433 1.5487 1.5731 3.4957 4.9497 2.3490 60.1896 -7.4314 0.1936
Car -1 -1 -4.4847 588.6812 182.7155 636.3798 212.9087 1.4882 1.6650 4.3606 0.1639 2.0579 39.3888 -4.4812 0.0871
Car -1 -1 -4.7566 785.6566 180.3467 824.5314 215.9049 1.5489 1.5979 3.6693 9.1582 1.9243 34.2191 -4.4978 0.0792
Car -1 -1 -4.2474 610.7432 181.1237 659.1440 205.2293 1.5798 1.6713 4.3239 1.7880 2.1922 51.1610 -4.2132 0.0679
Car -1 -1 -7.2620 959.8272 221.2010 1241.0000 374.0000 1.4700 1.7047 4.3004 3.5525 1.6747 2.1717 -6.2995 0.0648
Car -1 -1 -4.9635 1226.4652 108.1504 1241.0000 161.3437 1.4807 1.6527 3.9385 21.3404 -0.4033 23.1327 -4.2241 0.0606
Car -1 -1 -4.5855 590.9682 181.9038 635.9916 216.5856 1.5216 1.6608 4.2896 0.1913 1.9891 35.0584 -4.5807 0.0564
