Car -1 -1 -4.4846 364.8236 181.2172 487.3112 264.2675 1.5344 1.7033 3.9590 -3.8912 1.7393 15.7205 -4.7241 0.9300
Cyclist -1 -1 -4.0323 101.1974 182.3780 141.6178 222.2087 1.7142 0.5225 1.7376 -21.9362 2.1529 32.3670 -4.6243 0.2931
Pedestrian -1 -1 -5.1642 332.0745 178.5757 347.7306 211.8808 1.8317 0.5728 0.6954 -15.1173 2.1543 40.2829 -5.5214 0.2749
Pedestrian -1 -1 -7.8555 883.3892 180.6891 897.6935 212.8947 1.7628 0.7360 0.6621 15.5692 2.2032 40.1489 -7.4886 0.1710
Pedestrian -1 -1 -6.1554 295.4314 174.6918 305.7945 198.9388 1.8014 0.5696 0.6457 -23.1906 1.9396 54.0221 -6.5594 0.1035
Car -1 -1 -5.2772 707.2021 182.8294 755.0434 205.6799 1.6179 1.7048 4.0353 9.1857 2.4109 55.1903 -5.1137 0.0891
Pedestrian -1 -1 -5.5159 936.5811 254.2037 1016.2766 374.0000 1.0955 0.3109 0.3601 2.3879 1.6651 4.8308 -5.0822 0.0859
Car -1 -1 -5.4408 1229.7131 155.9303 1241.0000 205.5195 1.5453 1.6579 4.0895 23.5857 1.0176 24.5537 -4.6816 0.0815
Car -1 -1 -7.8233 17.4584 172.1212 50.1549 195.3250 1.5840 1.6873 4.0719 -41.0234 1.5337 51.3936 -8.4946 0.0742
Car -1 -1 -5.3788 805.9973 180.2746 883.8249 213.8067 1.4656 1.5746 3.6877 11.0886 1.8400 34.4260 -5.0703 0.0715
Car -1 -1 -5.6154 0.0000 174.1983 47.7448 206.4542 1.4945 1.6421 4.1398 -29.5895 1.5599 34.4057 -6.3220 0.0698
Car -1 -1 -3.9781 0.0000 174.6516 77.2189 200.8840 1.5678 1.6574 4.2053 -36.1581 1.6864 45.5720 -4.6461 0.0662
Car -1 -1 -4.7839 597.6967 177.5145 635.0690 210.0560 1.6278 1.7001 4.2535 0.2521 1.8928 38.8956 -4.7781 0.0660
Car -1 -1 -4.7494 591.9086 179.0728 616.4232 201.2496 1.5421 1.6559 4.0905 -0.4956 2.0202 53.4232 -4.7591 0.0639
Car -1 -1 -4.4002 307.2514 181.8837 355.3815 207.1058 1.5425 1.7549 4.2373 -18.4383 2.1680 47.8399 -4.7666 0.0609
Car -1 -1 -7.2587 159.3434 171.6635 216.2717 195.3202 1.6712 1.6886 3.9345 -30.9615 1.5868 52.9914 -7.7854 0.0572
Car -1 -1 -4.7756 247.8242 184.7681 288.9707 215.5093 1.4226 1.6672 4.1298 -17.7454 2.0749 37.3144 -5.2170 0.0548
Car -1 -1 -6.0281 236.1890 184.5951 319.1010 211.9200 1.5244 1.6579 4.1448 -19.5162 2.2338 42.4372 -6.4570 0.0547
Car -1 -1 -4.3588 445.2091 181.1872 486.6453 205.1830 1.5809 1.6042 3.9555 -10.1737 2.1943 51.0589 -4.5549 0.0540
Car -1 -1 -4.7173 408.3124 183.4978 452.8639 223.5372 1.4709 1.6748 4.3596 -7.5240 1.9483 30.0592 -4.9610 0.0536
Car -1 -1 -4.7107 700.4198 183.6831 721.8117 203.3704 1.5388 1.7241 3.8145 8.4665 2.4784 60.6150 -4.5731 0.0534
Car -1 -1 -8.4754 1225.6907 170.8038 1241.0000 203.7493 1.5389 1.5814 3.8015 32.6640 1.4428 35.6824 -7.7385 0.0528
Car -1 -1 -4.8748 629.5345 179.9432 665.6458 206.4671 1.6209 1.6828 4.3471 2.3925 2.1099 47.5521 -4.8254 0.0522
Pedestrian -1 -1 -7.7516 945.0472 167.2427 963.2599 210.6599 1.8380 0.6603 0.4887 14.7078 1.6002 30.9254 -7.3118 0.0517
Car -1 -1 -7.4391 228.7063 171.5366 278.1355 196.1335 1.8049 1.7508 4.4199 -27.2258 1.7079 55.1894 -7.8957 0.0513
Car -1 -1 -5.0937 813.6179 182.5372 854.5248 205.1061 1.5243 1.5522 3.7028 16.1555 2.2513 52.2826 -4.7961 0.0510
Pedestrian -1 -1 -7.5548 402.3473 172.2576 431.5822 229.7505 1.9020 0.8208 0.5478 -6.5057 1.8820 24.1598 -7.8156 0.3654
Pedestrian -1 -1 -7.4330 396.2010 173.5226 423.3126 229.7394 1.8723 0.7250 0.5394 -6.8035 1.8948 24.3591 -7.7031 0.2044
Pedestrian -1 -1 -4.0381 1044.6399 162.5662 1072.7272 212.7411 1.8037 0.6204 0.6188 16.3261 1.4335 26.3343 -3.4885 0.1230
Pedestrian -1 -1 -7.9766 1122.8151 157.1123 1149.1646 212.8140 1.8918 0.6770 0.4824 18.0832 1.3569 24.8798 -7.3540 0.1184
Pedestrian -1 -1 -8.3299 1153.0964 162.1812 1182.0728 215.0324 1.8000 0.6369 0.4865 19.1656 1.4362 24.8696 -7.6794 0.0957
Pedestrian -1 -1 -7.6095 1005.9565 168.9144 1025.8063 214.6720 1.6729 0.5466 0.4659 14.9939 1.5286 26.7367 -7.1036 0.0896
Pedestrian -1 -1 -8.7763 1039.6394 163.6001 1067.2905 212.9436 1.8178 0.6629 0.6043 16.5363 1.4766 26.9846 -8.2318 0.0881
Pedestrian -1 -1 -6.4480 394.9348 173.3642 416.5923 230.6374 1.8571 0.7893 0.5680 -6.8113 1.8740 23.8827 -6.7234 0.0861
Pedestrian -1 -1 -6.2479 404.2390 167.8265 425.7781 228.1482 1.9577 0.7243 0.6620 -6.4852 1.7943 23.8448 -6.5112 0.0821
Pedestrian -1 -1 -5.6958 628.6671 181.9714 639.4153 200.6044 1.6129 0.5163 0.7888 2.0863 2.4183 63.3250 -5.6635 0.0622
Cyclist -1 -1 -6.8023 1092.7874 156.2683 1159.1825 209.8199 1.8323 0.6398 1.7999 17.8775 1.2645 25.0908 -6.1890 0.0579
Cyclist -1 -1 -7.5447 393.5593 171.3251 430.4453 225.8282 1.8167 0.6982 1.8600 -6.8822 1.7654 24.9940 -7.8112 0.0569
Cyclist -1 -1 -7.8075 567.1968 182.5506 573.2809 200.9820 1.5012 0.4339 1.6737 -3.3550 2.3250 60.4880 -7.8631 0.0517
Pedestrian -1 -1 -9.1351 1040.8756 160.8644 1055.6530 211.6325 1.8981 0.6348 0.3131 16.5415 1.4495 27.3064 -8.5956 0.0510
Cyclist -1 -1 -7.9190 555.9087 181.9488 562.1890 201.4864 1.5904 0.4213 1.5546 -4.2849 2.3599 60.2753 -7.9902 0.0506
Car -1 -1 -4.6105 517.9214 182.3799 556.0036 212.8981 1.4262 1.5595 3.7231 -3.7102 1.9356 36.7457 -4.7109 0.8961
Car -1 -1 -7.8907 588.4583 181.3030 632.1652 221.4103 1.4762 1.6186 4.3947 -0.0967 1.8501 29.7245 -7.8947 0.8756
Car -1 -1 -4.7433 553.7643 182.4913 574.2421 200.9424 1.4612 1.6095 3.8662 -3.9544 2.3055 61.2317 -4.8080 0.4206
Car -1 -1 -7.5827 390.3291 178.2193 463.2103 227.5910 1.6254 1.6084 3.6938 -6.5637 1.8326 26.0278 -7.8279 0.1311
Car -1 -1 -5.0263 608.1797 179.7454 639.1929 198.0334 1.5481 1.6047 4.0670 1.1718 2.1885 64.9004 -5.0088 0.1265
Car -1 -1 -4.9061 664.8693 181.5362 690.0462 199.9357 1.5627 1.5402 3.8674 6.0387 2.3708 65.1743 -4.8146 0.1216
Car -1 -1 -4.3460 623.1472 182.6768 658.5812 202.1978 1.4737 1.6226 3.8105 2.5165 2.2998 58.6275 -4.3038 0.0983
Car -1 -1 -4.6138 583.6718 183.0137 609.4122 201.3705 1.4209 1.7737 3.8641 -1.1126 2.2944 60.0582 -4.6327 0.0956
Car -1 -1 -5.6389 1162.4725 175.3807 1241.0000 206.4267 1.5708 1.5692 3.8301 32.2354 1.7139 38.8867 -4.9508 0.0926
Car -1 -1 -4.6757 591.3030 180.6486 621.5272 208.8784 1.5280 1.6250 4.2640 -0.2029 2.0091 42.4033 -4.6810 0.0895
Car -1 -1 -4.9070 511.8354 181.2949 542.3029 200.4918 1.4699 1.7194 4.1441 -6.8950 2.1913 59.4508 -5.0224 0.0772
Car -1 -1 -4.7497 517.6093 180.6738 549.1026 208.9487 1.5423 1.6913 4.2906 -4.6307 2.0307 42.8444 -4.8572 0.0601
Car -1 -1 -4.4956 655.9296 180.6532 687.8380 200.6432 1.5166 1.7229 4.2465 5.0566 2.1766 58.8069 -4.4108 0.0548
Car -1 -1 -4.2002 538.5616 180.8619 582.4290 202.3247 1.5885 1.6651 4.1312 -3.9117 2.2487 57.2851 -4.2686 0.0501
