Pedestrian -1 -1 -7.7126 948.7447 170.0588 976.3633 227.6525 1.6638 0.6392 0.7536 10.3778 1.5827 21.3345 -7.2659 0.6261
Pedestrian -1 -1 -5.7377 648.5207 169.5627 663.6734 196.7485 1.7780 0.5469 0.8364 3.0112 1.5625 47.6535 -5.6754 0.2217
Pedestrian -1 -1 -4.3365 423.1023 177.4704 449.0208 230.8047 1.5635 0.5731 0.5979 -5.2383 1.7032 21.5456 -4.5728 0.1268
Pedestrian -1 -1 -7.8830 425.6525 166.4768 441.0347 207.5782 1.8691 0.6707 0.5658 -8.1660 1.5788 33.1740 -8.1229 0.1004
Pedestrian -1 -1 -3.4785 643.1378 170.5935 653.6639 194.3149 1.6789 0.6957 0.5499 2.7071 1.5186 51.4774 -3.4267 0.0996
Pedestrian -1 -1 -4.7305 447.9529 169.0694 462.7367 208.0610 1.7708 0.6510 0.8015 -7.1684 1.5986 33.2334 -4.9417 0.0901
Cyclist -1 -1 -8.1305 658.0563 170.3959 671.7083 198.3518 1.5785 0.3609 1.5860 3.1170 1.4395 41.5552 -8.0566 0.0880
Pedestrian -1 -1 -8.0905 830.9365 163.9033 857.8503 226.4267 1.8205 0.5877 0.7842 6.9017 1.5595 21.4205 -7.7834 0.0879
Car -1 -1 -4.7630 646.3633 172.1853 685.7611 207.4389 1.5350 1.6050 3.8828 2.4980 1.5056 33.3759 -4.6895 0.0710
Pedestrian -1 -1 -7.6763 270.8358 162.4787 295.8136 219.6194 1.9009 0.6714 0.6067 -11.0781 1.5554 24.3786 -8.0990 0.0700
Cyclist -1 -1 -5.2314 822.9971 163.4713 864.9964 218.2104 1.7849 0.5714 1.7079 7.8503 1.4786 24.4219 -4.9245 0.0650
Pedestrian -1 -1 -5.7609 0.0000 167.7977 51.1369 299.8490 1.7633 0.5643 0.4753 -8.1985 1.6955 9.9502 -6.4371 0.0643
Pedestrian -1 -1 -5.2102 399.8118 180.9276 422.9805 220.9039 1.5362 0.6464 0.6501 -7.8539 1.8584 28.3701 -5.4784 0.0637
Pedestrian -1 -1 -4.5726 346.3946 166.1300 367.8475 220.3775 1.7857 0.5640 0.8667 -8.5326 1.5641 24.2312 -4.9081 0.0623
Pedestrian -1 -1 -5.7446 429.0877 162.8512 438.2032 197.8900 1.8630 0.4880 0.2609 -9.4805 1.3309 38.6356 -5.9840 0.0617
Pedestrian -1 -1 -7.9685 337.6353 161.7263 361.1830 220.3238 1.8462 0.6291 0.7742 -8.4374 1.4953 23.2197 -8.3138 0.0612
Pedestrian -1 -1 -1.9274 140.4279 169.8395 167.8396 227.7795 1.7036 0.5612 0.4824 -13.6845 1.6146 21.5844 -2.4871 0.0518
Pedestrian -1 -1 -5.2481 392.2332 162.5947 414.8362 211.1372 1.9627 0.6183 0.7076 -8.5262 1.5476 29.6415 -5.5262 0.0501
Cyclist -1 -1 -4.4863 459.7465 172.9105 483.5570 218.8850 1.6900 0.5652 1.4905 -5.2643 1.6919 27.2810 -4.6757 0.2702
Pedestrian -1 -1 -5.7926 591.3713 168.7988 603.5184 190.1271 1.8610 0.4762 0.9553 -1.1265 1.5069 63.3884 -5.8106 0.2580
Pedestrian -1 -1 -5.4994 318.5019 175.5732 352.3217 230.1153 1.5982 0.6193 0.7200 -8.2717 1.6810 21.6152 -5.8612 0.1901
Cyclist -1 -1 -7.6626 550.5771 173.7351 562.5629 202.1967 1.5799 0.4070 1.4674 -3.0564 1.6304 40.8518 -7.7373 0.1586
Cyclist -1 -1 -7.1874 316.1058 175.0894 361.3958 230.7290 1.6130 0.3867 1.5765 -8.2195 1.6827 21.7921 -7.5445 0.1428
Cyclist -1 -1 -6.6473 930.9078 167.9340 1097.9111 301.3819 1.6476 0.6977 1.7566 5.1388 1.5866 9.3631 -6.1595 0.1363
Pedestrian -1 -1 -4.6914 956.7829 194.3269 995.3364 300.5266 1.2939 0.4308 0.6401 4.6744 1.5826 9.3287 -4.2404 0.1112
Cyclist -1 -1 -4.4059 508.8874 173.9945 527.1882 205.2046 1.6401 0.5310 1.5614 -4.9734 1.7024 38.7915 -4.5330 0.0990
Pedestrian -1 -1 -6.6059 973.4265 151.8157 1080.2738 309.3923 1.8089 0.5957 0.9656 4.9192 1.5671 8.6618 -6.1048 0.0850
Pedestrian -1 -1 -7.1811 960.4248 179.7791 1033.8510 300.5668 1.4952 0.5118 0.7110 4.9584 1.5883 9.3548 -6.7075 0.0733
Pedestrian -1 -1 -3.6113 1145.8379 116.4352 1241.0000 374.0000 1.8980 0.5562 0.8169 4.6759 1.4909 5.5572 -2.9382 0.0686
Pedestrian -1 -1 -6.2761 595.6396 169.8344 603.2930 189.8186 1.7530 0.6507 0.6709 -0.9503 1.4878 63.6189 -6.2913 0.0611
Pedestrian -1 -1 -8.4014 458.1869 176.9412 480.2356 217.6497 1.4767 0.5770 0.5899 -5.2498 1.6298 26.6683 -8.5944 0.0598
Pedestrian -1 -1 -6.4613 995.1245 173.5699 1077.1128 305.8079 1.5991 0.5848 0.7934 5.3159 1.6083 9.1362 -5.9491 0.0591
Pedestrian -1 -1 -8.1139 458.1943 177.0309 477.8120 218.2809 1.5338 0.5841 0.6391 -5.4258 1.6941 27.3284 -8.3085 0.0576
Pedestrian -1 -1 -3.9023 1030.2461 143.2527 1153.4178 327.0906 1.7978 0.6275 0.8680 4.8978 1.5080 7.4492 -3.3394 0.0570
Pedestrian -1 -1 -6.5494 980.2336 162.5397 1073.7749 315.2856 1.6977 0.5777 0.8107 4.7702 1.5827 8.3946 -6.0485 0.0523
Pedestrian -1 -1 -7.4983 974.8898 179.0538 1045.4022 306.4931 1.5120 0.5828 0.6757 4.9604 1.5932 9.0459 -7.0113 0.0509
Car -1 -1 -2.6878 170.3604 178.2681 331.7094 238.3455 1.4654 1.5490 3.3707 -9.1757 1.6099 18.5159 -3.1425 0.9595
Car -1 -1 -4.6491 513.9998 174.9582 555.0833 209.2572 1.4779 1.6372 4.0675 -3.4768 1.5810 33.4084 -4.7525 0.8693
Car -1 -1 -4.9270 678.0795 164.4585 736.5828 206.0925 1.7459 1.7211 4.2366 4.2513 1.3935 32.4417 -4.7983 0.4221
Car -1 -1 -4.4723 530.3507 173.3115 572.5541 200.8841 1.5288 1.5799 3.8744 -3.4014 1.5565 42.1132 -4.5528 0.2851
Car -1 -1 -8.1054 730.1272 165.0625 783.1475 201.9379 1.7447 1.7017 3.7397 7.2201 1.3758 36.0535 -7.9097 0.1457
Car -1 -1 -4.8530 599.0741 169.6913 623.6844 188.3248 1.6064 1.6312 4.0853 0.0676 1.3334 64.3407 -4.8523 0.1346
Car -1 -1 -2.5858 204.0917 177.3447 352.8482 228.5373 1.4741 1.5835 3.8711 -10.0989 1.6171 21.9931 -3.0120 0.0668
Car -1 -1 -5.0787 470.2278 175.2450 522.0339 204.1199 1.4952 1.5789 3.7307 -6.3477 1.6331 39.7048 -5.2366 0.0614
