Pedestrian -1 -1 -6.3868 382.7474 178.7120 393.4897 205.0479 1.8686 0.6401 0.6748 -15.9639 2.2924 51.8100 -6.6846 0.2076
Pedestrian -1 -1 -5.1172 207.2177 176.5674 225.5893 211.0212 1.8927 0.6713 0.7184 -21.9812 2.1019 40.2277 -5.6147 0.1249
Pedestrian -1 -1 -3.3446 637.1334 168.5740 648.0887 193.3817 1.7887 0.6457 0.6775 2.3360 1.4798 52.3973 -3.3007 0.1038
Pedestrian -1 -1 -4.5706 859.8321 151.3977 895.5316 244.6194 1.9219 0.5919 0.9879 5.6867 1.4793 15.4508 -4.2248 0.0746
Car -1 -1 -8.3109 897.1516 145.4564 953.5652 173.7498 1.8277 1.7521 4.3278 21.2194 0.0576 48.8133 -7.9030 0.0690
Pedestrian -1 -1 -6.2163 848.3381 161.9415 863.1083 206.6138 1.8290 0.5938 0.5441 10.1469 1.3819 29.9190 -5.8928 0.0634
Car -1 -1 -4.5777 400.0575 174.4817 428.2899 198.1867 1.8764 1.7478 3.7914 -16.1031 2.0146 59.3814 -4.8417 0.0625
Pedestrian -1 -1 -8.4039 695.4107 165.3113 710.1654 195.4594 1.8900 0.6193 0.7619 5.8415 1.4169 45.7086 -8.2780 0.0616
Car -1 -1 -8.0688 746.1646 159.5894 782.2551 187.4775 1.9407 1.7020 4.1349 11.0927 1.0173 52.2845 -7.8612 0.0584
Cyclist -1 -1 -8.0587 643.2889 173.1095 659.9709 206.3275 1.6933 0.5479 1.6133 2.1233 1.7066 37.6314 -8.0033 0.0576
Car -1 -1 -4.8405 869.3945 148.1103 901.0176 169.9298 1.5167 1.6535 3.9997 20.0867 -0.2232 52.8646 -4.4792 0.0567
Pedestrian -1 -1 -8.1017 1034.4640 157.4187 1069.6144 232.0938 1.8492 0.6245 0.6029 11.1181 1.4667 18.2463 -7.5621 0.0566
Pedestrian -1 -1 -3.4746 1198.4037 133.6798 1241.0000 239.9119 1.7461 0.5506 0.6445 10.4267 1.1019 12.2309 -2.7806 0.0557
Car -1 -1 -4.2896 429.5117 182.3574 491.1904 213.5234 1.4819 1.6214 4.1015 -7.8040 2.0083 37.8147 -4.4922 0.0540
Pedestrian -1 -1 -3.6401 1081.7941 148.3266 1126.8625 232.5095 1.7945 0.5746 0.6048 10.6895 1.2713 15.6938 -3.0512 0.0539
Car -1 -1 -4.9137 622.8381 173.9322 650.7195 194.1030 1.6010 1.5999 3.5923 2.1461 1.6923 59.3775 -4.8781 0.0526
Pedestrian -1 -1 -3.7548 926.2141 156.2674 945.4105 207.2867 1.9108 0.5814 0.3996 12.3000 1.2893 27.3473 -3.3365 0.1552
Pedestrian -1 -1 -4.5844 915.5201 161.1862 940.2545 221.0040 1.8872 0.6423 0.7626 10.2006 1.5188 23.2558 -4.1762 0.1215
Pedestrian -1 -1 -7.6867 155.3135 177.5670 172.2807 228.1314 1.8519 0.4917 0.2922 -16.5517 2.0274 26.6952 -8.2375 0.1130
Pedestrian -1 -1 -4.2504 726.9689 165.1504 749.3309 209.1866 1.8391 0.6644 0.7666 5.4001 1.5171 30.6397 -4.0781 0.1057
Pedestrian -1 -1 -7.1891 147.4839 179.0878 173.7778 229.6309 1.8290 0.6162 0.5422 -16.5384 2.0601 26.4882 -7.7430 0.0727
Pedestrian -1 -1 -7.9445 230.1946 177.1309 249.3058 218.2167 1.7957 0.7093 0.5490 -16.4867 1.9879 32.0449 -8.4166 0.0726
Cyclist -1 -1 -7.7951 926.7426 159.2452 944.6938 206.6929 1.7452 0.5295 1.7676 12.3523 1.2443 27.4454 -7.3765 0.0725
Pedestrian -1 -1 -7.1530 155.4936 176.3599 177.0513 228.0177 1.9053 0.5885 0.3636 -16.5664 2.0366 26.8672 -7.7013 0.0629
Cyclist -1 -1 -8.3102 728.2640 164.9838 758.2386 208.3685 1.7886 0.5217 1.7660 5.6038 1.4638 30.6665 -8.1316 0.0537
Car -1 -1 -6.0997 430.5610 180.3626 506.0993 208.4731 1.6706 1.7447 4.2998 -8.6767 2.1401 44.2500 -6.2926 0.8589
Car -1 -1 -4.6598 532.5292 177.1756 562.5479 202.4772 1.5149 1.6910 4.2333 -3.9782 1.8034 46.0776 -4.7458 0.6419
Car -1 -1 -7.3270 148.5262 186.3031 244.6961 226.2444 1.4905 1.6944 4.0342 -17.2809 2.0932 30.3196 -7.8415 0.1115
Car -1 -1 -3.7457 1073.9436 132.0036 1194.8387 169.7001 1.5450 1.6559 3.8991 22.1082 -0.1377 30.5790 -3.1240 0.1098
Car -1 -1 -4.4278 335.2666 187.1270 384.5335 214.7374 1.4762 1.6164 4.3498 -14.8902 2.3716 43.0724 -4.7591 0.0852
Car -1 -1 -3.4269 797.9007 162.7716 861.8235 185.3237 1.5851 1.6420 4.0687 15.6403 0.8761 51.5501 -3.1341 0.0768
Car -1 -1 -4.7985 239.9078 177.5502 285.7495 212.9455 1.5148 1.6007 3.7280 -16.1624 1.7451 33.4249 -5.2461 0.0659
