Pedestrian -1 -1 -3.9027 1113.4697 162.3918 1139.6229 216.5841 1.7215 0.5284 0.4404 16.5668 1.3888 23.2141 -3.2892 0.1684
Pedestrian -1 -1 -7.6050 791.9936 165.3422 813.0289 217.6731 1.8632 0.6105 0.5909 6.9179 1.5954 26.0956 -7.3492 0.1645
Pedestrian -1 -1 -6.8996 485.3022 172.1913 498.0938 204.4789 1.6977 0.5694 0.4173 -6.3169 1.6625 38.2877 -7.0624 0.1538
Pedestrian -1 -1 -3.3668 981.1588 157.4078 1030.8724 263.3572 1.8031 0.4388 0.6746 6.8390 1.5399 12.5786 -2.8793 0.1114
Pedestrian -1 -1 -8.1952 692.8955 168.2371 709.7046 208.9552 1.8363 0.6324 0.4847 4.1120 1.6278 32.8452 -8.0723 0.0994
Pedestrian -1 -1 -7.4783 780.1230 171.4115 792.3973 204.5265 1.7612 0.5707 0.2948 9.4048 1.6842 38.6589 -7.2419 0.0824
Cyclist -1 -1 -2.9928 590.6005 167.0116 624.4625 201.6353 1.8842 0.6551 1.7874 -0.1692 1.5660 39.7184 -2.9975 0.0787
Pedestrian -1 -1 -7.4899 273.1867 177.6631 289.3556 213.3459 1.7829 0.6280 0.4336 -16.5985 2.0264 36.3507 -7.9158 0.0782
Pedestrian -1 -1 -4.8479 1055.1957 150.3486 1081.2925 208.0765 1.9674 0.6483 0.8779 15.8995 1.2001 25.1238 -4.2892 0.0756
Pedestrian -1 -1 -8.0633 308.9485 166.8038 354.2682 263.1540 1.9805 0.7480 0.8216 -5.9912 1.8559 15.3798 -8.4296 0.0735
Cyclist -1 -1 -2.6856 446.3461 168.0189 478.1174 200.9269 1.8248 0.7308 1.5908 -8.3415 1.5564 40.5647 -2.8875 0.0701
Cyclist -1 -1 -2.6792 325.2332 169.9450 360.1626 203.4939 1.8811 0.6854 1.7330 -15.1803 1.7177 40.8924 -3.0328 0.0686
Cyclist -1 -1 -6.6803 667.3024 171.8929 700.5316 205.9302 1.8287 0.6588 1.6775 3.9891 1.7768 39.3272 -6.5805 0.0667
Pedestrian -1 -1 -4.8855 144.1874 206.3697 175.3062 286.0791 1.3358 0.3948 0.4387 -7.9396 1.9361 12.6349 -5.4374 0.0654
Cyclist -1 -1 -3.1351 634.5683 165.3101 666.2031 201.1275 1.9455 0.5989 1.7179 2.1754 1.5355 39.5433 -3.0810 0.0645
Cyclist -1 -1 -8.2568 973.2730 169.5522 1007.7544 219.4740 1.6112 0.4069 1.6165 12.6470 1.5043 24.1087 -7.7792 0.0639
Car -1 -1 -6.7539 745.6868 178.3365 871.7993 225.6736 1.4863 1.6280 3.7319 6.5583 1.6782 24.1120 -6.4921 0.0616
Pedestrian -1 -1 -7.1636 1010.3453 162.3309 1028.2042 211.6478 1.8226 0.5298 0.2685 15.2453 1.4334 26.9619 -6.6540 0.0605
Cyclist -1 -1 -7.6517 266.1408 173.8687 280.3414 203.3200 1.5778 0.3898 1.6008 -18.4825 1.6343 39.5365 -8.0867 0.0594
Pedestrian -1 -1 -4.3173 916.9263 164.3488 936.8611 206.5437 1.8378 0.6528 0.5304 13.9427 1.4670 31.8452 -3.9084 0.0551
Car -1 -1 -2.8297 379.6606 177.3683 457.1945 204.2795 1.5050 1.5828 4.0245 -11.0325 1.7703 41.5524 -3.0880 0.0548
Pedestrian -1 -1 -7.7304 322.5683 176.8556 337.7473 213.4953 1.8037 0.6431 0.5380 -13.9727 2.0045 35.9323 -8.0991 0.0547
Car -1 -1 -4.9680 544.0959 184.0079 634.2764 239.8418 1.4200 1.6322 4.2742 -0.7837 1.7880 21.5439 -5.0048 0.0547
Cyclist -1 -1 -6.6272 1087.3683 157.9780 1139.8788 201.2402 1.8436 0.6495 1.7500 21.7752 1.2094 31.2869 -6.0238 0.0542
Pedestrian -1 -1 -7.6734 968.0391 164.2670 986.8670 205.1544 1.7825 0.6580 0.5333 16.1857 1.4078 31.8661 -7.2075 0.0535
Pedestrian -1 -1 -7.9141 415.7634 171.7470 431.9980 213.2203 1.9443 0.7105 0.6041 -8.8710 1.8921 34.2227 -8.1663 0.3053
Pedestrian -1 -1 -2.6100 80.8822 164.4236 156.6209 294.8231 1.8739 0.6284 0.7064 -7.3251 1.7525 10.7030 -3.1989 0.2843
Pedestrian -1 -1 -5.6081 146.1721 189.1523 197.2272 279.8063 1.6399 0.4997 0.6421 -8.2155 1.9499 13.4476 -6.1482 0.2247
Pedestrian -1 -1 -3.0716 243.4994 158.5756 341.6046 311.8669 1.8928 0.4919 1.1268 -4.1320 1.7162 9.3281 -3.4789 0.2202
Pedestrian -1 -1 -7.4813 884.1863 164.2230 898.3307 200.4443 1.8994 0.6054 0.3675 14.8420 1.4465 38.1768 -7.1135 0.1887
Pedestrian -1 -1 -7.4471 659.8939 177.3106 679.4330 220.4325 1.6878 0.6289 0.4986 2.3282 1.8669 28.6840 -7.3677 0.1494
Cyclist -1 -1 -3.0953 761.8574 167.2253 795.0211 201.9273 1.8439 0.6511 1.7139 9.0408 1.5445 38.8840 -2.8690 0.1262
Cyclist -1 -1 -4.5028 132.5831 187.1254 182.9201 286.5585 1.6257 0.4027 1.7262 -8.1279 1.8985 12.9301 -5.0551 0.1163
Pedestrian -1 -1 -3.4342 787.4367 164.3023 798.8596 204.2688 1.9408 0.5618 0.3950 8.9248 1.5253 35.3290 -3.1892 0.1077
Cyclist -1 -1 -2.8174 382.6783 172.8611 416.2725 205.3846 1.8267 0.6697 1.7035 -11.9622 1.8268 40.8949 -3.1006 0.1019
Pedestrian -1 -1 -4.0000 343.2220 173.8820 359.2863 206.0970 1.8083 0.6276 0.5853 -14.7067 1.8668 40.9122 -4.3434 0.0886
Cyclist -1 -1 -8.1096 1170.6061 169.2769 1191.1677 204.4264 1.6354 0.3753 1.5683 27.1383 1.4687 34.3661 -7.4456 0.0749
Pedestrian -1 -1 -7.9419 512.1689 173.0470 526.3262 212.5859 1.8195 0.6127 0.4715 -4.2572 1.8283 33.5025 -8.0678 0.0742
Pedestrian -1 -1 -8.0424 796.2556 166.1114 809.6339 201.9888 1.7731 0.5663 0.4559 9.5590 1.4396 35.9060 -7.7847 0.0733
Pedestrian -1 -1 -4.5650 39.2992 162.9737 104.9040 305.7074 1.8316 0.5998 0.7460 -7.2875 1.7045 9.7287 -5.1951 0.0694
Pedestrian -1 -1 -4.5569 24.6684 182.9174 68.8555 287.2772 1.7356 0.5057 0.6372 -9.7825 1.9149 12.4777 -5.2117 0.0688
Pedestrian -1 -1 -4.4293 0.0000 183.8357 46.2883 290.7801 1.7391 0.5481 0.7076 -10.0824 1.9319 12.2540 -5.1073 0.0685
Pedestrian -1 -1 -7.3843 857.9478 165.2562 868.5918 200.3273 1.8497 0.4911 0.2099 13.4062 1.4487 38.3054 -7.0504 0.0670
Pedestrian -1 -1 -2.6505 137.1310 189.9968 181.5951 281.2162 1.5831 0.4746 0.5080 -8.0840 1.8945 12.8692 -3.2025 0.0670
Pedestrian -1 -1 -2.8303 72.6054 160.6514 147.5593 297.4415 1.8960 0.5764 0.7431 -7.2294 1.7266 10.3823 -3.4268 0.0665
Pedestrian -1 -1 -2.3640 139.0403 204.6229 178.4888 285.8420 1.3735 0.3726 0.4545 -7.9404 1.9388 12.6155 -2.9166 0.0647
Pedestrian -1 -1 -6.6909 491.0621 173.9098 506.6712 213.4386 1.8444 0.6529 0.5118 -5.2952 1.8946 34.1013 -6.8443 0.0634
Cyclist -1 -1 -6.5306 651.2796 174.4422 691.0447 219.5911 1.7838 0.5626 1.4961 2.4042 1.8481 28.9373 -6.4493 0.0633
Cyclist -1 -1 -7.5338 152.8835 183.9884 216.0075 282.0351 1.6720 0.4649 1.7801 -7.9356 1.8931 13.4316 -8.0592 0.0591
Pedestrian -1 -1 -4.0174 861.4495 165.5771 871.9086 200.3627 1.8330 0.5017 0.2137 13.5820 1.4493 38.2920 -3.6793 0.0577
Pedestrian -1 -1 -5.3921 0.0000 157.5672 72.2592 316.3356 1.8978 0.5751 0.7541 -7.3334 1.7148 8.9880 -6.0622 0.0576
Pedestrian -1 -1 -2.6013 111.1117 172.5036 181.4935 289.2022 1.8321 0.4760 0.8226 -7.4819 1.8263 11.5753 -3.1650 0.0569
Cyclist -1 -1 -7.8741 664.8784 177.2560 676.4235 219.0335 1.6328 0.4265 1.6356 2.4038 1.8157 29.2038 -7.7935 0.0565
Pedestrian -1 -1 -8.0692 656.0394 176.4319 675.7522 220.7880 1.7169 0.6309 0.7253 2.1507 1.8594 28.3971 -7.9951 0.0500
Car -1 -1 -5.0510 735.9335 185.7842 1062.6676 374.0000 1.4669 1.6316 3.7445 2.3807 1.6282 7.1247 -4.7423 0.9702
Car -1 -1 -4.0593 493.2144 180.9926 680.2007 269.8840 1.5188 1.6130 4.2255 -0.3741 1.7113 14.9118 -4.0851 0.9405
Car -1 -1 -8.6345 907.3029 192.2113 1241.0000 374.0000 1.4995 1.6076 3.6195 2.4286 1.6078 2.2232 -7.8695 0.7174
Car -1 -1 -5.1280 1216.8444 162.0987 1241.0000 230.3420 1.5395 1.6438 4.1393 17.4816 1.2965 18.5014 -4.3791 0.1283
Car -1 -1 -8.9302 1097.0243 166.8355 1203.0315 200.7184 1.5174 1.6676 3.6857 25.5608 1.2476 34.3359 -8.2946 0.0738
Car -1 -1 -7.4280 0.0000 180.1220 165.8318 323.4684 1.7104 1.6997 4.1398 -8.5790 1.8435 11.0398 -8.0772 0.0733
Car -1 -1 -4.3636 288.1694 177.5307 342.1778 205.6628 1.5908 1.6550 4.2870 -17.8082 1.8878 43.6947 -4.7487 0.0733
Car -1 -1 -5.9750 403.0562 173.2374 487.3458 200.1343 1.5087 1.6605 4.4339 -9.4818 1.5310 41.5163 -6.1985 0.0653
Car -1 -1 -4.4152 1164.4031 167.1501 1239.1442 200.7135 1.5327 1.6421 4.2170 28.5325 1.2720 34.8078 -3.7330 0.0589
Car -1 -1 -5.5863 1100.4679 162.0200 1211.9456 199.5127 1.5757 1.6820 3.7761 24.3236 1.1201 32.3549 -4.9462 0.0553
