Pedestrian -1 -1 -4.9932 985.4908 202.5580 1078.2322 369.0000 1.3259 0.4334 0.6047 3.1474 1.5038 5.3463 -4.4846 0.1230
Pedestrian -1 -1 -4.8193 1164.1694 221.6032 1223.0000 356.2586 1.1226 0.3495 0.5544 5.2834 1.5154 6.4224 -4.1533 0.1132
Pedestrian -1 -1 -5.1197 257.0515 162.2229 307.2392 253.9992 1.7173 0.5843 0.8975 -6.3281 1.3757 13.7491 -5.5404 0.1062
Pedestrian -1 -1 -4.7369 65.7273 171.9194 91.8987 230.6289 1.6594 0.5948 0.7955 -15.2830 1.4172 20.4815 -5.3687 0.0841
Pedestrian -1 -1 -7.2981 544.5716 159.4995 581.8144 233.0208 1.7855 0.6077 0.7819 -1.0807 1.2758 17.6597 -7.3563 0.0826
Pedestrian -1 -1 -4.6513 2.2955 170.6340 46.4306 259.2711 1.7137 0.6304 0.7659 -11.6629 1.5233 14.1644 -5.3274 0.0796
Pedestrian -1 -1 -4.4193 377.5374 192.7187 414.1203 271.9356 1.2216 0.4101 0.5718 -3.3799 1.4219 11.2805 -4.7008 0.0711
Pedestrian -1 -1 -4.7810 462.0566 170.4570 494.9278 250.6646 1.6560 0.6366 0.8037 -2.7479 1.4490 15.0649 -4.9560 0.0687
Cyclist -1 -1 -5.8247 218.0030 180.5688 357.1838 287.2093 1.4888 0.7198 1.7043 -4.6313 1.4902 10.2720 -6.2350 0.0612
Pedestrian -1 -1 -3.8814 833.0785 148.9873 844.2523 184.8041 1.9615 0.5043 0.3317 12.8796 0.2358 39.0187 -3.5632 0.0598
Car -1 -1 -3.9553 1128.7317 174.0722 1223.0000 369.0000 1.5161 1.5352 3.6737 5.4188 1.4875 4.0961 -3.0671 0.0543
Car -1 -1 -2.2105 0.0000 167.6935 0.0000 285.4580 1.5460 1.6174 4.2382 -11.5833 1.3783 10.3077 -3.0369 0.0532
Cyclist -1 -1 -8.3294 659.5840 167.4674 689.3654 211.8067 1.7261 0.5194 1.5822 2.7449 1.2190 28.3556 -8.2323 0.0511
Pedestrian -1 -1 -3.2044 753.8911 155.0658 845.7242 301.3136 1.7521 0.4558 1.0684 2.3490 1.4478 8.7958 -2.9505 0.5194
Pedestrian -1 -1 -5.1058 1173.0864 171.6362 1223.0000 270.3007 1.6139 0.5861 0.7489 10.1281 1.4693 12.0093 -4.4166 0.1672
Pedestrian -1 -1 -8.1425 838.7464 170.0854 870.7344 234.4150 1.5892 0.6075 0.6075 6.2328 1.3322 17.7840 -7.8093 0.1504
Pedestrian -1 -1 -4.1550 853.9440 163.6197 909.2444 267.2967 1.6839 0.5887 0.7042 4.6175 1.4101 11.9314 -3.7929 0.1368
Pedestrian -1 -1 -2.9694 1021.7848 156.4857 1070.0887 269.1816 1.7904 0.5581 0.5940 7.2090 1.4093 11.6384 -2.4253 0.1341
Pedestrian -1 -1 -4.7108 756.7129 175.3928 786.4750 254.9578 1.5495 0.5666 0.8395 3.3054 1.4504 14.2420 -4.4860 0.1203
Pedestrian -1 -1 -4.9829 1081.7480 148.5737 1140.1309 264.7646 1.8275 0.5850 0.7634 8.2158 1.3257 11.5774 -4.3770 0.1162
Pedestrian -1 -1 -2.5208 628.9924 169.0458 683.8082 260.9032 1.6102 0.5634 0.8205 0.8861 1.4098 12.8722 -2.4520 0.1053
Pedestrian -1 -1 -3.1368 795.3483 160.4290 843.5883 262.8807 1.7171 0.5915 0.7807 3.6598 1.3811 12.2449 -2.8517 0.1008
Pedestrian -1 -1 -4.1571 661.7571 139.1291 678.7703 171.4716 1.7851 0.6292 0.7952 3.6636 -0.5148 39.8142 -4.0639 0.0981
Cyclist -1 -1 -8.0757 842.3470 168.9883 877.6770 235.2859 1.6200 0.5314 1.4473 6.4418 1.3391 18.0272 -7.7364 0.0967
Cyclist -1 -1 -7.8413 855.5397 160.7065 882.4915 264.1410 1.6970 0.4167 1.6487 4.5984 1.3726 12.4449 -7.4939 0.0907
Pedestrian -1 -1 -9.2257 1126.3344 151.0749 1192.3286 267.5825 1.8298 0.5643 0.7594 9.0212 1.3680 11.5758 -8.5753 0.0889
Pedestrian -1 -1 -5.5463 1001.1464 158.2333 1059.5964 267.4632 1.7368 0.5600 0.6025 6.9293 1.3832 11.6143 -5.0187 0.0854
Pedestrian -1 -1 -4.9545 687.7283 166.1388 724.9786 251.0621 1.6930 0.5790 0.7969 2.0261 1.4070 14.5217 -4.8171 0.0810
Pedestrian -1 -1 -7.0546 906.9215 159.2100 962.6949 265.3793 1.7333 0.5604 0.6436 5.5029 1.3861 11.9159 -6.6303 0.0791
Pedestrian -1 -1 -6.1546 1042.4379 153.6388 1092.6908 268.1710 1.8090 0.5571 0.6293 7.5288 1.3852 11.5833 -5.5891 0.0780
Cyclist -1 -1 -6.4442 691.2415 166.7430 767.1179 232.8029 1.6474 0.7012 1.8098 3.0991 1.3046 17.9904 -6.2748 0.0769
Pedestrian -1 -1 -6.3846 843.0625 160.4447 889.0364 260.8491 1.7309 0.6034 0.7026 4.5790 1.3856 12.5664 -6.0415 0.0732
Pedestrian -1 -1 -5.5140 957.7297 164.2518 1013.0364 268.5666 1.6589 0.5364 0.5928 6.1886 1.4009 11.6098 -5.0339 0.0726
Pedestrian -1 -1 -3.8030 1133.2828 147.0359 1199.4207 253.5499 1.9404 0.5593 0.7866 10.3889 1.3312 13.1616 -3.1450 0.0708
Pedestrian -1 -1 -7.9100 527.9918 162.8986 562.3427 258.7341 1.6929 0.5808 0.7971 -1.1503 1.3824 12.9252 -7.9947 0.0698
Pedestrian -1 -1 -5.2226 917.2311 171.1955 971.4250 271.3326 1.5396 0.5731 0.5494 5.2993 1.3970 11.1668 -4.7888 0.0671
Pedestrian -1 -1 -5.2930 573.6850 169.1468 616.7571 249.9521 1.6249 0.5015 0.8677 -0.2558 1.3969 14.7175 -5.3083 0.0666
Cyclist -1 -1 -6.5909 815.6337 167.9668 885.5223 234.8063 1.6690 0.6101 1.5657 6.1862 1.3563 17.9755 -6.2632 0.0631
Cyclist -1 -1 -6.4549 658.4448 138.5719 690.6589 171.0107 1.8143 0.6279 1.7380 3.9304 -0.5437 40.1417 -6.3559 0.0622
Cyclist -1 -1 -3.5725 857.5097 160.7942 984.2331 265.9603 1.7197 0.6491 1.8485 5.2439 1.3979 11.9087 -3.1658 0.0607
Pedestrian -1 -1 -4.7059 766.4870 155.1983 804.1998 263.1057 1.7869 0.6088 0.8785 3.0619 1.3683 12.2091 -4.4644 0.0601
Cyclist -1 -1 -8.1216 847.4664 171.5579 914.2510 275.1595 1.5300 0.5409 1.7018 4.3227 1.3983 11.3132 -7.7642 0.0590
Pedestrian -1 -1 -3.9193 590.4634 167.9405 634.1992 247.4751 1.6062 0.5668 0.7211 0.1086 1.3529 14.7329 -3.9103 0.0567
Pedestrian -1 -1 -6.3519 756.5690 164.0595 797.3463 233.9834 1.7426 0.5607 0.9678 4.3203 1.3332 17.9765 -6.1183 0.0565
Pedestrian -1 -1 -4.9723 675.0703 158.6116 707.5386 233.1363 1.8113 0.5883 0.9097 2.1065 1.2797 17.6768 -4.8540 0.0563
Pedestrian -1 -1 -7.4995 983.0743 163.9037 1032.1892 270.0457 1.6786 0.5425 0.5593 6.5381 1.4165 11.5700 -6.9952 0.0555
Cyclist -1 -1 -6.3329 723.0401 170.4545 816.8918 253.6982 1.6174 0.6017 1.7982 3.2354 1.4225 14.1872 -6.1118 0.0553
Cyclist -1 -1 -7.8808 513.5605 163.5702 545.2457 261.7365 1.6869 0.5313 1.8113 -1.4659 1.3964 13.0831 -7.9879 0.0550
Pedestrian -1 -1 -4.2051 1058.9769 147.7711 1120.2260 263.1663 1.8194 0.5647 0.6935 7.8680 1.3038 11.5580 -3.6184 0.0548
Pedestrian -1 -1 -2.9216 822.6210 184.1719 860.8890 256.2917 1.3816 0.4153 0.6415 4.6154 1.4560 13.9215 -2.6066 0.0533
Cyclist -1 -1 -8.2481 826.6849 165.2243 868.3116 233.3695 1.6988 0.4685 1.5162 6.2476 1.3183 18.3986 -7.9243 0.0530
Cyclist -1 -1 -4.6987 670.1592 138.1485 678.8475 169.3396 1.6974 0.4659 1.6015 3.9127 -0.6425 39.8866 -4.5994 0.0528
Cyclist -1 -1 -3.9376 891.0004 173.6933 1021.5281 281.0297 1.5581 0.7396 1.8424 5.3745 1.4597 10.9260 -3.4902 0.0523
Cyclist -1 -1 -3.8659 935.2047 159.8733 1065.7302 271.6355 1.7550 0.6033 1.9817 6.4435 1.4315 11.6205 -3.3695 0.0522
Pedestrian -1 -1 -2.8228 937.5610 175.8336 983.8834 271.8566 1.4682 0.4774 0.5348 5.5683 1.3973 11.1687 -2.3699 0.0515
Pedestrian -1 -1 -4.6488 882.6026 189.5010 917.7632 283.9366 1.3180 0.4458 0.5123 4.2344 1.4532 10.2578 -4.2664 0.0510
Pedestrian -1 -1 -4.7411 946.2021 160.2331 986.5602 266.2800 1.7107 0.5732 0.6450 5.9794 1.3841 11.8184 -4.2818 0.0506
Car -1 -1 -7.8345 656.7274 138.8298 686.8235 168.0849 1.5538 1.6676 3.8311 3.9217 -0.7593 41.2500 -7.7382 0.1262
