Car -1 -1 -3.2446 418.2547 166.8221 489.6584 192.0405 1.5794 1.6696 4.3646 -10.1303 1.2013 46.6600 -3.4575 0.1348
Pedestrian -1 -1 -8.3066 377.4973 166.2097 394.1382 204.1739 1.6904 0.5894 0.4242 -10.1343 1.3942 32.4831 -8.6070 0.0949
Pedestrian -1 -1 -3.9076 721.7359 153.8953 754.7156 214.0333 1.8567 0.6080 0.8375 3.9967 1.2711 22.7636 -3.7365 0.0719
Pedestrian -1 -1 -7.5415 364.1561 163.7682 379.4866 202.1338 1.7858 0.5988 0.3628 -11.1867 1.3626 33.7690 -7.8593 0.0653
Car -1 -1 -3.5626 635.4744 163.2651 686.1558 181.5864 1.5959 1.6467 4.2026 4.5070 0.7603 64.3453 -3.4931 0.0615
Cyclist -1 -1 -3.9245 127.7222 166.0498 254.8970 293.4112 1.6496 0.4791 1.7113 -5.9276 1.5612 10.2341 -4.4387 0.0588
Pedestrian -1 -1 -1.9887 231.7025 169.9538 283.4817 264.5434 1.6283 0.6216 0.6484 -6.3378 1.5780 12.8672 -2.4387 0.0531
Cyclist -1 -1 -4.5869 468.9212 167.6524 483.2398 203.4119 1.6174 0.4635 1.5418 -6.2366 1.3819 33.4190 -4.7703 0.0507
Pedestrian -1 -1 -4.4158 688.9229 163.2333 706.2402 205.1337 1.8058 0.6161 0.5537 3.7790 1.3909 31.4738 -4.2979 0.0500
Pedestrian -1 -1 -6.6149 542.7371 170.5863 552.9297 194.9879 1.7826 0.7336 0.5380 -4.6111 1.6167 53.1558 -6.7014 0.1304
Pedestrian -1 -1 -3.4231 655.4803 165.8688 670.2492 190.6323 1.7677 0.4796 0.9625 3.7663 1.2688 51.8398 -3.3514 0.1290
Pedestrian -1 -1 -6.7772 664.8696 169.5776 678.9717 194.0786 1.6684 0.6147 0.7647 4.2206 1.4450 49.5670 -6.6931 0.1110
Cyclist -1 -1 -6.3453 435.7657 159.6525 475.4973 200.0989 1.8057 0.7025 1.7249 -7.0589 1.2160 32.7834 -6.5560 0.1071
Pedestrian -1 -1 -7.8900 232.6806 174.6850 268.4502 244.7814 1.5966 0.7330 0.3961 -8.4216 1.6399 16.8015 -8.3487 0.0983
Cyclist -1 -1 -2.5790 234.6189 163.1645 314.0930 236.0223 1.7383 0.6541 1.6728 -8.2490 1.5068 17.6480 -3.0109 0.0840
Pedestrian -1 -1 -7.7334 433.2104 162.6516 448.5261 201.0651 1.8426 0.6549 0.6007 -8.2287 1.3530 34.9456 -7.9633 0.0830
Pedestrian -1 -1 -7.6370 372.1929 157.9884 387.1462 192.1607 1.8575 0.6624 0.6226 -12.6628 1.0491 39.5596 -7.9450 0.0729
Pedestrian -1 -1 -7.8964 443.2582 160.4898 459.1427 201.2202 1.8164 0.6736 0.6403 -7.2134 1.2647 32.5723 -8.1129 0.0652
Cyclist -1 -1 -3.0244 417.2637 161.5201 454.4041 200.1394 1.8376 0.6842 1.6716 -8.4229 1.2980 34.7719 -3.2606 0.0598
Pedestrian -1 -1 -7.9683 220.9644 179.8603 249.9850 242.6440 1.4189 0.5520 0.4354 -8.7288 1.5841 16.7152 -8.4434 0.0578
Car -1 -1 -7.8896 247.3545 174.0953 316.5175 238.1589 1.4828 1.4922 2.3616 -8.3298 1.5161 18.1443 -8.3148 0.0567
Pedestrian -1 -1 -7.9372 292.0955 169.9626 321.0903 238.6449 1.6434 0.6021 0.6891 -7.5016 1.5740 17.7096 -8.3329 0.0563
Pedestrian -1 -1 -6.9130 537.2979 171.1964 550.0159 195.0263 1.7267 0.7266 0.6160 -4.8814 1.6063 52.7576 -7.0052 0.0561
Cyclist -1 -1 -2.2882 253.1867 159.3340 322.6715 232.2318 1.7787 0.5924 1.7653 -8.2010 1.4485 18.2472 -2.7055 0.0536
Pedestrian -1 -1 -8.0439 457.7280 168.5044 469.5179 195.7650 1.7218 0.6327 0.6075 -9.3621 1.4468 45.9742 -8.2440 0.0524
Pedestrian -1 -1 -8.0717 408.1660 161.8615 421.2043 191.4846 1.8483 0.6677 0.6533 -12.3423 1.1621 45.4639 -8.3355 0.0505
Car -1 -1 -4.5844 471.6644 174.6833 530.8984 220.2293 1.4074 1.4925 3.8750 -3.6444 1.4740 24.4048 -4.7316 0.9210
Car -1 -1 -4.0931 0.0000 186.0872 328.3794 374.0000 1.5010 1.5695 3.7216 -3.5229 1.6253 4.9176 -4.6900 0.8894
Car -1 -1 -3.1719 148.6066 175.6956 322.2777 241.9608 1.4520 1.7358 3.5939 -9.0939 1.5273 17.5750 -3.6436 0.5882
Car -1 -1 -4.5243 539.1024 170.0751 569.9366 190.8070 1.5213 1.6138 4.0762 -4.2210 1.3171 55.0617 -4.6008 0.4687
Car -1 -1 -3.3423 451.9515 169.9377 518.1119 193.6660 1.5054 1.6434 4.0243 -8.2228 1.3201 47.2755 -3.5139 0.2654
Car -1 -1 -7.5577 664.0292 167.7913 704.4705 191.5814 1.6137 1.7109 4.1877 5.2831 1.2700 51.2048 -7.4558 0.1678
Car -1 -1 -7.9134 371.8088 158.8767 406.1346 190.8186 1.7401 1.6675 3.5524 -12.7096 0.9784 41.2625 -8.2106 0.1151
Car -1 -1 -4.4632 521.8392 173.3680 559.9189 197.2395 1.5255 1.6178 3.9258 -4.6082 1.5610 48.2622 -4.5582 0.1016
Car -1 -1 -5.2472 592.8316 167.9162 631.7935 187.5084 1.7944 1.7180 4.3352 0.1602 1.3419 68.3882 -5.2452 0.0941
Car -1 -1 -7.9510 687.4214 159.5823 734.6776 200.4872 1.7813 1.7566 4.1887 4.5869 1.2031 33.5470 -7.8167 0.0828
Car -1 -1 -2.6228 68.3394 177.0793 304.8473 249.2431 1.4557 1.5879 4.1307 -8.9850 1.5505 15.4440 -3.1425 0.0704
