Pedestrian -1 -1 -3.4012 681.1111 155.3832 773.0833 302.5013 1.7863 0.6316 1.0145 1.4753 1.4817 8.9497 -3.2416 0.8703
Pedestrian -1 -1 -5.0293 984.1799 201.3135 1081.5232 369.0000 1.3516 0.4417 0.6258 3.1599 1.5200 5.3571 -4.5199 0.1027
Pedestrian -1 -1 -7.6249 23.4303 169.3080 72.5959 258.6517 1.7586 0.6158 0.7981 -11.3792 1.5387 14.4083 -8.2809 0.0674
Pedestrian -1 -1 -4.7993 64.3391 177.9437 91.5426 235.6979 1.6336 0.5729 0.7636 -15.3029 1.5616 20.4752 -5.4320 0.0645
Pedestrian -1 -1 -2.0006 278.7714 207.2675 313.8369 288.8633 1.1077 0.2830 0.4845 -4.4374 1.4984 10.0419 -2.4033 0.0589
Cyclist -1 -1 -4.8485 671.1174 166.3897 689.8248 208.3644 1.6445 0.5366 1.5850 3.0042 1.0919 28.5009 -4.7429 0.0582
Car -1 -1 -3.8429 1167.6688 155.7121 1223.0000 369.0000 1.5500 1.5885 4.0340 7.5490 1.3756 6.1042 -2.9758 0.0525
Car -1 -1 -2.2215 0.0000 174.1226 0.3731 291.4851 1.5445 1.6200 4.2308 -11.5691 1.4610 10.3108 -3.0472 0.0505
Pedestrian -1 -1 -4.7381 688.3965 166.5682 720.2949 252.1571 1.6998 0.6209 0.8383 1.9803 1.4235 14.4925 -4.6035 0.2733
Pedestrian -1 -1 -7.8991 530.2402 160.8307 561.7484 260.0377 1.7704 0.5408 0.8743 -1.1487 1.4198 13.0859 -7.9828 0.1490
Pedestrian -1 -1 -4.3995 841.0219 157.2931 888.3302 261.9008 1.7939 0.6028 0.7232 4.5811 1.3963 12.5956 -4.0570 0.1437
Pedestrian -1 -1 -8.0724 838.7803 168.7067 870.4970 233.6086 1.6001 0.6217 0.6535 6.2323 1.3097 17.7923 -7.7394 0.1373
Pedestrian -1 -1 -4.1550 661.2581 139.0426 678.9285 171.3445 1.7817 0.6447 0.8393 3.6555 -0.5225 39.8285 -4.0620 0.1347
Pedestrian -1 -1 -4.2021 1175.1974 170.8452 1223.0000 268.1593 1.5980 0.5348 0.6508 10.1166 1.4399 11.9778 -3.5122 0.1329
Cyclist -1 -1 -8.2469 847.9659 176.5182 927.5892 280.1497 1.4889 0.5341 1.6545 4.3000 1.4321 10.9930 -7.8821 0.1134
Pedestrian -1 -1 -4.7822 691.7225 165.7522 716.4791 234.5704 1.6874 0.5606 0.7466 2.4362 1.3261 17.7280 -4.6463 0.1019
Pedestrian -1 -1 -4.6919 882.4830 189.7297 919.0244 285.2921 1.3281 0.4760 0.5598 4.2334 1.4668 10.2452 -4.3092 0.0868
Cyclist -1 -1 -6.3097 654.9092 137.2626 686.4951 170.3026 1.8222 0.6626 1.7451 3.6601 -0.5770 39.6243 -6.2161 0.0860
Cyclist -1 -1 -6.7888 816.2493 167.7393 886.2337 235.4301 1.6821 0.5974 1.5942 6.2212 1.3653 18.0040 -6.4599 0.0808
Pedestrian -1 -1 -3.5611 397.0094 168.2343 443.0990 248.5161 1.6888 0.5770 0.8036 -4.0589 1.4311 15.3492 -3.8127 0.0797
Pedestrian -1 -1 -6.6303 1116.9529 152.2989 1184.4899 267.3316 1.8206 0.5681 0.7191 8.8596 1.3746 11.5663 -5.9883 0.0761
Cyclist -1 -1 -8.1088 671.1908 159.6994 710.9888 234.8628 1.7895 0.5722 1.6988 2.0926 1.2946 17.7139 -7.9915 0.0749
Pedestrian -1 -1 -7.8230 263.8730 163.6702 301.9951 256.6801 1.7390 0.6415 0.8801 -6.2952 1.4247 13.7485 -8.2418 0.0731
Pedestrian -1 -1 -8.2590 546.3515 160.7612 581.0365 236.0813 1.8296 0.6134 0.7621 -1.0781 1.3504 17.6526 -8.3172 0.0730
Pedestrian -1 -1 -6.8073 890.2672 161.0921 946.5107 265.9302 1.7207 0.5806 0.6637 5.2298 1.4026 11.9326 -6.4023 0.0710
Pedestrian -1 -1 -5.7515 816.9821 175.9365 862.0374 254.6079 1.5177 0.5043 0.6909 4.6158 1.4300 14.0655 -5.4394 0.0707
Cyclist -1 -1 -4.6862 669.9763 138.6871 679.0547 169.7968 1.6936 0.4680 1.5912 3.9123 -0.6159 39.8744 -4.5869 0.0696
Cyclist -1 -1 -4.9622 656.4638 138.5742 672.2834 169.8998 1.7046 0.4990 1.6405 3.3290 -0.6108 39.8994 -4.8774 0.0689
Pedestrian -1 -1 -7.8869 611.4030 162.2354 637.6951 235.5703 1.7953 0.6304 0.7863 0.4405 1.3485 17.7047 -7.8607 0.0674
Cyclist -1 -1 -7.9242 510.8400 161.9142 550.5765 262.9524 1.7376 0.6045 1.7795 -1.4461 1.4184 13.0884 -8.0298 0.0657
Pedestrian -1 -1 -8.2476 456.8943 171.9902 496.8126 252.0945 1.6502 0.5635 0.8273 -2.7812 1.4752 15.0659 -8.4247 0.0651
Pedestrian -1 -1 -4.5998 1103.7852 156.1801 1149.6874 269.5078 1.7885 0.5464 0.6179 8.4898 1.4050 11.5706 -3.9782 0.0631
Pedestrian -1 -1 -4.4572 1084.4342 154.2912 1135.8359 267.6338 1.7851 0.5400 0.6676 8.2080 1.3727 11.5579 -3.8510 0.0623
Pedestrian -1 -1 -5.7158 582.8381 162.6771 622.7755 236.6528 1.7961 0.6256 0.7831 -0.0950 1.3637 17.6405 -5.7193 0.0622
Pedestrian -1 -1 -3.5978 707.3550 155.5425 750.2363 230.4696 1.8658 0.6076 0.9003 3.1097 1.2446 18.0252 -3.4282 0.0622
Pedestrian -1 -1 -4.4875 863.0437 190.8816 901.4127 275.3282 1.2694 0.4767 0.4290 4.2700 1.4361 11.0156 -4.1256 0.0619
Pedestrian -1 -1 -5.8587 1020.8251 160.2981 1072.7697 270.6646 1.7647 0.5529 0.5534 7.2523 1.4421 11.6900 -5.3139 0.0583
Pedestrian -1 -1 -7.8038 667.5679 165.7022 701.2834 259.9682 1.6976 0.5881 0.8269 1.4425 1.4315 13.1879 -7.6957 0.0576
Pedestrian -1 -1 -4.7032 861.9390 195.7197 892.0019 275.4078 1.2195 0.4370 0.4944 4.2734 1.4686 11.2468 -4.3477 0.0569
Pedestrian -1 -1 -4.2627 858.6718 161.8110 910.3221 267.4380 1.7224 0.5576 0.7280 4.6890 1.4180 11.9820 -3.8969 0.0567
Cyclist -1 -1 -5.9851 663.2449 161.6102 754.6638 250.8698 1.7207 0.5664 1.7335 2.0424 1.3569 14.2550 -5.8441 0.0559
Pedestrian -1 -1 -6.4604 570.6270 163.0511 618.6442 248.9378 1.7454 0.5150 0.9216 -0.2668 1.3911 14.7096 -6.4763 0.0550
Pedestrian -1 -1 -4.9035 776.9193 159.9848 821.0281 263.6892 1.7419 0.5906 0.8036 3.3116 1.3977 12.2967 -4.6451 0.0544
Cyclist -1 -1 -4.9441 826.1088 153.9626 882.1683 264.3201 1.8323 0.5546 1.6653 4.3557 1.3921 12.5949 -4.6171 0.0536
Pedestrian -1 -1 -4.4679 220.8405 161.0371 262.4225 252.6935 1.7751 0.5580 0.8004 -7.3026 1.3985 14.1451 -4.9335 0.0532
Pedestrian -1 -1 -4.9707 635.9718 173.2556 672.8263 259.8570 1.5315 0.4827 0.7929 0.8472 1.4038 12.9393 -4.9051 0.0528
Cyclist -1 -1 -3.0464 649.0829 141.1697 680.0812 172.3039 1.7382 0.6024 1.7048 3.3749 -0.4706 40.1605 -2.9610 0.0521
Pedestrian -1 -1 -5.0883 476.8348 187.5189 508.3034 251.8778 1.3288 0.4746 0.6018 -2.4430 1.4824 15.0601 -5.2440 0.0518
Pedestrian -1 -1 -8.3404 775.5484 167.3669 809.1793 233.4126 1.6204 0.5737 0.6543 4.6511 1.2985 17.7318 -8.0866 0.0512
Cyclist -1 -1 -8.0272 833.3738 166.1990 863.5010 233.7518 1.6779 0.4725 1.5259 6.2608 1.3230 18.3517 -7.7020 0.0511
Pedestrian -1 -1 -5.1747 960.2518 162.2283 1014.4537 269.0218 1.7043 0.5484 0.6431 6.2166 1.4131 11.6107 -4.6928 0.0507
Car -1 -1 -2.5014 0.0000 187.3148 124.3741 230.0834 1.4626 1.6817 4.4832 -20.0931 1.7158 25.3542 -3.1638 0.1640
Car -1 -1 -7.8414 657.1859 139.2715 687.3115 168.2602 1.5421 1.6701 3.7948 3.9363 -0.7484 41.2609 -7.7448 0.1074
Car -1 -1 -3.1463 484.9013 165.2747 648.6182 234.1879 1.6945 1.7063 4.0471 -1.0243 1.3205 18.3543 -3.1993 0.0680
