Car -1 -1 -8.4357 839.2412 199.4410 1241.0000 374.0000 1.4746 1.6330 3.9401 2.6950 1.6950 4.0003 -7.8777 0.9165
Pedestrian -1 -1 -6.6842 1027.6757 167.5442 1051.2356 204.7814 1.9594 0.5893 0.9166 22.7628 1.6797 38.3190 -6.1520 0.2952
Car -1 -1 -7.9725 637.4666 174.5079 663.8589 197.8613 1.7858 1.6271 4.0259 3.1791 1.9221 57.5268 -7.9180 0.2272
Car -1 -1 -4.3738 306.2887 147.2937 357.9738 177.5080 1.7486 1.6837 4.0113 -16.8247 0.2690 43.7851 -4.7387 0.1700
Car -1 -1 -2.5636 0.0000 142.5516 82.6031 202.5773 1.5821 1.6510 3.9599 -17.3759 0.7831 20.0907 -3.2701 0.1608
Pedestrian -1 -1 -6.6197 1094.6630 173.3237 1107.0760 205.7853 1.8679 0.5144 0.4486 28.4197 1.8950 41.8324 -6.0266 0.1490
Car -1 -1 -7.6227 545.1995 176.8840 573.2136 196.9009 1.6364 1.6024 3.6249 -4.3340 1.9913 61.6755 -7.6930 0.1426
Pedestrian -1 -1 -4.6489 908.1017 164.0432 935.5683 240.9591 1.9115 0.6011 0.8002 7.9158 1.6923 18.4240 -4.2496 0.1165
Cyclist -1 -1 -6.4028 978.6969 170.1352 1042.2051 222.9674 1.7165 0.7970 1.7699 13.3194 1.6278 24.1398 -5.9043 0.1141
Pedestrian -1 -1 -6.1180 0.0000 162.0788 7.3154 212.5555 1.8101 0.4390 0.2204 -22.0515 1.4234 26.1193 -6.8142 0.1071
Car -1 -1 -5.8519 1157.1426 192.6724 1241.0000 374.0000 1.5041 1.5754 3.6308 7.1369 1.7304 6.2768 -5.0263 0.0907
Cyclist -1 -1 -5.4879 0.0000 174.3220 72.8327 253.9687 1.6582 0.7238 1.8629 -12.7512 1.6904 15.5061 -6.1678 0.0841
Car -1 -1 -3.3029 735.3860 174.7257 779.9402 191.3960 1.5558 1.6568 3.9226 13.9596 1.7354 68.4477 -3.1029 0.0833
Cyclist -1 -1 -3.3054 1054.7585 181.4283 1109.2894 225.9267 1.6745 0.6853 1.6812 18.2803 2.0152 28.0496 -2.7332 0.0799
Pedestrian -1 -1 -5.0545 41.4758 154.1965 60.1219 199.1010 1.9205 0.5628 0.3198 -24.2077 1.1222 31.1821 -5.7106 0.0750
Pedestrian -1 -1 -4.2402 868.7567 167.9240 904.3690 242.0459 1.8957 0.6361 0.6771 7.2000 1.7693 18.9170 -3.8825 0.0720
Pedestrian -1 -1 -8.5063 955.3105 183.0114 983.0544 227.2668 1.7436 0.7201 0.7020 14.4031 2.1579 29.0332 -8.0505 0.0719
Car -1 -1 -4.7091 364.7376 151.0547 394.3079 178.5910 1.6228 1.6701 3.7638 -14.2579 0.3378 44.5670 -5.0171 0.0684
Car -1 -1 -7.3604 103.2680 147.2807 171.4120 173.9886 1.5126 1.6629 4.0539 -28.0748 0.0640 42.9532 -7.9366 0.0633
Cyclist -1 -1 -4.6683 1019.9112 172.0684 1036.8048 216.0696 1.7970 0.5475 1.7856 17.5713 1.7646 30.3680 -4.1485 0.0631
Cyclist -1 -1 -7.2063 104.4751 155.4182 167.2997 225.7887 1.7885 0.4733 1.6807 -12.6262 1.3450 19.1930 -7.7820 0.0618
Car -1 -1 -4.5667 601.8721 177.9192 629.8710 197.7284 1.4946 1.6614 4.1280 0.4798 1.9147 57.7150 -4.5589 0.0611
Pedestrian -1 -1 -3.9833 253.4785 156.9994 296.4769 227.8122 1.9453 0.6646 0.9068 -9.4898 1.5095 20.3526 -4.4150 0.0602
Pedestrian -1 -1 -8.2374 894.9299 173.8286 920.7265 227.4610 1.8258 0.6415 0.6009 10.2156 1.8596 24.8757 -7.8525 0.0594
Car -1 -1 -4.4776 292.5105 156.0916 352.0498 193.8876 1.6131 1.6465 3.8910 -13.0518 0.8974 32.8367 -4.8533 0.0584
Pedestrian -1 -1 -6.9995 14.1738 161.9569 52.0805 220.5278 1.8729 0.6362 0.7244 -18.8179 1.5242 23.4869 -7.6695 0.0576
Car -1 -1 -7.2358 84.9880 154.8503 197.4163 200.6919 1.4808 1.5959 3.3809 -16.1840 0.8989 25.0347 -7.8049 0.0571
Car -1 -1 -6.7713 734.7884 179.0166 786.6738 201.2097 1.7080 1.6443 3.7152 11.9895 2.2106 57.5681 -6.5674 0.0548
Cyclist -1 -1 -7.2188 1085.1396 167.8643 1163.4988 244.5226 1.7853 0.6508 1.7271 12.3423 1.6688 17.3896 -6.6102 0.0510
Car -1 -1 -7.4826 75.2387 149.4560 134.4802 177.2567 1.5626 1.5867 3.7949 -29.7660 0.2472 42.5849 -8.0898 0.0502
Pedestrian -1 -1 -7.6845 520.1099 177.1673 535.5834 210.3276 1.7305 0.6784 0.8700 -4.3867 1.9614 38.2254 -7.7985 0.3189
Cyclist -1 -1 -4.2840 786.6469 178.6342 811.3151 214.1748 1.7257 0.5284 1.7333 9.4359 2.0217 36.1467 -4.0312 0.2309
Cyclist -1 -1 -5.1663 693.4602 179.8013 737.4702 242.7559 1.6213 0.5048 1.6468 2.7981 1.8183 19.6334 -5.0278 0.2292
Pedestrian -1 -1 -7.3732 346.7645 173.0230 388.4210 245.1977 1.6859 0.6751 0.7499 -5.8477 1.6897 17.2794 -7.6955 0.1383
Cyclist -1 -1 -4.9792 771.6578 169.7167 799.8160 220.7919 1.8680 0.6042 1.6739 6.5719 1.7530 27.2359 -4.7455 0.1190
Cyclist -1 -1 -7.9200 652.0217 177.4696 660.6711 205.9231 1.7002 0.4210 1.5832 2.7968 1.9874 44.1633 -7.8577 0.1187
Pedestrian -1 -1 -5.8328 536.5952 177.5111 550.1328 204.5226 1.7500 0.6384 0.6735 -4.4005 2.0577 47.3071 -5.9255 0.1099
Cyclist -1 -1 -8.0752 645.7949 178.0240 657.1334 205.8457 1.6636 0.3621 1.5362 2.5006 1.9859 44.2254 -8.0196 0.1070
Pedestrian -1 -1 -3.3483 750.8145 174.2166 772.3474 217.3138 1.8852 0.6137 0.8208 6.6521 1.9457 31.8895 -3.1452 0.1029
Cyclist -1 -1 -5.4241 745.2124 173.8641 782.1707 216.7214 1.7968 0.5893 1.7013 6.5830 1.8414 31.1800 -5.2186 0.0968
Pedestrian -1 -1 -7.9062 813.9566 171.8981 827.9941 213.2934 1.9287 0.6012 0.6001 9.8904 1.8839 33.9791 -7.6259 0.0929
Pedestrian -1 -1 -6.4441 527.7759 179.7818 542.3493 208.7855 1.5941 0.6209 0.7175 -4.2188 1.9839 40.2390 -6.5484 0.0917
Pedestrian -1 -1 -7.4521 293.7380 163.0933 345.9705 272.1729 1.8020 0.5662 0.7785 -4.9932 1.6405 12.3157 -7.8304 0.0646
Cyclist -1 -1 -7.5852 306.5754 161.4339 365.7672 272.1545 1.8481 0.5331 1.7801 -4.9329 1.6572 12.9537 -7.9429 0.0601
Cyclist -1 -1 -7.6799 770.1927 178.9028 789.5400 220.8535 1.7389 0.5401 1.6406 7.2675 2.0058 31.0167 -7.4525 0.0586
Cyclist -1 -1 -7.2342 509.8472 176.4741 539.7385 214.6800 1.7228 0.5457 1.6124 -3.9896 1.8949 33.5323 -7.3523 0.0584
Cyclist -1 -1 -3.6670 770.0594 175.8195 807.4328 212.2311 1.8013 0.6311 1.7470 8.9595 1.9526 36.3337 -3.4277 0.0541
Cyclist -1 -1 -4.9339 763.6207 177.8212 783.5716 212.4714 1.7122 0.6142 1.7564 8.2884 1.9712 36.7844 -4.7146 0.0522
Cyclist -1 -1 -8.0747 858.8633 176.3414 878.4835 211.9378 1.5621 0.4591 1.7406 11.6791 1.7243 32.7289 -7.7353 0.0516
Cyclist -1 -1 -3.4237 758.4427 170.2650 806.6348 219.4394 1.8203 0.6575 1.6397 6.4204 1.7241 27.0802 -3.1940 0.0501
Car -1 -1 -8.0719 707.6849 188.3610 832.5245 271.9919 1.3890 1.5722 4.1513 3.0637 1.7528 14.8494 -7.8734 0.9628
Car -1 -1 -5.5601 0.0000 190.9178 310.9077 346.1327 1.4254 1.6513 4.3203 -5.8201 1.6495 7.9171 -6.1783 0.9448
Car -1 -1 -2.6388 0.0000 184.2832 332.3977 296.4463 1.4738 1.5125 3.8900 -6.3144 1.6521 10.4600 -3.1711 0.9016
Car -1 -1 -7.9267 657.1317 176.7861 701.3459 216.5780 1.7464 1.7510 4.5257 3.1896 1.9459 34.3954 -7.8356 0.8872
Car -1 -1 -2.6952 101.9103 164.4730 364.0965 273.7267 1.8219 1.6863 3.8076 -6.6418 1.6818 12.9147 -3.1624 0.8176
Car -1 -1 -2.9318 393.6944 178.7718 505.3174 218.8148 1.5532 1.5916 4.1439 -6.4405 1.7977 29.0369 -3.1486 0.5975
Car -1 -1 -2.9393 374.7579 185.3881 506.6800 232.1198 1.4254 1.6205 3.9051 -5.4425 1.8453 23.3285 -3.1666 0.5672
Car -1 -1 -6.1219 459.5297 172.9661 545.0627 206.9514 1.8900 1.7496 4.5903 -6.1129 1.8962 41.0381 -6.2693 0.4560
Car -1 -1 -2.8922 423.9992 180.5728 529.7179 216.3130 1.4933 1.6205 4.2732 -5.8094 1.8404 31.5137 -3.0736 0.4397
Car -1 -1 -4.6011 634.7699 178.6142 656.2228 194.9994 1.4704 1.6270 3.6770 3.3529 2.0290 68.0640 -4.5525 0.4130
Car -1 -1 -8.4739 696.2016 184.4415 821.3859 247.2074 1.4368 1.5920 3.2965 3.7709 1.7714 19.0231 -8.2821 0.3695
Car -1 -1 -2.9148 474.3022 175.6426 543.1400 206.7163 1.8145 1.6032 3.8264 -6.0796 1.9852 43.2727 -3.0540 0.3000
Car -1 -1 -7.9451 645.3945 178.1136 677.0571 205.2777 1.6046 1.6147 4.0565 3.1490 1.9506 45.4611 -7.8769 0.2846
Car -1 -1 -2.9921 490.4459 176.3026 552.6185 201.6684 1.6458 1.6726 3.8957 -5.8780 1.8789 47.9471 -3.1138 0.2604
Car -1 -1 -6.0221 406.7996 182.4093 533.4377 224.8155 1.4700 1.5763 4.2825 -5.1033 1.8314 26.3733 -6.2119 0.2508
Car -1 -1 -2.6562 512.8066 178.0166 563.0527 197.8968 1.4811 1.5885 3.5403 -5.6078 1.8907 55.8863 -2.7561 0.2454
Car -1 -1 -3.1279 456.1888 179.4366 534.8989 210.4291 1.5821 1.5950 4.0495 -6.0985 1.9416 38.3688 -3.2849 0.2183
Car -1 -1 -2.5118 438.7625 180.3288 529.4756 214.8401 1.5211 1.6383 4.0356 -6.0056 1.8912 34.1308 -2.6851 0.2055
Car -1 -1 -3.9428 252.6223 180.1118 397.7935 243.7243 1.5463 1.5472 3.7779 -7.8177 1.7682 20.0460 -4.3106 0.1102
Car -1 -1 -4.8791 699.8839 178.0756 735.8701 203.6775 1.5723 1.6800 3.9368 6.9612 1.9273 47.1089 -4.7338 0.0938
Car -1 -1 -6.5013 801.7440 182.6734 921.9120 227.5878 1.5184 1.6454 3.7930 8.8955 1.8840 25.8647 -6.1742 0.0903
Car -1 -1 -2.9672 224.8972 178.8858 402.4922 245.4531 1.4905 1.5748 3.7664 -7.1045 1.6464 17.5214 -3.3476 0.0899
Car -1 -1 -4.5993 760.4377 183.3469 811.0668 224.3311 1.4553 1.5524 3.7770 7.0003 1.9021 28.7050 -4.3632 0.0715
Car -1 -1 -2.8550 487.6416 178.1906 555.8990 203.5773 1.5590 1.6808 4.0040 -5.6298 1.9072 45.9548 -2.9767 0.0705
Car -1 -1 -1.9663 0.0000 183.2137 0.0000 374.0000 1.5283 1.5628 3.8855 -7.0613 1.6213 5.2280 -2.8750 0.0616
