Pedestrian -1 -1 -3.1683 417.5672 179.0393 428.4166 200.4877 1.8761 0.5276 0.9136 -16.5375 2.4253 63.7136 -3.4216 0.2348
Pedestrian -1 -1 -5.5758 505.7617 170.5981 519.4122 195.6367 1.9715 0.5511 0.9421 -7.7632 1.7935 57.2987 -5.7102 0.2080
Pedestrian -1 -1 -8.1259 1214.8904 173.2047 1241.0000 236.5901 1.6738 0.5801 0.4118 16.6202 1.6831 19.3648 -7.4246 0.1268
Pedestrian -1 -1 -3.5907 0.0000 165.9082 40.9827 259.1200 1.8244 0.5799 0.7254 -12.1246 1.6881 14.5733 -4.2758 0.1258
Pedestrian -1 -1 -7.7804 53.7325 171.3067 83.0582 230.0826 1.9068 0.7316 0.5991 -17.9463 1.8563 23.8572 -8.4202 0.0988
Car -1 -1 -4.4330 340.1818 183.1443 382.3030 208.4163 1.5804 1.6420 4.0398 -16.8162 2.3062 48.8571 -4.7631 0.0893
Pedestrian -1 -1 -8.8535 1043.2828 175.6402 1069.9498 231.6847 1.6191 0.5626 0.4325 13.0681 1.7019 21.1941 -8.3078 0.0869
Pedestrian -1 -1 -4.4588 137.1693 178.4044 170.6725 250.9983 1.7079 0.5592 0.5548 -11.0275 1.8439 17.3772 -5.0176 0.0713
Car -1 -1 -4.4858 294.3028 181.0720 337.4895 209.2456 1.5581 1.5811 3.7317 -17.5119 2.0702 43.0191 -4.8705 0.0665
Car -1 -1 -4.1475 611.9546 174.8171 660.8165 196.9497 1.6347 1.7182 4.3715 2.0640 1.7930 55.9877 -4.1113 0.0640
Pedestrian -1 -1 -2.7612 625.9056 170.0669 638.2076 192.2088 1.7974 0.5038 0.8812 1.7772 1.5709 58.9787 -2.7316 0.0513
Car -1 -1 -7.7380 524.0077 171.4936 546.6005 191.2621 1.8526 1.7028 4.1584 -7.2037 1.7248 69.7092 -7.8409 0.0503
Pedestrian -1 -1 -5.0778 831.6979 160.0582 874.6951 244.1647 1.9798 0.6989 0.9155 5.8198 1.6783 17.4586 -4.7619 0.5430
Pedestrian -1 -1 -4.7913 910.0784 178.3067 931.0393 227.9436 1.5370 0.5587 0.5937 9.7566 1.7117 22.7927 -4.3922 0.3771
Pedestrian -1 -1 -4.8685 1068.4226 160.9419 1137.1479 298.8544 1.7679 0.6589 0.6380 6.5313 1.6149 9.6752 -4.2895 0.3140
Cyclist -1 -1 -7.7563 700.9768 175.7280 707.9935 196.1421 1.5468 0.3941 1.5144 7.2659 1.7714 55.6757 -7.6276 0.1450
Cyclist -1 -1 -2.7806 723.8444 171.3936 756.5934 203.6799 1.7788 0.6680 1.6798 7.2630 1.6980 40.4691 -2.6048 0.1086
Pedestrian -1 -1 -3.1060 1029.8032 146.0098 1112.7660 296.7834 1.9206 0.5500 0.9147 6.1183 1.5783 9.6728 -2.5564 0.0770
Cyclist -1 -1 -8.1251 695.6713 175.7149 707.3172 196.2618 1.5538 0.4858 1.5643 7.0159 1.7771 55.5981 -8.0007 0.0728
Pedestrian -1 -1 -7.4125 274.2165 189.8200 365.3756 353.9450 1.5711 0.6237 0.6908 -2.9924 1.7521 7.3476 -7.7879 0.0535
Car -1 -1 -8.1322 787.5682 181.0415 946.3666 293.6736 1.5231 1.5125 3.2202 3.9074 1.6733 11.6320 -7.8169 0.9504
Car -1 -1 -4.4738 421.5425 183.6097 527.3602 254.5945 1.5020 1.6770 3.9275 -3.2713 1.7983 17.8866 -4.6528 0.9492
Car -1 -1 -4.1375 0.0000 195.5105 352.9483 374.0000 1.4869 1.6416 3.9404 -3.7463 1.7356 5.9357 -4.6812 0.9465
Car -1 -1 -8.0474 741.7012 179.5245 846.5869 255.6161 1.5487 1.6360 3.7789 4.1329 1.7229 16.9442 -7.8130 0.9368
Car -1 -1 -8.0160 711.1630 181.4869 783.0135 231.4321 1.4497 1.6365 4.1675 4.3633 1.7589 23.7656 -7.8374 0.9234
Car -1 -1 -4.5151 568.3458 179.0166 612.9041 210.1702 1.5070 1.6319 3.7026 -0.9979 1.8450 37.6430 -4.5420 0.8249
Car -1 -1 -4.4999 483.1677 181.8404 552.9899 234.5065 1.5331 1.5683 3.3273 -2.9418 1.8447 23.3185 -4.6247 0.7712
Car -1 -1 -4.4668 656.4330 176.8736 696.8009 201.0442 1.5073 1.7336 4.0904 4.4402 1.7865 47.9510 -4.3755 0.7549
Car -1 -1 -7.8511 708.4370 179.7352 748.6611 217.1143 1.4786 1.6176 3.7866 5.0894 1.7956 31.2762 -7.6919 0.7017
Car -1 -1 -4.5265 520.0092 181.5755 575.8843 220.5518 1.4954 1.6502 4.0356 -2.6100 1.8916 30.7100 -4.6112 0.6917
Car -1 -1 -4.5466 416.5947 186.0071 484.7367 237.3664 1.4064 1.5012 3.5414 -4.9290 1.8489 22.4872 -4.7606 0.2935
Car -1 -1 -7.5625 794.5292 168.5536 834.2656 192.2498 1.6619 1.6762 4.1769 14.9682 1.3600 52.8168 -7.2881 0.2132
Car -1 -1 -4.1512 0.0000 192.5706 55.4701 222.5592 1.4782 1.6227 4.2308 -33.5167 2.6491 40.6601 -4.8376 0.1796
Car -1 -1 -4.6229 698.1768 174.6674 722.2150 194.2258 1.4739 1.5463 3.7952 7.8842 1.6214 56.7736 -4.4860 0.1656
Car -1 -1 -4.6339 819.9932 171.2174 858.1384 203.5194 1.6045 1.6187 3.9841 12.0628 1.5229 37.9909 -4.3291 0.1546
Car -1 -1 -7.9889 748.6052 175.2158 781.2069 200.0350 1.4891 1.5176 3.6725 9.6993 1.6440 45.5371 -7.7808 0.1056
Car -1 -1 -4.0859 321.2652 183.2890 364.6327 200.6757 1.5640 1.7000 4.3837 -25.8906 2.6107 70.0534 -4.4390 0.0961
Car -1 -1 -7.5585 727.3191 173.2989 774.1446 202.9566 1.6308 1.6030 3.9102 8.1681 1.6576 41.8405 -7.3675 0.0936
Car -1 -1 -4.8883 423.0825 182.3772 457.6965 207.0586 1.4796 1.5465 3.7897 -11.0878 2.1250 46.8796 -5.1197 0.0820
Car -1 -1 -4.3128 592.4243 176.2751 643.4357 204.4231 1.5880 1.6615 3.9533 0.4933 1.8035 43.3713 -4.3020 0.0738
Car -1 -1 -6.9662 0.0000 0.0000 1241.0000 374.0000 1.5156 1.6270 3.7655 -2.7264 1.6815 0.9626 -8.1086 0.0719
Car -1 -1 -4.1501 496.7938 181.4612 562.1396 210.4792 1.4286 1.6213 4.0026 -4.3207 1.9186 38.9540 -4.2604 0.0623
Car -1 -1 -4.8097 471.5733 180.4061 506.8093 208.4177 1.4442 1.5604 4.0197 -6.8608 1.8902 40.4995 -4.9769 0.0615
Car -1 -1 -4.3919 595.5333 176.7713 638.1865 200.2600 1.4925 1.6313 4.2681 0.4844 1.7701 48.8925 -4.3826 0.0614
Car -1 -1 -4.6800 566.0389 177.8821 595.8488 204.2758 1.4846 1.6633 4.1710 -1.7431 1.8018 43.4736 -4.7203 0.0584
Car -1 -1 -4.0297 491.6877 183.7453 568.4807 214.5170 1.3751 1.6227 4.0195 -3.9476 1.9485 35.8779 -4.1391 0.0556
