Car -1 -1 -4.0756 251.5956 186.2453 369.9421 236.5465 1.4461 1.5663 3.9720 -9.8543 1.9303 23.9893 -4.4619 0.9269
Car -1 -1 -7.7454 662.9647 175.3439 694.6172 200.0187 1.4737 1.5803 3.9310 4.3517 1.6379 45.5975 -7.6513 0.7587
Pedestrian -1 -1 -5.8498 788.1893 161.0318 822.9191 218.6243 1.8891 0.6263 0.9506 6.5131 1.5010 24.2120 -5.5907 0.2948
Pedestrian -1 -1 -6.8103 789.1130 167.1584 803.3764 201.2735 1.7761 0.5589 0.5130 9.7430 1.4793 37.9045 -6.5610 0.1583
Car -1 -1 -6.7531 1059.1042 155.0906 1144.6481 180.5471 1.6968 1.7103 4.5409 33.4570 0.5125 49.2237 -6.1590 0.1544
Pedestrian -1 -1 -4.9277 967.2607 151.7250 999.3784 221.6435 1.9735 0.6171 1.0151 10.7694 1.3768 20.9346 -4.4587 0.1292
Pedestrian -1 -1 -6.1674 598.5743 171.4123 632.7059 249.2679 1.7755 0.5981 0.7326 0.0854 1.7423 16.7953 -6.1635 0.1270
Car -1 -1 -4.0227 160.3665 192.8607 255.0663 228.4859 1.4794 1.6657 4.2168 -19.2552 2.5026 34.6884 -4.5265 0.1174
Car -1 -1 -4.4946 124.2316 195.9113 158.6144 217.6184 1.6515 1.6351 3.9867 -39.9934 3.6893 61.6250 -5.0686 0.1087
Pedestrian -1 -1 -3.0408 853.0205 167.6771 862.7236 192.7406 1.7599 0.6752 0.5866 17.5222 1.3961 51.0925 -2.7125 0.0910
Pedestrian -1 -1 -7.7201 618.0588 174.0806 648.6041 240.2201 1.6636 0.6874 0.8249 0.5590 1.6957 18.6283 -7.6915 0.0834
Pedestrian -1 -1 -1.8930 207.1126 189.4409 233.4387 238.1149 1.5151 0.5766 0.6259 -12.5644 2.0572 23.1728 -2.3853 0.0718
Car -1 -1 -4.6727 694.3347 171.4824 714.7023 190.1274 1.6178 1.6555 4.1724 8.4935 1.4985 64.8039 -4.5433 0.0701
Car -1 -1 -4.3851 265.3090 176.2967 298.9942 196.1114 1.8356 1.7467 4.0588 -31.6309 2.1778 69.6791 -4.8100 0.0681
Pedestrian -1 -1 -4.0129 554.1436 168.6082 591.1138 236.3822 1.7601 0.5687 0.8556 -1.0431 1.6495 19.2509 -4.0671 0.0672
Pedestrian -1 -1 -3.4551 580.8600 171.3612 624.3486 251.1954 1.7439 0.5752 0.8364 -0.2222 1.7110 16.1682 -3.4697 0.0652
Car -1 -1 -4.8089 1148.4525 159.2660 1195.3066 188.7971 1.5821 1.7002 3.8859 31.6310 0.8539 40.7543 -4.1525 0.0647
Car -1 -1 -7.9353 834.6591 170.8793 856.1633 188.3356 1.6389 1.6514 3.9763 22.7441 1.4532 69.8678 -7.6221 0.0601
Car -1 -1 -4.9375 871.8670 171.0256 899.6846 187.8260 1.5730 1.6257 4.0954 26.5775 1.4015 69.6964 -4.5748 0.0591
Car -1 -1 -4.4664 580.6422 177.3836 632.5270 210.6422 1.5216 1.6257 4.1015 -0.1451 1.7597 35.7924 -4.4710 0.0575
Car -1 -1 -2.2704 0.0000 209.0636 36.2303 245.1603 1.5669 1.6647 4.1009 -30.2393 3.3689 34.7670 -2.9826 0.0563
Car -1 -1 -4.4656 20.4763 204.7696 78.0305 238.1055 1.4457 1.4102 4.0161 -29.0822 3.1972 37.4797 -5.1223 0.0536
Pedestrian -1 -1 -6.5333 949.8580 169.1411 1004.0699 266.9193 1.6962 0.5325 0.7473 6.4704 1.6315 12.8540 -6.0770 0.0534
Car -1 -1 -4.7174 909.9437 170.4670 928.7017 186.6513 1.5267 1.6336 4.0662 30.0786 1.3013 70.2569 -4.3146 0.0532
Pedestrian -1 -1 -6.8910 780.1232 165.6546 797.1651 198.1784 1.9094 0.7095 0.7013 10.5625 1.4864 42.8167 -6.6511 0.0521
Pedestrian -1 -1 -7.4164 1114.6802 168.3645 1143.9178 229.3650 1.5792 0.5188 0.3676 13.6185 1.4627 18.9963 -6.8021 0.0510
Car -1 -1 -4.7269 243.8057 199.7470 266.0649 221.4151 1.5624 1.5911 4.0213 -29.3385 3.8608 59.5224 -5.1834 0.0507
Car -1 -1 -4.1996 29.0101 194.8948 91.0158 223.1981 1.7011 1.5651 3.9894 -37.0565 3.2517 48.6899 -4.8477 0.0502
Cyclist -1 -1 -4.7378 380.4742 187.3100 392.9038 223.9619 1.6162 0.5073 1.6348 -10.3687 2.3012 33.3479 -5.0375 0.3047
Cyclist -1 -1 -2.8280 503.8717 177.8816 552.4487 228.8338 1.6468 0.5931 1.4849 -2.7474 1.8157 23.8448 -2.9422 0.0863
Pedestrian -1 -1 -6.9869 781.8902 169.0779 798.0036 199.9154 1.7984 0.7364 0.5830 10.5705 1.5779 42.5387 -6.7453 0.0705
Cyclist -1 -1 -4.8037 468.1971 183.7756 479.3305 211.6299 1.6807 0.5294 1.7075 -8.5616 2.3770 45.1301 -4.9906 0.0675
Pedestrian -1 -1 -7.1842 781.6349 174.5812 797.6951 202.1031 1.5415 0.6227 0.6375 10.1490 1.6402 40.9100 -6.9431 0.0625
Cyclist -1 -1 -7.9775 511.7643 180.9700 520.1070 205.0581 1.6350 0.3867 1.5544 -6.5951 2.2097 50.3166 -8.1077 0.0608
Cyclist -1 -1 -4.8472 511.5063 180.3246 532.2666 230.9262 1.6066 0.4923 1.4228 -2.9729 1.8613 23.8807 -4.9704 0.0571
Car -1 -1 -7.5979 688.4999 173.7663 733.4822 202.9768 1.5419 1.6269 3.6055 5.6295 1.5949 40.1881 -7.4602 0.9473
Car -1 -1 -4.4383 473.2847 184.7075 514.4338 211.3436 1.4082 1.5046 3.2535 -6.6514 2.1154 41.3643 -4.5972 0.8545
Car -1 -1 -7.1902 509.7385 181.3580 622.5466 229.5635 1.4751 1.6593 4.2236 -1.4717 1.7963 25.0677 -7.2490 0.4263
Car -1 -1 -7.9811 766.3319 173.6884 802.0221 200.3483 1.4978 1.5626 3.8186 10.2084 1.5491 42.6414 -7.7481 0.1573
Car -1 -1 -4.3489 509.3959 176.4129 551.2025 203.0821 1.8001 1.6385 4.0251 -5.6613 2.0641 51.4305 -4.4584 0.1291
Car -1 -1 -7.8254 352.5580 188.3540 390.7865 221.9578 1.4158 1.6164 3.9526 -11.3749 2.2019 34.4834 -8.1422 0.1280
Car -1 -1 -4.7247 491.7397 181.0397 518.9226 206.5911 1.5417 1.6790 4.0215 -6.8785 2.0988 47.0101 -4.8696 0.1180
Car -1 -1 -5.0177 442.6068 184.6532 485.0480 210.3694 1.5068 1.5797 3.8399 -9.4379 2.2962 46.2315 -5.2184 0.1115
Car -1 -1 -5.6923 436.8780 183.8315 524.9052 215.4571 1.4753 1.6912 4.1252 -6.5520 2.0528 36.3747 -5.8698 0.1067
Car -1 -1 -6.7394 608.0124 175.1952 666.9507 197.8606 1.5290 1.6341 3.7907 1.8934 1.6975 50.5073 -6.7026 0.1012
Car -1 -1 -4.5778 389.9473 187.3647 435.8113 220.5114 1.4315 1.6337 3.8742 -9.5278 2.1751 34.9619 -4.8424 0.0833
Car -1 -1 -4.1385 538.3165 179.9131 592.9436 203.9842 1.5424 1.7222 4.2780 -3.0433 2.0523 49.8609 -4.1996 0.0802
Car -1 -1 -4.5800 573.1462 180.2281 604.1144 202.3387 1.3864 1.5938 3.8343 -1.4315 1.9027 48.5581 -4.6098 0.0580
Car -1 -1 -4.5078 603.0151 178.3324 640.9260 202.7386 1.4774 1.6391 4.2569 0.7952 1.8507 46.9474 -4.4915 0.0508
