Pedestrian -1 -1 -4.6527 418.2765 161.5390 433.2505 202.8552 1.9538 0.6649 0.4774 -8.8264 1.4184 34.4182 -4.9022 0.2064
Pedestrian -1 -1 -6.9169 925.8096 160.7643 936.2454 196.5910 1.6987 0.4647 0.2220 15.2904 1.1252 34.4622 -6.5027 0.1765
Car -1 -1 -8.5161 932.6138 153.6430 1172.9180 257.5252 1.6954 1.7182 4.1262 8.1801 1.3816 13.9394 -7.9951 0.1108
Pedestrian -1 -1 -4.8497 119.0859 169.9119 157.1302 262.3267 1.7982 0.5524 0.6953 -9.5278 1.7407 14.4835 -5.4234 0.1030
Car -1 -1 -4.9086 323.1960 185.6055 360.6116 209.4398 1.5361 1.6820 4.3001 -19.0924 2.4808 51.2041 -5.2642 0.0706
Pedestrian -1 -1 -3.4014 319.8644 166.5166 347.6353 219.8681 1.7770 0.5960 0.7532 -9.4257 1.5656 24.4946 -3.7654 0.0691
Pedestrian -1 -1 -3.0431 628.9944 164.8216 641.8834 189.3341 1.7970 0.4641 0.9088 1.8470 1.2079 53.1861 -3.0089 0.0677
Car -1 -1 -6.5551 0.0000 0.0000 1241.0000 374.0000 1.5749 1.6219 3.8348 -3.0286 1.6888 0.7587 -7.7942 0.0646
Car -1 -1 -4.7270 155.0830 193.6358 181.6891 218.9549 1.7415 1.6830 3.9461 -33.8508 3.3928 55.2244 -5.2750 0.0633
Pedestrian -1 -1 -3.2094 913.2454 147.0054 955.2848 252.9764 1.9363 0.6337 0.6733 6.0441 1.4637 13.5956 -2.7998 0.0573
Car -1 -1 -4.5778 314.1337 181.6230 338.9474 200.1651 1.6812 1.6796 4.2307 -27.4051 2.5567 69.8078 -4.9509 0.0555
Car -1 -1 -8.6654 0.0000 0.0000 1241.0000 374.0000 1.5636 1.6256 3.7997 1.4618 1.6513 0.7252 -7.7069 0.0530
Car -1 -1 -8.1641 952.7731 137.7513 1003.4443 165.5435 1.6417 1.6862 4.0945 23.3122 -0.4873 45.9099 -7.6966 0.0521
Car -1 -1 -8.1957 1151.4587 109.1829 1241.0000 158.2374 1.5335 1.5846 3.8391 21.0351 -0.5663 25.8645 -7.5179 0.0516
Car -1 -1 -5.1288 980.0168 137.9308 1038.1512 164.6188 1.5699 1.6875 4.1450 25.2666 -0.5485 45.8989 -4.6281 0.0512
Car -1 -1 -4.3670 453.7315 176.4247 537.5563 223.8241 1.5016 1.6429 3.9801 -3.9500 1.6369 25.2866 -4.5210 0.0503
Pedestrian -1 -1 -6.2358 784.1046 161.1704 810.6053 212.7088 1.8553 0.5440 0.9152 6.8028 1.4344 26.3674 -5.9865 0.1003
Cyclist -1 -1 -4.5419 851.8184 162.4189 877.1328 208.7193 1.6847 0.6282 1.6952 9.5397 1.3047 27.1486 -4.2078 0.0804
Pedestrian -1 -1 -3.6445 741.8120 164.8648 751.6877 199.0979 1.8348 0.5010 0.3212 7.3443 1.4063 38.9601 -3.4599 0.0679
Cyclist -1 -1 -8.3072 788.1041 168.9452 814.3296 206.9901 1.6656 0.5376 1.4808 8.5230 1.4941 32.3669 -8.0525 0.0672
Pedestrian -1 -1 -8.2296 748.5910 164.5323 760.9012 193.6486 1.7787 0.6058 0.4851 8.8646 1.2700 44.3712 -8.0340 0.0623
Cyclist -1 -1 -3.3592 827.0112 147.3227 854.4967 172.7295 1.8311 0.6375 1.8054 16.7219 -0.0094 52.4051 -3.0519 0.0509
Car -1 -1 -8.3418 835.4460 164.5773 1241.0000 374.0000 1.6265 1.6181 3.6421 2.8548 1.5904 4.9542 -7.8456 0.9313
Car -1 -1 -7.9635 679.9628 173.4800 738.6308 220.0570 1.5501 1.6491 3.9469 3.4588 1.5742 26.0570 -7.8337 0.9250
Car -1 -1 -4.4852 434.4547 177.5453 528.6819 240.2127 1.5009 1.6240 4.1476 -3.4270 1.6425 19.7140 -4.6557 0.9223
Car -1 -1 -4.1440 0.0000 180.7369 455.1697 374.0000 1.5699 1.6321 4.0414 -2.6913 1.6518 5.4190 -4.5869 0.9142
Car -1 -1 -4.4254 346.4677 181.0425 488.0848 274.0623 1.5285 1.6114 3.9077 -3.6550 1.7118 14.1893 -4.6738 0.9054
Car -1 -1 -4.5380 513.6012 173.3159 566.9760 212.9482 1.5688 1.5892 3.9756 -2.9340 1.5894 30.6526 -4.6331 0.8799
Car -1 -1 -4.1878 842.4560 164.1850 936.8997 213.0529 1.5755 1.5407 3.4381 9.6529 1.2957 24.9428 -3.8229 0.8169
Car -1 -1 -3.9429 794.8552 167.4520 879.7415 204.4086 1.4931 1.4849 3.4144 9.6130 1.2746 30.6223 -3.6419 0.7413
Car -1 -1 -3.2605 723.6221 164.2191 788.0897 190.3711 1.6000 1.6626 3.7758 9.0423 1.0714 45.1184 -3.0642 0.5974
Car -1 -1 -4.2044 914.9417 162.5812 1021.8108 214.1298 1.5561 1.5549 3.6345 11.6326 1.2457 23.4572 -3.7493 0.5952
Car -1 -1 -4.1699 811.5078 169.3721 896.1811 209.6033 1.4484 1.4706 3.5408 9.3453 1.3227 27.6845 -3.8479 0.4305
Car -1 -1 -7.8992 675.9754 176.2730 716.0908 210.0463 1.3934 1.5820 3.8692 3.7363 1.5549 32.1547 -7.7851 0.4072
Car -1 -1 -4.5852 535.4905 165.4646 579.6636 206.2527 1.9276 1.6906 4.2339 -2.6112 1.5781 36.2595 -4.6571 0.4004
Car -1 -1 -4.9587 750.8505 167.3499 798.6482 196.4261 1.5331 1.6230 4.0942 9.0539 1.2426 40.1115 -4.7386 0.3225
Car -1 -1 -3.4548 812.3054 151.6391 873.0886 172.9305 1.5258 1.5945 3.9073 16.8724 0.0052 52.5138 -3.1455 0.2804
Car -1 -1 -8.7541 1151.5474 127.9529 1241.0000 239.4978 1.8115 1.7538 4.0594 12.9391 1.0820 13.8615 -8.0138 0.2590
Car -1 -1 -4.7783 718.3239 159.0558 743.4202 181.5430 1.6590 1.6311 3.9106 9.1933 0.6407 55.2587 -4.6144 0.1963
Car -1 -1 -3.9940 287.4610 180.6277 434.0702 238.7177 1.4069 1.5312 4.1391 -6.8875 1.6488 20.2706 -4.3180 0.1329
Car -1 -1 -4.8151 555.0143 173.0754 589.7209 201.7329 1.5810 1.5970 4.0732 -2.2712 1.5943 41.9762 -4.8692 0.1143
Car -1 -1 -8.6038 1060.9426 139.4297 1241.0000 249.6779 1.8530 1.7196 4.0127 11.0747 1.2909 14.2080 -7.9520 0.0745
Car -1 -1 -4.8424 780.4632 168.0616 826.4845 201.6198 1.5047 1.5792 4.1344 9.1420 1.2895 34.5030 -4.5859 0.0641
Car -1 -1 -6.4400 729.5987 160.3474 800.4294 185.8864 1.6611 1.7156 4.3787 10.2101 0.8473 47.8993 -6.2315 0.0624
Car -1 -1 -4.8357 866.1697 145.1843 897.5351 167.2811 1.5345 1.6628 4.1371 20.0508 -0.4300 53.4234 -4.4784 0.0613
Car -1 -1 -4.5765 214.2522 180.4998 295.3721 236.8359 1.4051 1.5468 3.8789 -10.0953 1.6456 20.6451 -5.0266 0.0575
