Cyclist -1 -1 -7.6485 578.4543 177.6502 586.0861 196.2623 1.5518 0.3664 1.4239 -2.3759 1.9637 61.2695 -7.6875 0.1841
Pedestrian -1 -1 -8.0752 1142.1428 133.0210 1180.0258 203.4913 1.8027 0.6753 0.5636 14.3380 0.7834 18.8527 -7.4324 0.1288
Pedestrian -1 -1 -5.4018 199.8576 168.9213 227.8777 244.2106 1.7549 0.5154 0.2902 -9.4427 1.6630 17.1118 -5.8998 0.1093
Pedestrian -1 -1 -3.6323 1065.6002 137.9880 1167.3804 300.8790 1.9755 0.5978 0.8676 6.3009 1.5523 9.0910 -3.0420 0.1089
Cyclist -1 -1 -2.8877 390.1181 173.6158 427.7986 211.4686 1.8884 0.6215 1.7275 -10.1556 1.9268 36.3354 -3.1588 0.1062
Pedestrian -1 -1 -4.6383 723.6793 164.9950 764.2847 269.3791 1.8367 0.6731 0.9194 2.4118 1.6982 13.2248 -4.4629 0.1048
Pedestrian -1 -1 -3.8028 683.0512 172.8031 713.5574 243.3485 1.6943 0.5502 0.5119 2.1124 1.6928 17.6976 -3.6869 0.0926
Pedestrian -1 -1 -2.3451 55.8482 164.1761 147.7176 313.0536 1.7332 0.5403 0.7511 -6.1987 1.6319 8.7373 -2.9481 0.0754
Pedestrian -1 -1 -3.5609 908.0064 163.8331 962.2334 269.4794 1.9422 0.6397 0.7298 6.0568 1.7761 13.5879 -3.1506 0.0742
Pedestrian -1 -1 -5.4137 498.5175 171.3364 514.3505 203.2152 1.9254 0.6307 0.7363 -6.3593 1.8334 44.0583 -5.5566 0.0672
Pedestrian -1 -1 -5.1355 787.3504 154.2229 847.1236 266.3612 1.9660 0.7481 0.8715 3.7039 1.6390 13.1382 -4.8676 0.0645
Car -1 -1 -4.9026 568.8488 176.3962 608.2470 203.7193 1.6030 1.6972 4.1552 -1.4263 1.8351 45.1186 -4.9345 0.0638
Pedestrian -1 -1 -5.8435 0.0000 135.2577 101.5426 332.6005 1.8954 0.6457 1.0250 -5.9730 1.5340 7.3588 -6.5078 0.0617
Pedestrian -1 -1 -3.7531 1205.8582 135.9828 1241.0000 211.4040 1.7519 0.6360 0.5594 14.6036 0.8952 17.1011 -3.0549 0.0597
Car -1 -1 -4.8592 474.4386 181.6340 535.8982 224.7805 1.3972 1.6263 4.1607 -3.9707 1.7465 26.4987 -5.0071 0.0575
Pedestrian -1 -1 -3.4081 1112.3972 146.4697 1227.0581 321.2124 1.8592 0.5561 0.8941 6.1906 1.5782 8.0971 -2.7735 0.0568
Cyclist -1 -1 -3.3421 469.7806 171.9482 503.1794 206.5967 1.8899 0.6218 1.7340 -6.8778 1.8402 39.9589 -3.5119 0.0559
Pedestrian -1 -1 -4.0217 856.3312 162.4690 904.0882 250.6207 1.9174 0.6532 0.7863 6.0023 1.6912 16.1749 -3.6732 0.0520
Pedestrian -1 -1 -7.6776 1173.5933 128.4216 1201.1099 197.4747 1.9118 0.5548 0.3434 16.1900 0.6813 20.2977 -7.0113 0.0501
Cyclist -1 -1 -7.6959 579.4038 177.0080 586.0234 195.5034 1.5475 0.3363 1.4806 -2.3457 1.9054 61.4636 -7.7343 0.1759
Cyclist -1 -1 -7.9819 640.8418 177.0518 651.4455 201.1082 1.6359 0.5327 1.6049 2.4762 1.9323 50.1753 -7.9334 0.0671
Cyclist -1 -1 -7.4908 642.7853 176.7471 657.1705 200.9735 1.6501 0.4807 1.5557 2.7568 1.9251 50.2137 -7.4368 0.0597
Car -1 -1 -8.2282 766.2172 186.2515 1045.4821 356.3873 1.4820 1.6057 3.8328 3.0800 1.6765 8.5392 -7.8943 0.9836
Car -1 -1 -7.9706 666.7405 180.1171 721.9994 223.7587 1.4804 1.6017 3.7635 3.0385 1.7708 26.9905 -7.8604 0.9234
Car -1 -1 -4.6350 465.6853 177.7732 531.5386 237.6292 1.5457 1.5892 3.7615 -3.1852 1.7010 20.8842 -4.7852 0.9138
Car -1 -1 -8.5224 934.2977 186.8567 1241.0000 374.0000 1.5205 1.6295 3.9176 3.1258 1.6250 3.4194 -7.8247 0.8963
Car -1 -1 -4.6853 519.6367 180.6003 555.6766 214.7406 1.4385 1.5506 3.8659 -3.3296 1.8168 33.2854 -4.7847 0.7407
Car -1 -1 -4.7782 646.7672 179.2588 680.1486 206.4415 1.4699 1.6544 4.2239 3.0359 1.8623 42.1292 -4.7073 0.5993
Car -1 -1 -4.8117 537.0888 177.9397 571.1760 207.1187 1.5747 1.5988 3.5928 -3.2896 1.8804 41.5139 -4.8908 0.4180
Car -1 -1 -7.3543 641.4269 177.3804 690.4734 200.1370 1.5080 1.6335 4.2151 3.9612 1.8409 50.9055 -7.2776 0.1247
Car -1 -1 -4.5172 564.4460 175.9891 591.0213 195.4613 1.6093 1.5750 3.8683 -2.7777 1.8886 62.3152 -4.5620 0.0893
Car -1 -1 -7.7154 546.9806 175.4330 579.1661 200.3863 1.6814 1.6934 4.4179 -3.3228 1.8727 51.3517 -7.7801 0.0818
Car -1 -1 -4.5574 609.8531 176.6864 645.4037 203.3015 1.6425 1.6996 4.2804 1.1739 1.9061 47.4346 -4.5333 0.0654
