Pedestrian -1 -1 -4.0649 1170.6903 167.6012 1223.0000 267.9672 1.6491 0.5733 0.7349 10.1157 1.4375 11.9810 -3.3752 0.1273
Pedestrian -1 -1 -5.1669 981.0991 205.7190 1081.6069 369.0000 1.3177 0.4211 0.5937 3.1468 1.5200 5.3507 -4.6588 0.0753
Pedestrian -1 -1 -5.9764 594.2637 162.9242 601.6826 188.9253 1.8648 0.6524 0.3551 -0.5046 0.6043 51.0736 -5.9844 0.0746
Car -1 -1 -4.2951 481.2742 161.6253 584.3178 225.8108 1.7398 1.6599 3.8156 -2.0932 1.2285 21.2377 -4.3900 0.0720
Car -1 -1 -4.1796 0.0000 180.3291 13.2777 240.3917 1.5001 1.6012 4.2038 -18.8683 1.4961 19.8835 -4.9290 0.0677
Pedestrian -1 -1 -7.7122 261.2404 164.0829 302.2579 258.1394 1.7603 0.6107 0.8025 -6.2980 1.4535 13.7028 -8.1324 0.0675
Cyclist -1 -1 -4.9583 666.9755 164.1522 693.5261 209.2842 1.7601 0.6919 1.5884 2.9820 1.1228 28.4098 -4.8531 0.0668
Pedestrian -1 -1 -5.0147 1160.0763 233.0784 1223.0000 361.4524 1.0718 0.3434 0.4966 5.2994 1.5727 6.4367 -4.3482 0.0604
Pedestrian -1 -1 -7.3621 211.3178 166.2178 258.0926 254.1614 1.6772 0.5441 0.6962 -7.2823 1.4052 13.8374 -7.8352 0.0597
Car -1 -1 -7.9627 733.7874 152.9133 759.7314 177.5460 2.0355 1.7440 4.2671 12.2365 -0.2648 61.1597 -7.7643 0.0559
Car -1 -1 -4.8124 594.6158 166.8686 638.2838 201.4291 1.4464 1.5521 4.0311 0.4292 0.8761 31.6649 -4.7971 0.0528
Pedestrian -1 -1 -4.3147 396.4817 162.2245 438.5411 247.1944 1.7694 0.6115 0.7908 -4.0544 1.3892 15.1589 -4.5690 0.0525
Pedestrian -1 -1 -7.8011 518.8595 157.4290 568.3265 291.6087 1.7637 0.6330 0.9223 -0.8836 1.4609 9.7651 -7.8867 0.7792
Cyclist -1 -1 -4.5412 69.1963 166.1766 121.3847 263.2407 1.6823 0.4903 1.6700 -9.4699 1.4344 13.1141 -5.1533 0.1845
Pedestrian -1 -1 -8.1133 838.3530 168.6296 869.8778 233.2964 1.5959 0.6014 0.6357 6.2182 1.3033 17.7883 -7.7809 0.1441
Pedestrian -1 -1 -4.1186 747.1067 171.1826 793.8621 256.5515 1.6573 0.5569 0.8144 3.2815 1.4768 14.2077 -3.8948 0.1374
Pedestrian -1 -1 -3.9739 856.0179 162.8671 911.0488 268.0257 1.7195 0.5903 0.6401 4.6614 1.4316 11.9694 -3.6098 0.1332
Pedestrian -1 -1 -4.8397 90.0599 171.2593 130.1115 263.2802 1.6558 0.5351 0.6761 -9.2561 1.4899 13.1525 -5.4398 0.1253
Cyclist -1 -1 -2.8943 648.9349 141.1647 680.9246 173.4177 1.7802 0.6781 1.6830 3.3685 -0.4053 39.8818 -2.8086 0.1140
Cyclist -1 -1 -8.4999 930.2550 168.0468 1005.6161 255.7309 1.6557 0.4737 1.5817 7.1892 1.4209 14.1719 -8.0378 0.1117
Pedestrian -1 -1 -6.4742 1020.6711 153.5433 1072.5476 268.5773 1.8352 0.5846 0.6186 7.2196 1.4055 11.6609 -5.9303 0.1053
Pedestrian -1 -1 -5.0486 642.1874 171.7642 688.9806 263.9326 1.6251 0.6240 0.7880 1.0497 1.4715 12.9268 -4.9678 0.0951
Pedestrian -1 -1 -5.0076 677.4116 162.2489 708.5131 233.9927 1.7504 0.5474 0.8475 2.1541 1.3054 17.7151 -4.8869 0.0913
Pedestrian -1 -1 -2.8866 817.6077 174.7862 860.6077 254.4196 1.5393 0.4800 0.7162 4.6099 1.4292 14.0622 -2.5747 0.0873
Pedestrian -1 -1 -4.7056 679.1219 169.2761 708.4877 252.9018 1.6721 0.5840 0.7505 1.7811 1.4481 14.5472 -4.5847 0.0797
Cyclist -1 -1 -7.9675 504.0172 160.0775 545.7111 265.9629 1.8015 0.5643 1.7069 -1.5354 1.4544 12.9246 -8.0812 0.0780
Pedestrian -1 -1 -4.3359 842.4736 159.4927 889.8311 263.5977 1.7799 0.5745 0.7025 4.5866 1.4211 12.5422 -3.9918 0.0776
Cyclist -1 -1 -8.4341 916.2676 164.8564 992.9161 253.3569 1.6652 0.5379 1.6625 6.9138 1.3712 14.1632 -7.9872 0.0735
Pedestrian -1 -1 -4.5307 1083.2321 149.7775 1133.0013 267.8603 1.8549 0.5557 0.6856 8.1675 1.3727 11.5456 -3.9263 0.0732
Pedestrian -1 -1 -7.9563 609.9106 162.8571 638.5213 235.3317 1.7733 0.6360 0.8056 0.4324 1.3420 17.7263 -7.9306 0.0728
Cyclist -1 -1 -6.7407 820.0530 166.7289 888.9246 233.9414 1.6738 0.6097 1.5438 6.3023 1.3312 18.0062 -6.4078 0.0719
Pedestrian -1 -1 -5.4059 904.5517 195.3180 946.3641 271.1287 1.1604 0.3970 0.4643 5.0255 1.4016 11.2097 -4.9932 0.0710
Cyclist -1 -1 -6.3265 656.7698 141.2490 687.9615 173.2751 1.7952 0.6381 1.7374 3.8060 -0.4140 40.1631 -6.2306 0.0688
Pedestrian -1 -1 -8.2547 776.1018 165.2240 808.4838 233.3370 1.6711 0.5796 0.6345 4.6415 1.2966 17.7033 -8.0010 0.0674
Pedestrian -1 -1 -7.2245 583.9094 163.5522 621.7906 235.7633 1.7545 0.6194 0.7581 -0.0921 1.3431 17.6679 -7.2279 0.0673
Pedestrian -1 -1 -8.2466 959.1015 161.1639 1012.1049 268.8939 1.7163 0.5497 0.6605 6.1907 1.4086 11.6173 -7.7666 0.0664
Pedestrian -1 -1 -4.6867 1070.3065 148.4558 1113.6638 267.2005 1.8612 0.5676 0.6648 7.8822 1.3593 11.5173 -4.0976 0.0662
Cyclist -1 -1 -8.0805 951.2158 170.6820 1019.2757 280.5276 1.5911 0.5245 1.8151 5.9201 1.4493 11.1860 -7.6038 0.0660
Cyclist -1 -1 -4.6061 91.1690 168.2262 129.2969 257.4946 1.6567 0.4243 1.6823 -9.7949 1.4293 13.9634 -5.2054 0.0635
Cyclist -1 -1 -8.1841 828.5276 164.5678 868.0312 232.4395 1.6913 0.4917 1.5296 6.2638 1.2946 18.3852 -7.8593 0.0622
Pedestrian -1 -1 -7.5281 22.7561 169.3063 74.4777 257.4800 1.7381 0.6067 0.7748 -11.3620 1.5178 14.4019 -8.1835 0.0618
Pedestrian -1 -1 -4.5161 0.0000 175.7456 43.8325 261.0737 1.6583 0.5647 0.6374 -11.7104 1.5663 14.1547 -5.1945 0.0607
Pedestrian -1 -1 -8.4827 550.1637 172.7663 591.2331 252.5134 1.6151 0.5439 0.7080 -0.7649 1.4588 14.7657 -8.5317 0.0600
Pedestrian -1 -1 -7.8086 665.5458 169.1247 701.3525 262.4416 1.6778 0.6301 0.8133 1.4218 1.4737 13.1625 -7.7018 0.0590
Cyclist -1 -1 -5.3380 35.5154 161.2613 140.8190 265.6957 1.8149 0.6473 1.7684 -9.4588 1.4810 12.8768 -5.9580 0.0589
Cyclist -1 -1 -8.3464 949.6942 164.9738 1016.7751 254.1374 1.6814 0.4575 1.6150 7.4816 1.3890 14.1437 -7.8675 0.0578
Pedestrian -1 -1 -5.5280 997.8409 155.3804 1056.6766 267.6235 1.7882 0.5560 0.6178 6.8930 1.3884 11.6400 -5.0036 0.0575
Pedestrian -1 -1 -4.5224 878.1746 189.1942 920.0404 286.6748 1.3632 0.4928 0.4312 4.2170 1.4936 10.2579 -4.1415 0.0573
Pedestrian -1 -1 -3.6509 897.8598 164.2056 955.4083 269.5280 1.6845 0.5870 0.6558 5.2311 1.4243 11.6319 -3.2368 0.0567
Cyclist -1 -1 -8.0003 885.1654 163.4794 935.7023 272.2110 1.6575 0.4981 1.7023 4.9576 1.3984 11.6645 -7.6064 0.0556
Pedestrian -1 -1 -6.0958 646.2763 160.3148 677.9278 233.2771 1.7870 0.6090 0.6898 1.3924 1.2929 17.7015 -6.0169 0.0552
Cyclist -1 -1 -8.0625 858.2783 177.5781 922.9924 281.8383 1.4859 0.5684 1.6813 4.3338 1.4446 10.9517 -7.6938 0.0551
Cyclist -1 -1 -5.0140 659.5302 139.9793 678.5892 171.2127 1.7023 0.5888 1.7176 3.5984 -0.5368 39.9735 -4.9227 0.0530
Pedestrian -1 -1 -6.8207 705.9341 162.4226 748.9667 233.3369 1.7582 0.5543 0.9228 3.0654 1.3103 17.9551 -6.6528 0.0526
Pedestrian -1 -1 -3.1989 961.8065 169.0930 990.8903 251.2975 1.5722 0.5409 0.4684 7.2282 1.3544 13.8648 -2.7260 0.0519
Pedestrian -1 -1 -3.9154 78.7065 174.9149 130.4917 259.3471 1.6059 0.4983 0.6678 -9.8200 1.5001 13.8238 -4.5205 0.0519
Car -1 -1 -6.2492 653.7902 142.4552 720.0658 170.3101 1.5131 1.6044 3.6763 4.6671 -0.5955 40.2587 -6.1325 0.1439
