Pedestrian -1 -1 -4.2929 20.9775 168.7436 91.1220 292.1433 1.8608 0.5897 0.8151 -8.7418 1.7986 11.3439 -4.9384 0.1681
Pedestrian -1 -1 -6.5470 563.3129 173.0937 573.5018 195.4202 1.7511 0.6037 0.6687 -3.3140 1.7699 56.9930 -6.6052 0.1488
Pedestrian -1 -1 -3.1734 659.0401 166.4564 678.2216 207.1670 1.8479 0.6025 0.8557 2.6412 1.5572 33.0732 -3.0950 0.1410
Pedestrian -1 -1 -3.0168 950.0635 56.7053 1225.6987 374.0000 1.9418 0.5536 0.8378 1.7972 1.5589 2.8491 -2.5004 0.1362
Pedestrian -1 -1 -4.5864 225.9147 172.8661 252.4425 240.1234 1.8304 0.5865 0.5653 -10.3231 1.8305 20.0023 -5.0578 0.1318
Car -1 -1 -4.7483 754.9135 173.4779 774.1308 189.5988 1.5170 1.6718 4.1415 14.9961 1.5793 70.2495 -4.5392 0.1133
Pedestrian -1 -1 -5.7124 647.9601 172.8687 670.0234 214.4272 1.7393 0.6396 0.7016 2.0393 1.7396 30.6629 -5.6472 0.1084
Cyclist -1 -1 -2.7160 346.6686 178.8105 386.4254 218.1370 1.7780 0.6504 1.6057 -11.2198 2.0547 33.1483 -3.0404 0.0898
Pedestrian -1 -1 -4.5044 213.0137 171.5435 248.9782 249.9637 1.8331 0.5946 0.8822 -9.1632 1.8021 17.3705 -4.9839 0.0748
Cyclist -1 -1 -2.6363 53.3865 157.9373 99.3270 195.2794 1.9598 0.7126 1.8502 -28.3799 1.1766 38.3404 -3.2703 0.0686
Cyclist -1 -1 -4.4473 73.2067 178.3979 136.5730 276.5434 1.6456 0.5113 1.6600 -9.1615 1.7524 13.0641 -5.0496 0.0625
Car -1 -1 -5.1755 849.3633 170.9884 886.9207 188.6111 1.6526 1.6734 4.2944 24.9346 1.4774 69.8972 -4.8344 0.0545
Pedestrian -1 -1 -7.6017 990.9816 162.2795 1007.0617 207.5353 1.8016 0.5083 0.3119 15.5957 1.3803 29.0098 -7.1130 0.0543
Pedestrian -1 -1 -3.6207 390.6704 171.4579 406.2083 207.1197 1.8842 0.6418 0.5644 -11.3418 1.8101 38.5487 -3.9053 0.0533
Car -1 -1 -7.7034 689.9927 172.9008 716.9713 192.0424 1.5364 1.6465 4.0367 7.7918 1.5401 60.0902 -7.5754 0.0518
Car -1 -1 -4.7274 625.8132 177.3259 645.5456 195.1370 1.4039 1.5688 3.9336 2.0773 1.7868 59.8492 -4.6933 0.0518
Pedestrian -1 -1 -4.7349 850.5883 165.1580 869.5161 209.9484 1.8689 0.7370 0.7503 10.5466 1.5475 30.5760 -4.4062 0.7361
Cyclist -1 -1 -7.8767 1033.9270 171.4216 1054.3267 232.0538 1.6751 0.4503 1.6448 12.4307 1.6353 20.7621 -7.3440 0.3461
Pedestrian -1 -1 -8.0645 655.7559 171.2049 669.4476 204.3491 1.7756 0.6080 0.6826 2.8045 1.6869 39.0336 -7.9938 0.2731
Cyclist -1 -1 -2.5168 49.2887 164.5865 91.8066 199.9911 1.8658 0.7041 1.7279 -28.7300 1.4298 38.3900 -3.1561 0.2473
Pedestrian -1 -1 -7.7246 253.4528 175.8743 278.0534 228.7768 1.7835 0.6988 0.5202 -11.8353 1.8881 24.7206 -8.1673 0.1666
Cyclist -1 -1 -4.6762 542.9258 175.1874 556.9169 215.7856 1.6917 0.5425 1.6452 -2.6161 1.7943 30.9966 -4.7603 0.1618
Cyclist -1 -1 -2.6373 343.3154 175.5079 382.7299 216.7393 1.8629 0.7113 1.5647 -11.3829 1.9863 33.1494 -2.9660 0.1505
Pedestrian -1 -1 -4.8794 65.0837 164.1169 83.1558 199.3517 1.8480 0.6798 0.6079 -28.4829 1.3895 38.2993 -5.5156 0.1020
Cyclist -1 -1 -4.4468 657.1065 173.4044 674.5872 205.5015 1.6983 0.5571 1.5565 2.9905 1.7284 39.0327 -4.3714 0.0763
Pedestrian -1 -1 -8.1220 1034.6748 165.6645 1070.8427 228.9463 1.7671 0.6832 0.8186 12.6000 1.5660 20.6342 -7.5806 0.0757
Cyclist -1 -1 -4.2987 58.9879 167.4541 85.3454 199.2434 1.6597 0.5049 1.6504 -28.7448 1.3775 38.5322 -4.9365 0.0724
Cyclist -1 -1 -4.9095 649.4521 172.9771 664.9525 204.9049 1.6992 0.5505 1.5139 2.5181 1.7058 39.1941 -4.8464 0.0710
Cyclist -1 -1 -7.9370 654.7272 172.5091 665.6786 203.6943 1.6821 0.4636 1.6319 2.7209 1.6632 39.7388 -7.8697 0.0604
Cyclist -1 -1 -7.5517 563.6620 174.1135 585.4910 205.3527 1.6935 0.7143 1.7917 -1.9969 1.7649 40.1485 -7.6015 0.0603
Pedestrian -1 -1 -6.5341 556.4969 176.5162 573.7703 214.7169 1.7123 0.6382 0.6451 -2.0855 1.8806 32.8225 -6.5976 0.0582
Pedestrian -1 -1 -3.2282 356.5787 174.5743 373.3640 217.2243 1.8361 0.5650 0.6473 -10.7354 1.9117 31.4817 -3.5547 0.0544
Pedestrian -1 -1 -5.2120 930.3224 166.1094 953.3735 209.0513 1.7538 0.6109 0.6838 13.6715 1.4781 29.8326 -4.7864 0.0527
Pedestrian -1 -1 -6.4497 462.0724 172.9122 469.5876 192.3597 1.7826 0.6733 0.5760 -13.3213 1.7877 66.5568 -6.6468 0.0510
Car -1 -1 -4.4908 410.1867 186.9450 549.8311 284.0316 1.4389 1.6677 3.9392 -2.2627 1.7375 13.2910 -4.6572 0.9649
Car -1 -1 -4.6018 567.8912 178.9872 616.9504 217.7486 1.4755 1.6392 3.7373 -0.7141 1.7467 30.0098 -4.6261 0.8810
Car -1 -1 -7.3203 538.6589 177.5751 597.4367 205.4171 1.4608 1.5804 3.8202 -2.3445 1.7397 40.6157 -7.3781 0.1960
Car -1 -1 -7.8527 456.4713 173.1845 474.3307 191.4311 1.6695 1.6080 3.8625 -13.6729 1.7013 68.1429 -8.0502 0.1655
Car -1 -1 -7.9558 1024.0911 173.8082 1104.0000 226.9600 1.4504 1.6091 3.9938 13.6229 1.4820 21.9152 -7.4061 0.1458
Car -1 -1 -4.7093 823.2598 170.6843 846.7398 192.2747 1.5575 1.6243 3.8341 16.8446 1.4007 54.1233 -4.4095 0.1136
Car -1 -1 -2.7042 42.7755 165.5578 140.3051 194.9251 1.5498 1.6900 3.9700 -28.1730 1.1644 39.2671 -3.3235 0.1075
Car -1 -1 -4.3060 475.7695 175.0071 509.1241 191.5586 1.5386 1.6838 4.1522 -11.3605 1.7534 69.8672 -4.4669 0.0863
Car -1 -1 -7.7376 635.1258 176.6160 670.2877 204.5629 1.4761 1.5553 3.7612 2.4094 1.6980 40.6322 -7.6793 0.0739
Car -1 -1 -4.3413 520.4089 174.4098 552.0701 190.3436 1.4964 1.6294 4.3016 -7.1851 1.6530 70.4976 -4.4428 0.0722
Car -1 -1 -7.6538 276.1332 173.9139 345.0440 227.3052 1.8918 1.7039 3.8144 -11.4342 1.9351 27.6797 -8.0425 0.0638
Car -1 -1 -3.3874 854.8076 171.1135 917.0964 192.4367 1.5000 1.5762 3.9047 19.7238 1.3773 51.7660 -3.0256 0.0510
