Pedestrian -1 -1 -5.1910 703.4271 163.4252 725.9245 204.2755 1.9105 0.7004 0.9445 4.9307 1.4692 34.3070 -5.0499 0.3487
Pedestrian -1 -1 -4.8466 870.7210 151.7642 886.7777 193.7734 1.9077 0.6288 0.4815 12.2721 0.9497 33.0699 -4.4944 0.1942
Pedestrian -1 -1 -3.3123 1213.4294 163.4841 1241.0000 272.1707 1.6818 0.5474 0.5678 10.0237 1.5365 11.5445 -2.6104 0.1058
Car -1 -1 -3.6405 868.0062 156.6438 992.7814 197.8196 1.5470 1.6251 4.1763 12.3790 0.9377 28.1011 -3.2296 0.0985
Pedestrian -1 -1 -5.6634 486.7239 171.3652 499.1601 192.8911 1.8469 0.4650 0.9709 -10.1362 1.7188 62.3297 -5.8243 0.0913
Car -1 -1 -4.3682 187.3081 179.8069 230.7623 204.5875 1.6970 1.5894 3.7408 -29.1417 2.2216 52.4934 -4.8731 0.0885
Cyclist -1 -1 -4.6180 308.4358 174.8724 323.8277 207.4134 1.6513 0.5923 1.6051 -15.3331 1.7585 37.5736 -5.0032 0.0848
Pedestrian -1 -1 -7.8894 413.8018 166.6408 425.7217 199.5471 1.9011 0.6480 0.7113 -11.1437 1.5419 42.1200 -8.1468 0.0841
Pedestrian -1 -1 -5.7891 455.2946 167.9655 469.8097 194.1684 1.8785 0.5898 0.8496 -10.6820 1.5277 52.1319 -5.9905 0.0799
Pedestrian -1 -1 -3.5195 735.2356 165.3902 749.2806 189.6672 1.9048 0.5072 0.9715 10.4111 1.3188 56.9557 -3.3399 0.0798
Pedestrian -1 -1 -3.5518 740.6861 160.2821 772.8986 226.1678 1.9509 0.6839 0.7391 4.3759 1.5783 21.7775 -3.3568 0.0763
Car -1 -1 -8.1164 824.4030 157.4227 861.4796 180.5732 1.8076 1.7915 4.3142 18.8143 0.6024 58.5342 -7.8070 0.0717
Pedestrian -1 -1 -8.0873 778.0085 165.4524 794.7325 200.1616 1.7770 0.6823 0.7528 9.0781 1.3978 37.3179 -7.8509 0.0698
Pedestrian -1 -1 -4.9488 1134.6060 104.8455 1241.0000 365.7845 1.9996 0.6863 1.1301 4.9990 1.4782 6.1852 -4.2927 0.0633
Car -1 -1 -7.4052 417.7966 170.4346 453.5211 190.1935 1.8460 1.7283 4.1309 -16.7940 1.6197 69.6113 -7.6413 0.0589
Pedestrian -1 -1 -7.5943 254.8583 177.5582 272.2284 210.6055 1.6693 0.6494 0.6771 -17.7772 1.9124 36.9504 -8.0402 0.0584
Car -1 -1 -4.0553 431.3953 177.7966 490.8651 202.3589 1.5152 1.6300 4.1819 -9.8011 1.8566 47.6468 -4.2575 0.0568
Car -1 -1 -7.7728 898.2138 149.2094 932.0116 175.7291 1.6016 1.6586 4.1010 19.3567 0.1733 45.7764 -7.3751 0.0543
Car -1 -1 -7.7666 365.5888 169.4710 388.1028 189.4222 1.8773 1.7162 4.2602 -22.6554 1.5587 70.1610 -8.0781 0.0541
Pedestrian -1 -1 -4.4551 191.7373 200.2292 222.6261 270.5740 1.2587 0.3794 0.5262 -7.5547 1.7801 13.4471 -4.9589 0.0523
Car -1 -1 -4.5383 734.5013 167.2650 759.5051 185.9254 1.7542 1.6760 4.2862 13.3266 1.2285 70.1315 -4.3515 0.0506
Pedestrian -1 -1 -8.3581 821.9921 160.6787 843.6347 204.1160 1.8385 0.6650 0.6262 9.4998 1.3229 30.9148 -8.0631 0.0502
Pedestrian -1 -1 -6.9353 497.3698 173.3834 511.8465 198.0052 1.7922 0.5038 0.9408 -7.7776 1.8312 53.0543 -7.0806 0.3106
Pedestrian -1 -1 -2.7761 0.0000 176.3044 49.5917 330.3605 1.6681 0.5549 0.5622 -6.8633 1.7086 8.1795 -3.4583 0.3043
Pedestrian -1 -1 -4.6262 187.1362 169.8169 230.9502 272.0767 1.7609 0.6284 0.6043 -7.1707 1.7083 12.8282 -5.1275 0.2849
Pedestrian -1 -1 -4.3991 157.9515 177.1420 207.1864 272.2453 1.6729 0.5989 0.6399 -7.8030 1.7527 13.1024 -4.9277 0.2722
Cyclist -1 -1 -7.1989 26.3345 176.7468 73.3076 224.6702 1.7135 0.4704 1.6399 -20.7882 1.8619 26.7516 -7.8548 0.1533
Pedestrian -1 -1 -4.6450 169.4911 172.2783 212.3492 272.5536 1.7483 0.6285 0.5338 -7.5689 1.7379 12.9574 -5.1651 0.1224
Pedestrian -1 -1 -7.9404 105.2351 172.4762 128.6022 219.8440 1.8297 0.7114 0.5808 -19.3986 1.8148 28.3207 -8.5367 0.1140
Pedestrian -1 -1 -7.1340 25.3506 174.8394 80.0909 275.9208 1.7202 0.5572 0.5089 -9.7488 1.7552 12.5632 -7.7838 0.1099
Pedestrian -1 -1 -5.5387 167.9274 174.9717 180.9702 196.9379 1.9271 0.5130 0.8685 -38.4765 2.1148 63.7044 -6.0803 0.0945
Pedestrian -1 -1 -6.5795 587.9489 172.1031 599.1970 197.3542 1.8360 0.6141 0.6733 -1.2348 1.7811 52.8599 -6.6031 0.0907
Pedestrian -1 -1 -6.1045 167.4745 176.0551 174.8510 196.6713 1.8174 0.6299 0.4548 -39.0066 2.1032 64.1000 -6.6495 0.0896
Cyclist -1 -1 -7.7454 170.7955 174.0054 217.6437 275.1396 1.7064 0.5415 1.7347 -7.5727 1.7284 13.0985 -8.2612 0.0852
Pedestrian -1 -1 -7.7706 133.5824 174.5564 153.6230 215.7514 1.7993 0.6968 0.6072 -20.7095 1.8755 31.9819 -8.3416 0.0847
Cyclist -1 -1 -6.7588 1078.8169 131.1061 1128.8579 172.1348 1.7536 0.5911 1.7084 21.3307 -0.0318 31.2488 -6.1640 0.0747
Pedestrian -1 -1 -7.6236 26.9230 179.5052 52.1855 228.3194 1.7580 0.6222 0.5244 -20.9545 2.0049 26.4546 -8.2888 0.0739
Pedestrian -1 -1 -3.1087 170.4095 170.2697 210.1038 277.6380 1.7654 0.5949 0.5604 -7.1747 1.7226 12.2580 -3.6292 0.0640
Cyclist -1 -1 -7.6043 140.1507 175.9228 161.2383 213.3624 1.6383 0.4279 1.5529 -20.7254 1.7797 32.5102 -8.1683 0.0580
Pedestrian -1 -1 -7.9021 31.8942 178.6600 88.9829 288.2776 1.6367 0.6848 0.6764 -8.6660 1.7312 11.3031 -8.5450 0.0577
Pedestrian -1 -1 -7.4938 149.4156 171.7155 201.8539 280.1413 1.7569 0.5906 0.5494 -7.2751 1.7381 12.0132 -8.0289 0.0555
Pedestrian -1 -1 -8.1179 666.2308 171.8899 677.2253 196.3394 1.6786 0.6067 0.6556 4.2365 1.6121 49.9148 -8.0341 0.0541
Cyclist -1 -1 -6.6730 1083.4260 130.6212 1135.4896 172.7348 1.7757 0.6312 1.7234 21.3380 -0.0055 30.9137 -6.0730 0.0533
Car -1 -1 -4.4022 320.3977 182.2443 400.3654 229.5945 1.4035 1.5048 3.4369 -8.1873 1.7356 23.8057 -4.7305 0.9487
Car -1 -1 -4.4170 357.9623 177.9249 431.5848 220.5454 1.5394 1.6456 4.1761 -8.4862 1.7552 28.6555 -4.7028 0.8822
Car -1 -1 -4.5060 403.3670 178.6810 454.3025 211.9492 1.4599 1.5673 3.9760 -8.6035 1.7536 34.3851 -4.7498 0.7880
Car -1 -1 -2.8373 0.0000 184.0439 213.6628 293.2835 1.5401 1.7345 3.9795 -9.0187 1.7478 11.9420 -3.4736 0.7877
Car -1 -1 -4.2833 428.7668 177.3034 477.6731 205.0941 1.5073 1.5277 3.2575 -8.9953 1.7735 41.4515 -4.4960 0.7314
Car -1 -1 -7.7484 654.3083 172.9848 681.6552 195.0365 1.5197 1.5954 3.4920 4.1463 1.5291 51.6091 -7.6691 0.6669
Car -1 -1 -4.5001 534.9569 173.1883 566.7988 196.1544 1.6569 1.6093 3.8391 -4.4242 1.6826 54.1226 -4.5817 0.6430
Car -1 -1 -4.4009 297.8272 180.2480 366.8167 217.0510 1.3939 1.5196 4.0386 -11.5717 1.7243 30.2106 -4.7641 0.5229
Car -1 -1 -7.7868 677.5435 170.7213 697.1240 186.4268 1.4309 1.5944 3.5488 7.2487 1.2363 67.6225 -7.6808 0.3044
Car -1 -1 -5.3704 1045.4913 155.1918 1217.9436 226.8944 1.5710 1.5986 3.4436 12.4510 1.1838 17.5685 -4.7620 0.2803
Car -1 -1 -3.6840 976.5184 150.7164 1142.7378 209.9485 1.6452 1.6033 3.8003 12.8496 1.0300 20.8490 -3.1382 0.2575
Car -1 -1 -4.6313 523.7975 176.3131 543.6382 192.9397 1.5108 1.5544 3.9891 -7.2254 1.8481 68.4128 -4.7364 0.2530
Car -1 -1 -3.5335 954.4097 151.0336 1045.0516 180.2259 1.5330 1.6258 3.9788 20.9074 0.3868 38.8953 -3.0434 0.2459
Car -1 -1 -6.7199 1070.7000 131.9766 1188.6582 168.6805 1.5225 1.5828 3.8451 22.4151 -0.1879 31.3091 -6.1027 0.1518
Car -1 -1 -8.3580 565.9686 172.1799 609.6798 194.1982 1.6031 1.6080 3.9226 -1.7464 1.5537 54.6295 -8.3902 0.1120
Car -1 -1 -7.7941 639.4921 169.9365 660.1886 187.5556 1.5500 1.6376 4.1707 3.6308 1.2931 65.6430 -7.7394 0.1084
Car -1 -1 -7.2024 161.7541 172.7625 214.4302 199.6884 2.3677 1.7898 4.4844 -38.4108 2.3594 65.7837 -7.7293 0.0677
Car -1 -1 -2.6948 52.3769 177.9212 166.6003 213.0221 1.5094 1.6205 3.9060 -22.4631 1.7447 32.4475 -3.2967 0.0659
Car -1 -1 -4.6593 699.1780 169.5421 718.6612 186.2550 1.5649 1.6540 4.1358 9.5677 1.2545 69.7468 -4.5238 0.0595
