Pedestrian -1 -1 -2.9176 641.4291 172.9375 656.2705 201.7718 1.8735 0.5296 0.8755 2.5126 1.8787 47.2572 -2.8653 0.3795
Pedestrian -1 -1 -6.4361 145.9936 185.3884 165.9286 216.7218 1.8032 0.6220 0.9103 -26.7691 2.5502 42.4839 -6.9958 0.2352
Car -1 -1 -5.1769 437.3923 186.2072 483.0309 208.1428 1.5438 1.6500 4.4061 -11.6394 2.6167 55.7472 -5.3822 0.0778
Cyclist -1 -1 -7.9026 386.1050 176.0111 410.1046 241.7862 1.9054 0.6127 1.8073 -6.5067 2.0053 21.9475 -8.1881 0.0635
Car -1 -1 -4.3711 540.7336 181.7760 571.7139 199.0392 1.4078 1.5899 3.5573 -4.6686 2.2072 62.7544 -4.4455 0.0550
Pedestrian -1 -1 -7.8266 874.1478 176.4389 889.7943 218.3517 1.7295 0.6001 0.6244 11.3585 1.8815 30.2448 -7.4712 0.0534
Car -1 -1 -4.9486 666.8936 174.9215 706.1027 201.9683 1.7186 1.6849 4.1047 5.0384 1.8630 48.3231 -4.8458 0.0531
Car -1 -1 -4.6908 582.8467 178.8938 606.6630 200.8236 1.5055 1.6551 4.1356 -1.1102 1.9640 52.7408 -4.7122 0.0512
Car -1 -1 -4.6423 998.8216 162.8079 1025.6399 182.1152 1.5237 1.6468 4.0885 32.9468 0.7306 59.1058 -4.1360 0.0511
Cyclist -1 -1 -7.7452 658.6191 178.4871 665.8369 198.8850 1.5565 0.3930 1.6055 4.0542 2.0025 56.3404 -7.6742 0.0503
Cyclist -1 -1 -2.2811 33.9385 199.1330 81.6988 242.9445 1.7204 0.5838 1.6919 -22.5014 2.8058 29.3496 -2.9310 0.2869
Cyclist -1 -1 -4.4300 42.8503 199.6402 72.6894 243.7964 1.6838 0.5252 1.6416 -22.5418 2.8076 29.4184 -5.0797 0.1607
Cyclist -1 -1 -5.4581 44.4373 194.8015 96.4562 239.9861 1.8054 0.6738 1.8120 -22.3323 2.7272 29.8138 -6.0969 0.0750
Cyclist -1 -1 -3.9623 56.7178 201.0063 93.0870 234.5288 1.6311 0.4822 1.7040 -27.7918 3.1261 37.4499 -4.5975 0.0742
Pedestrian -1 -1 -6.4992 801.8114 168.3615 809.8604 188.8211 1.7214 0.7576 0.5055 16.5561 1.3431 61.0988 -6.2361 0.0699
Cyclist -1 -1 -7.6912 315.2191 192.3739 328.2893 226.8498 1.7011 0.3761 1.5785 -14.9455 2.7327 37.3315 -8.0700 0.0624
Cyclist -1 -1 -5.7574 407.8723 186.8164 459.0323 231.1411 1.5643 0.7406 1.6750 -6.5086 2.0869 26.4293 -5.9971 0.0551
Cyclist -1 -1 -2.4587 15.0448 195.9047 73.7359 241.8923 1.8072 0.6800 1.8496 -22.8234 2.7472 29.0753 -3.1199 0.0542
Car -1 -1 -4.1642 63.6589 201.6632 195.6835 256.7297 1.4788 1.6570 4.1672 -15.6249 2.5085 23.6893 -4.7424 0.9503
Car -1 -1 -7.8672 568.0410 180.8507 640.4968 251.2097 1.5966 1.6862 3.4251 -0.2295 1.8205 18.5014 -7.8805 0.9474
Car -1 -1 -4.3108 260.1118 196.1440 326.9964 230.8189 1.4935 1.6590 3.7918 -15.5371 2.7016 35.5355 -4.7207 0.9394
Car -1 -1 -4.1922 185.9733 198.9078 264.0222 232.8355 1.4381 1.6197 4.0169 -19.0056 2.8019 35.7437 -4.6782 0.8651
Car -1 -1 -4.0097 0.0000 207.4011 93.4080 300.2324 1.3959 1.5917 3.9678 -12.5112 2.1764 14.3188 -4.7187 0.6585
Car -1 -1 -4.5114 415.5341 187.3475 477.8441 229.7035 1.4497 1.6047 3.9033 -6.2992 2.0514 28.0072 -4.7312 0.5127
Car -1 -1 -5.8880 291.8879 175.2767 351.0860 195.0299 1.5670 1.5752 4.1531 -23.2917 1.7651 58.2607 -6.2670 0.3170
Car -1 -1 -4.5054 499.4597 180.6532 533.5350 205.1315 1.6052 1.6230 3.7847 -6.5334 2.1719 50.5072 -4.6338 0.1745
Car -1 -1 -5.2826 4.6344 201.6338 73.0708 229.8414 1.5844 1.6593 3.5794 -35.4023 3.4213 44.6920 -5.9498 0.1670
Car -1 -1 -3.5452 892.0814 170.7844 942.7949 186.1183 1.4375 1.5840 4.1351 29.1142 1.2432 68.4419 -3.1447 0.1661
Car -1 -1 -3.9125 25.8620 202.4180 117.2135 235.6302 1.5006 1.6613 3.7778 -28.4058 3.1457 38.1582 -4.5493 0.1628
Car -1 -1 -7.9602 381.6827 188.1646 432.0083 228.7248 1.5149 1.6346 4.1458 -8.7886 2.2167 30.8598 -8.2359 0.1448
Car -1 -1 -4.7674 1067.4261 163.9690 1094.4241 183.3164 1.5267 1.6246 3.8713 38.4557 0.8253 59.0205 -4.1924 0.1251
Car -1 -1 -7.9710 795.2834 166.4633 821.1494 188.4074 1.8390 1.6888 4.0693 17.1358 1.3031 62.6036 -7.7053 0.1031
Car -1 -1 -7.8134 841.6134 165.3825 864.2493 186.8174 1.7503 1.6688 3.7998 20.5330 1.1399 60.9908 -7.4904 0.0794
Car -1 -1 -4.9335 590.5494 178.8152 620.6357 197.4881 1.5151 1.7042 4.2149 -0.4430 2.0475 62.2263 -4.9410 0.0750
Car -1 -1 -2.6047 0.0000 201.9204 98.7781 241.9680 1.5165 1.5611 2.9575 -23.1068 2.7494 29.6594 -3.2624 0.0746
