Pedestrian -1 -1 -7.1477 940.4739 162.1188 958.3149 193.6707 1.9208 0.6196 0.7937 21.1718 0.8019 43.4863 -6.6958 0.0578
Car -1 -1 -4.8238 1152.1379 164.6323 1189.2019 189.3172 1.7211 1.6324 4.2672 41.1771 0.6148 51.5392 -4.1511 0.0562
Pedestrian -1 -1 -4.8576 573.7286 164.4577 592.1745 211.1342 1.7830 0.6220 0.6830 -0.8872 1.1705 27.3997 -4.8878 0.0533
Car -1 -1 -4.8334 1045.5276 166.7869 1089.6943 197.1199 1.6862 1.6741 4.0590 27.0709 0.9240 41.4960 -4.2573 0.0501
Pedestrian -1 -1 -5.3548 350.1442 156.5333 401.2451 239.5157 1.8636 0.6221 1.0588 -5.3769 1.3257 16.4395 -5.6634 0.7598
Pedestrian -1 -1 -3.1486 325.4154 156.4286 378.4546 240.9701 1.8313 0.6050 1.0952 -5.6879 1.3102 15.7857 -3.4862 0.6557
Pedestrian -1 -1 -7.6810 960.6418 170.8182 990.7655 238.1077 1.6644 0.5783 0.6428 9.3557 1.4253 17.9200 -7.2055 0.4488
Pedestrian -1 -1 -6.4504 638.2582 154.4585 707.1362 272.5759 1.8504 0.5141 1.0291 1.0284 1.4428 11.3729 -6.3610 0.2171
Cyclist -1 -1 -2.1128 88.6551 133.0560 132.1681 179.1511 1.7999 0.6713 1.6656 -19.8225 -0.0550 28.2960 -2.7163 0.2019
Pedestrian -1 -1 -3.1352 388.8484 155.5332 426.6928 223.3022 1.8632 0.5236 1.0093 -5.5623 1.1771 19.8225 -3.4027 0.1415
Cyclist -1 -1 -2.2309 73.5312 133.2169 123.9212 180.1098 1.8151 0.7154 1.7329 -20.0552 -0.0155 27.9734 -2.8452 0.1055
Pedestrian -1 -1 -4.4688 0.0000 162.9460 33.1186 226.8805 1.6503 0.5839 0.5602 -15.5574 1.1975 18.6288 -5.1543 0.0969
Pedestrian -1 -1 -8.3133 807.3746 168.7878 824.8927 205.5937 1.7427 0.6093 0.5766 10.0734 1.1883 33.8133 -8.0247 0.0965
Pedestrian -1 -1 -5.3712 968.2575 181.0885 998.8227 236.3954 1.4568 0.5199 0.5049 10.0872 1.4731 18.9244 -4.8869 0.0953
Pedestrian -1 -1 -3.7926 503.4599 176.1927 563.4078 293.3791 1.5469 0.5888 0.5851 -1.0394 1.4904 9.7482 -3.8936 0.0934
Pedestrian -1 -1 -5.5007 100.9217 137.3971 121.4647 181.2961 1.7470 0.5857 0.3729 -19.9005 0.0319 28.4598 -6.1034 0.0895
Cyclist -1 -1 -4.6063 108.4385 136.1147 127.7541 178.8633 1.6598 0.4552 1.6589 -19.5441 -0.0674 28.3568 -5.2022 0.0727
Pedestrian -1 -1 -5.7059 98.5642 138.2119 115.9584 182.2998 1.7600 0.5539 0.3220 -20.0923 0.0721 28.5072 -6.3123 0.0697
Pedestrian -1 -1 -5.2347 389.6059 167.1871 415.3598 216.6028 1.6554 0.6322 0.5964 -6.9416 1.2097 24.1198 -5.5096 0.0652
Pedestrian -1 -1 -4.4682 250.3302 159.7659 281.3465 221.3345 1.7483 0.6285 0.8244 -9.8820 1.1598 20.5431 -4.9087 0.0611
Pedestrian -1 -1 -7.6510 386.8517 161.8707 410.3208 217.3565 1.7536 0.5819 0.7592 -6.6693 1.1651 22.7472 -7.9305 0.0596
Pedestrian -1 -1 -7.6804 324.6654 161.9954 350.1050 219.9416 1.7569 0.6211 0.6994 -8.2947 1.1961 21.8379 -8.0367 0.0585
Pedestrian -1 -1 -3.5396 99.9551 134.0651 122.6800 180.0875 1.7928 0.6064 0.5467 -19.5387 -0.0163 27.9440 -4.1421 0.0570
Pedestrian -1 -1 -4.2169 504.1640 189.6142 552.9026 297.5188 1.3791 0.4907 0.4455 -1.0637 1.5044 9.3862 -4.3242 0.0550
Cyclist -1 -1 -7.5332 809.1627 169.4862 830.9864 205.0848 1.6629 0.4841 1.7259 10.2914 1.1486 33.8721 -7.2392 0.0538
Pedestrian -1 -1 -4.1423 127.3130 165.5557 162.2142 228.3880 1.6556 0.5695 0.5598 -12.3424 1.2621 18.9102 -4.7110 0.0526
Pedestrian -1 -1 -4.0461 501.9315 201.9841 546.6250 302.3785 1.2221 0.3459 0.4776 -1.0800 1.5058 9.0271 -4.1593 0.0523
Pedestrian -1 -1 -2.4071 91.0956 135.6931 115.8234 181.6075 1.8150 0.6074 0.5386 -20.0872 0.0440 28.2853 -3.0170 0.0517
Pedestrian -1 -1 -5.5877 380.8543 164.5096 405.4028 215.6686 1.7181 0.6060 0.5394 -7.2611 1.1813 24.1299 -5.8745 0.0508
Pedestrian -1 -1 -3.2372 0.0000 159.9856 12.6390 236.2548 1.6676 0.5221 0.5338 -13.6891 1.2194 15.8330 -3.9383 0.0508
Pedestrian -1 -1 -4.5298 439.5474 162.3599 461.5546 213.8560 1.7258 0.6043 0.7528 -5.2876 1.1181 24.0802 -4.7413 0.0507
Car -1 -1 -4.6983 1164.4305 167.5470 1197.4520 193.1991 1.6722 1.6876 3.9665 39.2399 0.8279 48.1534 -4.0162 0.3894
Car -1 -1 -7.0817 662.9999 164.4949 814.9161 228.4648 1.7150 1.7541 4.5480 4.0002 1.2862 20.9789 -6.8943 0.1427
Car -1 -1 -4.7940 1223.0000 169.3619 1223.0000 194.5688 1.5300 1.6430 4.1460 41.0561 0.8540 45.0596 -4.0570 0.0766
Car -1 -1 -4.5636 56.9167 135.1188 123.0575 175.5497 1.4830 1.6499 3.2164 -20.4734 -0.2098 28.1849 -5.1841 0.0670
Car -1 -1 -4.5088 131.9008 132.5197 198.2601 172.1808 1.4886 1.5712 3.8883 -18.2899 -0.3717 29.5117 -5.0563 0.0652
Car -1 -1 -4.3632 697.9763 174.7066 771.3779 213.1518 1.4224 1.6058 4.0377 5.2329 1.2083 28.3067 -4.1807 0.0617
Car -1 -1 -4.1626 776.7770 173.7603 856.6031 208.6218 1.4891 1.5896 4.0672 9.6459 1.2014 32.1497 -3.8722 0.0525
Car -1 -1 -2.1659 0.0000 164.3896 13.8416 231.8206 1.4738 1.6150 4.3335 -16.5707 1.1220 16.6854 -2.9364 0.0510
