Pedestrian -1 -1 -4.4658 149.9234 170.2346 175.5750 224.3938 1.9607 0.6257 0.8021 -16.4388 1.4185 26.5002 -5.0168 0.1398
Cyclist -1 -1 -4.3108 0.0000 191.3176 47.4745 258.2995 1.6096 0.4255 1.6581 -14.9449 1.7722 18.2854 -4.9892 0.1190
Pedestrian -1 -1 -6.6223 543.6896 181.8181 556.4970 203.5422 1.4876 0.6048 0.7212 -4.0079 1.2551 49.6486 -6.7028 0.1053
Pedestrian -1 -1 -3.6662 966.3849 157.5368 1074.3804 319.0686 1.8091 0.6054 0.9070 4.7232 1.4993 8.3651 -3.1668 0.0948
Pedestrian -1 -1 -3.3626 1014.3455 163.9110 1126.3549 352.7161 1.6840 0.4993 0.7884 4.2729 1.4942 6.7736 -2.8186 0.0880
Pedestrian -1 -1 -4.0992 774.9420 177.6191 815.8611 256.8793 1.6844 0.5897 0.6692 4.0520 1.5231 15.7182 -3.8517 0.0808
Pedestrian -1 -1 -4.1983 737.8865 168.0409 764.0707 221.7999 1.8623 0.6232 0.7440 5.0165 1.2675 25.3881 -4.0058 0.0723
Car -1 -1 -5.0147 0.0000 175.3348 3.7966 201.4145 1.5964 1.7082 4.1688 -40.4460 0.9917 45.8170 -5.7353 0.0678
Pedestrian -1 -1 -6.0159 1132.5746 130.9555 1240.0000 375.0000 1.9058 0.6155 0.8438 4.8605 1.5001 5.8989 -5.3500 0.0645
Car -1 -1 -6.5556 676.6838 179.3444 754.8840 209.5036 1.4995 1.5934 3.6582 5.4596 1.2077 36.7612 -6.4097 0.0640
Pedestrian -1 -1 -3.6414 934.1301 168.7202 1024.8510 311.3741 1.7480 0.5075 0.8820 4.6248 1.5460 9.0804 -3.1831 0.0603
Car -1 -1 -4.5519 463.6181 176.5955 498.9650 201.7769 1.6431 1.7267 4.1797 -8.5945 1.0808 49.0060 -4.7250 0.0574
Car -1 -1 -7.6004 426.5574 177.9990 474.1596 208.0476 1.4908 1.5513 3.6805 -8.1923 1.1329 37.5349 -7.8141 0.0563
Cyclist -1 -1 -7.6724 660.0593 172.9849 685.5592 230.4011 1.7405 0.5200 1.6294 2.0167 1.3699 22.6463 -7.5852 0.0562
Car -1 -1 -5.9888 533.5654 176.4360 624.0844 208.1269 1.6408 1.7537 4.5490 -1.5704 1.1864 38.6393 -6.0295 0.0514
Pedestrian -1 -1 -3.3497 254.9646 169.5149 262.0228 194.4056 1.8032 0.5353 0.3605 -25.4814 0.6659 52.3997 -3.8005 0.0509
Cyclist -1 -1 -7.6085 334.7518 171.9244 347.5185 198.7375 1.6596 0.3776 1.5948 -16.8245 0.8371 45.3068 -7.9624 0.0505
Cyclist -1 -1 -7.8453 650.4295 178.4008 664.0074 231.5686 1.6085 0.4101 1.6064 1.5108 1.4025 22.5637 -7.7797 0.1267
Car -1 -1 -7.8480 563.0858 180.9303 619.4479 230.8862 1.4709 1.6604 3.2643 -0.5625 1.3449 22.8140 -7.8728 0.9582
Car -1 -1 -7.7323 481.7067 181.7038 546.3978 226.1399 1.4560 1.7820 4.2366 -3.2946 1.3411 25.6773 -7.8590 0.9315
Car -1 -1 -7.5842 333.6801 178.1802 498.5214 288.3234 1.6184 1.6975 4.1624 -3.1943 1.5152 12.6662 -7.8266 0.9217
Car -1 -1 -7.2840 0.0000 201.2183 372.4582 375.0000 1.4517 1.6325 4.1814 -3.1846 1.6073 4.8788 -7.8377 0.8779
Car -1 -1 -7.3218 45.9697 187.7592 279.7953 288.3844 1.4878 1.6035 4.1253 -7.6385 1.5406 12.7984 -7.8509 0.8774
Car -1 -1 -7.6691 290.7518 183.6153 347.2036 218.5769 1.4341 1.6325 3.6886 -12.5971 1.3686 31.4543 -8.0474 0.8417
Car -1 -1 -7.4444 327.9185 183.1312 419.7869 231.9710 1.5194 1.6204 3.6402 -7.8258 1.4547 24.2550 -7.7537 0.7380
Car -1 -1 -7.7473 470.1606 178.5606 498.5312 201.5733 1.5821 1.6148 3.6640 -8.7929 1.1247 51.3003 -7.9166 0.6603
Car -1 -1 -7.6458 430.2920 176.6945 472.5916 205.8200 1.4645 1.4891 3.4808 -8.2212 1.0362 37.8896 -7.8583 0.6059
Car -1 -1 -4.7098 536.3809 178.7950 567.4703 208.6049 1.4956 1.5577 3.5866 -2.9745 1.1736 37.9124 -4.7879 0.3789
Car -1 -1 -4.1582 132.1119 188.1122 263.7849 242.5032 1.4530 1.5513 3.9272 -12.0769 1.5474 21.4125 -4.6667 0.3518
Car -1 -1 -7.6633 443.2619 177.7598 480.4437 203.3440 1.5373 1.6172 3.6589 -9.1203 1.0895 45.0317 -7.8623 0.1975
Car -1 -1 -4.7394 536.4490 178.7643 559.3177 200.5423 1.4941 1.5192 3.6778 -4.3176 1.0517 51.2302 -4.8235 0.1908
Car -1 -1 -8.0025 643.8258 180.8414 709.1114 229.6702 1.4838 1.5829 3.7626 2.1445 1.3510 23.7700 -7.9141 0.1453
Car -1 -1 -2.8756 616.4855 178.8312 672.7827 201.6559 1.5603 1.6574 3.6428 2.5756 1.1240 50.4961 -2.8253 0.1219
Car -1 -1 -8.0277 494.6270 178.6998 538.0645 208.1269 1.4674 1.6298 3.8131 -4.9015 1.1426 37.9077 -8.1558 0.0973
Car -1 -1 -4.5610 566.3965 178.2051 598.7850 200.2408 1.4843 1.6779 4.1145 -1.7497 1.0122 50.5610 -4.5959 0.0780
Car -1 -1 -4.8282 663.9703 179.3781 699.3067 205.6510 1.5279 1.6685 4.0985 4.4298 1.1886 43.8677 -4.7286 0.0626
Car -1 -1 -4.6811 477.4362 178.0160 504.4121 202.3489 1.4540 1.5433 4.0458 -7.3115 1.0239 45.0589 -4.8414 0.0505
