Cyclist -1 -1 -4.4507 403.8516 164.1621 446.7515 242.4801 1.8618 0.5771 1.8660 -4.6540 1.6549 18.0895 -4.6996 0.9113
Cyclist -1 -1 -4.1906 415.5579 164.0352 466.4001 232.5519 1.8846 0.5792 1.8568 -4.8980 1.6418 20.8192 -4.4194 0.6173
Cyclist -1 -1 -6.9811 601.2075 169.5144 644.2698 213.8618 1.8135 0.5980 1.8625 0.5023 1.6766 30.3246 -6.9653 0.5965
Pedestrian -1 -1 -1.7132 0.7285 155.1387 19.3565 192.1151 1.8434 0.6340 0.6864 -30.3366 0.9599 36.4363 -2.4040 0.1831
Pedestrian -1 -1 -3.3704 568.8748 167.2726 583.7552 205.4793 1.9175 0.6224 0.6283 -1.7505 1.6370 36.5965 -3.4183 0.1371
Pedestrian -1 -1 -3.1915 629.1998 170.0487 636.5108 194.2467 1.8462 0.6301 0.5290 1.7240 1.6319 55.3703 -3.1609 0.1009
Pedestrian -1 -1 -6.8362 786.7892 167.1582 797.3763 187.6472 1.8443 0.5786 0.7348 16.4638 1.3313 65.3338 -6.5906 0.0987
Car -1 -1 -2.5989 0.0000 169.8743 75.0447 192.6497 1.5750 1.6693 4.1750 -40.6100 1.3686 50.9903 -3.2690 0.0974
Car -1 -1 -4.7853 413.8255 180.1930 464.4972 224.1816 1.4586 1.5315 4.0383 -6.4507 1.7528 26.8001 -5.0198 0.0872
Pedestrian -1 -1 -5.7933 777.5126 167.1557 785.4100 186.9114 1.7931 0.5428 0.5059 15.6293 1.2756 65.8623 -5.5616 0.0801
Pedestrian -1 -1 -3.3032 601.2920 171.8443 613.5117 199.5900 1.6962 0.5087 0.6785 -0.1966 1.6341 44.4167 -3.3081 0.0800
Car -1 -1 -7.9690 657.8574 166.2530 681.0701 188.5588 2.0844 1.7559 4.1573 5.6777 1.4673 69.5327 -7.8882 0.0792
Pedestrian -1 -1 -8.2737 1155.0767 159.3268 1188.8556 223.1149 1.7540 0.5994 0.4773 15.6302 1.3817 20.1415 -7.6212 0.0716
Pedestrian -1 -1 -3.5527 828.2358 161.7203 849.1056 197.7036 1.8437 0.6070 0.8567 11.7837 1.2729 37.3176 -3.2495 0.0691
Car -1 -1 -5.1301 841.3519 165.5923 922.5534 204.0135 1.6340 1.7591 4.5333 12.2735 1.3248 33.0044 -4.7773 0.0634
Pedestrian -1 -1 -3.8014 122.4205 167.5828 152.7782 223.9460 1.9313 0.6206 0.6387 -16.4941 1.7504 25.1277 -4.3776 0.0625
Pedestrian -1 -1 -5.9001 585.2774 168.4527 598.8947 194.0551 1.8784 0.5507 0.8635 -1.3531 1.5552 53.3484 -5.9257 0.0599
Pedestrian -1 -1 -5.6927 29.8089 173.8228 48.3125 222.7869 1.8348 0.5473 0.2940 -21.6703 1.8716 27.3335 -6.3585 0.0576
Pedestrian -1 -1 -4.0758 123.1507 175.2418 153.2574 235.2869 1.7933 0.5836 0.4934 -14.3210 1.8661 21.8343 -4.6510 0.0571
Pedestrian -1 -1 -5.5606 281.3771 168.4703 303.4238 209.4391 1.8525 0.6170 0.6875 -14.5758 1.6540 33.0251 -5.9736 0.0567
Cyclist -1 -1 -3.9105 332.6588 178.2320 369.5566 220.8024 1.6494 0.4597 1.4915 -10.4072 1.8704 28.9214 -4.2534 0.0548
Pedestrian -1 -1 -5.1115 235.6942 174.6573 248.5899 208.4059 1.7553 0.5012 0.3641 -19.3457 1.8504 37.8705 -5.5812 0.0542
Pedestrian -1 -1 -6.6809 346.1176 174.5346 359.1196 202.3923 1.8333 0.7102 0.5856 -17.1552 1.9458 47.9987 -7.0227 0.0527
Car -1 -1 -4.4982 512.0356 173.8365 550.1334 198.8360 1.5884 1.6834 4.1581 -5.2491 1.6567 48.1717 -4.6066 0.0520
Pedestrian -1 -1 -4.3129 795.8055 165.6792 810.7502 194.9233 1.9611 0.6695 0.9369 13.0845 1.4796 48.9605 -4.0536 0.0501
Pedestrian -1 -1 -4.0171 0.0000 166.4414 83.8415 300.9723 1.7629 0.5865 0.7409 -7.7976 1.6785 9.8361 -4.6745 0.7187
Pedestrian -1 -1 -5.5552 31.4406 154.0863 149.7164 313.0889 1.8592 0.6614 0.9856 -6.3855 1.6395 8.8223 -6.1677 0.6789
Pedestrian -1 -1 -3.7889 873.2173 144.6068 996.6014 363.2527 1.8188 0.7796 0.6661 2.8268 1.5835 6.4627 -3.3944 0.6610
Pedestrian -1 -1 -5.1704 110.0905 150.9760 191.7263 294.8696 1.9365 0.6699 0.8561 -6.5556 1.6418 10.2206 -5.7293 0.5669
Pedestrian -1 -1 -4.9177 839.2415 180.3093 901.2057 294.1458 1.4764 0.7197 0.3301 3.3947 1.5774 9.5935 -4.5883 0.5428
Cyclist -1 -1 -6.7218 784.4293 171.6424 831.7859 212.5531 1.6494 0.7419 1.7217 8.0775 1.6002 29.6056 -6.4585 0.5352
Pedestrian -1 -1 -5.5725 906.1682 140.4866 1003.1959 309.2590 1.8548 0.7368 0.7147 3.9487 1.4988 8.4091 -5.1478 0.5093
Pedestrian -1 -1 -8.0447 848.7196 167.7563 873.6395 217.8823 1.6952 0.6476 0.9012 8.6101 1.5225 24.8926 -7.7159 0.4093
Pedestrian -1 -1 -6.2777 187.9923 170.3691 219.1302 248.2641 1.7732 0.6442 0.6234 -9.5410 1.7164 16.8577 -6.7863 0.3776
Cyclist -1 -1 -5.6991 288.2218 176.7750 344.1919 230.8304 1.6813 0.5661 1.6027 -9.3848 1.8080 22.9415 -6.0838 0.3186
Cyclist -1 -1 -6.7618 712.2364 162.7712 757.5137 206.7954 1.8445 0.7130 1.7791 5.2922 1.4217 30.8415 -6.5940 0.3032
Pedestrian -1 -1 -7.6614 954.7522 164.8739 986.3442 229.4520 1.6787 0.6321 0.7221 9.5635 1.4710 19.2354 -7.2067 0.2731
Cyclist -1 -1 -3.4083 788.2688 172.1300 836.8909 214.3946 1.6242 0.7316 1.6879 7.8306 1.5961 28.0951 -3.1397 0.2669
Cyclist -1 -1 -6.7404 149.3761 170.9763 238.7526 250.5079 1.7597 0.4595 1.7854 -9.7172 1.7179 16.8322 -7.2575 0.2610
Pedestrian -1 -1 -9.0895 950.6351 177.7088 1013.9384 298.3805 1.4964 0.5387 0.5930 4.7823 1.5619 9.3801 -8.6315 0.2461
Cyclist -1 -1 -5.8279 348.0492 170.7322 383.6502 204.6853 1.7924 0.6938 1.6664 -13.0742 1.6801 38.5414 -6.1532 0.2324
Pedestrian -1 -1 -3.8798 1001.1741 141.4560 1124.0648 325.7913 1.8119 0.5756 0.9406 4.6119 1.5030 7.4693 -3.3449 0.2323
Cyclist -1 -1 -8.0373 265.4887 173.8188 278.4904 202.8315 1.6261 0.3920 1.5865 -19.3656 1.6819 41.2498 -8.4740 0.2312
Cyclist -1 -1 -4.4042 451.6476 176.3698 468.9958 206.1743 1.5327 0.4701 1.4779 -7.9223 1.7215 38.0436 -4.6085 0.2006
Pedestrian -1 -1 -7.7843 866.7476 161.5569 899.9376 242.5999 1.7624 0.6602 0.5383 6.0386 1.5164 16.0716 -7.4316 0.1553
Pedestrian -1 -1 -8.8051 790.9960 172.9191 806.2057 199.1548 1.6869 0.5652 0.7710 12.2175 1.6909 46.8738 -8.5521 0.1483
Cyclist -1 -1 -6.4141 790.5897 168.9030 821.1033 197.8565 1.8563 0.6880 1.8308 12.6378 1.6027 46.7199 -6.1519 0.1437
Cyclist -1 -1 -8.5563 1060.6768 167.0179 1134.3040 239.6191 1.6310 0.4496 1.6835 11.4416 1.4996 17.0724 -7.9743 0.1433
Pedestrian -1 -1 -7.7201 369.9786 173.1831 385.0224 211.9075 1.7283 0.5877 0.4665 -10.5082 1.7429 32.4888 -8.0309 0.1320
Pedestrian -1 -1 -7.9669 847.2568 151.0736 887.3407 244.5348 1.8885 0.6893 0.8400 5.3055 1.4481 15.0645 -7.6351 0.1166
Cyclist -1 -1 -4.3189 362.9482 175.4699 386.8746 213.1296 1.6573 0.5060 1.4609 -10.6537 1.7779 32.6049 -4.6327 0.1114
Pedestrian -1 -1 -4.1278 905.1686 164.8581 931.7357 221.1215 1.7225 0.5924 0.4842 9.5554 1.4774 22.4703 -3.7310 0.1111
Cyclist -1 -1 -6.7537 1070.9244 129.3972 1127.6979 175.3136 1.7983 0.6660 1.7586 19.3972 0.0960 28.6942 -6.1638 0.1108
Pedestrian -1 -1 -3.0850 936.4335 161.8506 981.6282 253.9291 1.7088 0.5843 0.7544 6.6372 1.5043 13.8268 -2.6464 0.1081
Cyclist -1 -1 -6.7948 103.7852 178.5150 193.1275 254.0102 1.5956 0.4813 1.6685 -10.3924 1.7292 16.2248 -7.3573 0.1014
Pedestrian -1 -1 -4.0840 718.6866 164.0199 740.1569 204.5154 1.8835 0.6463 0.8140 5.5994 1.4723 34.0760 -3.9230 0.1006
Pedestrian -1 -1 -6.7897 166.7191 178.1924 212.2732 246.8139 1.6341 0.5586 0.7977 -10.3858 1.7687 17.7435 -7.3130 0.0980
Pedestrian -1 -1 -2.7894 646.8738 172.2660 658.3417 197.1889 1.8078 0.6340 0.6595 3.0868 1.7648 52.7584 -2.7317 0.0956
Cyclist -1 -1 -5.2595 945.4987 174.1621 1065.1166 306.7877 1.5386 0.5231 1.6681 4.9372 1.5566 9.2379 -4.7827 0.0934
Cyclist -1 -1 -2.2184 240.4512 177.9558 299.9920 232.6051 1.6121 0.7292 1.7819 -10.4879 1.7737 22.1602 -2.6562 0.0921
Pedestrian -1 -1 -3.2909 597.7225 170.5059 607.5521 197.6370 1.8100 0.7283 0.5580 -0.5300 1.6531 48.5403 -3.3022 0.0919
Pedestrian -1 -1 -6.2126 245.0830 170.2632 258.5499 200.5442 1.7396 0.6501 0.6553 -20.8206 1.5905 41.8761 -6.6717 0.0883
Pedestrian -1 -1 -4.6978 1153.8752 149.9039 1191.7733 250.4090 1.7725 0.5337 0.6357 10.1912 1.3675 13.1400 -4.0494 0.0861
Cyclist -1 -1 -4.4046 747.3569 171.5813 768.9644 205.6429 1.7000 0.6316 1.5974 7.5381 1.6362 36.8639 -4.2050 0.0855
Pedestrian -1 -1 -8.2876 716.7529 165.0927 737.9883 208.6387 1.8393 0.6483 0.7334 4.9821 1.5112 30.9175 -8.1298 0.0844
Cyclist -1 -1 -7.7900 894.6665 169.2395 910.4563 219.6171 1.6271 0.4010 1.5390 9.7253 1.5101 24.0859 -7.4110 0.0818
Pedestrian -1 -1 -4.9255 138.1352 183.8996 169.7030 250.6700 1.4827 0.5186 0.4972 -10.4816 1.7405 16.5000 -5.4844 0.0815
Pedestrian -1 -1 -4.5220 159.9722 175.7164 195.5630 249.4989 1.6597 0.5634 0.8052 -10.0693 1.7277 16.7418 -5.0568 0.0814
Pedestrian -1 -1 -5.3970 373.7671 171.2990 397.7343 216.8915 1.8416 0.6264 0.7179 -9.2440 1.7785 29.6047 -5.6975 0.0803
Pedestrian -1 -1 -3.9528 193.8194 180.3607 237.8593 248.8759 1.5973 0.5390 0.7826 -9.5294 1.7823 17.3670 -4.4485 0.0778
Cyclist -1 -1 -8.2013 869.8697 167.2616 896.7164 209.1053 1.6194 0.4617 1.6375 10.8280 1.4027 28.7458 -7.8449 0.0756
Cyclist -1 -1 -3.2648 824.5088 171.3747 957.0150 297.5712 1.5791 0.4473 1.5645 3.5742 1.5603 9.4235 -2.9137 0.0749
Cyclist -1 -1 -8.1077 995.7919 162.3303 1036.7212 232.1454 1.6627 0.4656 1.6937 10.0937 1.4118 18.0621 -7.6054 0.0746
Cyclist -1 -1 -6.7780 92.2630 181.6364 180.2294 255.9341 1.5673 0.4832 1.6182 -10.6798 1.7747 16.2411 -7.3524 0.0722
Pedestrian -1 -1 -3.1972 1182.9110 155.2041 1221.9882 256.9635 1.7194 0.5514 0.4876 10.2462 1.4208 12.5572 -2.5247 0.0702
Cyclist -1 -1 -7.2229 362.8056 174.2934 393.9091 212.4249 1.6667 0.4975 1.5741 -10.4377 1.7327 32.4249 -7.5323 0.0690
Cyclist -1 -1 -7.0173 732.9865 170.7008 781.5222 218.9658 1.7169 0.6025 1.8035 5.3458 1.6400 26.3866 -6.8202 0.0683
Cyclist -1 -1 -4.0744 253.1114 181.6454 300.5882 237.8548 1.5792 0.4612 1.5109 -9.8631 1.8480 21.3043 -4.5036 0.0679
Cyclist -1 -1 -7.8031 975.3866 159.6061 995.1252 225.9034 1.7188 0.4054 1.6220 10.1048 1.3750 19.5102 -7.3318 0.0678
Cyclist -1 -1 -8.0644 940.3823 156.0326 974.6819 218.5975 1.7695 0.5427 1.7624 10.2013 1.2935 21.3271 -7.6240 0.0667
Pedestrian -1 -1 -4.5797 117.5388 180.8054 144.6330 238.0701 1.7026 0.6340 0.4132 -14.5564 1.9468 21.8665 -5.1616 0.0665
Cyclist -1 -1 -7.6922 800.1842 169.1909 818.4351 210.8579 1.6736 0.4883 1.5603 8.1934 1.5262 29.7931 -7.4269 0.0658
Pedestrian -1 -1 -8.0154 1078.0936 135.2411 1099.4354 180.8497 1.8050 0.6337 0.5269 19.1432 0.3161 28.9257 -7.4353 0.0630
Pedestrian -1 -1 -3.7758 980.3546 150.2164 1086.2839 316.6390 1.7112 0.4746 0.8668 4.4525 1.4781 7.7096 -3.2693 0.0621
Pedestrian -1 -1 -4.6962 1168.3138 156.5213 1208.8330 255.6906 1.7073 0.5516 0.5818 10.2226 1.4258 12.8217 -4.0347 0.0616
Pedestrian -1 -1 -4.8619 890.4279 174.0224 910.5671 219.8977 1.4709 0.5019 0.7323 9.4357 1.5095 23.5695 -4.4860 0.0615
Pedestrian -1 -1 -3.0122 963.4053 159.3420 994.0154 224.2594 1.8081 0.6460 0.7038 10.4590 1.4315 20.5615 -2.5478 0.0603
Pedestrian -1 -1 -3.7754 970.2490 167.1216 1009.7780 231.0391 1.6295 0.5543 0.7186 9.8056 1.4831 18.7256 -3.3000 0.0603
Pedestrian -1 -1 -7.3133 786.6904 176.2197 808.2000 213.4177 1.4977 0.5830 0.6897 7.6416 1.6375 29.5829 -7.0635 0.0594
Cyclist -1 -1 -8.2919 950.0445 164.9050 1006.4677 229.3735 1.6377 0.6392 1.7571 9.7220 1.4355 19.2154 -7.8302 0.0589
Cyclist -1 -1 -7.2586 354.4054 178.0194 382.8258 213.4913 1.6135 0.4706 1.5605 -11.3600 1.8616 33.8735 -7.5802 0.0586
Pedestrian -1 -1 -4.2728 260.2041 180.8570 289.1518 230.1201 1.4848 0.5762 0.6708 -10.3567 1.7345 22.1951 -4.7052 0.0585
Cyclist -1 -1 -3.5000 934.6439 167.7282 1015.7545 229.9375 1.6088 0.7096 1.7792 9.5927 1.4759 19.1016 -3.0413 0.0564
Cyclist -1 -1 -6.8118 1079.0355 130.6458 1136.8293 175.3955 1.7706 0.6157 1.8507 19.8989 0.1003 28.9209 -6.2136 0.0564
Cyclist -1 -1 -8.0152 896.3019 158.7820 931.8423 241.9025 1.7204 0.4408 1.6387 6.5776 1.4289 15.7822 -7.6276 0.0554
Cyclist -1 -1 -6.7657 1076.6123 128.8074 1133.6842 174.9588 1.7854 0.6560 1.7438 19.3840 0.0811 28.3365 -6.1704 0.0554
Cyclist -1 -1 -8.1141 800.2354 170.7976 825.9452 214.2489 1.6518 0.5684 1.5971 7.8870 1.5734 28.2310 -7.8450 0.0542
Cyclist -1 -1 -8.3316 873.9092 168.4736 912.4368 219.5923 1.6246 0.4728 1.6355 9.2599 1.4851 23.7696 -7.9648 0.0529
Cyclist -1 -1 -8.3423 879.9119 170.0302 913.8352 220.1571 1.6199 0.3532 1.5607 9.5217 1.5283 24.1126 -7.9709 0.0528
Pedestrian -1 -1 -5.4651 1030.4490 151.2306 1075.5994 228.5296 1.9102 0.5944 0.7883 11.1618 1.3755 18.2784 -4.9245 0.0522
Pedestrian -1 -1 -7.6845 739.6899 171.4242 760.3495 218.8338 1.7071 0.6323 0.7271 5.0866 1.6553 26.4322 -7.4971 0.0519
Cyclist -1 -1 -4.3952 261.3570 180.3622 296.3634 236.3252 1.6128 0.4699 1.6484 -10.0632 1.8488 21.8655 -4.8223 0.0519
Pedestrian -1 -1 -5.9803 963.1180 169.0161 1008.5334 251.5507 1.5689 0.5694 0.6540 7.3151 1.4957 14.1482 -5.5122 0.0518
Cyclist -1 -1 -8.0003 715.5963 168.5138 732.3595 206.7631 1.7795 0.5510 1.6324 5.3812 1.5773 34.3862 -7.8469 0.0512
Pedestrian -1 -1 -3.7633 876.2084 169.1927 920.8868 245.3000 1.5618 0.5165 0.7007 5.9983 1.4864 15.1441 -3.3935 0.0508
Car -1 -1 -2.6552 429.5417 176.9701 495.8224 200.9413 1.4287 1.6361 3.6919 -9.1605 1.6911 44.7555 -2.8563 0.7821
Car -1 -1 -6.4311 789.9514 172.8665 853.4897 197.8164 1.5981 1.6678 3.7867 13.7972 1.5986 47.2957 -6.1493 0.2896
Car -1 -1 -2.9932 705.4733 174.2401 771.7738 202.0223 1.5293 1.6493 3.5240 7.3163 1.6107 41.1920 -2.8191 0.2356
Car -1 -1 -7.2132 339.6095 175.7585 418.5240 208.6866 1.5209 1.6996 3.9611 -11.4291 1.6736 35.8560 -7.5200 0.1750
Car -1 -1 -7.5595 594.1421 172.8081 633.0068 198.4594 1.6952 1.6446 3.8201 0.2573 1.6919 49.7518 -7.5548 0.1660
Car -1 -1 -7.7163 716.8800 170.3427 765.0533 209.8986 1.6542 1.6141 3.8486 5.8646 1.5489 32.2534 -7.5385 0.1558
Car -1 -1 -4.4950 432.7427 173.8863 478.6032 204.0551 1.5663 1.6294 4.0238 -8.4480 1.6256 39.6180 -4.7041 0.1511
Car -1 -1 -7.8204 51.7153 165.1953 83.0712 190.0918 1.7297 1.6697 4.1755 -39.3266 1.1973 52.3181 -8.4627 0.1244
Car -1 -1 -8.5316 824.2291 173.3161 1022.8787 264.6065 1.4888 1.5638 3.5017 5.6947 1.4985 13.6881 -8.1457 0.1164
Car -1 -1 -5.6649 317.1071 175.9599 393.6227 204.9174 1.5053 1.5557 3.6853 -13.8010 1.6784 39.0337 -6.0029 0.1026
Car -1 -1 -7.9347 1059.4003 135.0032 1115.9105 175.4770 1.5725 1.6424 3.6967 19.7706 0.1016 30.0506 -7.3571 0.0997
Car -1 -1 -4.5780 580.7855 174.4603 608.9645 198.1380 1.6170 1.5483 3.5404 -1.0750 1.7351 51.3710 -4.5992 0.0836
Car -1 -1 -7.8859 260.3737 173.9150 292.5233 201.5987 1.5482 1.6024 3.8426 -19.7543 1.6136 42.5886 -8.3181 0.0727
Car -1 -1 -4.5764 410.5560 176.7012 458.0999 211.2993 1.5002 1.6112 4.2086 -8.2340 1.6924 33.9437 -4.8130 0.0707
Car -1 -1 -6.5256 718.2538 175.5138 789.6854 200.2363 1.4929 1.6615 4.0564 8.8477 1.6608 44.6985 -6.3319 0.0567
Car -1 -1 -7.9533 820.9951 169.5320 861.5837 199.8300 1.5794 1.6932 4.3393 12.6910 1.4060 39.9106 -7.6479 0.0547
Car -1 -1 -2.5861 143.5003 185.0609 302.7826 235.9165 1.4421 1.6084 4.0113 -11.6916 1.8274 21.8519 -3.0726 0.0539
