Pedestrian -1 -1 -5.9843 206.6251 171.3010 221.8103 199.4303 1.7820 0.6474 0.6881 -24.9718 1.1993 45.1785 -6.4846 0.1137
Pedestrian -1 -1 -7.4101 1055.1439 145.2901 1086.5942 213.3677 1.7684 0.5900 0.3789 12.2886 0.8541 18.7168 -6.8351 0.1005
Pedestrian -1 -1 -3.3258 752.4163 155.3380 757.0698 179.3480 1.7572 0.4639 0.2539 11.0159 -0.0851 52.0046 -3.1164 0.0719
Pedestrian -1 -1 -3.2661 121.8695 174.3956 144.1740 222.9002 1.9483 0.5876 0.6923 -19.2846 1.7033 28.8486 -3.8486 0.0681
Cyclist -1 -1 -7.8511 266.5029 170.7830 274.4285 198.8524 1.6827 0.4276 1.7134 -20.4684 1.1003 43.2529 -8.2885 0.0607
Pedestrian -1 -1 -5.6129 278.0528 168.8141 295.0001 197.9042 1.7949 0.6301 0.7286 -19.8340 1.0740 44.0227 -6.0317 0.0587
Car -1 -1 -4.9129 663.0882 158.6488 692.5604 177.6316 1.5265 1.6573 4.2699 6.1224 -0.2514 59.7305 -4.8094 0.0521
Cyclist -1 -1 -4.2138 421.5206 165.8444 442.5421 193.2691 1.8432 0.5964 1.8273 -11.8496 0.8582 48.4799 -4.4503 0.5553
Pedestrian -1 -1 -2.9387 691.3998 156.3986 706.3994 191.8887 1.8688 0.6986 0.6655 4.9895 0.5999 37.6713 -2.8063 0.2798
Cyclist -1 -1 -4.8247 736.4332 163.3829 759.0675 216.0201 1.5690 0.5128 1.5131 4.3628 1.0591 21.8506 -4.6286 0.2640
Pedestrian -1 -1 -3.7688 827.1889 163.7577 889.8265 269.9847 1.5495 0.5126 0.7267 3.7666 1.3057 10.6645 -3.4367 0.2075
Pedestrian -1 -1 -4.4149 55.2868 205.4353 79.6395 252.8391 1.2527 0.4057 0.4732 -14.6940 1.9433 19.2822 -5.0567 0.1879
Pedestrian -1 -1 -4.1707 834.4891 146.3237 889.6956 241.1637 1.7841 0.6662 0.8684 4.9841 1.1415 13.8337 -3.8303 0.1451
Cyclist -1 -1 -3.8168 276.8920 179.5110 312.3979 216.6303 1.6388 0.5556 1.4376 -14.0486 1.5954 31.9816 -4.2254 0.1441
Pedestrian -1 -1 -4.3658 208.5277 189.2357 227.6038 226.4435 1.3923 0.4674 0.5776 -14.7617 1.7292 26.9278 -4.8607 0.1322
Pedestrian -1 -1 -3.7679 117.3556 196.5941 141.9089 239.5158 1.2951 0.4053 0.4851 -14.7284 1.7997 21.8566 -4.3526 0.1168
Pedestrian -1 -1 -4.9695 872.6799 126.2613 967.9911 330.1942 1.9024 0.6276 0.9815 3.0865 1.3968 7.1248 -4.5747 0.1081
Cyclist -1 -1 -7.5582 165.0831 182.5695 195.0898 232.6150 1.6969 0.4566 1.5786 -14.9563 1.7723 24.8621 -8.0925 0.1053
Pedestrian -1 -1 -7.1919 790.4279 152.2562 845.6268 247.3243 1.7078 0.6322 0.7958 3.9255 1.2008 13.1901 -6.9073 0.0914
Pedestrian -1 -1 -3.7752 1014.0520 134.8922 1027.2090 169.9379 1.8742 0.5411 0.3631 22.4816 -0.5759 38.2741 -3.2458 0.0909
Pedestrian -1 -1 -2.7756 842.0704 183.1438 904.2083 295.5693 1.3738 0.3980 0.6432 3.3642 1.4092 9.0176 -2.4281 0.0900
Pedestrian -1 -1 -5.8760 422.7899 166.6591 437.6695 193.8238 1.8483 0.5713 0.8316 -11.9775 0.9066 48.4579 -6.1150 0.0893
Pedestrian -1 -1 -6.6941 747.4195 150.6161 796.4723 233.5479 1.7657 0.6061 0.8706 3.5915 1.1298 15.4319 -6.4681 0.0888
Cyclist -1 -1 -2.2263 178.8173 176.1274 223.7043 224.9414 1.8208 0.6021 1.6658 -15.4357 1.6580 26.9770 -2.7393 0.0880
Cyclist -1 -1 -4.2590 111.3135 184.6587 154.0702 243.5331 1.7558 0.4743 1.5340 -14.7004 1.8900 21.9884 -4.8401 0.0855
Pedestrian -1 -1 -2.5238 508.5271 164.0730 519.0109 183.8603 1.8591 0.4955 0.8543 -8.6036 0.3156 66.8516 -2.6493 0.0851
Pedestrian -1 -1 -4.0176 1131.9515 131.4600 1183.5687 223.5390 1.7516 0.5903 0.5311 10.7309 0.8191 13.7967 -3.3658 0.0850
Cyclist -1 -1 -5.0662 108.6148 185.0231 148.0194 241.8324 1.7138 0.5233 1.5557 -14.9470 1.8598 22.1068 -5.6525 0.0800
Pedestrian -1 -1 -4.5533 1179.8440 115.6550 1223.0000 216.7926 1.8126 0.6397 0.5707 11.0711 0.6508 13.1004 -3.8618 0.0792
Cyclist -1 -1 -5.2779 194.7870 179.6360 231.9169 224.7045 1.6982 0.5433 1.4890 -15.1216 1.6659 27.2406 -5.7780 0.0779
Pedestrian -1 -1 -4.6050 0.0000 195.9649 10.7642 247.5755 1.5970 0.5775 0.6714 -19.4339 2.1008 22.5814 -5.3072 0.0777
Pedestrian -1 -1 -4.0432 1153.1401 125.2344 1210.4475 221.0457 1.7414 0.5970 0.5836 10.7182 0.7373 13.2080 -3.3714 0.0714
Cyclist -1 -1 -3.9008 45.4801 188.9399 107.8991 254.9085 1.7361 0.4499 1.4744 -14.6308 1.9791 19.5686 -4.5336 0.0689
Pedestrian -1 -1 -5.5562 260.9916 172.3953 270.8354 189.6506 1.6530 0.5704 0.6373 -32.6330 0.8765 68.0973 -5.9995 0.0677
Pedestrian -1 -1 -7.2536 533.8320 165.7921 543.3658 186.8962 1.6191 0.5191 0.5393 -5.1214 0.4907 54.6079 -7.3448 0.0668
Pedestrian -1 -1 -3.8640 795.1237 152.5255 852.2600 242.1961 1.7383 0.5819 0.9469 4.3332 1.1963 14.1681 -3.5715 0.0665
Cyclist -1 -1 -8.1666 683.2540 160.1147 703.1199 192.8266 1.7117 0.5503 1.7266 4.7000 0.6451 37.8965 -8.0424 0.0660
Pedestrian -1 -1 -3.5701 1066.4985 171.0693 1223.0000 369.0000 1.5701 0.5197 0.7938 3.0063 1.5237 3.8459 -2.9437 0.0655
Cyclist -1 -1 -6.3492 682.1564 157.1994 713.9012 191.1194 1.8024 0.5577 1.6532 4.9640 0.5644 37.9020 -6.2182 0.0651
Cyclist -1 -1 -7.6111 207.2530 179.2587 231.7163 225.3140 1.7334 0.4630 1.5676 -14.9698 1.6869 27.4277 -8.1042 0.0642
Pedestrian -1 -1 -4.4962 1145.8337 127.6281 1193.1747 223.7049 1.7309 0.5935 0.5229 10.4361 0.7788 13.1336 -3.8347 0.0597
Pedestrian -1 -1 -4.1719 1183.0049 124.6718 1223.0000 225.6749 1.7340 0.5874 0.5763 10.6971 0.7759 12.5104 -3.4752 0.0592
Pedestrian -1 -1 -5.6303 803.5132 150.4560 860.1335 245.9786 1.7518 0.6269 0.8142 4.2713 1.2012 13.4803 -5.3283 0.0591
Pedestrian -1 -1 -3.9745 774.2396 151.4957 824.4503 238.3798 1.7233 0.6537 0.7583 3.9382 1.1484 14.5037 -3.7130 0.0588
Pedestrian -1 -1 -5.8296 476.2630 163.3879 487.4760 183.9477 1.8764 0.4580 0.9045 -11.2774 0.3145 64.8747 -5.9990 0.0581
Pedestrian -1 -1 -5.7874 735.5360 151.3854 773.5412 220.5706 1.8079 0.6446 0.7867 3.9732 1.0474 18.9766 -5.5824 0.0577
Pedestrian -1 -1 -4.4863 1161.1257 122.4592 1208.9752 218.5524 1.7743 0.5863 0.6220 11.0090 0.7030 13.4784 -3.8111 0.0560
Pedestrian -1 -1 -4.1677 1167.4308 128.4967 1222.3738 226.7328 1.6883 0.5346 0.5614 10.3723 0.7949 12.4975 -3.4856 0.0558
Cyclist -1 -1 -5.1244 156.6962 180.9019 194.3981 232.3409 1.7439 0.5425 1.5828 -15.0178 1.7585 24.6610 -5.6641 0.0556
Pedestrian -1 -1 -3.5636 789.7875 148.1154 850.9372 253.9760 1.7812 0.5716 0.8508 3.6689 1.2367 12.2374 -3.2775 0.0552
Cyclist -1 -1 -2.3937 35.9091 189.6977 102.8397 253.9008 1.7188 0.4748 1.5587 -14.6836 1.9749 19.3402 -3.0337 0.0550
Cyclist -1 -1 -4.9614 1012.4673 129.7281 1036.2205 164.5049 1.7870 0.6960 1.7069 22.5619 -0.8824 38.0930 -4.4284 0.0546
Pedestrian -1 -1 -4.4882 1145.1361 129.4784 1189.3527 220.4597 1.6892 0.5575 0.5534 10.7014 0.7423 13.5184 -3.8282 0.0544
Cyclist -1 -1 -3.5954 787.2003 162.5244 922.6174 269.1165 1.5666 0.7078 1.8386 3.7653 1.3028 10.8595 -3.2688 0.0542
Cyclist -1 -1 -4.8894 694.8176 158.0609 711.0985 190.8832 1.6991 0.5429 1.8122 5.1715 0.5376 37.5167 -4.7517 0.0540
Cyclist -1 -1 -7.5380 202.9990 182.4369 233.0612 228.1405 1.6737 0.5156 1.6189 -14.6831 1.7497 26.8062 -8.0325 0.0539
Cyclist -1 -1 -3.4691 720.3073 160.0554 771.8770 214.8991 1.6679 0.5704 1.4586 4.3237 1.0465 21.8830 -3.2749 0.0534
Cyclist -1 -1 -7.1105 1007.8694 132.7089 1044.3954 168.2662 1.8641 0.6551 1.7838 22.6354 -0.6678 38.0312 -6.5753 0.0527
Cyclist -1 -1 -5.3346 85.6973 183.0563 142.4895 242.2802 1.7807 0.6029 1.6479 -15.2224 1.8621 21.8725 -5.9342 0.0526
Cyclist -1 -1 -7.4547 0.0000 190.3140 41.1462 242.8400 1.6573 0.4561 1.7300 -19.4931 1.9967 23.5376 -8.1382 0.0520
Pedestrian -1 -1 -4.4981 1120.1132 133.1842 1163.1595 223.7920 1.7215 0.5733 0.5407 10.4468 0.8229 13.8274 -3.8603 0.0513
Pedestrian -1 -1 -4.5214 157.5617 186.1797 180.2174 232.9907 1.5703 0.5586 0.5719 -14.9373 1.7677 24.1728 -5.0674 0.0509
Car -1 -1 -7.7226 553.2220 162.5582 578.6782 181.2685 1.5291 1.6314 4.0316 -3.2578 0.0628 59.8562 -7.7748 0.5837
Car -1 -1 -7.8587 571.9293 161.5633 589.8533 178.9210 1.5786 1.6386 3.6865 -2.2529 -0.1529 66.5161 -7.8905 0.1963
Car -1 -1 -7.6892 854.3592 159.1389 893.2038 185.4785 1.5567 1.6466 3.8518 16.7015 0.2943 43.8646 -7.3261 0.1911
Car -1 -1 -7.1666 855.3502 159.8849 931.9146 189.3229 1.4326 1.5799 3.7691 14.6896 0.4295 36.0012 -6.7805 0.1882
Car -1 -1 -7.6297 128.5371 175.9696 179.4243 204.5557 1.5310 1.6037 3.7852 -25.4036 1.2885 39.9200 -8.1911 0.1740
Car -1 -1 -4.8246 516.4973 165.2905 543.3063 185.6932 1.4695 1.5813 3.8241 -5.6536 0.3741 52.9640 -4.9285 0.1383
Car -1 -1 -3.2009 624.6847 166.1666 695.5519 193.5371 1.4637 1.5790 3.7711 2.9560 0.6973 38.6344 -3.1234 0.1199
Car -1 -1 -7.6114 242.3262 179.9982 302.0637 214.3696 1.4983 1.6368 3.7561 -15.3863 1.4767 32.8210 -8.0444 0.1023
Car -1 -1 -8.1797 709.0468 153.7913 740.8636 173.2670 1.7280 1.6854 4.2385 11.2787 -0.7043 66.6115 -8.0108 0.1001
Car -1 -1 -7.6670 409.6260 166.2471 440.5059 186.8011 1.6200 1.6704 4.3029 -14.6826 0.4966 57.9252 -7.9121 0.0968
Car -1 -1 -4.4076 358.7717 169.0587 401.7885 193.5890 1.6406 1.6869 4.1371 -15.6250 0.8754 49.3578 -4.7106 0.0887
Car -1 -1 -7.5196 432.6714 165.6410 463.6817 184.6832 1.7743 1.6623 4.0643 -15.0164 0.3897 67.9985 -7.7341 0.0853
Car -1 -1 -7.2692 260.7347 171.9185 300.1487 189.2493 1.6495 1.6713 3.8266 -31.7442 0.8326 69.3164 -7.6952 0.0821
Car -1 -1 -7.7686 539.0743 162.9354 559.3509 180.4051 1.6610 1.6493 3.8522 -5.4059 -0.0097 69.1817 -7.8444 0.0791
Car -1 -1 -7.9861 617.9438 160.3467 640.1201 177.4112 1.5699 1.6134 4.0203 2.3005 -0.3058 67.8800 -7.9505 0.0716
Car -1 -1 -8.2938 989.0879 131.6839 1057.1675 164.5334 1.6447 1.6950 4.0573 23.2662 -0.9401 39.5361 -7.7634 0.0715
Car -1 -1 -7.3104 0.0000 190.3009 85.4659 237.3466 1.4385 1.6856 4.2760 -20.4220 1.8132 24.7826 -7.9918 0.0631
Car -1 -1 -8.0483 595.4481 164.1322 643.1442 197.1547 1.5836 1.6818 4.0011 0.6489 0.7988 36.0219 -8.0286 0.0534
Car -1 -1 -8.1488 634.1528 159.8681 663.2282 176.8616 1.5803 1.6846 4.1920 4.2471 -0.3664 68.9431 -8.0857 0.0527
