Car -1 -1 -7.9461 657.7229 178.7147 706.6319 218.4207 1.3819 1.5201 3.3384 2.6264 1.6168 27.2769 -7.8517 0.9599
Car -1 -1 -8.0843 701.7148 174.6584 832.0012 272.0123 1.5820 1.5771 3.4824 2.7393 1.6200 13.5592 -7.8902 0.9568
Car -1 -1 -8.4117 823.8491 190.8796 1241.0000 374.0000 1.4889 1.6342 4.2157 2.7640 1.6532 4.4538 -7.8868 0.8978
Car -1 -1 -4.9426 381.9591 153.4099 416.5003 175.5700 1.6267 1.6269 4.1653 -16.1812 0.1991 55.1804 -5.2267 0.3505
Car -1 -1 -4.7769 627.6703 174.2952 649.4002 192.6869 1.4997 1.5837 3.8930 2.3630 1.6254 61.1126 -4.7388 0.2803
Pedestrian -1 -1 -4.4223 196.7947 160.1776 215.5853 199.9125 1.9461 0.6857 0.5361 -20.0013 1.3249 35.6744 -4.9303 0.1560
Pedestrian -1 -1 -5.9142 284.9133 153.2537 297.2977 191.2673 1.8697 0.5525 0.3881 -15.8483 0.9053 35.7729 -6.3287 0.1541
Car -1 -1 -7.7617 438.4874 159.6890 462.4696 182.2586 1.9963 1.7486 4.3721 -14.5970 0.8315 66.0967 -7.9784 0.1347
Pedestrian -1 -1 -4.3842 274.5054 162.7507 288.9753 196.7202 1.9278 0.6074 0.5519 -18.8009 1.3541 41.2511 -4.8097 0.1199
Pedestrian -1 -1 -3.3245 574.0826 172.4551 584.1504 192.6329 1.8266 0.4360 0.8494 -2.8318 1.7902 65.6242 -3.3678 0.1192
Car -1 -1 -4.4042 1214.4539 188.1443 1241.0000 215.6231 1.5684 1.6416 4.1995 39.5312 2.5589 44.9660 -3.6868 0.1072
Car -1 -1 -7.8062 526.5527 172.7824 551.5576 195.3852 1.7106 1.7570 4.3052 -5.5743 1.7049 56.7998 -7.9040 0.0965
Car -1 -1 -6.4806 665.3481 167.6993 727.7234 194.3239 1.7400 1.7091 3.8708 5.7132 1.4028 48.1605 -6.3636 0.0945
Pedestrian -1 -1 -6.5922 212.2959 175.7052 226.7579 205.9763 1.7348 0.5983 0.5841 -22.6827 1.9015 41.8467 -7.0864 0.0922
Car -1 -1 -4.3095 363.1420 156.7788 402.5485 177.0729 1.6477 1.6881 4.0982 -19.0828 0.3422 60.7047 -4.6129 0.0775
Pedestrian -1 -1 -3.6536 664.6236 169.7455 672.2859 190.5863 1.8593 0.5390 0.4824 5.2196 1.5817 64.7170 -3.5738 0.0747
Pedestrian -1 -1 -8.2809 1091.4764 165.4565 1131.9823 232.6557 1.6340 0.5947 0.6781 12.4055 1.4538 17.9295 -7.6838 0.0739
Car -1 -1 -5.5191 1003.8110 188.8880 1241.0000 359.1027 1.4191 1.5629 3.9348 6.6436 1.6529 8.4711 -4.8716 0.0664
Pedestrian -1 -1 -3.1974 156.2319 155.7290 165.0896 181.6077 1.8833 0.6300 0.5180 -32.9840 0.6367 52.9158 -3.7526 0.0660
Pedestrian -1 -1 -3.0210 869.4416 165.9341 894.1086 232.5051 1.7503 0.6111 0.5546 7.2478 1.5681 19.3692 -2.6686 0.0631
Pedestrian -1 -1 -7.8799 943.1339 149.8303 963.5974 198.4552 1.8784 0.7063 0.5533 13.4016 0.9887 28.2679 -7.4414 0.0605
Pedestrian -1 -1 -8.0443 854.4008 166.5591 875.0891 213.9261 1.8125 0.6327 0.6995 9.8356 1.5714 28.0018 -7.7103 0.0604
Pedestrian -1 -1 -4.6379 885.4465 160.0495 894.7952 191.6063 1.8859 0.4933 0.4593 16.8270 1.1204 43.4332 -4.2708 0.0582
Pedestrian -1 -1 -4.4700 46.0707 162.3288 80.7874 235.6064 1.7027 0.5601 0.4586 -12.9868 1.4578 17.0859 -5.1125 0.0562
Pedestrian -1 -1 -6.6281 0.0000 147.9724 30.9716 231.7362 1.8549 0.5938 0.5176 -13.6183 1.3036 16.3524 -7.3146 0.0559
Cyclist -1 -1 -7.3256 514.3577 174.1548 535.0013 203.9918 1.6815 0.4332 1.6023 -4.9413 1.7576 41.5552 -7.4436 0.1883
Cyclist -1 -1 -6.8736 529.3559 174.2030 555.9370 201.9657 1.7517 0.6148 1.6354 -4.3558 1.8395 46.3545 -6.9672 0.1251
Pedestrian -1 -1 -6.4173 706.7435 170.3797 725.8347 209.3588 1.7062 0.5933 0.7601 4.6501 1.5976 31.8834 -6.2743 0.1135
Cyclist -1 -1 -7.4696 512.5175 174.1984 528.9449 203.4265 1.6479 0.3795 1.5696 -5.1708 1.7265 41.5623 -7.5930 0.0921
Pedestrian -1 -1 -7.2537 152.0216 178.4724 258.4121 351.3354 1.6273 0.6934 0.6142 -4.0516 1.6853 7.1547 -7.7538 0.0805
Pedestrian -1 -1 -5.6088 196.9755 173.9838 293.8228 345.1009 1.6674 0.6827 0.5927 -3.7955 1.6794 7.4330 -6.0674 0.0680
Pedestrian -1 -1 -2.1007 71.6354 178.7089 178.1426 340.3808 1.6144 0.6146 0.8253 -5.2255 1.6803 7.6968 -2.6816 0.0528
Cyclist -1 -1 -8.0035 693.1836 173.8390 711.0912 209.6195 1.6752 0.6051 1.6743 4.3762 1.7233 34.6718 -7.8796 0.0521
Cyclist -1 -1 -7.3511 92.7750 173.2242 159.4542 252.3369 1.6091 0.4318 1.6720 -10.4310 1.6172 15.5341 -7.9347 0.0521
Cyclist -1 -1 -7.4655 115.9596 151.1714 247.4797 338.8986 1.7986 0.6060 1.6875 -4.6009 1.5906 7.7890 -7.9847 0.0514
Car -1 -1 -5.7874 111.7168 182.0711 387.6582 276.0219 1.4653 1.5750 3.9421 -6.0648 1.6333 12.3023 -6.2374 0.9486
Car -1 -1 -5.8624 194.5494 179.6240 412.2709 254.3501 1.4428 1.5052 3.8577 -6.2717 1.5897 14.8832 -6.2553 0.8969
Car -1 -1 -6.0215 376.6100 176.6721 506.8291 219.5756 1.4256 1.5762 4.1243 -5.8103 1.5621 24.9884 -6.2481 0.8780
Car -1 -1 -2.8052 222.5939 163.0957 409.2649 238.7373 1.7211 1.6908 3.8087 -7.0001 1.4988 17.3427 -3.1839 0.8428
Car -1 -1 -5.9995 337.5873 178.6592 480.7613 225.3949 1.4064 1.5267 4.0758 -6.2955 1.5952 22.7058 -6.2675 0.8077
Car -1 -1 -6.4969 700.8102 172.1650 796.2017 209.2836 1.6309 1.6717 3.9628 6.1632 1.6003 32.5951 -6.3122 0.7657
Car -1 -1 -2.5053 0.0000 164.2410 195.6617 329.5230 1.5518 1.6133 3.9954 -6.9814 1.4706 7.7392 -3.2222 0.5106
Car -1 -1 -2.7485 267.3770 178.7209 433.7646 231.8237 1.3941 1.5186 4.0701 -7.1655 1.5634 19.9989 -3.0888 0.4545
Car -1 -1 -5.9252 407.9461 175.9422 514.7731 213.1764 1.4742 1.5535 4.0373 -6.1548 1.6061 29.8267 -6.1273 0.3941
Car -1 -1 -2.7893 406.8698 176.3774 498.6263 209.8958 1.4538 1.5596 3.7353 -7.1022 1.6175 32.5436 -3.0029 0.3583
Car -1 -1 -6.1352 460.4630 171.1076 535.2693 198.8960 1.6729 1.6738 4.3380 -6.8738 1.5675 44.2873 -6.2886 0.3127
Car -1 -1 -2.8507 454.8846 175.5126 528.6688 202.1549 1.4967 1.6233 3.9178 -6.8575 1.6543 41.8015 -3.0126 0.2914
Car -1 -1 -4.6658 484.2696 174.4869 518.4426 208.5846 1.5855 1.4919 3.9916 -5.3833 1.6709 35.8088 -4.8144 0.2586
Car -1 -1 -5.8702 393.6471 173.8076 500.1584 214.8894 1.4934 1.5223 3.6367 -6.2034 1.5307 27.3735 -6.0914 0.2463
Car -1 -1 -8.7748 1151.6416 189.5423 1241.0000 220.2253 1.4746 1.6447 3.7884 31.6690 2.4217 38.9268 -8.0961 0.1436
Car -1 -1 -6.3782 689.3940 176.3462 774.5117 208.9615 1.5284 1.6604 3.9218 5.8145 1.7020 34.9787 -6.2153 0.1375
Car -1 -1 -2.1867 0.0000 168.4304 35.5555 374.0000 1.5351 1.5911 3.7356 -6.6739 1.5083 5.2414 -3.0668 0.0992
Car -1 -1 -5.6846 0.0000 180.4285 266.9667 304.2636 1.5002 1.5590 4.0359 -7.0385 1.6099 9.6574 -6.3016 0.0845
Car -1 -1 -6.6051 0.0000 201.9911 0.0000 374.0000 1.4965 1.5840 3.7455 -5.0152 1.6578 2.0506 -7.7406 0.0511
