Pedestrian -1 -1 -6.5993 654.5296 151.9326 761.5794 306.3316 1.7982 0.6607 1.1459 1.1925 1.4659 8.6633 -6.4655 0.8601
Pedestrian -1 -1 -3.7913 80.7628 162.5760 187.5103 316.2727 1.7127 0.5845 0.8800 -5.6192 1.5134 8.3925 -4.3621 0.8384
Pedestrian -1 -1 -4.4386 0.0000 175.5631 46.8035 260.5552 1.6506 0.5806 0.7184 -11.7134 1.5550 14.1755 -5.1164 0.0892
Pedestrian -1 -1 -2.3294 273.4836 203.5557 313.5195 286.0055 1.1289 0.2779 0.4639 -4.4663 1.4633 10.0228 -2.7351 0.0702
Cyclist -1 -1 -7.3058 1164.6157 163.3571 1223.0000 233.8058 1.7773 0.6548 1.5775 15.4200 1.3452 18.4047 -6.6154 0.0699
Pedestrian -1 -1 -4.9830 635.4749 173.1554 674.4951 261.2270 1.5530 0.5071 0.8187 0.8558 1.4239 12.9202 -4.9167 0.0665
Car -1 -1 -7.7423 578.5963 155.0487 606.9561 179.3103 1.7220 1.6723 3.8927 -0.8653 -0.0916 52.4005 -7.7567 0.0597
Pedestrian -1 -1 -4.9910 1015.5742 212.4526 1102.1290 369.0000 1.2418 0.3987 0.5142 3.2797 1.4920 5.2282 -4.4556 0.0595
Car -1 -1 -4.8024 595.2578 166.2292 637.6668 200.6027 1.4398 1.5381 3.9915 0.4318 0.8423 31.6646 -4.7870 0.0569
Pedestrian -1 -1 -2.9595 657.5802 167.9799 700.2849 249.0958 1.6581 0.4671 0.8188 1.5045 1.4025 14.7911 -2.8585 0.0532
Pedestrian -1 -1 -7.7830 64.0573 173.1649 92.4047 232.7044 1.6846 0.6010 0.7655 -15.2933 1.4774 20.4891 -8.4150 0.0529
Car -1 -1 -4.2454 458.2480 163.3107 576.3297 229.0518 1.7121 1.6836 4.2303 -2.4629 1.2648 20.6898 -4.3603 0.0523
Pedestrian -1 -1 -4.9391 1158.8326 228.9940 1223.0000 360.3500 1.0931 0.3590 0.5239 5.2764 1.5559 6.4286 -4.2741 0.0507
Pedestrian -1 -1 -4.1544 1175.9956 172.9323 1223.0000 269.7258 1.5944 0.5415 0.6294 10.1555 1.4701 12.0029 -3.4636 0.1344
Cyclist -1 -1 -7.1669 67.9704 164.7738 159.8178 260.5752 1.6936 0.4534 1.6757 -9.2707 1.4160 13.3549 -7.7607 0.1273
Pedestrian -1 -1 -7.1108 665.3998 146.4760 683.3408 178.3548 1.7707 0.6947 0.7309 3.8961 -0.1223 39.8442 -7.0120 0.1260
Pedestrian -1 -1 -8.1202 837.9002 168.2955 870.4683 232.9735 1.5950 0.6027 0.7149 6.2274 1.2943 17.8127 -7.7877 0.1238
Cyclist -1 -1 -7.8284 507.8278 162.9334 543.7283 263.9113 1.7310 0.6100 1.7899 -1.4853 1.4302 13.0374 -7.9373 0.1234
Pedestrian -1 -1 -6.8297 706.9127 163.6789 750.3979 233.4881 1.7310 0.5564 0.9351 3.0976 1.3143 17.9633 -6.6601 0.1042
Pedestrian -1 -1 -9.1378 1024.0310 160.9725 1076.8916 272.1567 1.7641 0.5513 0.6094 7.2757 1.4547 11.6294 -8.5894 0.0890
Pedestrian -1 -1 -4.7904 81.8554 167.4121 122.2259 261.9255 1.7009 0.5709 0.6244 -9.4015 1.4658 13.1469 -5.3980 0.0882
Cyclist -1 -1 -6.3513 659.3164 143.8815 691.6257 177.1759 1.8454 0.6867 1.7590 3.9286 -0.1880 39.6339 -6.2512 0.0881
Pedestrian -1 -1 -4.9488 775.8591 164.7495 821.3438 265.2712 1.6927 0.5918 0.7734 3.3063 1.4278 12.2990 -4.6908 0.0835
Pedestrian -1 -1 -8.3349 545.3073 159.8082 581.2531 234.4360 1.8121 0.6224 0.7425 -1.0871 1.3100 17.6464 -8.3935 0.0816
Pedestrian -1 -1 -4.5312 862.1136 159.6507 907.5156 264.8920 1.7120 0.5995 0.7318 4.6932 1.3733 11.9706 -4.1648 0.0793
Pedestrian -1 -1 -4.3198 749.9567 170.5212 791.5980 255.4203 1.6491 0.5616 0.7834 3.2914 1.4556 14.2156 -4.0955 0.0760
Pedestrian -1 -1 -7.6830 523.0847 160.8207 561.4078 259.6653 1.7418 0.5611 0.8457 -1.1824 1.3954 12.9039 -7.7704 0.0748
Pedestrian -1 -1 -3.0262 1114.9279 153.5034 1177.6903 269.6689 1.8270 0.5712 0.7631 8.8210 1.4028 11.5898 -2.3872 0.0735
Pedestrian -1 -1 -8.3435 944.9479 163.5335 997.5458 267.8938 1.6693 0.5418 0.6060 5.9580 1.3983 11.6191 -7.8790 0.0720
Cyclist -1 -1 -8.0510 852.1886 176.8162 910.9611 278.3725 1.4915 0.5229 1.7118 4.3217 1.4378 11.2705 -7.6925 0.0709
Cyclist -1 -1 -6.4838 657.6385 146.1817 689.7266 177.2726 1.7436 0.6476 1.7186 3.8821 -0.1850 40.1480 -6.3861 0.0702
Pedestrian -1 -1 -3.1646 91.6264 155.2677 139.5761 251.9155 1.8602 0.5713 0.7719 -9.7790 1.3749 14.0651 -3.7597 0.0694
Cyclist -1 -1 -6.3815 586.0530 159.4994 657.5611 234.2883 1.8330 0.7029 1.7319 0.3658 1.3186 17.7453 -6.3595 0.0682
Pedestrian -1 -1 -8.3342 776.0182 167.3767 809.0990 233.5389 1.6179 0.5716 0.6268 4.6371 1.2973 17.6594 -8.0801 0.0656
Pedestrian -1 -1 -8.1310 456.6636 171.2713 495.2625 251.8073 1.6562 0.6000 0.8485 -2.7991 1.4667 15.0530 -8.3093 0.0655
Pedestrian -1 -1 -7.2207 485.3336 168.7901 536.1118 263.5822 1.6623 0.5895 0.7448 -1.7571 1.4574 12.8676 -7.3514 0.0647
Pedestrian -1 -1 -4.5176 1083.3093 155.1500 1133.2656 269.1035 1.7926 0.5499 0.6931 8.1815 1.3942 11.5616 -3.9130 0.0632
Cyclist -1 -1 -8.8364 1124.7306 165.4601 1223.0000 267.5686 1.6451 0.4760 1.7871 10.0752 1.4032 12.3151 -8.1618 0.0598
Pedestrian -1 -1 -4.6174 860.1412 193.2103 892.0182 273.9745 1.2468 0.4396 0.4590 4.2897 1.4560 11.3125 -4.2625 0.0595
Cyclist -1 -1 -4.7027 664.2143 144.4698 675.0574 175.4192 1.6972 0.5934 1.7705 3.6488 -0.2938 39.9824 -4.6103 0.0582
Cyclist -1 -1 -6.3166 773.7087 163.0082 872.3646 253.0665 1.7300 0.5534 1.8432 4.2675 1.3943 14.0834 -6.0269 0.0564
Cyclist -1 -1 -7.9743 958.5730 171.1901 1013.0212 279.9070 1.5798 0.5135 1.8419 5.9597 1.4449 11.2269 -7.4962 0.0563
Pedestrian -1 -1 -3.0342 872.7662 179.7980 912.7662 271.9665 1.4250 0.4800 0.5474 4.5396 1.4145 11.2709 -2.6593 0.0562
Pedestrian -1 -1 -3.6068 84.7446 169.0227 135.7160 260.7928 1.6920 0.5617 0.6093 -9.4464 1.4807 13.4386 -4.2066 0.0553
Pedestrian -1 -1 -6.7433 996.8152 158.2999 1054.8635 268.1550 1.7641 0.5343 0.6481 6.8674 1.4080 11.6409 -6.2205 0.0552
Pedestrian -1 -1 -4.9482 848.4520 164.1890 892.5927 262.3535 1.6903 0.5877 0.6636 4.6485 1.4098 12.5373 -4.5996 0.0541
Pedestrian -1 -1 -7.3474 1059.1267 154.1601 1119.8016 269.0968 1.8082 0.5503 0.7003 7.8462 1.3942 11.5289 -6.7610 0.0534
Pedestrian -1 -1 -2.7787 820.3871 182.4219 863.9767 257.9720 1.4438 0.4724 0.6934 4.6264 1.4831 13.9336 -2.4633 0.0524
Pedestrian -1 -1 -6.0227 978.9841 161.1109 1029.6251 270.3251 1.7292 0.5408 0.6096 6.5013 1.4226 11.6006 -5.5219 0.0520
Cyclist -1 -1 -6.0720 430.3668 167.4887 519.2218 247.9708 1.6524 0.6177 1.7450 -2.7633 1.3856 14.8543 -6.2503 0.0518
Car -1 -1 -7.7320 663.3601 148.2964 699.1418 175.4601 1.4798 1.6398 3.6404 4.4728 -0.3076 41.2072 -7.6226 0.2089
Car -1 -1 -7.6877 691.4234 145.4230 731.0387 173.9374 1.5082 1.6182 3.8900 6.1122 -0.3950 40.4645 -7.5368 0.0738
