Car -1 -1 -3.6175 968.1234 163.1779 1027.1382 181.1447 1.5231 1.6319 4.1861 33.2570 0.7025 62.0143 -3.1273 0.2140
Pedestrian -1 -1 -8.2590 947.7457 163.9402 973.2029 210.7913 1.8134 0.6626 0.7268 13.6965 1.4681 28.3038 -7.8128 0.1770
Car -1 -1 -2.8122 254.3126 180.2123 347.4622 211.1720 1.6238 1.6995 4.3517 -16.8212 2.0348 39.3270 -3.2143 0.1616
Pedestrian -1 -1 -5.3412 305.4568 175.3818 326.7740 214.1331 1.8561 0.7308 0.6283 -14.3340 1.9804 35.0978 -5.7266 0.1585
Car -1 -1 -7.3010 70.9071 190.3051 169.2527 233.8216 1.4652 1.4807 3.4779 -18.5808 2.1721 27.4755 -7.8914 0.1455
Pedestrian -1 -1 -5.9449 193.8160 173.1589 213.6985 214.5748 1.9287 0.6469 0.6368 -19.1675 1.9429 33.9795 -6.4554 0.1347
Car -1 -1 -8.3155 901.6976 159.3122 945.3151 182.5789 2.0205 1.8070 4.4225 28.1179 0.8442 64.9156 -7.9086 0.0817
Cyclist -1 -1 -7.7492 455.7889 181.8512 461.6803 201.5974 1.6605 0.3438 1.4844 -13.0440 2.4442 62.1191 -7.9557 0.0794
Pedestrian -1 -1 -3.2754 529.0627 175.1380 540.1783 197.5939 1.8220 0.5124 0.8423 -6.1870 2.0094 58.9611 -3.3799 0.0723
Pedestrian -1 -1 -4.3429 438.4469 169.9988 454.7100 207.0603 2.0323 0.6490 0.7590 -9.0912 1.8754 39.9892 -4.5654 0.0708
Pedestrian -1 -1 -2.7487 698.1548 167.0795 712.6422 195.1859 1.9268 0.5927 0.8307 6.5701 1.5306 49.9282 -2.6190 0.0662
Pedestrian -1 -1 -7.7701 868.2285 163.3668 883.2529 201.1448 1.7934 0.6270 0.6640 12.7353 1.3427 34.6852 -7.4214 0.0612
Pedestrian -1 -1 -4.4432 1204.5029 150.3250 1241.0000 231.6459 1.7715 0.5602 0.6113 13.6879 1.2804 16.1220 -3.7486 0.0598
Cyclist -1 -1 -9.0716 1057.8347 165.7445 1146.0654 243.3471 1.6836 0.4146 1.6134 11.1159 1.5291 16.4274 -8.4855 0.0594
Car -1 -1 -3.6151 945.2440 167.1607 1013.6142 191.0141 1.5753 1.5988 3.7736 24.7411 1.1990 48.4592 -3.1457 0.0593
Pedestrian -1 -1 -8.0299 885.8079 166.6257 905.0391 208.3093 1.7397 0.6354 0.7286 12.0288 1.4794 30.5325 -7.6584 0.0580
Car -1 -1 -5.1122 1209.7847 156.5989 1241.0000 265.3512 1.5527 1.6696 4.2580 12.3354 1.3204 12.5887 -4.3488 0.0565
Pedestrian -1 -1 -5.1226 83.8950 177.4898 123.1773 242.5862 1.7573 0.6574 0.7296 -14.0973 1.8886 20.0161 -5.7302 0.0564
Pedestrian -1 -1 -6.1132 68.8566 174.4026 83.6008 236.5076 1.8612 0.5472 0.2700 -16.2794 1.9087 21.9443 -6.7459 0.0547
Car -1 -1 -7.7036 596.1238 176.3964 629.0453 200.0381 1.5612 1.7015 4.1700 0.1936 1.8195 50.4932 -7.7002 0.0541
Car -1 -1 -4.5378 356.9681 170.1299 383.8194 189.8454 1.8562 1.7284 4.4764 -23.3116 1.5994 70.2726 -4.8572 0.0531
Cyclist -1 -1 -8.3463 790.1263 169.3740 818.2910 208.9566 1.7040 0.4385 1.7158 8.5409 1.5539 31.9469 -8.0878 0.8770
Cyclist -1 -1 -8.3084 769.8651 170.0696 794.3830 205.2255 1.7772 0.4801 1.8210 8.8723 1.6362 37.4165 -8.0778 0.8301
Cyclist -1 -1 -7.6626 351.2390 173.8759 363.9065 202.7523 1.6627 0.3994 1.6325 -14.8770 1.7237 42.4416 -7.9981 0.2622
Pedestrian -1 -1 -7.5212 733.5010 167.4947 752.8544 207.1224 1.8787 0.6435 0.9541 6.3822 1.6243 34.7808 -7.3418 0.1761
Pedestrian -1 -1 -5.6758 360.6066 172.9688 376.1251 200.8027 1.7715 0.6260 0.7157 -15.5460 1.7786 46.3269 -5.9981 0.1205
Cyclist -1 -1 -7.6889 812.2607 169.5529 836.8715 216.8170 1.7549 0.6296 1.7896 8.2132 1.6320 27.7328 -7.4044 0.1092
Pedestrian -1 -1 -4.8708 337.0211 174.6140 360.4076 228.5515 1.8380 0.6369 0.8773 -9.1615 1.9003 25.1598 -5.2171 0.0862
Pedestrian -1 -1 -5.5708 512.0278 178.0484 524.5399 202.1744 1.6868 0.6421 0.6064 -6.5215 2.0572 51.0684 -5.6976 0.0660
Cyclist -1 -1 -7.8814 808.1666 170.9381 823.5620 217.2703 1.7395 0.5184 1.6773 7.9246 1.6673 27.9658 -7.6086 0.0655
Pedestrian -1 -1 -6.1447 349.0595 173.0058 363.6343 203.6092 1.7737 0.6018 0.7278 -14.8639 1.7823 42.1885 -6.4818 0.0602
Pedestrian -1 -1 -6.6891 426.5123 179.0618 450.8245 223.0418 1.6288 0.6124 0.7113 -6.5307 1.8674 27.3092 -6.9221 0.0581
Cyclist -1 -1 -8.3861 782.6278 167.1114 817.2234 209.4335 1.8035 0.5935 1.8780 8.2901 1.5585 31.7319 -8.1333 0.0517
Car -1 -1 -2.6482 38.0888 188.2545 284.4936 273.4551 1.4839 1.5868 3.6874 -8.4661 1.7964 13.7699 -3.1912 0.9673
Car -1 -1 -6.1317 458.8415 180.0188 519.7865 203.6562 1.4845 1.6455 3.6829 -7.8053 1.9562 46.6778 -6.2968 0.8850
Car -1 -1 -2.7134 139.0256 188.2328 345.7836 257.0383 1.4535 1.5715 3.9095 -8.3229 1.8225 16.4737 -3.1752 0.8643
Car -1 -1 -2.8443 335.3377 174.9677 460.7955 224.1728 1.8444 1.8114 4.3414 -8.2123 1.9291 28.0647 -3.1269 0.8187
Car -1 -1 -7.8556 608.1135 179.2470 626.4711 195.5042 1.4572 1.6857 3.9984 0.6632 2.0795 68.2586 -7.8463 0.4089
Car -1 -1 -4.9266 814.6546 174.2860 877.9464 216.8580 1.5030 1.5541 3.4805 8.8492 1.5607 27.4013 -4.6179 0.2485
Car -1 -1 -2.6366 169.9681 184.4435 342.3994 238.1962 1.4799 1.6837 4.2811 -10.3768 1.8362 21.2372 -3.0866 0.2445
Car -1 -1 -4.3694 314.8054 172.9801 369.6795 201.5900 1.6197 1.7089 4.3184 -15.9236 1.6273 43.0354 -4.7221 0.2288
Car -1 -1 -7.6878 354.9915 174.9984 390.2879 199.7988 1.5724 1.6095 3.9090 -15.8237 1.7213 48.1544 -8.0039 0.1447
Car -1 -1 -7.8381 499.6043 178.9050 522.8086 201.5454 1.5546 1.6164 3.8805 -7.2065 2.0128 52.6479 -7.9739 0.1062
Car -1 -1 -2.9066 812.9569 172.3896 898.1001 202.5490 1.4998 1.5888 3.9410 12.7337 1.4764 37.6001 -2.5828 0.0608
