Car -1 -1 -4.3799 474.7640 188.3121 553.3273 239.6148 1.4777 1.4954 3.5223 -3.1254 2.0272 23.7882 -4.5099 0.9608
Car -1 -1 -4.4084 246.6550 199.6665 440.3435 339.5652 1.4853 1.5359 3.3034 -3.5155 1.9178 9.9739 -4.7400 0.9538
Car -1 -1 -4.4730 388.2713 194.4769 493.8203 271.4357 1.4627 1.5260 3.6022 -3.7957 2.0126 16.5461 -4.6959 0.9211
Pedestrian -1 -1 -3.8738 970.1489 142.9592 1094.9146 338.0777 1.8069 0.5930 0.8916 4.0673 1.5298 7.0720 -3.3707 0.1950
Pedestrian -1 -1 -9.0208 995.5192 49.3205 1241.0000 374.0000 1.9104 0.6887 0.6069 1.8319 1.5350 2.6372 -8.4651 0.1934
Pedestrian -1 -1 -4.9293 747.6218 172.0850 769.3636 227.4624 1.8744 0.6009 0.6541 5.0426 1.8480 24.7546 -4.7314 0.1596
Car -1 -1 -7.7555 574.6093 176.9033 595.7777 198.4443 1.9920 1.6455 4.1452 -2.3844 2.3945 69.6433 -7.7900 0.1442
Pedestrian -1 -1 -2.3453 362.9059 180.4182 407.4109 257.4212 1.8665 0.6357 0.8724 -5.6803 2.0607 18.0718 -2.6463 0.1420
Pedestrian -1 -1 -4.5913 706.4969 198.1800 737.2253 285.6879 1.2920 0.4045 0.6328 1.6893 1.6981 11.2188 -4.4470 0.1363
Cyclist -1 -1 -5.1430 617.7660 173.0869 650.7383 225.4052 1.8671 0.5367 1.7358 0.8344 1.8757 26.6619 -5.1128 0.1323
Pedestrian -1 -1 -5.1181 727.6335 169.6383 752.4979 226.6080 1.9242 0.6482 0.6126 4.4093 1.8153 24.7428 -4.9446 0.1153
Pedestrian -1 -1 -4.9986 795.6527 206.7861 847.3389 322.9053 1.2370 0.4191 0.5239 2.3101 1.6305 8.1078 -4.7320 0.1118
Pedestrian -1 -1 -3.6456 747.7824 165.5978 790.3608 249.5242 1.9419 0.5801 0.8035 3.7110 1.7737 17.0890 -3.4363 0.0846
Pedestrian -1 -1 -5.5456 963.0188 253.0714 1091.7537 374.0000 1.2047 0.3516 0.3466 1.7691 1.5827 3.1777 -5.0774 0.0790
Pedestrian -1 -1 -3.9763 843.1242 188.1127 889.5334 283.4681 1.4688 0.5412 0.4462 4.0510 1.7205 11.5697 -3.6486 0.0673
Cyclist -1 -1 -8.0790 781.3157 182.5757 820.1596 262.3044 1.5924 0.4310 1.6453 4.0066 1.8113 15.4401 -7.8308 0.0615
Pedestrian -1 -1 -6.4488 456.2198 181.8811 467.0527 209.3600 1.7672 0.5630 0.6067 -9.7026 2.3598 47.0185 -6.6517 0.0595
Car -1 -1 -4.8796 612.3656 178.3749 649.5224 205.8834 1.5955 1.6660 3.8903 1.2164 1.9529 44.7117 -4.8531 0.0589
Cyclist -1 -1 -2.5566 403.2635 177.5992 461.5929 244.1574 1.8368 0.6086 1.5303 -5.1019 1.9751 20.5337 -2.7978 0.0588
Cyclist -1 -1 -2.7050 628.1357 171.9993 665.2581 208.2431 1.8394 0.6683 1.8045 1.8562 1.7957 37.3346 -2.6562 0.0526
Pedestrian -1 -1 -3.7748 731.0573 199.7829 778.1075 296.5860 1.3242 0.3977 0.5270 2.0113 1.7203 10.3267 -3.5892 0.0508
Cyclist -1 -1 -7.9906 843.8177 177.7851 890.8775 289.0405 1.6165 0.4579 1.6275 3.9835 1.6998 11.4005 -7.6636 0.2103
Cyclist -1 -1 -7.9579 812.4045 171.0471 853.6483 270.7892 1.7318 0.5309 1.7739 4.0767 1.7002 13.4486 -7.6706 0.1678
Cyclist -1 -1 -8.1468 693.9656 177.5160 767.8446 297.8432 1.6576 0.6070 1.7259 1.7304 1.7335 10.9060 -7.9951 0.1586
Pedestrian -1 -1 -2.2813 295.5356 191.0107 341.8377 278.1619 1.6843 0.6067 0.6210 -5.9151 2.0600 14.5289 -2.6623 0.1280
Pedestrian -1 -1 -2.9763 144.9254 183.5455 218.2292 333.0389 1.8498 0.5768 0.7312 -5.6083 1.9945 9.3845 -3.5031 0.1018
Pedestrian -1 -1 -2.7535 70.7377 185.7366 174.2169 349.6831 1.8689 0.5560 0.8800 -5.8687 2.0293 8.6395 -3.3364 0.0899
Pedestrian -1 -1 -2.8467 213.2588 188.5545 281.8476 309.3215 1.8131 0.5581 0.8291 -5.6978 2.0654 11.2652 -3.3062 0.0889
Pedestrian -1 -1 -8.3872 763.9819 171.3913 835.6486 305.8408 1.6550 0.6225 0.6944 2.3790 1.6367 9.3039 -8.1458 0.0837
Cyclist -1 -1 -4.5100 397.9800 186.7722 423.1999 239.5418 1.6472 0.5009 1.5319 -6.5884 2.1195 23.7159 -4.7787 0.0739
Pedestrian -1 -1 -2.8787 123.0106 186.8571 198.9266 325.9965 1.8485 0.5366 0.7807 -6.2767 2.0499 10.0269 -3.4266 0.0695
Cyclist -1 -1 -4.4024 384.3658 188.0363 417.0773 240.7473 1.6258 0.5572 1.6183 -6.8581 2.1381 23.5427 -4.6835 0.0651
Cyclist -1 -1 -4.3937 116.5988 192.9167 210.8086 343.0006 1.7316 0.5224 1.7149 -5.8481 2.0192 9.4579 -4.9355 0.0600
Pedestrian -1 -1 -6.4204 135.0092 194.1413 207.5804 344.0291 1.7663 0.5949 0.7100 -5.5814 2.0474 9.0857 -6.9589 0.0566
Cyclist -1 -1 -4.8491 825.8104 174.4340 875.0365 279.7519 1.6573 0.5268 1.8346 4.0218 1.6860 12.3311 -4.5419 0.0540
Car -1 -1 -3.3666 402.3298 186.7219 516.6022 227.8329 1.4975 1.6929 4.2330 -6.0962 2.0873 29.0508 -3.5722 0.3028
Car -1 -1 -4.2484 0.0000 217.8025 82.9264 374.0000 1.4844 1.6864 4.2512 -6.3352 2.0077 6.1216 -5.0292 0.1351
Car -1 -1 -8.1010 382.3700 192.5626 466.1750 249.8566 1.4340 1.5544 3.6246 -5.6211 2.0711 21.3725 -8.3559 0.1136
Car -1 -1 -7.4558 1011.9185 122.9993 1241.0000 374.0000 1.5440 1.6167 3.9955 3.7755 1.4410 2.8418 -6.5791 0.1066
Car -1 -1 -8.1178 758.8481 177.0799 981.7751 333.0231 1.5658 1.6060 3.8625 3.0000 1.6315 9.3112 -7.8165 0.0545
