Pedestrian -1 -1 -6.1339 910.4145 151.6577 954.3305 237.5425 1.9414 0.5811 0.8603 7.4480 1.4620 16.7852 -5.7234 0.4347
Pedestrian -1 -1 -8.2318 800.4013 162.7292 822.9615 208.0266 1.8528 0.6964 0.6795 8.3057 1.4383 29.8885 -7.9638 0.2304
Car -1 -1 -4.6720 627.6868 175.7323 648.4562 193.9621 1.5034 1.6297 4.1822 2.4300 1.7603 62.3310 -4.6336 0.1227
Pedestrian -1 -1 -8.2594 1103.6512 152.6211 1128.6466 200.0862 1.8911 0.7237 0.3982 20.3044 1.0847 29.0148 -7.6538 0.1016
Car -1 -1 -5.9352 505.7071 180.3921 557.1425 199.0423 1.6222 1.5885 4.3305 -7.1009 2.3153 65.0841 -6.0438 0.0869
Pedestrian -1 -1 -7.9205 961.1027 158.0648 984.7802 217.0018 1.8234 0.6091 0.8242 11.4223 1.3655 22.8200 -7.4620 0.0804
Pedestrian -1 -1 -5.6792 913.1618 157.9154 961.8558 236.2517 1.8320 0.5466 0.9216 7.8426 1.4824 17.4102 -5.2629 0.0757
Pedestrian -1 -1 -5.2690 697.6178 166.4613 716.2457 204.2276 1.8012 0.6519 0.6381 4.6371 1.4960 34.8371 -5.1382 0.0718
Pedestrian -1 -1 -6.9807 1030.1949 163.9999 1049.0817 213.5506 1.8123 0.5532 0.3173 15.8428 1.4881 26.6889 -6.4503 0.0658
Pedestrian -1 -1 -3.8124 1124.1270 133.8597 1213.0043 267.3837 1.9200 0.6136 0.8437 8.2053 1.3590 10.6946 -3.1716 0.0644
Pedestrian -1 -1 -6.1600 402.3085 172.8566 413.4899 197.0021 1.8607 0.5209 0.7765 -15.6882 1.8606 55.9186 -6.4326 0.0633
Car -1 -1 -6.5810 0.0000 202.5436 0.0000 374.0000 1.4735 1.5739 3.7196 -5.0023 1.6392 2.0807 -7.7107 0.0621
Car -1 -1 -4.3745 68.2933 185.0951 162.2912 229.6934 1.3827 1.5715 3.7272 -17.3804 1.8485 25.4717 -4.9686 0.0597
Pedestrian -1 -1 -4.0133 1169.2402 133.6387 1241.0000 274.2398 1.8826 0.5992 0.8211 8.3481 1.3572 10.0335 -3.3341 0.0538
Pedestrian -1 -1 -7.6686 980.0718 156.3270 1004.0151 204.2046 1.9372 0.8029 0.4390 15.6352 1.2682 29.6146 -7.1873 0.0533
Pedestrian -1 -1 -6.3575 546.0795 174.2512 555.6352 195.7239 1.8005 0.6496 0.7575 -5.0210 1.9189 60.9299 -6.4397 0.0516
Car -1 -1 -4.5589 473.8213 176.7133 504.4498 197.4385 1.4336 1.5889 4.1843 -8.8287 1.7269 52.7934 -4.7241 0.0507
Cyclist -1 -1 -5.5035 664.9944 169.1514 701.4891 210.0312 1.7601 0.5865 1.6731 3.1837 1.6004 31.8979 -5.4055 0.3378
Cyclist -1 -1 -8.0569 724.9435 169.1104 742.8531 208.7897 1.6612 0.4346 1.6209 5.2744 1.5042 31.0260 -7.8906 0.1803
Pedestrian -1 -1 -7.4290 225.8975 173.6259 260.5077 228.5937 1.7628 0.7348 0.8194 -12.0228 1.7882 23.5764 -7.8964 0.1552
Pedestrian -1 -1 -7.6777 885.8901 167.4826 902.3161 207.9513 1.7170 0.5955 0.4021 12.1393 1.4888 30.9396 -7.3074 0.1520
Pedestrian -1 -1 -5.8778 888.7423 165.8430 902.5551 207.9366 1.7971 0.6187 0.3402 12.2877 1.4975 31.1447 -5.5057 0.1119
Cyclist -1 -1 -6.6632 877.2610 165.6845 921.7012 206.3571 1.7230 0.6637 1.6365 12.3441 1.4190 30.9010 -6.2869 0.0967
Pedestrian -1 -1 -7.2173 555.9062 178.4143 569.0952 204.5083 1.4470 0.5014 0.5662 -2.7055 1.7620 40.5436 -7.2839 0.0883
Cyclist -1 -1 -8.0313 889.7787 166.4769 908.8570 207.5457 1.7136 0.4777 1.5884 12.3487 1.4472 30.9319 -7.6552 0.0762
Pedestrian -1 -1 -7.9744 907.3998 160.1848 928.5797 207.5720 1.9343 0.7366 0.5926 12.6867 1.4168 29.8378 -7.5764 0.0755
Cyclist -1 -1 -4.5769 105.5881 170.8526 152.9297 262.7697 1.7415 0.5683 1.6316 -9.7058 1.7033 14.5296 -5.1576 0.0730
Pedestrian -1 -1 -7.7375 815.3340 166.7508 833.5098 209.3901 1.7436 0.6596 0.5986 8.8463 1.4937 29.9095 -7.4531 0.0671
Pedestrian -1 -1 -7.2329 559.8514 174.8575 574.3618 203.9615 1.6163 0.6215 0.5293 -2.4452 1.7296 40.5134 -7.2933 0.0549
Pedestrian -1 -1 -7.3298 257.9400 173.1411 287.7000 228.6902 1.7349 0.5934 0.6829 -10.7455 1.7439 22.9053 -7.7644 0.0515
Cyclist -1 -1 -7.6217 560.5612 173.1769 576.9044 203.5293 1.6920 0.5775 1.6025 -2.3782 1.7105 41.0794 -7.6796 0.0514
Car -1 -1 -4.1710 0.0000 186.9260 276.0008 352.7241 1.5041 1.6613 3.9699 -5.8752 1.7165 8.8949 -4.7414 0.9583
Car -1 -1 -8.3735 834.2432 183.5512 1241.0000 374.0000 1.4423 1.5358 3.5261 3.0204 1.5498 5.4810 -7.8933 0.9557
Car -1 -1 -5.0323 463.8405 178.3497 519.0026 210.3618 1.4342 1.5434 3.7206 -5.8454 1.7160 35.0212 -5.1969 0.9395
Car -1 -1 -5.5758 342.3251 179.9174 415.3856 206.9485 1.4650 1.5658 3.9094 -13.2876 1.8840 41.3573 -5.8851 0.8508
Car -1 -1 -3.5203 652.6594 170.5442 718.9340 191.2418 1.5356 1.6827 4.7364 5.7399 1.3639 54.9847 -3.4172 0.7932
Car -1 -1 -4.4324 149.2230 179.0934 236.4296 224.5184 1.4799 1.6888 3.9881 -15.0831 1.7249 26.2311 -4.9501 0.6773
Car -1 -1 -4.3797 91.6204 180.9458 172.4588 222.4439 1.3995 1.4856 3.3326 -17.7194 1.7203 26.8323 -4.9589 0.5803
Car -1 -1 -3.7302 542.5423 172.7827 605.1208 195.5702 1.5641 1.6572 4.2543 -2.5841 1.5589 51.4593 -3.7805 0.2337
Car -1 -1 -4.7407 710.9600 171.4303 730.0239 189.8433 1.6342 1.6038 4.0672 10.0810 1.5076 66.1561 -4.5905 0.2092
Car -1 -1 -4.3956 188.7538 183.5211 278.0461 231.9237 1.4035 1.5308 3.6071 -12.2797 1.7811 23.6611 -4.8700 0.1910
Car -1 -1 -7.8719 534.5280 176.5914 563.8299 204.1049 1.5069 1.6252 3.9779 -3.6271 1.7356 42.1414 -7.9577 0.1824
Car -1 -1 -2.4918 0.0000 181.1189 209.7196 267.7735 1.5693 1.7005 4.2486 -10.4812 1.7411 14.1312 -3.1211 0.1159
Car -1 -1 -7.8118 544.3401 175.7755 580.3839 208.0981 1.4993 1.6239 3.8124 -2.3520 1.6515 35.7407 -7.8775 0.0787
Car -1 -1 -4.4586 282.0174 179.0200 337.7883 210.3690 1.4664 1.6250 4.1493 -15.2492 1.7989 36.7702 -4.8494 0.0753
Car -1 -1 -9.0609 0.0000 0.0000 1241.0000 374.0000 1.5649 1.6254 3.7626 2.6830 1.5619 1.0132 -7.9443 0.0670
Car -1 -1 -5.2003 724.8608 169.4398 808.7023 210.5817 1.5742 1.6353 4.0890 6.3299 1.4432 29.7982 -4.9934 0.0613
Car -1 -1 -7.7661 561.1200 175.8835 593.7990 202.9842 1.4993 1.5839 3.8712 -1.9021 1.6849 42.3243 -7.8112 0.0608
