Pedestrian -1 -1 -5.3982 926.7697 164.8808 951.0594 219.7806 1.8446 0.6189 0.4307 11.1335 1.5764 24.5316 -4.9772 0.1698
Pedestrian -1 -1 -7.7327 373.6849 193.1472 396.3372 248.6756 1.3419 0.4960 0.3403 -5.5992 1.8482 17.8029 -8.0338 0.1547
Car -1 -1 -7.6569 466.7369 178.0766 516.2713 211.3354 1.3876 1.5003 3.7508 -5.3327 1.6370 32.6005 -7.8182 0.1168
Car -1 -1 -6.5551 880.0344 175.0528 989.5299 211.2025 1.4890 1.6377 3.9844 13.8046 1.5864 30.9491 -6.1396 0.0858
Pedestrian -1 -1 -3.7875 1019.5052 129.9868 1160.1628 346.5010 1.8465 0.5009 0.9390 4.2073 1.4806 6.4447 -3.2306 0.0721
Cyclist -1 -1 -4.9164 471.0705 176.9145 493.0587 224.9386 1.6270 0.4756 1.4436 -4.5470 1.7735 25.3311 -5.0928 0.0682
Pedestrian -1 -1 -4.2024 346.1547 195.8454 376.5706 261.4493 1.3337 0.4332 0.4597 -5.2590 1.8236 15.1192 -4.5324 0.0584
Car -1 -1 -6.4737 833.6942 157.9368 923.6754 192.3085 1.9188 1.7689 4.5949 15.3471 1.0857 41.5205 -6.1222 0.0581
Pedestrian -1 -1 -4.5178 296.9118 169.0318 332.3339 252.1478 1.8098 0.5995 0.7415 -6.6460 1.7263 16.1321 -4.9033 0.0564
Pedestrian -1 -1 -6.2404 382.4337 161.4927 406.7538 245.0129 1.8716 0.5138 0.5105 -4.9669 1.6167 16.4806 -6.5293 0.0562
Pedestrian -1 -1 -6.5128 768.7133 175.2406 782.9954 201.1336 1.6123 0.5698 0.7623 10.3684 1.7627 45.2694 -6.2895 0.0543
Pedestrian -1 -1 -7.2714 913.2279 168.6367 938.0899 219.0597 1.7904 0.6292 0.5397 11.3396 1.6403 26.0306 -6.8652 0.0539
Car -1 -1 -7.2606 1229.0564 141.7679 1241.0000 371.5445 1.5483 1.6423 4.2422 7.6981 1.3386 5.8516 -6.3640 0.0534
Pedestrian -1 -1 -5.6287 138.2418 162.0945 191.9969 278.6247 1.8755 0.5972 0.4947 -7.4046 1.7020 11.9366 -6.1743 0.0530
Pedestrian -1 -1 -8.1039 265.0356 178.0974 303.3920 262.1776 1.7075 0.6091 0.5811 -6.8816 1.8201 15.1217 -8.5249 0.0521
Cyclist -1 -1 -8.0057 748.6290 175.3824 788.0931 261.7697 1.6198 0.4932 1.7705 3.0999 1.6734 14.4789 -7.8000 0.9006
Cyclist -1 -1 -7.8354 775.5091 161.7506 816.3537 288.9352 1.8002 0.5637 1.7862 2.8211 1.6427 11.1482 -7.5950 0.8651
Pedestrian -1 -1 -7.0767 768.7311 173.2006 784.1074 200.2712 1.6757 0.6407 0.6851 10.3737 1.6973 45.1309 -6.8527 0.1064
Pedestrian -1 -1 -7.8540 376.6347 187.2067 399.6932 246.0948 1.4375 0.5442 0.3512 -5.5782 1.7998 17.9813 -8.1512 0.0905
Cyclist -1 -1 -3.8233 369.6734 178.1100 430.7447 248.4001 1.6822 0.5149 1.4800 -5.3045 1.8195 18.1353 -4.1046 0.0886
Pedestrian -1 -1 -7.0230 40.2795 195.9879 112.3193 310.4999 1.5380 0.5871 0.5700 -7.5646 1.8745 10.1662 -7.6505 0.0885
Pedestrian -1 -1 -4.0911 122.1760 184.4153 197.3148 307.3041 1.6369 0.6149 0.6611 -6.2983 1.8029 10.0289 -4.6404 0.0883
Pedestrian -1 -1 -5.3322 377.2030 182.9497 410.2157 248.2425 1.5624 0.6052 0.4934 -5.3780 1.8162 17.7763 -5.6225 0.0622
Cyclist -1 -1 -5.7373 14.4018 182.6276 188.4337 303.1363 1.6418 0.5663 2.0226 -7.2227 1.7846 10.2259 -6.3403 0.0603
Cyclist -1 -1 -4.2444 368.8472 182.0388 412.6444 249.3175 1.6073 0.4267 1.4991 -5.5678 1.8489 18.2248 -4.5375 0.0548
Cyclist -1 -1 -8.0048 763.7094 172.0666 776.4858 199.4138 1.7099 0.5378 1.7171 10.1624 1.6604 45.9892 -7.7891 0.0522
Pedestrian -1 -1 -3.2614 88.2988 178.9167 155.2758 307.7028 1.7078 0.5278 0.7178 -6.8497 1.7955 10.0428 -3.8480 0.0509
Car -1 -1 -4.3526 337.4890 188.8454 504.3058 292.8621 1.4100 1.5200 3.6264 -3.0681 1.7232 12.2525 -4.5938 0.9694
Car -1 -1 -4.4939 601.2430 178.2506 650.1250 209.7383 1.4422 1.6075 3.9958 0.7996 1.7265 35.9113 -4.4724 0.9168
Car -1 -1 -4.5074 657.3699 176.8478 691.7770 201.1091 1.5479 1.5519 3.9603 4.3796 1.8298 48.8537 -4.4190 0.5882
Car -1 -1 -2.8525 406.1953 174.1992 507.2373 209.6100 1.4999 1.6220 4.0350 -6.7127 1.5604 31.6086 -3.0604 0.4464
Car -1 -1 -7.9047 763.1072 173.8113 791.7281 199.5158 1.5974 1.6107 3.8060 10.8330 1.6622 47.0043 -7.6800 0.3647
Car -1 -1 -4.5303 623.9498 176.3741 665.5421 205.6570 1.5178 1.5933 4.1250 1.9467 1.7238 40.1140 -4.4827 0.2107
Car -1 -1 -8.0434 902.1066 161.1971 948.0716 192.7480 1.7366 1.6997 4.0045 18.1716 1.0947 41.8518 -7.6366 0.1906
Car -1 -1 -7.7393 764.3359 168.7991 795.6322 195.9202 1.8989 1.7575 4.3099 12.4567 1.6147 52.8429 -7.5094 0.1632
Car -1 -1 -4.7289 605.4242 178.6323 632.2910 205.0118 1.4968 1.5547 4.0493 0.4654 1.8639 43.8585 -4.7189 0.0773
Car -1 -1 -5.0270 781.9322 172.0814 828.2595 198.3839 1.6425 1.6942 4.1956 12.6629 1.5940 47.1987 -4.7669 0.0618
