Cyclist -1 -1 -8.7812 1141.2175 126.9300 1237.0000 269.0189 1.8443 0.4351 1.6433 8.5685 1.1366 10.1737 -8.0990 0.1232
Pedestrian -1 -1 -3.6004 248.4123 171.8571 272.6013 220.7758 1.8424 0.6868 0.5931 -13.0735 1.4796 27.5003 -4.0456 0.0890
Pedestrian -1 -1 -5.1373 802.7117 153.0019 832.1127 216.3489 1.9520 0.6146 0.7741 6.7475 1.0743 22.5620 -4.8550 0.0789
Pedestrian -1 -1 -7.7275 290.1147 184.7397 337.5222 296.3914 1.5620 0.5660 0.6321 -4.2179 1.6115 10.4486 -8.1084 0.0763
Pedestrian -1 -1 -8.4418 958.3184 159.7172 983.6111 211.4131 1.7606 0.6406 0.4335 12.6870 1.0192 24.7190 -7.9769 0.0735
Car -1 -1 -8.2138 599.2219 149.5211 694.2733 211.3792 1.7571 1.6873 3.8386 1.2853 0.8492 22.4889 -8.1624 0.0584
Pedestrian -1 -1 -4.6621 79.4702 155.4924 106.5794 216.7421 1.8630 0.6593 0.5651 -15.7797 1.0724 22.2646 -5.2781 0.0573
Car -1 -1 -3.1734 360.4989 166.1106 469.6255 204.2062 1.4178 1.5516 4.0194 -7.2842 0.8454 28.0501 -3.4302 0.0551
Pedestrian -1 -1 -8.0354 274.2057 169.7055 295.9211 218.4313 1.8575 0.6698 0.6081 -12.2770 1.4083 27.8246 -8.4525 0.0532
Car -1 -1 -3.4572 473.1347 175.5642 652.2148 248.0512 1.5692 1.7053 3.9080 -0.9670 1.4412 17.0622 -3.5184 0.0528
Pedestrian -1 -1 -4.8152 1067.4229 113.9073 1141.6971 288.8360 1.9893 0.6200 0.9719 6.0448 1.2213 8.7432 -4.2295 0.0505
Pedestrian -1 -1 -3.6878 895.5975 157.2363 1025.6548 321.4909 1.7331 0.7817 1.0412 3.9323 1.4778 8.0247 -3.2506 0.7521
Pedestrian -1 -1 -4.1540 667.3456 179.7847 755.6733 333.3060 1.5467 0.7229 0.6151 1.1302 1.5301 7.7047 -4.0192 0.6877
Pedestrian -1 -1 -6.1331 578.6641 181.9558 699.2260 373.0000 1.5926 0.6065 0.9398 0.2800 1.5974 6.0416 -6.0953 0.5739
Pedestrian -1 -1 -6.7201 1056.4805 145.4116 1237.0000 373.0000 1.6515 0.5279 0.6198 2.8760 1.4718 3.9018 -6.1221 0.1994
Cyclist -1 -1 -7.9745 1097.0574 84.1660 1237.0000 373.0000 1.9261 0.4503 1.6439 3.0158 1.5101 3.9054 -7.3546 0.1753
Pedestrian -1 -1 -6.1017 174.1972 165.7263 185.9542 219.8956 1.7292 0.4952 0.2433 -13.6373 1.2261 23.2048 -6.6331 0.1680
Pedestrian -1 -1 -8.3429 848.2105 159.3899 874.9509 218.1509 1.8683 0.6621 0.4754 8.3429 1.1658 23.1248 -8.0054 0.1374
Pedestrian -1 -1 -8.7358 1103.4938 153.6306 1130.8849 203.5816 1.8495 0.6476 0.5495 19.3220 0.8180 26.9477 -8.1234 0.1327
Pedestrian -1 -1 -7.4876 1137.6279 150.9404 1165.4943 201.4790 1.8842 0.6570 0.6383 20.8289 0.7452 27.2295 -6.8442 0.1293
Pedestrian -1 -1 -4.7584 912.3198 158.8391 936.8790 223.1910 1.7413 0.5740 0.8091 8.9193 1.1286 19.9175 -4.3474 0.1180
Cyclist -1 -1 -1.9298 112.8856 165.5803 154.3257 216.0078 1.7799 0.6917 1.7483 -17.0621 1.2184 26.1510 -2.5083 0.1144
Pedestrian -1 -1 -8.8766 1069.4875 87.9524 1237.0000 373.0000 1.8943 0.6931 0.7049 2.5324 1.5532 3.0812 -8.2353 0.1071
Cyclist -1 -1 -3.2225 445.6359 142.8773 488.5144 184.8653 1.7584 0.6214 1.7498 -5.7457 0.1413 30.6151 -3.4112 0.1031
Pedestrian -1 -1 -5.5525 161.7334 164.3457 184.5063 219.8952 1.7599 0.5383 0.3616 -13.7729 1.2169 23.0572 -6.0911 0.0995
Pedestrian -1 -1 -4.2385 870.6058 170.4122 899.4177 232.8117 1.5377 0.5559 0.3932 7.0844 1.2650 18.0399 -3.8745 0.0976
Cyclist -1 -1 -8.6009 820.5571 165.2734 878.6388 228.1873 1.6350 0.4604 1.6805 6.6856 1.2138 19.5277 -8.2803 0.0888
Pedestrian -1 -1 -4.7140 280.4773 163.7725 299.6233 219.8050 1.8737 0.5906 0.6653 -10.6224 1.2813 24.4436 -5.1252 0.0749
Pedestrian -1 -1 -7.0438 125.4695 168.9066 153.4012 217.2299 1.7515 0.6680 0.5560 -16.9893 1.2954 26.3848 -7.6164 0.0726
Pedestrian -1 -1 -4.9267 265.2444 165.1579 289.1165 220.9061 1.8496 0.6234 0.5854 -10.9757 1.3079 24.2541 -5.3528 0.0719
Cyclist -1 -1 -3.8931 1111.5981 148.9189 1172.3909 198.4001 1.8472 0.7051 1.8756 20.4930 0.6313 27.2756 -3.2583 0.0717
Cyclist -1 -1 -8.3022 843.8512 165.1555 892.0432 229.3517 1.6289 0.4775 1.7374 7.0300 1.2147 19.1160 -7.9594 0.0657
Pedestrian -1 -1 -8.7464 1110.0732 153.7748 1140.0442 202.5362 1.8188 0.6852 0.6263 19.7915 0.7850 27.1877 -8.1267 0.0612
Pedestrian -1 -1 -4.7331 225.5782 159.2573 246.5827 217.6882 1.9135 0.6108 0.5532 -12.1909 1.1855 23.9127 -5.2052 0.0607
Pedestrian -1 -1 -4.6842 128.4603 166.6040 154.1258 218.3852 1.8518 0.7711 0.6398 -16.7738 1.3195 26.1617 -5.2549 0.0565
Pedestrian -1 -1 -7.9367 455.9962 147.4183 474.4255 189.3429 1.7461 0.7025 0.7517 -5.7812 0.3270 30.3738 -8.1279 0.0564
Pedestrian -1 -1 -8.1702 746.6653 158.6347 774.1664 219.6241 1.8108 0.6482 0.6099 4.7596 1.1324 21.6662 -7.9616 0.0562
Pedestrian -1 -1 -4.1736 839.5330 164.7318 875.8145 230.4120 1.6837 0.5638 0.8180 6.7064 1.2544 18.8939 -3.8421 0.0529
Pedestrian -1 -1 -8.7939 809.1814 161.5230 837.5322 218.8772 1.7672 0.6115 0.6083 6.9395 1.1521 22.5601 -8.5039 0.0527
Pedestrian -1 -1 -8.4127 837.0134 159.6973 867.8655 218.3575 1.8530 0.6678 0.6934 8.0399 1.1647 23.1061 -8.0864 0.0514
Car -1 -1 -6.2857 289.4425 166.2282 600.3790 291.1157 1.7707 1.7310 4.5108 -2.4496 1.5548 11.5081 -6.4966 0.8288
Car -1 -1 -8.1965 503.8767 159.0269 601.1712 221.6009 1.6873 1.6721 3.8440 -1.5880 1.0818 21.4662 -8.2746 0.5800
Car -1 -1 -8.0741 1084.4443 152.4695 1163.7269 200.8839 1.7978 1.7288 3.8227 20.7982 0.7202 28.7718 -7.4574 0.1990
Car -1 -1 -3.0431 94.9409 179.7405 269.9993 234.3920 1.4328 1.5865 4.1573 -11.7436 1.3871 20.4092 -3.5649 0.0909
Car -1 -1 -7.1485 1041.2524 110.2598 1237.0000 373.0000 1.6335 1.6840 3.9251 4.5634 1.3739 3.4904 -6.2718 0.0849
Car -1 -1 -6.2540 421.7887 151.5309 530.8849 190.0533 1.4726 1.6299 4.1562 -4.9517 0.3273 28.5687 -6.4289 0.0670
Car -1 -1 -7.9779 442.1448 144.0218 489.2572 179.9455 1.4919 1.6077 3.5845 -6.1015 -0.0731 31.9567 -8.1697 0.0645
