Cyclist -1 -1 -8.3519 1044.3370 136.3223 1241.0000 374.0000 1.7329 0.5625 1.6946 2.7500 1.5995 3.5053 -7.7275 0.4568
Pedestrian -1 -1 -5.8062 519.7427 165.5615 538.9503 203.8249 1.8881 0.6684 0.7285 -4.0669 1.5279 36.0457 -5.9182 0.0870
Pedestrian -1 -1 -4.2932 874.2780 169.1841 884.6385 201.8851 2.0031 0.5252 0.2918 16.5773 1.7780 44.4848 -3.9391 0.0769
Pedestrian -1 -1 -5.6397 64.9860 160.1180 97.3866 216.9611 1.8242 0.6652 0.5641 -17.2577 1.4152 23.4921 -6.2680 0.0721
Pedestrian -1 -1 -3.5582 862.6816 170.7971 894.0676 227.2281 1.9167 0.5929 0.8430 9.1833 1.8466 24.8317 -3.2085 0.0663
Car -1 -1 -3.9100 182.8245 181.1238 281.2621 215.7182 1.4296 1.6400 3.9485 -17.2023 1.8316 32.9693 -4.3878 0.0613
Car -1 -1 -4.8603 931.9797 183.7287 982.4290 218.3295 1.4733 1.6048 3.5491 16.1886 2.0126 33.8685 -4.4183 0.0584
Pedestrian -1 -1 -4.9532 879.9934 172.3626 891.9734 201.7888 1.9649 0.6481 0.5069 18.5049 1.9318 48.4710 -4.5909 0.0579
Pedestrian -1 -1 -2.9615 803.7608 167.6108 815.1528 209.2859 1.9300 0.5029 0.4321 9.2849 1.6869 33.7349 -2.6957 0.0557
Pedestrian -1 -1 -3.8917 269.0759 205.5920 342.6216 342.5068 1.3017 0.4771 0.4983 -3.1458 1.6493 7.3414 -4.2846 0.0529
Car -1 -1 -5.1972 875.5098 179.9248 914.9800 199.0070 1.7376 1.7041 4.3415 27.4480 2.4417 69.6233 -4.8235 0.0522
Pedestrian -1 -1 -7.3332 0.0000 158.6663 27.6031 220.9466 1.8110 0.6874 0.5066 -17.7763 1.3981 21.2880 -8.0229 0.0521
Pedestrian -1 -1 -7.5066 689.7501 179.1658 726.2532 234.3644 1.5776 0.8530 0.7860 2.8467 1.7684 21.2921 -7.3763 0.6214
Cyclist -1 -1 -8.2641 1093.2737 180.1044 1151.5575 252.0475 1.6761 0.4615 1.8583 12.6645 1.8659 17.9595 -7.6583 0.2244
Pedestrian -1 -1 -3.3636 273.3645 164.8902 284.6562 204.0908 1.7117 0.4877 0.3544 -14.6347 1.3637 31.8082 -3.7919 0.2220
Pedestrian -1 -1 -6.8427 671.0872 172.0245 686.4329 196.8059 1.6947 0.7493 0.7755 4.7174 1.6377 49.8526 -6.7493 0.2082
Cyclist -1 -1 -4.7598 271.9578 165.1015 287.4059 205.2280 1.7166 0.5440 1.5979 -14.5624 1.3847 31.7026 -5.1875 0.1710
Cyclist -1 -1 -7.4980 575.0576 173.4414 589.2717 200.4370 1.6625 0.3730 1.5593 -1.7741 1.6997 45.2678 -7.5374 0.1082
Pedestrian -1 -1 -4.4813 0.0000 178.8265 128.6267 374.0000 1.6577 0.6871 0.4918 -3.1599 1.6932 3.9597 -5.1232 0.0877
Pedestrian -1 -1 -6.7957 259.5942 166.8138 284.6602 207.3422 1.7454 0.7133 0.7394 -14.8299 1.4849 31.5816 -7.2318 0.0770
Pedestrian -1 -1 -9.0258 946.5106 175.7114 966.1201 211.8951 1.8876 0.6711 0.7348 18.3032 2.0406 38.2165 -8.5827 0.0691
Cyclist -1 -1 -7.4052 559.5439 175.2659 575.5127 202.9648 1.5746 0.3457 1.4177 -2.4943 1.7166 41.8639 -7.4648 0.0662
Pedestrian -1 -1 -8.2118 683.9816 171.1627 700.2917 207.2514 1.7811 0.5876 0.7351 4.0590 1.6973 36.0381 -8.1011 0.0650
Cyclist -1 -1 -7.5044 571.2648 173.3694 585.5989 200.5165 1.6687 0.3972 1.5338 -2.0043 1.7012 45.1726 -7.5490 0.0624
Pedestrian -1 -1 -6.3763 659.9086 175.4609 671.9456 197.4797 1.5995 0.5050 0.8329 4.0555 1.7906 52.7344 -6.3004 0.0619
Cyclist -1 -1 -7.9646 949.4142 178.1710 961.3109 211.0006 1.7122 0.3919 1.6184 18.4924 2.0034 38.7294 -7.5226 0.0609
Cyclist -1 -1 -4.9587 1144.3065 178.2620 1207.4285 278.5291 1.6815 0.4733 1.7037 10.1587 1.7857 13.0713 -4.3096 0.0547
Car -1 -1 -8.1221 766.9605 187.6825 921.8250 286.3951 1.4422 1.6282 3.7989 3.9739 1.7491 13.0328 -7.8336 0.9753
Car -1 -1 -7.8760 593.6005 182.8784 657.6659 236.8911 1.3907 1.7066 3.4114 0.3557 1.7048 20.9232 -7.8601 0.9738
Car -1 -1 -1.9389 29.8459 184.7713 339.8891 363.0422 1.4409 1.6238 3.9284 -4.8561 1.6022 7.9335 -2.4739 0.9238
Car -1 -1 -8.0536 716.1577 177.2510 808.9899 242.9905 1.6429 1.6984 4.3624 4.1468 1.7809 20.5082 -7.8577 0.9120
Car -1 -1 -2.1169 195.3040 180.8238 443.0204 299.9818 1.4457 1.5875 4.0069 -4.5160 1.5853 10.8297 -2.5040 0.8884
Car -1 -1 -7.8972 603.5309 175.5210 642.6794 210.6193 1.5530 1.6787 3.5431 0.5286 1.6849 33.9924 -7.8824 0.8726
Car -1 -1 -2.3913 481.5932 176.3741 564.9255 212.5078 1.4741 1.5516 3.4737 -3.8414 1.6351 31.4069 -2.5125 0.8693
Car -1 -1 -4.1292 99.9043 170.3023 234.9130 218.5283 1.4279 1.6270 4.3131 -14.2963 1.3520 23.5521 -4.6699 0.7987
Car -1 -1 -7.9556 685.9379 179.6545 729.7226 214.1845 1.4380 1.5836 3.6101 4.3217 1.7621 32.5946 -7.8255 0.7010
Car -1 -1 -8.3932 382.2798 176.5561 517.3003 243.9816 1.5092 1.6638 3.7012 -4.1800 1.6124 18.2734 -8.6156 0.5992
Car -1 -1 -8.0214 678.3773 173.5500 721.6288 207.7413 1.6945 1.6406 3.6594 4.6100 1.7324 37.7012 -7.9012 0.5212
Car -1 -1 -1.6222 0.0000 174.9903 118.1911 374.0000 1.5440 1.6109 3.8801 -4.7556 1.5636 4.7769 -2.3777 0.4952
Car -1 -1 -2.3180 401.1943 176.0941 519.5641 229.8358 1.5135 1.5438 3.5728 -4.6822 1.6203 22.1849 -2.5241 0.3629
Car -1 -1 -2.6054 195.3924 175.7220 359.6061 230.1069 1.4881 1.6356 4.0550 -9.6075 1.5750 20.8873 -3.0320 0.3577
Car -1 -1 -8.6630 1047.7637 178.8000 1241.0000 374.0000 1.6186 1.6506 3.5395 3.4612 1.6559 2.7543 -7.8160 0.3575
Car -1 -1 -4.2857 392.5847 175.8531 460.7259 212.0701 1.4249 1.4881 3.4677 -7.7273 1.5591 30.5309 -4.5320 0.3421
Car -1 -1 -6.6226 725.7211 170.1259 784.9318 194.8691 1.6629 1.6320 3.6502 9.9274 1.4792 49.5586 -6.4264 0.3094
Car -1 -1 -8.3844 504.3051 175.3702 562.4329 203.7518 1.4802 1.5901 3.5955 -4.3133 1.6257 39.8887 -8.4919 0.3094
Car -1 -1 -2.4853 507.1426 176.0253 576.1188 201.5573 1.4353 1.5710 3.9161 -4.0993 1.6301 42.6917 -2.5809 0.2653
Car -1 -1 -6.9619 652.7085 174.7987 711.4182 195.9983 1.5304 1.7136 4.2709 5.4149 1.6816 54.3221 -6.8634 0.2339
Car -1 -1 -5.2225 1127.1246 192.8056 1241.0000 300.0508 1.4479 1.6201 3.7388 10.7527 1.8474 12.4695 -4.5233 0.2234
Car -1 -1 -4.3425 341.4409 178.3755 423.4941 221.1232 1.3543 1.4806 3.7289 -7.9109 1.5620 25.2645 -4.6433 0.1894
Car -1 -1 -7.8831 713.5936 172.9684 732.8726 189.8288 1.4608 1.5829 3.8691 10.0820 1.4711 64.5606 -7.7292 0.1866
Car -1 -1 -5.2654 1093.3696 188.6463 1241.0000 261.3837 1.4425 1.5942 3.8215 13.3681 1.8610 17.1506 -4.6123 0.1712
Car -1 -1 -4.7774 634.8369 172.6480 655.5074 189.4118 1.4355 1.5629 3.9696 3.0578 1.4175 63.7839 -4.7300 0.1655
Car -1 -1 -5.8140 0.0000 171.8397 150.6033 234.5001 1.5144 1.6737 4.2374 -14.6304 1.4896 18.6587 -6.4721 0.1632
Car -1 -1 -8.0406 697.9749 181.4223 760.0961 223.9704 1.4540 1.6248 3.7734 4.3843 1.8010 27.3367 -7.8839 0.1619
Car -1 -1 -8.5179 736.1806 177.7593 799.6111 204.5159 1.5615 1.6628 4.1507 9.7811 1.8834 45.1566 -8.3064 0.1211
Car -1 -1 -4.4992 393.4490 161.2484 425.2305 182.1871 1.7015 1.6947 4.3660 -16.9012 0.7581 60.8601 -4.7691 0.1146
Car -1 -1 -7.8303 923.7766 181.4715 957.7981 211.4950 1.5359 1.6501 4.1960 18.5429 2.0456 40.4501 -7.4037 0.0968
Car -1 -1 -4.0027 165.2297 170.6105 267.1371 208.2511 1.5585 1.7068 4.0993 -17.4121 1.4653 32.0592 -4.4970 0.0885
Car -1 -1 -4.8487 572.2668 176.9745 605.3080 201.2511 1.4809 1.5862 4.1782 -1.4579 1.7612 46.9511 -4.8800 0.0800
Car -1 -1 -4.4456 286.4333 166.2375 347.6172 202.1143 1.5311 1.5625 4.0434 -13.3084 1.2485 32.8914 -4.8275 0.0768
Car -1 -1 -4.2524 276.9543 173.4734 347.6596 203.5956 1.4564 1.6634 4.1991 -15.2589 1.4899 37.1298 -4.6400 0.0742
Car -1 -1 -8.1264 545.0989 173.7745 583.3854 197.1292 1.5639 1.6297 4.1174 -3.2910 1.6311 50.7018 -8.1913 0.0684
Car -1 -1 -6.8351 0.0000 0.0000 1241.0000 374.0000 1.5015 1.6035 3.7068 -2.7580 1.5936 0.9735 -7.9787 0.0620
Car -1 -1 -8.0239 665.8691 171.1947 697.2256 196.3830 1.7184 1.6239 3.5347 4.9939 1.6049 51.0484 -7.9273 0.0578
Car -1 -1 -4.6774 580.3717 172.8127 606.5481 196.6171 1.6338 1.7315 4.1018 -1.1761 1.6306 51.5824 -4.7005 0.0536
