Pedestrian -1 -1 -5.1701 747.5739 198.6254 786.5114 294.6661 1.3019 0.3638 0.4708 2.1595 1.6757 10.2014 -4.9687 0.1217
Car -1 -1 -6.1160 10.6755 176.6879 135.7146 212.7087 1.5374 1.6277 4.3561 -24.3456 1.7208 32.8659 -6.7499 0.1014
Pedestrian -1 -1 -7.8425 233.6770 164.4498 248.0274 199.8277 1.9613 0.7080 0.6732 -20.7325 1.4951 40.4594 -8.3136 0.0974
Pedestrian -1 -1 -6.4051 487.0116 175.3167 497.8235 197.6385 1.8767 0.4965 0.8494 -9.9826 2.0862 61.0997 -6.5667 0.0878
Pedestrian -1 -1 -1.9470 137.1482 156.8244 154.3402 189.9064 1.7972 0.5556 0.7589 -25.5462 0.9261 39.6445 -2.5165 0.0864
Cyclist -1 -1 -2.6385 177.5491 177.5728 229.6805 225.0127 1.8734 0.6397 1.7247 -16.3009 2.0641 28.8841 -3.1487 0.0506
Pedestrian -1 -1 -5.2045 366.2171 174.2637 382.2323 206.7834 1.9753 0.5910 0.8802 -14.5416 2.0628 44.3909 -5.5197 0.0504
Pedestrian -1 -1 -5.0331 1025.4353 87.4478 1204.8331 374.0000 1.9789 0.6424 0.9228 3.0814 1.4987 4.5795 -4.4709 0.2263
Cyclist -1 -1 -8.2157 331.9118 183.8204 353.9986 218.9401 1.7596 0.5098 1.6935 -13.9112 2.3409 37.4615 -8.5693 0.1316
Cyclist -1 -1 -7.9174 343.2469 184.0799 354.6879 218.6730 1.7339 0.4562 1.6646 -13.6381 2.3315 37.5747 -8.2637 0.1151
Cyclist -1 -1 -8.0773 617.6836 178.4267 630.2427 205.2087 1.6134 0.4268 1.6144 0.8226 1.9643 44.6466 -8.0595 0.1092
Cyclist -1 -1 -7.4490 342.7594 183.4599 364.4054 218.4506 1.7571 0.4917 1.5414 -13.3520 2.3194 37.4928 -7.7893 0.0865
Cyclist -1 -1 -3.5505 618.0005 174.3862 646.4561 203.6627 1.7861 0.6595 1.6342 1.3419 1.8819 44.6912 -3.5212 0.0845
Cyclist -1 -1 -7.8110 623.5325 178.2457 632.2258 205.8273 1.6624 0.4716 1.6226 1.0759 2.0018 44.6365 -7.7876 0.0836
Pedestrian -1 -1 -3.7919 1031.0117 80.7746 1241.0000 374.0000 1.9360 0.6076 0.6997 2.7675 1.4758 3.9318 -3.2139 0.0674
Cyclist -1 -1 -8.1654 611.2864 177.1720 627.2466 205.4477 1.7058 0.5075 1.6362 0.5307 1.9778 44.6464 -8.1541 0.0633
Cyclist -1 -1 -7.8755 549.0345 178.5481 554.4516 195.8623 1.5321 0.4500 1.7228 -5.2982 2.0541 65.3061 -7.9565 0.0630
Cyclist -1 -1 -2.2079 323.9900 181.8477 355.6746 218.4760 1.8271 0.6470 1.6905 -13.9287 2.2981 37.0829 -2.5653 0.0572
Cyclist -1 -1 -7.7130 626.1516 175.4962 639.0020 204.3942 1.7589 0.5652 1.7392 1.3802 1.9267 44.9877 -7.6830 0.0513
Car -1 -1 -4.6345 536.1893 178.7795 557.2225 195.4333 1.4473 1.6298 3.7467 -5.7774 2.0038 65.9242 -4.7219 0.5208
Car -1 -1 -8.0921 610.0021 179.8982 647.4561 204.5919 1.4661 1.5601 3.6273 1.1152 1.9327 45.8837 -8.0685 0.3653
Car -1 -1 -4.5339 553.7167 178.3225 578.5944 195.0203 1.4616 1.5936 4.1063 -4.0401 1.9829 66.6865 -4.5946 0.0547
