Cyclist -1 -1 -4.5215 500.9063 169.1748 563.8970 301.2781 1.7449 0.6050 1.6207 -1.1362 1.6960 10.3629 -4.6293 0.8020
Pedestrian -1 -1 -4.1932 733.0488 171.4100 760.7643 223.8422 1.8014 0.6526 0.7859 4.7556 1.7515 25.3005 -4.0102 0.1758
Cyclist -1 -1 -2.6726 350.0168 169.7632 396.0177 216.3565 1.9475 0.6559 1.7471 -10.0930 1.8180 30.6161 -2.9889 0.1672
Pedestrian -1 -1 -4.1144 154.4590 168.3871 205.4030 248.0665 1.8080 0.6760 0.8157 -10.0526 1.7063 16.8012 -4.6469 0.1092
Pedestrian -1 -1 -5.5501 487.9241 169.5586 508.8017 208.9884 1.9035 0.7627 0.6732 -5.5059 1.7441 35.3362 -5.7040 0.1020
Pedestrian -1 -1 -5.5096 1075.6245 160.4090 1092.7992 208.2481 1.8266 0.5013 0.2831 18.1877 1.3512 27.7438 -4.9345 0.0878
Cyclist -1 -1 -4.2554 469.1977 173.4738 499.4788 216.6885 1.7275 0.5894 1.5871 -5.2043 1.7534 29.7116 -4.4278 0.0739
Cyclist -1 -1 -6.6688 1060.1772 152.5334 1126.4536 206.9344 1.8381 0.6752 1.7753 16.5980 1.1512 24.8837 -6.0863 0.0718
Pedestrian -1 -1 -8.4278 915.4814 169.0765 943.6564 231.3118 1.8250 0.5923 0.4927 9.4473 1.7139 21.4499 -8.0187 0.0668
Pedestrian -1 -1 -5.5441 295.3779 173.6871 331.7517 241.1425 1.7363 0.6137 0.6383 -7.8440 1.7584 18.9805 -5.9316 0.0616
Pedestrian -1 -1 -7.3326 516.5083 185.7890 538.9027 234.4356 1.4043 0.5038 0.4419 -2.4761 1.7912 21.2927 -7.4477 0.0583
Pedestrian -1 -1 -8.0985 881.9107 172.8721 907.8885 230.9599 1.7384 0.6366 0.4626 8.5787 1.7386 21.8622 -7.7298 0.0559
Car -1 -1 -7.7530 685.7861 176.2200 716.2138 201.4473 1.5458 1.5900 3.7857 5.9008 1.7732 46.7750 -7.6288 0.0557
Pedestrian -1 -1 -3.9571 1091.7384 131.6366 1107.0909 170.4829 1.8360 0.5012 0.3510 23.3039 -0.1143 34.4206 -3.3657 0.0550
Car -1 -1 -7.9876 945.5543 168.2774 1011.0707 212.7939 1.5116 1.6372 3.6618 13.3895 1.3559 26.4983 -7.5246 0.0550
Pedestrian -1 -1 -1.9817 227.2680 189.2422 282.2096 289.0890 1.4034 0.5252 0.6252 -5.3125 1.6547 10.6763 -2.4341 0.0548
Pedestrian -1 -1 -5.9941 357.0312 174.8407 369.3925 223.6690 1.7637 0.5109 0.2934 -9.0544 1.8366 26.3441 -6.3225 0.0539
Pedestrian -1 -1 -6.3199 1106.4788 149.1334 1134.5825 220.2401 1.7685 0.6623 0.5535 12.9409 1.1782 18.3733 -5.7140 0.0508
Pedestrian -1 -1 -7.5879 202.4174 165.3813 241.3143 246.1497 1.8577 0.6222 0.7870 -9.2102 1.6855 17.0481 -8.0770 0.0504
Car -1 -1 -4.7292 632.7465 173.6132 657.4159 196.9316 1.6214 1.7096 4.1930 2.4827 1.6785 52.4296 -4.6826 0.0502
Pedestrian -1 -1 -5.1934 703.0305 174.9946 720.5944 210.1602 1.7500 0.6581 0.6316 5.0891 1.8588 36.3651 -5.0560 0.4266
Pedestrian -1 -1 -4.5861 341.4549 174.6155 374.9532 256.2017 1.6481 0.5548 0.8659 -5.3032 1.6857 15.0768 -4.9194 0.3192
Pedestrian -1 -1 -4.8573 393.8127 168.4252 427.4865 239.5214 1.7752 0.7098 0.9233 -5.1910 1.6643 18.5811 -5.1266 0.3081
Pedestrian -1 -1 -4.7470 723.3152 173.3953 737.8568 210.2554 1.8309 0.6977 0.5717 6.0026 1.8579 36.1769 -4.5845 0.1950
Pedestrian -1 -1 -7.9400 426.7079 169.8598 448.2452 229.1125 1.7771 0.6052 0.3877 -5.2913 1.6870 21.9200 -8.1747 0.1698
Pedestrian -1 -1 -6.5154 677.1696 173.7102 689.9008 198.9166 1.7599 0.5773 0.7777 5.1378 1.8202 50.7387 -6.4156 0.1422
Pedestrian -1 -1 -3.6452 830.9382 172.3404 877.7070 265.0057 1.7707 0.7500 0.5776 4.7480 1.7606 14.2099 -3.3300 0.1328
Cyclist -1 -1 -5.1015 947.9771 161.5329 1061.5200 322.4018 1.7805 0.5690 1.7471 4.7314 1.6549 8.8807 -4.6267 0.1134
Cyclist -1 -1 -4.2310 476.0179 176.9044 505.3671 218.6863 1.6689 0.5850 1.4613 -4.9523 1.8401 29.7581 -4.3950 0.1122
Pedestrian -1 -1 -2.9995 794.5502 166.5126 831.0447 245.0937 1.8761 0.6162 0.7848 4.9169 1.7244 17.6653 -2.7332 0.1033
Cyclist -1 -1 -4.4446 420.6748 170.6860 455.5310 230.7428 1.7653 0.6444 1.5575 -5.2710 1.7013 21.9984 -4.6776 0.0988
Pedestrian -1 -1 -2.3381 245.4546 166.2875 310.8172 278.6216 1.7005 0.5846 0.7382 -5.2603 1.6008 11.3302 -2.7644 0.0721
Cyclist -1 -1 -7.6896 234.4152 175.8626 291.7301 290.1905 1.5907 0.4875 1.8138 -5.3204 1.6403 11.0277 -8.1303 0.0633
Pedestrian -1 -1 -3.6643 1013.7984 154.4743 1113.5865 333.1027 1.8471 0.5969 0.7003 4.8037 1.6568 7.7643 -3.1281 0.0624
Pedestrian -1 -1 -6.0532 588.0040 170.9507 597.2403 193.2823 1.8094 0.6557 0.6206 -1.4418 1.6549 58.8454 -6.0779 0.0589
Pedestrian -1 -1 -5.8556 587.8050 170.6978 597.1088 192.8934 1.8071 0.7483 0.4981 -1.4635 1.6312 59.1871 -5.8805 0.0567
Cyclist -1 -1 -5.4626 761.4340 172.8983 824.0929 246.7980 1.7330 0.5660 1.5732 4.4199 1.7338 17.7458 -5.2232 0.0565
Cyclist -1 -1 -7.6571 412.7091 171.5523 440.5651 231.8855 1.7502 0.5099 1.6007 -5.5589 1.7122 21.7439 -7.9050 0.0540
Car -1 -1 -8.0723 754.8341 189.8752 981.5383 369.0475 1.4500 1.5051 3.3075 2.4906 1.6756 7.8697 -7.7780 0.9625
Car -1 -1 -2.5015 0.0000 179.8565 247.6913 305.8718 1.4305 1.6041 4.0180 -7.0339 1.5263 9.0916 -3.1460 0.9132
Car -1 -1 -4.5265 409.7722 169.2569 522.8298 262.7197 1.7175 1.6206 3.8644 -2.9272 1.6511 15.1930 -4.7144 0.8994
Car -1 -1 -4.7633 641.9978 178.3410 676.6350 206.6888 1.4593 1.6902 4.2661 2.6529 1.7804 40.1182 -4.6983 0.8218
Car -1 -1 -8.6463 888.7900 193.1258 1241.0000 374.0000 1.5169 1.5981 3.6674 2.3958 1.6331 2.2790 -7.8992 0.7182
Car -1 -1 -7.5482 481.1339 180.2447 563.7534 232.7927 1.4937 1.5718 3.6940 -2.7464 1.7493 23.0234 -7.6663 0.5960
Car -1 -1 -4.7412 569.9564 171.2150 591.1795 193.2312 1.7299 1.6082 3.8176 -2.4462 1.6009 58.6565 -4.7831 0.5381
Car -1 -1 -7.6937 534.5290 163.8744 563.1636 191.9920 2.2478 1.7583 3.9277 -5.0487 1.5297 59.7074 -7.7780 0.1948
Car -1 -1 -2.8203 504.6964 174.7618 564.7859 195.3463 1.5247 1.6588 4.2450 -5.7449 1.6730 54.9452 -2.9243 0.1413
Car -1 -1 -4.8519 674.8929 172.6919 704.4062 197.7256 1.7525 1.6179 3.7240 5.7164 1.7408 52.3975 -4.7443 0.0998
Car -1 -1 -4.6399 584.0951 170.1143 605.5081 188.2825 1.6469 1.7044 4.2520 -1.4134 1.3983 67.5725 -4.6611 0.0987
Car -1 -1 -2.8720 367.4429 178.4138 475.9590 222.1769 1.5280 1.6811 3.5029 -6.8442 1.7369 26.2832 -3.1248 0.0974
Car -1 -1 -7.8989 637.8062 171.5588 661.3344 194.0860 1.7541 1.6980 4.3094 3.1380 1.6530 58.3452 -7.8458 0.0882
Car -1 -1 -4.5201 517.4944 179.3590 565.6993 212.6429 1.4584 1.5633 3.9619 -3.2452 1.7873 34.4647 -4.6138 0.0787
Car -1 -1 -1.8607 0.0000 172.0923 0.0000 374.0000 1.5181 1.5489 3.9281 -6.5328 1.5145 4.5349 -2.7967 0.0698
Car -1 -1 -4.2223 442.2564 181.4614 514.7675 220.1124 1.4312 1.4746 3.4023 -5.3290 1.8034 29.3844 -4.4007 0.0557
