Pedestrian -1 -1 -6.3641 909.0252 177.6592 918.0450 215.3235 1.9554 0.7275 0.3765 15.9303 2.2106 37.9668 -5.9702 0.1166
Pedestrian -1 -1 -6.2218 880.4354 176.3565 892.3369 220.9091 2.0359 0.6326 0.4799 12.7610 2.1997 33.4189 -5.8606 0.1122
Pedestrian -1 -1 -8.0104 1206.6805 185.9217 1232.1915 241.3539 1.7448 0.5646 0.4213 19.5337 2.1704 23.1904 -7.3173 0.1027
Pedestrian -1 -1 -4.0743 961.6647 168.5823 981.3059 202.1570 1.9119 0.6714 0.7944 20.7864 1.6683 41.5671 -3.6138 0.0965
Pedestrian -1 -1 -8.6518 909.7319 161.6686 926.5738 194.6631 2.0345 0.6208 0.7418 19.1615 1.3445 44.9539 -8.2515 0.0958
Pedestrian -1 -1 -5.4639 706.8872 173.9615 743.4212 244.0142 1.8586 0.5767 0.8205 3.0831 1.8892 19.6607 -5.3116 0.0881
Cyclist -1 -1 -4.1511 1206.7527 169.9393 1241.0000 213.4962 1.7929 0.6690 1.6153 25.9191 1.6727 30.2634 -3.4481 0.0874
Pedestrian -1 -1 -9.0470 1215.9932 183.5544 1241.0000 246.7197 1.7068 0.5924 0.5522 17.2343 2.0089 20.0096 -8.3439 0.0748
Car -1 -1 -5.0249 1022.6258 170.6777 1070.1217 195.9187 1.6759 1.6519 4.0013 30.1625 1.5311 50.0417 -4.4853 0.0623
Car -1 -1 -5.0616 1082.4855 173.6112 1144.1980 204.2066 1.8282 1.7740 4.4126 31.6685 1.8782 45.5905 -4.4579 0.0623
Pedestrian -1 -1 -3.5700 917.3143 163.3242 930.3239 187.4643 1.9304 0.4724 0.8370 25.1725 1.1680 57.9434 -3.1623 0.0619
Car -1 -1 -4.9399 1149.5089 195.6616 1219.5234 234.7117 1.5293 1.6454 3.7867 25.9198 2.6289 32.7315 -4.2752 0.0592
Car -1 -1 -8.4751 1000.4645 167.0421 1063.3307 193.7867 1.6810 1.7255 3.6785 27.5279 1.3154 47.2660 -7.9507 0.0555
Pedestrian -1 -1 -8.1570 1204.5691 175.5263 1237.3604 233.8504 1.9210 0.6943 0.5820 20.4374 2.0118 24.2029 -7.4623 0.0553
Car -1 -1 -4.0234 964.1724 176.2891 1033.8477 203.8301 1.5503 1.6317 3.7046 22.8428 1.7590 42.4404 -3.5330 0.0542
Car -1 -1 -6.5718 0.0000 202.6870 0.0000 374.0000 1.5033 1.5813 3.7654 -5.2770 1.6653 1.9671 -7.7397 0.0518
Pedestrian -1 -1 -5.2912 141.7740 154.6988 242.1839 325.0595 1.8546 0.5611 0.9827 -4.8808 1.6566 8.3291 -5.8079 0.1494
Pedestrian -1 -1 -4.6834 0.0000 154.1422 33.8064 274.9872 1.8303 0.5383 0.5424 -9.4355 1.5466 11.3072 -5.3673 0.0878
Pedestrian -1 -1 -3.1619 124.7849 166.6241 220.4578 318.3988 1.7477 0.4889 0.9715 -5.3608 1.6757 8.7726 -3.6975 0.0783
Pedestrian -1 -1 -1.9953 186.7965 151.7528 274.2122 315.7706 1.8516 0.5851 0.9745 -4.6250 1.6131 8.6770 -2.4730 0.0661
Pedestrian -1 -1 -5.4688 221.5880 152.9471 317.9097 308.5585 1.8600 0.5864 0.9787 -4.3315 1.6217 9.0781 -5.9033 0.0637
Cyclist -1 -1 -4.8188 1187.3873 184.1176 1209.3247 228.9436 1.7222 0.4885 1.7514 23.6111 2.1886 29.0264 -4.1415 0.0637
Pedestrian -1 -1 -5.0525 109.3976 155.5043 197.1454 325.1565 1.7821 0.5558 0.9399 -5.1828 1.5995 8.0899 -5.6079 0.0611
Pedestrian -1 -1 -5.4052 258.4897 157.8445 346.4449 304.8404 1.8176 0.5669 0.9698 -4.0600 1.6317 9.3972 -5.8035 0.0592
Pedestrian -1 -1 -5.4418 342.5421 159.0831 415.3245 295.2709 1.8680 0.5844 0.8406 -3.3724 1.6788 10.3623 -5.7499 0.0548
Cyclist -1 -1 -4.8681 1189.0236 189.6277 1213.8513 234.3257 1.6118 0.4967 1.4603 22.3544 2.2648 27.3431 -4.1886 0.0534
Car -1 -1 -7.8127 1023.7086 189.4747 1210.0348 334.7929 1.4524 1.7238 3.4740 6.6354 1.7163 9.5590 -7.2211 0.9405
Car -1 -1 -7.8427 1078.8961 189.8219 1133.5204 232.3653 1.4624 1.6757 3.6934 19.4687 2.1765 28.3875 -7.2470 0.5963
Car -1 -1 -8.0333 1188.5170 192.3148 1241.0000 238.4798 1.5096 1.6018 3.8809 23.3499 2.3053 27.4312 -7.3340 0.1207
Car -1 -1 -4.9260 980.0696 168.9595 1008.9319 185.9892 1.4869 1.5190 3.7689 34.5837 1.1465 65.0163 -4.4392 0.1204
Car -1 -1 -2.2335 0.0000 170.2495 0.0000 315.9645 1.5690 1.6750 4.2682 -10.3977 1.5407 8.7126 -3.0916 0.0748
