Pedestrian -1 -1 -6.6377 1212.4695 150.6047 1223.0000 217.3364 1.7900 0.4826 0.3510 16.8294 0.9884 19.2533 -5.9260 0.0777
Pedestrian -1 -1 -2.9322 287.9039 129.0214 322.4030 204.6009 1.7781 0.5836 0.6534 -7.2357 0.5674 16.9813 -3.3258 0.0753
Car -1 -1 -7.9575 713.7280 135.0499 751.1486 168.7722 1.8093 1.7335 4.1995 7.4295 -0.7257 41.5962 -7.7799 0.0558
Cyclist -1 -1 -3.6855 126.5138 103.4484 416.9928 369.0000 1.9004 0.7008 1.6434 -2.2141 1.4754 4.7765 -4.0930 0.6023
Cyclist -1 -1 -7.3351 0.0000 140.2167 92.8693 267.5626 1.7119 0.4464 1.7451 -8.3311 1.1708 10.4001 -7.9935 0.5195
Pedestrian -1 -1 -6.2777 538.3735 136.8503 547.0720 175.3633 1.7652 0.5435 0.3980 -2.9069 -0.2400 32.7710 -6.3630 0.2673
Pedestrian -1 -1 -4.7533 480.4824 138.4856 509.5207 220.9281 1.7239 0.5893 0.6789 -2.4114 0.8457 15.1744 -4.9054 0.2070
Cyclist -1 -1 -4.6411 537.0718 134.6937 551.8547 172.4866 1.6833 0.5615 1.6611 -2.8115 -0.3796 32.6790 -4.7237 0.1317
Pedestrian -1 -1 -5.8100 415.7034 140.6793 450.9200 223.5749 1.6957 0.6598 0.4679 -3.6422 0.8815 14.8393 -6.0435 0.1284
Pedestrian -1 -1 -4.8460 696.7616 136.8738 729.9167 218.9730 1.8452 0.6462 0.8386 2.4464 0.8650 16.3150 -4.6979 0.1243
Pedestrian -1 -1 -4.7550 494.2744 133.1205 522.6767 216.4892 1.7596 0.5817 0.6675 -2.1395 0.7600 15.3030 -4.8888 0.1215
Pedestrian -1 -1 -8.7227 854.2316 151.0136 894.7720 226.2099 1.7683 0.6084 0.6832 6.4609 1.0752 17.0733 -8.3652 0.1195
Cyclist -1 -1 -3.1177 523.1721 133.3604 560.7444 173.6008 1.8371 0.6280 1.7187 -2.9346 -0.3232 32.7712 -3.2038 0.1103
Pedestrian -1 -1 -4.2163 459.0867 138.9308 496.0939 220.9208 1.7089 0.5552 0.6088 -2.7632 0.8428 15.1132 -4.3912 0.1096
Pedestrian -1 -1 -4.4013 72.5849 127.8855 121.8260 221.5740 1.7544 0.5963 0.6521 -9.8288 0.7695 13.6394 -5.0123 0.0982
Pedestrian -1 -1 -4.1513 445.9146 142.3468 483.5407 221.8759 1.6571 0.5558 0.5973 -3.0382 0.8625 15.1111 -4.3434 0.0968
Pedestrian -1 -1 -7.9371 266.6721 128.5688 303.2175 220.7149 1.7544 0.6069 0.6478 -6.3383 0.7660 13.8913 -8.3542 0.0930
Pedestrian -1 -1 -7.8925 644.8760 129.7971 674.1913 216.6076 1.8563 0.6113 0.6748 1.1411 0.7725 15.4674 -7.8182 0.0850
Pedestrian -1 -1 -4.7240 401.5143 134.8185 432.9515 219.7225 1.7599 0.6336 0.5343 -4.0283 0.8134 14.9973 -4.9788 0.0834
Pedestrian -1 -1 -4.2448 45.9139 128.6560 106.6824 225.1625 1.7812 0.6355 0.7926 -10.1172 0.8247 13.4924 -4.8746 0.0785
Pedestrian -1 -1 -4.4771 431.0052 135.7998 465.5437 219.1202 1.7378 0.5954 0.5900 -3.3737 0.8058 15.0480 -4.6909 0.0758
Pedestrian -1 -1 -7.4472 111.5789 132.1911 159.9826 223.7817 1.7334 0.5830 0.6193 -9.1497 0.8195 13.7349 -8.0219 0.0742
Pedestrian -1 -1 -5.6497 604.3522 131.6539 645.4558 208.7678 1.7974 0.6074 0.7766 0.4347 0.6592 16.9583 -5.6223 0.0717
Pedestrian -1 -1 -5.3505 170.3002 119.2972 216.7697 189.8011 1.7430 0.5913 0.9191 -10.4761 0.2303 17.9354 -5.8688 0.0696
Pedestrian -1 -1 -5.0883 731.1162 146.1193 767.8330 222.0701 1.7225 0.6224 0.6929 3.3067 0.9431 16.4314 -4.8914 0.0694
Pedestrian -1 -1 -4.0508 191.0470 155.4196 346.2943 369.0000 1.6080 0.7779 0.5532 -2.3234 1.4509 4.8022 -4.4742 0.0679
Cyclist -1 -1 -3.1766 519.5921 135.7822 556.2958 175.2684 1.7663 0.7208 1.6414 -3.0845 -0.2416 32.2126 -3.2688 0.0668
Pedestrian -1 -1 -7.6205 424.0770 142.3493 463.6984 227.0253 1.6953 0.6821 0.5350 -3.3262 0.9318 14.4277 -7.8401 0.0667
Pedestrian -1 -1 -8.4905 832.3267 143.6520 874.3944 221.1704 1.8088 0.5716 0.8252 5.9117 0.9493 16.9772 -8.1593 0.0655
Pedestrian -1 -1 -8.1761 746.4116 142.2798 780.7399 219.5035 1.7699 0.5860 0.7167 3.6703 0.8943 16.5926 -7.9604 0.0606
Cyclist -1 -1 -4.6646 532.6523 134.0914 545.7173 172.4801 1.7189 0.5210 1.7208 -3.0758 -0.3828 32.8939 -4.7546 0.0600
Pedestrian -1 -1 -6.0518 996.5154 150.8294 1034.0945 218.9190 1.8378 0.6649 0.7718 11.3286 1.0373 19.5904 -5.5328 0.0578
Cyclist -1 -1 -6.8934 68.4372 123.4492 398.3690 369.0000 1.7368 0.5148 1.6854 -2.0806 1.4747 4.1125 -7.3299 0.0547
Pedestrian -1 -1 -7.5035 92.1740 131.7432 141.1731 224.2327 1.7366 0.5843 0.6598 -9.4720 0.8215 13.6661 -8.0964 0.0539
Cyclist -1 -1 -4.7374 596.5497 133.3025 606.9297 166.9465 1.7042 0.5074 1.6623 -0.1944 -0.7315 37.3279 -4.7402 0.0524
Pedestrian -1 -1 -4.5670 721.8112 146.5147 750.7417 219.4558 1.6701 0.5818 0.6512 3.0415 0.8923 16.5903 -4.3871 0.0522
Pedestrian -1 -1 -8.2715 821.4684 149.4686 859.1886 223.7301 1.7400 0.6134 0.7259 5.5931 1.0133 16.9594 -7.9566 0.0522
Pedestrian -1 -1 -4.9007 784.4836 143.1411 816.1611 220.2409 1.7816 0.5958 0.7066 4.5656 0.9187 16.7133 -4.6369 0.0521
Pedestrian -1 -1 -4.6299 383.8183 135.6793 417.2155 219.9536 1.7214 0.6178 0.6616 -4.3243 0.8063 14.8266 -4.9056 0.0515
Pedestrian -1 -1 -3.1434 600.2861 136.7327 611.0646 171.6237 1.8189 0.5879 0.5642 0.0190 -0.4719 37.3028 -3.1406 0.0511
Pedestrian -1 -1 -4.5901 510.5566 133.2091 541.6840 216.1795 1.7637 0.5922 0.6939 -1.7531 0.7588 15.3808 -4.6989 0.0501
Car -1 -1 -3.3930 511.2951 151.9824 745.0181 243.2958 1.4444 1.5492 3.8155 0.3020 0.9937 12.3655 -3.3670 0.8688
Car -1 -1 -3.0223 189.1935 147.1754 464.3411 247.2553 1.4650 1.5462 3.9539 -4.3922 0.9775 11.5575 -3.3741 0.7940
Car -1 -1 -2.5019 0.0000 142.1690 87.6957 258.2683 1.5089 1.5950 3.5700 -9.9130 1.0111 10.1851 -3.2559 0.6366
Car -1 -1 -6.4931 524.3580 140.6052 699.6265 212.8979 1.5601 1.6396 3.8149 0.0676 0.6995 16.4466 -6.4868 0.1247
Car -1 -1 -4.7556 660.6754 137.3076 688.7647 163.6321 1.5734 1.6811 4.0333 4.5861 -1.1695 46.9611 -4.6567 0.0855
Car -1 -1 -7.0357 957.9468 160.1287 1132.3690 222.1336 1.5575 1.6018 3.9540 11.7075 1.0461 18.9466 -6.4880 0.0802
Car -1 -1 -7.7285 585.5670 134.5620 625.7449 166.0305 1.5290 1.6938 3.8880 0.0722 -0.8247 38.2651 -7.7243 0.0758
Car -1 -1 -4.9431 947.1954 136.1830 990.6675 162.7303 1.5764 1.6762 4.0642 24.1584 -1.2376 47.0719 -4.4697 0.0735
Car -1 -1 -2.2898 0.0000 142.5029 3.8244 321.8404 1.4978 1.5906 4.1090 -8.5505 1.1809 6.7527 -3.1672 0.0730
Car -1 -1 -2.4273 19.2666 114.1149 223.6479 176.8349 1.5099 1.6962 4.3253 -12.4513 -0.1002 18.2668 -3.0148 0.0629
Car -1 -1 -7.7083 0.0000 112.1528 102.0038 204.6444 1.6557 1.6751 3.7310 -11.7518 0.4326 14.6926 -8.3699 0.0593
Car -1 -1 -2.1856 0.0000 143.1148 0.0000 369.0000 1.4968 1.5952 4.0875 -7.2304 1.2848 4.8290 -3.1351 0.0540
Car -1 -1 -7.8614 501.4314 131.0882 537.6294 167.9851 1.5736 1.6086 3.9213 -4.0908 -0.6306 33.5894 -7.9790 0.0508
Car -1 -1 -8.1242 541.2507 134.0014 595.9846 170.9148 1.6026 1.6593 3.7991 -1.8214 -0.4865 33.8344 -8.1751 0.0501
