Car -1 -1 -4.2223 245.5454 177.8693 356.8646 225.5059 1.4330 1.6208 4.2614 -10.3165 1.6173 24.3642 -4.6193 0.9539
Pedestrian -1 -1 -7.4412 289.5826 166.0049 307.6799 199.6286 1.8381 0.6743 0.7458 -17.2166 1.4634 39.8193 -7.8471 0.2755
Car -1 -1 -6.1435 823.6650 166.1128 876.4145 185.8724 1.5238 1.6342 3.7804 19.0026 1.0037 57.2134 -5.8245 0.2038
Car -1 -1 -4.5255 466.9714 175.0699 516.0155 209.2674 1.4942 1.5402 4.0501 -5.5304 1.6041 33.8347 -4.6867 0.1312
Cyclist -1 -1 -2.8382 187.1182 172.4012 230.2026 210.9573 1.8607 0.7422 1.7009 -19.6899 1.8385 35.3547 -3.3434 0.1268
Pedestrian -1 -1 -2.1073 181.0697 165.1660 212.9217 221.1371 1.8564 0.5771 0.8609 -14.0102 1.6011 24.3954 -2.6241 0.1187
Car -1 -1 -6.2987 1052.4724 166.4277 1166.0898 207.5892 1.5927 1.6496 3.7484 20.3584 1.3437 29.6370 -5.7018 0.0973
Pedestrian -1 -1 -4.7226 131.9887 164.0568 150.8938 208.9329 1.9795 0.7039 0.5726 -20.9921 1.5912 32.2602 -5.2959 0.0812
Car -1 -1 -7.9224 331.0722 171.0665 353.2413 188.8947 1.5583 1.6085 4.0163 -24.2591 1.4018 65.2288 -8.2773 0.0783
Pedestrian -1 -1 -3.7159 1116.4387 157.0033 1128.7094 191.9591 1.8221 0.5251 0.2838 26.8669 0.9956 37.8781 -3.1028 0.0724
Car -1 -1 -7.0513 0.0000 163.6316 74.4189 218.0708 2.0760 1.8024 4.1480 -24.6568 1.7240 29.6784 -7.7402 0.0683
Car -1 -1 -7.6997 398.3185 166.6443 424.1108 186.3113 1.7570 1.6736 4.1708 -18.3390 1.2020 66.6284 -7.9675 0.0682
Car -1 -1 -5.8907 410.6769 171.4939 468.8375 192.1930 1.5553 1.6403 4.0211 -13.0676 1.4528 55.3469 -6.1218 0.0667
Pedestrian -1 -1 -3.7677 806.7638 166.3444 832.3483 206.4757 1.7474 0.6174 0.8922 9.2077 1.4637 31.8594 -3.4892 0.0663
Car -1 -1 -7.9293 970.9954 179.9450 1064.4056 249.6749 1.4258 1.6038 3.7004 9.5255 1.6142 17.1804 -7.4309 0.0610
Cyclist -1 -1 -7.5457 243.1513 176.6666 261.6526 207.7464 1.5896 0.3985 1.6148 -18.8296 1.7942 37.9358 -8.0039 0.0601
Car -1 -1 -6.2363 634.4277 171.1575 691.7267 192.3285 1.5815 1.7206 4.2829 4.0419 1.4545 55.0108 -6.1637 0.0511
Cyclist -1 -1 -7.6738 243.9219 175.9575 262.9118 219.1509 1.6268 0.3963 1.5045 -13.9048 1.7506 28.0657 -8.1303 0.0506
Cyclist -1 -1 -3.2015 757.8870 168.0232 787.6763 195.1835 1.7396 0.6965 1.8404 10.4927 1.4299 46.7032 -2.9822 0.3077
Pedestrian -1 -1 -6.6174 576.8180 168.8024 587.2478 192.2573 1.7526 0.6697 0.5977 -2.1365 1.4495 54.3347 -6.6568 0.2575
Pedestrian -1 -1 -6.3817 566.6922 168.7801 578.7239 192.2043 1.7344 0.4625 0.8528 -2.8071 1.4325 53.7179 -6.4340 0.2196
Pedestrian -1 -1 -6.0338 573.7811 168.7887 583.5876 192.1425 1.7373 0.6528 0.5918 -2.3735 1.4346 54.0568 -6.0778 0.1431
Pedestrian -1 -1 -6.9600 929.8161 162.0452 940.9543 182.4902 1.8093 0.6508 0.6362 28.9486 0.8525 64.2480 -6.5385 0.1248
Pedestrian -1 -1 -5.3303 387.2152 169.7543 404.6773 200.6367 1.7558 0.6647 0.7274 -12.3504 1.5793 41.5084 -5.6180 0.0820
Pedestrian -1 -1 -7.2049 579.3918 171.2505 590.6716 193.6157 1.7204 0.5872 0.6726 -1.9632 1.5968 55.9482 -7.2402 0.0784
Pedestrian -1 -1 -3.2225 981.8096 162.3167 993.5951 183.0204 1.7921 0.4944 0.8710 32.8739 0.8797 62.8518 -2.7427 0.0690
Cyclist -1 -1 -4.9049 766.6224 168.9707 780.3431 195.6668 1.6915 0.5449 1.6921 10.5101 1.4452 46.5714 -4.6847 0.0502
Car -1 -1 -7.9431 694.2042 173.8289 733.0079 202.8275 1.4211 1.6057 4.3750 5.3193 1.4748 37.7338 -7.8046 0.9062
Car -1 -1 -3.2343 817.0595 168.7778 863.3021 184.3206 1.4437 1.6262 4.0294 21.7112 1.0648 68.2440 -2.9277 0.5599
Car -1 -1 -3.5033 630.9808 174.0876 701.3134 200.3698 1.5188 1.6298 3.8661 3.3103 1.5946 43.1486 -3.4277 0.3837
Car -1 -1 -8.0086 1034.6561 160.3544 1065.6559 180.5732 1.7491 1.7343 4.1892 39.3883 0.6675 64.6853 -7.4638 0.1984
Car -1 -1 -7.6749 350.0661 164.2717 381.6160 186.1945 1.7363 1.7514 4.0967 -20.0450 1.0563 59.2995 -7.9997 0.1658
Car -1 -1 -3.1731 887.3130 165.2391 937.5952 183.1844 1.6132 1.6302 4.2107 27.7474 0.9283 66.3715 -2.7788 0.1551
Car -1 -1 -3.2212 944.8878 162.5207 998.1665 181.6369 1.6549 1.6395 4.1015 31.9830 0.7601 63.9902 -2.7597 0.1443
Car -1 -1 -7.5226 761.3166 165.1987 807.2028 193.0643 1.7808 1.7350 4.1621 11.6813 1.2913 48.3330 -7.2872 0.1047
Car -1 -1 -7.4806 369.1777 172.9391 423.4967 200.2934 1.5740 1.7094 4.2781 -12.9097 1.5791 43.7376 -7.7663 0.0938
Car -1 -1 -4.7319 799.3519 171.3212 818.4617 188.5885 1.5615 1.6303 4.1536 18.5467 1.4225 67.4608 -4.4650 0.0893
Car -1 -1 -4.8587 577.9835 169.4515 606.5695 192.1483 1.7266 1.6727 4.0950 -1.4658 1.4674 57.0485 -4.8847 0.0632
