Car -1 -1 -8.1068 767.1761 178.2748 939.7770 284.4851 1.4346 1.5994 4.3647 3.7924 1.5425 12.1856 -7.8128 0.9770
Car -1 -1 -3.3051 781.3943 167.8183 851.7794 193.1808 1.5354 1.6435 3.9742 12.7178 1.2302 44.7175 -3.0301 0.8555
Cyclist -1 -1 -3.0268 856.4873 167.4965 929.0222 224.9267 1.6442 0.8499 1.9304 8.3651 1.4905 21.4803 -2.6606 0.8013
Pedestrian -1 -1 -3.6541 811.6466 163.7137 825.9966 195.1842 1.8351 0.7200 0.5245 12.2563 1.3018 42.4842 -3.3754 0.1025
Car -1 -1 -7.5830 389.4319 169.7041 421.4708 195.4161 2.3220 1.7343 4.5099 -19.0832 2.0372 67.4179 -7.8581 0.0932
Pedestrian -1 -1 -8.1503 991.3644 156.1621 1031.2885 242.6851 1.9582 0.6678 0.5595 9.2108 1.5801 16.6704 -7.6536 0.0864
Pedestrian -1 -1 -3.6119 913.5374 161.7047 944.1178 218.7717 1.7594 0.5297 0.7091 9.9024 1.4154 22.5313 -3.2031 0.0840
Car -1 -1 -4.5407 848.5461 161.4042 876.9042 180.8844 1.6831 1.7119 4.1937 22.6286 0.6935 64.5905 -4.2053 0.0758
Pedestrian -1 -1 -7.8781 962.2797 158.7325 995.0706 239.9598 1.8479 0.6597 0.6225 8.5411 1.5263 16.8362 -7.4163 0.0707
Car -1 -1 -4.4950 451.7541 175.0428 487.2247 198.5124 1.6093 1.6478 4.1609 -10.1002 1.7730 51.9692 -4.6863 0.0662
Pedestrian -1 -1 -4.1957 193.0097 170.4865 215.9534 209.5668 2.0031 0.6684 0.9238 -21.0785 1.8815 37.4480 -4.7056 0.0640
Cyclist -1 -1 -5.5542 201.4333 173.3283 247.3052 220.0799 1.8008 0.5695 1.6190 -15.1519 1.8194 28.2711 -6.0426 0.0607
Car -1 -1 -3.9704 935.0596 167.0330 1001.2577 191.8551 1.6180 1.6741 4.0875 24.0674 1.2383 48.5546 -3.5129 0.0581
Car -1 -1 -4.9930 421.9258 174.3687 457.6793 198.0965 1.6406 1.5266 3.7795 -12.3673 1.7540 52.1679 -5.2249 0.0564
Car -1 -1 -7.3229 297.1057 178.3147 342.9137 197.6284 1.6643 1.7594 4.6753 -26.4793 2.1820 66.0020 -7.7033 0.0539
Pedestrian -1 -1 -2.2481 478.0818 173.6425 486.8483 194.8418 1.8814 0.5678 0.5244 -11.4144 1.9520 64.4502 -2.4231 0.0538
Car -1 -1 -6.9507 980.6603 160.0671 1048.7209 182.5108 1.5870 1.6914 4.1378 29.2142 0.6825 52.1836 -6.4428 0.0504
Car -1 -1 -4.6364 676.2889 173.6426 698.7515 191.5162 1.4058 1.5501 3.7226 6.3278 1.4720 58.8962 -4.5303 0.0503
Pedestrian -1 -1 -3.0077 478.5175 172.3390 496.6520 217.2436 1.6794 0.7337 0.5860 -4.6828 1.6598 27.3612 -3.1762 0.5400
Pedestrian -1 -1 -7.7122 491.1334 174.4477 508.6177 214.2164 1.6208 0.6170 0.7362 -4.5889 1.6872 29.8077 -7.8642 0.4593
Cyclist -1 -1 -8.6939 771.4783 168.6353 802.3708 202.7056 1.6720 0.4969 1.5719 8.8249 1.4647 36.1974 -8.4571 0.1677
Pedestrian -1 -1 -7.1499 927.5987 169.4014 951.7929 206.1533 1.6195 0.6298 0.7790 14.6898 1.4670 32.2458 -6.7263 0.1458
Pedestrian -1 -1 -5.3338 837.9539 159.2256 860.0994 200.8868 1.9300 0.6128 0.8386 11.1900 1.2983 33.9180 -5.0180 0.1213
Pedestrian -1 -1 -3.3206 858.4170 166.3793 873.8726 192.2533 1.7915 0.5633 0.9287 17.8253 1.3429 50.3115 -2.9822 0.1086
Pedestrian -1 -1 -7.4231 991.0030 165.6722 1016.5421 206.8025 1.7543 0.7660 0.6640 17.0263 1.4477 31.2809 -6.9290 0.1015
Car -1 -1 -8.4227 752.5027 172.5856 804.1095 202.7298 1.4784 1.3780 2.5958 8.5184 1.4649 36.8406 -8.1976 0.0955
Cyclist -1 -1 -3.1950 940.8029 158.6597 985.9665 200.6192 1.8185 0.6329 1.7585 15.5624 1.2030 31.9027 -2.7451 0.0805
Cyclist -1 -1 -2.9198 762.4560 167.4913 799.2841 203.2700 1.7544 0.6631 1.6866 8.4943 1.4911 36.0462 -2.6906 0.0796
Pedestrian -1 -1 -4.5330 967.5013 155.4856 988.9123 200.0150 1.9285 0.7034 0.8529 16.1876 1.1760 31.8013 -4.0662 0.0740
Pedestrian -1 -1 -7.0141 1222.5178 152.1477 1241.0000 185.0786 1.7885 0.6224 0.7760 34.1506 0.6636 39.5059 -6.3050 0.0667
Pedestrian -1 -1 -7.6691 1152.1217 150.1474 1168.8337 185.8032 1.9014 0.6133 0.6311 29.6517 0.6902 38.9165 -7.0217 0.0658
Cyclist -1 -1 -7.6610 467.1102 169.4288 491.9635 218.9885 1.7835 0.5759 1.8068 -4.8892 1.6599 26.8729 -7.8398 0.0611
Pedestrian -1 -1 -2.8866 473.8761 170.3751 495.2003 215.5576 1.7067 0.7345 0.6410 -4.8476 1.6128 27.6475 -3.0591 0.0595
Cyclist -1 -1 -6.6919 1047.5256 152.3300 1087.7534 186.5995 1.8765 0.5972 1.7909 25.2825 0.7524 39.9402 -6.1310 0.0576
Cyclist -1 -1 -8.3950 779.0043 167.4086 803.7371 201.3496 1.6698 0.4688 1.5541 9.0752 1.4016 36.3086 -8.1524 0.0510
Car -1 -1 -3.7576 580.0288 174.9457 651.7296 201.3840 1.4243 1.5484 3.8844 0.3196 1.5477 40.8942 -3.7503 0.8132
Car -1 -1 -3.3944 960.8003 164.1282 1051.7004 190.4823 1.5107 1.6339 4.4429 23.3253 1.0102 42.6916 -2.8974 0.7754
Car -1 -1 -6.0554 389.7021 178.8864 453.6785 204.7280 1.4565 1.5582 3.3267 -10.9287 1.8132 41.8743 -6.3095 0.7366
Car -1 -1 -5.2501 242.1186 181.4020 300.8762 207.8381 1.5286 1.6091 3.7162 -20.9427 2.0761 44.5334 -5.6877 0.6874
Car -1 -1 -3.9741 37.9420 190.0611 121.0608 217.7743 1.4470 1.5594 4.1339 -31.1476 2.5105 42.4693 -4.6041 0.5685
Car -1 -1 -4.3014 2.0866 190.6687 64.6806 218.3176 1.5055 1.5608 3.8652 -35.1247 2.6431 44.0207 -4.9721 0.4180
Car -1 -1 -3.6648 1168.5408 156.2750 1241.0000 184.0634 1.5062 1.6283 3.9645 33.8186 0.6073 40.2512 -2.9697 0.3154
Car -1 -1 -6.5130 772.3943 172.1844 859.7811 201.7805 1.4579 1.6517 3.9690 10.3173 1.4247 36.4552 -6.2397 0.3127
Car -1 -1 -4.6462 305.5623 178.9353 335.5086 203.1728 1.5255 1.6141 3.8465 -19.4602 1.9518 48.5341 -5.0259 0.2874
Car -1 -1 -3.2004 923.9118 166.6649 1017.9339 202.7964 1.5533 1.6128 3.6848 16.1082 1.2870 32.4770 -2.7439 0.2627
Car -1 -1 -4.7881 976.6677 155.4969 1003.4084 174.3172 1.5427 1.6821 4.2717 32.2925 0.1196 61.4379 -4.3062 0.1962
Car -1 -1 -4.8051 254.8811 180.2346 294.5207 210.1239 1.5293 1.6345 4.0382 -18.7267 1.9616 40.1385 -5.2393 0.1304
Car -1 -1 -4.6872 110.5975 187.4690 146.9502 215.8578 1.5047 1.6772 4.2246 -28.5111 2.4161 42.7792 -5.2724 0.1255
Car -1 -1 -4.6679 924.9523 157.8114 948.5063 177.4625 1.6078 1.6497 4.0862 27.7251 0.3768 61.2296 -4.2445 0.1133
Car -1 -1 -4.4952 847.3766 167.1424 882.0721 189.6604 1.5446 1.5841 3.6910 18.1702 1.1525 51.4778 -4.1579 0.1041
Car -1 -1 -3.8214 167.3145 180.8203 267.9931 214.1961 1.5307 1.6944 4.3878 -19.8036 1.9600 36.5638 -4.3150 0.0987
Car -1 -1 -6.1552 872.3787 167.6557 940.4485 189.4010 1.5409 1.6689 4.4469 21.7055 1.1723 52.9511 -5.7684 0.0981
Car -1 -1 -5.4687 999.8098 154.8317 1054.4968 175.0191 1.6462 1.6502 4.0732 35.1807 0.1763 61.0114 -4.9477 0.0864
Car -1 -1 -4.9216 400.3869 177.9031 440.2956 202.2209 1.5082 1.7014 4.3426 -12.7025 1.8603 48.0369 -5.1791 0.0647
Car -1 -1 -4.5924 0.0000 193.2954 0.0000 221.2457 1.4826 1.7232 4.1946 -41.2124 2.7825 43.6931 -5.3456 0.0586
Car -1 -1 -7.8275 1092.7197 157.7294 1129.9139 187.7190 1.6150 1.6435 4.0678 28.4672 0.8002 40.9828 -7.2239 0.0521
