Car -1 -1 -8.0402 709.4766 187.7843 830.9087 270.0928 1.3531 1.6074 4.0550 3.0252 1.6979 14.6383 -7.8414 0.9604
Car -1 -1 -7.9755 656.3863 175.7502 703.6205 214.0721 1.6445 1.6708 4.0692 3.1263 1.7862 33.3318 -7.8834 0.9576
Car -1 -1 -8.3023 808.6161 203.1340 1241.0000 374.0000 1.3561 1.5881 3.9577 2.7575 1.6646 5.3772 -7.8519 0.9408
Car -1 -1 -4.6348 534.9329 179.0655 580.1871 217.5894 1.4549 1.5757 3.7156 -2.1453 1.7264 29.7117 -4.7068 0.9331
Pedestrian -1 -1 -5.6498 213.9769 160.1187 238.4216 194.4301 1.8588 0.6482 0.9896 -21.0354 1.1686 39.4825 -6.1367 0.3303
Car -1 -1 -6.4167 691.3352 174.2952 732.8647 189.8658 1.4655 1.6099 3.7415 9.7027 1.6044 68.8765 -6.2777 0.2066
Car -1 -1 -6.4684 702.6273 174.8925 765.8900 197.5035 1.5940 1.6006 4.2555 8.8658 1.7425 51.8527 -6.3004 0.1721
Pedestrian -1 -1 -2.5983 426.0903 163.8601 438.0356 202.3470 1.9571 0.5326 0.3733 -9.1628 1.4995 37.0016 -2.8398 0.1301
Pedestrian -1 -1 -5.2620 1090.4718 156.4674 1135.2242 246.9807 1.8648 0.5290 0.6090 10.5177 1.5269 15.1819 -4.6658 0.1245
Pedestrian -1 -1 -3.5759 704.2078 169.3889 718.1758 198.1193 1.9327 0.5599 0.7735 6.8270 1.6993 48.9201 -3.4385 0.1126
Car -1 -1 -7.5473 278.1637 162.9150 317.4935 188.1512 1.9613 1.7165 4.2194 -25.1739 1.1886 58.2618 -7.9537 0.1083
Pedestrian -1 -1 -3.8806 1221.3123 156.2317 1241.0000 196.8801 1.8721 0.5920 0.6361 28.9421 1.1063 33.5376 -3.1731 0.1042
Pedestrian -1 -1 -9.0166 1108.8173 164.9297 1131.8977 215.6461 1.8471 0.6174 0.4940 18.8037 1.5582 26.6504 -8.4077 0.0927
Pedestrian -1 -1 -8.1228 938.8433 186.1505 988.3333 276.2846 1.5605 0.6295 0.7039 6.3081 1.8073 13.0110 -7.6812 0.0901
Pedestrian -1 -1 -6.1807 162.0758 168.5858 178.3615 198.1483 1.8924 0.6147 0.8400 -28.4593 1.6189 46.6456 -6.7262 0.0811
Car -1 -1 -7.9063 693.7264 179.2984 716.9050 202.5325 1.7767 1.6492 3.7460 7.6275 2.3132 58.1767 -7.7770 0.0803
Car -1 -1 -4.5968 233.6066 174.4274 266.5258 197.1691 1.5007 1.6021 3.8466 -24.9181 1.6140 49.9836 -5.0573 0.0779
Cyclist -1 -1 -7.7316 248.9572 164.6279 281.8144 230.4124 1.7740 0.6137 1.8442 -9.7850 1.5519 20.4296 -8.1736 0.0690
Cyclist -1 -1 -4.5844 9.8364 141.6301 35.1115 186.0563 1.7300 0.5699 1.6948 -23.6176 0.5138 28.9688 -5.2640 0.0674
Car -1 -1 -7.7797 349.4273 169.4037 371.3460 186.5551 1.5516 1.6502 3.8510 -23.2883 1.2392 67.3478 -8.1116 0.0670
Car -1 -1 -6.2844 523.5070 166.4954 573.7701 186.3106 1.7225 1.6490 4.3667 -5.4381 1.1694 63.7296 -6.3695 0.0663
Car -1 -1 -4.7093 197.1389 172.8841 225.0573 196.7178 1.5252 1.5770 4.2019 -26.7728 1.5270 48.4009 -5.2124 0.0614
Pedestrian -1 -1 -6.1349 0.0000 145.8976 4.3467 190.2013 1.8226 0.5449 0.3392 -25.4996 0.7133 30.0039 -6.8350 0.0597
Car -1 -1 -4.9901 1149.0863 166.4865 1216.7642 200.4328 1.5603 1.6208 3.6552 27.7857 1.2673 35.1624 -4.3256 0.0592
Car -1 -1 -7.6545 20.7991 171.5052 65.1158 194.5411 1.5070 1.6179 3.9806 -38.7453 1.4185 49.3447 -8.3177 0.0591
Cyclist -1 -1 -8.2241 846.6511 178.5187 867.7358 210.3718 1.5626 0.4900 1.5043 12.4296 1.8543 36.4292 -7.8983 0.0590
Car -1 -1 -7.7410 736.1022 172.0890 757.8679 189.4273 1.6369 1.6307 4.1732 13.3638 1.5643 70.3529 -7.5543 0.0589
Car -1 -1 -7.5473 331.5371 167.3100 368.2183 187.0343 1.5187 1.6504 3.8921 -20.7181 1.0916 57.5330 -7.8916 0.0589
Pedestrian -1 -1 -2.7816 450.1324 162.6888 468.5785 206.8900 1.9862 0.6525 0.6316 -6.8854 1.5291 32.7936 -2.9873 0.0565
Car -1 -1 -2.3140 195.2408 170.7561 275.1229 197.1624 1.4378 1.6115 4.1699 -21.2088 1.3233 40.7603 -2.7913 0.0542
Car -1 -1 -4.5053 144.7258 162.9303 191.9128 190.8222 1.6174 1.6661 3.9596 -26.8906 1.0417 43.9859 -5.0515 0.0535
Car -1 -1 -4.2989 173.4994 170.2455 242.1852 200.8802 1.4769 1.5391 4.1012 -20.5042 1.3508 36.8972 -4.8032 0.0518
Car -1 -1 -8.3116 0.0000 0.0000 1241.0000 374.0000 1.5524 1.6317 3.8496 0.8328 1.6697 0.6935 -7.6186 0.0506
Pedestrian -1 -1 -5.2221 797.5316 185.7682 819.0494 224.7184 1.3524 0.4651 0.6775 7.0105 1.8189 25.6936 -4.9593 0.2152
Cyclist -1 -1 -7.5299 537.5217 176.5837 550.7055 201.3188 1.5860 0.4167 1.4643 -4.3423 1.8339 47.2554 -7.6214 0.1271
Pedestrian -1 -1 -3.5701 0.0000 173.3629 105.0467 374.0000 1.5850 0.4551 0.6701 -3.9514 1.5884 4.8607 -4.2265 0.1131
Pedestrian -1 -1 -8.0933 801.3265 170.0860 825.8283 223.7660 1.8131 0.6720 0.6387 6.9162 1.7193 24.6999 -7.8240 0.1105
Pedestrian -1 -1 -5.6479 702.4790 173.5853 717.8981 201.6417 1.7446 0.7148 0.6669 6.2671 1.7908 45.3807 -5.5120 0.1025
Cyclist -1 -1 -8.2403 755.7649 176.9915 775.1963 209.7388 1.6297 0.3789 1.6357 7.9138 1.8461 36.9576 -8.0315 0.1025
Pedestrian -1 -1 -6.8132 757.6095 175.9152 776.1767 210.4579 1.7255 0.5788 0.7239 7.8945 1.8816 36.4988 -6.6024 0.0968
Cyclist -1 -1 -7.8154 802.5009 175.8804 816.1471 223.7755 1.6766 0.4225 1.6919 7.2093 1.7900 26.2385 -7.5508 0.0897
Cyclist -1 -1 -7.4880 525.9573 176.4517 543.7883 206.2049 1.6523 0.5195 1.4667 -4.3015 1.8604 41.0323 -7.5923 0.0855
Cyclist -1 -1 -7.6629 810.0883 174.8002 830.9453 223.6604 1.6970 0.4145 1.6990 7.5432 1.7691 25.9799 -7.3840 0.0849
Pedestrian -1 -1 -7.6330 795.4610 179.7668 812.0216 219.2069 1.6442 0.5703 0.5648 8.1733 1.9407 30.5962 -7.3750 0.0691
Cyclist -1 -1 -4.9560 927.1564 168.1014 963.4002 233.1968 1.7176 0.5267 1.5753 9.1581 1.5919 19.8610 -4.5301 0.0672
Pedestrian -1 -1 -3.3460 708.8303 172.6335 722.2625 201.3706 1.8180 0.5978 0.7395 6.6875 1.8037 45.9675 -3.2030 0.0627
Cyclist -1 -1 -7.0964 711.4839 173.9129 739.1246 204.9409 1.7904 0.6311 1.6725 6.7519 1.8535 42.4468 -6.9402 0.0608
Cyclist -1 -1 -8.0245 709.4396 175.4718 720.1481 202.0866 1.6557 0.4054 1.5879 6.6183 1.8247 45.8444 -7.8825 0.0598
Pedestrian -1 -1 -5.0045 832.4426 166.3538 862.5797 228.5648 1.8831 0.6855 0.7688 7.2614 1.6861 22.2318 -4.6934 0.0563
Pedestrian -1 -1 -8.7923 788.9593 176.3393 802.5445 212.1252 1.7073 0.5077 0.4155 8.9202 1.8767 34.8086 -8.5440 0.0560
Pedestrian -1 -1 -6.3764 761.7444 171.5436 780.1998 210.8818 1.8605 0.6328 0.8031 7.6482 1.7982 34.4874 -6.1606 0.0552
Cyclist -1 -1 -4.6119 803.7448 176.1692 823.5303 226.3698 1.7144 0.5220 1.6499 7.1930 1.8358 25.6186 -4.3419 0.0546
Cyclist -1 -1 -4.6138 787.6501 176.6474 801.9160 213.4626 1.6541 0.4929 1.5844 8.5233 1.8339 33.4190 -4.3668 0.0527
Cyclist -1 -1 -4.6285 792.3409 175.0395 809.5632 218.6859 1.7671 0.5694 1.6208 7.9452 1.8607 30.1569 -4.3739 0.0523
Cyclist -1 -1 -4.3663 251.9340 169.2191 277.4440 205.9627 1.6778 0.5966 1.5111 -16.1690 1.5115 33.7276 -4.8105 0.0519
Cyclist -1 -1 -3.6791 782.7872 175.3552 831.8326 225.6603 1.7567 0.5717 1.6262 6.9912 1.8473 25.7425 -3.4176 0.0510
Car -1 -1 -2.9517 320.1953 176.6008 475.6394 231.8655 1.5133 1.6425 4.0789 -6.0833 1.6267 20.8956 -3.2321 0.8980
Car -1 -1 -5.8484 90.3445 178.1290 405.6387 278.8566 1.5329 1.6601 4.3744 -5.8524 1.6261 11.9292 -6.2962 0.8933
Car -1 -1 -2.5333 0.0000 175.7671 265.9240 303.1471 1.4963 1.5299 3.7074 -6.7016 1.5366 9.2829 -3.1452 0.8794
Car -1 -1 -5.6227 0.0000 163.9923 257.6461 370.6868 1.6485 1.7169 4.3254 -5.9204 1.5776 6.7060 -6.3265 0.8570
Car -1 -1 -5.7655 225.4724 184.2168 439.4431 260.1233 1.4069 1.5177 3.8344 -5.6549 1.6552 14.7367 -6.1265 0.8553
Car -1 -1 -5.9421 276.2839 177.3409 456.1314 241.2343 1.5414 1.6278 4.0286 -6.1664 1.6608 18.3839 -6.2619 0.7686
Car -1 -1 -3.0997 465.8993 176.6388 541.5703 208.2952 1.5509 1.6832 3.7168 -5.3880 1.7481 36.6251 -3.2452 0.7035
Car -1 -1 -7.8589 257.8309 171.9648 296.7208 203.8388 1.4632 1.6385 3.6787 -16.2415 1.4221 35.1366 -8.2893 0.2145
Car -1 -1 -4.8750 631.9207 176.4400 656.1196 193.7221 1.5309 1.5720 4.2360 3.1050 1.8746 67.0206 -4.8293 0.2013
Car -1 -1 -6.4386 717.5446 179.7128 786.5144 204.1344 1.4451 1.5989 3.9270 8.5946 1.8718 44.0523 -6.2477 0.1706
Car -1 -1 -6.2034 337.9793 174.2804 395.4901 196.3563 1.5341 1.6200 3.7751 -17.3589 1.6382 51.5433 -6.5269 0.1541
Car -1 -1 -3.2429 462.2557 177.0118 530.4692 203.3618 1.5373 1.6527 3.9432 -6.9489 1.7969 43.8079 -3.3996 0.1453
Car -1 -1 -4.3843 511.2692 175.8427 560.3916 204.3708 1.5784 1.6188 4.1997 -4.3534 1.7639 42.6164 -4.4860 0.1001
Car -1 -1 -2.2251 0.0000 162.2777 53.2333 374.0000 1.5897 1.6175 4.0843 -5.7647 1.5447 3.9143 -3.1673 0.0930
Car -1 -1 -4.7937 738.7473 181.9648 778.5754 214.5155 1.4117 1.5350 3.7884 6.9849 1.8702 34.3657 -4.5954 0.0869
Car -1 -1 -4.5056 228.6200 175.4783 288.8732 211.7263 1.4330 1.5647 3.7568 -14.9666 1.5522 30.8276 -4.9544 0.0864
Car -1 -1 -4.7659 217.6643 180.3710 288.2964 237.8569 1.3988 1.5661 3.7197 -10.0493 1.6287 20.0864 -5.2249 0.0788
Car -1 -1 -4.6698 527.7081 174.0266 553.9861 199.8103 1.6562 1.5943 3.9815 -4.6498 1.7381 48.5620 -4.7652 0.0609
Car -1 -1 -4.8884 653.0006 175.6702 691.9471 202.9646 1.5785 1.6652 4.1700 3.7489 1.7596 44.3265 -4.8051 0.0565
Car -1 -1 -8.1684 730.5663 176.7895 783.8155 208.2871 1.5935 1.6364 4.0631 7.8761 1.8182 39.1444 -7.9718 0.0525
