Car -1 -1 -4.8901 663.0416 157.1398 691.8986 178.9118 1.6936 1.6344 3.9551 5.3746 0.4709 58.1680 -4.7986 0.1213
Car -1 -1 -7.6753 246.1031 164.4562 276.0065 187.1255 1.9817 1.7211 4.1574 -31.5602 1.2473 65.3089 -8.1240 0.0851
Pedestrian -1 -1 -3.4879 998.7899 156.3790 1026.5909 216.9989 1.7904 0.6045 0.5527 12.0286 1.3035 21.6522 -2.9869 0.0661
Cyclist -1 -1 -4.6413 874.2310 150.0254 885.7105 179.5953 1.7804 0.5435 1.7507 16.5657 0.4056 44.3535 -4.2860 0.0563
Pedestrian -1 -1 -5.8621 1109.9464 143.1249 1155.9473 229.7410 1.8002 0.5402 0.6324 11.1086 1.1820 15.4058 -5.2467 0.0548
Car -1 -1 -4.4703 265.8591 183.5676 340.2651 227.6380 1.4967 1.6655 4.1769 -11.7420 1.9412 27.7621 -4.8674 0.0545
Car -1 -1 -7.4060 142.6580 167.7497 191.0530 193.8378 2.1934 1.7551 4.6570 -38.6784 1.7640 63.0699 -7.9544 0.0516
Cyclist -1 -1 -6.6496 739.5190 168.5789 775.3983 201.5356 1.7091 0.6831 1.7152 7.7012 1.4871 37.8978 -6.4511 0.5244
Pedestrian -1 -1 -4.9195 849.7943 146.7354 897.0375 241.1274 1.8548 0.6998 1.0262 5.3072 1.3413 14.7328 -4.5807 0.4462
Pedestrian -1 -1 -7.6195 812.9882 144.9592 858.8026 239.6244 1.9104 0.6931 1.1014 4.7191 1.3472 15.2118 -7.3248 0.3384
Pedestrian -1 -1 -8.3981 980.1512 156.4688 1009.7455 206.5655 1.7674 0.7143 0.6194 13.7047 1.1890 25.7858 -7.9146 0.1813
Pedestrian -1 -1 -8.1205 536.3750 167.4042 548.3245 197.8935 1.8965 0.5303 0.8961 -4.2931 1.5572 45.3932 -8.2146 0.1677
Cyclist -1 -1 -7.9702 1007.2791 143.3160 1019.1168 170.8391 1.6642 0.4350 1.7310 24.9031 -0.1274 44.6404 -7.4640 0.1657
Cyclist -1 -1 -8.3943 978.6620 138.9782 1002.6608 168.6318 1.7755 0.4894 1.7085 23.3300 -0.2647 44.3146 -7.9123 0.1493
Pedestrian -1 -1 -3.6444 577.1098 166.7285 588.4113 190.8855 1.9127 0.5666 0.7163 -2.2003 1.4274 57.5560 -3.6828 0.1381
Pedestrian -1 -1 -3.3836 715.8511 155.7428 763.6498 234.9339 1.8169 0.5331 0.9981 2.9716 1.4240 16.8557 -3.2128 0.1324
Cyclist -1 -1 -6.8068 981.4629 141.9840 1013.7701 170.3350 1.7169 0.5399 1.6956 23.6220 -0.1551 44.0474 -6.3171 0.1234
Pedestrian -1 -1 -5.2302 718.5815 155.2300 766.3944 255.7497 1.8545 0.5404 0.8598 2.4712 1.5290 13.8076 -5.0578 0.1138
Cyclist -1 -1 -8.2135 987.3886 140.5395 1006.3342 168.6492 1.6731 0.4581 1.6629 23.5749 -0.2620 44.0564 -7.7247 0.1102
Pedestrian -1 -1 -8.1187 903.5455 150.9373 948.6417 244.2915 1.7395 0.5783 0.8774 6.0289 1.3308 13.9183 -7.7182 0.1022
Pedestrian -1 -1 -3.3884 1043.2355 146.7748 1060.1042 204.9088 1.8990 0.5157 0.3575 14.5592 1.0468 23.8683 -2.8464 0.1021
Cyclist -1 -1 -5.0234 537.7137 172.5045 554.5269 199.7381 1.6807 0.5684 1.6694 -4.0622 1.6588 45.4075 -5.1125 0.1004
Cyclist -1 -1 -7.8192 878.1147 165.7102 897.1183 227.8610 1.6097 0.4357 1.6665 7.4773 1.4244 19.5410 -7.4593 0.0946
Cyclist -1 -1 -7.3862 18.1538 199.2134 108.0049 304.4070 1.5186 0.4689 1.6132 -8.8483 1.9751 11.6693 -8.0242 0.0936
Cyclist -1 -1 -8.2598 1006.5966 143.4789 1024.2855 170.5739 1.6540 0.3717 1.5567 25.2261 -0.1449 44.9723 -7.7512 0.0916
Pedestrian -1 -1 -8.4162 540.7286 171.5663 553.2242 200.5818 1.7723 0.6039 0.4798 -3.9173 1.6933 44.4459 -8.5040 0.0895
Pedestrian -1 -1 -6.0382 872.1745 149.2065 916.4673 236.1447 1.7932 0.6542 0.7457 6.0030 1.3051 15.3640 -5.6727 0.0851
Cyclist -1 -1 -6.7027 988.6550 140.3612 1021.6948 169.5353 1.7501 0.5992 1.6559 23.9066 -0.2031 43.7303 -6.2051 0.0834
Pedestrian -1 -1 -7.6040 717.8223 166.2292 731.0116 196.2610 1.8304 0.6726 0.6094 7.0053 1.4263 44.3897 -7.4489 0.0762
Pedestrian -1 -1 -6.1461 716.1098 169.8405 729.6284 202.8060 1.7180 0.5692 0.6324 5.9017 1.5607 37.9662 -5.9936 0.0760
Cyclist -1 -1 -6.2461 795.9598 142.0258 886.3568 240.2403 1.9880 0.5650 1.7779 4.7951 1.3637 15.1656 -5.9461 0.0738
Pedestrian -1 -1 -3.5299 997.4375 155.6956 1028.2777 216.6065 1.7987 0.6068 0.6212 12.0279 1.2917 21.6430 -3.0287 0.0722
Pedestrian -1 -1 -5.6907 685.7827 163.6866 703.9851 195.7586 1.9224 0.6383 0.8926 5.1145 1.3726 43.7812 -5.5756 0.0716
Pedestrian -1 -1 -2.8408 616.0110 166.0228 627.1616 191.3419 1.9075 0.5127 0.7266 0.8509 1.3926 54.7163 -2.8257 0.0709
Pedestrian -1 -1 -8.3010 716.3466 167.0671 730.8672 196.9022 1.7928 0.6928 0.5642 6.8477 1.4448 43.7273 -8.1471 0.0699
Pedestrian -1 -1 -3.9629 885.8901 154.9974 936.7083 242.2182 1.6964 0.6073 0.7290 5.9818 1.3488 14.4629 -3.5784 0.0697
Cyclist -1 -1 -3.6315 976.3749 140.5804 1007.2798 169.6434 1.7733 0.4972 1.6380 23.4208 -0.1987 44.3343 -3.1481 0.0689
Pedestrian -1 -1 -5.5196 743.2789 164.9848 760.0782 195.4975 1.8297 0.6638 0.7484 8.5567 1.3575 43.7648 -5.3281 0.0685
Pedestrian -1 -1 -4.4624 721.7256 164.1759 734.7559 195.5480 1.8984 0.6140 0.7816 7.2009 1.3730 44.1439 -4.3021 0.0667
Pedestrian -1 -1 -6.2705 682.4150 165.2940 694.5994 190.3350 1.8108 0.5898 0.8755 5.6867 1.2638 52.5229 -6.1636 0.0643
Pedestrian -1 -1 -7.4650 881.4411 152.5597 924.7701 239.5942 1.7299 0.6092 0.6971 5.9618 1.3263 14.8039 -7.0895 0.0623
Pedestrian -1 -1 -7.4301 743.3068 165.7451 757.3991 195.6931 1.8210 0.6262 0.6811 8.5893 1.3884 44.3318 -7.2404 0.0598
Cyclist -1 -1 -2.6840 186.4645 184.5222 230.0045 222.9501 1.7965 0.6723 1.6876 -19.1488 2.3575 34.3361 -3.1897 0.0597
Cyclist -1 -1 -6.1607 532.9746 170.1806 560.8613 200.2094 1.8448 0.6928 1.6495 -3.9369 1.6802 44.7017 -6.2485 0.0594
Cyclist -1 -1 -3.8023 1003.1460 143.6091 1033.6964 172.0168 1.7418 0.5850 1.6324 25.2501 -0.0526 44.6761 -3.2906 0.0590
Cyclist -1 -1 -7.8782 885.8669 163.1559 907.7924 229.1300 1.6662 0.4832 1.6758 7.5261 1.4210 19.0927 -7.5086 0.0585
Pedestrian -1 -1 -3.7634 755.8403 165.9449 772.3373 196.1645 1.8133 0.5852 0.7831 9.3002 1.3984 43.7212 -3.5556 0.0581
Pedestrian -1 -1 -8.2757 1004.6788 140.0205 1021.8619 170.0317 1.7912 0.6776 0.6952 24.2772 -0.1719 43.5088 -7.7694 0.0572
Pedestrian -1 -1 -6.2805 582.3876 165.3033 593.4875 191.9879 1.8686 0.5793 0.7771 -1.5848 1.3395 50.8262 -6.3119 0.0571
Pedestrian -1 -1 -8.2601 546.7335 169.7111 556.5085 194.6072 1.7709 0.5401 0.5096 -4.2123 1.5470 51.6755 -8.3413 0.0570
Pedestrian -1 -1 -7.5575 1003.8126 145.0907 1017.3707 172.8420 1.7144 0.6259 0.4827 24.9297 -0.0011 44.9664 -7.0539 0.0561
Cyclist -1 -1 -4.9801 997.6672 144.1649 1015.0659 172.0919 1.7036 0.5054 1.7266 24.6537 -0.0487 44.9619 -4.4812 0.0561
Pedestrian -1 -1 -3.9988 465.1128 168.8985 481.3528 200.5213 1.9094 0.6384 0.7512 -8.3834 1.6703 44.0517 -4.1861 0.0558
Pedestrian -1 -1 -5.8428 653.1560 168.7780 666.0678 192.6868 1.7482 0.5947 0.7702 3.6293 1.4499 53.2055 -5.7754 0.0552
Cyclist -1 -1 -7.2799 0.0000 189.5882 86.3588 302.9534 1.6128 0.4387 1.6867 -9.0799 1.8963 11.3779 -7.9422 0.0550
Cyclist -1 -1 -6.5338 530.5739 168.2571 557.2336 196.2308 1.8840 0.6671 1.6975 -4.5391 1.5741 49.1946 -6.6257 0.0547
Pedestrian -1 -1 -7.6016 571.1192 166.7103 581.6948 192.7038 1.8358 0.6143 0.6300 -2.4188 1.4016 51.3297 -7.6488 0.0545
Pedestrian -1 -1 -6.5272 542.5216 170.6794 556.8025 199.4235 1.7891 0.5877 0.7742 -3.8252 1.6534 45.3126 -6.6113 0.0541
Pedestrian -1 -1 -7.0836 464.4505 173.5529 478.7409 200.8148 1.7806 0.7355 0.5714 -9.1614 1.8268 47.5900 -7.2731 0.0541
Cyclist -1 -1 -4.8912 972.9185 158.7996 1002.9127 208.3705 1.7118 0.6576 1.6383 13.4460 1.2261 25.7954 -4.4157 0.0532
Pedestrian -1 -1 -3.9884 1078.4280 139.4707 1095.6802 171.6952 1.8190 0.6650 0.4858 27.1616 -0.0670 41.1423 -3.4081 0.0528
Pedestrian -1 -1 -6.3511 423.6916 168.5609 437.9825 194.6928 1.8753 0.5213 0.9699 -12.9872 1.5669 52.1771 -6.5941 0.0527
Pedestrian -1 -1 -8.1777 534.1886 173.7221 546.6600 201.1716 1.6742 0.6256 0.5361 -4.3179 1.7278 44.4052 -8.2745 0.0523
Cyclist -1 -1 -5.1747 1005.4696 141.5180 1026.2620 170.0047 1.6891 0.4233 1.6025 24.5650 -0.1763 43.7548 -4.6659 0.0516
Pedestrian -1 -1 -7.1250 606.0630 166.0636 617.7440 192.3515 1.8394 0.6361 0.5247 0.1030 1.3640 50.8959 -7.1234 0.0509
Pedestrian -1 -1 -8.4135 531.3096 172.1737 543.8925 197.8096 1.7242 0.6941 0.4915 -4.9422 1.6781 48.9343 -8.5140 0.0503
Car -1 -1 -4.2411 65.1732 195.6028 305.0011 324.2477 1.4466 1.5051 3.5609 -5.9723 1.8360 10.5562 -4.7457 0.9625
Car -1 -1 -8.1111 756.4836 180.7950 939.9417 301.5932 1.3920 1.5221 3.6678 3.1461 1.5267 10.4124 -7.8265 0.9516
Car -1 -1 -8.4854 836.4514 176.3138 1241.0000 374.0000 1.5163 1.5901 3.7095 2.9585 1.5479 4.7303 -7.9551 0.9136
Car -1 -1 -4.0208 0.0000 197.7454 101.4583 374.0000 1.5084 1.5325 3.8839 -5.8232 1.7633 5.3840 -4.8207 0.6777
Car -1 -1 -2.7336 295.9810 174.0562 404.9415 214.9911 1.9147 1.7839 4.6254 -12.5209 1.9742 34.8505 -3.0765 0.6497
Car -1 -1 -6.5776 785.4397 168.6332 884.4338 200.6821 1.5295 1.6969 4.3125 10.9021 1.3278 35.2893 -6.2806 0.5625
Car -1 -1 -5.1305 760.6315 174.5834 865.0539 224.9622 1.3761 1.5132 4.0371 5.9906 1.4335 21.9657 -4.8682 0.3750
Car -1 -1 -5.3210 360.1043 180.5624 419.2223 206.1805 1.4667 1.5511 3.8288 -13.5499 1.9575 44.1800 -5.6172 0.3493
Car -1 -1 -5.9137 87.0452 188.2577 228.2108 233.2719 1.5294 1.6504 4.0744 -16.5514 2.1204 26.5111 -6.4675 0.2905
Car -1 -1 -5.1147 262.9474 184.7048 312.3698 210.2593 1.4423 1.5429 3.4152 -19.7372 2.1940 44.0555 -5.5339 0.2673
Car -1 -1 -2.6943 141.8555 190.2985 238.4667 222.4522 1.4678 1.5372 3.7356 -20.2482 2.3316 34.8329 -3.2178 0.1445
Car -1 -1 -2.6508 176.8020 184.1153 265.3874 212.0226 1.4607 1.6319 3.9390 -21.1398 2.0856 39.2429 -3.1423 0.1328
Car -1 -1 -4.9991 968.1168 141.4243 1016.2734 167.2126 1.5164 1.6664 3.7412 23.8938 -0.3701 45.2996 -4.5162 0.1319
Car -1 -1 -3.4930 45.1924 199.8039 322.5143 298.0633 1.3353 1.5287 4.0015 -7.4951 1.8936 12.9346 -4.0097 0.1127
Car -1 -1 -4.9752 667.9498 164.1575 702.8141 186.7755 1.6379 1.6205 3.9943 5.6049 1.0078 54.3520 -4.8732 0.1029
Car -1 -1 -7.8570 493.6811 173.1918 520.5852 198.1709 1.6023 1.7153 3.9714 -6.9425 1.6256 48.4278 -7.9990 0.0965
Car -1 -1 -6.3774 696.0624 171.3765 774.8312 200.9827 1.5455 1.6337 4.0127 6.6248 1.4681 38.6285 -6.2092 0.0931
Car -1 -1 -4.8072 290.5046 183.3510 329.0317 212.2075 1.4648 1.6202 3.9473 -16.8400 2.0816 40.2933 -5.2011 0.0927
Car -1 -1 -8.0537 1068.4073 137.6582 1117.5402 166.3126 1.5561 1.6643 3.7101 28.1043 -0.4008 42.1441 -7.4685 0.0805
Car -1 -1 -4.0331 1034.7844 156.7145 1154.4969 201.2069 1.5620 1.6225 3.8629 17.8640 0.9951 26.6878 -3.4485 0.0724
Car -1 -1 -7.2285 131.8080 188.0336 292.1170 254.6861 1.4785 1.6337 4.0318 -10.3615 1.9238 19.0716 -7.7207 0.0699
Car -1 -1 -4.9599 1001.7612 140.6422 1050.2656 167.0841 1.5199 1.6770 3.8668 25.5371 -0.3726 44.4742 -4.4413 0.0671
Car -1 -1 -4.7751 462.2448 178.7744 489.5690 202.1522 1.4759 1.5730 3.7339 -9.0894 1.8905 48.5692 -4.9595 0.0663
Car -1 -1 -5.1578 202.9202 181.2758 259.8004 207.3532 1.4669 1.5898 3.7198 -22.8661 1.9944 43.4698 -5.6398 0.0593
Car -1 -1 -8.0288 645.6179 169.2004 675.3666 190.7837 1.5704 1.6120 3.6929 3.7432 1.3042 54.4199 -7.9608 0.0592
Car -1 -1 -3.0800 635.3715 160.8329 690.6782 183.9707 1.8012 1.7282 4.2846 4.2064 0.8651 57.3120 -3.0073 0.0529
Car -1 -1 -4.2650 451.8875 173.8249 497.3040 196.4124 1.5618 1.6288 4.0758 -9.7815 1.6347 52.2566 -4.4494 0.0500
