Pedestrian -1 -1 -7.9841 985.4061 172.1921 1008.0492 220.5003 2.0067 0.7499 0.7273 16.2663 1.9789 30.4441 -7.4980 0.4579
Pedestrian -1 -1 -8.4368 1203.2292 181.2416 1241.0000 257.9759 1.7742 0.6189 0.7312 14.6576 1.9781 17.1688 -7.7393 0.1811
Cyclist -1 -1 -7.3642 1181.2357 160.5884 1228.5253 215.4946 1.9884 0.6266 1.7180 22.0115 1.5439 26.7519 -6.6815 0.1809
Pedestrian -1 -1 -7.8620 1062.7639 172.2763 1085.3925 226.6978 1.8384 0.6443 0.6326 15.9056 1.8186 24.8134 -7.2980 0.1071
Pedestrian -1 -1 -6.9571 1077.5215 166.1105 1094.1290 192.6493 1.8371 0.5478 0.7984 33.1085 1.3700 50.2572 -6.3775 0.1015
Pedestrian -1 -1 -7.8187 1143.8679 168.8564 1164.8809 212.8834 1.9402 0.7343 0.5154 24.2722 1.7638 32.2282 -7.1780 0.0969
Pedestrian -1 -1 -3.2251 1027.2537 168.8285 1071.3527 244.4275 2.0020 0.5333 0.9753 11.8455 1.8951 19.5610 -2.6879 0.0946
Pedestrian -1 -1 -5.8048 1174.5284 174.6336 1241.0000 314.2093 1.8613 0.6055 0.5240 8.2372 1.8865 9.9937 -5.1308 0.0926
Pedestrian -1 -1 -7.4068 1123.7156 173.2170 1140.9968 212.3383 1.7540 0.5287 0.3646 23.6109 1.7703 32.6747 -6.7858 0.0864
Cyclist -1 -1 -8.1586 653.4994 163.7803 667.7685 191.5670 1.6844 0.3918 1.6759 3.0873 1.1341 44.5998 -8.0902 0.0850
Pedestrian -1 -1 -4.4347 1090.0643 160.4146 1117.2034 219.0763 2.0285 0.6469 0.6170 17.3275 1.5981 25.3969 -3.8418 0.0810
Pedestrian -1 -1 -4.8002 1109.4437 164.5045 1137.6949 229.9425 2.0785 0.6800 0.7211 16.5982 1.8130 23.4002 -4.1898 0.0748
Pedestrian -1 -1 -5.8893 387.1263 170.8525 442.8008 281.0301 1.8077 0.5152 0.7655 -3.3294 1.7746 12.1440 -6.1523 0.0666
Car -1 -1 -8.0459 923.0103 158.5476 962.9543 194.0888 2.6430 1.9171 4.8533 25.8554 1.5788 56.2412 -7.6173 0.0624
Pedestrian -1 -1 -5.4555 0.0000 162.6222 86.2461 374.0000 1.7387 0.4903 0.7821 -4.8886 1.6592 5.8882 -6.1266 0.0605
Pedestrian -1 -1 -4.6955 1077.9932 181.1074 1117.0072 282.4592 1.7414 0.5654 0.6114 8.6417 1.8931 12.8760 -4.1158 0.0602
Car -1 -1 -5.1726 638.1459 160.3581 680.0637 183.7620 1.8420 1.7134 4.2358 3.9469 0.8582 59.0724 -5.1065 0.0580
Pedestrian -1 -1 -5.8440 717.3335 165.6470 734.2153 197.4259 1.9578 0.6199 0.8565 7.1776 1.5135 44.9477 -5.6871 0.0559
Pedestrian -1 -1 -7.9757 1138.4178 174.7305 1160.0684 221.2558 1.8836 0.6656 0.3942 22.0536 1.9611 29.5747 -7.3403 0.0555
Pedestrian -1 -1 -7.1309 1024.1342 169.5800 1037.6953 195.6416 1.8209 0.5236 0.6527 29.5821 1.5919 50.7659 -6.6061 0.0551
Pedestrian -1 -1 -5.2498 31.9392 164.1372 154.0908 372.6371 1.7563 0.5480 0.8401 -4.7097 1.6826 6.5009 -5.8578 0.0540
Pedestrian -1 -1 -5.1841 573.2302 176.6534 599.4625 236.4806 1.8598 0.5981 0.6579 -0.8021 1.9825 22.9179 -5.2195 0.0531
Car -1 -1 -6.4994 0.0000 0.0000 1241.0000 374.0000 1.5281 1.5956 3.8065 -5.2489 1.7063 1.9891 -7.6618 0.0530
Car -1 -1 -4.7922 1130.6041 163.0732 1165.4694 186.9875 1.6238 1.6480 4.0223 38.0474 0.9594 51.1347 -4.1554 0.0519
Car -1 -1 -4.9650 1023.7855 184.6574 1096.6416 224.5595 1.4954 1.6494 3.9059 18.8168 2.0269 30.3973 -4.4156 0.0518
Pedestrian -1 -1 -6.7693 824.3267 167.8579 838.5259 194.8264 1.9338 0.6134 0.7839 15.9599 1.5752 52.1129 -6.4740 0.0507
Pedestrian -1 -1 -5.1885 954.9245 177.7423 995.7652 239.4955 1.7905 0.7355 0.9286 10.8066 1.9388 21.4649 -4.7283 0.5838
Pedestrian -1 -1 -4.2553 1137.6962 182.4930 1187.4456 266.6352 1.6979 0.5807 0.6994 11.4869 1.9045 15.0731 -3.6143 0.2600
Pedestrian -1 -1 -8.4512 970.9643 177.7928 998.1882 227.2765 1.8304 0.7016 0.5798 14.0117 2.0178 27.0871 -7.9789 0.2470
Cyclist -1 -1 -8.0581 1026.7955 180.4179 1053.1808 230.9570 1.6479 0.4241 1.7087 14.6369 1.9154 24.6672 -7.5285 0.1692
Cyclist -1 -1 -8.6184 986.6567 192.4082 1057.0466 260.2846 1.5225 0.5309 1.5732 9.8976 2.0186 17.4894 -8.1116 0.1340
Pedestrian -1 -1 -7.7646 920.7298 179.8282 940.0467 227.3438 1.7612 0.5987 0.9008 12.1430 2.0314 27.4416 -7.3527 0.1129
Pedestrian -1 -1 -6.1314 962.2739 180.1811 996.1385 238.7945 1.7158 0.6998 0.8180 11.0938 1.9419 21.7738 -5.6664 0.1021
Pedestrian -1 -1 -5.8705 1156.8712 184.5287 1221.0706 277.4148 1.7162 0.5748 0.8078 11.1277 1.9495 13.9467 -5.2081 0.0830
Cyclist -1 -1 -4.0450 1115.2455 183.8157 1214.6488 270.7809 1.7148 0.6151 1.8711 11.4036 1.9490 14.9009 -3.4021 0.0732
Cyclist -1 -1 -7.0661 1050.6427 176.1292 1091.7180 216.9906 1.8701 0.6291 1.6522 21.4230 2.0245 33.5880 -6.5028 0.0697
Pedestrian -1 -1 -4.8130 914.0709 180.0073 933.5861 226.4325 1.7944 0.6219 0.8338 12.3581 2.0819 28.5312 -4.4087 0.0672
Cyclist -1 -1 -6.9108 1040.3248 178.4042 1082.3090 216.1642 1.7598 0.5702 1.6664 21.2663 2.0243 34.0757 -6.3573 0.0667
Pedestrian -1 -1 -5.5866 1116.4452 201.1162 1158.5149 268.5006 1.3318 0.4388 0.5436 10.7941 1.9255 14.8461 -4.9682 0.0608
Cyclist -1 -1 -8.1590 1050.1343 179.8199 1076.6464 217.4919 1.7143 0.5358 1.8003 21.3816 2.0525 34.1205 -7.6037 0.0604
Pedestrian -1 -1 -5.7057 1038.2389 175.0082 1069.9250 236.2349 1.9010 0.6019 0.6290 14.0094 1.9702 22.8460 -5.1621 0.0548
Cyclist -1 -1 -4.8535 953.4655 179.4776 980.9645 237.9284 1.7421 0.5352 1.6130 11.0984 1.9566 22.5480 -4.4020 0.0513
Car -1 -1 -7.9657 816.6782 186.9092 878.0936 233.2991 1.4722 1.6495 4.1106 8.5450 2.0284 26.3943 -7.6566 0.9597
Car -1 -1 -8.2938 1003.5376 192.0068 1241.0000 374.0000 1.5470 1.6617 3.9636 3.5823 1.7090 3.9890 -7.5993 0.8133
Car -1 -1 -3.2813 1031.8486 183.7379 1127.0107 217.3546 1.4775 1.5337 3.5811 22.0421 2.0132 34.0897 -2.7118 0.2624
Car -1 -1 -4.9116 980.8756 188.2252 1084.9064 254.8275 1.4513 1.5595 3.7428 10.7497 1.8919 18.6763 -4.3969 0.0726
Car -1 -1 -4.8613 1021.0573 184.1682 1081.5746 223.6850 1.5247 1.6530 3.7726 18.8786 2.0440 31.0777 -4.3202 0.0526
