Car -1 -1 -7.1869 866.9592 182.6529 1039.6222 258.5257 1.4444 1.5618 3.4985 7.3853 1.6763 15.6092 -6.7531 0.9632
Pedestrian -1 -1 -3.7879 996.0898 168.0969 1033.9873 244.2617 1.8356 0.6849 0.4989 9.9125 1.7206 17.7638 -3.2866 0.2096
Pedestrian -1 -1 -4.2895 1014.9854 165.4290 1062.8643 257.6552 1.7994 0.5698 0.7679 8.5859 1.6542 14.5332 -3.7654 0.1816
Pedestrian -1 -1 -4.5675 185.1937 186.8399 216.7919 262.5715 1.7910 0.5632 0.7958 -10.0805 2.1432 17.7109 -5.0789 0.1421
Car -1 -1 -8.0218 675.0588 158.7885 768.6856 231.3363 1.9687 1.9586 5.0894 3.2222 1.5867 22.1498 -7.8800 0.1292
Pedestrian -1 -1 -4.7355 342.6071 179.8879 369.1176 253.7150 1.8224 0.6195 0.8049 -6.5330 2.0061 18.3897 -5.0729 0.1047
Car -1 -1 -4.7102 548.9926 161.0500 581.9630 191.7647 1.5334 1.6452 4.1606 -2.3899 0.9438 38.1470 -4.7726 0.0945
Pedestrian -1 -1 -7.9828 966.5842 164.8882 997.5226 239.2107 1.8545 0.6255 0.5843 9.4199 1.6554 18.3829 -7.5164 0.0892
Pedestrian -1 -1 -4.0470 1134.0977 153.4570 1196.4509 265.7471 1.9405 0.5766 0.6938 9.8174 1.6050 12.8382 -3.4058 0.0883
Pedestrian -1 -1 -3.6007 1185.4197 151.2750 1241.0000 271.2128 1.9298 0.5115 0.8754 10.1283 1.5823 11.9587 -2.9106 0.0765
Car -1 -1 -3.6447 607.5972 157.2091 672.4478 180.9515 1.5007 1.5909 3.9636 1.9384 0.5115 47.2019 -3.6041 0.0640
Pedestrian -1 -1 -8.3082 419.2668 174.3457 448.4663 236.4145 1.8188 0.6208 0.6655 -5.3275 1.8641 21.6188 -8.5476 0.0543
Pedestrian -1 -1 -6.2888 765.1559 169.1258 773.6613 213.5176 1.6852 0.5380 0.3129 6.0698 1.5434 27.6865 -6.0758 0.0518
Cyclist -1 -1 -8.1006 783.3178 161.2383 810.8606 216.4813 1.8122 0.4934 1.7115 6.2956 1.4308 24.5250 -7.8527 0.0506
Pedestrian -1 -1 -5.7017 761.7045 152.6828 773.3511 184.4032 1.7679 0.5718 0.3904 8.8168 0.6434 40.5533 -5.4893 0.1435
Cyclist -1 -1 -7.4794 763.9670 154.8888 787.0424 191.4877 1.7775 0.4981 1.8080 8.2113 0.9047 35.9310 -7.2568 0.1358
Cyclist -1 -1 -4.3173 0.0000 144.1293 23.4467 180.1567 1.7134 0.5198 1.6839 -29.3698 0.3470 35.1952 -5.0091 0.1151
Cyclist -1 -1 -6.8569 759.8765 149.8317 792.0911 181.9840 1.7811 0.6346 1.6922 9.2926 0.5055 40.5585 -6.6333 0.1126
Pedestrian -1 -1 -8.8395 766.9421 151.8280 779.5796 184.1139 1.8097 0.5872 0.4480 9.1966 0.6308 40.8078 -8.6196 0.1030
Cyclist -1 -1 -8.2107 779.5804 152.7165 803.9245 193.9290 1.7507 0.4581 1.7045 7.8839 0.8950 31.5234 -7.9681 0.0931
Cyclist -1 -1 -2.5273 0.0000 144.6294 29.1803 181.8798 1.7780 0.6295 1.7783 -29.2443 0.4305 34.8242 -3.2222 0.0919
Pedestrian -1 -1 -2.6867 758.7762 151.1121 768.6130 184.6280 1.8663 0.5365 0.3397 8.5891 0.6553 40.4949 -2.4793 0.0875
Pedestrian -1 -1 -7.5124 604.8575 157.4830 618.9029 188.6106 1.7055 0.6117 0.6010 0.0680 0.8630 39.9183 -7.5110 0.0849
Pedestrian -1 -1 -7.0283 767.3485 161.1339 783.6895 198.9986 1.7318 0.6299 0.4202 7.6130 1.1954 33.3775 -6.8063 0.0844
Pedestrian -1 -1 -8.6032 782.0580 151.3690 802.9232 194.7087 1.8468 0.6468 0.5872 7.8362 0.9310 31.1592 -8.3594 0.0792
Cyclist -1 -1 -7.6426 761.6827 153.4852 775.0901 183.5540 1.6573 0.4185 1.5796 8.8751 0.5894 40.5744 -7.4289 0.0789
Cyclist -1 -1 -4.1725 0.0000 142.8556 33.5120 179.1539 1.7274 0.5227 1.8129 -29.0953 0.2995 35.2725 -4.8586 0.0739
Pedestrian -1 -1 -3.4541 772.4302 150.8513 789.8814 192.7707 1.9075 0.6804 0.5990 7.8290 0.9060 33.1971 -3.2247 0.0674
Cyclist -1 -1 -4.2181 565.2838 152.0812 584.0270 177.2367 1.6880 0.5470 1.6837 -2.4385 0.2938 49.2957 -4.2674 0.0602
Cyclist -1 -1 -7.0157 755.4726 151.3459 787.2516 182.7355 1.7576 0.6551 1.7910 9.1642 0.5530 41.1282 -6.7981 0.0598
Cyclist -1 -1 -5.4980 0.0000 146.1270 34.6213 180.9533 1.6861 0.6309 1.6024 -29.2258 0.3918 35.3248 -6.1856 0.0577
Cyclist -1 -1 -7.3889 0.0000 143.2207 14.0729 180.0652 1.7335 0.5402 1.7685 -29.6581 0.3390 34.8702 -8.0900 0.0552
Pedestrian -1 -1 -6.0234 563.7872 153.5332 578.2827 182.1837 1.7885 0.6606 0.7682 -2.4860 0.5821 45.4428 -6.0779 0.0537
Cyclist -1 -1 -7.6732 566.1570 154.5417 578.3259 180.8870 1.6484 0.4954 1.6057 -2.4335 0.5023 45.9741 -7.7260 0.0515
Cyclist -1 -1 -3.2432 549.0140 154.1575 580.1719 184.2077 1.7357 0.6198 1.7612 -2.6909 0.6555 42.1258 -3.3068 0.0514
Pedestrian -1 -1 -6.7371 590.5192 156.0525 605.4401 188.3784 1.7712 0.6541 0.5996 -0.7051 0.8503 39.9620 -6.7549 0.0503
Car -1 -1 -7.8554 580.4775 154.5882 610.0065 184.5419 1.6545 1.6315 3.7101 -0.8957 0.6453 41.7274 -7.8770 0.6588
Car -1 -1 -4.3528 0.0000 145.9264 43.4934 178.8209 1.5475 1.6746 3.8166 -30.1184 0.2804 36.0211 -5.0456 0.2284
Car -1 -1 -7.9607 550.4843 157.2165 583.2805 183.2451 1.5000 1.5940 3.5750 -2.6707 0.5985 43.4772 -8.0219 0.1848
Car -1 -1 -4.5603 667.3069 154.3059 698.3124 177.0157 1.5832 1.6599 3.9967 5.2990 0.2898 52.4432 -4.4603 0.1604
Car -1 -1 -4.5309 563.8633 152.6219 599.6953 178.0831 1.5931 1.6344 4.0994 -1.8355 0.3269 47.2915 -4.5696 0.1566
Car -1 -1 -3.6574 607.3830 154.5307 668.6602 177.4856 1.5552 1.6382 4.0015 1.9393 0.3135 50.5321 -3.6194 0.1009
Car -1 -1 -7.8204 564.4966 151.3136 588.8408 172.2195 1.4733 1.6543 3.9762 -2.4429 -0.0486 52.9668 -7.8664 0.0880
Car -1 -1 -7.5721 743.7030 153.1947 789.6733 181.8942 1.5894 1.6474 3.7325 9.1226 0.5004 41.9934 -7.3597 0.0787
Car -1 -1 -4.2810 22.0129 140.1626 101.5228 174.5626 1.6481 1.6469 4.1036 -27.8411 0.0816 36.7480 -4.9259 0.0658
Car -1 -1 -8.1949 773.3374 150.5335 840.6572 193.0801 1.7591 1.6832 3.7456 8.5465 0.8360 31.7669 -7.9346 0.0581
Car -1 -1 -7.4445 669.8086 154.3870 713.5292 177.7685 1.5231 1.5300 3.9049 5.5621 0.3198 49.0744 -7.3324 0.0572
Car -1 -1 -4.5664 538.0179 152.1351 572.5687 177.5500 1.6007 1.6781 4.2122 -3.5936 0.2955 47.6053 -4.6414 0.0563
