Pedestrian -1 -1 -2.5080 309.7390 173.2563 350.9506 258.5396 1.8271 0.5418 0.6467 -6.1743 1.8358 15.8078 -2.8753 0.2275
Pedestrian -1 -1 -4.3924 709.7255 167.3776 727.6589 210.5252 2.0115 0.6001 0.8649 5.1074 1.7559 34.1580 -4.2458 0.1038
Pedestrian -1 -1 -4.4855 363.9185 178.4293 393.9047 254.9578 1.7979 0.5401 0.7176 -5.6120 1.9349 17.3862 -4.7939 0.0738
Pedestrian -1 -1 -5.4194 435.2910 175.9936 460.9672 229.5800 1.7780 0.5895 0.6149 -5.5224 1.8857 24.4095 -5.6401 0.0696
Car -1 -1 -7.7121 526.5527 170.6452 550.9934 190.4520 1.7023 1.6493 3.6965 -6.2999 1.5121 63.8945 -7.8103 0.0601
Pedestrian -1 -1 -3.3457 715.3846 168.2592 736.9513 213.1981 1.9303 0.5822 0.8210 4.9928 1.7327 31.3038 -3.1896 0.0553
Pedestrian -1 -1 -2.8944 271.1599 170.1383 304.6782 247.6536 1.9295 0.5371 0.6635 -8.2040 1.8616 18.2814 -3.3113 0.0536
Pedestrian -1 -1 -3.1553 66.0654 171.6621 145.7621 314.9739 1.7775 0.5604 0.8323 -6.6242 1.7624 9.4178 -3.7554 0.1187
Pedestrian -1 -1 -4.9433 127.4676 175.3210 191.9304 316.3379 1.7413 0.5449 0.8206 -5.9333 1.7748 9.4096 -5.4936 0.1062
Pedestrian -1 -1 -5.7561 635.3798 176.1189 647.4003 198.8320 1.6916 0.6995 0.6398 2.3360 1.9393 54.3380 -5.7138 0.0809
Pedestrian -1 -1 -4.5618 151.3830 166.0204 212.8623 312.5200 1.8087 0.5638 0.8353 -5.6100 1.7241 9.4004 -5.0879 0.0676
Pedestrian -1 -1 -2.6290 88.1240 174.6680 173.9806 312.5896 1.7393 0.5296 0.7702 -6.2757 1.7633 9.3953 -3.2052 0.0543
Car -1 -1 -7.9910 666.3543 181.3577 737.7137 233.9347 1.4458 1.6403 4.0206 2.7258 1.7349 22.5225 -7.8729 0.9517
Car -1 -1 -4.5703 441.4744 188.2133 530.7849 259.3771 1.4078 1.5452 3.6662 -2.8426 1.8072 16.9229 -4.7351 0.9318
Car -1 -1 -7.8167 533.6530 181.2412 568.3332 214.4822 1.4951 1.5556 3.5730 -2.8748 1.9250 35.1899 -7.8982 0.8321
Car -1 -1 -8.0254 643.0756 180.9314 691.9283 216.2988 1.4817 1.6019 3.7186 2.5307 1.8728 33.0362 -7.9503 0.7472
Car -1 -1 -7.9992 641.9822 176.7367 683.7490 211.7347 1.7108 1.6507 3.5923 2.6609 1.9225 37.5362 -7.9296 0.5227
Car -1 -1 -7.8209 631.7877 176.9237 653.2280 196.6746 1.4611 1.5493 3.5212 2.5174 1.7865 55.9387 -7.7766 0.5088
Car -1 -1 -4.8381 547.4605 177.6358 580.7638 205.2440 1.6538 1.6210 4.0394 -3.0080 1.9732 46.0994 -4.9033 0.4816
Car -1 -1 -7.7218 472.4871 183.3269 541.7377 236.1010 1.4474 1.6242 4.0065 -3.1739 1.8042 22.5949 -7.8605 0.4230
Car -1 -1 -7.9475 659.4279 180.7479 712.3101 223.5357 1.4945 1.6422 4.0582 2.8231 1.8226 27.9858 -7.8488 0.2287
Car -1 -1 -4.6415 621.9644 175.3131 641.3215 191.5463 1.4978 1.5867 3.9157 2.0813 1.7403 69.2148 -4.6120 0.1528
Car -1 -1 -2.7420 344.1637 185.5789 458.5014 221.6255 1.4214 1.6263 4.3160 -8.7538 1.9737 30.2688 -3.0217 0.1351
Car -1 -1 -7.9240 285.7075 184.5248 335.7671 224.5018 1.4177 1.5823 3.9174 -12.0892 1.9193 28.9235 -8.3170 0.1131
Car -1 -1 -7.9256 239.6395 181.5752 294.5768 225.3488 1.5031 1.6317 3.8972 -13.2627 1.8630 27.7093 -8.3686 0.0671
