Pedestrian -1 -1 -3.9946 342.4614 149.8402 436.4536 314.6112 1.9155 0.6057 1.0039 -2.7768 1.6476 8.9701 -4.2876 0.2760
Pedestrian -1 -1 -4.2907 968.5763 151.7158 999.9371 211.7232 1.9973 0.6642 0.8406 12.6806 1.2934 24.5381 -3.8190 0.1249
Pedestrian -1 -1 -3.3859 294.7433 149.4668 387.7583 345.0490 1.7442 0.4573 0.7377 -2.6011 1.5353 6.8309 -3.7380 0.1133
Pedestrian -1 -1 -4.4847 82.2863 170.9811 96.2945 202.0953 1.8683 0.5332 0.7478 -31.6217 1.7556 43.7746 -5.1075 0.1129
Pedestrian -1 -1 -5.2344 139.1626 173.9961 173.8947 231.7710 1.7721 0.7039 0.6260 -14.2530 1.8083 22.6079 -5.7919 0.1076
Car -1 -1 -4.6769 855.9877 174.5318 896.0473 210.1987 1.4567 1.5317 3.9957 11.7285 1.5354 31.8101 -4.3271 0.0909
Cyclist -1 -1 -7.7325 154.2051 176.9581 176.6944 229.9448 1.7008 0.4438 1.6044 -14.8889 1.8423 24.1096 -8.2810 0.0889
Cyclist -1 -1 -5.3791 892.9390 169.1769 919.2147 198.0234 1.6828 0.5815 1.5937 17.5714 1.4680 42.9393 -4.9934 0.0824
Pedestrian -1 -1 -3.2513 970.1840 165.6973 979.9544 202.4698 1.8800 0.5995 0.3838 18.7982 1.5138 37.2361 -2.7873 0.0790
Pedestrian -1 -1 -5.9928 190.3296 170.1906 211.3707 216.9857 1.9834 0.6363 0.6289 -17.5948 1.8702 30.9620 -6.5061 0.0742
Pedestrian -1 -1 -6.9437 105.7305 171.0181 125.9506 204.1038 1.8416 0.5723 0.7445 -27.8419 1.7391 40.6037 -7.5419 0.0709
Car -1 -1 -5.7260 236.6380 172.1133 291.0754 190.9454 1.7190 1.6054 4.3641 -32.0959 1.6511 66.9033 -6.1719 0.0700
Pedestrian -1 -1 -4.0970 1014.9019 155.4156 1033.5831 196.2942 1.9714 0.5896 0.5348 20.1531 1.1301 35.1775 -3.5806 0.0681
Car -1 -1 -5.0619 746.6901 180.0842 830.5924 221.3995 1.3992 1.6675 4.3955 6.6451 1.6974 27.5130 -4.8280 0.0680
Car -1 -1 -8.4303 691.4308 167.3606 732.7048 188.3842 1.9140 1.7011 4.4435 9.5601 1.4136 68.0615 -8.2916 0.0647
Car -1 -1 -4.8475 782.4493 175.7369 814.4750 198.5190 1.4382 1.5606 3.7097 12.4547 1.6373 47.9735 -4.5954 0.0584
Cyclist -1 -1 -3.0679 875.9951 165.7629 930.9044 217.1576 1.7429 0.6646 1.7317 10.1771 1.5021 25.1464 -2.6879 0.0575
Pedestrian -1 -1 -6.5612 377.2721 174.7674 387.3932 196.7289 1.7680 0.5328 0.6628 -18.5054 1.9241 58.5638 -6.8662 0.0567
Cyclist -1 -1 -4.7767 944.4958 162.1431 962.5563 206.1353 1.8278 0.5804 1.6883 14.6431 1.3825 30.8707 -4.3378 0.0551
Pedestrian -1 -1 -8.6915 863.7582 169.8081 877.7993 197.0875 1.7594 0.5899 0.6250 16.9344 1.5627 46.9513 -8.3477 0.0546
Car -1 -1 -6.6459 0.0000 183.0163 102.3580 216.4880 1.4068 1.5296 3.5295 -25.8813 1.9035 33.3855 -7.3016 0.0534
Pedestrian -1 -1 -2.9509 314.3125 171.5026 333.4167 210.5034 1.8599 0.5759 0.7600 -13.8220 1.7952 34.7631 -3.3270 0.0520
Car -1 -1 -8.0154 340.7345 164.8238 368.9160 189.7964 2.2821 1.7852 4.7124 -24.2537 1.5480 68.4322 -8.3550 0.0517
Car -1 -1 -3.1385 1059.0254 170.7126 1148.4095 200.2362 1.4859 1.6099 3.8215 25.9308 1.3778 38.0549 -2.5442 0.0516
Car -1 -1 -9.5917 1241.0000 176.2722 1241.0000 374.0000 1.5337 1.5734 3.6568 6.3216 1.5536 2.2796 -8.4079 0.0507
Pedestrian -1 -1 -8.5507 903.8210 170.4251 932.3153 219.6638 1.6654 0.6826 0.5865 10.5317 1.5829 24.7850 -8.1537 0.1238
Pedestrian -1 -1 -2.7493 734.8992 168.0741 753.4764 211.2236 1.8205 0.6667 0.5717 5.7006 1.6185 30.8768 -2.5690 0.0740
Cyclist -1 -1 -8.3831 1105.7593 167.7348 1168.8046 245.9505 1.6289 0.3712 1.5446 11.4683 1.5220 15.8122 -7.7649 0.0661
Pedestrian -1 -1 -7.8362 909.3629 172.3693 931.1126 221.8946 1.6914 0.6861 0.4787 10.7029 1.6745 24.9997 -7.4365 0.0560
Pedestrian -1 -1 -7.6477 175.0611 174.0445 188.5730 203.2828 1.8110 0.6259 0.5519 -26.7842 1.8856 45.0818 -8.1814 0.0549
Car -1 -1 -8.0408 671.5930 177.2138 739.9908 224.5370 1.4711 1.5876 4.0170 3.1611 1.6334 24.8624 -7.9165 0.9820
Car -1 -1 -8.2930 816.2869 166.6916 1163.8352 365.3833 1.6164 1.6063 4.0299 3.6252 1.5659 7.9034 -7.8780 0.9631
Car -1 -1 -7.9520 635.4343 178.6178 671.2714 206.0868 1.3798 1.5743 3.5091 2.2487 1.7035 38.7771 -7.8951 0.9151
Car -1 -1 -8.9631 898.9272 175.5603 987.1951 206.3985 1.4411 1.4575 3.7327 16.4988 1.5828 35.9609 -8.5364 0.6814
Car -1 -1 -4.7655 660.1622 173.2168 679.0096 189.5276 1.5070 1.5794 3.8397 5.6272 1.5422 68.6923 -4.6844 0.1930
Car -1 -1 -7.8321 672.5480 176.1543 711.2610 213.4914 1.5404 1.6121 3.9010 3.6446 1.6966 32.1697 -7.7209 0.1098
Car -1 -1 -4.6295 911.1569 180.1200 1005.1567 256.6664 1.4522 1.6035 3.9933 7.8615 1.6367 16.2222 -4.1861 0.0931
Car -1 -1 -2.1029 328.0435 176.1371 387.8038 202.8737 1.6433 1.7043 4.3330 -16.4500 1.8657 46.9013 -2.4388 0.0899
Car -1 -1 -7.9392 167.2691 171.2370 203.9221 200.2847 1.7926 1.7105 4.0280 -27.5119 1.6925 46.6666 -8.4696 0.0816
Car -1 -1 -4.6794 832.4522 174.3204 901.4352 237.4481 1.5588 1.6411 4.1747 7.1765 1.6041 20.1642 -4.3427 0.0707
Car -1 -1 -5.0679 883.2424 171.0887 981.1559 221.8909 1.5839 1.6687 4.1536 10.8006 1.5286 24.6144 -4.6593 0.0606
Car -1 -1 -7.8205 1013.6482 180.9072 1126.8463 269.1475 1.4013 1.6277 4.1364 8.9095 1.5818 14.0262 -7.2647 0.0573
