Pedestrian -1 -1 -5.0663 1020.5401 177.3867 1048.1672 228.4497 1.8564 0.6523 0.7701 15.6747 2.0269 26.7440 -4.5416 0.1853
Cyclist -1 -1 -4.8350 674.2800 169.7982 701.1185 230.2924 1.9040 0.6424 1.8580 2.4813 1.8075 23.6445 -4.7325 0.1485
Cyclist -1 -1 -8.0847 640.0018 181.4989 651.0583 205.0987 1.6032 0.4061 1.6344 2.4481 2.2176 50.4712 -8.0371 0.1117
Car -1 -1 -4.8313 626.6716 184.6250 650.8464 203.1855 1.4840 1.6229 3.9184 2.4261 2.5324 62.2674 -4.7931 0.0951
Car -1 -1 -4.3376 450.6679 181.7993 490.8206 205.1707 1.6211 1.6311 3.8626 -10.3381 2.3116 53.6654 -4.5274 0.0945
Pedestrian -1 -1 -6.9895 163.4011 173.0143 225.5353 287.5334 1.7169 0.6832 0.5153 -6.4868 1.7191 11.1771 -7.5055 0.0783
Pedestrian -1 -1 -5.8113 543.2827 140.8076 661.1715 374.0000 1.9317 0.5687 0.6533 -0.1049 1.7214 5.1278 -5.8337 0.0782
Car -1 -1 -4.4272 851.1336 192.7123 895.5292 219.1943 1.5445 1.6449 4.1904 17.3469 2.9119 47.5204 -4.0799 0.0774
Pedestrian -1 -1 -4.5427 34.5917 185.5111 55.1635 229.3551 1.6506 0.5468 0.4848 -21.7389 2.1423 27.7042 -5.2036 0.0774
Pedestrian -1 -1 -8.3400 1097.6003 171.4745 1133.7203 234.0679 1.7881 0.6361 0.6299 14.6319 1.7484 20.9615 -7.7378 0.0747
Car -1 -1 -4.9713 701.8604 186.4065 745.3381 213.9257 1.4543 1.5695 3.7911 6.5278 2.2806 42.0386 -4.8189 0.0735
Car -1 -1 -4.2078 229.2391 180.7142 287.2197 209.0651 1.7757 1.7424 4.0695 -23.5605 2.3256 48.4232 -4.6588 0.0711
Pedestrian -1 -1 -8.4316 1003.0410 168.2891 1036.3464 225.0468 1.6941 0.6105 0.6686 12.3737 1.5575 21.8908 -7.9234 0.0587
Pedestrian -1 -1 -5.3038 1036.3634 168.8529 1071.1823 232.3483 1.7510 0.5463 0.6746 12.3958 1.6404 20.2483 -4.7615 0.0587
Car -1 -1 -4.4456 196.2476 183.6564 262.4105 219.3986 1.5536 1.7429 4.3635 -18.4425 2.1132 35.0808 -4.9268 0.0547
Car -1 -1 -4.5887 524.4802 183.2572 563.6820 211.7939 1.4514 1.6720 4.2989 -3.6764 2.0659 40.4614 -4.6793 0.0532
Car -1 -1 -4.5815 711.4968 186.6691 744.9200 212.2915 1.5374 1.6743 4.1114 7.8523 2.4963 47.8867 -4.4205 0.0526
Car -1 -1 -4.9036 945.0783 185.8334 1001.0530 220.9615 1.4706 1.6254 3.7712 16.8582 2.1138 33.7424 -4.4444 0.0524
Car -1 -1 -4.7903 257.1082 184.5282 299.1636 217.8235 1.4986 1.5965 4.2584 -16.7795 2.1221 36.3018 -5.2208 0.0507
Pedestrian -1 -1 -5.1323 942.4026 172.1230 965.5989 214.9641 1.9981 0.6963 0.8596 16.2043 1.9637 34.0898 -4.6925 0.1135
Cyclist -1 -1 -4.6424 904.7586 178.2160 917.1950 209.9723 1.7042 0.5212 1.7510 16.6223 2.0073 39.9258 -4.2510 0.1083
Pedestrian -1 -1 -5.8592 195.0767 175.6848 216.4655 207.2016 1.7678 0.5488 0.9111 -22.9117 1.9289 40.8387 -6.3679 0.0980
Cyclist -1 -1 -7.8459 186.4939 177.7775 194.0654 206.2969 1.6642 0.3765 1.5802 -25.1340 1.9637 43.1532 -8.3708 0.0870
Cyclist -1 -1 -4.5557 127.0198 181.1584 143.5528 212.6974 1.6607 0.5145 1.5382 -25.8355 2.1211 39.2244 -5.1352 0.0818
Cyclist -1 -1 -5.4151 924.8289 179.4233 956.9653 213.7751 1.6628 0.4920 1.6737 16.5131 1.9994 36.1309 -4.9901 0.0706
Pedestrian -1 -1 -4.5009 924.8138 171.9858 943.1652 210.7667 1.9240 0.7093 0.7204 16.2593 1.8806 36.2970 -4.0832 0.0620
Cyclist -1 -1 -7.8166 199.9431 179.1324 208.2852 208.0038 1.6049 0.3556 1.5471 -23.2161 1.9699 41.2131 -8.3271 0.0540
Pedestrian -1 -1 -6.6895 196.8521 171.2924 218.4205 206.1780 1.9375 0.6449 0.8776 -22.6855 1.8505 40.6177 -7.1963 0.0516
Car -1 -1 -4.3445 182.1539 185.7921 432.0164 341.3570 1.5173 1.6160 3.7292 -3.6033 1.7157 9.2159 -4.7084 0.9439
Car -1 -1 -7.8746 589.0984 178.9955 631.2640 221.9003 1.6505 1.6622 4.5520 -0.0925 1.9311 30.7093 -7.8783 0.9038
Car -1 -1 -4.5977 519.5372 184.6121 559.4002 216.8278 1.4249 1.5226 3.6498 -3.4211 2.0264 35.0931 -4.6947 0.8352
Car -1 -1 -4.3933 360.4547 180.3379 394.0791 201.1820 1.7392 1.6867 3.8733 -20.4746 2.4182 63.5438 -4.7041 0.7297
Car -1 -1 -4.6166 563.0128 181.2343 584.4440 198.5047 1.5099 1.6268 3.8685 -3.3592 2.3102 66.9610 -4.6670 0.3937
Car -1 -1 -2.1082 130.9698 182.6452 204.5887 212.1429 1.4818 1.6410 3.8756 -23.9244 2.0323 38.9582 -2.6561 0.3193
Car -1 -1 -5.2139 777.8176 186.3548 815.1926 207.4439 1.7400 1.5795 3.7950 16.5212 2.9784 64.1693 -4.9636 0.2670
Car -1 -1 -5.4955 672.0157 183.6713 724.9675 207.5369 1.5840 1.5912 3.7243 6.2645 2.3870 51.6211 -5.3760 0.1440
Car -1 -1 -7.4515 213.7421 175.2925 271.7216 205.6152 1.8552 1.7683 4.3728 -23.7365 2.0204 46.7437 -7.9193 0.1233
Car -1 -1 -4.9526 635.5126 183.1922 663.4363 200.1509 1.5109 1.7184 4.1928 3.7298 2.5341 69.2110 -4.8995 0.0889
Car -1 -1 -7.7638 937.2659 177.5648 975.5744 207.1672 1.5752 1.6333 3.9932 19.7821 1.8579 41.2081 -7.3195 0.0819
Car -1 -1 -2.4664 113.7439 177.7247 190.2059 203.7233 1.5368 1.6309 3.7476 -27.9686 1.8408 44.0541 -3.0295 0.0808
Car -1 -1 -4.7709 590.1562 178.8062 618.7350 204.1552 1.6208 1.7002 4.1814 -0.4516 2.0447 49.2848 -4.7805 0.0764
Car -1 -1 -4.4073 188.0980 173.3860 223.6085 190.6160 1.4615 1.5863 4.0211 -35.5187 1.5096 63.4646 -4.9160 0.0741
Car -1 -1 -5.1234 778.1824 185.9639 820.6961 209.5164 1.5840 1.6837 3.6087 13.7242 2.5737 52.5724 -4.8700 0.0731
Car -1 -1 -4.6157 271.4885 188.1257 365.3674 264.0528 1.4852 1.6456 4.3266 -6.9116 1.9009 17.3475 -4.9901 0.0685
Car -1 -1 -8.7437 893.9075 183.3461 974.8504 214.4898 1.4673 1.5840 3.6182 16.6569 2.0380 37.2946 -8.3272 0.0680
Car -1 -1 -7.7427 185.5599 179.5052 225.9487 207.7045 1.5408 1.6472 3.8864 -23.8055 1.9520 42.5312 -8.2505 0.0633
Car -1 -1 -4.6664 303.6750 187.3395 369.4007 244.9594 1.4719 1.6465 4.2325 -8.2224 1.9556 21.8385 -5.0230 0.0554
Car -1 -1 -4.6868 587.6464 180.1826 617.1509 208.3215 1.5490 1.6524 4.1768 -0.4456 2.0059 42.9137 -4.6977 0.0523
