Car -1 -1 -7.3869 1074.3568 155.3753 1241.0000 374.0000 1.4800 1.6326 4.1729 4.2773 1.4380 2.8818 -6.4555 0.0666
Pedestrian -1 -1 -7.7735 169.9600 178.7305 188.4732 225.7979 2.1467 0.6821 0.7068 -20.0318 2.4230 33.4923 -8.3093 0.0665
Car -1 -1 -4.1022 1218.1901 137.8105 1241.0000 330.6073 1.4671 1.5640 4.2327 8.0598 1.2001 6.4536 -3.2286 0.0598
Pedestrian -1 -1 -5.3945 104.8623 178.9842 125.6272 214.0079 1.8437 0.6129 0.6962 -26.4452 2.1740 38.5147 -5.9931 0.0558
Pedestrian -1 -1 -5.2074 711.8582 171.1659 734.9278 215.4445 1.8330 0.6628 0.7866 4.7220 1.7628 30.3511 -5.0552 0.0550
Pedestrian -1 -1 -3.1150 667.7067 169.6982 679.0104 194.4722 1.8673 0.5068 0.8411 4.7746 1.6291 54.6830 -3.0288 0.0545
Car -1 -1 -4.7960 224.6445 189.1495 255.0389 213.2791 1.6299 1.6786 4.2302 -27.7615 2.8998 54.0021 -5.2692 0.0530
Pedestrian -1 -1 -6.4688 1167.9270 178.8549 1191.9954 221.9906 1.8524 0.6756 0.7104 24.8925 2.1185 31.5765 -5.8063 0.0529
Pedestrian -1 -1 -3.4827 656.8684 172.5293 667.6104 193.2876 1.9048 0.4491 0.8888 4.7956 1.8747 66.5443 -3.4115 0.0525
Pedestrian -1 -1 -3.7376 663.1290 170.0631 675.1450 193.1720 1.9121 0.4716 0.8861 4.9026 1.6809 60.1265 -3.6570 0.0524
Cyclist -1 -1 -8.0548 812.3754 168.8515 828.0434 202.4009 1.8265 0.4909 1.7539 11.6575 1.6083 40.1766 -7.7748 0.1482
Pedestrian -1 -1 -5.2089 905.3867 180.9950 919.7891 209.7646 1.9508 0.6369 0.7360 20.7441 2.5140 49.5494 -4.8151 0.0691
Pedestrian -1 -1 -7.8992 945.4980 175.8640 957.1483 203.0248 1.8328 0.6898 0.5859 23.2298 2.0394 49.1813 -7.4607 0.0670
Pedestrian -1 -1 -7.8789 82.2139 182.9185 99.5823 225.4647 2.0416 0.6751 0.6880 -25.4575 2.5408 35.3276 -8.4999 0.0642
Cyclist -1 -1 -7.3123 481.7506 179.0361 518.4027 228.9472 1.7268 0.5127 1.6883 -3.9990 1.9573 26.0595 -7.4638 0.0504
Pedestrian -1 -1 -3.6226 808.6209 170.5013 827.0159 203.1361 1.7990 0.6129 0.7888 11.5250 1.6690 40.1548 -3.3455 0.0501
Car -1 -1 -4.1718 82.2761 191.0527 208.4775 249.2415 1.8825 1.8041 4.7252 -17.3628 2.6288 27.2165 -4.7355 0.9003
Car -1 -1 -4.6718 1065.0603 170.8557 1103.4967 203.1226 1.7381 1.6870 3.6035 26.8234 1.6302 40.8244 -4.0941 0.1959
Car -1 -1 -4.8584 1156.1071 186.7850 1210.8225 221.4245 1.5027 1.5449 3.5103 27.5000 2.2101 34.7432 -4.1935 0.1858
Car -1 -1 -4.9493 1151.4775 194.5150 1205.7107 223.4468 1.4865 1.5832 4.0307 33.3532 2.8262 42.4738 -4.2877 0.1518
Car -1 -1 -4.8577 548.4587 178.6458 572.6682 197.2418 1.5170 1.5382 3.8191 -4.3113 2.0319 62.1545 -4.9271 0.1355
Car -1 -1 -4.9694 17.3405 188.9473 83.6774 222.5502 1.5164 1.6386 4.1782 -28.2382 2.3693 36.3282 -5.6267 0.1304
Car -1 -1 -2.6441 469.9563 181.2682 544.1391 209.7693 1.5490 1.6683 3.9052 -5.9587 2.0502 41.5403 -2.7862 0.1158
Car -1 -1 -7.7752 946.1378 178.6646 977.8692 202.6178 1.5523 1.6875 3.7965 24.3022 1.9698 49.8251 -7.3242 0.1054
Car -1 -1 -7.7608 439.7232 185.2161 493.1650 229.7919 1.4567 1.5822 3.8144 -5.2754 1.9469 26.6526 -7.9549 0.0988
Car -1 -1 -4.5979 605.0437 179.5922 642.2790 209.0580 1.5856 1.6841 4.4460 0.8166 2.0010 42.2002 -4.5792 0.0763
Car -1 -1 -3.1472 703.6213 178.9420 763.9672 205.3630 1.4973 1.6067 3.4338 7.2284 1.8643 42.4527 -2.9802 0.0552
