Pedestrian -1 -1 -2.3654 478.5336 176.6477 500.2083 214.6456 1.5923 0.5859 0.7022 -5.1862 1.7561 30.7651 -2.5315 0.1061
Pedestrian -1 -1 -4.5012 0.0000 203.6425 67.7937 358.3034 1.3876 0.4644 0.6713 -5.7113 1.7048 7.0375 -5.1647 0.0882
Pedestrian -1 -1 -4.8025 498.6245 168.7702 510.0803 197.8409 1.8699 0.6660 0.8055 -6.9001 1.6069 46.8795 -4.9482 0.0663
Pedestrian -1 -1 -3.4207 940.5460 145.4937 1001.0255 278.8161 1.9020 0.6108 0.6479 5.2541 1.5114 10.6488 -2.9740 0.0643
Pedestrian -1 -1 -4.8404 925.8228 154.3256 969.0057 260.4239 1.9263 0.6187 0.8883 6.2976 1.5896 13.6152 -4.4161 0.0601
Pedestrian -1 -1 -6.5631 563.3502 174.4970 574.7394 195.5888 1.7545 0.5200 0.8417 -3.4582 1.8928 60.4656 -6.6204 0.0596
Pedestrian -1 -1 -8.2676 1030.0542 149.0171 1095.3722 276.7932 1.8043 0.5973 0.6345 6.5423 1.4674 10.5415 -7.7253 0.0581
Pedestrian -1 -1 -4.9823 245.9725 170.2231 271.8953 233.9430 1.8980 0.5895 0.5241 -10.6964 1.8194 21.8837 -5.4325 0.0534
Pedestrian -1 -1 -4.7493 889.2755 156.0624 932.7659 263.0042 1.9408 0.7148 0.8766 5.6156 1.6358 13.6281 -4.3669 0.0528
Car -1 -1 -8.0119 683.4629 161.8985 772.4628 233.2004 1.9041 1.8544 4.7819 3.3462 1.6112 21.6659 -7.8614 0.0527
Car -1 -1 -3.0433 401.9821 177.5938 505.7995 212.0792 1.4534 1.6535 4.3243 -6.8390 1.6687 31.7660 -3.2541 0.0523
Car -1 -1 -4.3097 509.4540 177.6562 565.7435 206.8837 1.4584 1.5804 3.9815 -3.8709 1.7308 38.8402 -4.4089 0.0511
Pedestrian -1 -1 -8.0736 920.9626 146.8501 960.5611 235.6227 2.0032 0.7087 0.6160 7.5721 1.4161 16.6539 -7.6540 0.0506
Pedestrian -1 -1 -7.7981 86.9733 181.0975 147.6466 310.5554 1.5389 0.5877 0.6551 -6.2275 1.6471 9.0637 -8.3868 0.6628
Pedestrian -1 -1 -2.6621 476.7814 174.2904 501.7133 214.2929 1.6740 0.5803 0.8752 -5.1678 1.7355 30.6345 -2.8283 0.3159
Pedestrian -1 -1 -4.4739 0.0000 201.7783 57.6162 356.3313 1.3640 0.4703 0.6152 -5.7036 1.6549 6.8873 -5.1469 0.0904
Pedestrian -1 -1 -4.1865 432.5443 181.6219 458.5238 229.4521 1.4855 0.5477 0.6620 -5.2757 1.7689 22.9526 -4.4105 0.0879
Pedestrian -1 -1 -4.3808 211.3806 190.1408 253.0128 284.1952 1.3886 0.4217 0.5026 -5.8251 1.6594 11.0343 -4.8571 0.0865
Cyclist -1 -1 -7.4727 0.0000 188.4956 115.0186 374.0000 1.5137 0.5263 1.7577 -5.3057 1.6786 6.7043 -8.1233 0.0538
Cyclist -1 -1 -3.0941 421.8432 178.5141 471.3028 230.1021 1.6200 0.6076 1.5231 -5.2846 1.8050 23.1849 -3.3163 0.0507
Car -1 -1 -4.5568 480.9200 175.7968 562.2629 233.2396 1.5418 1.7615 4.4647 -2.6037 1.6399 21.8622 -4.6746 0.9310
Car -1 -1 -8.2080 766.3256 165.6820 1143.5742 374.0000 1.6377 1.6780 4.3459 2.7994 1.5878 7.1662 -7.8507 0.9242
Car -1 -1 -8.0217 662.6238 175.9935 719.7541 217.5374 1.5450 1.6269 4.0079 3.1634 1.6806 29.1935 -7.9155 0.8294
Car -1 -1 -8.6952 0.0000 0.0000 1241.0000 374.0000 1.5122 1.6075 3.9158 2.7044 1.6244 1.9068 -7.8095 0.6571
Car -1 -1 -7.9565 653.7717 176.9840 694.9977 209.2893 1.4601 1.5789 4.0279 3.0394 1.6727 35.1578 -7.8716 0.6369
Car -1 -1 -8.0195 682.0370 167.1165 768.8105 233.5537 1.7926 1.7963 4.6630 3.3017 1.6375 21.8153 -7.8720 0.1060
Car -1 -1 -3.1771 399.8134 178.8548 505.1981 214.1926 1.4430 1.6386 4.3492 -6.8546 1.7137 31.2489 -3.3917 0.0687
