Car -1 -1 -4.2714 236.2172 179.9299 299.3329 207.4533 1.6211 1.8326 4.6152 -21.7484 2.0945 45.9946 -4.7112 0.0646
Pedestrian -1 -1 -7.2255 1137.9127 156.5822 1166.9517 225.3733 1.8401 0.5525 0.3113 14.6881 1.4045 19.6105 -6.5902 0.0643
Car -1 -1 -4.7055 857.3315 186.6194 895.6547 222.5399 1.5756 1.6751 4.0729 13.0810 2.2953 35.5366 -4.3562 0.0576
Car -1 -1 -8.1385 734.5093 170.8660 766.8640 194.7203 2.0358 1.6704 4.2502 12.3657 1.8659 63.7733 -7.9482 0.0559
Cyclist -1 -1 -4.2415 245.3330 177.2286 271.5123 210.8650 1.7623 0.5274 1.7584 -18.9852 2.0033 38.9167 -4.6930 0.4442
Pedestrian -1 -1 -4.9636 914.8539 179.7159 942.8779 241.5983 1.4034 0.4961 0.4365 7.3113 1.5640 16.6731 -4.5575 0.1354
Pedestrian -1 -1 -4.4753 1119.0240 172.9614 1158.0547 256.0937 1.5495 0.4911 0.5591 10.0682 1.5513 13.8181 -3.8563 0.1318
Pedestrian -1 -1 -8.2625 729.9732 167.0185 748.5396 203.9616 1.8044 0.6677 0.7280 6.3466 1.5191 35.6734 -8.0884 0.1158
Pedestrian -1 -1 -5.0925 949.4324 167.3831 989.3090 241.9734 1.6776 0.5983 0.7026 8.2055 1.5543 16.5999 -4.6411 0.1074
Cyclist -1 -1 -3.7159 905.7394 172.1048 986.8395 243.0905 1.6037 0.5258 1.6904 7.7176 1.5865 16.6865 -3.2901 0.0977
Cyclist -1 -1 -8.1651 740.8097 168.0895 758.0551 197.9825 1.7357 0.5027 1.6992 8.2193 1.4588 42.7703 -7.9769 0.0930
Pedestrian -1 -1 -4.4814 20.7026 173.3121 45.9069 226.4563 1.9436 0.6124 0.5833 -21.4506 1.9606 26.7895 -5.1518 0.0887
Pedestrian -1 -1 -3.1456 1202.2609 166.4385 1241.0000 269.6517 1.6110 0.5097 0.5822 9.8798 1.5106 11.6440 -2.4549 0.0787
Pedestrian -1 -1 -3.5119 1203.7826 161.6750 1241.0000 258.8614 1.6873 0.4909 0.7231 11.0922 1.4929 12.8760 -2.8125 0.0770
Cyclist -1 -1 -6.8966 920.4115 167.0004 1002.1766 241.5943 1.6639 0.4674 1.7313 7.9630 1.5330 16.4723 -6.4540 0.0768
Pedestrian -1 -1 -7.0030 744.4195 168.6019 761.0388 198.4439 1.7502 0.6649 0.7023 8.4252 1.5005 42.7803 -6.8102 0.0763
Pedestrian -1 -1 -4.7662 714.1178 168.9913 730.2057 209.0977 1.7898 0.6748 0.7784 5.0238 1.6172 32.6203 -4.6153 0.0717
Pedestrian -1 -1 -4.7261 927.9954 175.1344 956.7079 242.4727 1.5043 0.5829 0.6079 7.5586 1.5575 16.5398 -4.3048 0.0705
Pedestrian -1 -1 -4.4078 1130.1218 181.3968 1166.1105 257.6821 1.3954 0.4183 0.4964 10.0773 1.5597 13.5851 -3.7805 0.0653
Cyclist -1 -1 -3.0259 728.6682 165.1442 759.7681 195.7440 1.7908 0.6239 1.7537 7.9230 1.3393 42.7821 -2.8444 0.0635
Cyclist -1 -1 -8.5715 1090.1884 163.3053 1184.0121 254.7651 1.6676 0.4384 1.7136 10.1419 1.4932 14.0303 -7.9561 0.0553
Cyclist -1 -1 -3.0657 0.0000 169.0521 57.5196 221.5129 1.8921 0.5660 1.7827 -21.6758 1.7547 26.7603 -3.7417 0.0539
Cyclist -1 -1 -8.2619 845.9215 173.8463 862.8498 199.0698 1.6577 0.4405 1.6758 16.3306 1.7250 48.3399 -7.9383 0.0529
Pedestrian -1 -1 -1.7639 0.0000 171.4205 23.9847 224.4673 1.9152 0.6773 0.4514 -22.0178 1.8632 26.4555 -2.4532 0.0507
Car -1 -1 -7.8658 589.3970 175.0258 623.4279 206.9366 1.5464 1.6647 4.5264 -0.2592 1.6660 37.5553 -7.8732 0.8912
Car -1 -1 -8.0095 805.9638 175.9673 899.4535 237.6403 1.4868 1.7250 4.4269 6.5102 1.5826 19.9492 -7.6991 0.8912
Car -1 -1 -4.8345 841.5414 192.6850 878.6874 224.9803 1.5403 1.4193 3.7847 13.3820 2.6631 38.8641 -4.5060 0.3955
Car -1 -1 -5.2774 832.8262 176.8849 882.3915 200.0191 1.4765 1.5093 3.4959 16.5866 1.7581 48.5806 -4.9507 0.2980
Car -1 -1 -4.6340 532.1129 169.6312 556.8475 190.2614 1.7323 1.8106 4.3319 -5.6858 1.4614 62.7636 -4.7243 0.1144
Car -1 -1 -5.2350 828.8357 174.2298 866.6691 193.4992 1.7789 1.7225 3.8755 22.6639 1.9141 68.9788 -4.9192 0.1010
Car -1 -1 -7.8610 477.1049 176.1815 494.5134 192.4666 1.5215 1.6271 4.0144 -12.1499 1.8556 70.3972 -8.0315 0.0945
Car -1 -1 -7.6401 729.1171 169.5925 768.4247 196.3824 1.5678 1.6148 3.7562 8.5178 1.3767 44.2710 -7.4516 0.0701
Car -1 -1 -4.2115 25.2212 191.0889 137.2709 232.1287 1.4127 1.8141 4.2140 -21.1243 2.2010 28.9990 -4.8369 0.0635
Car -1 -1 -7.7724 618.1025 173.8696 652.4398 203.5216 1.5427 1.5878 3.7655 1.3926 1.6010 39.6362 -7.7380 0.0514
