Pedestrian -1 -1 -3.5853 227.6684 166.4933 258.4362 229.8265 1.7565 0.6298 0.5614 -10.4370 1.5798 20.4260 -4.0527 0.1890
Pedestrian -1 -1 -5.5935 506.2978 170.5714 518.5203 193.0526 1.8302 0.4981 0.8769 -8.0309 1.6441 59.1830 -5.7281 0.1819
Pedestrian -1 -1 -3.9762 426.0966 167.0760 451.7556 221.3066 1.8105 0.5302 0.6783 -5.8564 1.6173 24.5143 -4.2088 0.1753
Pedestrian -1 -1 -8.0431 358.9654 168.8274 374.4558 206.4747 1.8297 0.6226 0.5879 -12.0039 1.6337 35.4774 -8.3675 0.0963
Pedestrian -1 -1 -5.5311 485.2884 169.5799 498.7031 196.6166 1.8315 0.5312 0.7418 -8.0956 1.6094 49.3055 -5.6933 0.0811
Car -1 -1 -6.9827 811.7449 184.7023 863.4191 205.5873 1.5921 1.6127 3.8398 18.3223 2.5715 58.1748 -6.6796 0.0759
Pedestrian -1 -1 -2.4735 281.3804 167.0228 313.6148 219.5984 1.8090 0.5884 0.8531 -10.9660 1.6080 25.2203 -2.8802 0.0716
Pedestrian -1 -1 -7.7135 353.0747 165.1666 366.4395 196.0557 1.8513 0.6578 0.8098 -15.1889 1.3903 43.7050 -8.0464 0.0676
Pedestrian -1 -1 -6.7710 661.2599 172.5809 689.9355 227.4776 1.6914 0.5924 0.6990 2.0072 1.6827 22.6399 -6.6845 0.0645
Pedestrian -1 -1 -7.6678 70.8798 178.5423 90.0790 217.2263 1.7784 0.6127 0.6490 -24.7823 2.0473 33.7201 -8.2980 0.0638
Pedestrian -1 -1 -3.4715 1190.2301 168.7982 1214.9799 206.3481 1.8854 0.7080 0.7831 30.0913 1.6815 36.6965 -2.7889 0.0628
Pedestrian -1 -1 -9.0933 1142.6824 168.7068 1155.8125 196.6515 1.7751 0.6320 0.4967 34.5063 1.5114 46.2167 -8.4553 0.0576
Car -1 -1 -4.2089 212.9140 179.2660 304.2733 217.8190 1.3742 1.5596 3.8258 -13.7204 1.6430 28.3224 -4.6566 0.0570
Car -1 -1 -4.3208 298.3367 173.9803 361.7582 205.8083 1.5004 1.6081 3.8348 -13.9588 1.5595 36.0883 -4.6877 0.0568
Pedestrian -1 -1 -7.4847 644.3306 170.6536 663.0775 213.0712 1.7216 0.6034 0.5757 1.7550 1.6320 29.6719 -7.4268 0.0559
Pedestrian -1 -1 -3.2920 963.3631 175.1656 974.4836 200.6667 1.8265 0.5902 0.6361 25.8968 1.9944 52.1267 -2.8336 0.0558
Car -1 -1 -8.0249 1019.1495 171.0841 1053.6632 195.4682 1.8707 1.6852 4.0792 33.9360 1.7346 57.5593 -7.4948 0.0558
Car -1 -1 -4.7007 191.7930 180.2672 224.1929 207.3328 1.4988 1.6314 4.2328 -24.1951 1.9679 43.4378 -5.2065 0.0524
Pedestrian -1 -1 -6.5059 655.7664 171.2879 666.8734 197.5865 1.8166 0.6051 0.6521 3.5363 1.7081 50.1893 -6.4364 0.0514
Pedestrian -1 -1 -4.7746 440.9044 169.6868 456.4512 212.6871 1.8191 0.6068 0.7238 -6.9675 1.6848 30.9568 -4.9946 0.2055
Cyclist -1 -1 -4.8854 450.4999 169.9870 470.1759 203.6667 1.7695 0.7538 1.7044 -8.1036 1.6186 38.8400 -5.0901 0.1485
Cyclist -1 -1 -4.4981 627.6832 172.5442 643.5698 201.3865 1.6725 0.5731 1.8087 1.4925 1.6543 42.7880 -4.4639 0.0896
Pedestrian -1 -1 -5.5790 404.0847 171.8104 417.6667 196.7877 1.6870 0.7562 0.5289 -13.6042 1.6162 49.1869 -5.8477 0.0805
Cyclist -1 -1 -3.4266 1040.6089 178.9621 1075.2869 207.4545 1.8603 0.6784 1.8391 29.7050 2.2705 47.9227 -2.8750 0.0764
Pedestrian -1 -1 -3.3303 452.9158 170.0909 471.2119 203.9100 1.8018 0.5141 0.8842 -8.0041 1.6542 38.8470 -3.5325 0.0728
Pedestrian -1 -1 -7.8621 332.1840 167.6434 347.7984 212.5352 1.8583 0.6077 0.6241 -11.3720 1.6423 30.2688 -8.2190 0.0650
Cyclist -1 -1 -7.7773 401.6173 173.5909 408.7006 197.8471 1.5840 0.3354 1.5462 -13.6442 1.6335 47.9586 -8.0533 0.0626
Pedestrian -1 -1 -5.6233 554.7744 171.9151 566.5524 195.7627 1.7322 0.6439 0.5899 -3.6423 1.6637 52.8423 -5.6922 0.0581
Pedestrian -1 -1 -8.0262 382.8104 169.7920 396.1059 202.5198 1.8000 0.6127 0.6012 -12.2926 1.6313 40.0901 -8.3222 0.0524
Pedestrian -1 -1 -3.3765 1052.0101 177.8077 1069.2997 205.5917 1.8142 0.5966 0.8517 29.7413 2.1441 47.6794 -2.8220 0.0513
Cyclist -1 -1 -7.5813 149.5669 176.8827 169.4759 210.9606 1.6384 0.4001 1.6650 -22.3468 1.8425 35.7475 -8.1368 0.0502
Car -1 -1 -7.9124 573.7905 174.5756 602.4617 198.1239 1.4019 1.5748 3.6120 -1.4361 1.5136 45.0975 -7.9444 0.7140
Car -1 -1 -7.8201 545.9860 173.5965 568.4227 193.5286 1.4543 1.5714 3.7923 -4.0023 1.5123 54.7147 -7.8931 0.5679
Car -1 -1 -8.5513 1004.9609 194.3313 1241.0000 374.0000 1.4543 1.6602 4.0864 3.7278 1.6225 3.5663 -7.7850 0.1594
Car -1 -1 -4.3415 120.0423 178.9264 183.9227 210.2733 1.4885 1.5667 3.5547 -23.3726 1.8146 36.8896 -4.9032 0.1332
Car -1 -1 -4.4957 338.0146 175.4186 365.9188 193.3947 1.5427 1.5949 3.6514 -23.0093 1.7781 64.3802 -4.8379 0.1231
Car -1 -1 -4.3048 272.4946 179.0124 341.2327 211.3650 1.3737 1.5428 3.7741 -13.9248 1.6735 33.2575 -4.6988 0.0960
Car -1 -1 -7.5267 288.1423 172.8945 332.7025 196.7895 1.5665 1.6539 3.8585 -20.4345 1.5691 49.2866 -7.9180 0.0951
Car -1 -1 -4.2855 356.5417 171.0771 409.9595 198.3573 1.6362 1.6700 4.0617 -14.2291 1.5293 45.3939 -4.5878 0.0894
Car -1 -1 -4.7357 768.2214 183.5466 787.5157 200.9142 1.5654 1.7143 4.0056 16.1902 2.6310 69.7960 -4.5092 0.0850
Car -1 -1 -7.7227 1166.0880 181.7678 1211.6654 210.5944 1.5779 1.6460 3.6397 34.0801 2.1255 42.4977 -7.0506 0.0767
Car -1 -1 -4.5714 614.7183 174.3761 640.5724 195.4844 1.6504 1.5911 3.7784 1.4402 1.7781 58.6969 -4.5474 0.0741
Car -1 -1 -4.6061 252.9110 175.1638 291.2404 202.0737 1.5493 1.6668 4.3829 -20.7146 1.6983 44.2878 -5.0415 0.0706
Car -1 -1 -5.3112 286.2180 173.8774 348.2694 199.3632 1.5120 1.6445 3.9150 -18.1965 1.5777 44.7195 -5.6958 0.0662
Car -1 -1 -7.8682 1041.4855 177.2420 1071.5345 202.5800 1.6306 1.6710 3.8483 30.3926 1.9423 49.2347 -7.3182 0.0645
Car -1 -1 -5.1655 947.6382 179.2600 994.3367 203.0307 1.7165 1.6955 3.7627 27.4300 2.2213 55.0060 -4.7055 0.0618
Car -1 -1 -7.3301 118.4754 177.4952 199.0065 210.6955 1.4440 1.5772 3.6338 -21.0388 1.6726 33.7376 -7.8843 0.0565
