Pedestrian -1 -1 -4.3772 81.4778 172.3358 96.9767 203.4337 1.8676 0.5295 0.7959 -31.6352 1.8362 43.7887 -5.0001 0.1181
Pedestrian -1 -1 -6.4085 964.5360 169.5699 979.7350 205.7437 1.8393 0.6118 0.6237 18.5662 1.6720 37.0793 -5.9479 0.0721
Pedestrian -1 -1 -3.0399 50.3517 167.8898 70.7099 229.0284 1.9330 0.5735 0.4626 -17.6931 1.7757 23.1775 -3.6866 0.0667
Pedestrian -1 -1 -6.7980 597.2674 167.3047 624.1027 214.4588 1.9251 0.6763 0.8977 -0.0168 1.6982 29.9723 -6.7992 0.0616
Pedestrian -1 -1 -6.6926 106.7831 172.1324 125.0508 204.0634 1.7777 0.6163 0.6583 -27.8465 1.7372 40.6133 -7.2908 0.0613
Car -1 -1 -5.1097 789.5169 178.0520 854.6382 210.4334 1.4652 1.5858 4.1009 10.2947 1.7357 35.4612 -4.8299 0.0587
Car -1 -1 -4.5233 574.6429 174.2229 605.7966 196.3410 1.6094 1.6190 4.1749 -1.4937 1.7175 54.9628 -4.5508 0.0571
Pedestrian -1 -1 -4.3052 967.7737 163.9095 997.3491 220.9352 1.9082 0.6212 0.8357 12.6814 1.6086 24.6501 -3.8354 0.0559
Car -1 -1 -7.9159 343.6011 165.9151 366.1021 190.2441 2.2257 1.7274 4.6782 -24.2714 1.5906 68.4998 -8.2554 0.0558
Pedestrian -1 -1 -6.7782 591.3040 171.4859 603.6226 194.3970 1.8873 0.4968 0.8933 -1.0659 1.7743 59.8720 -6.7963 0.0542
Car -1 -1 -7.2607 19.8938 170.9895 90.0137 200.1845 1.9283 1.7751 4.2194 -38.2472 1.8048 49.8149 -7.9130 0.0541
Pedestrian -1 -1 -4.5876 357.2577 147.7201 422.4900 315.8133 1.9468 0.6387 1.0997 -2.7608 1.6554 8.9518 -4.8796 0.2460
Pedestrian -1 -1 -3.3554 296.4650 140.6692 386.9607 346.7640 1.8450 0.5017 0.7181 -2.6112 1.5566 6.8636 -3.7073 0.1183
Pedestrian -1 -1 -4.9522 140.3160 173.9217 172.9046 231.3888 1.7615 0.7430 0.6089 -14.2564 1.7954 22.6130 -5.5096 0.0896
Pedestrian -1 -1 -7.6503 907.1894 174.7034 931.8677 223.9081 1.6726 0.6748 0.6360 10.6849 1.7375 25.0138 -7.2515 0.0828
Pedestrian -1 -1 -6.1919 930.4572 177.9153 946.4319 206.9919 1.5358 0.5524 0.7342 17.5689 1.8098 38.6792 -5.7689 0.0790
Pedestrian -1 -1 -7.4463 694.2025 173.7904 742.6870 267.6855 1.6268 0.6899 0.5761 1.8921 1.6438 12.9353 -7.3055 0.0668
Pedestrian -1 -1 -7.7066 921.8811 170.7828 946.6087 223.9912 1.7911 0.6923 0.6265 11.0710 1.7211 24.7378 -7.2908 0.0637
Car -1 -1 -6.3007 697.9995 176.0684 900.5260 268.4837 1.5326 1.6396 3.3736 3.3324 1.5964 13.2199 -6.0600 0.9143
Car -1 -1 -8.3446 756.2040 175.8556 825.2925 207.4322 1.5662 1.6735 4.4333 9.5356 1.7362 38.5903 -8.1046 0.0902
Car -1 -1 -8.1777 339.6688 177.3162 385.7315 202.6404 1.5529 1.6475 4.0265 -16.2059 1.8567 47.0837 -8.5077 0.0857
Car -1 -1 -5.7151 238.2130 172.6808 291.7637 191.1247 1.6834 1.5949 4.2991 -31.9958 1.6673 66.9105 -6.1598 0.0781
Car -1 -1 -4.6258 748.4283 178.5175 822.3293 239.6967 1.4880 1.6659 4.2325 4.9592 1.6644 20.2407 -4.3896 0.0714
Car -1 -1 -7.9385 164.9067 172.8226 201.6151 200.0029 1.6829 1.7064 4.2283 -27.7993 1.6807 46.8940 -8.4713 0.0699
Car -1 -1 -2.0726 68.4687 180.3591 188.8565 230.4771 1.4884 1.5835 3.9182 -15.7575 1.7495 23.5229 -2.6578 0.0649
Car -1 -1 -4.7768 723.6811 175.4964 758.7081 204.8806 1.5480 1.6569 4.1065 7.2801 1.7040 40.5290 -4.6008 0.0565
Car -1 -1 -6.5439 377.3915 176.5508 445.2787 201.6601 1.5752 1.6755 4.0142 -13.1009 1.8272 47.5105 -6.8119 0.0544
