Pedestrian -1 -1 -4.9914 811.9921 148.5122 853.1417 237.0606 1.8619 0.6551 0.7712 4.7361 1.3498 15.5607 -4.7018 0.1329
Pedestrian -1 -1 -5.2179 699.9634 158.4539 720.1683 200.2843 1.9858 0.6921 0.7360 4.7712 1.3019 34.7209 -5.0829 0.1213
Cyclist -1 -1 -7.6163 733.8361 163.6386 766.0601 229.2900 1.6835 0.4757 1.6804 3.7208 1.4469 19.3664 -7.4300 0.0615
Car -1 -1 -4.8005 749.9068 187.4161 788.1800 217.8762 1.4332 1.6036 3.9997 8.2875 2.2424 38.0257 -4.5882 0.0557
Pedestrian -1 -1 -4.5005 719.5961 161.0357 738.9476 209.0625 1.8914 0.6063 0.8324 4.7386 1.4256 28.9133 -4.3402 0.0526
Pedestrian -1 -1 -4.9115 740.9866 161.7570 762.6891 214.5863 1.8322 0.5811 0.9006 4.9548 1.4470 25.4767 -4.7221 0.0520
Car -1 -1 -5.4588 654.8293 177.1452 760.5367 216.9701 1.4183 1.6377 4.2772 3.7059 1.6000 28.3905 -5.3310 0.0502
Pedestrian -1 -1 -5.9362 527.6940 168.7594 543.0184 196.3166 1.8167 0.5453 0.8800 -4.9903 1.5464 47.9370 -6.0397 0.0501
Car -1 -1 -8.4695 899.8533 165.1118 1126.0751 264.1268 1.4516 1.5181 3.6671 6.6565 1.3378 12.4975 -7.9903 0.0500
Cyclist -1 -1 -4.6827 520.9459 171.1318 531.8714 204.1297 1.7653 0.5437 1.7790 -4.6083 1.6728 39.5089 -4.7985 0.3726
Pedestrian -1 -1 -5.5722 350.8046 181.5859 392.0987 254.0346 1.5647 0.5247 0.6995 -5.3558 1.7632 16.0507 -5.8900 0.1344
Pedestrian -1 -1 -5.9001 656.6668 168.4743 669.4309 191.4345 1.7985 0.5819 0.8495 4.1616 1.4551 56.9664 -5.8279 0.0926
Pedestrian -1 -1 -8.1586 234.0691 173.3363 278.0009 275.8881 1.6487 0.4990 0.6051 -5.9408 1.6567 11.9952 -8.6102 0.0795
Pedestrian -1 -1 -7.3760 639.1753 168.9112 654.1196 199.3670 1.7625 0.6817 0.5817 2.1067 1.5340 42.1785 -7.3269 0.0764
Cyclist -1 -1 -5.5992 329.6454 178.1139 409.1812 253.5923 1.5889 0.5769 1.6670 -5.3336 1.7081 15.8339 -5.9197 0.0727
Pedestrian -1 -1 -5.6024 314.3324 161.9154 360.1950 252.9189 1.8191 0.6147 0.6357 -5.6471 1.6001 14.8152 -5.9611 0.0709
Cyclist -1 -1 -7.0266 222.7690 167.3478 328.6110 273.9071 1.6809 0.5538 1.7037 -5.6922 1.5938 12.2744 -7.4531 0.0655
Cyclist -1 -1 -4.7662 348.8953 175.5793 378.3730 254.1593 1.6387 0.5304 1.6414 -5.5179 1.7020 15.9671 -5.0944 0.0634
Cyclist -1 -1 -7.3298 374.1136 171.9762 431.0335 252.4252 1.6993 0.4819 1.5977 -4.6452 1.6805 16.0746 -7.6074 0.0565
Car -1 -1 -7.7123 397.8937 181.3044 502.4029 260.5766 1.4173 1.5877 4.1274 -3.3254 1.6228 15.4628 -7.9214 0.9521
Car -1 -1 -7.9933 656.3313 172.3566 735.4522 231.8306 1.5060 1.6111 4.1932 2.2641 1.4931 20.3910 -7.8850 0.9404
Car -1 -1 -8.2055 727.8329 170.9143 1011.6902 352.3656 1.5384 1.5807 3.8808 2.4898 1.5216 8.1049 -7.9188 0.9353
Car -1 -1 -7.4835 2.5388 188.7949 433.0421 374.0000 1.4251 1.6438 4.5527 -2.9908 1.6229 6.6607 -7.8919 0.8983
Car -1 -1 -7.9781 621.5386 174.2600 659.4678 204.8838 1.5086 1.5191 3.6777 1.5045 1.5852 37.6144 -7.9389 0.8588
Car -1 -1 -8.3815 834.6159 67.9910 1241.0000 374.0000 1.7962 1.6411 3.9090 2.4655 1.5501 3.6671 -7.8270 0.2301
Car -1 -1 -4.9690 630.1867 173.0023 674.4169 200.3268 1.5140 1.5846 4.0747 2.3788 1.5228 42.1579 -4.9135 0.2107
Car -1 -1 -8.0944 644.7740 168.5281 676.2275 190.2347 1.7056 1.6363 4.0325 4.0504 1.3654 58.8208 -8.0263 0.1939
Car -1 -1 -6.3164 0.0000 0.0000 1241.0000 374.0000 1.6501 1.6047 3.7962 -4.3704 1.7631 1.6987 -7.4616 0.0926
Car -1 -1 -6.7349 0.0000 0.0000 1241.0000 374.0000 1.5960 1.6460 3.8429 -2.3951 1.7609 0.8011 -7.8806 0.0638
