Cyclist -1 -1 -5.7135 0.0000 173.1388 57.2726 229.0307 1.8649 0.6222 1.7843 -19.9685 1.8745 24.4859 -6.3924 0.1154
Pedestrian -1 -1 -5.3050 275.0751 180.3295 290.8769 219.5797 1.6880 0.4560 0.4470 -14.3015 2.0169 31.4615 -5.7288 0.1007
Pedestrian -1 -1 -6.3160 529.7314 171.7062 541.2049 192.6613 1.8785 0.4582 1.0130 -6.7357 1.7753 64.9782 -6.4193 0.0944
Pedestrian -1 -1 -2.8288 447.7178 176.3823 465.9091 211.2571 1.8142 0.6258 0.7818 -8.0941 2.0012 37.9573 -3.0380 0.0835
Pedestrian -1 -1 -4.9453 89.1952 174.6808 117.7322 227.3326 1.9521 0.7136 0.8341 -19.2339 2.0223 27.3327 -5.5542 0.0674
Pedestrian -1 -1 -5.5608 1221.2726 167.0643 1241.0000 215.5666 1.6924 0.6049 0.5489 22.0808 1.4901 25.4905 -4.8530 0.0618
Car -1 -1 -2.8198 417.1743 177.8046 468.5254 196.1465 1.5737 1.6024 4.1023 -14.6964 2.0154 63.4314 -3.0469 0.0582
Car -1 -1 -4.3839 414.0503 178.0922 459.6309 204.0678 1.6544 1.7005 4.3522 -11.7513 2.0269 49.1071 -4.6179 0.0534
Cyclist -1 -1 -7.9347 1006.3777 172.0933 1021.2476 208.1042 1.6111 0.4481 1.7323 18.5084 1.5767 33.1622 -7.4299 0.0523
Pedestrian -1 -1 -6.0760 502.5196 171.4159 517.8389 197.2100 1.8971 0.5158 1.0387 -7.4095 1.7911 53.3617 -6.2137 0.1270
Cyclist -1 -1 -2.3541 88.6296 181.0789 144.6838 230.8169 1.6858 0.6316 1.6487 -17.1864 1.9766 25.0761 -2.9502 0.1009
Cyclist -1 -1 -2.3161 68.7549 180.6185 126.8494 233.3424 1.7682 0.6058 1.7514 -17.6617 2.0402 24.8203 -2.9297 0.0888
Pedestrian -1 -1 -7.7334 68.4349 179.3398 94.3794 232.5166 1.7902 0.6480 0.6240 -18.2262 2.0169 24.8254 -8.3617 0.0623
Cyclist -1 -1 -7.4712 99.7573 181.9845 134.5939 232.7377 1.6873 0.4424 1.5683 -17.1663 2.0148 25.0931 -8.0665 0.0587
Pedestrian -1 -1 -4.4032 90.5682 189.6224 113.7017 232.5688 1.4415 0.5130 0.5278 -17.4994 2.0252 24.8025 -5.0128 0.0578
Pedestrian -1 -1 -3.8409 106.4746 188.5739 141.0160 240.3777 1.5049 0.5319 0.6732 -14.5991 1.9838 21.5993 -4.4298 0.0548
Car -1 -1 -2.9171 320.9325 183.9195 451.1690 226.5249 1.4905 1.6737 4.3466 -8.2591 1.9157 26.7508 -3.2143 0.9574
Car -1 -1 -7.1023 0.0000 191.3090 131.2706 258.1115 1.4428 1.7788 4.4882 -15.2808 1.9920 19.1729 -7.7686 0.1522
Car -1 -1 -4.4838 416.7661 177.9644 449.0570 199.1123 1.5800 1.6027 4.0196 -13.9478 1.9970 56.9020 -4.7235 0.1507
Car -1 -1 -5.6552 12.8288 188.0537 162.9343 232.6929 1.5084 1.6286 4.1953 -18.6157 2.0686 25.7765 -6.2759 0.1238
Car -1 -1 -4.5352 422.0437 181.4975 457.4094 205.1760 1.5043 1.6258 4.3524 -11.6998 2.1256 49.6734 -4.7658 0.0998
Car -1 -1 -4.9634 1030.8146 171.0325 1067.1323 189.7180 1.4861 1.5924 4.0418 36.1491 1.3409 59.5500 -4.4203 0.0950
Car -1 -1 -4.6452 904.7760 172.8800 936.8011 198.5536 1.6030 1.6641 4.1644 20.3678 1.6045 47.2878 -4.2411 0.0882
