Pedestrian -1 -1 -5.9543 313.1162 180.7582 325.5989 206.0755 1.8530 0.7984 0.6344 -21.5705 2.4432 53.4858 -6.3363 0.1003
Pedestrian -1 -1 -5.6960 467.5186 174.6689 482.4785 199.3904 1.8038 0.4424 1.0056 -9.9657 1.9380 53.1047 -5.8809 0.0999
Cyclist -1 -1 -7.5822 308.6298 184.7216 320.5474 208.4539 1.6620 0.3846 1.5872 -21.3748 2.5327 52.1498 -7.9697 0.0927
Cyclist -1 -1 -3.0392 45.4454 173.1140 92.7039 219.6438 1.9328 0.6696 1.5454 -23.0080 1.9438 30.6622 -3.6790 0.0906
Pedestrian -1 -1 -3.5629 388.4877 172.8805 412.0892 211.4860 1.8019 0.6136 0.9025 -9.9814 1.8028 34.2035 -3.8451 0.0771
Cyclist -1 -1 -4.8410 635.3170 177.8724 645.1440 204.3799 1.5566 0.4148 1.3657 1.7754 1.8626 43.3339 -4.8009 0.0756
Car -1 -1 -4.3348 639.0802 177.6753 673.7448 197.0892 1.7183 1.7077 4.4735 4.3565 2.1845 67.4336 -4.2710 0.0733
Car -1 -1 -7.7840 1060.3422 168.4762 1085.9038 189.6176 1.8158 1.6389 4.1036 41.1456 1.4395 64.1081 -7.2157 0.0674
Car -1 -1 -7.8773 872.0630 179.1276 908.9523 212.7437 1.7392 1.8067 4.0562 15.6001 2.1091 40.3695 -7.5116 0.0643
Cyclist -1 -1 -2.8932 30.3332 180.7651 76.1923 216.4759 1.8798 0.7713 1.8295 -30.1184 2.3151 39.0136 -3.5475 0.0631
Car -1 -1 -6.4757 830.2011 189.4051 879.4247 207.7055 1.5472 1.6466 3.8886 21.6595 3.0399 64.0129 -6.1514 0.0581
Car -1 -1 -8.3330 778.4025 187.9405 836.5635 215.7417 1.4890 1.6581 4.0514 11.6995 2.4358 43.1420 -8.0706 0.0574
Car -1 -1 -6.8588 218.7905 182.7323 299.1299 209.7764 1.5774 1.6957 4.4009 -22.3830 2.2400 46.1017 -7.3088 0.0553
Car -1 -1 -6.1842 288.1200 179.2264 364.9562 207.8376 1.5090 1.6216 3.8138 -15.6537 1.8727 39.9250 -6.5559 0.0511
Pedestrian -1 -1 -3.0229 128.5166 174.9709 161.7688 262.4295 1.7373 0.6721 0.4926 -9.5542 1.7815 14.7618 -3.5894 0.2706
Cyclist -1 -1 -7.3703 73.1469 180.9021 114.3417 234.1301 1.6531 0.4079 1.5549 -16.8021 1.9233 23.4481 -7.9869 0.1854
Pedestrian -1 -1 -5.7531 81.6545 177.8575 116.4910 233.4801 1.7731 0.6709 0.6761 -16.6286 1.9378 23.4279 -6.3652 0.1042
Pedestrian -1 -1 -5.8092 588.1544 174.3920 597.8787 193.1167 1.6988 0.5707 0.7060 -1.5733 1.8399 65.9400 -5.8333 0.0730
Pedestrian -1 -1 -5.0265 120.2878 175.6599 143.0816 228.3627 1.7844 0.5574 0.4011 -16.4914 1.8819 24.8085 -5.6084 0.0707
Cyclist -1 -1 -4.4883 120.2607 178.4336 149.3632 229.4842 1.6989 0.5067 1.5462 -16.4970 1.8983 25.0031 -5.0668 0.0689
Cyclist -1 -1 -4.3629 62.9207 179.7343 105.5126 233.9919 1.6248 0.5335 1.6836 -16.5734 1.8495 22.7133 -4.9878 0.0592
Pedestrian -1 -1 -7.5170 27.9214 174.9933 62.2946 237.5589 1.8297 0.6476 0.5879 -16.8793 1.8943 21.5089 -8.1765 0.0522
Car -1 -1 -4.5704 423.0822 178.3184 472.5575 214.1785 1.5113 1.6500 4.0913 -7.4214 1.7780 33.1520 -4.7894 0.9082
Car -1 -1 -7.7378 580.3620 175.8048 601.4203 191.9340 1.4539 1.5750 3.5237 -1.7848 1.7372 67.5328 -7.7644 0.2829
Car -1 -1 -4.4383 212.1561 187.6077 258.5188 216.3757 1.6715 1.6453 3.8284 -23.8833 2.6546 46.0559 -4.9146 0.1487
Car -1 -1 -8.3704 840.6392 194.8199 1241.0000 374.0000 1.4729 1.7591 4.4544 2.8079 1.6699 4.2206 -7.8163 0.1461
Car -1 -1 -6.1509 211.8667 191.7431 274.9279 214.5185 1.5184 1.6748 3.8554 -26.3355 2.9140 51.8954 -6.6188 0.1220
Car -1 -1 -4.2592 31.9411 185.5453 138.6203 234.0942 1.4373 1.5359 3.3933 -17.4440 1.8927 24.1049 -4.8805 0.1177
Car -1 -1 -4.1774 141.7570 182.9109 261.9260 230.7258 1.4865 1.7435 4.2684 -14.2939 1.8716 25.4966 -4.6842 0.1000
Car -1 -1 -2.9635 303.6415 176.5529 383.3130 203.3798 1.5477 1.6923 4.2365 -15.9106 1.7748 43.1559 -3.3150 0.0928
Car -1 -1 -4.2918 230.4317 183.1649 319.2669 221.5195 1.4596 1.7212 4.5871 -14.2990 1.9351 30.9958 -4.7210 0.0551
