Car -1 -1 -7.8888 600.0167 181.2456 683.3121 262.2312 1.5948 1.6837 3.6125 0.5852 1.8061 16.3903 -7.8549 0.9460
Car -1 -1 -4.3149 317.9409 188.4868 403.8846 229.5421 1.4369 1.6578 4.5501 -10.0460 2.1230 29.3538 -4.6423 0.9399
Car -1 -1 -4.0675 0.0000 203.2411 152.2679 305.5047 1.4292 1.6351 3.8462 -10.4237 2.0651 13.1694 -4.7274 0.9217
Car -1 -1 -4.4509 382.1756 182.0885 435.2953 220.2667 1.7334 1.5851 3.8254 -9.9023 2.2134 35.6082 -4.7207 0.8360
Car -1 -1 -4.1197 186.0489 187.1044 274.7507 229.6067 1.4785 1.5063 3.1810 -14.6222 2.0618 27.8825 -4.5991 0.8026
Car -1 -1 -7.2822 735.5976 177.5269 879.9311 248.6742 1.6080 1.6755 4.0241 5.1030 1.7406 18.5377 -7.0185 0.7459
Car -1 -1 -7.2080 693.3430 180.9423 776.3662 221.2740 1.5100 1.4929 3.5852 5.0998 1.8603 29.4987 -7.0392 0.5744
Pedestrian -1 -1 -7.8069 906.2348 192.6313 940.4717 276.4363 1.4384 0.5444 0.4585 5.5331 1.7995 12.8609 -7.4100 0.3896
Cyclist -1 -1 -4.7174 241.0201 183.8693 256.6414 233.6054 1.7346 0.4973 1.7853 -13.3008 2.1524 26.4761 -5.1793 0.1219
Car -1 -1 -4.7677 641.4634 179.2480 661.3499 196.8054 1.5127 1.5871 3.7616 3.7060 2.1088 65.4187 -4.7118 0.1211
Car -1 -1 -3.9268 284.6149 189.2682 355.0352 214.5774 1.4288 1.6633 4.2146 -18.4288 2.5250 45.9346 -4.3067 0.1173
Cyclist -1 -1 -6.4020 536.8610 177.6329 573.0833 217.3528 1.8414 0.6226 1.6403 -2.6402 2.0696 34.0279 -6.4795 0.1156
Car -1 -1 -4.8245 781.5339 169.2823 805.3412 189.2001 1.8106 1.6832 4.3401 17.1923 1.4856 67.8529 -4.5777 0.0936
Pedestrian -1 -1 -4.8405 0.6002 173.5703 17.9941 221.7821 1.9537 0.5197 0.2525 -24.6219 1.9830 29.5232 -5.5313 0.0912
Car -1 -1 -7.8483 91.7534 178.6264 131.7253 211.3638 1.5926 1.6548 3.8368 -26.1637 1.9118 37.8778 -8.4497 0.0747
Car -1 -1 -6.0954 559.0171 181.9235 611.4431 204.5103 1.5595 1.6516 3.5141 -1.7879 2.2235 51.7717 -6.1302 0.0738
Car -1 -1 -4.8436 490.7993 184.8621 520.5754 206.4245 1.4738 1.7009 3.8369 -7.8276 2.4020 53.7104 -4.9881 0.0659
Car -1 -1 -4.7515 157.3717 188.4660 202.0234 223.6775 1.4129 1.6006 4.0778 -19.7632 2.1732 33.0026 -5.2877 0.0646
Car -1 -1 -4.5303 676.8346 173.6344 701.1134 190.6948 1.5940 1.6358 4.0311 7.6466 1.6716 69.7803 -4.4220 0.0625
Car -1 -1 -4.9925 259.4525 188.4420 328.1798 225.8096 1.4332 1.6387 4.2934 -13.9718 2.1639 31.6636 -5.4053 0.0584
Car -1 -1 -4.6195 949.6293 188.7964 997.4468 225.3092 1.4570 1.5896 4.0652 16.5329 2.2291 32.8116 -4.1570 0.0583
Car -1 -1 -4.7137 219.7704 186.7998 262.4014 222.0355 1.4141 1.6349 4.1053 -16.8505 2.0922 32.8982 -5.1841 0.0571
Pedestrian -1 -1 -3.2469 202.0801 188.9495 257.9853 330.8290 1.6893 0.5672 0.5687 -4.8380 1.9002 9.0736 -3.7253 0.0555
Car -1 -1 -5.2254 862.1964 185.9891 920.0131 213.1556 1.5433 1.5870 4.0160 17.4703 2.4027 45.1238 -4.8588 0.0553
Pedestrian -1 -1 -4.2729 0.0000 182.3315 37.7024 273.2918 1.8531 0.5838 0.6772 -12.6125 2.0575 15.1824 -4.9576 0.0534
Car -1 -1 -4.3448 510.6082 179.8875 550.5607 200.6109 1.6024 1.7412 4.6603 -6.5674 2.2106 59.9468 -4.4538 0.0533
Pedestrian -1 -1 -6.6004 538.5034 182.9677 554.2051 219.4848 1.6795 0.6657 0.5524 -3.0277 2.1592 33.8299 -6.6897 0.2441
Cyclist -1 -1 -4.5509 542.7410 182.2435 560.6972 219.8496 1.7078 0.6014 1.5641 -2.7761 2.1601 33.9725 -4.6325 0.1163
Cyclist -1 -1 -6.2831 537.9715 179.0828 574.7870 218.4799 1.8173 0.6354 1.7030 -2.5512 2.1120 33.7848 -6.3585 0.1083
Pedestrian -1 -1 -6.1241 430.6536 182.6589 443.8340 210.0447 1.7099 0.7297 0.7059 -10.9774 2.3362 45.7201 -6.3589 0.0937
Cyclist -1 -1 -4.8990 533.1243 182.4792 550.8172 219.4720 1.6775 0.5312 1.6491 -3.2592 2.1428 34.0353 -4.9944 0.0587
Pedestrian -1 -1 -7.0500 612.0660 178.0328 630.5107 214.8267 1.8540 0.6704 0.6659 0.5385 2.1223 36.9619 -7.0362 0.0570
Car -1 -1 -4.4843 446.4528 185.8674 500.6882 222.4201 1.5027 1.5845 3.9758 -6.2314 2.1363 33.1222 -4.6694 0.9377
Car -1 -1 -3.9191 168.7656 185.5520 264.7266 216.2617 1.4378 1.6936 4.5899 -20.7537 2.1536 38.2446 -4.4136 0.7205
Car -1 -1 -4.4487 508.0409 183.1788 540.9506 202.3850 1.4392 1.6262 4.1598 -6.9244 2.3083 58.5829 -4.5662 0.6770
Car -1 -1 -7.1566 670.3500 181.7675 743.6580 214.0164 1.4813 1.6061 3.7374 4.8367 1.9489 36.0217 -7.0248 0.5304
Car -1 -1 -4.5241 311.9000 187.3541 357.5352 217.3586 1.4206 1.5332 4.0100 -14.5867 2.2324 38.3059 -4.8860 0.3785
Car -1 -1 -4.5514 578.7218 181.3617 602.2173 199.0551 1.5323 1.5542 3.9611 -1.7923 2.3409 66.5390 -4.5787 0.3328
Car -1 -1 -7.8497 536.7827 185.1626 571.9294 218.2838 1.4725 1.6331 3.8877 -2.7762 2.1130 35.5630 -7.9276 0.2934
Car -1 -1 -7.8526 605.1459 181.3978 638.1649 213.6786 1.5965 1.6785 3.6979 0.5816 2.0746 38.5330 -7.8382 0.2329
Car -1 -1 -4.6906 412.6326 186.6303 443.4429 214.7764 1.4361 1.6147 4.2965 -10.4076 2.2681 41.3156 -4.9364 0.1905
Car -1 -1 -4.8458 494.6324 187.1079 541.1016 223.0673 1.4693 1.6085 3.8891 -4.3378 2.1665 33.2228 -4.9752 0.1634
Car -1 -1 -6.6703 622.6913 181.7618 679.3455 205.7864 1.5524 1.6256 3.4807 2.7426 2.1730 48.9511 -6.6152 0.1399
Car -1 -1 -3.7945 45.6405 186.3641 164.9596 224.3751 1.4924 1.7143 4.1716 -22.4061 2.1366 32.1752 -4.3991 0.1392
Car -1 -1 -4.7046 425.9891 185.2901 451.4298 209.6687 1.4679 1.5718 4.0450 -11.3570 2.3281 47.7818 -4.9371 0.1324
Car -1 -1 -4.5741 536.3440 180.0085 567.9846 205.1088 1.6394 1.6446 4.2096 -4.0342 2.1611 50.5006 -4.6539 0.1067
Car -1 -1 -4.4071 454.6388 182.6239 500.1508 208.7100 1.5470 1.6823 4.2941 -8.5520 2.2092 46.6981 -4.5877 0.1014
Car -1 -1 -4.2919 248.0701 186.5656 316.2259 216.7507 1.4185 1.6984 4.1610 -17.1539 2.1777 37.8829 -4.7148 0.0789
Car -1 -1 -4.0026 244.3184 185.5327 319.5536 213.4379 1.4837 1.6681 4.2741 -19.3674 2.2743 42.7250 -4.4261 0.0776
Car -1 -1 -4.7856 500.2932 181.3256 528.2332 205.2601 1.5821 1.6628 4.3004 -6.9118 2.2141 51.5789 -4.9186 0.0745
Car -1 -1 -4.8262 487.3747 182.4554 523.0153 211.0687 1.6161 1.6923 4.3216 -6.5602 2.2400 44.6057 -4.9719 0.0634
Car -1 -1 -2.6771 348.6379 186.5729 436.1719 216.8722 1.4633 1.6536 3.9862 -11.1849 2.1895 37.0525 -2.9687 0.0597
Car -1 -1 -4.5067 473.1266 183.1158 506.6093 204.8268 1.5259 1.6705 4.3131 -9.1318 2.3386 54.9712 -4.6710 0.0550
Car -1 -1 -4.6656 458.8940 184.2027 491.4092 212.3086 1.4923 1.6792 3.9382 -7.8475 2.1858 42.0437 -4.8495 0.0537
