Pedestrian -1 -1 -6.2985 166.7924 167.4417 175.1091 208.9809 1.9443 0.5136 0.3288 -20.7784 1.6907 34.0782 -6.8428 0.1074
Pedestrian -1 -1 -5.9703 437.7883 175.4630 453.6893 203.9250 1.6870 0.6011 0.7806 -9.8588 1.8439 43.1614 -6.1940 0.1003
Pedestrian -1 -1 -3.5679 731.1312 161.6133 752.7969 198.4030 1.8513 0.6442 0.8981 6.6751 1.2854 36.7312 -3.3899 0.0980
Pedestrian -1 -1 -7.9672 900.5995 158.3716 922.4571 207.0620 1.9276 0.7245 0.7737 12.0828 1.3540 29.0368 -7.5768 0.0973
Pedestrian -1 -1 -4.4773 71.4815 174.7584 95.5698 221.7008 1.8413 0.6989 0.3965 -20.9405 1.9175 28.6451 -5.1043 0.0925
Pedestrian -1 -1 -8.0537 192.1368 172.0507 213.1422 219.4839 2.0449 0.7221 0.4643 -17.8364 2.0100 31.5182 -8.5653 0.0790
Cyclist -1 -1 -8.3426 923.7565 162.5682 966.4781 216.3628 1.7318 0.5331 1.7329 11.1253 1.4004 24.1101 -7.9153 0.0773
Pedestrian -1 -1 -7.5161 207.1847 170.4957 231.4854 224.0273 1.9309 0.6326 0.5520 -14.3061 1.8455 26.3475 -8.0096 0.0766
Cyclist -1 -1 -8.2655 823.9375 170.2471 852.7646 214.6348 1.6245 0.4503 1.5385 8.5466 1.5288 27.1960 -7.9647 0.0763
Pedestrian -1 -1 -7.7056 145.3528 172.3410 168.2648 226.5546 1.9555 0.6380 0.5261 -16.6179 1.9367 26.3937 -8.2632 0.0685
Car -1 -1 -6.5722 896.9549 155.8415 978.2054 183.1878 1.5194 1.6157 3.9180 18.5849 0.5739 41.1486 -6.1507 0.0660
Car -1 -1 -7.2653 1221.7794 136.6964 1241.0000 374.0000 1.6046 1.6219 4.1401 7.0246 1.3923 5.1942 -6.3582 0.0629
Cyclist -1 -1 -7.7071 494.6980 177.2552 503.0078 200.3251 1.5820 0.3633 1.4802 -7.8068 1.8943 50.5042 -7.8601 0.0619
Car -1 -1 -4.2822 270.9653 147.2866 324.6585 173.6294 1.5720 1.5900 3.8936 -19.4427 0.0460 45.0220 -4.6877 0.0618
Car -1 -1 -3.4446 423.2170 178.1188 491.3253 203.1153 1.5131 1.5792 3.9607 -9.7648 1.8608 46.0337 -3.6529 0.0519
Pedestrian -1 -1 -6.5036 231.1071 173.9382 245.6545 217.8270 1.9330 0.6748 0.4413 -16.6273 1.9817 32.1988 -6.9772 0.0517
Car -1 -1 -6.5227 448.1962 177.0207 520.7214 202.6819 1.4917 1.6599 4.0834 -7.6941 1.7548 44.0350 -6.6951 0.0513
Pedestrian -1 -1 -8.5703 841.1229 164.0763 857.7243 207.9217 1.8025 0.5564 0.3571 9.8890 1.4414 29.9362 -8.2546 0.0511
Car -1 -1 -6.8739 1028.9556 168.7508 1241.0000 256.3608 1.4202 1.5020 3.9768 9.6783 1.3533 12.5541 -6.2288 0.0501
Cyclist -1 -1 -4.2455 495.9853 170.7796 525.6984 210.6553 1.7742 0.5956 1.8175 -4.5696 1.6816 33.0603 -4.3822 0.4985
Pedestrian -1 -1 -3.0312 576.9153 168.6317 589.0154 190.6623 1.8473 0.4298 0.9771 -2.2998 1.4930 60.7524 -3.0692 0.2772
Pedestrian -1 -1 -3.6121 776.6935 165.1213 791.6066 198.1605 1.8377 0.5654 0.6239 9.7311 1.4073 40.4816 -3.3782 0.2762
Cyclist -1 -1 -8.1307 712.6392 166.7857 734.1918 206.4712 1.7398 0.5095 1.6942 5.0549 1.4735 32.5048 -7.9783 0.2408
Pedestrian -1 -1 -3.9045 216.1615 191.1940 252.4684 251.9846 1.4378 0.5359 0.5772 -9.2326 1.8950 17.6424 -4.3808 0.1764
Pedestrian -1 -1 -5.7302 581.4992 168.3297 593.5216 189.5135 1.8018 0.4693 0.9198 -1.9510 1.4167 61.8040 -5.7619 0.1719
Pedestrian -1 -1 -8.2901 746.1779 172.4067 772.8721 226.4869 1.5675 0.6110 0.5065 4.3473 1.5542 21.2310 -8.0916 0.1698
Pedestrian -1 -1 -4.9423 1095.8582 149.4240 1138.3441 237.1088 1.7786 0.5892 0.6338 10.5040 1.3031 15.0381 -4.3421 0.1342
Cyclist -1 -1 -8.5483 728.4792 168.3974 773.6032 228.1798 1.7054 0.4318 1.5197 4.1071 1.5780 21.3521 -8.3615 0.0888
Cyclist -1 -1 -6.2193 578.8269 168.2412 599.4143 188.9739 1.7735 0.5172 1.7396 -1.8154 1.3786 62.0099 -6.2487 0.0817
Pedestrian -1 -1 -6.5085 578.0690 170.3942 586.9467 190.8313 1.7162 0.6950 0.6095 -2.3509 1.5093 61.0061 -6.5472 0.0793
Pedestrian -1 -1 -4.3307 94.1357 186.7487 133.7580 263.4328 1.6587 0.5120 0.6787 -11.1330 1.9765 16.1330 -4.9273 0.0782
Pedestrian -1 -1 -7.0723 695.0852 167.6570 705.9201 188.4427 1.7286 0.6261 0.6478 7.5570 1.2961 60.4523 -6.9488 0.0732
Cyclist -1 -1 -6.1666 731.4321 169.3835 786.6884 229.3170 1.7083 0.5396 1.5291 4.3021 1.6091 21.0595 -5.9685 0.0710
Cyclist -1 -1 -7.5043 495.7208 174.7209 510.3196 199.0872 1.6759 0.5211 1.5268 -7.5190 1.8084 50.5489 -7.6516 0.0690
Pedestrian -1 -1 -8.0645 785.8190 162.8171 800.6509 196.2693 1.8213 0.6471 0.7429 10.0318 1.2746 39.6677 -7.8189 0.0683
Cyclist -1 -1 -5.7319 197.5184 183.6974 271.5359 252.8865 1.6587 0.5137 1.5783 -9.2585 1.9294 17.7125 -6.2078 0.0651
Cyclist -1 -1 -8.3500 750.3975 169.5383 792.4512 229.0264 1.6668 0.4890 1.5936 4.6398 1.5736 21.0505 -8.1367 0.0621
Pedestrian -1 -1 -8.6833 793.0566 163.1739 808.8885 196.2809 1.8587 0.6661 0.5675 10.7945 1.3149 40.9269 -8.4275 0.0616
Pedestrian -1 -1 -4.0744 1002.3149 152.2669 1046.5386 239.0215 1.8117 0.5593 0.6276 8.8182 1.3815 15.4515 -3.5645 0.0615
Pedestrian -1 -1 -4.8795 1083.4854 152.0788 1120.9521 238.9300 1.7642 0.5445 0.6124 10.2017 1.3419 15.0471 -4.2931 0.0614
Cyclist -1 -1 -8.0770 575.5290 171.4107 583.9882 189.5478 1.5617 0.3824 1.6410 -2.6673 1.4371 62.9698 -8.1194 0.0601
Pedestrian -1 -1 -4.7028 1068.2007 151.3318 1099.0790 237.6711 1.7588 0.5309 0.6177 9.8562 1.3201 15.1019 -4.1339 0.0599
Pedestrian -1 -1 -6.4894 689.6506 169.2038 701.4331 190.1484 1.6892 0.6102 0.8412 6.9110 1.3945 58.5350 -6.3727 0.0573
Pedestrian -1 -1 -8.1417 999.5927 150.8875 1036.1703 232.6810 1.8140 0.5587 0.6400 9.1950 1.3266 16.3748 -7.6381 0.0557
Cyclist -1 -1 -7.9595 781.8101 165.7776 795.2769 198.0676 1.7470 0.5343 1.7657 9.8387 1.3638 39.9475 -7.7201 0.0546
Pedestrian -1 -1 -3.8640 575.3885 170.0285 582.9979 189.9214 1.6766 0.6032 0.3267 -2.6359 1.4382 61.1430 -3.9072 0.0544
Pedestrian -1 -1 -8.8175 909.4551 153.2574 923.4855 180.1807 1.8196 0.5603 0.6830 20.8649 0.4949 49.2020 -8.4187 0.0542
Car -1 -1 -4.3295 313.9735 184.6857 424.7985 246.8932 1.4456 1.5423 3.6733 -6.3728 1.7938 19.3693 -4.6438 0.9699
Car -1 -1 -4.3917 528.4614 174.9704 565.2989 197.2287 1.5393 1.5327 3.8321 -4.5649 1.6985 52.3296 -4.4786 0.6515
Car -1 -1 -8.0195 678.5943 170.8135 704.3079 188.3686 1.4164 1.5588 3.5213 6.7187 1.2514 60.0146 -7.9088 0.4139
Car -1 -1 -8.2404 501.5576 171.5203 536.6493 189.7227 1.5094 1.6035 3.9828 -7.8625 1.3985 61.9604 -8.3663 0.1947
Car -1 -1 -4.5326 478.9734 172.1934 511.6217 198.1522 1.7884 1.6350 3.9206 -8.2037 1.7426 51.6892 -4.6896 0.1199
Car -1 -1 -6.9169 706.5052 171.4979 779.6496 199.2788 1.4976 1.6404 3.8040 7.4312 1.4242 40.4682 -6.7369 0.1092
Car -1 -1 -6.5145 898.4039 153.8772 969.8439 176.6758 1.5338 1.6391 4.2254 22.2527 0.2568 49.7399 -6.0960 0.0933
Car -1 -1 -7.7721 581.9716 171.8603 603.6883 189.0843 1.4709 1.6041 3.8880 -1.5084 1.3857 63.6040 -7.7961 0.0837
Car -1 -1 -4.8863 634.1813 171.8197 662.4484 191.4839 1.5290 1.5924 4.0455 3.0270 1.4483 58.2088 -4.8350 0.0808
Car -1 -1 -7.8746 637.8881 170.0363 657.4750 189.0898 1.6511 1.6579 4.2153 3.3250 1.4066 64.6570 -7.8238 0.0736
Car -1 -1 -7.5471 477.1395 177.7060 532.3121 210.6031 1.4380 1.5383 3.6658 -4.9439 1.6796 34.0428 -7.6907 0.0536
