Pedestrian -1 -1 -4.3092 345.3943 149.5002 431.7235 315.8026 1.9295 0.6494 1.0775 -2.7713 1.6582 8.9426 -4.6025 0.2873
Pedestrian -1 -1 -3.2790 52.7948 167.7670 74.7839 229.1522 1.9382 0.5997 0.4874 -17.5860 1.7773 23.1667 -3.9229 0.1888
Pedestrian -1 -1 -7.3400 966.8015 165.8234 983.5504 204.1639 1.9494 0.5782 0.5393 18.7245 1.5917 37.0773 -6.8759 0.1591
Pedestrian -1 -1 -2.9337 302.2853 161.4556 400.8759 346.4184 1.6931 0.3835 0.8185 -2.4940 1.5884 6.8479 -3.2719 0.1370
Pedestrian -1 -1 -3.3715 191.0314 170.0372 211.1389 216.7415 1.9752 0.5877 0.6341 -17.5812 1.8558 30.9460 -3.8847 0.1176
Cyclist -1 -1 -8.2261 1111.7654 171.7042 1164.4824 248.8024 1.6234 0.3689 1.6028 11.6398 1.5989 16.0153 -7.6068 0.1162
Cyclist -1 -1 -7.2451 284.5623 174.4451 317.3297 215.5490 1.7228 0.4976 1.5553 -13.3554 1.7929 31.1172 -7.6477 0.0968
Cyclist -1 -1 -7.5326 282.5515 176.6832 306.3795 216.2346 1.6483 0.4325 1.6725 -13.6241 1.8175 31.0879 -7.9428 0.0943
Cyclist -1 -1 -6.1870 590.3705 168.3501 634.7177 214.7353 1.9034 0.6239 1.7938 0.0688 1.7183 30.0065 -6.1854 0.0900
Pedestrian -1 -1 -3.2662 314.9752 170.5456 332.8471 209.8849 1.8700 0.6438 0.7264 -13.8227 1.7600 34.7553 -3.6424 0.0864
Cyclist -1 -1 -7.7257 378.6285 175.3071 390.5049 202.1235 1.6972 0.5359 1.5717 -14.5981 1.8583 46.6376 -8.0278 0.0849
Cyclist -1 -1 -7.6874 152.4251 176.6905 178.6707 229.7702 1.7017 0.4784 1.6267 -14.8760 1.8340 24.0981 -8.2358 0.0781
Pedestrian -1 -1 -6.4450 930.6054 178.6176 945.3749 207.5243 1.5307 0.5100 0.6448 17.5356 1.8419 38.6683 -6.0226 0.0754
Pedestrian -1 -1 -4.4106 968.3865 163.2339 996.3558 220.2000 1.9019 0.6068 0.9221 12.6673 1.5804 24.6321 -3.9410 0.0710
Cyclist -1 -1 -7.5548 157.3656 175.3220 191.2161 229.6141 1.7469 0.5076 1.6293 -14.6082 1.8321 24.1458 -8.0942 0.0646
Pedestrian -1 -1 -6.8179 662.6149 172.3736 674.0275 193.2212 1.8095 0.4123 0.9105 5.0696 1.7675 63.0122 -6.7384 0.0634
Pedestrian -1 -1 -5.3248 278.0586 178.6158 299.0856 217.1505 1.6009 0.5974 0.5625 -13.6278 1.8474 30.4973 -5.7421 0.0631
Pedestrian -1 -1 -4.9143 140.7005 172.0433 170.1847 231.4514 1.8214 0.6638 0.6605 -14.2798 1.7962 22.5898 -5.4730 0.0572
Cyclist -1 -1 -7.5359 160.5057 176.0672 197.0435 230.0544 1.7107 0.5292 1.6934 -14.2809 1.8206 23.8530 -8.0707 0.0543
Pedestrian -1 -1 -3.0100 1037.8691 165.7606 1062.1012 222.8723 1.8740 0.5773 0.6242 14.6468 1.6410 24.0964 -2.4698 0.0535
Cyclist -1 -1 -7.7882 271.7904 173.7287 286.3933 216.2392 1.7710 0.4576 1.6818 -14.2347 1.8093 30.9632 -8.2161 0.0527
Cyclist -1 -1 -6.5787 919.3571 173.8428 954.2874 206.2317 1.7288 0.5744 1.6185 17.5823 1.7824 38.9224 -6.1577 0.0501
Car -1 -1 -8.5484 739.8664 175.3978 793.1086 200.2888 1.5076 1.3930 3.4940 9.8874 1.6759 45.9540 -8.3382 0.8887
Car -1 -1 -4.6850 790.8853 171.3503 812.9576 193.5074 1.7668 1.6643 3.9528 15.8701 1.6466 59.6656 -4.4266 0.0730
Car -1 -1 -7.8881 662.8802 174.4787 683.1547 195.2247 1.7939 1.6692 3.9570 5.6020 1.9439 64.7259 -7.8026 0.0672
Car -1 -1 -6.3084 1120.8380 184.8657 1241.0000 219.2960 1.4681 1.6242 4.3913 26.8040 2.0679 34.0898 -5.6468 0.0668
Car -1 -1 -4.7550 853.8147 176.6402 892.9608 209.8604 1.5142 1.6130 4.2104 12.9125 1.7128 35.6510 -4.4107 0.0602
Car -1 -1 -4.8296 792.4560 174.7612 832.6402 206.4570 1.6021 1.6155 3.8844 10.7846 1.7096 38.7578 -4.5606 0.0600
Car -1 -1 -2.5804 238.4685 172.0012 291.2468 190.9320 1.7270 1.6296 4.1901 -31.9901 1.6489 66.8756 -3.0252 0.0569
Car -1 -1 -5.1837 788.2238 172.7434 833.6163 196.2200 1.7427 1.7371 4.0014 15.4247 1.7342 55.6954 -4.9153 0.0565
Car -1 -1 -7.6330 248.3499 179.9273 305.4765 216.2633 1.4638 1.5354 3.5103 -14.5900 1.7924 31.6731 -8.0618 0.0558
Car -1 -1 -6.4712 375.2557 176.6109 442.9662 202.4150 1.6139 1.6815 4.0293 -13.1833 1.8682 47.2543 -6.7422 0.0529
