Cyclist -1 -1 -4.8885 335.1837 173.9175 354.3975 210.5554 1.8672 0.6333 1.8343 -13.9341 1.9240 37.7802 -5.2399 0.2018
Pedestrian -1 -1 -6.9783 763.8810 169.9131 777.0639 193.6994 1.9036 0.4811 0.9503 12.9117 1.6679 58.1750 -6.7613 0.1459
Cyclist -1 -1 -3.7797 105.4590 183.0025 164.1132 232.3108 1.6806 0.5616 1.7707 -17.0764 2.0577 25.9026 -4.3580 0.1263
Cyclist -1 -1 -2.4156 203.0712 179.7049 236.6971 211.1477 1.7491 0.5631 1.7396 -22.1055 2.1409 40.8195 -2.9094 0.0865
Pedestrian -1 -1 -3.4682 440.2843 169.2814 455.8552 196.2779 1.9209 0.5489 0.9663 -11.6611 1.6664 51.8251 -3.6888 0.0830
Pedestrian -1 -1 -5.4882 197.7921 176.1839 217.7889 209.8805 1.8863 0.5985 0.8035 -22.8183 2.0765 40.8720 -5.9948 0.0619
Cyclist -1 -1 -5.2054 1132.6168 152.0083 1170.0475 189.7777 1.6774 0.6062 1.7441 24.6560 0.7513 32.9512 -4.5674 0.0564
Cyclist -1 -1 -7.2969 1101.0673 159.1063 1142.0004 204.4292 1.8425 0.6427 1.6006 21.1844 1.2834 29.9426 -6.6861 0.0525
Car -1 -1 -3.7832 62.1395 190.6216 177.8879 234.2872 1.3725 1.4590 3.1876 -17.4964 2.0516 25.8452 -4.3738 0.1827
Car -1 -1 -5.7937 251.2223 183.8738 327.5704 209.5844 1.5553 1.6233 4.1147 -20.1862 2.2635 45.4313 -6.2099 0.1546
Car -1 -1 -3.0222 491.1436 178.9860 557.1981 204.7347 1.5424 1.6797 3.8702 -5.2858 1.9271 44.4642 -3.1403 0.1229
Car -1 -1 -4.6315 777.7261 175.9094 806.4525 199.6294 1.5256 1.5949 3.8571 12.3717 1.7418 49.0271 -4.3862 0.1123
Car -1 -1 -6.3291 1137.3243 146.8952 1241.0000 184.0673 1.5757 1.6219 4.2367 26.3279 0.4750 32.4901 -5.6525 0.1065
Car -1 -1 -4.0085 205.3321 185.3276 270.4412 212.4673 1.4553 1.5717 3.3718 -21.7257 2.2157 42.1840 -4.4818 0.0842
Car -1 -1 -7.2110 156.9158 181.1648 231.3790 211.9098 1.6195 1.6466 3.9318 -23.6686 2.1170 41.1682 -7.7303 0.0816
Car -1 -1 -4.7198 422.2736 178.5062 451.9008 207.0388 1.5817 1.6412 4.2751 -10.3949 1.9373 43.1697 -4.9551 0.0767
Car -1 -1 -4.2724 245.6574 181.1506 309.7010 211.9231 1.6059 1.6735 4.1637 -18.7704 2.0996 40.8733 -4.7007 0.0745
Car -1 -1 -4.7480 288.7458 181.8117 325.9771 212.7621 1.4706 1.6524 4.1692 -15.9416 1.9676 37.8189 -5.1447 0.0671
Car -1 -1 -4.0843 323.6134 172.0886 375.3015 199.1438 2.1405 1.8285 4.2898 -21.4104 2.0797 59.4005 -4.4291 0.0623
Car -1 -1 -4.9864 955.4302 169.3969 1012.6513 202.2949 1.5450 1.5703 3.6578 18.4583 1.3823 35.8333 -4.5144 0.0593
Car -1 -1 -4.8459 460.7381 180.3684 506.7580 215.3208 1.5370 1.6438 4.1768 -6.2084 1.9238 34.9308 -5.0210 0.0581
Car -1 -1 -5.4044 1038.9844 136.8715 1113.8630 165.2565 1.5777 1.6787 3.8572 27.7971 -0.4764 43.2017 -4.8356 0.0573
Car -1 -1 -4.8498 661.3541 177.0219 685.8818 194.5949 1.4282 1.5592 3.8797 5.3706 1.7949 61.5567 -4.7636 0.0565
Car -1 -1 -4.7567 754.2088 175.6524 778.9044 197.6244 1.5816 1.6398 3.9030 11.7660 1.8007 54.5224 -4.5457 0.0550
Car -1 -1 -4.7222 355.8020 178.9208 384.6540 208.1360 1.6851 1.6237 4.0141 -14.8973 2.0786 44.6774 -5.0426 0.0544
Car -1 -1 -4.8436 202.1725 188.3100 258.1486 228.2178 1.4229 1.5410 3.6451 -15.4339 2.0886 29.1568 -5.3269 0.0528
