Car -1 -1 -4.1509 510.8481 172.3864 570.7868 204.5827 1.7832 1.6726 3.8749 -4.0139 1.7570 42.0692 -4.2459 0.3393
Pedestrian -1 -1 -7.3156 322.9858 163.2798 340.6774 196.1172 1.7447 0.6930 0.5654 -14.9459 1.2357 38.6750 -7.6823 0.2440
Pedestrian -1 -1 -4.9689 1158.5768 139.0873 1208.4719 233.6166 1.8802 0.6255 0.7468 11.7085 1.2083 14.8173 -4.3101 0.1831
Car -1 -1 -4.7153 982.2580 169.5910 1003.3915 188.3908 1.6105 1.6086 3.9600 33.8819 1.3307 63.9390 -4.2302 0.1805
Car -1 -1 -4.3940 294.9398 175.7361 349.0406 206.0558 1.4237 1.4833 3.4894 -14.3447 1.5743 36.0042 -4.7709 0.1779
Car -1 -1 -5.9950 845.7833 170.8784 903.4407 190.0609 1.6654 1.6677 4.5661 23.6668 1.4936 64.6708 -5.6459 0.1403
Pedestrian -1 -1 -7.1744 998.1709 157.4052 1025.6615 209.0135 1.8089 0.6143 0.6008 14.2593 1.2671 25.6881 -6.6728 0.1331
Pedestrian -1 -1 -5.5533 1218.0585 143.5609 1241.0000 216.5754 1.8611 0.6606 0.4149 16.1505 1.1142 18.6421 -4.8474 0.1124
Pedestrian -1 -1 -5.7758 0.0000 159.3057 22.5822 222.1364 1.7924 0.6515 0.4701 -17.5699 1.4056 20.9473 -6.4675 0.1054
Car -1 -1 -7.8407 877.6716 166.2986 898.5482 188.7301 2.0331 1.7742 4.6256 26.1640 1.4387 67.8757 -7.4745 0.1007
Car -1 -1 -7.6714 423.2359 175.5853 468.7721 206.6089 1.5031 1.6222 3.8154 -8.4420 1.6511 37.2383 -7.8932 0.0921
Car -1 -1 -7.4476 117.0154 157.2359 206.7651 204.2566 1.7844 1.6848 3.9159 -18.1999 1.1914 29.4401 -7.9974 0.0895
Car -1 -1 -5.0571 564.0601 176.6730 606.9011 201.1001 1.5769 1.6479 4.0728 -1.7599 1.8501 49.4642 -5.0929 0.0872
Car -1 -1 -4.4878 539.9521 177.6466 577.8157 202.8542 1.5448 1.6187 3.9945 -3.3226 1.8714 47.1147 -4.5583 0.0839
Pedestrian -1 -1 -3.0930 454.2845 158.0463 497.5987 249.7490 1.8358 0.4664 0.8484 -2.7818 1.5390 14.7325 -3.2772 0.0737
Car -1 -1 -8.4118 1158.5507 127.7431 1241.0000 158.8496 1.5704 1.6680 4.1441 32.9920 -0.8288 40.5288 -7.7318 0.0694
Car -1 -1 -8.4919 539.0029 176.7175 580.4493 196.6181 1.7243 1.7071 3.9838 -4.6057 2.0852 65.3879 -8.5623 0.0668
Pedestrian -1 -1 -9.0460 979.1263 161.4426 997.4482 196.1256 1.8349 0.6482 0.6789 20.2198 1.2309 38.6416 -8.5673 0.0662
Car -1 -1 -4.5201 504.3773 178.7060 541.6301 202.7006 1.4381 1.6273 4.0752 -5.5722 1.8307 46.3565 -4.6394 0.0637
Car -1 -1 -7.9978 634.0080 170.8741 659.7649 195.7824 2.2541 1.7862 4.4144 3.3962 2.0747 67.5791 -7.9482 0.0630
Car -1 -1 -7.5696 816.5071 171.5485 850.3674 191.3771 1.6561 1.7079 4.1628 19.3511 1.5468 62.4713 -7.2708 0.0582
Car -1 -1 -5.2752 734.5259 176.6172 778.2059 196.0679 1.4805 1.5906 3.8947 11.6593 1.7929 57.8382 -5.0776 0.0576
Pedestrian -1 -1 -4.9859 956.8810 156.2299 974.8757 194.1694 1.9241 0.6492 0.7406 18.2122 1.0807 37.0158 -4.5320 0.0574
Pedestrian -1 -1 -5.0738 1076.9290 154.8382 1120.3906 229.9996 1.8745 0.6794 0.7902 12.4342 1.4249 18.4556 -4.4887 0.0549
Car -1 -1 -7.5228 752.7525 170.7544 799.9766 199.2933 1.6076 1.6393 3.6110 9.8243 1.4890 42.6095 -7.2981 0.0543
Pedestrian -1 -1 -5.4024 376.4983 152.0969 424.0853 241.2380 1.9328 0.6244 0.8498 -4.7432 1.4824 16.1421 -5.6843 0.0533
Car -1 -1 -2.6705 280.0373 161.7206 368.8140 189.9771 1.5203 1.6856 4.2616 -15.7770 0.9210 39.8654 -3.0452 0.0521
Cyclist -1 -1 -8.1205 1218.4274 126.0907 1241.0000 161.6515 1.6896 0.4495 1.7355 30.6564 -0.5685 35.7181 -7.4149 0.0513
Pedestrian -1 -1 -7.8116 722.9855 175.5601 749.7537 231.8627 1.5731 0.7208 1.1284 3.6106 1.6533 20.8471 -7.6433 0.4830
Cyclist -1 -1 -8.1971 1184.4043 180.2078 1241.0000 288.5107 1.5648 0.3792 1.5285 9.4990 1.6878 11.3148 -7.5122 0.4471
Pedestrian -1 -1 -8.1162 845.7757 177.9995 896.9622 277.2629 1.6182 0.7234 0.3828 4.2851 1.7050 12.0020 -7.7821 0.3421
Pedestrian -1 -1 -4.7284 786.8438 187.2534 802.5954 231.5674 1.2577 0.4318 0.5152 5.3166 1.6819 20.9730 -4.4842 0.2176
Pedestrian -1 -1 -5.7375 348.1763 170.9668 365.4969 199.7317 1.7939 0.6884 0.7857 -15.9668 1.6759 45.4174 -6.0740 0.1945
Cyclist -1 -1 -3.7050 659.0339 173.5267 699.0318 212.9960 1.6840 0.6741 1.6298 2.9706 1.7137 31.4778 -3.6124 0.1127
Cyclist -1 -1 -3.2675 770.2009 176.0323 826.6845 233.8465 1.6500 0.5462 1.5310 5.4201 1.7438 20.9969 -3.0190 0.1123
Pedestrian -1 -1 -5.2265 682.4671 182.5896 703.2827 225.3651 1.3664 0.4559 0.5629 2.6554 1.6887 23.5563 -5.1164 0.1095
Cyclist -1 -1 -4.3761 657.7063 173.4374 678.1105 210.1255 1.6943 0.5022 1.4894 2.7061 1.7223 34.1300 -4.2982 0.0986
Pedestrian -1 -1 -5.3284 836.7910 189.2130 861.3247 234.1929 1.2728 0.4169 0.5812 6.9062 1.7565 21.0046 -5.0156 0.0945
Cyclist -1 -1 -7.1606 531.9058 173.3393 566.7083 212.7016 1.6881 0.5673 1.7133 -2.7072 1.7098 31.8312 -7.2453 0.0910
Cyclist -1 -1 -8.1587 680.7281 174.1319 706.0963 225.6772 1.6560 0.3762 1.5773 2.7177 1.6997 24.0317 -8.0482 0.0872
Pedestrian -1 -1 -5.9655 867.0475 174.8252 909.2541 280.7412 1.6966 0.7058 0.4644 4.5728 1.7302 11.9944 -5.6105 0.0783
Pedestrian -1 -1 -7.7927 223.1127 173.4092 243.0715 216.6641 1.6436 0.6490 0.5398 -14.5644 1.6650 27.8050 -8.2715 0.0776
Cyclist -1 -1 -7.8091 678.6010 174.4600 692.7455 222.0245 1.6664 0.4443 1.6143 2.7055 1.7262 26.1653 -7.7079 0.0775
Cyclist -1 -1 -8.3685 669.0305 174.7390 700.8427 225.0881 1.6248 0.3519 1.5136 2.4423 1.6894 24.1046 -8.2695 0.0755
Pedestrian -1 -1 -5.5362 695.7505 180.6548 718.5175 226.9088 1.4275 0.4434 0.5584 3.0125 1.6769 22.7445 -5.4069 0.0754
Cyclist -1 -1 -2.9477 666.8016 175.7555 716.7895 226.8908 1.6416 0.5843 1.5513 2.6442 1.7388 23.7314 -2.8388 0.0722
Cyclist -1 -1 -5.1064 659.8890 173.6126 685.6810 216.4271 1.6685 0.4967 1.4760 2.4612 1.6994 28.9247 -5.0230 0.0686
Pedestrian -1 -1 -8.2701 1126.3071 172.9670 1241.0000 374.0000 1.6321 0.6041 0.6333 4.6096 1.6328 5.8353 -7.6268 0.0681
Pedestrian -1 -1 -4.0135 517.6605 171.5161 540.0833 212.2319 1.7369 0.6044 0.7825 -3.5569 1.6796 31.2737 -4.1264 0.0666
Pedestrian -1 -1 -6.0773 965.2371 166.2269 979.2484 190.0868 1.6644 0.6317 0.7705 25.4830 1.2018 50.8204 -5.6150 0.0644
Cyclist -1 -1 -6.9515 651.3168 172.3396 681.9974 205.5826 1.7595 0.6615 1.5805 3.0201 1.7320 38.9060 -6.8751 0.0635
Pedestrian -1 -1 -8.4791 987.5948 156.9272 1109.5385 374.0000 1.7374 0.6295 0.5730 3.4923 1.6145 5.8767 -7.9658 0.0622
Cyclist -1 -1 -6.6224 651.3670 171.2495 686.3513 210.1612 1.7968 0.6325 1.5094 2.7144 1.7224 33.8172 -6.5435 0.0618
Pedestrian -1 -1 -3.8718 766.5416 177.1518 785.6309 212.8421 1.6112 0.6227 0.5869 7.5725 1.8104 33.0876 -3.6493 0.0600
Cyclist -1 -1 -5.2163 689.6783 174.5257 728.3036 228.9829 1.6593 0.5200 1.5535 3.0703 1.7138 22.8534 -5.0852 0.0562
Cyclist -1 -1 -7.7766 655.3122 175.5775 667.0889 205.7187 1.6057 0.5122 1.7686 2.7727 1.7580 39.5144 -7.7075 0.0561
Pedestrian -1 -1 -7.3071 539.7368 173.6523 559.7027 212.0285 1.6844 0.5919 0.7337 -2.7257 1.7202 32.1497 -7.3915 0.0553
Cyclist -1 -1 -3.8349 955.7382 164.2844 982.2439 189.5239 1.7711 0.6178 1.6752 25.4045 1.1695 51.1266 -3.3763 0.0551
Cyclist -1 -1 -4.6259 378.3949 171.7374 401.2921 219.3396 1.6427 0.6442 1.6058 -7.8902 1.6039 25.7514 -4.9207 0.0549
Pedestrian -1 -1 -6.0019 657.1194 174.1259 677.8161 213.9690 1.6872 0.5851 0.7543 2.4267 1.7422 30.9857 -5.9251 0.0535
Cyclist -1 -1 -7.3962 685.2019 175.7722 702.5630 201.8413 1.7307 0.5172 1.6005 5.6586 1.9314 48.8966 -7.2821 0.0530
Cyclist -1 -1 -6.4585 644.7155 172.6274 678.3297 209.8611 1.7379 0.6518 1.4917 2.3866 1.7271 34.0823 -6.3898 0.0526
Cyclist -1 -1 -4.7769 672.3376 173.6717 688.2830 216.6325 1.6609 0.5274 1.5332 2.7434 1.6940 28.6994 -4.6832 0.0518
Pedestrian -1 -1 -2.4887 528.6175 175.0041 550.4683 212.5817 1.6061 0.6021 0.7288 -3.1022 1.7005 31.3379 -2.5871 0.0518
Pedestrian -1 -1 -6.8406 664.3428 178.0749 680.1179 212.7626 1.4801 0.4808 0.5009 2.6479 1.7080 31.2137 -6.7574 0.0508
Cyclist -1 -1 -5.0659 773.5792 174.0530 809.4676 233.0548 1.6808 0.5188 1.5457 5.3123 1.7173 21.3842 -4.8264 0.0508
Car -1 -1 -7.8713 585.6622 181.0477 640.8999 225.6452 1.3218 1.6867 3.3861 0.0230 1.6102 23.7195 -7.8711 0.9688
Car -1 -1 -8.3362 847.3621 159.9117 1234.2527 374.0000 1.7312 1.6568 4.0557 4.0128 1.6291 7.7203 -7.8734 0.9328
Car -1 -1 -2.2215 375.7115 179.9671 509.4662 236.4562 1.3734 1.5722 3.8356 -4.7076 1.5866 19.8290 -2.4522 0.8310
Car -1 -1 -7.8305 592.3918 176.9445 626.2780 208.8215 1.5310 1.6502 3.5341 -0.0347 1.7499 36.8960 -7.8320 0.8180
Car -1 -1 -2.0882 234.6245 179.0262 437.2130 279.8408 1.4307 1.5699 3.7247 -4.7876 1.5505 12.2472 -2.4541 0.7809
Car -1 -1 -6.9261 869.0156 172.9971 1024.3416 235.3999 1.5966 1.5944 3.6015 9.0678 1.6004 19.6312 -6.4997 0.7376
Car -1 -1 -4.1873 41.7910 180.4424 248.3515 274.1360 1.4275 1.4827 3.6556 -8.2561 1.5848 13.1392 -4.7394 0.7286
Car -1 -1 -4.3160 221.1572 171.1411 302.7355 208.4662 1.4381 1.5688 4.0967 -14.3416 1.3718 29.8841 -4.7602 0.6308
Car -1 -1 -1.9083 123.1484 182.3059 358.1411 324.9136 1.4263 1.5698 3.6142 -4.9103 1.5711 9.2684 -2.3843 0.6260
Car -1 -1 -8.6445 923.9548 167.1597 983.6785 190.2805 1.6142 1.6386 3.8849 24.9136 1.2164 52.4814 -8.2037 0.5435
Car -1 -1 -4.0802 69.7185 173.9249 190.8249 222.8462 1.4017 1.5389 3.1710 -14.7918 1.4370 22.3694 -4.6591 0.5415
Car -1 -1 -8.7037 1145.6522 189.6948 1241.0000 374.0000 1.5070 1.5370 3.8275 3.7895 1.6095 2.4255 -7.7567 0.4968
Car -1 -1 -8.3582 414.1517 175.6903 516.3530 226.5280 1.4690 1.5910 3.7085 -4.7241 1.5667 22.9924 -8.5591 0.4959
Car -1 -1 -4.3409 212.6129 180.6932 328.1758 243.3275 1.3799 1.4384 3.4764 -8.4368 1.5958 18.1190 -4.7714 0.4532
Car -1 -1 -2.3047 444.6623 178.6406 535.2452 213.6173 1.3623 1.5424 3.9293 -5.1619 1.6215 30.5314 -2.4713 0.3867
Car -1 -1 -7.7941 336.6029 171.0235 366.9182 198.1630 1.6874 1.6294 3.7528 -16.7736 1.5733 46.8918 -8.1361 0.1619
Car -1 -1 -4.8637 634.7824 176.7146 672.6260 205.3717 1.5998 1.6177 4.2512 2.5189 1.8416 43.0618 -4.8062 0.1423
Car -1 -1 -7.8361 380.7737 176.3734 421.8000 211.8738 1.3944 1.5810 3.6490 -8.8810 1.5534 30.6982 -8.1158 0.1418
Car -1 -1 -4.0648 0.0000 183.1844 44.7099 336.3641 1.3934 1.5306 3.5003 -8.7975 1.5432 8.6462 -4.8434 0.1397
Car -1 -1 -2.3046 473.2246 172.4011 560.4674 210.6580 1.6391 1.6616 4.0341 -4.3250 1.6194 32.8564 -2.4349 0.1329
Car -1 -1 -6.6511 701.2910 177.5240 759.1456 200.7717 1.5748 1.6497 3.6460 8.3700 1.9091 50.5288 -6.4883 0.1023
Car -1 -1 -8.3589 646.1262 177.5942 695.4299 201.6223 1.5434 1.6213 3.9947 4.0741 1.8814 49.3499 -8.2775 0.1007
Car -1 -1 -6.4014 660.7615 176.6530 755.0576 210.2276 1.5227 1.6826 4.2000 4.4865 1.7049 33.7867 -6.2710 0.0968
Car -1 -1 -7.8332 861.6951 182.5019 966.0669 277.2061 1.4407 1.5597 3.7835 5.5997 1.6474 13.4390 -7.4470 0.0817
Car -1 -1 -6.6141 660.2614 178.6587 763.6116 216.4795 1.4579 1.5885 3.8495 4.0688 1.7028 29.3197 -6.4782 0.0807
Car -1 -1 -2.6208 270.9576 176.3275 399.6673 218.7748 1.4583 1.6311 4.0840 -9.9412 1.5891 26.1042 -2.9817 0.0799
Car -1 -1 -4.6445 196.4068 170.7015 258.1598 216.8668 1.4284 1.5619 4.0186 -12.9395 1.3615 24.4796 -5.1265 0.0575
Car -1 -1 -8.3458 627.8460 177.2085 677.5006 201.5961 1.5359 1.6375 3.9579 2.7767 1.8403 48.3449 -8.2893 0.0564
