Pedestrian -1 -1 -8.0389 157.9388 179.5681 205.1798 292.1753 1.6679 0.5738 0.3184 -6.6041 1.7732 11.0323 -8.5681 0.2332
Pedestrian -1 -1 -3.4477 779.5974 159.4631 809.2932 223.5009 1.8644 0.6579 0.6820 5.4040 1.4743 21.3569 -3.2038 0.1230
Cyclist -1 -1 -4.3781 205.6819 183.4186 256.4424 258.1983 1.5754 0.5342 1.5231 -8.5412 1.8242 16.2169 -4.8565 0.1220
Cyclist -1 -1 -2.2340 252.0124 177.7241 300.0044 230.4473 1.7805 0.5938 1.7082 -11.6899 1.9544 25.1439 -2.6655 0.0928
Pedestrian -1 -1 -4.8221 111.0632 168.9834 160.4549 294.5751 1.8374 0.5739 0.5411 -7.2517 1.7805 10.9473 -5.3963 0.0663
Pedestrian -1 -1 -4.7941 679.8025 163.0408 695.5065 203.1134 1.7914 0.6609 0.5342 3.4557 1.3524 32.5301 -4.6897 0.0600
Pedestrian -1 -1 -5.0129 375.4486 174.8366 401.5455 231.7213 1.7314 0.5924 0.7121 -6.9441 1.7941 22.4548 -5.3100 0.0547
Pedestrian -1 -1 -4.2548 390.7917 177.2684 418.5863 226.4660 1.6755 0.6569 0.7703 -7.1799 1.8314 25.0899 -4.5312 0.0545
Pedestrian -1 -1 -1.9644 234.3348 163.6448 270.5462 242.6671 1.8803 0.5593 0.7225 -8.7823 1.6609 17.6172 -2.4212 0.0537
Pedestrian -1 -1 -3.5313 1068.0873 137.5477 1101.1461 211.7033 1.7488 0.5830 0.4741 11.3504 0.9159 17.3454 -2.9597 0.0517
Pedestrian -1 -1 -4.6510 723.8582 167.9204 750.5412 240.3919 1.7424 0.6053 0.8076 3.0945 1.6235 17.8103 -4.4826 0.2374
Pedestrian -1 -1 -5.3953 1171.4369 234.1873 1241.0000 374.0000 1.2369 0.3959 0.3966 3.3772 1.5906 3.9634 -4.7265 0.2341
Pedestrian -1 -1 -8.1297 426.8074 175.7062 443.4033 216.3697 1.5956 0.5627 0.3637 -6.9897 1.7097 28.6510 -8.3673 0.1670
Cyclist -1 -1 -8.2994 884.0997 140.6752 1032.9795 367.8519 1.8472 0.5286 1.6828 3.1001 1.5852 6.7159 -7.8847 0.1577
Pedestrian -1 -1 -4.1757 688.0045 159.5922 715.3148 212.0560 1.8616 0.6231 0.8757 3.2774 1.3908 26.1403 -4.0529 0.1539
Pedestrian -1 -1 -5.5117 1135.0311 213.1305 1241.0000 374.0000 1.3668 0.4356 0.4495 3.1652 1.5985 3.8999 -4.8671 0.1316
Pedestrian -1 -1 -5.3377 462.6039 169.5488 481.1900 204.6114 1.7850 0.6312 0.7340 -7.1626 1.6165 37.2146 -5.5270 0.1294
Pedestrian -1 -1 -5.8695 1194.0023 185.2125 1241.0000 374.0000 1.4915 0.5340 0.5696 3.4017 1.5607 3.6867 -5.1641 0.1121
Pedestrian -1 -1 -4.7868 737.6050 159.0354 771.3786 246.3230 1.8126 0.6364 0.9104 3.0342 1.5253 15.4719 -4.5976 0.1017
Pedestrian -1 -1 -7.9600 984.6616 144.7616 1022.8596 230.7867 1.9756 0.7183 0.6585 9.2193 1.3301 17.0099 -7.4710 0.0992
Cyclist -1 -1 -8.3100 1155.9016 130.0753 1241.0000 374.0000 1.7060 0.4716 1.5575 3.6513 1.5145 4.0369 -7.6110 0.0972
Cyclist -1 -1 -8.3166 1093.7568 124.6318 1241.0000 374.0000 1.7463 0.4132 1.5331 3.3717 1.5166 4.2241 -7.6771 0.0941
Pedestrian -1 -1 -3.0227 1094.6714 158.9341 1224.6318 374.0000 1.6369 0.4776 0.5635 3.1184 1.5631 4.1729 -2.4151 0.0903
Pedestrian -1 -1 -4.2466 1205.4835 179.5707 1241.0000 374.0000 1.4745 0.5145 0.4884 3.6214 1.5138 3.9241 -3.5386 0.0794
Pedestrian -1 -1 -8.7978 1105.3802 139.3708 1167.1901 249.5544 1.8918 0.6165 0.6489 9.2692 1.3166 12.7948 -8.1822 0.0724
Cyclist -1 -1 -4.0646 1137.4993 157.9613 1241.0000 374.0000 1.6030 0.5507 1.5440 3.6937 1.5308 3.9103 -3.3453 0.0717
Pedestrian -1 -1 -7.6854 834.8545 159.9436 883.3791 284.5121 1.7975 0.5744 0.8142 3.7173 1.6109 10.9056 -7.3661 0.0678
Pedestrian -1 -1 -7.2875 1145.3905 184.4487 1241.0000 374.0000 1.5131 0.4993 0.6080 3.1206 1.5769 3.6534 -6.6204 0.0648
Cyclist -1 -1 -4.4071 419.4874 173.6935 444.7181 217.8905 1.7093 0.5606 1.4612 -7.1037 1.7433 28.6814 -4.6482 0.0636
Pedestrian -1 -1 -7.0868 705.3257 168.9749 735.7370 229.0893 1.6855 0.5822 0.6364 3.1140 1.5765 20.6560 -6.9401 0.0624
Cyclist -1 -1 -8.5109 694.8897 162.8327 758.2274 239.8459 1.8188 0.5971 1.7597 2.8219 1.5819 17.9553 -8.3584 0.0605
Cyclist -1 -1 -8.8457 979.3997 143.1305 1241.0000 374.0000 1.7134 0.4497 1.6350 3.1009 1.5636 4.4680 -8.2704 0.0595
Pedestrian -1 -1 -8.0782 855.8090 164.4581 914.0211 287.3305 1.7474 0.6269 0.8330 4.0080 1.6277 10.7131 -7.7303 0.0594
Pedestrian -1 -1 -5.8826 698.9933 162.5836 736.9714 234.2824 1.8080 0.6525 0.7813 2.7462 1.5487 18.6756 -5.7396 0.0544
Pedestrian -1 -1 -3.6061 713.4435 159.4343 764.7262 245.5067 1.8262 0.6206 0.9194 2.7575 1.5412 15.7397 -3.4367 0.0543
Pedestrian -1 -1 -7.6871 799.3786 164.1139 852.7304 287.8926 1.7546 0.6392 0.8454 3.1715 1.6304 10.7470 -7.4087 0.0531
Pedestrian -1 -1 -5.9484 866.3887 159.1413 934.2639 284.7315 1.8078 0.5638 0.8119 4.3134 1.6101 10.8634 -5.5807 0.0531
Pedestrian -1 -1 -8.1185 954.8798 153.1491 996.3265 236.1469 1.9116 0.7224 0.6473 8.5540 1.4575 17.0059 -7.6599 0.0508
Cyclist -1 -1 -8.3803 1176.0887 129.0988 1241.0000 258.7019 1.7520 0.5370 1.7745 9.1559 1.1602 10.6734 -7.6850 0.0500
Car -1 -1 -4.2883 0.0000 190.7932 374.1809 374.0000 1.4827 1.6250 4.3351 -3.9747 1.7261 7.5984 -4.7567 0.9744
Car -1 -1 -4.5254 402.0486 184.4300 493.8726 245.2026 1.3973 1.6761 3.9705 -4.2710 1.7399 19.3630 -4.7403 0.9723
Car -1 -1 -7.8551 607.1633 173.0569 654.8011 219.8429 1.5531 1.5830 3.2981 0.6903 1.5605 25.6354 -7.8291 0.9198
Car -1 -1 -4.5718 488.3483 174.4272 534.8706 208.2355 1.5202 1.6633 4.0281 -4.7013 1.5998 34.6508 -4.7060 0.7952
Car -1 -1 -6.8382 894.3208 144.2406 1241.0000 366.7353 1.7637 1.7299 3.8413 4.8274 1.5365 6.6781 -6.2338 0.7605
Car -1 -1 -8.2152 583.8287 169.2068 616.1703 188.0560 1.7136 1.6612 4.1915 -0.9979 1.3817 67.8482 -8.2301 0.2527
Car -1 -1 -6.3111 513.5193 169.0664 560.2629 186.8931 1.6332 1.6250 4.2805 -6.8433 1.2859 67.1860 -6.4124 0.1586
Car -1 -1 -7.8877 637.4479 162.8908 662.5031 187.3913 1.8072 1.7682 4.1942 3.0007 1.0720 55.3355 -7.8341 0.1489
Car -1 -1 -7.6798 455.9482 166.4895 495.3849 198.7187 1.8094 1.6704 3.6238 -7.8669 1.4518 42.3272 -7.8628 0.1435
Car -1 -1 -8.9893 1123.8524 174.6616 1241.0000 374.0000 1.5495 1.6172 3.2949 4.2739 1.5612 3.0343 -8.0813 0.1047
Car -1 -1 -7.6338 418.7947 176.3918 470.6214 209.0519 1.4450 1.5932 3.8448 -7.8217 1.6222 34.2653 -7.8570 0.0976
Car -1 -1 -4.6456 433.3992 177.0779 478.2234 214.9397 1.4708 1.5875 4.0588 -6.5216 1.6622 30.6231 -4.8541 0.0694
Car -1 -1 -6.9154 0.0000 0.0000 1241.0000 374.0000 1.5133 1.5777 3.7804 -3.6992 1.6644 1.9432 -7.9450 0.0546
