Pedestrian -1 -1 -7.1890 686.3719 164.9371 703.3063 203.3359 1.9479 0.6435 0.5785 4.3148 1.5460 37.0350 -7.0744 0.1220
Cyclist -1 -1 -8.1030 713.3067 168.1237 734.8616 215.2194 1.6622 0.3882 1.5898 4.0969 1.4950 26.2761 -7.9506 0.0886
Cyclist -1 -1 -7.5272 445.6257 176.1970 464.5399 208.4343 1.5761 0.4265 1.6409 -7.8213 1.7478 36.2902 -7.7384 0.0825
Cyclist -1 -1 -3.8955 256.5194 175.8461 309.5619 231.4924 1.6310 0.5107 1.5433 -10.0161 1.7255 22.0459 -4.3178 0.0790
Pedestrian -1 -1 -7.8256 413.7827 164.6462 427.9846 205.9963 1.9485 0.6372 0.6220 -9.0472 1.5614 34.3750 -8.0814 0.0782
Pedestrian -1 -1 -8.5068 1002.7601 113.5436 1097.6562 290.9070 1.9562 0.6400 0.6992 5.0144 1.3017 8.3455 -7.9817 0.0682
Pedestrian -1 -1 -3.6356 386.4526 156.6115 396.9711 186.6140 1.8201 0.5107 0.4241 -13.3779 0.8344 44.1025 -3.9287 0.0658
Car -1 -1 -3.2385 664.1966 161.9449 725.7667 187.9766 1.6963 1.6476 3.9122 5.5691 0.9851 47.8756 -3.1236 0.0628
Pedestrian -1 -1 -4.4420 1017.5703 139.0726 1120.8400 347.6991 1.7368 0.6182 0.7643 4.0776 1.4553 6.4941 -3.9023 0.0572
Pedestrian -1 -1 -2.8217 639.3791 169.6606 648.9061 192.1752 1.7836 0.5519 0.6170 2.6962 1.5303 57.5287 -2.7755 0.0569
Pedestrian -1 -1 -3.4122 781.7317 161.0613 829.3030 257.1431 1.6757 0.5771 0.6858 3.4261 1.4698 12.8785 -3.1587 0.0510
Cyclist -1 -1 -7.8095 770.5876 158.4721 794.4210 252.1907 1.7368 0.3975 1.6762 3.3616 1.4700 14.2324 -7.5830 0.0510
Pedestrian -1 -1 -5.1253 373.0342 171.5273 407.9539 241.0217 1.8059 0.5916 0.8742 -5.9174 1.7711 19.2744 -5.4199 0.2083
Pedestrian -1 -1 -5.6791 0.0000 169.8068 82.9419 362.6088 1.9117 0.6457 0.7875 -6.1637 1.8812 7.5027 -6.3497 0.1886
Pedestrian -1 -1 -7.6628 433.4019 177.5210 452.6584 216.6818 1.6085 0.6903 0.5377 -6.9788 1.8039 29.9845 -7.8900 0.1421
Pedestrian -1 -1 -7.0882 686.0792 164.8806 703.1616 203.4706 1.9568 0.6325 0.5981 4.3016 1.5522 37.0218 -6.9739 0.1303
Cyclist -1 -1 -7.7823 562.0681 173.3891 568.0365 194.6167 1.5724 0.3402 1.5414 -3.4058 1.6129 54.2575 -7.8451 0.1298
Pedestrian -1 -1 -7.6019 433.8119 170.5324 454.0740 211.9092 1.7680 0.7306 0.5799 -7.2035 1.6685 31.1298 -7.8279 0.1202
Pedestrian -1 -1 -6.7124 473.8055 169.5000 486.7214 209.8336 1.8005 0.5814 0.3643 -5.8966 1.6505 32.5522 -6.8907 0.1139
Pedestrian -1 -1 -3.4645 675.3665 168.4750 691.0971 201.8220 1.8083 0.6908 0.6718 3.9720 1.5705 39.5382 -3.3656 0.1109
Pedestrian -1 -1 -7.4773 509.9862 169.2462 521.0613 193.8171 1.7822 0.5656 0.7548 -6.9374 1.5202 52.7713 -7.6077 0.1082
Pedestrian -1 -1 -5.6802 272.9565 168.1056 295.3040 231.0072 1.8986 0.5860 0.3533 -10.0250 1.7549 22.0982 -6.1020 0.1031
Pedestrian -1 -1 -3.5771 492.2582 170.5089 503.3590 205.6959 1.8248 0.5014 0.3992 -5.9078 1.7029 37.7383 -3.7317 0.0965
Cyclist -1 -1 -7.8920 559.0603 172.6560 565.2885 194.0986 1.5890 0.4064 1.5612 -3.6292 1.5740 54.2654 -7.9589 0.0917
Pedestrian -1 -1 -5.7681 417.9435 173.2616 442.5434 228.5081 1.7204 0.5140 0.5759 -5.7251 1.7332 22.7985 -6.0120 0.0879
Cyclist -1 -1 -4.8381 482.5524 172.9592 498.5801 207.2881 1.6345 0.5666 1.6612 -5.8811 1.6394 35.2363 -5.0027 0.0805
Pedestrian -1 -1 -5.4323 106.7664 175.0209 197.8600 323.0438 1.8419 0.5720 0.8700 -6.0034 1.8710 9.3899 -5.9888 0.0699
Cyclist -1 -1 -8.0141 544.1431 169.9942 556.2585 196.2842 1.7303 0.5288 1.7938 -4.0525 1.5418 48.4227 -8.0976 0.0629
Pedestrian -1 -1 -5.3801 274.8890 167.7368 298.3617 231.4393 1.9099 0.5752 0.3234 -9.8890 1.7562 21.9627 -5.7991 0.0577
Pedestrian -1 -1 -3.0044 550.0038 171.4135 564.5031 198.2200 1.7458 0.4967 0.8882 -3.4865 1.6517 47.2673 -3.0780 0.0566
Pedestrian -1 -1 -3.5734 502.1350 169.0581 510.7121 200.6896 1.7894 0.4753 0.3132 -5.9380 1.5744 41.1026 -3.7164 0.0548
Cyclist -1 -1 -5.8557 443.6991 167.1239 487.8369 213.1499 1.8763 0.6449 1.6786 -6.0209 1.6424 29.9196 -6.0530 0.0536
Cyclist -1 -1 -4.7795 461.1693 171.9388 477.5714 215.0787 1.7391 0.5595 1.6114 -5.8870 1.7019 29.9385 -4.9725 0.0528
Pedestrian -1 -1 -2.6781 101.1991 176.8459 180.9466 310.5555 1.7876 0.5087 0.7766 -6.5110 1.8440 9.9571 -3.2455 0.0502
Car -1 -1 -4.4775 428.3480 177.8717 530.7296 249.4410 1.5703 1.6349 3.9724 -3.1957 1.7104 18.1496 -4.6500 0.9406
Car -1 -1 -7.8890 537.6212 172.9911 562.4599 196.8366 1.5525 1.5517 3.2953 -4.1081 1.5618 48.7263 -7.9730 0.5023
Car -1 -1 -3.5069 679.9037 170.9812 760.1307 203.3501 1.5542 1.5572 3.6157 5.3968 1.4639 35.7939 -3.3589 0.1471
Car -1 -1 -3.1986 426.8317 170.4285 502.5825 198.5124 1.5980 1.6890 4.2753 -8.5918 1.4597 42.4155 -3.3976 0.1445
Car -1 -1 -7.7557 544.9258 172.7143 570.7799 193.3843 1.5291 1.5980 3.9870 -3.9962 1.5184 55.3898 -7.8277 0.1429
Car -1 -1 -8.0375 685.2891 169.6821 723.3163 196.1072 1.5168 1.5811 3.8297 5.5840 1.3345 43.3740 -7.9107 0.0817
Car -1 -1 -4.4163 484.7673 170.5554 522.6640 195.0256 1.6591 1.6392 3.6845 -7.4790 1.5029 50.8647 -4.5619 0.0680
Car -1 -1 -2.9274 373.8661 175.7324 467.1318 210.5062 1.4743 1.5802 3.6985 -8.2857 1.6035 31.5978 -3.1822 0.0604
