Pedestrian -1 -1 -4.4595 972.0274 144.8962 1008.7179 227.6547 1.9396 0.6268 0.7216 9.1165 1.2840 17.3881 -3.9840 0.1636
Pedestrian -1 -1 -3.5897 14.1109 193.2225 54.5675 290.4059 1.5980 0.5429 0.3377 -9.8265 1.9511 12.2492 -4.2554 0.0997
Cyclist -1 -1 -2.0653 155.0504 179.2569 187.8898 216.9206 1.8967 0.6948 1.7767 -22.7381 2.2345 37.3418 -2.6094 0.0881
Pedestrian -1 -1 -4.6683 957.2697 154.3665 977.8543 208.5220 1.8530 0.6152 0.7684 12.4302 1.2201 25.1723 -4.2146 0.0878
Pedestrian -1 -1 -4.0292 1082.2130 150.9843 1106.8103 194.7846 1.8368 0.6100 0.6249 20.5295 0.9194 30.6424 -3.4435 0.0721
Pedestrian -1 -1 -5.4221 854.2153 153.9613 868.2437 180.1961 1.8103 0.5729 0.7476 17.4593 0.5063 50.2406 -5.0896 0.0670
Cyclist -1 -1 -4.0531 1050.5022 154.6100 1093.0962 193.5558 1.7240 0.7162 1.7274 20.8021 0.9161 32.5703 -3.4890 0.0665
Pedestrian -1 -1 -7.7845 659.7941 164.7773 672.5247 199.1641 1.8489 0.6374 0.8121 3.0194 1.4144 39.2442 -7.7087 0.0631
Car -1 -1 -7.8377 1027.4795 157.5420 1057.6775 182.3070 1.5564 1.6429 3.8757 28.4198 0.5938 47.4261 -7.3006 0.0617
Pedestrian -1 -1 -7.8259 682.1716 163.5589 694.6476 197.1399 1.8568 0.6774 0.5519 4.3345 1.3425 40.2149 -7.7197 0.0615
Pedestrian -1 -1 -6.2352 1051.9008 159.8562 1064.9365 193.5831 1.7384 0.6584 0.5492 23.3406 1.0682 37.6180 -5.6836 0.0594
Pedestrian -1 -1 -7.9322 192.7908 177.2007 207.6562 210.7136 1.8244 0.6665 0.6459 -22.6711 2.0669 39.8514 -8.4468 0.0540
Car -1 -1 -6.9194 1102.7477 158.2770 1241.0000 311.8881 1.5018 1.5574 4.0274 8.0671 1.3590 8.0867 -6.1536 0.0510
Pedestrian -1 -1 -6.3043 1068.5916 152.4050 1087.0392 192.1915 1.8184 0.6539 0.7000 21.6327 0.8835 33.4389 -5.7342 0.0502
Pedestrian -1 -1 -4.3203 969.8615 168.8748 1008.1016 253.8534 1.5459 0.4602 0.5538 7.0269 1.4732 13.4808 -3.8494 0.3418
Cyclist -1 -1 -8.3364 457.4775 175.4169 482.8741 210.7858 1.7416 0.4852 1.7898 -7.1234 1.8740 36.5033 -8.5282 0.2358
Cyclist -1 -1 -4.8224 421.8272 177.4523 437.6045 215.7563 1.6747 0.5179 1.6019 -8.1925 1.8875 32.5900 -5.0672 0.1619
Pedestrian -1 -1 -5.3316 145.3904 190.8587 174.6014 235.3005 1.5832 0.5626 0.7776 -16.5376 2.2531 26.4462 -5.8862 0.1511
Pedestrian -1 -1 -6.1405 469.6357 168.1012 484.1169 210.5810 1.8923 0.5403 0.5693 -6.0216 1.6803 32.4230 -6.3231 0.1444
Pedestrian -1 -1 -7.0254 173.1310 189.3979 193.9505 221.7022 1.6246 0.6126 0.6901 -21.9851 2.4854 37.1362 -7.5570 0.1339
Cyclist -1 -1 -7.9633 178.1191 187.3772 189.5004 219.6495 1.6220 0.3500 1.5163 -22.2623 2.3931 37.6169 -8.4948 0.1299
Cyclist -1 -1 -3.4092 1036.1519 156.1113 1093.0687 198.1904 1.6553 0.7036 1.8105 18.1896 0.9964 28.9776 -2.8533 0.1235
Cyclist -1 -1 -3.2692 933.3405 162.5279 1041.4403 253.9238 1.6464 0.5244 1.7393 6.9848 1.4601 13.5343 -2.8022 0.1209
Cyclist -1 -1 -7.4644 766.3287 164.6935 786.8708 195.4591 1.6711 0.5363 1.6268 9.2078 1.2275 40.0108 -7.2402 0.1109
Cyclist -1 -1 -5.1663 447.8998 175.8910 470.9695 208.8215 1.6748 0.4736 1.7161 -7.9087 1.8365 37.6717 -5.3723 0.1071
Cyclist -1 -1 -6.3318 116.0303 177.8996 169.8260 221.9738 1.7486 0.7140 1.8244 -19.2182 1.9612 29.6343 -6.9032 0.0993
Cyclist -1 -1 -6.9593 307.9581 179.7018 351.6832 219.2026 1.6319 0.6381 1.7353 -12.0769 1.9348 31.0361 -7.3279 0.0988
Pedestrian -1 -1 -4.0092 486.7658 169.5518 504.5489 210.6102 1.8605 0.5471 0.6007 -5.2850 1.7106 33.0942 -4.1668 0.0952
Pedestrian -1 -1 -6.1784 243.2500 183.5153 260.6303 212.2485 1.6568 0.6249 0.8532 -21.0579 2.2890 42.3720 -6.6374 0.0933
Cyclist -1 -1 -8.8172 934.3322 162.7634 1027.6071 255.1941 1.6460 0.4604 1.5817 6.9279 1.4660 13.6527 -8.3569 0.0844
Cyclist -1 -1 -7.0774 153.8154 182.5771 195.3481 224.8432 1.7772 0.5105 1.7025 -19.1113 2.2152 31.6352 -7.6174 0.0761
Cyclist -1 -1 -1.9953 160.3928 182.9189 189.1683 219.3301 1.8255 0.6428 1.6787 -22.5592 2.3563 37.3278 -2.5360 0.0758
Pedestrian -1 -1 -7.3971 1028.6101 159.1923 1043.7075 187.2895 1.7750 0.6336 0.5917 27.1389 0.9116 46.0088 -6.8671 0.0742
Pedestrian -1 -1 -8.0537 1027.1587 156.8713 1048.1123 198.6002 1.6700 0.6124 0.6442 17.3031 1.0301 29.2797 -7.5246 0.0722
Pedestrian -1 -1 -7.5017 205.8076 188.8890 231.4534 231.6462 1.5201 0.6286 0.6706 -14.3108 2.1129 26.3110 -7.9960 0.0720
Pedestrian -1 -1 -5.3296 549.1625 166.9238 569.1486 206.9963 1.9035 0.6594 0.7300 -2.4917 1.6215 34.7648 -5.4012 0.0718
Cyclist -1 -1 -7.8754 343.8009 178.4124 353.2039 212.4949 1.6776 0.4147 1.6214 -13.3153 1.9658 36.6181 -8.2222 0.0714
Cyclist -1 -1 -4.4146 692.9561 169.5548 712.6059 203.2975 1.6714 0.5465 1.6006 4.6726 1.5077 36.5822 -4.2890 0.0675
Cyclist -1 -1 -5.7070 409.8717 173.6521 449.5628 214.9887 1.8294 0.6197 1.6671 -8.1667 1.8657 32.5182 -5.9516 0.0641
Pedestrian -1 -1 -7.8274 229.4871 179.9131 242.9252 211.4604 1.8252 0.6820 0.7243 -22.0132 2.2446 42.4308 -8.3037 0.0633
Pedestrian -1 -1 -8.5110 520.4725 171.6689 540.1702 209.3795 1.7414 0.5957 0.7284 -3.7735 1.6864 33.7882 -8.6219 0.0622
Cyclist -1 -1 -7.2231 150.0887 186.2952 188.1854 227.5075 1.7290 0.5178 1.7096 -19.3983 2.3357 31.7140 -7.7686 0.0620
Pedestrian -1 -1 -7.6507 267.8725 188.0098 288.5878 228.8633 1.5165 0.6187 0.5307 -12.6185 2.0976 27.3543 -8.0796 0.0605
Cyclist -1 -1 -8.3300 458.6002 173.9400 482.5596 209.1644 1.7677 0.4456 1.7724 -7.2167 1.8245 37.0958 -8.5212 0.0579
Cyclist -1 -1 -8.2862 953.2710 162.4510 1017.1258 252.5176 1.6529 0.4451 1.6252 7.2218 1.4616 14.0609 -7.8209 0.0572
Cyclist -1 -1 -5.9536 290.3802 172.8314 338.1502 215.5800 1.8105 0.6268 1.7881 -12.7054 1.8092 30.9227 -6.3407 0.0557
Pedestrian -1 -1 -8.2024 1055.7800 157.6013 1081.5348 199.4039 1.6462 0.7194 0.5510 18.2308 1.0453 28.7596 -7.6422 0.0522
Cyclist -1 -1 -7.7920 948.1204 166.1628 958.1118 195.5815 1.5302 0.3959 1.4460 18.1589 1.1819 38.2600 -7.3521 0.0522
Cyclist -1 -1 -8.3159 440.6513 177.0842 462.0699 209.1045 1.6450 0.4293 1.6098 -8.4077 1.8721 38.0304 -8.5325 0.0505
Pedestrian -1 -1 -3.2810 1098.8644 154.4669 1111.5695 199.0456 1.7120 0.4813 0.3400 19.1709 1.0056 28.0016 -2.6857 0.0503
Car -1 -1 -8.0883 627.4619 177.5409 724.6796 248.8912 1.5337 1.5791 3.3677 1.4497 1.6588 17.5289 -8.0081 0.9618
Car -1 -1 -7.1504 701.1599 172.3292 793.9291 212.6266 1.5184 1.5599 3.8318 5.5225 1.4984 29.0006 -6.9647 0.8966
Car -1 -1 -3.8138 555.8624 177.2694 642.3134 211.7512 1.4605 1.5804 3.7708 -0.5035 1.6721 32.8309 -3.8296 0.8739
Car -1 -1 -7.3924 888.2398 161.8890 960.3340 195.4215 1.6510 1.6667 4.4037 16.3701 1.1108 37.5823 -6.9847 0.8173
Car -1 -1 -7.2356 772.3665 167.2003 858.7977 204.0538 1.5373 1.5905 4.1400 9.1200 1.3012 32.0156 -6.9609 0.7951
Car -1 -1 -7.2831 843.5242 168.9430 908.3247 199.8565 1.4213 1.4705 3.1362 12.7670 1.2411 34.7076 -6.9337 0.7391
Car -1 -1 -6.2535 969.5052 159.5514 1085.9172 198.0579 1.5175 1.5634 4.1201 17.3589 0.9930 30.1754 -5.7358 0.4892
Car -1 -1 -5.6850 948.4173 190.5283 1241.0000 374.0000 1.5040 1.6417 3.8983 3.0110 1.6131 2.4238 -4.8504 0.4191
Car -1 -1 -4.5546 0.0000 190.5173 72.1068 238.2874 1.4888 1.5634 3.7359 -20.6882 2.1739 25.9865 -5.2221 0.4159
Car -1 -1 -4.0511 258.4084 177.6787 312.9949 206.2348 2.0555 1.7444 3.9067 -24.5742 2.4354 54.7539 -4.4714 0.3701
Car -1 -1 -4.2344 676.9982 174.2462 735.1842 203.2034 1.4120 1.4639 3.6650 4.9704 1.4873 37.2897 -4.1034 0.2242
Car -1 -1 -7.8177 149.0686 188.1141 186.7653 218.2742 1.4295 1.5600 3.5321 -23.3114 2.2749 38.0657 -8.3643 0.1912
Car -1 -1 -2.0569 89.1004 188.3972 174.3674 226.8091 1.4827 1.5153 3.6010 -20.3519 2.1750 30.6204 -2.6397 0.1665
Car -1 -1 -6.4412 283.7806 180.3766 373.7251 212.1433 1.5287 1.6523 4.1261 -14.5601 1.9356 37.3048 -6.8113 0.1399
Car -1 -1 -7.5719 760.5273 168.7539 806.7770 195.0861 1.4216 1.5793 3.7514 9.8640 1.1999 40.9748 -7.3376 0.1350
Car -1 -1 -2.1923 203.7693 179.8308 275.5678 210.1167 1.7256 1.7635 4.1805 -22.4509 2.1643 43.6562 -2.6651 0.0995
Car -1 -1 -7.6449 981.1564 159.7209 1025.6271 186.8536 1.5817 1.6468 3.7726 23.9994 0.8158 44.0321 -7.1488 0.0961
Car -1 -1 -8.5167 883.6100 164.2552 952.1918 192.3717 1.5545 1.6513 3.8260 17.7890 1.0788 41.9542 -8.1185 0.0849
Car -1 -1 -8.2181 429.5282 171.5639 486.2069 204.5876 1.7132 1.6519 4.2070 -8.4492 1.6460 39.6475 -8.4271 0.0778
Car -1 -1 -2.4220 160.3393 187.5282 265.3661 225.1472 1.5617 1.6550 4.0098 -17.7212 2.2409 32.1678 -2.9223 0.0522
Car -1 -1 -6.8947 1000.6461 174.1620 1241.0000 374.0000 1.5399 1.5905 3.9350 5.7094 1.5527 6.1950 -6.1742 0.0504
