Pedestrian -1 -1 -7.8649 446.8518 182.5856 465.1767 234.9782 1.9594 0.6756 0.6110 -5.9159 2.3349 27.4948 -8.0756 0.1250
Pedestrian -1 -1 -6.4789 632.0867 181.5574 640.6486 207.6799 1.7336 0.6881 0.4487 1.7384 2.3230 48.5098 -6.4439 0.0892
Pedestrian -1 -1 -6.3295 666.9503 181.5569 677.8049 210.7667 1.8954 0.5358 0.6831 4.0510 2.4687 47.2690 -6.2452 0.0881
Pedestrian -1 -1 -5.7364 464.9504 183.8876 477.7530 230.7916 1.9387 0.5352 0.2920 -5.8579 2.4058 30.2670 -5.9266 0.0825
Pedestrian -1 -1 -5.2009 1184.4620 129.6733 1241.0000 283.0681 1.9658 0.6858 0.6042 8.1620 1.4122 9.6112 -4.5123 0.0805
Pedestrian -1 -1 -5.9415 698.7841 180.8587 712.9700 220.2375 1.8948 0.6464 0.5015 4.6494 2.2903 35.2829 -5.8123 0.0800
Pedestrian -1 -1 -6.2109 191.2389 178.1962 223.0520 252.5645 1.9084 0.6156 0.6870 -10.6493 2.0519 18.9996 -6.7161 0.0701
Car -1 -1 -5.4809 1056.6838 129.1557 1241.0000 374.0000 1.6986 1.7019 4.2725 5.0672 1.5375 4.8019 -4.6994 0.0694
Car -1 -1 -4.4752 515.4587 176.4528 549.5363 203.4753 1.9715 1.6911 4.0680 -5.9271 2.2578 55.3352 -4.5819 0.0637
Pedestrian -1 -1 -6.1746 519.6874 182.2047 531.6326 211.2467 1.9053 0.6584 0.7210 -5.6272 2.5299 47.8835 -6.2915 0.0629
Pedestrian -1 -1 -8.2529 508.1465 187.3077 523.2144 218.7743 1.7997 0.6433 0.7210 -5.5512 2.6537 42.1760 -8.3836 0.0628
Cyclist -1 -1 -7.4627 471.5042 188.4289 495.1975 227.5928 1.6605 0.4464 1.6450 -5.6683 2.3720 32.1216 -7.6366 0.0565
Car -1 -1 -6.4671 633.3996 190.4676 712.0318 218.5938 1.5117 1.6505 4.2291 3.5027 2.5400 41.1064 -6.3834 0.0549
Pedestrian -1 -1 -4.9160 691.1742 177.8645 707.5740 219.1550 2.0434 0.6961 0.6518 4.4339 2.2965 36.1465 -4.7957 0.0546
Pedestrian -1 -1 -6.2822 653.5443 183.0343 659.0813 204.9438 1.8903 0.7806 0.4797 4.0218 2.7851 63.0333 -6.2194 0.0546
Car -1 -1 -6.4220 852.3109 169.5279 1088.6675 271.0063 1.7930 1.7258 3.9161 6.7868 1.7339 14.1509 -5.9837 0.0542
Cyclist -1 -1 -7.6658 670.6094 181.9528 697.7042 250.9823 1.8194 0.4396 1.7607 2.0371 2.0848 20.1632 -7.5676 0.0521
Pedestrian -1 -1 -7.7812 705.0666 174.2969 720.9876 220.9141 1.9716 0.6341 0.6181 4.3727 2.0339 30.9084 -7.6427 0.0517
Pedestrian -1 -1 -3.8881 899.9704 149.2898 985.3906 300.6789 1.9315 0.5722 0.8841 4.3719 1.6305 9.6203 -3.4741 0.0511
Cyclist -1 -1 -3.7332 157.9180 165.7992 215.8040 217.5736 1.6432 0.4994 1.6428 -13.9488 1.4190 23.7473 -4.2596 0.0509
Cyclist -1 -1 -2.0941 81.2812 187.2606 205.5610 328.5121 1.7827 0.6037 1.8489 -6.4993 1.9948 9.9428 -2.6613 0.2251
Pedestrian -1 -1 -8.0097 741.3904 176.8487 768.9135 237.9813 1.9197 0.7504 0.7655 4.5927 2.0495 23.1065 -7.8168 0.1526
Pedestrian -1 -1 -2.1825 144.1231 178.4575 235.7726 331.1212 1.9509 0.6354 0.9634 -5.7264 2.0301 9.7490 -2.7024 0.1280
Pedestrian -1 -1 -3.0259 77.6518 200.5712 137.9242 328.4122 1.6767 0.6235 0.6175 -7.0440 2.0792 10.0650 -3.6246 0.1258
Pedestrian -1 -1 -5.5625 102.7949 186.3105 141.9407 275.6844 1.8167 0.5787 0.3925 -10.2327 2.1033 15.0732 -6.1510 0.1207
Pedestrian -1 -1 -3.0458 711.3652 179.4625 738.5172 233.3881 1.9282 0.6053 0.9264 4.1480 2.1726 26.3075 -2.8920 0.1163
Pedestrian -1 -1 -2.7435 0.0000 175.2225 89.1368 374.0000 1.9128 0.6961 0.7909 -5.5778 1.9363 6.8064 -3.4112 0.1092
Pedestrian -1 -1 -4.5311 723.3263 174.1310 746.4180 231.6847 1.9754 0.6592 0.8478 4.3362 2.0208 25.2988 -4.3641 0.0985
Cyclist -1 -1 -7.2547 82.6214 195.2537 162.1168 278.9836 1.5936 0.5001 1.6874 -10.1663 2.0863 15.0330 -7.8414 0.0911
Pedestrian -1 -1 -7.6072 712.2136 184.0608 733.7332 231.8413 1.7893 0.6227 0.8946 4.3124 2.2291 27.8030 -7.4558 0.0789
Car -1 -1 -4.4861 334.6611 182.3208 496.7812 306.9088 1.8260 1.8195 4.5769 -3.3575 2.0296 13.2304 -4.7309 0.9467
Car -1 -1 -4.6120 516.1765 189.0937 556.1130 225.7229 1.7128 1.6897 3.6853 -3.7980 2.5916 37.2177 -4.7137 0.8987
Car -1 -1 -4.4931 443.1690 198.2316 524.7551 257.0757 1.4464 1.5663 3.8954 -3.6851 2.2697 21.4321 -4.6622 0.7706
Car -1 -1 -4.7797 541.5055 191.0899 568.7572 216.3735 1.5174 1.5533 3.8323 -3.7324 2.7863 48.2088 -4.8572 0.3449
Car -1 -1 -4.5382 566.7123 188.2854 592.7313 208.3880 1.6306 1.6705 3.7225 -2.6561 3.0298 63.4839 -4.5804 0.3431
Car -1 -1 -4.9311 637.2557 186.1730 677.2925 213.1280 1.6090 1.7193 4.3509 3.0303 2.5297 47.6100 -4.8686 0.1291
