Pedestrian -1 -1 -5.6630 15.1929 147.1966 151.4906 331.7801 1.8327 0.6302 0.9506 -5.4385 1.5024 7.3374 -6.2785 0.7364
Pedestrian -1 -1 -5.0501 837.4993 169.0299 872.4617 233.4944 1.5859 0.5878 0.8170 6.2430 1.3041 17.8040 -4.7167 0.1503
Pedestrian -1 -1 -4.9788 985.9252 200.1411 1081.1781 369.0000 1.3593 0.4486 0.6277 3.1560 1.5181 5.3421 -4.4688 0.1026
Car -1 -1 -4.0341 0.0000 178.0231 11.4833 236.1922 1.4598 1.5947 4.0896 -19.0937 1.3980 19.8451 -4.7904 0.0672
Pedestrian -1 -1 -4.4674 0.0000 170.2828 44.4719 256.1300 1.6702 0.5584 0.6504 -11.7219 1.4718 14.1686 -5.1458 0.0670
Pedestrian -1 -1 -3.0134 666.7864 156.8347 702.9495 231.1854 1.8797 0.5438 0.8660 2.0237 1.2817 18.2418 -2.9030 0.0611
Pedestrian -1 -1 -6.2035 1154.6357 169.3893 1186.0142 241.8822 1.8338 0.6935 0.5878 14.6238 1.5530 18.3395 -5.5373 0.0583
Car -1 -1 -4.8137 594.9296 165.3443 638.2383 199.6418 1.4362 1.5356 3.9854 0.4363 0.8018 31.6588 -4.7982 0.0541
Pedestrian -1 -1 -8.2002 776.9312 165.0788 808.3071 232.8696 1.6651 0.5681 0.6562 4.6536 1.2866 17.7194 -7.9460 0.0531
Pedestrian -1 -1 -6.8847 830.1277 148.9638 839.8587 182.1565 1.8140 0.4839 0.2848 12.6424 0.0907 38.9131 -6.5710 0.0527
Pedestrian -1 -1 -4.6253 99.1855 170.5939 137.7655 260.9361 1.6402 0.5340 0.6665 -9.1586 1.4607 13.2576 -5.2168 0.0526
Pedestrian -1 -1 -4.6377 754.0727 166.7552 787.5261 254.0683 1.6992 0.6028 0.7967 3.2973 1.4320 14.2290 -4.4132 0.1630
Pedestrian -1 -1 -4.8961 1177.7286 167.4071 1223.0000 268.9562 1.6546 0.5648 0.7881 10.1196 1.4416 12.0017 -4.2071 0.1449
Pedestrian -1 -1 -7.5316 666.3756 146.5083 682.3671 178.3477 1.7701 0.7106 0.7030 3.8976 -0.1226 39.8374 -7.4328 0.1360
Cyclist -1 -1 -7.8652 510.0683 162.6872 545.3300 264.0846 1.7356 0.6019 1.7904 -1.4823 1.4311 13.0271 -7.9740 0.1265
Pedestrian -1 -1 -4.0613 855.2784 164.1630 910.0695 267.7662 1.6937 0.5866 0.6590 4.6536 1.4270 11.9821 -3.6980 0.1096
Pedestrian -1 -1 -4.6203 676.3327 167.0405 710.8563 252.3872 1.6993 0.6345 0.8350 1.7860 1.4316 14.5527 -4.4991 0.1013
Pedestrian -1 -1 -7.7735 524.9980 161.3882 559.2747 259.7519 1.7353 0.5560 0.8603 -1.1849 1.3985 12.9055 -7.8611 0.0957
Pedestrian -1 -1 -8.2491 947.6169 160.8838 999.4562 267.0450 1.6947 0.5593 0.6060 5.9897 1.3819 11.6093 -7.7821 0.0887
Cyclist -1 -1 -6.3313 659.5249 143.9344 691.6464 177.2933 1.8479 0.6969 1.7598 3.9348 -0.1814 39.6362 -6.2310 0.0849
Pedestrian -1 -1 -4.6425 1088.2610 153.0558 1132.3859 266.9971 1.7941 0.5506 0.6780 8.2221 1.3624 11.5699 -4.0360 0.0826
Pedestrian -1 -1 -4.8266 764.2270 156.8018 807.1712 265.6151 1.8140 0.6113 0.9368 3.0770 1.4193 12.2905 -4.5856 0.0819
Cyclist -1 -1 -6.4798 657.6429 146.1235 689.7763 177.3559 1.7517 0.6541 1.7211 3.8835 -0.1802 40.1482 -6.3821 0.0793
Cyclist -1 -1 -8.0224 700.5251 166.3458 721.5789 211.8431 1.6875 0.5358 1.5703 4.0107 1.1627 27.0145 -7.8749 0.0773
Pedestrian -1 -1 -8.1998 546.6009 159.7085 580.7031 235.0619 1.8287 0.6211 0.7803 -1.0791 1.3245 17.6398 -8.2580 0.0770
Cyclist -1 -1 -4.8407 957.2256 167.0827 1010.9275 277.4271 1.6151 0.4969 1.8232 5.9676 1.4191 11.2907 -4.3644 0.0761
Cyclist -1 -1 -6.8978 703.6821 160.8916 748.7306 211.4107 1.8629 0.6606 1.5877 4.5507 1.1401 26.7128 -6.7293 0.0743
Pedestrian -1 -1 -7.3511 485.8496 169.2703 534.1717 263.3015 1.6526 0.5815 0.7530 -1.7703 1.4556 12.8825 -7.4826 0.0730
Pedestrian -1 -1 -5.2316 841.2809 160.2421 895.8934 263.7869 1.7698 0.5900 0.7840 4.6067 1.4239 12.5218 -4.8856 0.0710
Cyclist -1 -1 -8.1095 851.2560 173.6670 915.9288 278.5175 1.5343 0.5180 1.6982 4.3302 1.4347 11.2181 -7.7489 0.0708
Pedestrian -1 -1 -3.0968 1118.9440 151.1680 1175.4070 266.6192 1.8167 0.5888 0.7162 8.8305 1.3555 11.5806 -2.4568 0.0705
Pedestrian -1 -1 -2.9191 817.0479 173.1909 860.8051 254.6032 1.5719 0.5429 0.7279 4.6103 1.4311 14.0706 -2.6075 0.0643
Pedestrian -1 -1 -8.0895 459.9140 174.2216 496.0547 253.3483 1.6336 0.5947 0.7742 -2.7585 1.5043 15.0709 -8.2651 0.0639
Cyclist -1 -1 -4.7404 664.2276 144.3405 675.4818 175.3534 1.7017 0.5842 1.7492 3.6478 -0.2974 39.9848 -4.6481 0.0617
Pedestrian -1 -1 -5.5300 628.7314 171.2684 681.6220 263.1654 1.6149 0.5112 0.8393 0.8630 1.4531 12.9061 -5.4632 0.0607
Pedestrian -1 -1 -7.6518 702.7571 168.8015 721.7857 215.4145 1.7198 0.6088 0.5381 3.9838 1.2885 26.4449 -7.5023 0.0582
Pedestrian -1 -1 -7.9754 609.8885 162.8462 638.9697 236.1387 1.7912 0.6327 0.8113 0.4374 1.3601 17.7138 -7.9494 0.0581
Pedestrian -1 -1 -6.1981 1026.3170 162.1161 1069.3198 271.1037 1.7357 0.5660 0.5618 7.2515 1.4433 11.6547 -5.6521 0.0576
Pedestrian -1 -1 -8.0394 896.0816 159.0430 942.0993 265.5502 1.7384 0.5868 0.6800 5.2404 1.3886 11.9363 -7.6338 0.0568
Pedestrian -1 -1 -7.7267 703.9966 165.6836 720.4714 211.9006 1.7266 0.5690 0.4018 4.0185 1.1733 26.6850 -7.5772 0.0565
Cyclist -1 -1 -8.4670 684.7405 166.2834 721.2152 210.3387 1.6334 0.5382 1.6334 3.7053 1.1066 27.0646 -8.3308 0.0542
Pedestrian -1 -1 -3.4581 574.8080 169.4452 621.0729 250.2486 1.6391 0.5101 0.8458 -0.1960 1.4152 14.7200 -3.4694 0.0538
Pedestrian -1 -1 -5.1496 808.0743 160.0849 860.4230 264.1946 1.7434 0.5939 0.7552 3.9120 1.4019 12.2542 -4.8463 0.0527
Pedestrian -1 -1 -4.5943 1064.1051 152.8393 1109.6552 266.8339 1.7957 0.5489 0.6755 7.8403 1.3604 11.5729 -4.0099 0.0507
Pedestrian -1 -1 -4.5873 865.7488 191.8831 900.5291 275.3821 1.2500 0.4526 0.4732 4.2737 1.4324 10.9859 -4.2243 0.0504
Cyclist -1 -1 -3.0154 763.6307 159.7307 876.8388 266.8079 1.7520 0.6578 1.8093 3.6701 1.4126 12.2328 -2.7293 0.0503
Car -1 -1 -7.7287 663.2269 149.3614 699.2009 176.5594 1.4891 1.6423 3.6319 4.4737 -0.2406 41.2350 -7.6194 0.2201
Car -1 -1 -7.8459 783.2310 176.9339 869.1118 251.7383 1.4420 1.6074 4.0541 4.8841 1.3737 15.8048 -7.5501 0.0747
Car -1 -1 -7.6978 691.8823 145.9993 730.7839 174.4663 1.5097 1.6181 3.8680 6.1182 -0.3631 40.4702 -7.5469 0.0546
