Cyclist -1 -1 -8.2665 785.0770 167.3570 813.5087 209.9023 1.8169 0.5118 1.8304 8.2716 1.5818 31.7573 -8.0145 0.8246
Cyclist -1 -1 -4.9148 754.1981 175.2268 769.3277 205.1097 1.6844 0.5049 1.7659 8.7235 1.8241 41.6933 -4.7105 0.4850
Pedestrian -1 -1 -7.5057 0.0000 186.2644 25.8148 241.9345 1.7449 0.6233 0.6208 -19.3450 2.1832 23.2031 -8.1952 0.4155
Cyclist -1 -1 -7.9359 1078.3562 169.1043 1109.4175 248.2777 1.6856 0.4152 1.7761 10.8208 1.6055 16.2413 -7.3571 0.2831
Pedestrian -1 -1 -5.5817 346.8670 169.3686 364.3907 201.6775 1.8268 0.6096 0.7209 -14.5634 1.6294 41.2104 -5.9196 0.1952
Car -1 -1 -5.9514 277.4484 170.8774 354.3435 195.3859 1.5138 1.6168 4.1915 -18.5256 1.3914 45.4853 -6.3363 0.1745
Car -1 -1 -4.7799 721.9750 177.5786 744.1866 195.2962 1.6110 1.7900 4.4727 11.7411 2.0787 69.1554 -4.6128 0.1628
Car -1 -1 -4.4998 355.3690 175.3951 393.9044 202.5364 1.7448 1.6806 3.9443 -15.9007 1.9236 48.8142 -4.8134 0.1404
Pedestrian -1 -1 -5.0361 382.5127 166.4568 405.0863 213.8103 2.0249 0.6834 0.9247 -9.4632 1.7511 31.4292 -5.3267 0.1269
Car -1 -1 -8.0370 389.7343 166.9115 415.0986 185.6749 1.7553 1.6682 3.9050 -20.0730 1.1991 69.6191 -8.3169 0.0815
Pedestrian -1 -1 -7.5395 946.1519 158.3965 972.9357 214.1066 1.8342 0.6589 0.5955 11.6752 1.3579 24.1986 -7.0951 0.0797
Cyclist -1 -1 -4.2120 310.6029 178.7174 337.8681 212.3390 1.6655 0.6303 1.5425 -14.6117 1.9710 36.8280 -4.5876 0.0698
Car -1 -1 -4.8687 607.4087 194.0828 765.5475 328.6407 1.4183 1.5352 3.9324 0.8240 1.7794 10.2641 -4.7925 0.0607
Pedestrian -1 -1 -4.3623 1015.5021 148.5976 1079.3792 294.0835 1.9090 0.5477 0.7120 5.9502 1.5904 9.9060 -3.8352 0.0599
Pedestrian -1 -1 -4.0134 195.9478 166.3416 216.1803 208.7998 1.8942 0.6737 0.4337 -18.2160 1.6034 32.4668 -4.5214 0.0587
Pedestrian -1 -1 -3.1915 759.7291 166.5822 772.5232 191.0427 1.8968 0.4749 0.9514 12.1437 1.4102 56.2635 -2.9803 0.0537
Cyclist -1 -1 -4.7227 1212.2836 159.8588 1237.8394 236.7535 1.6714 0.4073 1.6071 13.9440 1.3886 16.4346 -4.0283 0.0536
Pedestrian -1 -1 -3.5283 708.6445 171.5441 724.8914 204.4368 1.8591 0.6088 0.7411 6.0520 1.7847 41.1653 -3.3838 0.0512
Car -1 -1 -7.4155 237.1194 180.9222 309.9156 214.8044 1.4706 1.5770 3.9954 -15.9242 1.8760 34.2742 -7.8478 0.0510
Pedestrian -1 -1 -3.2240 1174.7788 161.2466 1213.1321 243.1379 1.7457 0.5534 0.6021 12.7067 1.4980 15.7784 -2.5555 0.0502
Cyclist -1 -1 -8.2354 1210.9792 194.4683 1241.0000 242.4499 1.6343 0.5316 1.8109 22.6680 2.4521 26.3686 -7.5316 0.2047
Pedestrian -1 -1 -5.5525 97.5790 170.9286 118.5033 227.8698 2.0275 0.5398 0.3463 -18.1172 1.9586 25.9811 -6.1568 0.1595
Cyclist -1 -1 -2.4263 153.9022 180.5835 211.5655 230.8322 1.7692 0.7233 1.7499 -15.4810 2.0538 26.0784 -2.9578 0.1347
Pedestrian -1 -1 -4.9634 823.9799 171.0095 840.5170 204.8769 1.6892 0.6607 0.6172 11.1407 1.5969 36.3105 -4.6684 0.1253
Pedestrian -1 -1 -6.9756 831.1131 170.7323 851.2535 204.3672 1.7035 0.6846 0.7092 11.8110 1.5958 36.9944 -6.6693 0.1213
Pedestrian -1 -1 -3.6594 1213.7412 185.0746 1241.0000 240.3786 1.9791 0.6228 0.7838 22.6606 2.4318 26.3667 -2.9557 0.1027
Cyclist -1 -1 -5.2246 796.2925 167.1612 821.3472 200.5658 1.8378 0.5390 1.8060 11.1463 1.5243 40.6376 -4.9592 0.0974
Cyclist -1 -1 -4.7898 866.0294 172.4398 880.4327 207.5297 1.6275 0.5188 1.5244 12.4531 1.6080 34.2699 -4.4444 0.0882
Cyclist -1 -1 -7.7234 823.8979 170.2912 836.6877 203.9924 1.6720 0.4138 1.6692 11.1537 1.5445 36.6430 -7.4306 0.0825
Pedestrian -1 -1 -6.3073 183.9762 177.0786 191.7297 225.8004 1.8851 0.5145 0.2509 -16.5748 2.0519 28.2516 -6.8341 0.0799
Pedestrian -1 -1 -7.7111 842.3845 169.4368 858.0765 203.6209 1.7313 0.6850 0.6100 12.2703 1.5580 36.9691 -7.3934 0.0792
Cyclist -1 -1 -7.4240 1220.1721 189.7946 1241.0000 241.6291 1.7977 0.7055 1.7452 22.9761 2.4274 26.1519 -6.7095 0.0786
Cyclist -1 -1 -3.6394 822.3988 167.0718 861.3386 202.5293 1.7805 0.6480 1.7962 11.7566 1.4899 36.7208 -3.3323 0.0708
Cyclist -1 -1 -6.7294 824.2568 168.0222 855.4365 198.3387 1.7922 0.6511 1.6556 13.6871 1.5063 43.0933 -6.4242 0.0649
Cyclist -1 -1 -7.3378 1229.5470 189.9597 1241.0000 243.4426 1.8397 0.6693 1.6439 23.0152 2.4644 25.7777 -6.6154 0.0633
Pedestrian -1 -1 -5.6363 1202.8502 181.8191 1234.0787 237.7745 2.0488 0.5931 0.6693 22.6653 2.3880 26.9381 -4.9429 0.0602
Cyclist -1 -1 -2.3571 157.2187 180.0986 209.7906 228.7375 1.7496 0.6293 1.7354 -15.7847 2.0219 26.6320 -2.8880 0.0572
Cyclist -1 -1 -5.6063 1189.8411 191.4129 1241.0000 240.0081 1.6854 0.5566 1.7088 22.4013 2.3922 26.5993 -4.9125 0.0562
Pedestrian -1 -1 -5.4185 111.6486 177.4169 127.7113 222.1095 1.7523 0.4661 0.2649 -19.4795 1.9345 28.6027 -6.0123 0.0536
Cyclist -1 -1 -7.1825 864.6320 166.8471 900.0339 204.9279 1.7643 0.6181 1.7485 12.8505 1.4857 34.1444 -6.8258 0.0503
Car -1 -1 -2.7801 222.1283 186.4283 378.0474 243.7742 1.4875 1.6121 3.6366 -8.5478 1.8800 20.0048 -3.1796 0.9335
Car -1 -1 -6.1906 472.6011 180.1679 527.4295 201.1614 1.4933 1.6185 3.8399 -8.0559 2.0383 52.8828 -6.3414 0.8184
Car -1 -1 -2.9281 381.6635 174.6960 483.2731 214.0963 1.8126 1.8247 4.3964 -8.4008 1.9022 34.2525 -3.1673 0.7931
Car -1 -1 -2.8874 269.0898 186.5405 413.3820 235.6871 1.4402 1.5454 3.9811 -8.3862 1.8877 22.6425 -3.2388 0.5673
Car -1 -1 -7.8005 602.7112 178.5879 621.6855 194.7069 1.4402 1.5846 3.8321 0.2104 1.9944 67.8176 -7.7979 0.2139
Car -1 -1 -4.0745 308.4638 184.9005 411.4064 229.3096 1.4395 1.5742 3.8856 -9.1541 1.9184 26.6125 -4.4032 0.1839
Car -1 -1 -5.7555 160.5177 186.4079 282.7576 229.3878 1.5046 1.6358 3.6611 -14.3570 2.0227 26.7063 -6.2449 0.1732
Car -1 -1 -6.4798 1121.6091 198.6445 1241.0000 243.6166 1.4698 1.6044 3.9628 21.6824 2.4943 27.0532 -5.8103 0.1250
Car -1 -1 -4.9507 919.8235 167.1384 951.7021 185.7527 1.6975 1.7398 4.4027 30.6835 1.1759 68.1205 -4.5293 0.1133
Car -1 -1 -8.0308 863.8481 169.0865 912.5085 201.7356 1.5616 1.6211 3.8835 13.9894 1.3811 36.5689 -7.6684 0.0992
Car -1 -1 -4.7877 1214.6787 169.6930 1241.0000 197.3991 1.5659 1.5824 4.0624 37.1026 1.3870 42.8854 -4.0781 0.0765
Car -1 -1 -6.7268 465.6069 181.9355 528.8322 205.1180 1.4403 1.6163 3.8279 -7.5087 2.0654 47.9433 -6.8818 0.0716
Car -1 -1 -8.1974 943.2324 165.1586 977.1398 183.6070 1.7374 1.6886 4.0418 33.9299 1.0124 70.0521 -7.7481 0.0612
