Pedestrian -1 -1 -5.0128 984.4347 200.3175 1078.3888 369.0000 1.3457 0.4328 0.6084 3.1500 1.5059 5.3567 -4.5047 0.0808
Pedestrian -1 -1 -7.2808 791.0242 156.4359 805.2620 184.6420 1.8054 0.6176 0.6806 12.4824 0.2652 45.7145 -7.0142 0.0694
Cyclist -1 -1 -4.8946 670.0706 167.9994 690.2399 210.0946 1.6509 0.5280 1.5850 2.9951 1.1609 28.5404 -4.7895 0.0653
Pedestrian -1 -1 -3.5267 706.9713 159.3065 750.4817 231.6765 1.8084 0.5501 0.9558 3.1102 1.2791 18.0387 -3.3571 0.0650
Car -1 -1 -3.6215 1163.1653 162.3284 1223.0000 369.0000 1.4846 1.5697 3.7080 7.2802 1.3654 6.0604 -2.7690 0.0584
Pedestrian -1 -1 -4.5724 375.4797 199.4632 406.5702 274.9883 1.1571 0.4027 0.5259 -3.4537 1.4675 11.2678 -4.8602 0.0572
Pedestrian -1 -1 -6.2021 1153.3293 169.5703 1186.5414 242.9837 1.8565 0.6953 0.6245 14.6196 1.5804 18.3472 -5.5363 0.0539
Pedestrian -1 -1 -3.8583 273.5677 196.3716 318.4690 284.1508 1.1940 0.3602 0.4584 -4.4201 1.4254 10.0056 -4.2608 0.0538
Car -1 -1 -4.8427 593.7695 173.0827 645.8661 213.3675 1.5499 1.6249 4.1464 0.5160 1.2648 29.3531 -4.8236 0.0522
Pedestrian -1 -1 -6.6865 993.6852 144.4722 1131.8595 311.3020 1.8447 0.7054 1.1653 5.2466 1.4467 8.2526 -6.1357 0.7300
Pedestrian -1 -1 -3.3526 1156.7921 153.3039 1223.0000 265.6285 1.8635 0.5546 0.8941 10.0810 1.4127 12.1796 -2.6724 0.2083
Pedestrian -1 -1 -8.1952 837.6824 168.1391 871.7272 233.4806 1.6130 0.5970 0.7247 6.2429 1.3082 17.8192 -7.8620 0.1718
Pedestrian -1 -1 -4.5826 687.3736 168.0540 721.6281 252.4073 1.6770 0.6105 0.7148 1.9984 1.4299 14.4813 -4.4467 0.1587
Pedestrian -1 -1 -8.0047 548.4363 159.2170 577.7897 234.4624 1.8320 0.6283 0.7264 -1.0926 1.3141 17.6351 -8.0636 0.1327
Pedestrian -1 -1 -4.2120 661.5676 138.7385 678.8983 171.3406 1.7974 0.6321 0.8695 3.6630 -0.5227 39.8195 -4.1188 0.1316
Pedestrian -1 -1 -7.4751 260.4076 161.9282 309.2023 255.1781 1.7565 0.5845 0.8598 -6.2626 1.4071 13.7591 -7.8917 0.1267
Pedestrian -1 -1 -4.9964 1002.8921 164.4641 1048.0635 267.0815 1.7051 0.4961 0.6500 7.1484 1.4390 12.1227 -4.4734 0.1244
Cyclist -1 -1 -7.7863 506.7060 165.3366 544.7943 264.0348 1.6923 0.5739 1.8242 -1.4852 1.4327 13.0466 -7.8952 0.1131
Pedestrian -1 -1 -5.1212 642.3946 170.9628 688.2802 262.1914 1.6069 0.5728 0.7708 1.0450 1.4392 12.9108 -5.0406 0.1104
Pedestrian -1 -1 -6.8708 991.4490 159.5880 1049.3864 267.5016 1.7752 0.5126 0.6682 6.9389 1.4316 11.9101 -6.3532 0.1079
Pedestrian -1 -1 -7.4570 748.8857 165.9688 792.5171 253.8387 1.7035 0.5684 0.8647 3.2931 1.4222 14.2246 -7.2327 0.1013
Cyclist -1 -1 -5.1535 836.4172 167.8013 882.7366 234.7376 1.6365 0.5399 1.4378 6.4275 1.3263 18.0287 -4.8149 0.1002
Pedestrian -1 -1 -4.3214 859.7934 162.0706 911.2969 265.9843 1.6866 0.5859 0.7117 4.6887 1.3878 11.9355 -3.9543 0.0949
Pedestrian -1 -1 -7.6884 666.9720 170.2944 704.6295 261.8429 1.6423 0.5768 0.7880 1.4622 1.4596 13.1415 -7.5785 0.0890
Cyclist -1 -1 -3.5129 832.3067 175.6833 963.8118 273.9443 1.5123 0.7115 1.7953 4.5768 1.4386 11.2444 -3.1345 0.0876
Pedestrian -1 -1 -5.1330 770.7026 157.9910 826.1558 262.6304 1.7690 0.6467 0.8418 3.3353 1.3889 12.4212 -4.8753 0.0790
Pedestrian -1 -1 -8.6925 836.2781 157.3178 890.6878 259.4294 1.7798 0.6313 0.6734 4.6149 1.3761 12.7703 -8.3519 0.0781
Pedestrian -1 -1 -7.3956 212.0049 167.6077 256.8329 254.0992 1.6590 0.5400 0.6638 -7.3203 1.4121 13.8981 -7.8692 0.0740
Pedestrian -1 -1 -3.1968 1117.8062 152.7013 1177.8567 267.7329 1.8151 0.5908 0.7412 8.8426 1.3768 11.6072 -2.5573 0.0726
Cyclist -1 -1 -6.3041 655.0499 137.6234 686.1705 170.6075 1.8196 0.6516 1.7225 3.6553 -0.5597 39.6242 -6.2106 0.0715
Pedestrian -1 -1 -7.7625 1085.0850 155.8398 1131.2062 269.1182 1.7801 0.5639 0.6683 8.1707 1.3930 11.5483 -7.1580 0.0715
Pedestrian -1 -1 -8.1854 777.3952 168.6328 808.6122 233.9462 1.6024 0.5907 0.5919 4.6493 1.3116 17.6648 -7.9307 0.0713
Pedestrian -1 -1 -8.1346 645.6621 161.9985 676.8821 234.0462 1.7648 0.6191 0.6595 1.3616 1.3120 17.7049 -8.0575 0.0697
Cyclist -1 -1 -7.5044 623.4036 167.1949 681.8988 264.1043 1.6598 0.5104 1.7465 0.8579 1.4323 13.0120 -7.4384 0.0678
Cyclist -1 -1 -4.7198 670.3954 140.1494 678.8847 171.1619 1.6919 0.4642 1.5933 3.9101 -0.5373 39.8798 -4.6207 0.0676
Pedestrian -1 -1 -4.7020 859.7086 196.0541 891.4930 273.4738 1.1940 0.4659 0.4351 4.2744 1.4494 11.3056 -4.3481 0.0648
Pedestrian -1 -1 -6.5113 820.2596 180.4926 866.1093 256.4189 1.4655 0.4818 0.7630 4.6339 1.4657 13.9205 -6.1951 0.0644
Cyclist -1 -1 -8.0760 953.3680 173.4408 1028.4192 282.5022 1.5474 0.5987 1.8624 5.9060 1.4476 11.0087 -7.5939 0.0630
Cyclist -1 -1 -6.5198 823.2703 167.3574 890.6149 234.9425 1.6850 0.6007 1.5141 6.3552 1.3576 18.0012 -6.1842 0.0618
Pedestrian -1 -1 -3.0400 184.6880 165.7295 226.3783 255.3460 1.7025 0.5320 0.6545 -7.8356 1.4223 13.8055 -3.5446 0.0614
Pedestrian -1 -1 -7.4434 973.0891 156.5436 1027.0063 268.7259 1.8047 0.5789 0.6504 6.5439 1.4197 11.8025 -6.9468 0.0606
Pedestrian -1 -1 -4.5182 447.9274 168.3139 483.3750 249.8500 1.6899 0.5927 0.8190 -3.0039 1.4377 15.0647 -4.7093 0.0596
Pedestrian -1 -1 -7.7469 587.3425 159.3517 615.7521 234.2956 1.8246 0.6291 0.7875 -0.1207 1.3100 17.6374 -7.7518 0.0595
Pedestrian -1 -1 -4.3051 871.8875 189.2407 913.2380 273.7420 1.2979 0.4565 0.4906 4.5315 1.4417 11.2640 -3.9306 0.0591
Cyclist -1 -1 -8.1994 851.3900 172.4183 925.0682 277.7463 1.5238 0.5206 1.6450 4.3356 1.4073 11.0567 -7.8336 0.0589
Pedestrian -1 -1 -4.7542 1103.3334 158.4917 1148.6165 269.5641 1.7569 0.5619 0.6465 8.4900 1.4092 11.6082 -4.1341 0.0580
Cyclist -1 -1 -7.9055 497.2895 161.7019 529.6843 261.3770 1.7498 0.5151 1.7065 -1.7868 1.4202 13.2979 -8.0342 0.0578
Pedestrian -1 -1 -4.5611 864.0548 188.1712 902.6814 273.2781 1.2822 0.5015 0.4644 4.2970 1.4059 11.0367 -4.1977 0.0575
Cyclist -1 -1 -4.0372 954.0997 155.8481 1071.0601 268.6917 1.8002 0.6171 1.9905 6.8404 1.4073 11.9392 -3.5266 0.0575
Pedestrian -1 -1 -7.3003 792.9041 161.8603 847.4911 264.1400 1.7022 0.5768 0.7936 3.6805 1.3924 12.2467 -7.0137 0.0562
Pedestrian -1 -1 -4.4179 116.9405 168.2238 162.2817 259.8026 1.6913 0.5537 0.6414 -8.8827 1.4649 13.4421 -4.9892 0.0559
Cyclist -1 -1 -5.0164 655.6172 137.3865 672.9461 169.4544 1.7445 0.5086 1.6327 3.3237 -0.6366 39.9040 -4.9318 0.0556
Pedestrian -1 -1 -3.9237 411.4644 168.3942 456.8582 249.7010 1.6849 0.5445 0.7898 -3.6950 1.4344 15.1314 -4.1566 0.0550
Pedestrian -1 -1 -2.6154 562.0045 168.1291 604.6111 247.3504 1.6081 0.4180 0.7826 -0.4973 1.3574 14.7224 -2.6466 0.0548
Pedestrian -1 -1 -5.4089 672.0977 158.2530 712.3741 232.5184 1.8043 0.5949 0.8460 2.1360 1.2642 17.6950 -5.2891 0.0530
Pedestrian -1 -1 -6.1562 1048.9937 155.3262 1097.4471 269.4730 1.7974 0.5471 0.6013 7.5905 1.4014 11.5365 -5.5852 0.0530
Cyclist -1 -1 -7.2966 646.0486 167.5315 717.8031 261.9968 1.6736 0.5173 1.7271 1.4333 1.4442 13.3659 -7.1906 0.0527
Pedestrian -1 -1 -8.0007 956.6739 148.0555 1004.3544 262.4966 1.8379 0.5892 0.7552 6.2064 1.3172 11.8076 -7.5261 0.0515
Pedestrian -1 -1 -5.0583 836.0931 176.4125 863.6564 231.5378 1.3943 0.4862 0.6185 6.2552 1.2912 18.1970 -4.7308 0.0508
Cyclist -1 -1 -3.2991 784.5826 171.1240 880.8341 254.4084 1.6173 0.5214 1.7660 4.4733 1.4356 14.1153 -2.9970 0.0500
Car -1 -1 -2.3113 0.0000 152.3644 136.7969 284.6953 1.7852 1.6856 4.2521 -9.6803 1.4061 10.6039 -3.0344 0.2623
Car -1 -1 -7.9366 656.3410 140.2061 690.2667 169.0958 1.5446 1.6562 3.8051 3.9257 -0.6958 41.2276 -7.8401 0.0890
Car -1 -1 -2.1306 0.0000 169.8211 24.3207 338.7839 1.5654 1.6165 4.1944 -8.9471 1.4669 7.7093 -2.9680 0.0557
Car -1 -1 -2.5387 0.0000 165.9756 175.2556 251.4420 1.5168 1.6025 3.7205 -10.5769 1.2594 13.4419 -3.1920 0.0554
