Car -1 -1 -8.0293 642.3602 179.0264 709.4429 230.7442 1.6752 1.6862 4.1215 2.2375 1.9157 26.0094 -7.9453 0.9435
Car -1 -1 -4.6138 483.6855 184.4983 546.4915 237.2870 1.4261 1.5589 3.5551 -2.8757 1.8113 22.0875 -4.7425 0.9337
Pedestrian -1 -1 -6.4605 762.6412 177.9202 779.4221 208.7671 1.7441 0.6192 0.8380 9.1605 2.0355 41.2281 -6.2439 0.2597
Car -1 -1 -3.3266 683.8532 178.6933 732.9288 196.4174 1.4741 1.5557 3.9206 8.3337 1.9783 61.4632 -3.1929 0.2500
Pedestrian -1 -1 -3.6679 1109.7528 166.1352 1146.8192 251.0427 1.8817 0.6162 0.4247 11.6589 1.7325 16.3153 -3.0566 0.2122
Car -1 -1 -4.6783 535.0494 177.1052 552.8568 195.0024 1.6299 1.5553 4.0240 -6.2868 2.0466 68.7374 -4.7695 0.1907
Pedestrian -1 -1 -7.6125 91.6551 157.8528 118.2402 203.5183 1.9619 0.8268 0.6071 -22.0350 1.3171 31.4300 -8.2201 0.1826
Pedestrian -1 -1 -5.9737 700.9288 174.2204 708.2943 206.5502 1.8500 0.4461 0.3001 5.4156 1.9289 41.5762 -5.8456 0.1536
Pedestrian -1 -1 -6.0988 51.3625 174.6261 59.7579 206.9531 1.7167 0.5258 0.2637 -29.7303 1.8120 38.6425 -6.7514 0.1429
Pedestrian -1 -1 -2.5650 231.1415 175.2664 243.6861 200.5990 1.8384 0.5509 0.6134 -27.2534 2.0153 52.7240 -3.0403 0.1349
Pedestrian -1 -1 -8.1296 772.0429 168.1382 788.6914 204.1137 1.9118 0.7297 0.6044 9.0872 1.6609 38.6632 -7.9009 0.1256
Pedestrian -1 -1 -3.0157 365.7907 169.6589 371.9998 202.0893 1.8064 0.4828 0.2716 -13.5539 1.6281 40.4532 -3.3373 0.1096
Pedestrian -1 -1 -5.6745 204.1294 168.0019 220.9107 196.5913 1.8970 0.5511 0.8129 -26.5788 1.5747 48.1935 -6.1763 0.0995
Car -1 -1 -7.6865 293.8240 173.3212 321.6903 192.0282 1.6211 1.6456 4.0968 -27.1309 1.6642 64.8157 -8.0816 0.0995
Cyclist -1 -1 -8.0706 718.6083 178.5427 734.4451 216.7521 1.7226 0.4112 1.4832 5.3614 1.9924 33.5057 -7.9140 0.0935
Car -1 -1 -7.7865 456.1626 169.8129 476.5237 186.7614 1.5314 1.5951 4.0146 -13.3889 1.2564 67.2901 -7.9824 0.0916
Cyclist -1 -1 -8.0490 727.0806 178.6925 735.3564 200.1130 1.5427 0.3295 1.4114 8.8808 1.9775 53.0628 -7.8845 0.0882
Pedestrian -1 -1 -4.0005 708.6271 187.3953 723.4598 216.9685 1.3966 0.4424 0.5707 5.0704 2.1043 34.7767 -3.8577 0.0863
Car -1 -1 -6.7106 43.9422 177.3156 136.0810 207.6020 1.5444 1.4850 3.8106 -28.3589 1.8003 39.4115 -7.3313 0.0839
Car -1 -1 -4.7520 575.1987 179.2242 603.6718 204.5594 1.5286 1.6675 4.3555 -1.4116 1.9620 46.8869 -4.7824 0.0814
Pedestrian -1 -1 -7.2587 1084.3568 162.4633 1104.8022 222.1811 1.8207 0.4840 0.2177 14.9007 1.5036 22.2633 -6.6754 0.0765
Car -1 -1 -7.2107 6.4085 167.9094 78.6671 194.5548 1.6307 1.6440 3.8477 -36.1917 1.3278 46.0986 -7.8736 0.0764
Car -1 -1 -6.2131 488.3054 175.1930 548.3652 199.5869 1.8548 1.7185 4.5184 -7.1056 2.0393 56.0339 -6.3391 0.0752
Car -1 -1 -7.9272 404.9439 161.4552 430.0027 190.7334 2.4431 1.7747 4.4980 -16.7657 1.4916 62.6241 -8.1880 0.0737
Pedestrian -1 -1 -3.3302 0.0000 145.4017 64.2357 261.2905 1.9470 0.6009 0.8246 -10.1923 1.4855 12.6308 -3.9990 0.0698
Car -1 -1 -2.9979 493.0535 181.1343 544.2127 202.4163 1.5395 1.5758 3.5860 -6.7964 2.1643 53.6516 -3.1237 0.0688
Car -1 -1 -7.6251 419.0106 168.6506 448.5855 187.4569 1.5161 1.6001 3.6578 -14.6412 1.1769 60.0044 -7.8636 0.0665
Cyclist -1 -1 -4.2435 178.4104 178.5060 237.1269 252.3002 1.6431 0.5639 1.5439 -9.4782 1.7818 16.9665 -4.7466 0.0656
Car -1 -1 -4.0521 188.8627 165.4660 242.0040 195.3240 2.3760 1.7683 3.9906 -32.5121 1.7878 59.5301 -4.5503 0.0641
Cyclist -1 -1 -8.0159 704.2845 178.9392 715.6771 209.2645 1.6009 0.3543 1.6043 5.3904 1.9382 39.2221 -7.8810 0.0623
Car -1 -1 -7.4306 339.0766 168.8648 385.9847 193.9023 1.7325 1.6720 4.0694 -17.8131 1.4562 52.0330 -7.7591 0.0578
Pedestrian -1 -1 -4.8276 352.7249 168.7365 371.1151 216.6000 1.9094 0.6154 0.8268 -10.1178 1.7449 29.2899 -5.1578 0.0571
Car -1 -1 -4.2761 638.2020 182.8662 676.6491 201.6045 1.4752 1.6731 4.1451 4.0485 2.3576 61.3953 -4.2111 0.0551
Car -1 -1 -4.4421 96.5796 187.5055 217.5615 253.9496 1.3660 1.5462 3.7171 -11.0040 1.7660 17.7152 -4.9915 0.0542
Car -1 -1 -9.3471 0.0000 0.0000 1241.0000 374.0000 1.5524 1.5902 3.7709 4.3560 1.6277 1.6797 -8.2025 0.0537
Pedestrian -1 -1 -4.4064 844.1833 185.9167 870.7513 246.5459 1.5166 0.4992 0.5809 6.3283 1.8598 18.5949 -4.0840 0.2554
Cyclist -1 -1 -5.1277 938.4024 180.2903 1000.2333 265.2357 1.6975 0.5212 1.7059 7.5949 1.8651 15.4311 -4.6787 0.2180
Cyclist -1 -1 -3.1385 294.6391 171.5273 325.5771 201.9277 1.7878 0.6817 1.6932 -17.9284 1.7095 43.0694 -3.5310 0.1754
Cyclist -1 -1 -5.2343 921.2972 180.7911 989.6348 265.4273 1.6884 0.5043 1.7350 7.3032 1.8678 15.4468 -4.8010 0.1713
Cyclist -1 -1 -5.1420 998.7805 177.8263 1106.5647 321.7287 1.7027 0.5321 1.6504 5.6737 1.7733 9.4429 -4.6157 0.1567
Cyclist -1 -1 -5.5201 894.7935 175.6040 985.7103 265.9448 1.8077 0.6789 1.7856 6.9752 1.8699 15.4503 -5.1041 0.1451
Cyclist -1 -1 -3.5048 767.5123 172.7721 827.0751 227.1287 1.8551 0.7371 1.8647 6.4573 1.8520 25.0979 -3.2566 0.1337
Pedestrian -1 -1 -3.2797 378.2540 168.8104 402.0160 226.2961 1.9795 0.6837 0.7100 -7.7603 1.8400 25.3053 -3.5748 0.1273
Pedestrian -1 -1 -3.4166 923.0049 174.7805 971.6370 260.9682 1.8336 0.5862 0.8274 7.2838 1.8762 15.7181 -2.9907 0.1044
Pedestrian -1 -1 -4.2648 927.5804 170.1749 977.0653 266.8788 1.9194 0.6571 0.7635 6.9767 1.8660 14.8180 -3.8333 0.1033
Pedestrian -1 -1 -4.8211 907.5875 164.0431 947.3538 261.9908 1.9897 0.6678 0.8419 6.6022 1.8104 15.1568 -4.4183 0.1031
Cyclist -1 -1 -5.0349 954.1929 181.8656 1011.6026 273.2317 1.6698 0.4456 1.7786 7.2893 1.8592 14.2779 -4.5721 0.1029
Pedestrian -1 -1 -2.9263 959.5377 189.3305 993.6762 262.8351 1.4919 0.4754 0.5549 7.6523 1.8461 15.1644 -2.4677 0.0950
Pedestrian -1 -1 -5.0944 838.2035 180.7251 866.2249 244.4797 1.6375 0.5101 0.5902 6.2955 1.8470 18.9207 -4.7787 0.0932
Pedestrian -1 -1 -5.2348 851.2563 182.9120 886.5994 246.6000 1.5772 0.5394 0.7580 6.5528 1.8396 18.4243 -4.8990 0.0876
Pedestrian -1 -1 -4.8649 24.7324 173.0981 39.4936 209.3614 1.7018 0.5025 0.3263 -27.4002 1.7132 34.1607 -5.5372 0.0874
Pedestrian -1 -1 -7.8077 856.9510 167.8358 889.0757 249.8665 1.9317 0.7029 0.7740 6.3262 1.8133 17.4826 -7.4668 0.0859
Pedestrian -1 -1 -5.4129 976.6729 172.7845 1034.3745 266.4818 1.8199 0.6093 0.8485 7.8773 1.8182 14.4931 -4.9244 0.0854
Cyclist -1 -1 -7.0734 306.7095 174.1957 333.7279 202.9295 1.6988 0.4447 1.7039 -17.5370 1.7812 43.6102 -7.4539 0.0775
Pedestrian -1 -1 -3.7141 950.1898 173.0941 1004.1577 261.8838 1.8528 0.5973 0.8356 7.7757 1.8577 15.4021 -3.2552 0.0709
Cyclist -1 -1 -7.1227 302.3836 173.8531 328.8558 203.0460 1.7254 0.4368 1.7298 -17.8082 1.7867 43.5948 -7.5086 0.0695
Cyclist -1 -1 -8.1729 964.2542 182.6707 1027.9103 272.0500 1.6321 0.5545 1.7973 7.5633 1.8392 14.3114 -7.6961 0.0642
Cyclist -1 -1 -5.0849 839.8436 174.1673 889.0151 250.3539 1.8207 0.5728 1.6963 6.3144 1.8550 18.1327 -4.7558 0.0627
Pedestrian -1 -1 -3.3329 959.8891 176.8346 1011.7567 271.5605 1.8022 0.5837 0.7999 7.3028 1.8821 14.1502 -2.8659 0.0615
Pedestrian -1 -1 -8.1337 403.7600 178.9744 416.5270 212.5782 1.6604 0.5096 0.4558 -10.0393 1.9690 36.0980 -8.4034 0.0612
Cyclist -1 -1 -8.6278 807.8297 169.9062 869.2815 242.3504 1.8434 0.5274 1.6827 6.0139 1.7681 19.2289 -8.3298 0.0591
Pedestrian -1 -1 -5.2218 285.2748 170.1485 302.7857 200.5838 1.7830 0.6946 0.7068 -18.7607 1.6242 42.7606 -5.6332 0.0583
Pedestrian -1 -1 -4.0894 897.5208 172.5486 941.0430 256.4652 1.8458 0.6081 0.7076 6.9389 1.8387 16.3149 -3.6947 0.0579
Pedestrian -1 -1 -4.8242 774.3333 180.1776 791.5248 223.9523 1.7261 0.5769 0.8599 6.9163 2.0255 29.0662 -4.5936 0.0575
Pedestrian -1 -1 -3.5264 928.5935 172.8544 980.4532 259.9170 1.8925 0.6215 0.8657 7.5831 1.8922 16.0160 -3.0922 0.0549
Pedestrian -1 -1 -8.4455 712.3579 181.3839 727.2969 210.2446 1.7320 0.6205 0.6903 6.6615 2.2572 44.0082 -8.2968 0.0541
Cyclist -1 -1 -8.2562 1155.8745 196.4221 1241.0000 374.0000 1.5421 0.4411 1.6969 5.9374 1.8014 7.0711 -7.5791 0.0536
Pedestrian -1 -1 -5.0281 796.3294 179.3848 823.6846 236.2886 1.6936 0.6122 0.6940 6.0210 1.8949 21.9198 -4.7642 0.0528
Cyclist -1 -1 -8.6028 816.8622 175.9709 874.7986 247.2314 1.7640 0.4974 1.5542 6.0506 1.8481 18.7406 -8.2960 0.0526
Pedestrian -1 -1 -7.9568 468.3385 183.1611 486.6855 223.6551 1.5610 0.6515 0.5973 -5.2595 1.9716 28.3857 -8.1390 0.0524
Pedestrian -1 -1 -6.5478 780.0157 181.5131 802.6453 230.1922 1.6828 0.6495 0.6212 6.3298 1.9912 25.3927 -6.3070 0.0516
Cyclist -1 -1 -3.6281 918.5842 181.3371 1021.3524 265.3665 1.7115 0.6897 1.8228 7.4832 1.8938 15.1502 -3.1780 0.0514
Cyclist -1 -1 -3.7801 965.6935 185.6988 1099.2659 312.7172 1.6752 0.5061 1.6158 5.7514 1.8582 9.9418 -3.2696 0.0512
Pedestrian -1 -1 -3.8332 1027.2329 171.7242 1110.0406 323.8736 1.8368 0.5089 0.7139 5.6617 1.8228 9.0143 -3.2882 0.0506
Car -1 -1 -8.2360 755.1502 196.4180 1114.4567 374.0000 1.4125 1.6130 4.1381 2.7015 1.7177 7.2550 -7.8942 0.9676
Car -1 -1 -2.7825 130.1314 182.1924 378.7050 272.1552 1.5137 1.6204 3.7833 -6.4462 1.6982 13.3088 -3.2262 0.9445
Car -1 -1 -5.7032 0.0000 185.7230 330.9406 295.5900 1.4864 1.6042 4.1421 -6.6338 1.6956 10.8582 -6.2412 0.9058
Car -1 -1 -2.9996 374.0744 182.4386 490.9507 222.2105 1.5083 1.7350 4.3503 -7.0795 1.9068 28.9525 -3.2378 0.8904
Car -1 -1 -5.6861 0.0000 196.4242 230.3587 372.5364 1.4328 1.5676 3.6226 -6.0039 1.6940 7.0639 -6.3722 0.8163
Car -1 -1 -5.5372 0.0000 201.7176 91.9265 374.0000 1.4710 1.5761 3.9852 -5.7767 1.6864 4.3050 -6.4375 0.6110
Car -1 -1 -7.8470 620.7161 181.6857 641.5040 201.0296 1.4950 1.6630 4.2278 1.7369 2.2536 59.8607 -7.8186 0.4361
Car -1 -1 -7.8885 462.8756 182.3395 498.5754 216.2069 1.4829 1.5544 3.5865 -6.2764 1.9624 34.5830 -8.0672 0.2523
Car -1 -1 -3.3270 705.7178 183.6513 776.7670 208.8036 1.5082 1.5883 4.1120 8.0714 2.1901 44.7760 -3.1504 0.2376
Car -1 -1 -7.1680 149.1484 177.5618 221.9189 206.5173 1.4848 1.5050 3.5742 -23.1895 1.7545 39.4957 -7.6962 0.1269
Car -1 -1 -4.6421 294.9851 175.7503 326.1978 201.2421 1.4897 1.5270 3.5880 -18.4791 1.6760 44.5494 -5.0334 0.1218
Car -1 -1 -7.7765 241.6418 175.9619 276.7204 201.9247 1.4364 1.5764 3.5060 -20.5551 1.6265 42.2975 -8.2266 0.1098
Car -1 -1 -4.5677 404.6790 178.5499 443.4002 208.1231 1.5531 1.5757 3.8100 -10.4566 1.8892 40.6333 -4.8184 0.1075
Car -1 -1 -4.5097 6.6947 170.4531 69.5225 204.9001 1.6079 1.6451 4.0857 -28.3796 1.4956 35.8754 -5.1755 0.1070
Car -1 -1 -7.7114 55.1269 169.8324 107.1016 203.7676 1.6123 1.5900 3.6748 -26.5590 1.4684 36.2768 -8.3400 0.1013
Car -1 -1 -4.7087 475.0629 180.5197 502.7669 207.5808 1.4830 1.5470 3.9818 -7.2126 1.9598 42.8157 -4.8750 0.0979
Car -1 -1 -4.4525 266.6774 182.4794 344.8823 227.8210 1.4274 1.5577 4.0788 -10.7846 1.7988 25.7415 -4.8459 0.0849
Car -1 -1 -4.6413 129.2659 177.1493 192.1080 221.6805 1.4248 1.5913 4.1111 -15.9546 1.5905 25.6995 -5.1925 0.0813
Car -1 -1 -4.9071 192.5313 182.1590 268.6657 230.6192 1.4167 1.4840 4.0253 -12.6768 1.7509 23.9075 -5.3903 0.0684
Car -1 -1 -3.3250 0.0000 0.0000 1241.0000 374.0000 1.4692 1.6029 3.7960 -5.0046 1.7301 1.4582 -4.5608 0.0595
Car -1 -1 -4.5297 573.5934 182.1113 602.9141 201.4727 1.4747 1.6901 4.0963 -1.7708 2.2612 59.1702 -4.5599 0.0561
Car -1 -1 -4.8693 177.8315 175.5218 238.5179 214.7850 1.4475 1.5342 3.9105 -16.1769 1.5615 28.8874 -5.3761 0.0515
