Pedestrian -1 -1 -7.6845 459.6064 173.7431 472.9304 205.7260 1.7399 0.6316 0.5579 -7.9151 1.7887 39.5563 -7.8811 0.1369
Pedestrian -1 -1 -4.9303 470.1221 186.1192 487.4979 227.6638 1.3436 0.4810 0.4367 -4.3795 1.7866 23.8181 -5.1108 0.1109
Pedestrian -1 -1 -7.3512 987.8477 161.4358 1001.1633 203.1689 1.8264 0.4537 0.2508 16.9210 1.3264 31.8351 -6.8668 0.0909
Pedestrian -1 -1 -8.6838 1110.6305 164.1013 1153.2661 233.9642 1.6797 0.5881 0.6112 12.7523 1.4690 17.7093 -8.0680 0.0900
Pedestrian -1 -1 -7.9044 149.8149 181.5519 183.8775 261.3945 1.5295 0.5533 0.4391 -8.7952 1.7048 14.2322 -8.4498 0.0873
Pedestrian -1 -1 -4.7160 814.3129 157.3851 836.3611 218.9075 1.8666 0.6436 0.9719 6.6442 1.3970 22.4479 -4.4323 0.0854
Cyclist -1 -1 -8.0675 805.0749 169.8622 825.6015 207.2469 1.7024 0.5760 1.6608 9.5375 1.5658 33.7021 -7.7945 0.0816
Cyclist -1 -1 -7.7836 776.2326 174.0054 783.5146 199.4885 1.6935 0.3760 1.5479 11.4644 1.7724 48.8177 -7.5547 0.0729
Cyclist -1 -1 -7.0066 872.0381 173.2887 912.9335 212.6107 1.7339 0.6459 1.7173 12.6544 1.7535 32.4308 -6.6382 0.0663
Pedestrian -1 -1 -4.0731 1202.5408 151.8816 1241.0000 240.7451 1.7811 0.5522 0.7149 12.6761 1.3604 14.8131 -3.3754 0.0661
Car -1 -1 -8.2478 513.4731 168.6014 546.4843 188.5547 1.8759 1.6720 4.2752 -7.8286 1.4758 70.1121 -8.3588 0.0645
Car -1 -1 -4.5081 154.4292 186.8423 244.2246 244.2897 1.4581 1.5643 3.6741 -12.0306 1.9086 21.2682 -5.0178 0.0581
Car -1 -1 -2.9573 334.0078 183.2936 456.8172 223.4436 1.4102 1.6569 4.1556 -7.9621 1.8143 26.9142 -3.2427 0.0566
Cyclist -1 -1 -8.0050 507.7135 174.8768 514.8906 199.0972 1.6582 0.2707 1.5061 -6.9132 1.8010 50.2849 -8.1413 0.0561
Car -1 -1 -4.5818 174.8943 187.5432 216.3505 215.4326 1.4790 1.6018 4.1074 -24.5467 2.3947 42.7896 -5.1002 0.0558
Car -1 -1 -2.5912 455.6735 175.8611 512.9961 198.1666 1.5619 1.6330 3.8079 -9.1504 1.7860 52.3791 -2.7636 0.0547
Pedestrian -1 -1 -5.8450 277.7112 165.8813 286.4699 208.5905 1.8383 0.4177 0.1855 -14.2510 1.5379 31.2662 -6.2698 0.0524
Pedestrian -1 -1 -6.6083 268.6173 163.9415 277.2598 202.5416 1.8401 0.4805 0.2355 -16.2292 1.4150 34.6524 -7.0435 0.0514
Car -1 -1 -7.4303 444.8151 175.9819 507.1604 209.7638 1.5440 1.5788 3.8058 -6.5423 1.7060 35.3918 -7.6122 0.0505
Pedestrian -1 -1 -2.0535 161.2821 172.1382 190.6203 223.7974 1.8052 0.7080 0.5771 -15.4831 1.7799 25.6660 -2.5919 0.2304
Pedestrian -1 -1 -3.5407 1119.0789 162.7241 1169.6583 259.6671 1.6844 0.5211 0.5616 9.4534 1.5081 12.8529 -2.9180 0.2193
Cyclist -1 -1 -3.0277 142.1908 175.0374 201.8292 227.2468 1.7942 0.7008 1.7343 -15.5166 1.8732 25.5313 -3.5695 0.1993
Cyclist -1 -1 -4.3633 478.8548 178.6942 499.3972 213.1882 1.5628 0.4630 1.5004 -5.6829 1.8418 33.7338 -4.5294 0.1697
Cyclist -1 -1 -6.3938 222.2093 176.3311 294.0867 236.3367 1.6892 0.7439 1.8297 -10.3816 1.7949 21.2061 -6.8445 0.1680
Cyclist -1 -1 -7.4074 380.7571 172.7567 408.5645 211.2564 1.6863 0.5040 1.7249 -9.7244 1.6817 32.4940 -7.6963 0.1458
Pedestrian -1 -1 -7.6123 269.7094 179.6666 296.5112 235.2841 1.6302 0.5753 0.7233 -9.8525 1.8382 21.6559 -8.0350 0.1360
Pedestrian -1 -1 -2.5300 689.9584 182.9700 711.8533 226.2711 1.3564 0.4775 0.5156 2.8644 1.6851 23.1158 -2.4090 0.1343
Pedestrian -1 -1 -7.7859 845.0592 176.1630 865.6305 227.8488 1.5149 0.5416 0.7117 7.3108 1.6158 21.6349 -7.4648 0.1285
Pedestrian -1 -1 -6.6918 995.2010 165.9019 1045.1769 254.4457 1.6631 0.5137 0.6826 7.8046 1.5322 13.8406 -6.1881 0.1130
Cyclist -1 -1 -4.5498 406.9146 173.7356 434.2043 229.9920 1.6865 0.5802 1.5328 -5.9268 1.7146 22.4464 -4.8056 0.1119
Cyclist -1 -1 -7.8230 151.0103 172.0201 164.7551 219.2112 1.6719 0.3690 1.6907 -16.5725 1.6421 26.3872 -8.3794 0.1101
Cyclist -1 -1 -8.1003 951.6374 171.5523 984.4836 233.9802 1.6573 0.4202 1.6126 9.8498 1.6225 19.9874 -7.6488 0.1058
Cyclist -1 -1 -7.5755 893.7970 173.0777 910.6906 206.4343 1.7460 0.4593 1.4520 15.5570 1.7579 38.4925 -7.1946 0.1028
Cyclist -1 -1 -4.5467 391.2686 175.9181 419.7985 235.0719 1.7076 0.5890 1.4719 -6.1749 1.8025 21.6710 -4.8216 0.0950
Cyclist -1 -1 -3.6709 973.0472 163.0131 1089.7593 253.4204 1.6556 0.6837 1.8009 7.8440 1.4751 13.5685 -3.1567 0.0863
Cyclist -1 -1 -7.3949 166.8872 180.3113 203.4362 227.4995 1.6203 0.4416 1.6476 -15.2616 1.8961 25.8774 -7.9235 0.0840
Cyclist -1 -1 -7.9880 1002.4307 168.0385 1042.0267 255.8241 1.5848 0.4161 1.6927 7.8581 1.4975 13.8898 -7.4828 0.0791
Cyclist -1 -1 -8.5425 922.0718 167.3060 978.5883 231.0085 1.7186 0.4767 1.6723 9.5128 1.5687 20.3357 -8.1111 0.0787
Cyclist -1 -1 -7.2898 190.6097 188.3796 216.0605 219.9048 1.7566 0.4981 1.6140 -23.5982 2.6740 41.8296 -7.8010 0.0784
Cyclist -1 -1 -7.7844 1013.7662 166.5792 1046.1442 254.7992 1.6263 0.4504 1.7188 8.1909 1.5103 14.1422 -7.2690 0.0779
Cyclist -1 -1 -7.5563 473.0540 176.6722 492.5110 212.3183 1.5984 0.4417 1.5825 -5.9102 1.7789 33.3417 -7.7309 0.0778
Cyclist -1 -1 -7.6789 421.2526 170.2173 436.1622 204.5975 1.6837 0.4394 1.6806 -9.1241 1.5543 36.1892 -7.9245 0.0742
Pedestrian -1 -1 -7.5585 233.3402 168.2684 266.7179 234.3890 1.8795 0.6593 0.8092 -10.4971 1.7488 20.9628 -8.0180 0.0731
Cyclist -1 -1 -6.3596 375.5469 170.5695 416.2559 210.4878 1.7610 0.6874 1.7083 -9.6732 1.6599 32.4554 -6.6474 0.0727
Pedestrian -1 -1 -3.8948 1074.9735 160.1138 1129.2440 263.4458 1.7078 0.5267 0.5476 8.2789 1.4969 12.2306 -3.3115 0.0696
Pedestrian -1 -1 -7.5859 1018.8492 163.6641 1062.6531 258.0575 1.6768 0.5678 0.5530 7.8343 1.5133 13.2140 -7.0611 0.0690
Cyclist -1 -1 -8.7601 906.5080 162.0394 973.3251 229.7786 1.8149 0.5931 1.6909 9.1662 1.5248 20.2174 -8.3404 0.0690
Cyclist -1 -1 -4.3251 259.0550 170.4071 305.3530 239.6813 1.8345 0.5713 1.6754 -9.0882 1.7694 19.9547 -4.7478 0.0688
Cyclist -1 -1 -7.7385 776.9628 175.2880 785.0906 200.2164 1.6450 0.3642 1.5142 11.4762 1.8110 48.5381 -7.5081 0.0680
Cyclist -1 -1 -7.5732 396.4127 175.6050 428.7732 233.8642 1.6593 0.4957 1.6259 -5.8979 1.7439 21.4442 -7.8390 0.0677
Cyclist -1 -1 -8.4891 864.8811 172.3440 907.6221 224.0860 1.6630 0.3827 1.7092 9.1433 1.6463 24.0647 -8.1307 0.0676
Pedestrian -1 -1 -2.9159 955.1078 167.2931 994.8951 231.9879 1.7408 0.6016 0.8711 10.0276 1.5909 19.9239 -2.4561 0.0667
Pedestrian -1 -1 -6.5110 950.9786 160.5147 994.1618 234.7961 1.7818 0.5595 0.8365 8.8191 1.4855 17.6746 -6.0554 0.0655
Pedestrian -1 -1 -5.1373 192.7384 186.0684 207.3091 219.4303 1.8869 0.5918 0.4598 -23.6046 2.6531 41.4800 -5.6522 0.0647
Cyclist -1 -1 -6.9653 245.6036 174.1050 304.7898 233.8468 1.7260 0.5180 1.6615 -10.1116 1.7649 21.7419 -7.3963 0.0641
Cyclist -1 -1 -4.5646 399.5565 174.8873 425.0984 231.5532 1.7113 0.5558 1.5102 -6.2341 1.7770 22.6295 -4.8310 0.0636
Cyclist -1 -1 -3.6222 952.7236 159.8126 1074.9276 256.6065 1.7216 0.7542 1.8135 7.3138 1.4893 13.2237 -3.1270 0.0634
Pedestrian -1 -1 -5.8127 675.5348 174.3092 686.6118 193.3901 1.7611 0.4625 0.9149 6.5884 1.8970 67.1044 -5.7156 0.0617
Pedestrian -1 -1 -5.5461 140.2418 170.7126 167.3848 220.3938 1.7749 0.6464 0.5357 -16.5696 1.6981 26.1426 -6.1066 0.0612
Pedestrian -1 -1 -7.7016 1005.1465 163.3107 1045.7786 258.7680 1.7019 0.5795 0.5241 7.5756 1.5315 13.2491 -7.1924 0.0605
Pedestrian -1 -1 -6.9855 227.5321 169.3996 266.5428 238.3546 1.8010 0.6022 0.7113 -9.7488 1.7105 19.2908 -7.4483 0.0604
Cyclist -1 -1 -7.8132 324.0002 177.8840 339.7379 227.9811 1.6315 0.4319 1.5908 -9.4770 1.8077 24.4863 -8.1793 0.0596
Pedestrian -1 -1 -7.4273 194.1824 181.5174 219.8159 229.7487 1.6791 0.6335 0.5171 -14.2864 1.9884 25.5041 -7.9337 0.0588
Pedestrian -1 -1 -4.6356 218.3456 173.5513 244.0508 238.0498 1.8268 0.6006 0.7707 -11.0229 1.8471 20.9182 -5.1157 0.0582
Cyclist -1 -1 -7.2356 206.1401 176.5148 264.0348 238.8943 1.6987 0.5558 1.7497 -10.7514 1.8078 20.6601 -7.7105 0.0580
Cyclist -1 -1 -2.7063 375.2956 174.4170 434.0234 234.1452 1.7517 0.6427 1.5685 -6.1955 1.7992 21.6257 -2.9827 0.0578
Pedestrian -1 -1 -5.3723 225.4659 167.9908 265.5270 235.9070 1.8873 0.6400 0.8356 -10.4126 1.7519 20.5195 -5.8370 0.0573
Cyclist -1 -1 -7.5140 262.1577 177.7733 300.7981 240.5854 1.5988 0.4002 1.6846 -8.8402 1.7363 19.3557 -7.9377 0.0562
Cyclist -1 -1 -8.2441 988.2916 161.7257 1061.5449 258.7188 1.6783 0.5516 1.6921 7.5827 1.4854 13.3571 -7.7378 0.0552
Cyclist -1 -1 -7.9939 966.7633 169.6775 994.8913 233.4628 1.6731 0.4422 1.6679 10.1025 1.5895 19.7871 -7.5284 0.0545
Cyclist -1 -1 -8.2279 973.6577 155.0670 1049.6188 258.3987 1.7713 0.6165 1.7051 7.2757 1.4661 13.2513 -7.7357 0.0543
Cyclist -1 -1 -3.1068 680.7290 176.6758 735.5223 228.5657 1.6126 0.6644 1.7036 3.0790 1.7363 22.9599 -2.9760 0.0538
Cyclist -1 -1 -4.1739 177.0627 176.5601 216.1915 226.0974 1.7233 0.4775 1.5820 -14.9300 1.8608 26.0165 -4.6907 0.0527
Pedestrian -1 -1 -3.2590 689.1985 179.1483 707.5624 225.6833 1.4867 0.5421 0.5287 2.8144 1.6928 23.3956 -3.1416 0.0521
Cyclist -1 -1 -8.2525 886.6616 174.9659 908.9270 207.4698 1.6953 0.5355 1.5578 15.3140 1.8101 38.5210 -7.8772 0.0517
Cyclist -1 -1 -8.0241 943.2755 170.2573 971.7028 231.8931 1.6739 0.4352 1.6683 9.7854 1.6031 20.4571 -7.5841 0.0509
Cyclist -1 -1 -7.5288 483.7773 176.4627 503.8178 211.5570 1.6301 0.4590 1.6042 -5.5891 1.8066 34.5143 -7.6886 0.0507
Pedestrian -1 -1 -3.3793 986.6614 165.4230 1016.2332 220.6467 1.7713 0.5965 0.7238 12.7059 1.5327 23.5227 -2.8898 0.0502
Cyclist -1 -1 -8.0414 834.6470 168.1035 861.0677 224.3286 1.6537 0.4739 1.5510 7.1959 1.5137 22.0209 -7.7301 0.0502
Cyclist -1 -1 -7.6031 285.5573 175.2649 319.9062 238.6026 1.6672 0.4775 1.6331 -8.5041 1.7362 19.8993 -8.0026 0.0500
Car -1 -1 -4.5755 521.5349 180.3810 579.7982 222.8775 1.4138 1.6103 4.1220 -2.1726 1.7155 26.8524 -4.6561 0.9263
Car -1 -1 -6.9030 872.7437 171.7428 1004.2587 215.4324 1.4911 1.6163 4.1192 11.6771 1.4529 25.8268 -6.4831 0.1786
Car -1 -1 -4.7894 731.4918 174.4769 763.2035 200.8538 1.5537 1.6110 4.1056 8.4634 1.6591 44.8897 -4.6047 0.1751
Car -1 -1 -7.4177 198.5901 186.0191 289.7579 229.8246 1.4605 1.6201 3.7103 -13.6472 1.9882 27.0609 -7.8811 0.1210
Car -1 -1 -8.0096 665.4877 175.3396 688.2287 192.4836 1.5772 1.6037 3.6633 6.3273 1.8204 68.8045 -7.9187 0.1046
Car -1 -1 -4.5315 392.1938 173.0282 439.8352 204.9486 1.5626 1.6848 4.0196 -10.0300 1.5719 37.4149 -4.7920 0.1036
Car -1 -1 -4.5693 751.4714 176.5781 783.8584 200.9818 1.5836 1.6481 3.8537 10.8306 1.8499 49.5552 -4.3558 0.0968
Car -1 -1 -7.2344 806.1058 173.6946 866.5820 200.5272 1.5234 1.6500 3.5935 13.4135 1.5750 42.8169 -6.9331 0.0814
Car -1 -1 -8.7355 837.0242 170.5690 977.6953 229.4528 1.5546 1.5322 3.6248 8.4893 1.4940 21.0072 -8.3569 0.0787
Car -1 -1 -3.1852 832.2950 176.9122 909.7191 206.4206 1.5340 1.6561 3.8822 14.0855 1.7621 39.2461 -2.8435 0.0770
Car -1 -1 -4.7816 170.3382 188.5723 207.6875 217.7490 1.5381 1.6275 4.0149 -24.8276 2.5084 42.4369 -5.3084 0.0767
Car -1 -1 -5.6030 476.0343 177.5937 535.7496 201.1529 1.4985 1.5710 3.8068 -7.0005 1.8257 48.2057 -5.7468 0.0746
Car -1 -1 -3.9959 1151.7394 179.0806 1241.0000 374.0000 1.5159 1.5886 3.8260 5.8971 1.5623 4.5694 -3.1157 0.0737
Car -1 -1 -5.6299 311.5191 180.4475 453.2946 232.2073 1.5029 1.6343 4.1454 -7.2529 1.7587 22.8596 -5.9343 0.0627
Car -1 -1 -3.6620 88.6520 182.6250 205.3636 228.4477 1.4478 1.5987 3.0464 -16.1713 1.8128 25.2517 -4.2270 0.0558
Car -1 -1 -7.5048 445.5834 176.4581 502.9054 209.8798 1.5191 1.5779 3.6821 -6.5891 1.7042 35.1610 -7.6892 0.0534
