Car -1 -1 -4.6908 453.7861 186.6857 499.1188 233.8027 1.6189 1.6027 3.2381 -5.1011 2.1794 27.5312 -4.8730 0.8500
Car -1 -1 -7.9607 1123.1227 195.8825 1241.0000 283.2085 1.4876 1.7355 4.3596 12.4461 2.0661 15.8228 -7.3041 0.1695
Pedestrian -1 -1 -3.1787 633.0592 169.8951 682.1234 261.0106 1.8365 0.5826 0.9823 0.9158 1.7766 14.8451 -3.1195 0.1616
Car -1 -1 -3.7060 1158.5568 198.4526 1241.0000 229.1143 1.5501 1.6718 3.8048 32.4391 2.9819 39.3070 -3.0205 0.1052
Pedestrian -1 -1 -4.3591 1040.0591 207.4875 1068.7806 270.1057 1.6385 0.5260 0.5064 12.0491 2.5986 19.6453 -3.8168 0.0897
Pedestrian -1 -1 -5.8961 570.0486 180.2280 590.9172 226.9436 1.7840 0.5138 0.6656 -1.1894 2.0737 28.0200 -5.9389 0.0768
Car -1 -1 -4.9921 426.8405 184.5272 470.3138 212.9301 1.6205 1.6386 3.8572 -10.1334 2.3814 44.9649 -5.2130 0.0759
Car -1 -1 -4.8076 537.5045 182.4507 567.5786 209.0678 1.6699 1.6526 3.9761 -3.9630 2.3478 48.8859 -4.8886 0.0644
Car -1 -1 -4.9403 554.4043 185.8469 603.1906 217.7958 1.5574 1.7405 4.1719 -1.7951 2.3041 39.2406 -4.9864 0.0563
Pedestrian -1 -1 -5.9090 434.2176 178.7563 448.5147 210.7483 1.7867 0.6795 0.5795 -9.5730 2.1233 40.8132 -6.1384 0.0542
Pedestrian -1 -1 -3.7811 569.5762 181.7001 584.1221 226.9822 1.7878 0.5074 0.3477 -1.3738 2.1458 28.9140 -3.8289 0.0522
Cyclist -1 -1 -7.7586 1009.2267 161.2146 1061.8904 298.3146 1.7841 0.5001 1.8823 6.0437 1.6323 10.3032 -7.2414 0.6020
Pedestrian -1 -1 -5.0079 967.7946 155.6007 1057.2339 314.3676 1.8716 0.7245 0.9232 4.9471 1.6679 9.0276 -4.5213 0.5146
Pedestrian -1 -1 -4.9063 555.5020 189.6551 568.5193 222.3295 1.5371 0.5190 0.5898 -2.3480 2.3520 34.6576 -4.9742 0.2243
Pedestrian -1 -1 -4.1205 930.3721 154.0716 1019.7101 309.3579 1.8982 0.6188 0.9407 4.6591 1.6683 9.3243 -3.6707 0.2090
Cyclist -1 -1 -4.8705 493.0988 184.5424 509.7542 221.1856 1.6941 0.5475 1.5880 -5.2752 2.2700 34.7331 -5.0207 0.1422
Pedestrian -1 -1 -7.6852 909.4871 166.8734 965.6337 305.6537 1.7754 0.5776 0.7744 4.3594 1.6985 9.7124 -7.2756 0.1017
Cyclist -1 -1 -7.3038 1049.7552 183.8813 1094.1202 229.3740 1.7634 0.6502 1.8271 18.5252 2.2169 29.0001 -6.7406 0.0995
Pedestrian -1 -1 -3.6020 679.7155 175.1509 747.5075 282.2396 1.7319 0.7003 0.9133 1.6839 1.7719 12.1680 -3.4691 0.0975
Cyclist -1 -1 -7.8794 560.2655 183.2224 571.8763 221.5358 1.7262 0.4983 1.5977 -2.1037 2.2229 33.7683 -7.9419 0.0969
Pedestrian -1 -1 -8.1497 1030.4342 180.5096 1051.9255 226.8477 1.8388 0.6381 0.4452 17.2930 2.1495 29.0198 -7.6174 0.0944
Pedestrian -1 -1 -4.5618 855.6223 165.6192 908.4537 300.8339 1.7824 0.5930 0.7046 3.7061 1.6867 9.9623 -4.2164 0.0883
Pedestrian -1 -1 -3.2063 679.1998 161.6664 743.0192 283.7976 1.8594 0.6238 0.9473 1.5168 1.6887 11.3263 -3.0779 0.0822
Pedestrian -1 -1 -8.0025 1046.6945 181.8610 1069.6478 229.0990 1.8534 0.6858 0.6702 17.9119 2.2196 28.9204 -7.4533 0.0813
Cyclist -1 -1 -8.0333 1058.5031 181.2538 1081.8700 225.3003 1.7557 0.4835 1.8689 19.1271 2.1167 30.0828 -7.4720 0.0746
Pedestrian -1 -1 -3.1634 674.2122 166.0324 733.7938 282.9794 1.8331 0.6020 0.9302 1.4516 1.7259 11.6549 -3.0439 0.0700
Cyclist -1 -1 -8.1059 554.2406 185.0264 570.8714 220.8890 1.6839 0.4232 1.5974 -2.3674 2.2924 35.2643 -8.1731 0.0657
Cyclist -1 -1 -5.0275 1126.4724 191.7899 1155.8538 232.0351 1.6092 0.5075 1.6393 22.4029 2.4322 30.5152 -4.3996 0.0639
Cyclist -1 -1 -7.6533 498.1910 182.7850 517.0069 221.1905 1.7863 0.5847 1.6446 -4.9737 2.2769 34.8311 -7.7947 0.0595
Pedestrian -1 -1 -4.7462 881.8047 160.1902 930.2325 298.6864 1.8223 0.5794 0.7457 4.0076 1.6554 9.9418 -4.3743 0.0557
Pedestrian -1 -1 -6.0322 709.1111 170.3269 771.9764 287.7777 1.7564 0.6813 0.8277 1.9899 1.7183 11.2701 -5.8632 0.0545
Cyclist -1 -1 -5.1201 1215.4799 180.1503 1241.0000 218.3438 1.7171 0.6936 1.8028 29.1707 2.0680 33.7699 -4.4124 0.0532
Car -1 -1 -5.0387 1005.2281 187.4777 1084.5784 228.1787 1.5279 1.6643 4.0271 18.3837 2.1946 30.7674 -4.5049 0.2227
Car -1 -1 -7.8729 474.1367 187.8212 508.6106 221.1372 1.4780 1.6010 3.7570 -5.9617 2.2616 35.7942 -8.0374 0.1865
Car -1 -1 -4.2553 1077.8848 193.8306 1170.3496 231.7622 1.4388 1.6270 4.0408 21.9995 2.3861 30.9130 -3.6420 0.1817
Car -1 -1 -7.1707 1057.1079 190.6872 1181.2490 234.6483 1.5162 1.6939 4.0375 19.2482 2.2263 27.3715 -6.5635 0.1109
Car -1 -1 -8.6265 1039.8995 160.3180 1241.0000 374.0000 1.6918 1.6792 4.3243 5.7383 1.6245 6.0512 -7.8924 0.1076
Car -1 -1 -4.7970 1194.8838 185.5967 1241.0000 220.3520 1.5481 1.6584 4.2957 30.4078 2.2232 36.0111 -4.1003 0.1073
