Pedestrian -1 -1 -3.0104 798.8724 165.4313 813.1665 200.1905 1.8846 0.5789 0.6874 10.6999 1.4819 39.5208 -2.7483 0.2679
Pedestrian -1 -1 -3.3373 966.2241 164.8052 986.9116 215.4438 1.8073 0.6782 0.5428 13.2338 1.5198 26.1510 -2.8738 0.1834
Pedestrian -1 -1 -3.6873 450.6406 169.4331 462.4607 192.2822 1.8497 0.5005 0.7997 -12.5445 1.5725 58.8662 -3.8967 0.1538
Car -1 -1 -4.9776 808.7601 173.2303 856.7703 200.1162 1.5855 1.7366 4.4089 13.7353 1.6097 44.8415 -4.6826 0.1316
Pedestrian -1 -1 -4.7455 993.2421 162.4973 1014.2792 219.4497 1.8482 0.5849 0.6094 12.9442 1.5118 23.8173 -4.2533 0.1258
Pedestrian -1 -1 -4.2062 33.3575 165.0470 60.0805 210.8737 1.8931 0.6148 0.7081 -23.6158 1.5703 30.2042 -4.8656 0.1076
Cyclist -1 -1 -7.9961 719.4896 172.5571 726.4623 193.9169 1.7169 0.3354 1.5941 9.1758 1.6927 58.7948 -7.8425 0.0965
Pedestrian -1 -1 -6.3522 1191.0842 167.1005 1227.5552 246.7447 1.7713 0.5456 0.5970 13.5948 1.6430 16.4420 -5.6706 0.0963
Pedestrian -1 -1 -6.6049 982.6204 158.0749 1004.6398 213.9978 1.9232 0.5317 0.5335 13.3041 1.4147 25.1194 -6.1230 0.0930
Pedestrian -1 -1 -7.3010 358.7111 169.4103 371.6902 196.9603 1.8028 0.5835 0.5977 -16.1716 1.5772 47.5738 -7.6272 0.0883
Car -1 -1 -7.3211 235.4732 162.0084 291.1330 193.9563 2.1671 1.7536 4.0002 -24.4687 1.4311 51.0130 -7.7665 0.0799
Car -1 -1 -8.3673 868.4979 174.5402 1001.1626 235.4380 1.5218 1.6272 3.9180 8.8624 1.5734 20.1770 -7.9594 0.0667
Car -1 -1 -4.6627 373.0537 177.9685 416.5563 214.5809 1.4760 1.6339 4.0409 -9.4757 1.7167 31.8461 -4.9500 0.0656
Car -1 -1 -5.0812 781.8957 170.8827 826.3796 197.7128 1.8400 1.7618 3.9162 13.7760 1.7045 51.5264 -4.8218 0.0633
Pedestrian -1 -1 -5.7308 366.5792 166.8066 398.2154 224.3711 1.8016 0.5750 0.7733 -7.2851 1.6120 22.9552 -6.0352 0.0574
Cyclist -1 -1 -8.3013 851.9019 169.4340 894.6448 232.7032 1.6870 0.4603 1.5945 7.2455 1.5955 20.0564 -7.9600 0.0552
Car -1 -1 -3.0148 221.0950 177.6485 298.0446 204.1228 1.4686 1.5807 3.8465 -20.3020 1.7556 41.8758 -3.4640 0.0513
Car -1 -1 -5.0424 829.7961 177.5069 877.3635 206.0767 1.5284 1.5891 3.1663 13.6531 1.8008 40.7080 -4.7215 0.0510
Cyclist -1 -1 -4.6453 649.1463 172.9601 659.8045 207.0568 1.5898 0.4159 1.4291 2.0832 1.5947 34.3825 -4.5859 0.1521
Cyclist -1 -1 -7.4834 650.0193 170.4521 670.5632 207.3911 1.7209 0.4889 1.4464 2.3625 1.6087 34.3736 -7.4159 0.0930
Cyclist -1 -1 -7.6500 344.3163 170.9944 354.0484 191.0006 1.6638 0.4586 1.5898 -22.0062 1.5088 60.8251 -7.9960 0.0642
Cyclist -1 -1 -3.4466 642.6379 170.8871 679.9294 206.5239 1.6591 0.7007 1.6230 2.3801 1.5672 34.1225 -3.3781 0.0593
Cyclist -1 -1 -8.0640 641.6851 172.4857 657.3527 207.6317 1.6478 0.4432 1.4997 1.8466 1.6303 34.6048 -8.0117 0.0581
Pedestrian -1 -1 -5.7643 578.7739 172.4854 590.0790 193.0413 1.6857 0.5172 0.7791 -2.1372 1.6552 59.5817 -5.8003 0.0561
Pedestrian -1 -1 -5.6737 341.8855 171.4966 354.4246 191.8413 1.6794 0.5310 0.8234 -21.7710 1.5671 59.9250 -6.0210 0.0525
Cyclist -1 -1 -7.8861 527.4684 171.9251 533.1905 189.2964 1.6228 0.4887 1.4889 -7.5513 1.5357 68.1776 -7.9963 0.0501
Car -1 -1 -7.8614 579.7328 171.2731 637.0771 225.9909 1.6394 1.7191 4.5932 -0.1271 1.5918 23.9261 -7.8674 0.9560
Car -1 -1 -4.0823 0.0000 164.4902 80.1504 207.6631 1.9368 1.6826 4.1090 -27.6299 1.5613 34.4567 -4.7546 0.8518
Car -1 -1 -4.4193 296.9824 172.1038 336.0280 193.3678 1.5298 1.6000 4.0522 -21.9376 1.4755 53.9994 -4.8037 0.6753
Car -1 -1 -7.5785 335.5489 171.9368 367.1245 190.5717 1.5427 1.6230 3.5754 -22.0572 1.4665 61.5720 -7.9213 0.5287
Car -1 -1 -7.3154 167.3876 184.2324 259.1062 223.8822 1.4001 1.6309 3.3727 -15.4370 1.8713 28.1829 -7.8128 0.3776
Car -1 -1 -7.7272 362.1743 171.9944 385.0199 187.8825 1.4784 1.6015 3.8909 -22.6595 1.3981 69.1989 -8.0428 0.1661
Car -1 -1 -7.0920 0.0000 179.4265 33.8737 222.0183 1.4570 1.6781 4.0513 -24.4079 1.7247 27.3733 -7.8154 0.1622
Car -1 -1 -4.7101 576.0161 172.1220 594.9741 190.7509 1.5347 1.5616 3.9303 -2.1085 1.4741 61.4325 -4.7446 0.1296
Car -1 -1 -4.7190 520.4794 172.3248 538.0352 188.9364 1.5573 1.6381 4.1606 -7.8456 1.5074 69.8057 -4.8308 0.1198
Car -1 -1 -7.3629 643.8701 175.0152 710.8621 206.4075 1.4414 1.5575 4.0641 3.3373 1.5540 35.5479 -7.2706 0.0978
Car -1 -1 -7.9185 359.6152 171.9236 388.0471 194.9927 1.6008 1.6854 4.3253 -17.2110 1.5359 52.3885 -8.2346 0.0693
Car -1 -1 -4.7232 500.5133 171.4051 518.1288 188.2790 1.5825 1.6394 4.2343 -9.7941 1.4463 69.8826 -4.8622 0.0543
