Car -1 -1 -7.8797 590.8047 177.1919 638.3620 221.9330 1.5450 1.6672 3.5528 0.0724 1.7181 27.0594 -7.8777 0.9400
Car -1 -1 -4.4851 416.4208 183.0617 477.1083 219.3897 1.4443 1.7130 4.2032 -7.1892 1.9262 31.9791 -4.7049 0.9126
Car -1 -1 -7.2326 723.6099 173.8235 889.2113 247.0859 1.4975 1.5709 4.1884 4.5862 1.5222 16.7348 -6.9703 0.8869
Car -1 -1 -7.9565 633.4340 173.4185 656.7271 192.8375 1.6497 1.6236 4.1599 3.0333 1.7008 63.5436 -7.9093 0.1592
Car -1 -1 -7.5517 292.0104 163.1787 332.7271 196.8810 2.6306 1.8115 4.4470 -24.1396 1.8751 58.6137 -7.9410 0.1527
Pedestrian -1 -1 -6.6363 559.9070 173.9629 570.5350 196.2024 1.7601 0.5277 0.7066 -3.5979 1.8488 57.5263 -6.6989 0.1004
Car -1 -1 -7.1212 648.8163 164.0594 725.8383 202.1786 1.8868 1.6796 4.1232 4.0433 1.4512 37.7178 -7.0157 0.0988
Car -1 -1 -4.4664 314.2655 170.3639 344.7020 192.9921 2.0683 1.7152 4.1569 -26.4582 1.8404 68.1201 -4.8358 0.0965
Car -1 -1 -8.1245 847.0414 177.6195 895.6371 205.4874 1.5567 1.6811 4.0842 15.5114 1.8550 43.1198 -7.7818 0.0811
Pedestrian -1 -1 -3.3778 1226.6433 152.8094 1241.0000 222.4086 2.0768 0.6202 0.4861 19.0875 1.4784 21.9166 -2.6683 0.0764
Pedestrian -1 -1 -6.3986 531.6160 175.3115 540.9763 199.0886 1.7372 0.6047 0.6199 -5.4608 1.9192 53.1540 -6.5009 0.0757
Pedestrian -1 -1 -8.4039 1193.5312 173.2691 1222.9370 223.9998 1.7481 0.6938 0.3752 20.7588 1.7624 25.0996 -7.7191 0.0753
Cyclist -1 -1 -2.3306 17.8344 178.9153 70.5195 221.1193 1.7905 0.6875 1.8862 -24.5261 2.0566 31.2301 -2.9923 0.0699
Pedestrian -1 -1 -4.6870 1030.4153 177.1439 1047.4497 222.2072 1.4837 0.4813 0.5139 14.3209 1.6292 24.1681 -4.1579 0.0664
Cyclist -1 -1 -8.0443 980.1564 176.2970 1003.4984 221.4456 1.6377 0.4471 1.7283 14.3341 1.7714 27.2004 -7.5643 0.0656
Pedestrian -1 -1 -8.4944 1226.1461 171.5659 1241.0000 211.2599 1.6853 0.6192 0.4470 26.8282 1.6303 30.8797 -7.7841 0.0655
Pedestrian -1 -1 -8.9357 1225.7983 156.9731 1241.0000 200.0232 1.9017 0.5770 0.6985 28.1113 1.1999 32.3035 -8.2243 0.0654
Cyclist -1 -1 -7.1779 1081.6722 168.3556 1132.4288 217.8529 1.8120 0.6655 1.6777 18.5371 1.6471 26.9792 -6.5814 0.0642
Pedestrian -1 -1 -3.3809 973.3990 150.6463 1033.6787 259.5896 1.7914 0.5570 0.7816 6.6003 1.4259 12.2296 -2.8966 0.0617
Car -1 -1 -4.7625 232.4292 180.7574 266.8457 208.6587 1.5887 1.7002 4.0683 -22.3002 2.1000 44.5158 -5.2248 0.0609
Car -1 -1 -4.9399 530.9236 177.9928 569.7703 202.9076 1.5475 1.6656 4.1867 -4.0474 1.9051 47.9924 -5.0240 0.0601
Car -1 -1 -5.0942 719.2665 176.1480 772.0325 200.9656 1.3672 1.5650 4.2759 7.9014 1.5717 42.5981 -4.9124 0.0579
Pedestrian -1 -1 -5.3882 232.0298 172.8485 246.3926 199.8848 1.8878 0.5074 0.8052 -26.1249 1.8872 50.7785 -5.8615 0.0564
Pedestrian -1 -1 -3.4066 722.4752 165.2563 733.7017 199.1486 1.8872 0.6004 0.4799 6.5888 1.4638 40.5000 -3.2469 0.0548
Car -1 -1 -4.4349 139.6492 182.0817 193.2528 212.3981 1.5637 1.5932 3.7185 -24.8238 2.1063 40.4419 -4.9827 0.0532
Car -1 -1 -5.0108 887.0634 177.7415 944.3349 210.5179 1.5083 1.5739 3.6813 15.0004 1.7626 35.6793 -4.6162 0.0521
Car -1 -1 -4.1597 69.7369 184.1059 135.3209 208.3909 1.4021 1.5822 3.8603 -31.9157 2.1414 45.4572 -4.7692 0.0520
Pedestrian -1 -1 -5.8346 307.5810 177.4202 320.9824 201.0156 1.7328 0.5738 0.7428 -21.9201 2.0725 53.4178 -6.2225 0.0503
Cyclist -1 -1 -8.0993 640.9060 175.0442 651.4578 201.6823 1.6078 0.3072 1.4306 2.1865 1.7445 44.4009 -8.0509 0.1637
Cyclist -1 -1 -7.9763 644.5376 174.7069 653.6706 201.4488 1.6226 0.3815 1.4932 2.3799 1.7389 44.6436 -7.9239 0.0664
Cyclist -1 -1 -4.3476 668.6324 172.8013 697.1363 214.2879 1.7228 0.6867 1.6101 3.0827 1.7203 30.8361 -4.2495 0.0562
Pedestrian -1 -1 -5.6977 1166.4242 165.6959 1241.0000 374.0000 1.5814 0.5432 0.4847 3.4536 1.5448 3.9761 -5.0192 0.0530
Car -1 -1 -4.4731 399.8771 177.9997 447.8424 206.5023 1.6110 1.7932 4.5483 -11.2825 1.9400 43.8915 -4.7236 0.7990
Car -1 -1 -4.5252 379.6281 178.9565 411.9183 201.1559 1.5007 1.5656 3.6439 -15.3400 1.9537 51.7061 -4.8126 0.6816
Car -1 -1 -7.5978 971.8889 170.9739 1241.0000 374.0000 1.4708 1.6262 3.9980 4.6737 1.4600 5.9093 -6.9532 0.6769
Car -1 -1 -7.2115 678.6052 179.2356 789.2693 226.7015 1.3830 1.5532 3.8420 4.0328 1.6065 23.4169 -7.0437 0.6447
Car -1 -1 -4.8725 155.2453 182.1446 194.0378 206.2523 1.4431 1.5700 3.7699 -28.1996 2.0684 46.6390 -5.4140 0.4315
Car -1 -1 -7.1516 679.2886 175.8979 776.5111 219.6812 1.5154 1.5585 3.7312 4.4133 1.6368 27.0314 -6.9922 0.3882
Car -1 -1 -4.3934 451.8489 176.4883 487.4311 197.1054 1.5485 1.5508 4.1140 -11.0846 1.8466 57.0875 -4.5846 0.3676
Car -1 -1 -6.9706 643.5624 174.4774 710.7583 199.4892 1.4909 1.6330 4.0687 4.1815 1.5961 45.0631 -6.8791 0.3182
Car -1 -1 -5.5573 985.4766 176.8080 1241.0000 289.7446 1.4014 1.4603 3.5853 7.6349 1.4719 11.0057 -4.9638 0.2746
Car -1 -1 -4.4195 432.2606 175.5343 472.5122 199.4472 1.6035 1.6505 4.1457 -11.1142 1.8006 50.9932 -4.6333 0.2101
Car -1 -1 -6.3609 671.5090 177.3967 778.9685 213.9095 1.4813 1.7107 4.3628 4.7587 1.6797 30.5414 -6.2084 0.1861
Car -1 -1 -4.6204 411.7195 177.7722 441.3881 200.7643 1.5328 1.6565 4.2758 -13.0282 1.8975 51.3030 -4.8682 0.1360
Car -1 -1 -9.2509 0.0000 0.0000 1241.0000 374.0000 1.5399 1.6348 3.7669 3.7361 1.5706 0.9749 -8.0078 0.0789
Car -1 -1 -4.5053 361.4658 180.0474 402.5250 206.5692 1.5458 1.6319 4.1906 -14.3174 2.0197 45.3943 -4.8095 0.0759
Car -1 -1 -4.8173 426.7365 178.4250 454.4096 199.0523 1.5032 1.6375 4.4693 -13.2708 1.9556 56.2474 -5.0483 0.0650
Car -1 -1 -9.4539 1241.0000 47.5049 1241.0000 374.0000 1.5426 1.5786 3.8349 5.2656 1.4746 2.4489 -8.3637 0.0522
