Pedestrian -1 -1 -2.5606 0.0000 71.9131 202.1163 374.0000 1.9592 0.7411 0.9261 -2.3467 1.6132 2.8691 -3.2027 0.1977
Pedestrian -1 -1 -7.8514 483.7468 169.5817 503.9327 222.1888 1.8845 0.7155 0.4574 -4.2516 1.7670 26.1292 -8.0117 0.1205
Pedestrian -1 -1 -5.8933 258.5723 163.3108 275.4948 203.3482 2.0183 0.5464 0.6149 -17.4631 1.5370 36.6626 -6.3352 0.0960
Cyclist -1 -1 -3.2910 751.6550 159.2943 804.3443 213.4574 1.9520 0.7264 1.7889 6.0928 1.4630 26.4327 -3.0674 0.0906
Pedestrian -1 -1 -5.3733 70.9253 172.0856 128.2202 277.0203 1.8230 0.5975 0.5965 -9.1784 1.8094 12.9089 -5.9819 0.0864
Pedestrian -1 -1 -4.2393 734.9813 166.7753 750.0656 209.2248 1.7806 0.5089 0.3865 5.5720 1.5253 30.5743 -4.0613 0.0794
Pedestrian -1 -1 -8.2863 726.1852 161.7339 747.8597 204.3039 1.8916 0.6448 0.8976 5.6877 1.3972 32.5785 -8.1154 0.0786
Cyclist -1 -1 -7.0117 952.8763 146.1551 1007.1751 198.2892 1.8932 0.6372 1.8377 13.6677 0.9233 26.7461 -6.5439 0.0722
Pedestrian -1 -1 -5.8863 474.8438 169.8512 485.6379 195.0843 1.9097 0.5176 0.6603 -9.9060 1.6821 54.9317 -6.0642 0.0634
Car -1 -1 -4.3235 446.6703 179.1051 509.8176 210.1058 1.4247 1.6306 4.2566 -6.5886 1.7586 36.3204 -4.5022 0.0616
Pedestrian -1 -1 -6.0018 1064.4526 192.6909 1111.1444 287.7549 1.2241 0.3075 0.4580 6.3505 1.4974 9.6784 -5.4356 0.0609
Pedestrian -1 -1 -5.2962 269.8248 171.1991 283.6093 206.6299 1.8139 0.5490 0.3416 -17.2499 1.7289 37.2626 -5.7273 0.0598
Pedestrian -1 -1 -8.1163 223.8453 173.4482 254.4716 238.8037 1.8036 0.6318 0.6160 -10.5143 1.8204 20.3600 -8.5880 0.0587
Pedestrian -1 -1 -7.1132 965.0787 162.2760 1001.6663 231.1011 1.7182 0.5729 0.6012 9.4598 1.4538 18.3874 -6.6451 0.0578
Cyclist -1 -1 -7.8565 387.2707 174.6289 402.7969 228.1605 1.7025 0.4758 1.5785 -7.1475 1.7628 23.8265 -8.1454 0.0558
Pedestrian -1 -1 -7.0841 930.7654 146.3877 944.7395 185.8539 1.8311 0.5157 0.3227 15.2992 0.6028 33.7761 -6.6621 0.0553
Pedestrian -1 -1 -4.6324 480.7514 168.7291 488.4051 193.2393 1.9647 0.5470 0.8024 -10.1515 1.6337 58.2605 -4.8045 0.0509
Pedestrian -1 -1 -4.4055 175.4904 164.1067 217.6663 251.3812 1.8848 0.5945 0.8084 -9.2291 1.6956 16.0393 -4.9208 0.0506
Pedestrian -1 -1 -7.6828 1054.9097 159.2077 1099.8055 255.9986 1.6796 0.5921 0.5784 8.3236 1.4425 12.9335 -7.1218 0.4424
Pedestrian -1 -1 -6.7185 1198.6575 153.3348 1241.0000 277.3215 1.6962 0.5122 0.6786 8.8055 1.4288 10.2060 -6.0212 0.2387
Cyclist -1 -1 -8.1923 919.5254 168.0111 969.8821 244.1456 1.6377 0.4902 1.6788 7.5153 1.5332 16.3780 -7.7695 0.2005
Pedestrian -1 -1 -3.5453 1071.2023 146.5761 1118.6956 242.8830 1.8039 0.6187 0.5541 9.2552 1.3114 13.8676 -2.9670 0.1732
Cyclist -1 -1 -5.2884 243.2993 172.7625 280.1938 216.0018 1.8913 0.5979 1.8126 -15.6315 1.8870 32.2872 -5.7363 0.1309
Pedestrian -1 -1 -6.1320 418.7015 172.6007 428.6468 210.2442 1.9292 0.5611 0.4180 -9.6640 1.9159 37.2788 -6.3844 0.1255
Cyclist -1 -1 -5.5188 1035.0359 157.7865 1141.2648 257.0087 1.6519 0.4620 1.7306 8.4414 1.4007 12.9075 -4.9505 0.0915
Pedestrian -1 -1 -5.7583 422.7175 172.1132 441.6414 209.2354 1.9463 0.6242 0.7639 -9.4596 1.9072 38.2367 -5.9997 0.0872
Cyclist -1 -1 -5.1338 892.0755 156.8659 955.4357 240.5110 1.7655 0.6236 1.7384 6.9133 1.4277 16.1057 -4.7356 0.0838
Pedestrian -1 -1 -5.6872 611.0245 174.7269 622.1615 195.2459 1.7698 0.5757 0.7803 0.5499 1.9336 62.7760 -5.6789 0.0823
Cyclist -1 -1 -8.2196 918.8354 154.7884 977.0288 245.3021 1.8493 0.5743 1.6335 7.2080 1.4799 15.5742 -7.7939 0.0730
Cyclist -1 -1 -7.9077 613.4589 176.2710 618.7014 195.0004 1.6177 0.3824 1.4151 0.5073 1.9205 63.2970 -7.9001 0.0688
Pedestrian -1 -1 -4.0039 1032.1332 162.0465 1081.2526 249.9645 1.6446 0.5101 0.6388 8.5098 1.4422 13.8402 -3.4626 0.0668
Cyclist -1 -1 -5.1826 1073.3425 146.4125 1156.7335 247.3034 1.7236 0.4768 1.7778 9.1591 1.2716 13.2380 -4.5881 0.0642
Cyclist -1 -1 -8.5727 1048.0010 151.0630 1153.7150 252.2720 1.7044 0.5226 1.7805 8.7745 1.3371 13.0689 -7.9922 0.0576
Pedestrian -1 -1 -3.7216 926.7438 169.6668 971.7327 243.3413 1.6158 0.5352 0.7377 7.5316 1.5456 16.1444 -3.2927 0.0563
Pedestrian -1 -1 -3.8552 1047.3021 147.7144 1100.2179 240.7345 1.8170 0.5876 0.6689 9.2163 1.3256 14.4357 -3.2966 0.0555
Pedestrian -1 -1 -5.9157 934.2686 163.9090 979.0049 243.2580 1.6941 0.5310 0.7478 7.5633 1.5028 15.8581 -5.4785 0.0554
Pedestrian -1 -1 -8.1075 917.2413 188.4920 988.8134 327.8413 1.4348 0.5783 0.5213 3.6371 1.6103 7.8030 -7.6868 0.0546
Cyclist -1 -1 -8.2610 929.0967 166.5061 986.0584 244.0208 1.6622 0.4963 1.7417 7.7893 1.5258 16.3501 -7.8240 0.0529
Car -1 -1 -8.1689 759.2865 179.9623 986.6644 324.9475 1.4934 1.6052 3.7113 3.1065 1.6049 9.4773 -7.8625 0.9779
Car -1 -1 -7.6902 437.2564 178.0604 524.7548 243.1220 1.5402 1.6700 4.0036 -3.3987 1.6944 19.4104 -7.8619 0.9538
Car -1 -1 -8.0526 672.8904 177.3773 755.8040 237.9157 1.5303 1.5982 3.6315 2.7967 1.6694 20.3814 -7.9190 0.9413
Car -1 -1 -8.0576 707.6923 174.0267 813.7932 256.7502 1.6098 1.5795 3.3479 3.1204 1.6379 15.7731 -7.8668 0.9320
Car -1 -1 -7.8511 647.8825 175.2929 684.5305 210.0447 1.5087 1.6022 3.5300 2.5582 1.6274 33.4019 -7.7759 0.8901
Car -1 -1 -7.8801 620.0028 171.4997 642.2179 194.2920 1.7945 1.7031 3.5815 1.6606 1.6876 58.6013 -7.8523 0.2676
Car -1 -1 -7.8475 606.3784 175.2465 625.1908 194.4426 1.6493 1.6296 3.9850 0.5047 1.8695 64.4967 -7.8401 0.1392
Car -1 -1 -4.6610 509.2726 176.0085 555.3344 215.9646 1.6034 1.7755 4.4653 -3.3720 1.7511 31.5913 -4.7670 0.1304
Car -1 -1 -7.3411 1221.0543 128.7083 1241.0000 266.8430 1.6123 1.6673 4.0462 10.6109 1.0967 9.7189 -6.5269 0.0909
Car -1 -1 -2.6121 276.5649 184.6454 419.1066 231.4526 1.4303 1.5965 4.1899 -8.6572 1.8381 23.8048 -2.9578 0.0834
Car -1 -1 -7.3422 1229.5248 128.8978 1241.0000 374.0000 1.6525 1.6531 4.2350 7.0082 1.4076 5.1454 -6.4320 0.0611
