Pedestrian -1 -1 -5.1557 982.5950 205.7422 1083.2581 369.0000 1.3135 0.4189 0.6073 3.1593 1.5163 5.3527 -4.6461 0.1214
Pedestrian -1 -1 -4.4862 1178.1129 176.6041 1223.0000 271.1663 1.5477 0.5338 0.6830 10.1072 1.4843 11.9919 -3.7973 0.0980
Pedestrian -1 -1 -7.3862 8.6847 169.0607 69.5170 258.1407 1.7380 0.6499 0.8292 -11.4428 1.5151 14.2645 -8.0496 0.0817
Pedestrian -1 -1 -4.2875 269.7958 189.4718 313.4889 276.2088 1.3410 0.4386 0.5707 -5.0405 1.4882 11.2799 -4.6955 0.0774
Pedestrian -1 -1 -7.9010 267.5107 162.9460 303.7105 256.7744 1.7577 0.6082 0.8524 -6.2700 1.4292 13.7626 -8.3180 0.0637
Car -1 -1 -3.7670 1165.6641 156.2293 1223.0000 369.0000 1.5472 1.5905 4.0193 7.5354 1.3813 6.0987 -2.9003 0.0628
Pedestrian -1 -1 -4.2013 371.3057 196.4275 413.9747 274.3934 1.1931 0.4259 0.5709 -3.4307 1.4549 11.2790 -4.4869 0.0573
Pedestrian -1 -1 -4.5310 62.4394 176.2440 91.9964 235.1940 1.6692 0.5576 0.7387 -15.3116 1.5490 20.4740 -5.1640 0.0568
Car -1 -1 -4.2495 0.0000 174.5399 115.4190 223.1971 1.4807 1.6586 3.9742 -18.2919 1.2996 23.6237 -4.9001 0.0514
Pedestrian -1 -1 -2.5834 276.2498 206.3766 319.4870 287.7291 1.1212 0.2851 0.4862 -4.4084 1.4954 10.0369 -2.9839 0.0505
Pedestrian -1 -1 -3.7247 907.1229 155.7025 1007.8135 295.8124 1.7587 0.6692 0.9735 4.5515 1.4478 9.2737 -3.2801 0.8580
Cyclist -1 -1 -7.1296 30.6345 165.5378 136.5067 268.2290 1.7440 0.5466 1.7089 -9.4894 1.4903 12.8858 -7.7509 0.2439
Pedestrian -1 -1 -8.0818 839.1556 170.4046 871.9534 234.0849 1.5658 0.6134 0.7792 6.2583 1.3179 17.8054 -7.7476 0.2051
Pedestrian -1 -1 -4.1605 661.3493 138.8802 679.0102 171.0841 1.7759 0.6459 0.8404 3.6606 -0.5374 39.8309 -4.0673 0.1361
Pedestrian -1 -1 -8.0064 522.6129 162.4829 561.4756 260.7418 1.7240 0.5792 0.8725 -1.2062 1.4083 12.8985 -8.0956 0.1154
Pedestrian -1 -1 -8.2163 546.4814 161.4727 580.5674 235.1279 1.7924 0.6407 0.7066 -1.0823 1.3297 17.6596 -8.2746 0.1083
Pedestrian -1 -1 -5.1084 773.2269 159.0844 825.4762 264.6291 1.7683 0.5910 0.8435 3.3195 1.4099 12.3042 -4.8496 0.1025
Cyclist -1 -1 -6.9248 704.5190 161.6104 747.9926 210.7398 1.8099 0.6783 1.5133 4.5493 1.1143 26.6946 -6.7562 0.1015
Cyclist -1 -1 -4.8784 700.3448 165.0479 721.1992 211.2794 1.7214 0.5471 1.4913 4.0102 1.1463 27.0773 -4.7313 0.0992
Cyclist -1 -1 -6.3098 654.9816 136.7480 686.6908 169.9351 1.8299 0.6677 1.7519 3.6678 -0.5979 39.6270 -6.2160 0.0975
Pedestrian -1 -1 -4.4626 1017.5634 184.5967 1054.3170 270.5393 1.4071 0.4261 0.4926 7.2240 1.4785 11.9323 -3.9283 0.0971
Pedestrian -1 -1 -5.3823 821.2082 181.3405 863.9577 257.6265 1.4606 0.4980 0.6543 4.6306 1.4780 13.9393 -5.0667 0.0947
Cyclist -1 -1 -7.9424 506.3271 162.7266 551.4279 264.0148 1.7335 0.6673 1.7982 -1.4785 1.4297 13.0475 -8.0508 0.0939
Pedestrian -1 -1 -4.8029 89.7761 175.8565 128.9397 265.5336 1.6173 0.5462 0.6663 -9.2904 1.5339 13.1819 -5.4037 0.0937
Pedestrian -1 -1 -5.9397 892.7580 161.2558 943.8630 266.8730 1.7120 0.6006 0.6243 5.2211 1.4004 11.8931 -5.5341 0.0898
Cyclist -1 -1 -6.8485 695.8358 163.2031 735.8519 210.3837 1.7650 0.5523 1.4373 4.2025 1.1181 26.9900 -6.6941 0.0870
Pedestrian -1 -1 -3.7019 841.1149 159.8148 892.0729 261.2317 1.7517 0.6111 0.6173 4.5966 1.3948 12.5774 -3.3579 0.0841
Pedestrian -1 -1 -5.3024 684.5055 167.0775 731.7462 253.7260 1.7160 0.5883 0.8411 2.0620 1.4506 14.5095 -5.1626 0.0828
Cyclist -1 -1 -7.9830 708.0220 165.4302 725.4154 208.8972 1.6256 0.4571 1.5884 4.2654 1.0623 27.2426 -7.8277 0.0812
Cyclist -1 -1 -6.4926 817.7123 166.4055 885.9378 234.0049 1.6826 0.6036 1.5446 6.2203 1.3321 17.9912 -6.1635 0.0808
Pedestrian -1 -1 -7.9285 589.9932 161.3815 617.1642 234.6977 1.7872 0.6198 0.7872 -0.0843 1.3215 17.6518 -7.9315 0.0794
Cyclist -1 -1 -8.4575 685.0009 164.8043 720.0883 209.2509 1.6510 0.5169 1.5915 3.6931 1.0682 27.0904 -8.3218 0.0790
Cyclist -1 -1 -4.9676 656.3464 138.1126 672.4955 169.5413 1.7090 0.5071 1.6515 3.3318 -0.6316 39.9027 -4.8828 0.0776
Cyclist -1 -1 -4.7110 670.1491 138.4117 678.8386 169.7956 1.7086 0.4779 1.6035 3.9071 -0.6160 39.8749 -4.6119 0.0753
Pedestrian -1 -1 -8.4898 642.1484 169.3356 694.8773 261.2044 1.6375 0.6303 0.7820 1.1228 1.4388 13.1005 -8.4046 0.0728
Cyclist -1 -1 -8.1955 849.2188 181.0174 921.2819 284.2216 1.4853 0.5004 1.6381 4.2707 1.4943 11.0077 -7.8334 0.0725
Pedestrian -1 -1 -3.8315 393.4199 163.5475 444.3381 248.5647 1.7581 0.6048 0.8689 -4.0269 1.4079 15.1504 -4.0843 0.0725
Pedestrian -1 -1 -7.8205 703.5231 169.3833 720.8805 213.8773 1.6418 0.6228 0.6257 3.9835 1.2318 26.4533 -7.6711 0.0711
Pedestrian -1 -1 -5.0559 635.6698 175.9288 675.3403 261.4468 1.5108 0.4850 0.7839 0.8673 1.4305 12.9346 -4.9888 0.0679
Pedestrian -1 -1 -5.2809 960.2995 158.7398 1016.3228 267.9843 1.7412 0.5559 0.6243 6.2297 1.3947 11.6038 -4.7979 0.0672
Pedestrian -1 -1 -4.4994 751.9296 167.6544 788.7050 255.2310 1.6985 0.5608 0.8338 3.2827 1.4497 14.2088 -4.2756 0.0652
Pedestrian -1 -1 -6.3792 1115.7439 147.7258 1181.9374 268.1122 1.8918 0.5849 0.7974 8.8265 1.3772 11.5677 -5.7390 0.0640
Cyclist -1 -1 -6.4497 658.2898 139.3286 690.5951 171.3146 1.7899 0.6177 1.7468 3.9245 -0.5262 40.1438 -6.3509 0.0625
Cyclist -1 -1 -5.3095 823.1948 164.9379 874.3680 232.8060 1.6846 0.5077 1.4697 6.2546 1.2987 18.3264 -4.9842 0.0614
Pedestrian -1 -1 -4.7012 447.2005 162.1022 477.5114 249.2245 1.7707 0.6064 0.9068 -3.0383 1.3971 14.8717 -4.8968 0.0607
Pedestrian -1 -1 -4.4822 863.5743 162.9962 907.2774 266.4955 1.6875 0.5451 0.7186 4.7061 1.4025 11.9785 -4.1151 0.0597
Pedestrian -1 -1 -1.8088 101.4941 173.4808 145.7410 262.0586 1.6312 0.5612 0.6602 -9.2054 1.5023 13.4506 -2.3962 0.0586
Pedestrian -1 -1 -8.3165 776.1580 167.2524 809.0259 234.0460 1.6399 0.5817 0.6130 4.6540 1.3150 17.7195 -8.0623 0.0569
Pedestrian -1 -1 -6.7526 601.3105 166.7458 648.7698 250.2311 1.6852 0.5613 0.8208 0.3685 1.4079 14.7018 -6.7263 0.0556
Pedestrian -1 -1 -5.0853 1079.3605 149.4159 1139.5872 266.7258 1.8520 0.5808 0.6969 8.1868 1.3616 11.5681 -4.4807 0.0553
Pedestrian -1 -1 -4.6526 858.9366 204.4339 885.8568 276.4422 1.1029 0.3810 0.4624 4.2295 1.4959 11.3090 -4.3022 0.0551
Cyclist -1 -1 -3.4004 1000.3723 153.4909 1150.2092 270.4724 1.8271 0.6187 1.9575 7.6277 1.4056 11.6369 -2.8310 0.0550
Pedestrian -1 -1 -7.8395 611.5722 162.0534 637.5649 234.4391 1.7727 0.6368 0.7686 0.4530 1.3213 17.7126 -7.8126 0.0544
Pedestrian -1 -1 -6.4130 574.7239 169.7427 617.6891 251.1794 1.6590 0.5115 0.8340 -0.2345 1.4402 14.7167 -6.4268 0.0542
Cyclist -1 -1 -8.4212 975.2818 167.8407 1045.1605 254.6076 1.6054 0.4141 1.5335 7.8593 1.3715 13.8597 -7.9135 0.0530
Cyclist -1 -1 -7.9960 951.7265 155.0188 1007.6875 271.9779 1.7383 0.5181 1.8327 5.9856 1.3600 11.4594 -7.5242 0.0529
Pedestrian -1 -1 -5.5494 1053.9208 153.1710 1122.0239 269.1030 1.8280 0.5876 0.7073 7.8370 1.3975 11.5647 -4.9649 0.0515
Pedestrian -1 -1 -7.6979 708.2343 162.7904 727.0661 209.7075 1.7470 0.6264 0.5392 4.2229 1.0878 26.6801 -7.5410 0.0511
Car -1 -1 -7.8433 657.3407 139.3492 687.5054 168.3539 1.5441 1.6724 3.7821 3.9426 -0.7426 41.2604 -7.7465 0.1229
