Pedestrian -1 -1 -7.9051 353.0399 175.9231 370.5008 223.1450 1.8313 0.6161 0.7258 -9.8496 1.9541 28.4922 -8.2355 0.2226
Car -1 -1 -5.5182 816.4406 185.5356 862.2655 203.0616 1.5507 1.7442 4.1323 21.9648 2.8077 69.3024 -5.2130 0.0830
Car -1 -1 -4.4570 139.2832 197.8811 193.4539 230.9279 1.5745 1.6277 3.7170 -24.2139 3.0122 39.4433 -5.0049 0.0763
Car -1 -1 -6.9223 631.8429 177.7018 696.2446 203.2219 1.4808 1.5957 3.7146 3.2876 1.7885 44.1707 -6.8490 0.0679
Pedestrian -1 -1 -7.7088 704.3470 163.2422 736.3186 238.2347 1.8777 0.7357 0.5728 2.7736 1.6368 18.4466 -7.5628 0.0623
Pedestrian -1 -1 -4.1525 452.8386 175.1520 466.0815 202.6314 1.8003 0.5901 0.6748 -9.9958 1.9535 47.7611 -4.3581 0.0599
Pedestrian -1 -1 -7.9443 633.1002 169.9303 644.0196 198.1767 1.8290 0.6527 0.6703 1.8274 1.6394 47.0725 -7.9062 0.0568
Car -1 -1 -4.5991 210.7979 186.1656 289.7781 243.3072 1.4581 1.6298 4.3187 -10.7878 1.9024 21.7943 -5.0543 0.0556
Car -1 -1 -4.5007 725.5991 187.7146 758.2657 210.0320 1.6569 1.7387 4.4876 10.8339 2.9249 59.1769 -4.3212 0.0538
Cyclist -1 -1 -7.8014 878.3859 165.3725 917.9734 284.1415 1.8140 0.5385 1.7345 4.7254 1.6994 11.9220 -7.4335 0.5976
Cyclist -1 -1 -2.2930 119.6650 182.5433 172.1133 230.1325 1.7326 0.6621 1.7553 -17.4480 2.1032 27.0592 -2.8614 0.1486
Pedestrian -1 -1 -2.7656 647.9146 180.9881 669.0220 219.7541 1.4444 0.5249 0.6541 1.7979 1.7575 27.4192 -2.7015 0.1477
Cyclist -1 -1 -8.1722 932.2577 175.7966 1012.2127 302.1009 1.6989 0.5082 1.7268 5.2342 1.7455 10.6351 -7.7269 0.1285
Cyclist -1 -1 -3.3969 643.3858 174.5521 682.4621 218.7505 1.6666 0.5637 1.3952 1.9784 1.7324 27.6446 -3.3270 0.1283
Pedestrian -1 -1 -5.0219 774.4000 178.3324 795.4520 221.9235 1.5418 0.5458 0.7026 6.2488 1.7417 25.9858 -4.7891 0.1051
Cyclist -1 -1 -7.9310 898.9423 165.9477 946.7154 288.3096 1.7964 0.5309 1.8426 4.9212 1.6947 11.5511 -7.5384 0.0833
Cyclist -1 -1 -5.0136 908.8595 172.8453 987.5681 296.2188 1.7054 0.5290 1.8235 5.0075 1.7049 10.9102 -4.5946 0.0764
Pedestrian -1 -1 -6.5788 1186.2373 165.4063 1241.0000 306.3719 1.8034 0.5717 0.6875 8.1562 1.7078 9.6263 -5.8917 0.0705
Pedestrian -1 -1 -7.2553 1057.8262 173.3279 1133.3109 316.5945 1.7173 0.5702 0.5590 6.0072 1.7231 9.0226 -6.6838 0.0697
Pedestrian -1 -1 -7.7721 966.4453 182.8296 1015.6348 307.3330 1.5836 0.5442 0.5928 5.0359 1.7219 9.6354 -7.3041 0.0645
Cyclist -1 -1 -4.3553 653.3858 174.0760 676.5294 219.1425 1.6988 0.4574 1.3413 2.0914 1.7470 27.9413 -4.2821 0.0612
Cyclist -1 -1 -7.8330 712.5726 169.0140 726.5222 217.3324 1.7375 0.4845 1.6534 4.0308 1.5991 26.8010 -7.6859 0.0579
Pedestrian -1 -1 -7.5355 944.5020 175.1405 998.8152 294.3294 1.6876 0.5765 0.5545 5.2730 1.7223 10.6312 -7.0871 0.0578
Cyclist -1 -1 -5.0350 895.9730 173.6810 975.5012 299.6939 1.7092 0.5315 1.6994 4.7119 1.7221 10.6667 -4.6303 0.0574
Cyclist -1 -1 -8.6288 837.8642 174.3866 942.2285 297.5905 1.6913 0.4919 1.5453 4.0656 1.7155 10.7307 -8.2769 0.0571
Cyclist -1 -1 -8.0959 710.5374 169.2550 734.7732 218.5235 1.7129 0.4798 1.6131 3.9860 1.5875 25.9107 -7.9456 0.0535
Car -1 -1 -4.2595 159.3834 186.4949 328.1437 266.4350 1.4793 1.6581 4.1964 -8.0133 1.8244 16.1679 -4.7136 0.9528
Car -1 -1 -4.6446 503.7430 178.1143 526.3881 195.6299 1.4245 1.6548 4.1718 -8.1607 1.8924 62.0946 -4.7751 0.6242
Car -1 -1 -7.4510 284.8347 182.7022 358.1187 215.5708 1.5092 1.8011 4.6086 -14.6603 2.0437 36.8528 -7.8274 0.3203
Car -1 -1 -4.5481 615.3159 176.4150 644.9778 199.5913 1.5986 1.5559 3.8054 1.4685 1.8669 52.4055 -4.5207 0.2343
Car -1 -1 -4.7622 665.0067 187.3156 685.1650 204.2666 1.4381 1.6514 3.8976 5.9556 2.8117 66.5689 -4.6739 0.1829
Car -1 -1 -6.7274 727.3527 176.3933 912.4384 242.7862 1.5427 1.7144 4.1211 5.1483 1.6370 18.0905 -6.4552 0.1820
Car -1 -1 -4.5644 534.9556 177.1616 562.1009 195.4460 1.4805 1.7002 4.2770 -5.2371 1.8613 61.6431 -4.6491 0.1362
Car -1 -1 -8.4566 873.7170 191.4152 1241.0000 374.0000 1.4935 1.7098 4.2959 2.7683 1.6373 3.4258 -7.8191 0.1141
Car -1 -1 -4.7072 36.4453 190.6203 77.9459 223.9570 1.5866 1.6853 3.5502 -29.3636 2.5772 38.3176 -5.3579 0.0972
Car -1 -1 -4.5958 667.4789 173.5078 727.2661 223.2049 1.6000 1.6304 4.1645 3.1177 1.6248 25.5036 -4.4762 0.0929
Car -1 -1 -6.1839 129.7020 186.7562 251.8227 229.3288 1.4995 1.6765 3.9463 -16.1876 2.0692 28.0113 -6.7041 0.0820
Car -1 -1 -4.9699 705.6823 186.2868 734.7579 205.2869 1.5792 1.6151 3.9916 9.8643 2.8271 64.9725 -4.8205 0.0752
Car -1 -1 -5.9046 226.9783 186.7223 298.3326 209.8984 1.5206 1.5682 4.1114 -23.7508 2.4868 49.3656 -6.3512 0.0745
Car -1 -1 -5.1456 1197.9952 200.3494 1241.0000 235.8835 1.4932 1.6147 3.9678 31.0583 2.9362 35.7446 -4.4350 0.0609
Car -1 -1 -4.0552 72.0677 188.8002 219.1115 241.5474 1.4247 1.6724 4.2537 -14.6527 1.9815 23.0132 -4.6172 0.0537
Car -1 -1 -4.7773 648.2239 178.7495 689.1757 212.2237 1.4228 1.6059 4.2379 2.6271 1.7140 33.5476 -4.7004 0.0534
Car -1 -1 -4.7297 108.1780 188.1109 144.6342 217.7963 1.4906 1.6293 3.8685 -27.1367 2.3878 40.3947 -5.3184 0.0525
