Pedestrian -1 -1 -6.1747 275.3346 168.5901 288.7533 198.3836 1.8080 0.4746 0.7045 -19.5255 1.0247 43.9259 -6.5957 0.1196
Pedestrian -1 -1 -6.9646 645.6970 163.8808 658.5391 194.1411 1.8019 0.6508 0.4616 3.0460 0.7529 43.1746 -6.8995 0.1164
Car -1 -1 -4.5132 550.2003 168.2797 575.1738 186.3437 1.6894 1.6427 4.1235 -3.6677 0.4527 69.3377 -4.5707 0.1082
Pedestrian -1 -1 -2.9884 194.3526 172.2411 204.0326 200.5408 1.7628 0.6722 0.4357 -25.2690 1.1861 45.1374 -3.5012 0.1057
Pedestrian -1 -1 -3.5263 437.3746 165.0404 456.3316 201.8125 1.8110 0.5663 0.7670 -7.7200 1.0006 35.8279 -3.7420 0.0929
Pedestrian -1 -1 -4.3744 132.9645 203.3678 159.2759 254.1752 1.0834 0.3569 0.4609 -10.0550 1.5733 15.8097 -4.9388 0.0789
Pedestrian -1 -1 -3.8621 692.9475 158.8575 720.3020 204.4888 1.7700 0.5470 0.9434 4.1315 0.8921 28.3512 -3.7237 0.0763
Pedestrian -1 -1 -3.4257 1227.6549 134.2104 1237.0000 183.5558 1.8034 0.5006 0.3206 23.4181 0.0755 26.5470 -2.7126 0.0730
Car -1 -1 -7.8730 633.1202 163.8468 657.3293 189.2342 1.8270 1.7031 4.0629 3.2585 0.5565 53.7548 -7.8176 0.0711
Car -1 -1 -8.3367 595.9623 162.1579 646.6443 187.2775 1.6609 1.7204 4.2335 1.3338 0.3820 49.7744 -8.3149 0.0710
Pedestrian -1 -1 -8.0570 260.5639 168.1617 274.4717 198.1168 1.8229 0.6619 0.6232 -20.5261 1.0113 44.1605 -8.4948 0.0695
Pedestrian -1 -1 -4.3446 106.0868 236.0728 145.0423 314.0666 1.1010 0.3669 0.3922 -7.1243 1.9316 10.6937 -4.9269 0.0653
Cyclist -1 -1 -6.1976 0.0000 156.3164 52.0539 200.5075 1.9460 0.6310 1.8663 -26.0016 0.8373 32.4152 -6.8746 0.0651
Car -1 -1 -5.9603 99.8101 177.3376 175.5549 201.8320 1.4853 1.6661 3.6329 -28.8636 1.2330 44.8165 -6.5348 0.0579
Pedestrian -1 -1 -4.9153 221.8474 164.6962 237.4512 203.2282 1.8837 0.6102 0.4275 -18.3709 1.0625 35.4755 -5.3951 0.0575
Pedestrian -1 -1 -5.6679 696.3568 160.5210 708.7211 194.1168 1.8174 0.5816 0.4093 5.5146 0.6827 39.2111 -5.5340 0.0562
Pedestrian -1 -1 -2.7261 764.7986 149.3401 821.6606 270.1612 1.7241 0.5113 0.6687 2.7990 1.2658 10.6575 -2.4807 0.0538
Pedestrian -1 -1 -6.0648 267.3954 167.6913 286.8429 203.3570 1.7909 0.5929 0.7915 -16.4572 1.0978 36.4429 -6.4913 0.0533
Pedestrian -1 -1 -8.3096 1226.9332 151.7550 1237.0000 204.6285 1.7732 0.5062 0.3173 21.5347 0.7761 24.3085 -7.5950 0.0525
Car -1 -1 -7.3861 0.0000 180.4774 3.5031 253.6844 1.5114 1.5873 3.9367 -16.0956 1.4909 16.9434 -8.1433 0.0525
Car -1 -1 -8.2367 666.1713 162.8930 720.3188 190.9785 1.5402 1.7161 3.9823 5.2436 0.5200 41.5391 -8.1168 0.0511
Pedestrian -1 -1 -6.2413 177.2508 170.9669 194.0971 207.4080 1.7672 0.6948 0.6905 -20.4379 1.2566 35.3031 -6.7678 0.2575
Cyclist -1 -1 -7.1743 304.2869 171.4827 329.5493 202.2374 1.6599 0.3809 1.5950 -15.6721 1.1194 39.5887 -7.5539 0.1490
Pedestrian -1 -1 -5.6994 663.1839 164.7088 682.1089 202.6286 1.7482 0.6189 0.6470 3.3145 0.9744 33.5611 -5.6067 0.1235
Pedestrian -1 -1 -6.7835 1153.7025 121.5088 1237.0000 285.3488 1.7803 0.5854 0.8991 6.9081 1.1291 8.1742 -6.1028 0.1187
Pedestrian -1 -1 -7.6164 569.1871 164.8660 583.1718 196.8755 1.8317 0.7186 0.4628 -1.4558 0.8800 41.4028 -7.6562 0.1051
Cyclist -1 -1 -7.2952 88.2298 181.0100 161.7157 257.2925 1.5604 0.4990 1.7007 -10.3098 1.5510 15.5503 -7.8783 0.0981
Pedestrian -1 -1 -7.2402 573.6750 165.1311 588.6832 197.0355 1.8129 0.7035 0.4962 -1.1641 0.8829 41.2181 -7.2732 0.0787
Cyclist -1 -1 -4.8733 1133.5856 114.5530 1237.0000 294.3687 1.8631 0.6211 1.7904 6.7012 1.1702 8.3785 -4.2191 0.0779
Pedestrian -1 -1 -5.6322 664.2113 164.5620 683.1720 202.9910 1.7545 0.6771 0.5834 3.3310 0.9815 33.2433 -5.5381 0.0749
Pedestrian -1 -1 -4.1055 1086.6008 137.9801 1166.9695 277.5140 1.6872 0.5036 0.7193 6.5614 1.1616 9.0468 -3.4970 0.0672
Pedestrian -1 -1 -5.8306 306.0339 171.2246 324.9054 202.1527 1.6808 0.6298 0.7641 -15.6779 1.1226 39.3803 -6.2122 0.0657
Pedestrian -1 -1 -6.9042 402.6841 168.9955 422.2899 207.1069 1.7084 0.6799 0.5719 -8.5991 1.1481 32.6372 -7.1649 0.0656
Pedestrian -1 -1 -4.3670 235.0924 193.0515 255.0565 233.8335 1.0961 0.3733 0.4108 -9.7834 1.4164 19.6600 -4.8287 0.0653
Cyclist -1 -1 -7.1850 115.5990 178.2441 187.5675 255.2909 1.6337 0.4551 1.6236 -10.0589 1.5652 16.0633 -7.7425 0.0562
Cyclist -1 -1 -7.1041 66.1089 173.6964 150.8298 256.3975 1.6899 0.5106 1.6683 -10.6582 1.5310 15.5411 -7.7027 0.0551
Pedestrian -1 -1 -7.2049 1112.1163 136.6115 1198.6804 276.8689 1.6917 0.5335 0.7313 6.9007 1.1509 9.0235 -6.5712 0.0505
Car -1 -1 -7.4002 491.6998 170.2103 565.7263 203.5165 1.4494 1.6586 4.4971 -3.3262 0.9584 33.6572 -7.5029 0.9268
Car -1 -1 -5.8912 0.0000 180.3472 112.3311 231.3151 1.4308 1.5699 4.2312 -17.4073 1.3989 21.5182 -6.5706 0.8604
Car -1 -1 -7.3010 0.0000 200.4727 362.9375 373.0000 1.4932 1.6001 3.9096 -2.7084 1.6475 3.8303 -7.8923 0.8536
Car -1 -1 -4.1653 356.7129 171.8084 418.3154 198.9664 1.4909 1.5223 4.0923 -12.3153 0.9590 41.6067 -4.4563 0.8061
Car -1 -1 -7.7350 564.0673 167.0015 598.1201 192.2933 1.4514 1.6010 4.0667 -1.1791 0.6195 43.3173 -7.7670 0.6581
Car -1 -1 -6.3752 115.1061 174.6207 212.4543 205.9689 1.6032 1.6890 4.3431 -23.5486 1.2516 38.7109 -6.9237 0.3006
Car -1 -1 -3.0581 34.0212 176.6600 131.9566 210.4716 1.4662 1.5683 3.5018 -23.5241 1.2566 32.7227 -3.6826 0.1476
Car -1 -1 -6.4854 63.0237 169.5563 177.1638 207.4605 1.7721 1.6723 4.4788 -23.8958 1.2140 35.7659 -7.0760 0.1440
Car -1 -1 -5.3736 244.3188 176.3369 316.4508 204.2892 1.4854 1.5778 3.9002 -17.7942 1.2112 39.7806 -5.7968 0.1074
Car -1 -1 -4.2841 412.2000 172.8347 485.2273 207.5771 1.4547 1.6334 4.1746 -6.7859 1.0922 32.2926 -4.4946 0.1050
Car -1 -1 -4.9791 643.8492 168.7759 671.9645 186.2596 1.5827 1.5819 4.0661 5.2806 0.4306 67.1734 -4.9058 0.0979
Car -1 -1 -5.6414 0.0000 184.2427 160.6543 256.9579 1.4517 1.5244 3.7977 -11.7292 1.5133 15.1870 -6.2960 0.0925
Car -1 -1 -6.4524 621.7032 170.8238 673.4291 192.5121 1.6369 1.6750 3.7346 3.5443 0.8310 55.2541 -6.3936 0.0877
Car -1 -1 -7.9463 349.3591 169.3562 399.2856 207.4600 1.5825 1.7147 4.3360 -10.2420 1.0785 32.1644 -8.2573 0.0810
Car -1 -1 -4.1570 1216.9153 128.9232 1237.0000 358.2579 1.5046 1.6069 4.1498 7.5109 1.1604 5.7723 -3.2684 0.0735
Car -1 -1 -7.8162 437.7467 170.1418 468.6259 198.5763 1.5307 1.5849 3.8794 -8.3612 0.9194 40.7142 -8.0224 0.0715
Car -1 -1 -3.1689 389.3922 171.9509 475.7428 202.4471 1.5185 1.6658 4.2535 -8.7292 1.0432 37.1227 -3.4032 0.0701
Car -1 -1 -4.7963 176.3307 174.8425 220.2897 206.7430 1.5549 1.6363 4.0177 -20.8837 1.2306 37.1336 -5.3106 0.0697
Car -1 -1 -7.0859 134.9235 179.8349 205.2153 206.7838 1.4829 1.4888 3.4629 -24.7779 1.3915 41.3826 -7.6276 0.0691
Car -1 -1 -7.7750 599.4764 167.0745 639.8776 200.9104 1.4971 1.6128 4.0199 0.9013 0.8591 33.8645 -7.7535 0.0618
Car -1 -1 -4.7773 562.1379 167.4587 603.5844 202.3940 1.5396 1.6646 3.8453 -0.9359 0.9211 33.6507 -4.8099 0.0602
