Cyclist -1 -1 -2.0573 88.9423 202.5073 132.2397 251.1107 1.6797 0.5581 1.7370 -18.3084 2.7902 26.3785 -2.6595 0.1808
Cyclist -1 -1 -7.4408 201.2814 189.3741 242.7067 252.7188 1.7401 0.4644 1.5809 -11.3440 2.2401 21.0466 -7.9302 0.1526
Pedestrian -1 -1 -7.8452 492.6618 158.4601 508.0456 198.1271 1.8506 0.7107 0.6122 -5.2076 1.1788 34.0160 -7.9963 0.1039
Car -1 -1 -7.7184 663.0338 161.6446 688.6025 182.0312 1.8619 1.8141 4.5725 6.2485 0.8379 68.3302 -7.6278 0.1025
Pedestrian -1 -1 -4.7523 250.9012 183.1572 285.7777 279.6668 1.8768 0.6129 0.5997 -6.9346 2.0897 14.5258 -5.1912 0.0960
Car -1 -1 -4.7239 681.8462 162.5242 710.0868 188.7425 1.4871 1.5938 3.7408 5.0423 0.9009 42.8687 -4.6078 0.0932
Pedestrian -1 -1 -8.9292 869.9175 142.3827 886.4105 181.9032 1.7608 0.5596 0.4907 12.0427 0.4029 32.5167 -8.5775 0.0864
Pedestrian -1 -1 -5.4747 414.2769 166.4532 437.9775 216.3916 1.8424 0.6286 0.5883 -6.9352 1.6059 27.0424 -5.7238 0.0811
Pedestrian -1 -1 -4.6855 135.1153 196.2496 169.3143 290.5888 1.8480 0.5700 0.7519 -9.4543 2.3439 14.8352 -5.2451 0.0763
Pedestrian -1 -1 -6.1647 59.5983 185.7290 75.3217 241.4958 1.9843 0.5440 0.3926 -19.7138 2.4568 26.1613 -6.8058 0.0699
Cyclist -1 -1 -8.0062 735.6415 155.0221 748.7152 187.1000 1.7241 0.4482 1.7026 7.2154 0.7654 39.6370 -7.8276 0.0663
Car -1 -1 -5.3230 659.8086 156.7213 708.5178 179.5998 1.7686 1.7212 4.3319 5.8943 0.5212 58.0880 -5.2226 0.0653
Car -1 -1 -7.9196 511.6537 161.2354 551.0657 196.0764 1.5827 1.6352 3.7680 -3.8778 1.0546 34.7746 -8.0302 0.0627
Pedestrian -1 -1 -7.2763 493.8969 159.3562 515.3179 202.1087 1.8575 0.7246 0.5978 -4.6818 1.2707 31.7716 -7.4218 0.0625
Pedestrian -1 -1 -4.8471 133.8201 197.8130 169.7864 283.6030 1.8612 0.5951 0.7789 -10.4870 2.4461 16.4279 -5.4083 0.0620
Car -1 -1 -5.0971 643.2208 167.4662 689.8804 190.2101 1.5472 1.7693 4.4428 3.9433 1.1803 51.4679 -5.0214 0.0595
Pedestrian -1 -1 -8.1528 513.6129 162.4343 533.0084 205.7478 1.7958 0.6785 0.5430 -3.6857 1.3635 30.3014 -8.2732 0.0582
Pedestrian -1 -1 -3.2348 6.1661 183.4507 34.5479 252.4276 1.9780 0.6473 0.5927 -17.4267 2.2964 21.2640 -3.9153 0.0560
Pedestrian -1 -1 -3.9926 99.3853 197.9812 148.0877 281.2957 1.8662 0.6033 0.7387 -11.3716 2.4656 16.8129 -4.5802 0.0553
Pedestrian -1 -1 -1.8782 156.7683 190.2992 198.3949 282.6791 1.9381 0.5913 0.7248 -9.5062 2.3303 15.7736 -2.4135 0.0528
Pedestrian -1 -1 -6.4459 866.7953 144.5997 886.1698 183.5053 1.6959 0.6587 0.7018 11.7115 0.4640 31.8403 -6.0965 0.0519
Pedestrian -1 -1 -6.1839 8.8287 173.5558 17.7979 222.4097 1.9404 0.5070 0.2266 -23.9748 1.9685 28.9395 -6.8713 0.0510
Pedestrian -1 -1 -5.0409 815.2075 153.6497 846.1494 222.5802 1.7491 0.5541 0.7358 5.6569 1.2615 18.6870 -4.7519 0.3628
Pedestrian -1 -1 -3.4467 1095.7609 112.2509 1206.6022 276.2171 1.8085 0.4878 0.9151 6.1636 1.1398 8.3320 -2.8268 0.2730
Pedestrian -1 -1 -6.2314 550.4551 156.0658 564.1172 189.9841 1.8586 0.7272 0.7179 -2.9499 0.9384 39.9085 -6.3050 0.1494
Pedestrian -1 -1 -4.7564 845.6538 149.2907 875.3673 222.5024 1.8308 0.6854 0.6177 6.3415 1.2412 18.4350 -4.4305 0.1491
Cyclist -1 -1 -7.9986 601.1141 165.7002 615.1449 201.4948 1.6201 0.4298 1.5362 -0.1355 1.2960 33.4483 -8.0031 0.1204
Pedestrian -1 -1 -3.8366 863.5667 146.2297 912.5991 239.1769 1.7266 0.5965 0.6403 5.2554 1.2317 13.7910 -3.4802 0.1157
Cyclist -1 -1 -7.1860 0.0000 234.9854 69.2706 331.0935 1.6695 0.5151 1.8278 -11.9563 3.0083 14.6344 -7.8623 0.0973
Pedestrian -1 -1 -4.1206 60.7433 214.8618 107.9147 292.3829 1.8208 0.6197 0.7580 -12.9761 2.8771 17.7580 -4.7448 0.0813
Pedestrian -1 -1 -7.7859 462.7383 173.6889 485.3353 231.9639 1.7922 0.6443 0.8041 -4.3076 1.8186 22.6397 -7.9724 0.0803
Cyclist -1 -1 -2.4205 0.0000 221.3029 27.2283 323.2119 1.9074 0.6730 1.8939 -12.7119 2.8808 14.1632 -3.1427 0.0768
Pedestrian -1 -1 -6.1782 772.6741 158.5176 798.0732 214.4326 1.7941 0.6161 0.7486 5.6829 1.3338 23.5657 -5.9449 0.0746
Cyclist -1 -1 -6.4945 543.5760 154.7020 576.3112 188.3676 1.8514 0.6398 1.7246 -2.8299 0.8529 40.2278 -6.5646 0.0743
Cyclist -1 -1 -5.6799 0.0000 238.5397 66.1106 325.8543 1.6352 0.6567 1.8195 -12.1875 2.9943 14.5276 -6.3691 0.0735
Cyclist -1 -1 -5.0655 983.9417 124.7993 1076.0553 236.0622 1.7266 0.7267 1.8300 6.9607 0.9806 12.1576 -4.5560 0.0724
Pedestrian -1 -1 -7.9227 556.0236 157.1597 569.3958 189.9990 1.8079 0.6965 0.6689 -2.6686 0.9436 40.1011 -7.9890 0.0702
Cyclist -1 -1 -5.0202 1179.8292 119.5663 1241.0000 231.3344 1.6802 0.5517 1.6931 9.8588 0.8789 11.7356 -4.3337 0.0701
Cyclist -1 -1 -2.0089 19.8005 226.0087 79.5944 294.2216 1.6113 0.4984 1.8349 -14.5709 3.0350 18.6879 -2.6645 0.0689
Cyclist -1 -1 -6.6962 0.0000 229.3327 53.6219 332.3184 1.7487 0.6073 1.8391 -12.2626 2.9400 14.2633 -7.3972 0.0680
Pedestrian -1 -1 -3.8772 31.4433 226.3226 69.4767 289.2257 1.5532 0.5578 0.5450 -14.5275 2.9604 18.6754 -4.5317 0.0612
Pedestrian -1 -1 -3.5796 40.7528 214.9504 83.7514 291.6570 1.8359 0.6479 0.6520 -13.8570 2.9226 18.1917 -4.2238 0.0607
Pedestrian -1 -1 -5.0565 904.5898 133.0236 950.2963 231.2399 1.7989 0.5901 0.6685 5.9036 1.0691 13.5664 -4.6543 0.0545
Pedestrian -1 -1 -4.5030 907.8322 147.3280 948.7052 244.3422 1.6843 0.5689 0.5722 5.6488 1.2409 12.9248 -4.0998 0.0544
Cyclist -1 -1 -5.3116 932.4749 133.4754 1028.0552 242.4424 1.7497 0.5643 1.7497 6.3011 1.1171 12.4919 -4.8541 0.0520
Pedestrian -1 -1 -4.3391 911.8265 136.6133 957.7706 235.5586 1.7591 0.6018 0.5833 5.9089 1.1145 13.2471 -3.9281 0.0517
Pedestrian -1 -1 -7.6013 702.7184 157.1480 726.0303 210.2716 1.8639 0.6589 0.7567 3.6882 1.3126 25.7922 -7.4614 0.0504
Cyclist -1 -1 -8.3043 689.9363 161.6729 726.6033 212.3340 1.7479 0.5541 1.8272 3.4543 1.3618 25.8487 -8.1735 0.0502
Car -1 -1 -7.6519 490.6285 168.6623 584.9395 234.5942 1.7004 1.8100 4.7110 -2.0091 1.5920 21.0472 -7.7466 0.9455
Car -1 -1 -6.8655 940.4713 140.4780 1241.0000 252.0247 1.4191 1.5100 4.0930 6.8976 1.0069 9.9546 -6.2734 0.8973
Car -1 -1 -4.5732 567.8436 165.2842 613.8449 203.4765 1.5814 1.5196 3.7926 -0.8308 1.2676 31.8455 -4.5996 0.8816
Car -1 -1 -2.0124 0.0000 232.9741 69.8301 325.2130 1.5119 1.5530 3.5511 -13.3019 2.8901 15.1164 -2.7255 0.4789
Car -1 -1 -4.5576 617.0917 161.7338 643.6980 180.3469 1.5139 1.6499 3.9798 1.7267 0.6091 60.7945 -4.5295 0.4593
Car -1 -1 -6.8594 953.0164 136.0374 1234.0205 229.3807 1.5282 1.6324 3.8372 8.2628 0.9251 12.6443 -6.2912 0.1917
Car -1 -1 -4.8388 683.3381 163.0019 726.3497 196.0650 1.4869 1.5698 3.5709 4.4056 1.0436 34.2353 -4.7122 0.1434
Car -1 -1 -7.1817 1219.1903 120.7560 1241.0000 296.2405 1.4347 1.5290 3.9701 8.2235 1.0085 6.7321 -6.3179 0.1205
Car -1 -1 -7.6157 539.8571 159.4706 581.5927 189.2949 1.6396 1.6249 3.4640 -2.8264 0.9036 41.5121 -7.6836 0.1031
Car -1 -1 -4.1791 1204.1191 113.2957 1241.0000 374.0000 1.5806 1.6447 4.1647 6.3363 1.2911 4.5723 -3.2635 0.0910
