Pedestrian -1 -1 -5.8950 139.0682 183.5822 161.4470 223.2212 1.9160 0.5794 0.7638 -22.6038 2.4476 35.4202 -6.4598 0.1952
Pedestrian -1 -1 -5.0625 948.0640 173.1663 975.8519 225.0550 1.7996 0.6417 0.7997 12.3635 1.8105 25.4585 -4.6155 0.0587
Car -1 -1 -4.6901 172.0270 190.8469 205.3906 219.7892 1.4628 1.5450 3.7207 -23.9065 2.5338 40.9598 -5.2158 0.0587
Car -1 -1 -5.0909 648.9305 178.3445 682.3483 197.6437 1.7775 1.7523 4.3342 5.3451 2.3284 70.1099 -5.0155 0.0585
Car -1 -1 -4.8871 335.5064 182.3440 374.2965 208.6673 1.6172 1.7287 4.2701 -17.1332 2.2817 48.2591 -5.2269 0.0541
Car -1 -1 -4.2865 103.4712 185.2181 237.4893 245.7976 1.4291 1.6181 4.0246 -12.0162 1.8066 19.9629 -4.8227 0.0537
Cyclist -1 -1 -4.6707 1203.3573 129.2858 1220.7349 172.7932 1.6825 0.4674 1.7910 23.9321 -0.0028 28.7281 -3.9809 0.2177
Cyclist -1 -1 -7.4155 1202.3149 127.9973 1241.0000 174.6532 1.7914 0.6726 1.7844 24.1495 0.0688 28.3826 -6.7154 0.1062
Cyclist -1 -1 -4.8381 916.4838 178.3324 929.2216 207.3762 1.7653 0.4888 1.9097 19.5602 2.1157 45.2119 -4.4327 0.0937
Pedestrian -1 -1 -4.3117 1195.1832 128.8741 1220.2854 176.1736 1.8521 0.6203 0.5063 23.6835 0.1297 28.6461 -3.6257 0.0743
Cyclist -1 -1 -8.3077 833.1569 173.3546 858.6762 208.1898 1.7906 0.5357 1.8043 12.3860 1.8174 38.0472 -7.9958 0.0738
Pedestrian -1 -1 -2.8427 926.9011 181.4385 943.2326 211.1413 1.7567 0.6137 0.7501 19.5293 2.2788 43.4279 -2.4232 0.0585
Cyclist -1 -1 -7.5506 876.9277 170.3379 898.2159 205.5909 1.7733 0.5326 1.7439 14.2575 1.6464 37.1446 -7.1872 0.0579
Pedestrian -1 -1 -7.0293 1204.8291 131.5613 1236.2875 175.9680 1.7419 0.6400 0.7063 24.1842 0.1219 28.6407 -6.3330 0.0567
Cyclist -1 -1 -8.4373 816.1574 179.3366 832.8224 203.4367 1.7190 0.3605 1.5649 15.6272 2.1994 52.6974 -8.1511 0.0535
Car -1 -1 -7.7552 592.1934 177.7143 623.1199 202.7309 1.6215 1.7409 4.0641 -0.1516 1.9701 49.6926 -7.7587 0.9032
Car -1 -1 -4.3692 368.4144 187.0566 405.8808 206.8347 1.4789 1.7456 3.7528 -18.0827 2.6701 58.6161 -4.6675 0.6865
Car -1 -1 -4.8469 819.3730 175.5742 849.7353 202.5225 1.9029 1.6165 3.9616 16.5636 2.1120 53.4580 -4.5485 0.2337
Car -1 -1 -4.7815 916.6309 181.1380 949.5542 207.7544 1.5604 1.6177 3.9524 20.4090 2.1100 45.7630 -4.3648 0.1668
Car -1 -1 -4.6537 294.5819 184.6778 343.2527 224.7287 1.4530 1.6027 4.3566 -12.0144 1.9802 29.8664 -5.0335 0.1388
Car -1 -1 -8.4628 822.1458 174.0924 892.5749 207.2573 1.6559 1.6830 3.7308 12.9821 1.7246 38.2028 -8.1380 0.0765
