Cyclist -1 -1 -8.2461 914.5794 156.4168 951.5942 211.6646 1.7926 0.4871 1.7693 10.8113 1.2590 24.3012 -7.8324 0.8449
Cyclist -1 -1 -8.2765 772.7424 166.3148 791.6168 195.7216 1.7652 0.4445 1.7424 10.5039 1.3724 44.2096 -8.0451 0.2528
Cyclist -1 -1 -4.8313 368.8136 180.6087 381.9913 213.1904 1.6565 0.4868 1.4641 -12.3397 2.0709 37.8166 -5.1451 0.1670
Pedestrian -1 -1 -2.7919 386.7664 177.6483 396.1399 198.3476 1.7895 0.4590 0.6631 -19.0263 2.2077 62.7415 -3.0854 0.1580
Pedestrian -1 -1 -1.7283 0.0000 183.5695 22.5047 248.5465 1.8118 0.5714 0.4202 -17.2214 2.1225 20.5889 -2.4187 0.1192
Pedestrian -1 -1 -4.2115 332.4633 170.1993 351.5202 211.7980 2.0084 0.7101 0.5150 -13.0912 1.8799 35.1419 -4.5660 0.0832
Pedestrian -1 -1 -3.7122 628.0565 168.9496 642.2228 194.0146 1.9075 0.5776 0.9208 1.9016 1.6101 55.3946 -3.6784 0.0774
Pedestrian -1 -1 -3.4697 776.0445 165.1177 791.9005 196.1781 1.8733 0.6422 0.7701 10.5401 1.4064 43.8737 -3.2358 0.0550
Pedestrian -1 -1 -5.3372 1211.8217 146.4963 1241.0000 228.1483 1.8222 0.5140 0.5100 14.0723 1.2337 16.3761 -4.6364 0.0536
Pedestrian -1 -1 -7.1445 906.5132 162.9441 927.0490 201.3784 1.7381 0.6743 0.5431 14.0087 1.2896 33.0527 -6.7471 0.0525
Car -1 -1 -4.3497 281.2743 187.7709 380.4305 236.6484 1.4328 1.6772 4.4558 -9.4652 1.9900 24.7394 -4.7120 0.9552
Car -1 -1 -4.2657 548.6235 178.8197 581.3675 195.4524 1.5129 1.5944 3.9391 -4.3065 2.1030 69.2811 -4.3279 0.1650
Car -1 -1 -4.9257 345.2783 184.1010 396.4313 216.7234 1.4609 1.5867 4.0963 -12.0115 2.0552 35.9739 -5.2461 0.1005
Car -1 -1 -4.7561 697.5990 169.4102 718.9449 189.1479 1.7290 1.7288 4.0755 8.8419 1.4270 65.3119 -4.6224 0.0638
Car -1 -1 -8.0326 786.5389 169.5180 826.5339 197.0003 1.6567 1.7315 4.0352 12.3229 1.4553 45.5788 -7.7706 0.0589
