Pedestrian -1 -1 -7.3704 0.0000 167.4494 16.5869 212.2035 1.8790 0.5867 0.3876 -25.6168 1.6518 30.5446 -8.0640 0.3184
Pedestrian -1 -1 -5.5053 980.2675 206.9938 1020.7046 290.5826 1.2239 0.3505 0.4163 5.9057 1.7571 11.0225 -5.0255 0.1878
Car -1 -1 -7.7569 521.0853 171.1617 552.2659 199.1888 1.9061 1.7751 4.5603 -5.2002 1.7907 51.3541 -7.8577 0.1400
Pedestrian -1 -1 -5.8603 380.3043 163.8349 392.1429 189.2270 1.8227 0.5618 0.6428 -16.1898 1.1750 52.1103 -6.1603 0.1296
Car -1 -1 -3.7165 1106.8406 160.8585 1241.0000 206.0062 1.5716 1.6125 4.0845 20.5638 1.1537 26.0966 -3.0548 0.1103
Pedestrian -1 -1 -5.2780 0.0000 158.1734 20.2369 223.4097 1.8328 0.6200 0.4667 -17.4180 1.4200 20.6377 -5.9727 0.0966
Cyclist -1 -1 -8.5379 824.6491 175.6303 862.1100 223.6926 1.6577 0.4084 1.5022 8.2660 1.7595 25.7494 -8.2313 0.0917
Pedestrian -1 -1 -7.8005 643.2009 177.9340 654.0742 199.8631 1.5577 0.7447 0.6983 2.7467 1.9250 51.8192 -7.7483 0.0882
Car -1 -1 -5.1220 878.6151 186.5228 971.1575 232.5490 1.4483 1.5825 3.8943 11.0967 1.9741 25.8186 -4.7209 0.0858
Pedestrian -1 -1 -4.6084 1126.7068 143.7960 1153.1213 201.5095 1.9766 0.6727 0.7709 18.4786 0.9811 25.2228 -3.9818 0.0843
Pedestrian -1 -1 -5.1836 975.8146 154.3527 1006.2106 210.3231 1.9441 0.6422 0.8227 13.3977 1.3012 25.4765 -4.7045 0.0809
Car -1 -1 -7.4457 390.8757 165.7875 432.5764 189.6097 1.7445 1.6941 3.7747 -15.0444 1.2268 54.8277 -7.7125 0.0807
Pedestrian -1 -1 -7.7908 353.7954 173.0800 369.5027 209.7361 1.7842 0.6912 0.6548 -12.2660 1.7951 35.5318 -8.1212 0.0800
Pedestrian -1 -1 -2.8257 9.5768 168.2637 20.0536 204.7305 1.8223 0.4832 0.2693 -30.0069 1.5927 36.3311 -3.5125 0.0751
Car -1 -1 -7.9424 709.7105 168.8503 733.5529 191.1638 2.0222 1.8149 4.4270 10.4091 1.6591 67.6568 -7.7908 0.0722
Pedestrian -1 -1 -3.5731 391.6018 162.1543 406.0878 187.6895 1.8276 0.5789 0.8396 -15.2872 1.0615 52.1362 -3.8571 0.0696
Pedestrian -1 -1 -5.8105 360.3325 165.3405 379.7539 215.9352 1.9008 0.5668 0.4969 -9.1630 1.6183 27.4260 -6.1304 0.0663
Car -1 -1 -5.0805 701.6085 180.0378 767.2656 216.8489 1.4701 1.6065 3.6385 5.3189 1.8029 31.5177 -4.9155 0.0589
Pedestrian -1 -1 -5.7807 1052.2050 178.6090 1108.6080 312.4807 1.6712 0.4829 0.4376 6.0316 1.7479 9.3426 -5.2227 0.0581
Car -1 -1 -8.5904 1166.1449 176.5715 1241.0000 266.2833 1.4721 1.5465 3.5629 12.7102 1.5519 13.7706 -7.8561 0.0563
Pedestrian -1 -1 -3.8678 316.9378 160.0195 333.0852 195.3286 1.8708 0.5694 0.5695 -15.2880 1.1905 38.6122 -4.2427 0.0556
Pedestrian -1 -1 -8.0846 1216.0858 164.9998 1241.0000 226.5248 1.5376 0.5896 0.5463 15.8686 1.3410 18.4099 -7.3814 0.0549
Car -1 -1 -7.7622 309.4798 161.7785 339.4297 187.0706 1.8132 1.7169 3.9887 -21.3087 1.0189 53.8835 -8.1372 0.0542
Pedestrian -1 -1 -4.5846 347.8050 196.3683 372.7928 256.9240 1.2765 0.4333 0.7046 -5.5483 1.8070 15.9002 -4.9158 0.0506
Pedestrian -1 -1 -3.6554 418.4116 169.5471 434.8196 200.7348 1.8151 0.5684 0.7538 -10.8266 1.6223 42.4577 -3.9039 0.0502
Pedestrian -1 -1 -7.6151 742.1428 175.6490 756.9837 210.0085 1.7477 0.5744 0.8327 7.1740 1.8937 37.2791 -7.4270 0.3146
Pedestrian -1 -1 -3.9411 81.1430 165.7545 104.4657 214.8409 1.9439 0.5965 0.4746 -20.7237 1.6624 28.8537 -4.5597 0.3121
Cyclist -1 -1 -5.9171 156.0146 158.4984 215.0839 209.9478 1.9399 0.6385 1.8470 -16.3037 1.3984 27.6706 -6.4455 0.2855
Pedestrian -1 -1 -7.8740 200.0010 168.2128 217.8965 211.7877 1.8609 0.6655 0.7285 -17.4402 1.6624 31.2961 -8.3790 0.2701
Pedestrian -1 -1 -6.2109 703.9605 173.3482 716.2668 199.1069 1.8048 0.5803 0.8219 7.0385 1.8397 50.9393 -6.0748 0.1967
Pedestrian -1 -1 -7.2524 104.9657 168.8515 130.9508 215.5618 1.8262 0.6225 0.5917 -19.4799 1.6694 28.5078 -7.8477 0.1638
Cyclist -1 -1 -8.2721 990.6047 169.3978 1029.9495 226.8191 1.6782 0.4043 1.6336 12.0880 1.5769 21.9186 -7.7743 0.1360
Pedestrian -1 -1 -7.9589 718.2522 179.2466 731.2958 206.3798 1.5478 0.6622 0.8114 6.6055 1.9214 41.7802 -7.8037 0.1195
Pedestrian -1 -1 -3.1430 905.2352 169.7118 938.1846 257.7447 1.8297 0.6099 0.6337 6.5931 1.7641 15.4002 -2.7462 0.1164
Cyclist -1 -1 -7.4663 301.6047 169.3815 325.0232 206.3601 1.6857 0.4107 1.6681 -13.8955 1.5271 33.7256 -7.8546 0.1139
Cyclist -1 -1 -2.3349 209.1803 165.5823 247.7757 202.4796 1.7793 0.6131 1.7798 -18.7412 1.4283 35.3672 -2.8193 0.1138
Pedestrian -1 -1 -3.2039 123.5575 171.7141 139.2047 198.3412 1.7519 0.5816 0.8331 -31.8432 1.6766 47.9556 -3.7877 0.1101
Pedestrian -1 -1 -7.4253 1016.8106 164.3047 1058.1041 244.0310 1.8733 0.5545 0.8652 10.2753 1.6721 17.4302 -6.9007 0.1069
Cyclist -1 -1 -8.4983 1037.1665 170.9892 1094.9017 233.7071 1.6033 0.3616 1.6705 12.1110 1.5553 19.2933 -7.9451 0.0998
Cyclist -1 -1 -8.4337 953.6600 169.6422 996.8693 221.4355 1.6654 0.4360 1.6621 12.1043 1.5618 24.0517 -7.9729 0.0993
Pedestrian -1 -1 -5.8613 121.1680 170.5861 140.3306 198.3657 1.8230 0.5185 0.9236 -31.6990 1.6739 47.6814 -6.4456 0.0945
Pedestrian -1 -1 -7.6040 353.8332 170.3158 371.9304 206.0762 1.7511 0.7291 0.5628 -12.2430 1.6265 35.6405 -7.9329 0.0933
Pedestrian -1 -1 -6.7543 539.4875 178.5882 551.7949 207.3766 1.6350 0.5391 0.5161 -3.7384 1.9673 41.4901 -6.8441 0.0854
Pedestrian -1 -1 -7.3674 93.0609 167.6707 106.1405 206.9540 1.9044 0.4827 0.1992 -24.8738 1.6528 35.1076 -7.9804 0.0809
Cyclist -1 -1 -7.7235 128.3854 172.5319 138.0817 198.2164 1.6906 0.3468 1.4982 -31.9042 1.6691 48.2420 -8.3054 0.0789
Pedestrian -1 -1 -4.5086 110.0031 160.2986 134.0925 210.8703 1.9608 0.6844 0.5596 -19.2205 1.4737 28.3647 -5.1000 0.0779
Cyclist -1 -1 -3.6539 981.6346 143.2686 1030.2208 183.1529 1.7781 0.6150 1.8564 17.7753 0.4588 32.4888 -3.1571 0.0718
Cyclist -1 -1 -8.1639 1049.4709 139.0839 1076.9396 181.6920 1.6969 0.4491 1.6967 18.5396 0.3517 29.6132 -7.6089 0.0699
Cyclist -1 -1 -8.2689 1055.4246 141.6987 1086.4161 182.9400 1.6414 0.4349 1.6453 18.8229 0.4011 29.5634 -7.7064 0.0690
Pedestrian -1 -1 -4.7027 241.3462 165.0565 256.4090 202.7688 1.8053 0.6457 0.7078 -17.5529 1.4317 34.9995 -5.1647 0.0683
Pedestrian -1 -1 -3.6842 969.4791 146.3899 985.7495 191.2647 1.8853 0.5513 0.3837 15.5458 0.7732 30.6037 -3.2182 0.0666
Pedestrian -1 -1 -3.3594 856.8813 164.7057 893.6438 242.1423 1.8946 0.6427 0.7356 6.5638 1.6950 18.0185 -3.0161 0.0650
Pedestrian -1 -1 -6.4396 808.3939 176.7797 821.7726 209.3078 1.5966 0.5388 0.5591 10.1289 1.7926 35.7878 -6.1665 0.0647
Pedestrian -1 -1 -4.4552 213.5828 167.3961 233.3250 203.8422 1.7478 0.6722 0.7650 -18.8130 1.4858 35.0523 -4.9448 0.0643
Cyclist -1 -1 -7.4089 355.7979 168.2378 380.6136 203.4182 1.7133 0.5197 1.6346 -12.0849 1.4882 35.9826 -7.7310 0.0626
Pedestrian -1 -1 -4.6160 428.5123 165.5749 445.1006 208.8289 1.9062 0.6553 0.7031 -7.7653 1.5851 32.1924 -4.8513 0.0607
Pedestrian -1 -1 -4.4788 1066.8843 165.2444 1106.7743 252.9634 1.7744 0.5656 0.6420 9.8749 1.6202 15.0221 -3.9068 0.0606
Pedestrian -1 -1 -3.7962 842.7602 162.1116 882.9323 238.6034 1.9738 0.6255 0.7805 6.6166 1.6963 19.0394 -3.4673 0.0600
Pedestrian -1 -1 -7.6778 206.0297 167.6610 223.2690 204.8586 1.8025 0.6365 0.6490 -19.4172 1.5506 35.3724 -8.1768 0.0596
Cyclist -1 -1 -7.9659 266.1133 169.6788 280.6006 206.8570 1.6662 0.4260 1.6268 -15.5112 1.5236 33.1432 -8.4008 0.0554
Cyclist -1 -1 -5.3455 801.1503 173.5658 828.3234 209.0708 1.7306 0.5028 1.5117 10.1627 1.7666 35.9981 -5.0731 0.0553
Pedestrian -1 -1 -8.3712 837.8428 175.4972 856.4919 209.6234 1.7211 0.7254 0.5502 12.0488 1.8568 36.7849 -8.0576 0.0552
Pedestrian -1 -1 -7.7754 161.7953 167.1639 181.3683 206.4766 1.7994 0.7278 0.6288 -20.3721 1.5386 33.4691 -8.3189 0.0535
Pedestrian -1 -1 -7.5225 146.8836 167.1429 165.1752 204.4250 1.8086 0.6136 0.5458 -22.2697 1.5312 35.3376 -8.0816 0.0520
Pedestrian -1 -1 -6.4549 115.7153 168.4965 132.1074 204.4440 1.7717 0.7312 0.5635 -24.3075 1.5566 36.0206 -7.0453 0.0514
Pedestrian -1 -1 -5.7468 93.3509 167.7997 105.2344 206.8936 1.8877 0.5089 0.2458 -24.8847 1.6433 35.1031 -6.3601 0.0512
Car -1 -1 -2.6285 5.6116 193.1800 346.5497 299.9218 1.4106 1.6039 4.0695 -6.2767 1.7339 10.6663 -3.1500 0.9707
Car -1 -1 -4.8210 660.6397 177.2435 703.0809 211.0790 1.5781 1.6653 4.1457 3.5123 1.8111 36.2766 -4.7258 0.9321
Car -1 -1 -2.6788 106.1001 184.8335 365.6476 273.6245 1.4959 1.5890 3.9138 -6.7397 1.7275 13.1709 -3.1441 0.8261
Car -1 -1 -5.9965 431.8890 179.2874 537.5626 216.7883 1.5205 1.6218 4.1343 -5.3248 1.8029 30.6579 -6.1676 0.8116
Car -1 -1 -8.5416 894.0408 187.5938 1241.0000 374.0000 1.6144 1.6617 4.1166 2.5365 1.7093 2.5750 -7.8204 0.7959
Car -1 -1 -5.8760 302.5961 180.4080 463.0320 245.5278 1.5493 1.6157 3.5509 -5.7726 1.7519 18.3889 -6.1767 0.7674
Car -1 -1 -5.9395 339.9496 181.5894 493.5068 236.7375 1.4939 1.5625 3.9813 -5.5546 1.7568 20.7940 -6.1979 0.7559
Car -1 -1 -2.3772 0.0000 201.2738 140.4510 374.0000 1.4268 1.6199 4.1970 -6.5371 1.6943 5.8834 -3.1925 0.7284
Car -1 -1 -6.0447 366.1501 183.3244 507.9659 229.8800 1.4168 1.5780 4.1636 -5.5138 1.7637 23.1218 -6.2768 0.7055
Car -1 -1 -6.1069 392.2009 183.5060 513.2066 224.1498 1.3838 1.4931 4.0296 -5.6053 1.7767 25.8142 -6.3191 0.3971
Car -1 -1 -7.6923 529.0272 176.6198 564.4343 204.1910 1.6462 1.6227 3.9201 -3.9904 1.8947 45.6468 -7.7794 0.3293
Car -1 -1 -3.3868 762.2662 175.7273 853.8002 208.1814 1.6460 1.7246 4.3128 10.2385 1.7993 37.6551 -3.1239 0.2997
Car -1 -1 -6.1666 432.9195 164.0594 539.6316 210.3817 2.0564 1.7905 4.6390 -5.6333 1.6657 33.0445 -6.3346 0.2594
Car -1 -1 -5.1590 522.0043 176.8915 561.3749 195.4762 1.4912 1.6318 4.2691 -5.8500 1.8455 61.1231 -5.2543 0.1580
Car -1 -1 -8.6109 1158.5979 150.1948 1241.0000 191.3664 1.4817 1.6324 3.5455 23.3167 0.6659 27.7879 -7.9179 0.1508
Car -1 -1 -3.0005 480.9833 177.4790 552.0652 203.8961 1.5019 1.6284 3.9290 -5.4587 1.7772 42.1544 -3.1289 0.1394
Car -1 -1 -4.7739 560.1340 176.6418 580.8342 196.2994 1.7252 1.6453 4.0602 -3.6775 2.0838 66.2503 -4.8295 0.1394
Car -1 -1 -7.7068 110.3337 172.3598 148.1122 198.2128 1.6833 1.6152 3.6055 -32.6011 1.6509 48.9560 -8.2920 0.1250
Car -1 -1 -2.7622 364.7895 168.3076 441.2295 194.4490 1.5359 1.6297 4.1101 -12.4571 1.2685 43.4107 -3.0403 0.1248
Car -1 -1 -8.3159 1037.6508 141.3678 1124.5056 179.3775 1.4637 1.5785 3.4766 19.1714 0.2509 29.5991 -7.7455 0.1059
Car -1 -1 -4.6592 275.9877 166.4577 319.1928 203.2260 1.6599 1.6980 3.7131 -14.9655 1.3709 34.6101 -5.0648 0.1055
Car -1 -1 -4.9440 707.0382 176.2360 748.9679 204.2749 1.5895 1.6066 3.9756 7.0124 1.8024 43.4376 -4.7855 0.1015
Car -1 -1 -5.4847 202.9903 171.1783 283.7467 202.1234 1.4823 1.4916 3.6001 -18.2506 1.4017 35.8517 -5.9528 0.0915
Car -1 -1 -6.7286 953.5643 147.7344 1055.4895 183.4987 1.5984 1.6207 3.7792 18.0198 0.4754 33.1490 -6.2344 0.0897
Car -1 -1 -2.9479 706.1350 177.6330 765.8232 199.2674 1.5716 1.6413 4.2140 9.5054 1.9430 54.6029 -2.7769 0.0731
Car -1 -1 -4.4802 339.0071 171.6393 386.1458 202.3757 1.5002 1.5308 3.4421 -12.6702 1.4406 37.0037 -4.8082 0.0565
