Pedestrian -1 -1 -2.2307 445.3369 168.8576 467.9601 207.5822 1.9724 0.7028 0.9616 -7.9737 1.7685 37.3289 -2.4401 0.1476
Pedestrian -1 -1 -3.9609 1094.6061 157.6425 1210.3599 331.2472 1.7835 0.4984 0.9347 5.7568 1.6269 7.7495 -3.3409 0.1357
Pedestrian -1 -1 -4.8082 0.0000 186.6915 24.1116 254.4904 1.5829 0.5434 0.6131 -14.5865 1.9245 17.4213 -5.4978 0.0965
Pedestrian -1 -1 -7.0731 171.2115 188.9098 195.1984 229.3124 1.5494 0.5904 0.5544 -16.7716 2.1861 28.2836 -7.6045 0.0899
Pedestrian -1 -1 -4.6621 1153.4688 116.6948 1234.8984 331.1430 2.0394 0.6195 1.0685 5.9964 1.5051 7.4693 -4.0054 0.0804
Pedestrian -1 -1 -9.0699 1198.4060 165.1926 1220.5411 227.2660 1.6329 0.4424 0.3231 15.9282 1.4311 19.2327 -8.3861 0.0763
Pedestrian -1 -1 -6.8562 418.5614 176.9339 433.2871 204.5573 1.7899 0.5701 0.7469 -12.1146 2.0601 47.3593 -7.1057 0.0730
Pedestrian -1 -1 -4.9591 1199.7382 164.3794 1232.4564 227.8215 1.6448 0.5650 0.4491 15.9274 1.4247 19.0299 -4.2702 0.0684
Pedestrian -1 -1 -7.0732 808.7094 170.0388 823.2940 199.5495 1.7932 0.6385 0.5776 12.6011 1.6218 44.2641 -6.7980 0.0631
Pedestrian -1 -1 -5.2676 1065.8422 158.6920 1096.9041 220.1565 1.8093 0.6001 0.5001 13.9875 1.3921 21.4943 -4.6973 0.0622
Pedestrian -1 -1 -7.2878 77.9636 171.0635 104.4565 225.8264 1.9580 0.6304 0.4557 -18.7667 1.8937 26.0428 -7.9075 0.0622
Cyclist -1 -1 -4.6452 804.7814 169.0095 814.8135 198.3991 1.7417 0.4699 1.8258 12.0703 1.5135 43.6985 -4.3778 0.0612
Pedestrian -1 -1 -7.9619 1065.9248 154.5471 1090.0084 214.2721 1.8370 0.5708 0.5595 14.5833 1.2736 22.5697 -7.3944 0.0602
Pedestrian -1 -1 -8.3804 1093.7404 164.8592 1120.9761 218.7094 1.8067 0.5807 0.5125 16.8244 1.5382 24.4839 -7.7843 0.0597
Cyclist -1 -1 -8.0911 775.6970 172.9064 784.3083 192.4818 1.6231 0.3567 1.5052 14.2448 1.6273 60.5848 -7.8616 0.0553
Pedestrian -1 -1 -7.9041 924.3832 166.7060 943.1723 216.1201 1.7807 0.5975 0.5148 11.7730 1.5589 26.3487 -7.4886 0.0541
Pedestrian -1 -1 -4.2335 729.3095 167.6590 748.0086 205.9077 1.9524 0.6728 0.7744 6.6207 1.6869 37.3428 -4.0599 0.0540
Pedestrian -1 -1 -3.1730 178.3844 169.8746 217.3406 264.2008 1.8693 0.5946 0.6747 -8.4682 1.8100 14.7286 -3.6874 0.0534
Pedestrian -1 -1 -5.7075 515.1270 172.2550 527.1698 194.4191 1.8426 0.4858 0.8774 -7.4623 1.7925 60.3955 -5.8302 0.0505
Car -1 -1 -5.9660 384.3235 184.6024 482.1471 215.3813 1.3768 1.6250 4.1783 -8.3253 1.9459 33.9929 -6.2049 0.9637
Car -1 -1 -4.3635 305.3550 182.8004 354.0636 209.0797 1.5510 1.6514 3.9252 -17.8604 2.2129 46.0613 -4.7318 0.2698
Car -1 -1 -4.4740 544.1754 180.0237 574.2919 197.5450 1.4961 1.7246 4.5378 -4.6176 2.1746 65.9390 -4.5441 0.1227
Car -1 -1 -7.4805 331.2941 172.4873 370.3435 197.9596 2.0771 1.7002 4.1617 -21.8605 2.0469 60.9431 -7.8238 0.1105
Car -1 -1 -4.8271 404.3842 179.8667 438.0325 205.4937 1.5420 1.6587 4.0126 -12.3087 2.0174 46.7739 -5.0834 0.0709
Car -1 -1 -4.7139 661.8843 178.5974 687.9692 204.1528 1.4713 1.5290 3.7147 3.9438 1.8390 44.3175 -4.6262 0.0679
Car -1 -1 -4.7853 613.5576 193.1153 757.0905 336.0606 1.4397 1.5416 3.9821 0.7713 1.7712 9.8241 -4.7110 0.0626
Car -1 -1 -7.2529 1137.3608 151.9821 1241.0000 374.0000 1.5595 1.6605 4.2517 5.0981 1.4878 3.3370 -6.3017 0.0601
Car -1 -1 -7.8270 778.2496 166.2437 804.2419 191.2887 1.7217 1.7094 4.0032 13.0013 1.2669 51.7580 -7.5825 0.0585
Car -1 -1 -5.8266 254.0542 184.8084 319.6506 204.1073 1.4896 1.5733 4.5575 -25.8106 2.4588 57.6420 -6.2462 0.0523
