Pedestrian -1 -1 -1.9962 186.8636 164.2348 209.5146 209.3532 1.9082 0.6111 0.6996 -17.7179 1.5434 30.9691 -2.5123 0.1384
Pedestrian -1 -1 -7.8348 956.0883 168.1143 969.8929 201.6630 1.8917 0.6966 0.7386 20.1073 1.6242 41.1731 -7.3837 0.0799
Pedestrian -1 -1 -4.3374 966.9698 160.8284 996.3337 219.0219 1.9451 0.6167 0.8782 12.6455 1.5429 24.6394 -3.8685 0.0707
Car -1 -1 -6.6558 0.0000 179.1136 103.6744 212.2537 1.4056 1.5518 3.6850 -25.8719 1.7117 33.3302 -7.3122 0.0701
Cyclist -1 -1 -6.2092 589.9833 168.2974 633.9272 214.3205 1.8885 0.6310 1.7859 0.0450 1.7013 29.9892 -6.2084 0.0618
Pedestrian -1 -1 -3.2764 1013.4159 164.7671 1029.4480 203.7269 1.8898 0.6109 0.6036 20.1374 1.4972 35.3942 -2.7631 0.0586
Pedestrian -1 -1 -4.9696 270.8635 175.6396 290.9222 215.7676 1.6554 0.6224 0.6473 -13.8537 1.7737 30.2757 -5.3957 0.0583
Pedestrian -1 -1 -3.1239 964.7000 168.0249 977.8066 204.8387 1.8787 0.5627 0.5971 18.5910 1.6320 37.2089 -2.6641 0.0554
Car -1 -1 -4.6671 357.5372 180.5636 423.6796 238.9544 1.4837 1.6485 4.3319 -6.4029 1.7350 21.2431 -4.9569 0.0528
Pedestrian -1 -1 -2.9884 1039.9436 167.1063 1060.2371 223.1904 1.8446 0.6290 0.4933 14.6721 1.6553 24.1311 -2.4480 0.0510
Cyclist -1 -1 -8.2344 1111.1375 172.4902 1165.1180 248.0800 1.5952 0.4030 1.5528 11.6503 1.5873 16.0294 -7.6151 0.0508
Car -1 -1 -4.2672 388.1064 175.9456 426.3094 192.8002 1.4637 1.6345 4.3570 -18.4579 1.7550 65.7841 -4.5399 0.0502
Pedestrian -1 -1 -7.7994 140.9917 174.9142 169.1199 232.2981 1.7600 0.7142 0.5439 -14.2713 1.8253 22.5701 -8.3582 0.2603
Pedestrian -1 -1 -8.4388 904.4689 174.6207 933.1025 222.5584 1.6351 0.7111 0.5759 10.6418 1.6969 24.9862 -8.0410 0.1775
Pedestrian -1 -1 -3.8883 340.6315 147.6674 438.4890 315.1067 1.9437 0.5917 1.0373 -2.7778 1.6510 8.9728 -4.1813 0.1696
Pedestrian -1 -1 -3.3720 294.1532 137.4563 389.6491 349.4521 1.8934 0.5291 0.7531 -2.6124 1.5770 6.8723 -3.7237 0.1398
Cyclist -1 -1 -2.3052 111.5369 171.2551 173.9979 227.6425 1.7228 0.6994 1.6809 -14.6801 1.6737 22.6033 -2.8760 0.1279
Pedestrian -1 -1 -4.0411 81.1677 171.5877 99.0576 202.5104 1.8604 0.5162 0.7665 -31.5944 1.7840 43.8062 -4.6632 0.1130
Cyclist -1 -1 -4.4843 136.8896 177.3367 176.9110 233.8882 1.6569 0.6677 1.7108 -13.9657 1.8002 22.2028 -5.0406 0.0677
Cyclist -1 -1 -7.7904 108.6195 168.4856 130.8606 228.7387 1.8328 0.4663 1.7322 -15.5362 1.6997 22.8139 -8.3830 0.0660
Pedestrian -1 -1 -6.9506 105.5015 170.3153 125.9397 202.4402 1.7886 0.6150 0.7241 -27.8537 1.6470 40.6108 -7.5488 0.0645
Cyclist -1 -1 -7.3999 147.0537 174.8117 195.2187 230.8231 1.6726 0.6276 1.6221 -13.6695 1.7354 22.4402 -7.9420 0.0610
Cyclist -1 -1 -4.4543 121.5617 172.6942 160.9530 230.5299 1.7210 0.5969 1.7307 -14.5661 1.7159 22.3855 -5.0259 0.0544
Cyclist -1 -1 -2.4246 97.6813 169.6836 164.8602 228.8523 1.7861 0.6890 1.6916 -14.7916 1.6901 22.2365 -3.0063 0.0530
Pedestrian -1 -1 -3.0477 50.0011 165.2966 70.4044 226.5322 1.9370 0.5947 0.4661 -17.7201 1.6977 23.1992 -3.6946 0.0518
Car -1 -1 -5.6230 91.5968 183.2021 332.4046 258.9847 1.4710 1.6835 4.4523 -8.5390 1.7105 15.5260 -6.1190 0.9441
Car -1 -1 -4.4719 82.1513 173.4605 133.4650 202.1384 1.5688 1.6253 3.5032 -28.8368 1.6049 41.4776 -5.0766 0.2175
Car -1 -1 -4.6381 785.3469 172.1776 810.1468 192.8117 1.6516 1.6963 4.2129 15.6214 1.5971 60.0196 -4.3850 0.1161
Car -1 -1 -4.7437 110.9862 182.6980 179.6601 236.4582 1.4288 1.6335 3.9225 -14.2744 1.7572 22.0168 -5.3136 0.0924
Car -1 -1 -4.8213 792.3702 174.9711 832.7066 206.6914 1.5945 1.6301 4.0551 10.7614 1.7140 38.6869 -4.5524 0.0882
Car -1 -1 -4.9630 581.2493 174.6363 619.0351 199.2066 1.6514 1.6689 4.2289 -0.7765 1.7828 51.0816 -4.9786 0.0880
Car -1 -1 -7.8162 159.1910 174.5446 192.3219 199.9449 1.5558 1.6721 4.2336 -28.1192 1.6703 46.7531 -8.3554 0.0745
Car -1 -1 -7.5434 213.8901 171.2454 258.5801 197.0862 1.7578 1.7006 3.8867 -26.4576 1.6481 51.1385 -8.0190 0.0610
