Pedestrian -1 -1 -3.1950 1152.5726 171.5960 1209.2432 288.3888 1.4391 0.3707 0.5341 7.2793 1.3298 9.0170 -2.5312 0.2108
Cyclist -1 -1 -8.0758 915.4791 158.0215 936.3408 197.7298 1.6415 0.4410 1.6879 13.6229 0.7125 30.0996 -7.6530 0.1739
Pedestrian -1 -1 -4.7584 754.2729 162.2100 768.8789 200.9320 2.0094 0.7156 0.6930 8.1938 1.0604 37.0940 -4.5411 0.0796
Pedestrian -1 -1 -7.9648 195.9801 171.8748 217.2220 222.5030 1.9248 0.6604 0.5497 -15.4106 1.5972 27.2967 -8.4721 0.0746
Cyclist -1 -1 -7.2114 835.3271 158.3932 866.5394 193.4290 1.8612 0.6997 1.7352 13.3242 0.6870 38.3369 -6.8778 0.0711
Pedestrian -1 -1 -4.4987 175.9937 176.2319 198.2440 222.5010 1.8417 0.6424 0.6785 -16.9038 1.6720 28.5655 -5.0266 0.0708
Pedestrian -1 -1 -5.3115 1189.0066 141.7412 1223.0000 219.9333 1.8094 0.5270 0.6674 14.2926 0.9128 16.7200 -4.6119 0.0694
Pedestrian -1 -1 -5.7020 934.8640 162.5654 983.8938 236.0084 1.7076 0.5895 0.8705 8.4518 1.2909 16.9636 -5.2455 0.0634
Pedestrian -1 -1 -2.9914 1111.2003 150.8400 1132.4557 216.5475 1.7556 0.4902 0.4006 14.0001 0.9634 19.2065 -2.3678 0.0631
Car -1 -1 -7.2200 1216.4308 140.0121 1223.0000 331.4910 1.5110 1.5734 4.0754 8.2068 1.1919 6.4798 -6.3396 0.0631
Car -1 -1 -4.4809 630.2854 175.0143 662.0652 196.3951 1.5988 1.6091 3.9128 3.2452 1.1886 54.9762 -4.4206 0.0620
Pedestrian -1 -1 -1.8386 52.5126 184.7664 80.3397 238.1958 1.7085 0.5773 0.6427 -17.6317 1.8508 23.1024 -2.4823 0.0615
Pedestrian -1 -1 -7.9951 834.9611 165.9797 853.3655 209.8366 1.8954 0.6996 0.4728 10.4077 1.2681 30.8531 -7.6712 0.0592
Cyclist -1 -1 -7.8670 663.3386 170.6997 674.7110 207.7229 1.7265 0.5180 1.6663 3.0350 1.2696 33.8220 -7.7766 0.0564
Pedestrian -1 -1 -2.9961 373.9823 165.8534 382.7802 191.3748 1.9447 0.6824 0.5486 -17.3823 0.8287 54.2582 -3.3027 0.0554
Pedestrian -1 -1 -7.2923 660.3715 168.1621 674.9702 199.4265 1.9173 0.6738 0.6209 3.8759 1.1608 43.8108 -7.2030 0.0543
Pedestrian -1 -1 -4.4604 0.0000 166.8267 28.2536 228.7867 1.9619 0.6170 0.7049 -19.1612 1.5293 22.8385 -5.1499 0.0543
Car -1 -1 -4.2805 370.8329 178.2388 430.1761 206.4349 1.5846 1.7004 4.3771 -12.0805 1.4576 42.0283 -4.5568 0.0540
Car -1 -1 -4.8846 448.7342 175.4211 483.7680 200.6545 1.6424 1.6827 4.0234 -9.4997 1.3119 48.1993 -5.0763 0.0537
Car -1 -1 -7.4383 115.2584 189.4426 219.4317 236.4360 1.4060 1.6060 3.6891 -14.6358 1.7319 23.8200 -7.9817 0.0507
Pedestrian -1 -1 -7.7216 801.1602 166.3323 821.8224 216.1421 1.7886 0.6523 0.5961 7.5038 1.2801 25.7937 -7.4401 0.0501
Pedestrian -1 -1 -9.0253 1036.1765 160.8081 1064.5865 217.5947 1.7015 0.6150 0.5391 13.5577 1.1117 21.5826 -8.4694 0.2242
Pedestrian -1 -1 -7.9804 726.1774 168.2450 742.8984 207.8680 1.8053 0.6779 0.6633 5.9394 1.2471 32.5636 -7.8000 0.1583
Pedestrian -1 -1 -7.8185 1106.0829 136.0423 1152.6271 253.9243 1.8520 0.5968 0.6509 8.5169 1.1539 11.5482 -7.1944 0.1475
Pedestrian -1 -1 -8.0729 911.1281 155.7689 941.1433 218.7781 1.8208 0.6145 0.9404 9.4685 1.1064 20.9539 -7.6524 0.1421
Cyclist -1 -1 -3.4299 728.5130 166.5079 766.6140 207.7030 1.8797 0.4340 1.6646 6.5377 1.2415 32.5541 -3.2319 0.1316
Pedestrian -1 -1 -7.7448 42.8158 172.8051 63.7379 222.2949 1.9444 0.6075 0.4639 -21.9768 1.6423 28.1346 -8.4008 0.1221
Cyclist -1 -1 -2.3615 36.3368 171.3197 86.7355 218.4401 1.8533 0.6148 1.6427 -21.7127 1.4924 28.2210 -3.0101 0.1162
Pedestrian -1 -1 -3.7305 1160.0225 124.6439 1223.0000 265.0172 1.9187 0.5988 0.7215 8.3875 1.1556 9.9967 -3.0463 0.1054
Pedestrian -1 -1 -4.3055 837.7377 159.6534 867.4921 219.0398 1.8496 0.5938 0.8918 7.8647 1.2006 22.5506 -3.9726 0.1014
Cyclist -1 -1 -5.1012 898.4321 155.3411 943.4738 221.6670 1.8517 0.5913 1.6871 9.1360 1.1496 20.5905 -4.6876 0.0932
Pedestrian -1 -1 -5.3246 928.6158 157.7011 975.4919 233.7890 1.7558 0.5982 0.8809 8.1903 1.2300 16.7994 -4.8767 0.0883
Pedestrian -1 -1 -6.2816 1019.7335 143.8344 1060.9971 238.1203 1.8343 0.5629 0.6921 8.6732 1.1213 14.1749 -5.7407 0.0879
Pedestrian -1 -1 -6.5895 1119.9885 146.2940 1187.5366 260.0679 1.7566 0.5066 0.7274 8.6846 1.2289 11.2762 -5.9451 0.0833
Pedestrian -1 -1 -3.2791 933.9414 155.0871 977.6634 239.0982 1.7486 0.5592 0.7618 7.4347 1.2200 15.0995 -2.8281 0.0779
Cyclist -1 -1 -8.6092 1017.9891 160.4172 1075.7423 218.3496 1.7001 0.5138 1.6257 13.4298 1.1110 21.5970 -8.0578 0.0712
Cyclist -1 -1 -6.6803 1013.1459 158.5278 1082.2936 217.4113 1.7637 0.6375 1.6756 13.4804 1.1059 21.6222 -6.1277 0.0696
Pedestrian -1 -1 -7.4453 653.2264 174.5630 669.9423 204.9470 1.6263 0.6716 0.7220 3.0537 1.3086 38.3200 -7.3648 0.0694
Pedestrian -1 -1 -4.4012 1043.5347 154.3443 1092.0750 254.0186 1.6579 0.5430 0.6115 7.9132 1.2232 12.1648 -3.8347 0.0649
Pedestrian -1 -1 -4.8524 829.9360 162.9255 852.9520 220.7326 1.8218 0.5860 0.8431 7.5648 1.2682 22.7492 -4.5339 0.0622
Pedestrian -1 -1 -4.3328 1067.9071 143.8187 1121.1553 254.1665 1.7938 0.5395 0.6511 8.1886 1.1979 11.9004 -3.7408 0.0602
Pedestrian -1 -1 -5.0159 856.1277 162.8996 883.4041 220.5461 1.7326 0.5827 0.7431 8.0583 1.2039 21.6370 -4.6625 0.0600
Pedestrian -1 -1 -5.5809 1090.7697 143.1466 1156.6500 259.5399 1.8033 0.5461 0.6531 8.2566 1.2250 11.3384 -4.9631 0.0543
Pedestrian -1 -1 -7.5190 1059.2131 148.3364 1111.4396 257.8304 1.7381 0.5643 0.5518 7.8390 1.2279 11.6153 -6.9363 0.0540
Pedestrian -1 -1 -7.5308 667.7158 170.5414 682.3533 202.3160 1.7731 0.6896 0.5255 3.9339 1.2175 39.8360 -7.4315 0.0536
Pedestrian -1 -1 -7.6240 801.0879 165.5589 820.4049 215.2603 1.8022 0.6025 0.4186 7.5261 1.2607 25.9684 -7.3435 0.0525
Cyclist -1 -1 -6.3817 876.5778 158.5871 945.3119 223.8612 1.8428 0.6192 1.7744 8.8147 1.2245 20.5219 -5.9799 0.0513
Car -1 -1 -7.9335 751.8338 173.6432 867.6877 277.0516 1.5172 1.5765 3.6522 3.3580 1.4170 12.3121 -7.6720 0.9581
Car -1 -1 -4.3312 374.8846 181.2656 435.0199 212.5685 1.4956 1.6188 3.8202 -10.0892 1.5368 35.8670 -4.6015 0.9579
Car -1 -1 -8.0459 704.8823 174.2432 803.1083 244.4702 1.5292 1.6166 3.7704 3.4688 1.3933 17.2842 -7.8497 0.9079
Car -1 -1 -7.9512 668.8340 176.1010 720.3065 216.7635 1.5161 1.6548 3.9567 3.4922 1.3523 28.3614 -7.8284 0.8684
Car -1 -1 -7.9983 681.1744 176.0269 747.7047 225.5981 1.4927 1.5944 3.8748 3.4699 1.3583 23.2307 -7.8503 0.7928
Car -1 -1 -7.9433 651.0006 174.8680 686.0150 203.0172 1.5124 1.6498 3.4772 3.5122 1.2099 39.7270 -7.8542 0.5707
Car -1 -1 -7.9200 665.5469 176.5171 702.1176 208.0552 1.4689 1.5436 3.6015 3.8091 1.2836 34.7643 -7.8102 0.1326
Car -1 -1 -4.6179 671.2140 171.6726 699.8469 193.9499 1.6181 1.7518 4.3794 6.1585 0.9769 53.6787 -4.5027 0.0933
Car -1 -1 -7.3283 326.9227 181.0949 385.8385 207.4783 1.5113 1.6507 3.8142 -14.9254 1.5490 42.6227 -7.6612 0.0878
Car -1 -1 -4.6408 682.0995 174.6439 717.6892 203.6481 1.4897 1.6246 4.2186 5.2066 1.1891 38.5473 -4.5060 0.0619
Car -1 -1 -4.5487 642.8766 173.0890 680.6461 200.9816 1.6297 1.6278 4.3821 3.5464 1.1968 43.6346 -4.4665 0.0541
