Car -1 -1 -7.8828 591.1060 174.8890 649.4177 222.6152 1.3511 1.6648 3.4109 0.2093 1.4185 22.2946 -7.8743 0.9623
Pedestrian -1 -1 -8.1132 974.2759 147.9498 1003.5840 209.5506 1.8908 0.6887 0.5464 11.7547 1.1261 22.4881 -7.6372 0.3353
Pedestrian -1 -1 -3.8411 1023.5335 146.2491 1058.3987 220.0203 1.8232 0.5516 0.5184 10.7832 1.1654 18.1484 -3.3124 0.2455
Car -1 -1 -7.5897 743.9700 165.5766 786.2272 191.5585 1.4441 1.5358 3.5652 9.0364 1.0393 42.0399 -7.3797 0.2011
Pedestrian -1 -1 -3.1971 155.6683 148.5958 172.0428 204.8970 1.8593 0.5605 0.4381 -15.0020 1.0579 24.1837 -3.7475 0.1912
Pedestrian -1 -1 -5.0864 1077.3574 145.8838 1106.4041 198.3414 1.8921 0.7306 0.5494 17.5578 0.9190 26.3693 -4.5042 0.1836
Pedestrian -1 -1 -4.8189 1107.6295 142.9952 1134.6798 204.2210 1.8722 0.6177 0.6486 15.8804 0.9589 22.4963 -4.2105 0.1449
Cyclist -1 -1 -7.6010 571.5532 168.3403 581.7902 191.6273 1.6228 0.3464 1.5597 -2.3853 1.3080 51.0815 -7.6478 0.1322
Cyclist -1 -1 -7.7005 909.4550 146.0065 921.6144 173.3685 1.6802 0.4482 1.7207 19.0928 0.0313 45.1581 -7.3027 0.1288
Cyclist -1 -1 -4.5167 734.8450 167.3539 746.4693 193.6318 1.7701 0.4719 1.6719 8.9312 1.3993 49.4669 -4.3395 0.1233
Pedestrian -1 -1 -4.8813 1196.9355 146.2515 1224.3512 197.1756 1.8847 0.7353 0.3755 22.4646 0.8998 27.0489 -4.1936 0.1225
Pedestrian -1 -1 -4.9944 939.4831 150.9681 965.9749 203.3921 1.8819 0.6599 0.8492 12.4720 1.0959 26.3721 -4.5572 0.1109
Pedestrian -1 -1 -3.4444 1124.9796 154.5222 1140.4369 187.6599 1.7527 0.6427 0.4973 27.8810 0.7828 38.5455 -2.8219 0.1019
Car -1 -1 -7.4010 428.5592 159.9433 466.2526 179.6405 1.6878 1.6329 4.0960 -14.3995 0.5812 64.0071 -7.6215 0.0985
Pedestrian -1 -1 -6.1144 1164.3613 149.4327 1177.6053 192.0979 1.8803 0.4805 0.3923 24.9202 0.8478 32.1069 -5.4589 0.0947
Pedestrian -1 -1 -3.2888 914.6973 152.9666 934.8071 202.1290 1.9028 0.5794 0.6416 12.2903 1.1328 28.2887 -2.8830 0.0850
Car -1 -1 -7.6035 648.8879 168.5217 683.8595 191.3383 1.6660 1.6752 4.1772 4.3046 1.3494 54.9317 -7.5261 0.0828
Car -1 -1 -4.7714 643.9200 169.7020 669.4399 192.6168 1.4676 1.4776 3.5494 3.0404 1.2655 47.9901 -4.7089 0.0753
Pedestrian -1 -1 -8.0449 506.5410 171.9432 530.5512 217.0652 1.6170 0.8036 0.3929 -3.3641 1.5840 26.1688 -8.1720 0.0683
Pedestrian -1 -1 -3.8236 1103.5081 156.6321 1112.1001 181.5367 1.8817 0.4645 0.3133 37.7503 0.6557 54.7604 -3.2227 0.0644
Pedestrian -1 -1 -5.0646 340.4772 141.2594 393.4276 248.5525 1.9188 0.6605 0.9205 -4.5966 1.3535 13.4692 -5.3880 0.0547
Pedestrian -1 -1 -8.2081 963.8978 147.1224 992.7462 198.7707 1.8476 0.7488 0.6554 13.3100 0.9268 26.1789 -7.7425 0.0519
Car -1 -1 -4.9057 637.9030 169.9677 677.0492 197.0399 1.5361 1.6078 3.8257 2.7410 1.3720 42.9419 -4.8428 0.0513
Pedestrian -1 -1 -6.3991 709.6854 177.0120 723.8638 210.3863 1.3528 0.4856 0.5201 4.3277 1.5243 29.5596 -6.2557 0.0504
Pedestrian -1 -1 -8.1201 990.4655 143.2386 1017.8020 194.9350 1.8655 0.7718 0.4941 14.3491 0.7965 26.3645 -7.6264 0.0502
Pedestrian -1 -1 -8.3066 694.7723 164.3608 720.4818 210.2281 1.7324 0.6635 0.8729 3.7069 1.4113 27.7717 -8.1759 0.5961
Cyclist -1 -1 -2.8017 653.1235 169.5818 692.6088 208.2426 1.6552 0.6301 1.5993 2.7012 1.5148 31.5082 -2.7175 0.4628
Cyclist -1 -1 -3.8678 653.7617 167.0224 686.8995 203.5735 1.6938 0.6140 1.5469 2.8190 1.4233 34.1479 -3.7866 0.2242
Pedestrian -1 -1 -4.3999 0.0000 196.5326 32.4749 306.1957 1.2713 0.3370 0.2783 -7.2297 1.5607 8.6375 -5.0818 0.2162
Pedestrian -1 -1 -5.0554 377.0491 148.1409 391.3419 175.8266 1.7617 0.6276 0.8541 -14.5697 0.1889 46.4432 -5.3579 0.1342
Cyclist -1 -1 -4.3870 655.6734 168.5237 675.3367 201.2161 1.6211 0.5309 1.5468 2.7835 1.4061 36.5945 -4.3121 0.1195
Cyclist -1 -1 -5.0393 0.0000 161.5694 43.9412 307.9550 1.6302 0.5544 1.6676 -7.5908 1.5042 8.7027 -5.7415 0.0959
Cyclist -1 -1 -6.1373 374.3793 148.3105 402.7522 175.6289 1.7605 0.5837 1.6969 -14.4230 0.1785 46.9144 -6.4340 0.0901
Pedestrian -1 -1 -7.3357 660.1859 168.0104 675.5238 203.4675 1.6478 0.5297 0.5221 2.6771 1.4224 33.8961 -7.2581 0.0857
Cyclist -1 -1 -7.1242 546.7012 166.4414 573.9050 197.9405 1.6832 0.4900 1.6751 -2.7401 1.3403 39.3689 -7.1936 0.0677
Cyclist -1 -1 -4.2281 380.1324 147.6108 400.2979 174.0253 1.6883 0.5679 1.6166 -14.3290 0.0746 46.9651 -4.5227 0.0573
Pedestrian -1 -1 -2.0989 0.0000 182.7370 36.2956 304.3900 1.4021 0.4764 0.5220 -7.3921 1.5250 8.6805 -2.7893 0.0553
Cyclist -1 -1 -4.2511 374.5035 167.0663 411.6352 213.2664 1.6016 0.6577 1.5346 -7.7930 1.4007 25.8261 -4.5417 0.0541
Pedestrian -1 -1 -3.2526 1145.3861 136.0175 1208.9312 260.8365 1.8893 0.5740 0.7182 8.8490 1.3314 11.3520 -2.6033 0.0534
Cyclist -1 -1 -6.8082 654.4444 165.6958 688.3179 200.8581 1.7422 0.6183 1.6089 3.0558 1.3872 36.3732 -6.7255 0.0527
Cyclist -1 -1 -2.3035 0.0000 152.0979 32.7334 307.6172 1.7336 0.5660 1.7518 -7.8425 1.5019 8.4150 -3.0380 0.0506
Car -1 -1 -8.2300 802.3442 182.0388 1038.6224 311.3329 1.4071 1.6091 3.8096 3.9533 1.5590 10.0386 -7.8658 0.9819
Car -1 -1 -2.1177 132.8793 176.4087 417.0213 319.6689 1.4348 1.5472 3.6026 -4.2834 1.4867 8.9513 -2.5532 0.9531
Car -1 -1 -8.1255 744.6932 162.6434 877.0870 255.4808 1.7278 1.6576 3.9592 4.0615 1.5375 15.4239 -7.8735 0.9011
Car -1 -1 -8.5029 963.6675 192.8600 1241.0000 374.0000 1.3999 1.5801 3.8962 4.0232 1.5876 4.8188 -7.8377 0.8537
Car -1 -1 -3.9811 6.1295 172.1008 235.9524 268.1969 1.4242 1.5301 3.1411 -8.2045 1.4127 12.3634 -4.5574 0.8042
Car -1 -1 -2.2609 379.2676 171.7376 508.2044 228.8976 1.4479 1.5490 3.5826 -4.6962 1.4194 19.9804 -2.4893 0.7502
Car -1 -1 -6.6363 791.9685 163.1459 921.4529 209.4773 1.6899 1.7380 4.2895 9.2013 1.3355 27.2538 -6.3144 0.6510
Car -1 -1 -4.5741 295.3645 172.6476 363.1512 223.9525 1.3768 1.4005 3.2389 -8.1768 1.3709 21.0981 -4.9400 0.6006
Car -1 -1 -4.2646 161.4144 175.8064 307.7625 244.3190 1.3699 1.4423 3.7723 -8.4390 1.4448 16.4898 -4.7314 0.5350
Car -1 -1 -8.3390 344.9094 174.8314 480.2317 241.8975 1.4037 1.5911 3.5814 -4.7908 1.4552 17.0598 -8.6093 0.5148
Car -1 -1 -7.8900 597.5534 168.9861 632.9488 201.4424 1.5360 1.6231 3.6446 0.1777 1.3527 35.9947 -7.8856 0.4234
Car -1 -1 -2.2531 442.4951 170.7012 542.4501 209.8343 1.4007 1.5717 4.0766 -4.6208 1.3234 27.7663 -2.4169 0.3898
Car -1 -1 -4.7521 898.6185 169.3093 924.6177 193.5612 1.8056 1.6941 3.6942 23.2384 1.5414 55.7461 -4.3593 0.2112
Car -1 -1 -7.6657 373.3738 151.8240 410.1475 175.3422 1.5103 1.6662 3.8306 -14.5989 0.1595 48.3262 -7.9576 0.2067
Car -1 -1 -7.5587 1157.7220 160.4002 1241.0000 257.1741 1.4549 1.5578 3.9144 11.2579 1.2674 12.5425 -6.8391 0.1928
Car -1 -1 -1.9892 0.0000 167.5577 31.6055 314.0455 1.4765 1.5764 3.7358 -9.0957 1.4228 8.6655 -2.7834 0.1820
Car -1 -1 -2.5044 476.8686 169.6693 556.2922 198.6347 1.4679 1.5783 4.0228 -5.0049 1.3062 38.2337 -2.6340 0.1554
Car -1 -1 -2.2897 503.7010 162.7661 570.1443 195.8585 1.7756 1.6427 3.7661 -4.1806 1.2340 40.5990 -2.3920 0.1335
Car -1 -1 -8.2719 741.0920 173.6905 850.9734 231.8349 1.4481 1.5357 3.7155 4.9756 1.4733 19.9915 -8.0321 0.1155
Car -1 -1 -2.5374 450.6234 167.6766 546.8476 204.2484 1.4575 1.5580 3.7728 -4.7207 1.2509 30.2784 -2.6912 0.0975
Car -1 -1 -5.1151 668.5903 172.8351 702.0521 189.0140 1.5217 1.6758 4.3052 7.2636 1.5196 70.1681 -5.0127 0.0923
Car -1 -1 -4.7829 716.1371 171.1417 736.2090 187.8654 1.5603 1.6184 4.0108 11.1235 1.4003 69.3886 -4.6249 0.0852
Car -1 -1 -4.7715 391.1037 166.7915 443.5440 214.9249 1.5524 1.5388 4.1135 -6.9089 1.3566 25.4657 -5.0342 0.0734
Car -1 -1 -7.5846 744.9957 171.7801 809.2443 208.8930 1.4207 1.6031 3.9150 6.9002 1.3793 29.7235 -7.3591 0.0608
Car -1 -1 -2.2115 0.0000 164.3764 0.0000 346.5257 1.4884 1.5950 4.2008 -8.7060 1.4188 6.7768 -3.1015 0.0540
Car -1 -1 -1.8369 0.0000 160.1630 0.0000 374.0000 1.5046 1.5669 3.9043 -6.1241 1.4509 4.5152 -2.7439 0.0535
