Cyclist -1 -1 -3.0960 406.1464 181.6139 444.5470 223.3169 1.8221 0.6345 1.6334 -8.2710 2.2186 32.2025 -3.3460 0.1523
Pedestrian -1 -1 -4.7549 731.5381 163.9490 755.0861 228.1517 1.9151 0.6585 1.0482 4.0227 1.6491 22.0859 -4.5778 0.1179
Cyclist -1 -1 -7.9673 383.9364 179.3532 393.3947 209.5785 1.7589 0.3595 1.6232 -13.2782 2.1547 43.1552 -8.2645 0.1087
Pedestrian -1 -1 -3.7381 1062.8964 146.0273 1180.0764 308.1575 1.7713 0.5155 0.9572 5.6940 1.4779 8.1424 -3.1454 0.0924
Pedestrian -1 -1 -5.7178 384.7153 178.2598 402.0474 209.4274 1.9316 0.6545 0.8190 -13.6294 2.2739 45.2917 -6.0089 0.0848
Pedestrian -1 -1 -8.2318 562.1736 169.6556 577.6445 206.8125 2.1264 0.6617 0.7551 -2.3599 1.9431 41.7736 -8.2884 0.0828
Car -1 -1 -8.0728 578.6929 179.9460 614.4658 204.2111 1.6454 1.7473 4.0647 -1.0483 2.1814 52.3836 -8.0932 0.0707
Pedestrian -1 -1 -5.9470 573.9603 173.0966 584.4667 196.0090 1.9170 0.6698 0.7035 -2.6177 1.9373 60.8006 -5.9903 0.0656
Pedestrian -1 -1 -3.8562 720.2956 166.6339 733.9254 203.2560 1.8608 0.5570 0.4297 5.9664 1.5444 37.0112 -3.6981 0.0625
Car -1 -1 -4.8862 458.4619 181.1920 498.1380 211.8198 1.7418 1.6948 4.2486 -8.2159 2.2829 44.5648 -5.0679 0.0593
Car -1 -1 -7.8942 403.8115 164.8676 425.2134 186.9738 2.0066 1.7708 4.2129 -18.4073 1.2813 67.7684 -8.1586 0.0572
Pedestrian -1 -1 -2.7259 212.1823 177.9685 256.8050 258.1964 1.9012 0.5467 0.8037 -9.1152 2.0266 17.4336 -3.2018 0.0562
Cyclist -1 -1 -2.9015 620.9902 179.4842 647.5394 208.2904 1.6958 0.5992 1.4890 1.4183 2.0969 43.1908 -2.8695 0.0522
Pedestrian -1 -1 -4.4382 540.8541 172.5191 550.3289 197.4306 2.0187 0.5583 0.8651 -5.2857 1.9913 58.9474 -4.5276 0.0513
Pedestrian -1 -1 -2.7411 625.5838 177.3501 643.9728 214.4584 1.7945 0.5855 0.7323 1.1770 2.0175 35.4129 -2.7088 0.0510
Cyclist -1 -1 -4.4722 396.6524 181.7850 451.3744 280.1960 1.6731 0.5523 1.8584 -3.4644 1.8498 13.3679 -4.7219 0.7697
Cyclist -1 -1 -4.6008 333.7903 185.7447 386.5423 305.4356 1.6644 0.5632 1.8623 -3.9022 1.8818 11.2126 -4.9293 0.6675
Cyclist -1 -1 -6.4007 394.3822 182.3471 425.6418 213.5416 1.7820 0.5822 1.7043 -11.7235 2.3443 42.1701 -6.6706 0.2347
Cyclist -1 -1 -3.1709 408.2830 184.5320 450.8427 224.7440 1.7425 0.7235 1.8224 -8.0994 2.2731 32.2064 -3.4159 0.0681
Cyclist -1 -1 -7.9938 450.8987 184.3992 458.9123 206.2332 1.6365 0.3899 1.5667 -12.0114 2.5408 55.7320 -8.2055 0.0538
Pedestrian -1 -1 -4.6583 877.9068 189.4644 921.2726 316.6060 1.3972 0.4472 0.5597 3.3057 1.5975 8.3661 -4.2952 0.0508
Car -1 -1 -8.2401 718.8469 179.9293 928.1956 319.4348 1.5092 1.5254 3.1512 2.5837 1.6197 9.6371 -7.9870 0.9741
Car -1 -1 -7.9997 576.4069 184.3754 630.1673 225.6492 1.4641 1.5882 3.7826 -0.3765 1.9540 28.7022 -8.0135 0.9472
Car -1 -1 -8.1121 635.2718 181.5085 747.0955 256.8156 1.4954 1.6075 3.8817 1.7045 1.7216 16.8418 -8.0140 0.9286
Car -1 -1 -7.9560 552.8826 181.8683 588.2166 212.5840 1.5289 1.5531 3.3383 -2.1932 2.0345 38.7255 -8.0127 0.8531
Car -1 -1 -7.6832 216.0897 196.2893 359.1755 301.7356 1.4118 1.6023 3.8054 -5.4828 1.8869 12.6018 -8.0866 0.8258
Car -1 -1 -7.8174 408.7981 189.3627 447.3705 223.3054 1.4014 1.6107 3.8806 -8.5244 2.2232 33.8650 -8.0627 0.7445
Car -1 -1 -4.4819 297.7447 191.5297 405.3857 263.3728 1.4651 1.6286 3.8538 -6.2618 1.9762 17.7560 -4.8169 0.7255
Car -1 -1 -6.6740 666.2574 182.1731 766.1952 223.9590 1.5557 1.5538 3.5967 4.1433 1.9401 28.5926 -6.5323 0.4680
Car -1 -1 -7.8727 425.8351 184.8442 455.9662 214.0315 1.5611 1.6512 4.1883 -10.0718 2.3068 42.6590 -8.1036 0.3955
Car -1 -1 -7.9022 541.6729 181.3199 565.2234 203.1590 1.5457 1.6003 3.2763 -4.2969 2.2009 54.1345 -7.9814 0.3421
Car -1 -1 -7.9641 389.0446 183.5512 423.5842 212.7346 1.6288 1.6295 3.5338 -12.3865 2.3043 43.6392 -8.2395 0.1913
Car -1 -1 -4.6604 440.6783 184.2809 464.1460 206.0116 1.5753 1.5912 4.0963 -12.3799 2.5073 56.7170 -4.8747 0.1734
Car -1 -1 -4.3012 490.2679 183.1909 531.5701 203.7010 1.4391 1.6562 3.9976 -7.5243 2.2566 54.9399 -4.4371 0.1197
Car -1 -1 -4.5964 382.8921 187.1003 421.0961 217.0949 1.5001 1.5972 3.8677 -11.5318 2.3309 40.0584 -4.8753 0.0610
Car -1 -1 -4.3486 458.7196 185.3557 498.7065 205.8004 1.4429 1.6909 4.1003 -10.1202 2.4461 55.7484 -4.5278 0.0529
