Pedestrian -1 -1 -6.4635 1003.7639 155.6018 1028.5328 205.2508 1.6550 0.6253 0.6254 13.7073 1.0796 24.4475 -5.9579 0.0772
Pedestrian -1 -1 -2.6403 421.2277 174.2691 433.8799 196.3964 1.8445 0.5365 0.8802 -15.3382 1.9637 60.5651 -2.8876 0.0707
Car -1 -1 -7.3306 209.6656 176.7381 277.9779 211.4050 1.9503 1.7707 4.2203 -21.8793 2.1944 43.2336 -7.7969 0.0699
Car -1 -1 -5.1032 890.3885 166.9241 949.1084 194.2516 1.5297 1.6446 4.3094 18.1423 1.1974 42.5504 -4.7029 0.0622
Pedestrian -1 -1 -8.2962 670.8234 168.5661 681.6891 192.2907 1.7943 0.6061 0.6448 5.0182 1.4697 54.9769 -8.2060 0.0590
Pedestrian -1 -1 -8.7560 727.0576 159.9866 757.6042 211.1333 1.7879 0.5543 0.9278 4.6733 1.3378 25.7536 -8.5790 0.0589
Pedestrian -1 -1 -3.5026 800.1427 155.4313 853.0093 240.5416 1.7845 0.4804 0.9730 4.5643 1.4189 15.4065 -3.2204 0.0577
Car -1 -1 -5.4552 998.3115 158.9445 1113.4664 195.5318 1.4903 1.7325 4.4548 19.4138 0.9234 31.7446 -4.9106 0.0551
Car -1 -1 -8.3946 764.3256 164.2379 803.9872 182.2037 1.6825 1.6846 4.4390 16.8110 0.8753 69.9414 -8.1598 0.0549
Pedestrian -1 -1 -3.7120 807.0948 155.4238 848.2988 235.2510 1.8216 0.5190 0.7592 5.0191 1.4235 16.8207 -3.4274 0.0532
Pedestrian -1 -1 -3.6495 778.1779 164.0609 790.9913 187.8619 1.8970 0.4784 0.8765 13.9715 1.1959 57.8578 -3.4140 0.0524
Car -1 -1 -7.6087 857.7144 156.7286 888.1039 175.8938 1.6867 1.6869 3.9808 23.9138 0.2672 65.6226 -7.2607 0.0507
Cyclist -1 -1 -8.3649 1170.0748 144.8382 1207.1710 183.8309 1.7057 0.5105 1.7356 25.9655 0.4799 32.4603 -7.6946 0.2764
Pedestrian -1 -1 -3.8062 1183.7948 146.3920 1207.2367 186.6647 1.7783 0.6735 0.5024 26.0818 0.6095 32.2001 -3.1299 0.1224
Pedestrian -1 -1 -7.8045 874.2712 162.6028 886.7579 195.5229 1.6828 0.5778 0.5878 13.9336 1.1584 37.2662 -7.4495 0.1159
Cyclist -1 -1 -5.3185 863.6850 163.6449 890.5156 195.9546 1.6362 0.4743 1.5945 13.7811 1.1695 37.3700 -4.9680 0.1157
Pedestrian -1 -1 -4.5584 698.6368 160.5911 714.0714 198.6061 1.8610 0.6378 0.8583 4.7472 1.2604 35.8246 -4.4282 0.0960
Pedestrian -1 -1 -3.6916 1169.8556 144.8587 1194.5924 184.7532 1.8059 0.6603 0.6339 26.1429 0.5383 33.0254 -3.0263 0.0900
Pedestrian -1 -1 -3.1304 927.7390 159.9449 933.2877 188.5241 1.7560 0.5501 0.3097 19.7993 0.9625 44.6491 -2.7157 0.0891
Pedestrian -1 -1 -4.5372 56.7970 177.3146 91.3000 253.0500 2.0161 0.6400 0.7138 -14.6899 2.1406 19.7240 -5.1710 0.0734
Pedestrian -1 -1 -4.3986 679.0750 164.4753 692.0380 194.5771 1.8852 0.6463 0.6520 4.7440 1.3602 45.6167 -4.2960 0.0725
Pedestrian -1 -1 -4.2918 990.3655 153.1296 1007.0518 189.7707 1.8152 0.5888 0.4870 19.4210 0.8377 36.1262 -3.8021 0.0643
Cyclist -1 -1 -3.5517 951.2082 158.9783 987.0938 192.9930 1.8824 0.6388 1.6783 20.0077 1.1142 40.2891 -3.0939 0.0546
Pedestrian -1 -1 -8.4612 872.8000 160.3352 883.5782 179.8471 1.7555 0.6479 0.6694 24.2558 0.6289 65.3229 -8.1072 0.0512
Car -1 -1 -4.2444 98.4110 193.2738 320.9483 313.4811 1.5295 1.6561 3.5091 -6.1894 1.9060 11.5476 -4.7274 0.9529
Car -1 -1 -7.8261 569.5187 172.3981 621.8775 223.0005 1.5567 1.6114 3.1409 -0.4775 1.5423 23.7726 -7.8467 0.9496
Car -1 -1 -4.6048 483.6539 177.2576 522.3580 205.3177 1.5157 1.7559 4.4523 -6.1952 1.7851 41.9408 -4.7510 0.8552
Car -1 -1 -8.5810 1164.6392 157.4620 1241.0000 207.4286 1.3629 1.5414 3.8314 18.8286 0.9428 21.6092 -7.8711 0.5339
Car -1 -1 -6.9215 1170.3678 145.0152 1241.0000 181.4087 1.5914 1.6356 3.8356 27.7826 0.3738 32.4908 -6.2184 0.1473
Car -1 -1 -8.0134 897.9969 158.7703 935.4802 184.8646 1.6618 1.6422 4.1858 20.3914 0.7646 48.1796 -7.6153 0.1327
Car -1 -1 -5.1772 534.0788 175.2390 578.3552 198.6295 1.5327 1.5203 3.7391 -3.7721 1.7032 49.6802 -5.2530 0.1326
Car -1 -1 -7.7278 858.8693 159.0512 883.6574 178.1231 1.6891 1.6628 3.8940 23.9056 0.4664 66.0167 -7.3819 0.1139
Car -1 -1 -4.0820 476.8218 177.4319 529.1363 199.9501 1.5615 1.6640 4.1908 -7.8654 1.9129 53.1871 -4.2285 0.0784
Car -1 -1 -7.6646 542.9070 174.1533 570.6335 194.2426 1.5712 1.5745 3.7296 -4.3175 1.6799 58.6256 -7.7381 0.0743
Car -1 -1 -8.5057 926.4348 157.2415 1011.6765 191.6616 1.7317 1.7187 4.4572 19.0772 0.9459 38.6534 -8.0504 0.0714
Car -1 -1 -8.2572 927.0410 157.3683 988.7627 189.6997 1.8028 1.7166 4.2503 20.3113 0.9390 42.3916 -7.8133 0.0563
