Car -1 -1 -4.3619 515.4551 180.4986 599.4565 226.4917 1.4775 1.6596 4.3198 -1.8502 1.7797 26.2496 -4.4322 0.9555
Car -1 -1 -7.9761 968.3582 181.2949 1037.9622 231.6674 1.4701 1.5416 3.5900 12.7523 1.7694 23.6637 -7.4876 0.1709
Pedestrian -1 -1 -3.2226 953.2878 177.9487 968.9986 206.0636 1.8180 0.6064 0.8766 22.9601 2.1545 47.2573 -2.7733 0.1347
Car -1 -1 -5.3683 689.0513 181.8605 744.1160 208.1881 1.4827 1.5298 3.4197 6.3887 2.0522 43.7772 -5.2249 0.1164
Car -1 -1 -3.0555 433.8751 183.9943 580.8885 237.9449 1.4725 1.6092 4.0862 -2.9509 1.8102 20.9804 -3.1943 0.1125
Pedestrian -1 -1 -6.8282 1011.2874 173.9448 1035.2068 222.3635 1.8168 0.6043 0.5532 15.6421 1.8584 27.3993 -6.3147 0.0997
Car -1 -1 -4.4662 376.2272 182.1376 418.0274 207.1296 1.5074 1.6684 4.0947 -13.8818 2.1404 47.1435 -4.7514 0.0894
Car -1 -1 -4.5242 595.9794 180.2967 652.0005 221.8134 1.5207 1.6071 3.6398 0.5820 1.8404 29.0733 -4.5051 0.0875
Pedestrian -1 -1 -5.8965 0.0000 173.2647 22.7888 228.2734 1.8816 0.6477 0.5509 -20.9405 1.8958 25.0781 -6.5871 0.0815
Cyclist -1 -1 -8.1154 1152.9403 173.9576 1209.1477 270.4349 1.6502 0.3618 1.6739 10.3625 1.6714 13.2033 -7.4614 0.0750
Car -1 -1 -4.0515 295.5908 184.3666 374.6992 214.0806 1.4955 1.7305 4.5452 -15.4070 2.1821 40.6234 -4.4122 0.0715
Car -1 -1 -4.9780 775.2344 177.9811 814.2374 201.4469 1.5679 1.6423 4.1190 13.0201 1.9460 51.1900 -4.7308 0.0694
Car -1 -1 -4.7375 920.7332 180.3495 949.9062 206.6988 1.5879 1.6085 3.9340 21.0313 2.0960 46.8157 -4.3182 0.0684
Car -1 -1 -4.4181 487.3209 178.5809 529.2354 204.5715 1.6634 1.7317 4.0532 -6.9217 2.0710 49.2546 -4.5574 0.0625
Pedestrian -1 -1 -3.4448 1043.1934 175.9971 1076.9497 250.1807 1.6567 0.5116 0.5199 10.2022 1.7294 16.4510 -2.8983 0.0621
Car -1 -1 -4.6343 285.4630 182.1053 345.8828 230.1080 1.5056 1.6580 4.1717 -10.4495 1.8640 25.7327 -5.0168 0.0603
Pedestrian -1 -1 -1.7478 28.0448 180.3284 50.7328 229.8283 1.7561 0.5818 0.4039 -20.6502 2.0293 26.0553 -2.4131 0.0598
Car -1 -1 -3.2406 802.6920 185.2195 857.1766 203.7379 1.5306 1.7057 4.3675 19.0018 2.6242 62.5735 -2.9476 0.0591
Car -1 -1 -4.9171 671.5760 179.8335 708.0560 204.6944 1.5621 1.6225 4.1569 5.3035 2.0536 48.6913 -4.8098 0.0587
Pedestrian -1 -1 -2.0791 0.0000 204.9879 69.0533 374.0000 1.3465 0.4076 0.4913 -4.8314 1.6200 5.8657 -2.7463 0.0560
Car -1 -1 -4.3284 524.5798 179.7189 585.7354 211.8007 1.4858 1.6449 4.1887 -2.7495 1.8553 36.6234 -4.4033 0.0556
Pedestrian -1 -1 -5.6245 149.9784 172.1758 176.0625 219.7709 2.0137 0.6599 0.6898 -19.1753 1.9847 30.8924 -6.1764 0.0540
Pedestrian -1 -1 -6.9537 440.1607 175.6805 449.5389 198.5186 1.7848 0.6541 0.4003 -13.0370 2.0085 56.8370 -7.1785 0.0537
Car -1 -1 -5.2408 1000.2700 181.2353 1121.4401 232.3838 1.5038 1.6030 3.9189 14.6794 1.8033 23.8340 -4.6949 0.0533
Cyclist -1 -1 -7.6116 684.4747 179.9609 696.3217 208.5651 1.6279 0.3579 1.4332 4.6667 2.0501 42.1635 -7.5027 0.0787
Car -1 -1 -4.0593 157.0595 181.5675 405.2480 292.5691 1.5176 1.6100 4.2237 -5.4171 1.6950 12.4630 -4.4621 0.9376
Car -1 -1 -7.8608 753.4111 181.2957 807.3267 233.2401 1.5324 1.6174 4.5539 5.6894 1.8464 24.4636 -7.6357 0.9350
Car -1 -1 -4.4673 598.1238 182.1230 653.1158 214.0656 1.4041 1.6976 4.3290 0.7962 1.8879 35.3697 -4.4456 0.9300
Car -1 -1 -4.5751 660.7742 179.1850 688.5616 201.6876 1.5196 1.4926 3.7704 4.6496 1.9920 51.8593 -4.4867 0.3971
Car -1 -1 -4.5630 650.1049 178.5585 691.1957 210.1082 1.6367 1.6923 4.2363 3.4203 1.9745 40.5031 -4.4800 0.2516
Car -1 -1 -7.4576 775.2473 180.4312 824.4645 206.4536 1.5369 1.6560 3.8981 12.0692 2.0398 45.8624 -7.2023 0.1491
Car -1 -1 -4.5188 630.8661 182.3142 671.8804 208.9952 1.4639 1.6637 4.3926 2.5179 2.0656 43.5785 -4.4621 0.1137
Car -1 -1 -4.0612 291.4604 182.7977 370.2154 213.3123 1.5302 1.7395 4.4434 -15.4523 2.1154 40.1078 -4.4271 0.0888
Car -1 -1 -4.5646 681.1581 177.7111 712.4655 201.3450 1.5861 1.6336 4.1498 6.2105 1.9478 51.5516 -4.4459 0.0858
Car -1 -1 -4.7804 637.7211 179.3710 661.0627 198.3627 1.4309 1.5988 3.7616 3.0850 1.9676 57.5554 -4.7275 0.0840
Car -1 -1 -4.4415 619.9243 179.8234 657.7627 201.3017 1.4503 1.6874 4.2089 2.1124 1.9785 52.4521 -4.4020 0.0764
Car -1 -1 -4.8643 588.8403 181.9751 628.2160 209.0961 1.4226 1.6385 4.1822 -0.1744 1.9748 41.5152 -4.8691 0.0631
Car -1 -1 -4.5165 682.7823 179.1630 720.4414 205.4990 1.5876 1.6230 4.3325 5.9702 2.0177 46.9152 -4.3912 0.0546
Car -1 -1 -5.0665 655.2221 178.7817 693.1453 198.6970 1.4872 1.6549 4.1681 5.0352 1.9771 57.4383 -4.9800 0.0534
Car -1 -1 -5.1140 802.9187 178.8733 859.0894 207.3448 1.5651 1.6689 4.1634 12.9770 1.9393 42.7365 -4.8216 0.0533
