Cyclist -1 -1 -8.0377 721.0106 177.4041 742.7822 228.3340 1.6632 0.4237 1.6697 4.0882 1.8230 24.5524 -7.8754 0.1313
Pedestrian -1 -1 -1.8045 30.0034 192.7620 58.8740 251.3894 1.5173 0.4892 0.5792 -15.1765 2.0597 19.2980 -2.4643 0.1271
Pedestrian -1 -1 -3.0051 1061.6157 156.9286 1095.5632 229.6646 1.8302 0.5635 0.6674 12.0196 1.4292 18.5861 -2.4387 0.1123
Car -1 -1 -4.7492 226.6600 170.9963 254.6568 196.9128 1.8031 1.6620 4.1287 -26.8831 1.6735 52.4064 -5.2213 0.1090
Cyclist -1 -1 -8.2439 744.7433 167.8472 758.8742 193.5290 1.7608 0.3608 1.6555 9.8502 1.4172 50.3177 -8.0520 0.0884
Car -1 -1 -7.4271 226.1188 180.1549 286.7525 209.5934 1.5765 1.6549 3.9289 -20.3426 2.0173 41.6094 -7.8796 0.0789
Pedestrian -1 -1 -6.4371 440.2827 177.9090 452.6562 199.5918 1.7012 0.4896 0.8919 -12.9885 2.1043 57.1861 -6.6598 0.0768
Car -1 -1 -4.9503 991.6707 165.3322 1022.4772 183.2306 1.6848 1.6916 4.1023 38.5213 0.9765 70.1190 -4.4499 0.0739
Car -1 -1 -4.7765 888.5677 178.6604 917.2736 199.1528 1.4265 1.7033 4.1130 21.7281 1.8762 53.7030 -4.3943 0.0709
Pedestrian -1 -1 -8.4078 836.9348 164.6292 853.0494 201.0849 1.9681 0.7119 0.4332 12.7430 1.5238 39.2488 -8.0964 0.0629
Pedestrian -1 -1 -8.0834 1112.0750 161.4116 1152.5134 244.3455 1.7757 0.6166 0.4936 11.3703 1.5304 15.7937 -7.4687 0.0620
Car -1 -1 -4.8721 853.6552 175.5745 881.8219 193.0583 1.3907 1.5935 3.9241 21.4059 1.6248 60.1102 -4.5318 0.0614
Car -1 -1 -2.6111 11.9996 192.1972 154.1759 233.3816 1.6061 1.7533 4.5584 -22.0263 2.4459 30.2492 -3.2365 0.0605
Car -1 -1 -3.7189 699.4163 174.0493 756.0210 195.1474 1.6281 1.7101 4.2010 9.3566 1.7258 57.4992 -3.5588 0.0601
Pedestrian -1 -1 -5.1580 1026.7423 138.6464 1097.4135 285.8665 1.9844 0.6073 0.6548 6.2426 1.5230 10.0806 -4.6173 0.0579
Pedestrian -1 -1 -4.4128 806.1283 197.6115 847.2927 305.9502 1.3321 0.3871 0.4922 2.7476 1.6626 9.3265 -4.1361 0.0579
Car -1 -1 -7.9443 104.7737 178.7734 137.1541 202.0172 1.6054 1.6412 3.6542 -35.8053 2.0537 52.7543 -8.5384 0.0551
Car -1 -1 -3.3828 761.5123 177.8647 831.3386 204.0614 1.4776 1.6211 3.6343 10.7331 1.7735 41.8372 -3.1339 0.0548
Pedestrian -1 -1 -5.4210 0.0000 160.3148 62.5467 307.8930 1.9884 0.4724 0.8498 -8.2458 1.8192 10.0330 -6.0961 0.0543
Car -1 -1 -5.1430 836.6035 178.1823 878.0486 196.3221 1.3529 1.6082 3.8940 19.4644 1.7886 57.0196 -4.8160 0.0543
Car -1 -1 -7.4502 326.3781 186.6799 387.2089 218.3737 1.4561 1.5940 3.6852 -12.8415 2.1952 36.6941 -7.7850 0.0541
Pedestrian -1 -1 -8.9191 859.1222 165.4415 874.9349 199.9951 1.8740 0.6149 0.5940 14.0532 1.4717 39.5577 -8.5805 0.0535
Car -1 -1 -7.0497 226.1548 186.5256 308.8470 218.2721 1.5008 1.6793 3.8411 -17.9944 2.2603 38.0069 -7.4895 0.0526
Car -1 -1 -7.7545 1036.8124 167.1059 1062.3020 184.2705 1.5562 1.6439 4.1514 41.1629 1.0348 67.5699 -7.2094 0.0525
Pedestrian -1 -1 -4.2902 414.3235 175.9102 435.3354 216.8629 1.8354 0.6541 0.8063 -8.4697 1.9762 32.8583 -4.5410 0.0523
Cyclist -1 -1 -2.9443 74.6232 178.4156 123.4590 221.7025 1.8333 0.7643 1.6156 -22.2614 2.0803 31.4075 -3.5571 0.2140
Cyclist -1 -1 -6.1465 902.6240 163.2276 946.4434 205.4375 1.8530 0.5872 1.7402 14.0653 1.4301 32.3767 -5.7404 0.1905
Pedestrian -1 -1 -8.2607 886.8745 167.8384 905.5555 207.8452 1.8254 0.6754 0.4468 13.1077 1.5963 33.1567 -7.8878 0.1725
Pedestrian -1 -1 -5.9176 70.1148 173.2415 91.0645 211.6678 1.8942 0.5733 0.6810 -26.4056 1.9134 35.9408 -6.5478 0.1433
Pedestrian -1 -1 -4.9021 915.1522 164.7623 933.4774 206.6422 1.8568 0.6740 0.4667 14.0200 1.4977 32.2903 -4.4962 0.1032
Pedestrian -1 -1 -7.1694 54.5577 179.3475 85.0355 222.3202 1.8435 0.7724 0.7358 -23.5849 2.1297 31.4544 -7.8089 0.0970
Cyclist -1 -1 -4.0752 877.9992 165.4210 914.2570 205.8531 1.8178 0.6660 1.7128 13.1189 1.4833 33.1771 -3.7021 0.0601
Pedestrian -1 -1 -7.0778 899.0298 169.3393 917.8223 207.9406 1.7200 0.6456 0.4590 13.4126 1.5631 32.5377 -6.6905 0.0553
Car -1 -1 -2.9738 480.7852 179.4695 541.3192 201.2207 1.4901 1.6124 4.0124 -6.9703 1.9638 50.8281 -3.1098 0.7722
Car -1 -1 -4.7257 620.5533 176.7720 637.6850 193.2496 1.5128 1.5818 3.5995 1.7845 1.8965 68.9131 -4.7003 0.3949
Car -1 -1 -4.0020 0.0000 185.2925 74.5682 221.4737 1.9328 1.8056 4.0585 -33.6783 2.6925 42.0240 -4.6746 0.2845
Car -1 -1 -4.8992 525.5677 179.8181 557.0256 201.3536 1.5007 1.6640 3.6879 -5.1647 2.0369 53.5796 -4.9952 0.2034
Car -1 -1 -7.6292 455.7534 178.5951 481.7162 198.8072 1.8195 1.6117 3.7103 -13.2816 2.3744 67.9004 -7.8220 0.1892
Car -1 -1 -5.0033 720.9893 172.7058 755.4348 191.4174 1.4898 1.6423 4.2525 10.5267 1.4777 59.6567 -4.8298 0.1881
Car -1 -1 -5.8172 212.5013 172.2829 278.1263 192.6113 1.5402 1.5773 4.2476 -28.0222 1.4966 55.4575 -6.2834 0.1715
Car -1 -1 -7.9058 109.7778 173.8153 139.9340 195.4135 1.5232 1.6420 4.0465 -35.8132 1.5965 53.1844 -8.4962 0.1029
Car -1 -1 -5.8671 69.0858 186.1268 199.9829 224.8352 1.5307 1.6572 4.3210 -20.0337 2.1128 30.4962 -6.4445 0.0929
Car -1 -1 -6.1537 524.6672 176.8866 571.4733 194.6514 1.5705 1.6069 4.0336 -5.5852 1.9389 65.0813 -6.2394 0.0929
Car -1 -1 -8.6212 858.5232 174.4524 942.9346 207.7497 1.5120 1.7102 3.6801 13.9753 1.5937 34.9853 -8.2445 0.0756
Car -1 -1 -6.1168 110.3258 177.1658 205.6991 207.1642 1.5747 1.7414 4.2426 -24.9556 1.8227 39.9479 -6.6724 0.0700
Car -1 -1 -4.7337 580.5079 178.6960 603.7082 199.6028 1.4881 1.6597 3.8887 -1.4096 1.9447 54.4474 -4.7600 0.0604
Car -1 -1 -5.9058 49.8290 176.0189 153.6905 207.1971 1.5613 1.6588 4.1127 -26.4827 1.7318 37.6721 -6.5154 0.0550
