Cyclist -1 -1 -7.9780 721.1699 177.9725 731.2689 207.0352 1.6325 0.3862 1.5060 6.6513 1.9323 41.5552 -7.8209 0.2944
Pedestrian -1 -1 -4.9269 973.9283 145.5537 1071.0365 343.2967 1.9683 0.6861 1.0037 4.3394 1.6963 7.7590 -4.4342 0.2309
Cyclist -1 -1 -8.3533 1020.3817 172.1299 1112.3541 295.5681 1.7736 0.4228 1.6958 6.9890 1.7629 11.2237 -7.8090 0.1584
Pedestrian -1 -1 -2.9520 255.0002 160.0250 262.3102 191.7011 1.8223 0.4794 0.2951 -20.3788 1.0839 41.7784 -3.4035 0.1269
Pedestrian -1 -1 -2.5467 493.0894 164.4352 510.7126 204.1020 1.9390 0.5842 0.6454 -5.3834 1.5272 35.6735 -2.6958 0.0866
Pedestrian -1 -1 -4.6526 841.6089 155.2848 907.4067 346.7976 1.9208 0.6294 0.8639 2.7986 1.7443 7.7563 -4.3198 0.0753
Pedestrian -1 -1 -2.7309 539.7709 170.0365 555.4152 206.7527 1.8842 0.6228 0.6110 -3.2737 1.7393 37.4205 -2.8181 0.0687
Cyclist -1 -1 -7.3856 0.0000 148.0376 78.3753 374.0000 1.7264 0.4932 1.6080 -3.3405 1.6327 3.5576 -8.1030 0.0625
Car -1 -1 -7.8656 579.2785 169.8623 596.7245 187.5464 1.6047 1.5795 3.9035 -2.1008 1.3329 67.4581 -7.8969 0.0621
Pedestrian -1 -1 -3.7608 546.9096 175.4014 558.3044 199.9404 1.7990 0.5605 0.6328 -4.2775 1.9888 53.4033 -3.8408 0.0616
Pedestrian -1 -1 -5.4037 217.9482 170.6267 328.8909 374.0000 1.7118 0.6824 0.5728 -3.0258 1.6931 6.3916 -5.8311 0.0589
Cyclist -1 -1 -4.0919 35.5820 162.3020 104.3579 224.6828 1.6824 0.6890 1.6934 -15.2118 1.3976 20.3124 -4.7285 0.0568
Cyclist -1 -1 -7.9951 739.5784 173.4595 776.7449 280.4433 1.7243 0.3859 1.6183 2.4822 1.7352 12.4565 -7.8042 0.0557
Car -1 -1 -4.7592 663.2259 175.4562 695.1555 203.7167 1.5962 1.6939 4.3278 4.0736 1.7602 43.3602 -4.6666 0.0523
Pedestrian -1 -1 -7.8139 309.4727 169.8493 319.8140 197.8704 1.9090 0.6321 0.6371 -20.3178 1.7040 49.5642 -8.2013 0.0522
Pedestrian -1 -1 -5.8068 0.0000 158.6187 21.7523 221.6743 1.8312 0.5205 0.4926 -17.8178 1.4175 21.2612 -6.4982 0.0511
Car -1 -1 -7.6493 0.0000 186.5304 0.0000 374.0000 1.5614 1.6966 4.3311 -6.2522 1.7014 5.1644 -8.5041 0.0503
Car -1 -1 -6.9642 0.0000 175.7059 65.0400 266.0402 1.5311 1.6203 3.8352 -13.3384 1.5956 14.3748 -7.7030 0.0503
Cyclist -1 -1 -8.2324 555.7599 176.7411 571.0717 202.5252 1.6012 0.4076 1.5979 -3.0018 1.8523 45.8610 -8.2979 0.2259
Cyclist -1 -1 -8.0297 719.1656 173.9662 731.2224 204.6890 1.7479 0.3858 1.7608 6.6611 1.8137 41.9975 -7.8740 0.0878
Pedestrian -1 -1 -6.4062 66.4831 168.7518 99.2469 266.3800 1.6937 0.6826 0.3965 -9.4835 1.6223 12.9030 -7.0303 0.0771
Cyclist -1 -1 -7.7598 712.8270 173.8713 722.3270 201.8525 1.6968 0.4319 1.6587 6.6306 1.7607 44.6735 -7.6139 0.0722
Cyclist -1 -1 -8.1778 535.8005 174.7157 553.0717 201.5234 1.6991 0.5911 1.7370 -4.2919 1.8219 46.7739 -8.2692 0.0686
Pedestrian -1 -1 -4.0870 0.0000 223.5997 70.6995 374.0000 1.3108 0.3974 0.4082 -3.3542 1.6027 3.9419 -4.7596 0.0594
Pedestrian -1 -1 -3.5415 549.3298 175.6169 560.6229 199.9609 1.7848 0.6041 0.6493 -4.1036 1.9906 53.4121 -3.6183 0.0526
Cyclist -1 -1 -8.3525 549.6118 175.7119 568.7283 202.7077 1.6759 0.4902 1.6264 -3.2667 1.8601 45.7821 -8.4238 0.0519
Car -1 -1 -7.8670 576.7577 182.3157 634.0028 228.5122 1.3428 1.7213 3.3815 -0.2265 1.6715 23.3836 -7.8774 0.9749
Car -1 -1 -7.9667 661.4738 178.2380 704.9702 211.8714 1.4938 1.6393 3.7966 3.4103 1.7657 34.5699 -7.8698 0.9194
Car -1 -1 -7.9068 588.9512 177.1068 626.5239 210.1210 1.5228 1.6551 3.5454 -0.1968 1.7428 35.5673 -7.9128 0.8733
Car -1 -1 -1.8526 10.0844 154.0879 318.0484 374.0000 1.7421 1.6089 3.7807 -4.6407 1.6033 7.1858 -2.4098 0.8666
Car -1 -1 -2.0844 280.9438 181.2442 464.2110 269.4053 1.4327 1.6069 4.0192 -4.7685 1.6182 14.0387 -2.4067 0.7626
Car -1 -1 -2.1723 328.2190 177.5724 476.4095 248.0737 1.5010 1.5976 3.7323 -5.1191 1.6263 17.4040 -2.4549 0.6957
Car -1 -1 -8.1063 715.2849 183.7375 832.0782 258.6009 1.5023 1.6803 4.0986 3.6811 1.7925 17.1714 -7.8997 0.6919
Car -1 -1 -2.3115 452.0421 175.4471 537.2183 213.4630 1.5407 1.6309 3.6090 -5.0669 1.6590 31.2417 -2.4715 0.6682
Car -1 -1 -4.2938 282.4954 176.2636 345.7040 205.4564 1.3745 1.5837 3.6539 -14.8305 1.5543 36.2580 -4.6798 0.6093
Car -1 -1 -8.4133 414.4445 177.7510 510.1290 222.9390 1.4377 1.5869 3.6289 -5.2600 1.6211 25.2182 -8.6174 0.5142
Car -1 -1 -4.2046 2.2166 173.2952 152.1434 231.0153 1.4578 1.5866 4.0936 -14.8795 1.4713 20.3812 -4.8292 0.4948
Car -1 -1 -8.3834 534.1028 177.4987 586.2866 201.9886 1.4972 1.6267 3.9201 -3.3180 1.8127 46.9766 -8.4540 0.4419
Car -1 -1 -4.4028 246.6852 181.1715 345.8985 236.2225 1.3896 1.4963 3.8581 -8.9578 1.6520 20.8041 -4.8051 0.4005
Car -1 -1 -4.5901 440.1792 173.1514 462.5181 190.6542 1.5385 1.5021 4.0296 -14.4073 1.5661 65.5690 -4.8058 0.2590
Car -1 -1 -6.5930 0.0000 197.5774 59.1423 374.0000 1.5366 1.6044 3.9041 -4.2921 1.6840 2.2309 -7.6345 0.1595
Car -1 -1 -4.2944 69.6024 167.9724 256.5960 262.1606 1.6575 1.7050 4.0738 -8.9575 1.5713 14.8207 -4.8304 0.0982
Car -1 -1 -5.2120 664.5070 177.1975 720.7781 203.2662 1.5418 1.6880 4.2801 5.1402 1.8307 45.7421 -5.1013 0.0950
