Pedestrian -1 -1 -6.0113 189.1892 174.6068 201.0075 214.7746 1.9537 0.5719 0.3623 -20.4187 2.0402 35.4434 -6.5309 0.1360
Pedestrian -1 -1 -3.3407 696.4053 167.6254 716.1436 200.9380 1.8255 0.5717 0.9860 5.2772 1.5387 39.8596 -3.2105 0.1259
Pedestrian -1 -1 -4.0849 261.4172 184.3591 301.1592 251.6377 1.8120 0.6603 0.8005 -9.1743 2.1387 20.0481 -4.5096 0.1151
Pedestrian -1 -1 -3.5823 932.7416 146.3362 1014.7710 284.6097 1.8589 0.4890 0.8845 4.9451 1.5021 9.9482 -3.1336 0.0894
Pedestrian -1 -1 -2.9333 396.3357 175.9351 406.2324 202.1593 1.9600 0.6941 0.5858 -15.7569 2.1935 54.3808 -3.2144 0.0848
Pedestrian -1 -1 -5.2888 165.4922 185.8945 181.9642 226.5083 1.7223 0.5481 0.2716 -18.8452 2.2896 31.0996 -5.8301 0.0812
Car -1 -1 -4.5914 0.0000 166.9676 0.0000 194.3066 1.5990 1.6652 4.1884 -41.1165 1.2544 44.3879 -5.3357 0.0658
Car -1 -1 -4.8948 882.7477 169.4378 921.3328 192.1481 1.4475 1.6289 4.2490 19.4294 1.2295 48.2328 -4.5143 0.0560
Pedestrian -1 -1 -3.1511 1206.0803 158.7112 1238.8411 228.4272 1.7017 0.5432 0.6126 15.2325 1.3562 18.0164 -2.4576 0.0542
Car -1 -1 -4.5645 626.6880 175.5863 655.4442 196.4347 1.5351 1.6180 4.2951 2.4213 1.7553 55.9817 -4.5219 0.0523
Car -1 -1 -7.5951 0.6471 159.0268 51.5482 186.6423 1.7503 1.6433 4.0213 -38.7223 0.8736 47.9038 -8.2723 0.0515
Cyclist -1 -1 -2.7223 158.1738 183.1516 221.6055 235.3590 1.7885 0.6836 1.8025 -14.7716 2.1558 25.3228 -3.2461 0.0507
Pedestrian -1 -1 -4.8416 355.8776 177.5543 379.3271 231.9689 1.8508 0.6677 0.8850 -8.5099 2.0181 25.1798 -5.1648 0.0502
Pedestrian -1 -1 -4.6547 1060.5308 157.2945 1088.8848 219.6695 1.8653 0.6900 0.8411 14.2008 1.3997 22.1204 -4.0904 0.3682
Pedestrian -1 -1 -6.0968 397.8968 178.7678 407.2049 203.1841 1.8212 0.6845 0.5570 -15.6570 2.2695 54.3646 -6.3762 0.2644
Pedestrian -1 -1 -5.5503 0.0000 187.8346 19.2991 246.2020 1.8096 0.5310 0.3747 -19.1090 2.2880 22.7832 -6.2426 0.2038
Pedestrian -1 -1 -5.7531 666.3253 173.9498 686.0935 209.1658 1.6672 0.6717 0.7034 3.1411 1.7203 34.6670 -5.6640 0.1723
Cyclist -1 -1 -3.1194 656.5416 172.6044 695.6243 209.0104 1.7185 0.7030 1.8429 3.1237 1.7064 34.5114 -3.0305 0.1309
Pedestrian -1 -1 -3.9369 689.7716 169.3685 704.6126 195.6901 1.8120 0.7094 0.7401 6.0318 1.5717 50.1792 -3.8184 0.1216
Pedestrian -1 -1 -3.3801 0.0000 180.2729 18.9183 236.9418 1.9133 0.5930 0.4960 -20.7962 2.1722 24.8359 -4.0720 0.1160
Pedestrian -1 -1 -8.6474 1129.8727 157.3477 1157.6289 203.4979 1.8575 0.6113 0.6744 21.7166 1.2331 29.4241 -8.0166 0.1051
Pedestrian -1 -1 -4.9864 173.8424 186.8159 205.0950 242.6291 1.8804 0.7537 0.8003 -14.6954 2.3771 25.1334 -5.5113 0.0989
Pedestrian -1 -1 -6.2852 1048.0195 162.6158 1069.3304 199.5025 1.7806 0.6650 0.8791 21.9302 1.2860 35.3425 -5.7338 0.0939
Pedestrian -1 -1 -4.6376 442.9653 174.0618 457.0241 211.2250 2.0107 0.6826 0.9786 -8.8157 2.0776 39.6064 -4.8556 0.0914
Cyclist -1 -1 -8.1084 1049.8577 162.5746 1072.5087 198.9117 1.7082 0.4965 1.7382 21.7201 1.2247 34.8232 -7.5547 0.0874
Pedestrian -1 -1 -4.6874 1038.6284 154.9467 1060.0408 214.4216 1.9176 0.5883 0.7952 14.4203 1.3399 23.7571 -4.1477 0.0851
Pedestrian -1 -1 -8.0826 1123.7129 158.8211 1149.5590 202.2471 1.7646 0.7027 0.7678 21.7045 1.1941 29.8093 -7.4581 0.0842
Pedestrian -1 -1 -4.8559 43.5285 189.7123 65.3332 242.5480 1.7692 0.5309 0.4801 -19.1014 2.3555 24.7470 -5.5082 0.0778
Cyclist -1 -1 -8.3305 989.5403 160.3069 1020.0963 198.1772 1.7834 0.5140 1.8126 19.0315 1.1922 34.8904 -7.8350 0.0727
Cyclist -1 -1 -8.0838 660.0453 171.9293 682.0192 209.5722 1.7489 0.6361 1.8495 2.8625 1.7056 34.4838 -8.0022 0.0699
Cyclist -1 -1 -7.4044 995.5369 163.5860 1020.4663 196.9230 1.8692 0.6090 1.6156 22.6788 1.3493 41.1746 -6.9043 0.0694
Cyclist -1 -1 -7.8922 1048.4506 165.3323 1060.5286 199.5713 1.6637 0.4451 1.5121 22.0254 1.2979 35.8296 -7.3450 0.0616
Cyclist -1 -1 -7.9519 1044.3059 161.2636 1068.0447 216.1358 1.7316 0.4756 1.7879 14.5795 1.3656 23.6788 -7.4059 0.0612
Pedestrian -1 -1 -3.6024 988.9833 163.1759 1006.2236 200.2343 1.7967 0.5902 0.5343 18.9103 1.3272 35.2845 -3.1142 0.0610
Cyclist -1 -1 -7.8688 1056.9257 165.1506 1067.7876 199.3689 1.6522 0.4229 1.5528 22.2814 1.2800 35.6141 -7.3137 0.0559
Pedestrian -1 -1 -5.8541 395.8457 178.0923 407.4481 202.6496 1.8396 0.7555 0.5829 -15.8056 2.2390 54.6451 -6.1347 0.0526
Cyclist -1 -1 -4.3716 684.7429 169.9389 700.5353 196.0062 1.7743 0.5511 1.7080 5.7020 1.5755 49.9995 -4.2591 0.0504
Car -1 -1 -7.8645 583.7661 176.7563 642.0413 232.3650 1.5861 1.6814 3.2108 0.0177 1.7158 22.4213 -7.8645 0.9644
Car -1 -1 -8.3440 939.0621 163.7979 1005.6324 197.8074 1.7513 1.6689 3.6717 19.4709 1.2846 39.0147 -7.8844 0.9176
Car -1 -1 -7.9526 666.8484 177.1149 705.3946 207.3159 1.4352 1.5751 3.7113 3.7794 1.6625 36.6713 -7.8512 0.8674
Car -1 -1 -8.3008 895.5475 170.0456 953.1379 195.5591 1.5097 1.6421 4.1181 19.3957 1.3432 44.7858 -7.8948 0.7795
Car -1 -1 -8.2549 812.7050 168.4279 848.5363 187.6074 1.6697 1.6343 4.0160 19.7735 1.2841 64.8979 -7.9607 0.1651
Car -1 -1 -8.1339 840.5070 168.3006 873.9792 189.1171 1.6324 1.6511 3.4892 19.9310 1.2750 58.3633 -7.8067 0.1091
Car -1 -1 -5.2785 991.1718 166.2637 1072.9128 202.6739 1.6228 1.6501 3.5664 19.7329 1.3287 33.9758 -4.7564 0.0785
Car -1 -1 -4.9796 475.7799 178.8448 523.5436 210.1209 1.6991 1.7175 4.1874 -6.5604 2.0689 42.3253 -5.1329 0.0653
Car -1 -1 -4.8639 467.8748 181.1540 498.1340 203.9109 1.5665 1.6227 3.9386 -9.4520 2.2042 53.3432 -5.0389 0.0634
Car -1 -1 -4.7360 508.8030 178.6009 537.8138 206.1990 1.6311 1.7202 4.1571 -5.5679 2.0124 45.7335 -4.8569 0.0614
Car -1 -1 -4.6109 617.2377 177.1999 642.8029 197.2262 1.4448 1.5588 3.9671 1.5311 1.7883 55.0196 -4.5836 0.0540
Car -1 -1 -7.5590 676.5264 170.5433 716.0711 195.9312 1.7495 1.6839 4.2059 6.2308 1.5900 51.9860 -7.4408 0.0508
