Car -1 -1 -4.4135 131.4655 191.9213 372.8987 339.9201 1.4788 1.7188 4.1395 -4.6180 1.7979 9.9284 -4.8394 0.9648
Cyclist -1 -1 -8.2435 858.9005 136.1471 975.3192 332.1095 1.9370 0.5254 1.7473 3.2817 1.5739 8.0095 -7.8686 0.8503
Car -1 -1 -7.3066 29.5466 167.7654 106.2903 201.0720 1.7211 1.6725 3.6424 -29.3695 1.4578 39.1752 -7.9467 0.1956
Cyclist -1 -1 -7.8754 691.5709 171.1265 700.2442 197.4381 1.7966 0.5567 1.7727 5.9371 1.6783 50.1760 -7.7587 0.1869
Pedestrian -1 -1 -5.6423 640.7543 174.1565 652.1083 196.7194 1.7663 0.5161 0.7318 2.8486 1.8696 56.9659 -5.5930 0.1367
Pedestrian -1 -1 -6.9878 1165.0076 153.4711 1190.0953 185.3414 1.7010 0.8940 0.6357 30.6076 0.6662 38.9703 -6.3257 0.1093
Car -1 -1 -4.7838 630.8926 174.3558 651.3662 191.0243 1.4790 1.5866 4.1305 2.8180 1.6215 66.4872 -4.7419 0.1008
Pedestrian -1 -1 -7.8799 1215.0122 148.4896 1237.9641 197.0295 1.8528 0.6560 0.6538 23.8728 0.9225 28.0021 -7.1792 0.0941
Car -1 -1 -3.6708 946.2527 162.3297 1009.2643 183.3900 1.6692 1.6841 4.2586 29.5840 0.8348 58.1567 -3.2024 0.0932
Car -1 -1 -4.8662 550.0262 178.1063 573.4642 195.3897 1.5692 1.6265 4.0695 -4.6632 2.0869 68.9896 -4.9338 0.0910
Car -1 -1 -4.2766 202.5856 179.9874 268.7936 209.6710 1.5918 1.7330 4.3537 -21.7044 2.0282 41.9633 -4.7516 0.0799
Car -1 -1 -4.6599 644.3444 173.2423 670.8483 197.9724 1.6623 1.6471 4.2125 3.3536 1.6905 50.7565 -4.5948 0.0799
Car -1 -1 -4.4609 170.2003 173.9207 216.4709 200.7630 1.5461 1.5569 3.6607 -25.2010 1.6133 43.6886 -4.9816 0.0780
Car -1 -1 -7.9583 871.2837 168.7817 897.9622 186.9657 1.4486 1.6288 4.1160 22.6475 1.1239 59.6777 -7.5975 0.0668
Pedestrian -1 -1 -3.9645 422.3792 178.4077 445.1297 219.0826 1.7161 0.6356 0.7128 -7.6217 1.9583 31.0361 -4.2039 0.0665
Pedestrian -1 -1 -7.7395 1186.7344 151.9468 1203.0782 185.0516 1.8829 0.6495 0.7752 33.6393 0.6935 41.5421 -7.0623 0.0625
Car -1 -1 -7.4870 1189.7053 159.4254 1241.0000 374.0000 1.5032 1.6072 3.9550 5.1043 1.4612 3.5609 -6.5637 0.0624
Pedestrian -1 -1 -4.2709 669.4277 172.4966 690.6963 214.5233 1.7178 0.6415 0.7026 2.8672 1.7029 29.9587 -4.1770 0.0610
Pedestrian -1 -1 -3.1248 391.1244 172.9725 406.6488 203.4369 1.9529 0.5561 0.9543 -13.6791 1.9603 46.6515 -3.4088 0.0597
Car -1 -1 -5.0160 858.3226 174.3685 936.1166 215.6599 1.5248 1.6907 4.1938 11.3639 1.5898 28.9505 -4.6459 0.0553
Car -1 -1 -8.3628 1068.6849 159.3204 1140.4189 188.5557 1.6383 1.7128 4.0532 29.0090 0.8796 42.5280 -7.7675 0.0550
Car -1 -1 -4.1548 252.8007 170.2806 307.8902 197.5187 1.9262 1.7411 4.1846 -24.2674 1.7440 53.2147 -4.5810 0.0545
Pedestrian -1 -1 -5.3155 0.0000 194.0616 15.1524 237.3709 1.6292 0.4866 0.3738 -23.2832 2.4516 27.7056 -6.0098 0.0528
Pedestrian -1 -1 -3.5534 701.7055 166.8377 718.2944 196.9690 1.9067 0.5476 0.9046 6.3459 1.5257 46.0451 -3.4177 0.0523
Car -1 -1 -4.9366 867.6262 174.2402 928.1963 209.6167 1.4920 1.6481 4.1376 12.9420 1.5588 32.7677 -4.5639 0.0503
Cyclist -1 -1 -7.3882 347.0793 181.7484 370.1126 216.9106 1.6799 0.4096 1.5794 -12.4641 2.1295 35.6913 -7.7223 0.1928
Pedestrian -1 -1 -4.4919 193.9730 187.4906 218.1893 235.0708 1.6578 0.6029 0.7685 -14.5226 2.1916 25.8731 -4.9994 0.1662
Pedestrian -1 -1 -5.9714 295.6420 183.3651 310.9256 215.4758 1.6891 0.8007 0.5333 -16.4652 2.2580 38.6536 -6.3720 0.0979
Cyclist -1 -1 -7.9691 470.5930 179.7612 479.9043 207.1977 1.6706 0.3859 1.6432 -8.4806 2.1110 45.1998 -8.1540 0.0962
Cyclist -1 -1 -7.6713 198.3098 183.8457 226.1918 232.9991 1.6826 0.5803 1.6778 -14.3532 2.0917 25.9845 -8.1720 0.0697
Pedestrian -1 -1 -5.4629 466.8273 178.3832 482.7413 207.3622 1.7614 0.6240 0.7457 -8.3758 2.1058 44.5100 -5.6483 0.0683
Pedestrian -1 -1 -8.1064 281.8295 181.5144 302.2471 223.2017 1.7466 0.6541 0.6696 -13.6563 2.1226 30.8894 -8.5198 0.0675
Pedestrian -1 -1 -6.1990 270.3900 182.1191 289.9349 224.1263 1.7326 0.6359 0.6963 -13.9169 2.1275 30.3609 -6.6259 0.0670
Pedestrian -1 -1 -7.7782 320.5207 178.4170 343.1188 230.9051 1.8426 0.7068 0.6552 -9.9993 2.0446 25.8324 -8.1445 0.0611
Cyclist -1 -1 -8.0106 464.5732 179.2246 475.5227 206.6325 1.6715 0.4360 1.5475 -8.8026 2.0772 45.1788 -8.2023 0.0610
Cyclist -1 -1 -7.4846 392.0913 180.9072 412.3609 215.3198 1.6617 0.4498 1.5289 -10.3933 2.0719 35.9895 -7.7642 0.0566
Cyclist -1 -1 -7.5346 348.7591 180.3875 368.0767 215.5113 1.7013 0.4264 1.6156 -12.6189 2.0864 36.1072 -7.8689 0.0556
Pedestrian -1 -1 -6.7963 307.0572 179.8813 331.0053 230.7587 1.7606 0.7335 0.4885 -10.3323 2.0128 25.5046 -7.1781 0.0552
Pedestrian -1 -1 -2.7328 228.7506 170.8889 238.4344 191.8159 1.8580 0.6426 0.5567 -33.6176 1.6832 64.4024 -3.2124 0.0532
Cyclist -1 -1 -4.6603 228.0399 185.3605 245.5930 233.4088 1.6358 0.4744 1.5368 -13.3696 2.0962 25.7786 -5.1349 0.0517
Car -1 -1 -7.1753 178.0203 185.0068 275.3755 225.2843 1.5398 1.6153 3.8412 -16.3192 2.0936 30.8574 -7.6585 0.7063
Car -1 -1 -7.5727 290.7530 184.5120 338.3892 212.6056 1.4416 1.5308 3.5817 -16.5306 2.1247 40.4319 -7.9588 0.2366
Car -1 -1 -5.9498 287.6593 173.9063 339.1799 190.2457 1.5098 1.6459 4.1647 -27.8277 1.6097 67.7315 -6.3385 0.1569
Car -1 -1 -8.0347 461.2925 179.8675 496.8461 205.8793 1.5545 1.5792 3.8180 -8.4722 2.0243 46.2974 -8.2151 0.1560
Car -1 -1 -4.4551 365.9962 182.1634 420.1263 216.0602 1.5858 1.6550 4.1290 -11.0837 2.0897 36.9934 -4.7446 0.1090
Car -1 -1 -4.0112 14.0441 190.5081 118.0064 229.0567 1.5069 1.6067 3.7739 -23.9654 2.3345 31.9068 -4.6515 0.1047
Car -1 -1 -4.5030 395.0148 182.3744 437.8588 210.7196 1.5437 1.6592 3.9448 -11.4205 2.1329 42.6599 -4.7634 0.0997
Car -1 -1 -4.7378 251.5516 189.1603 314.1560 244.0202 1.4464 1.6404 4.3135 -10.3800 2.0109 22.6893 -5.1628 0.0784
Car -1 -1 -4.9039 493.8277 176.7790 531.3251 203.5213 1.6605 1.6589 4.3392 -6.5341 1.9329 47.8043 -5.0395 0.0742
Car -1 -1 -7.9372 439.1451 180.5654 471.0230 207.5644 1.5646 1.6263 3.8904 -9.7556 2.0688 45.1095 -8.1494 0.0647
Car -1 -1 -7.6577 368.9489 184.0950 410.1242 210.5748 1.4712 1.6519 3.9493 -13.3823 2.1863 43.8731 -7.9524 0.0645
Car -1 -1 -7.2089 286.4223 185.2971 366.7497 219.5562 1.5137 1.6458 3.9268 -13.9030 2.1626 35.5287 -7.5798 0.0644
Car -1 -1 -4.3834 193.3276 186.8822 277.0117 231.5090 1.4984 1.6246 3.9943 -14.2803 2.0761 27.6357 -4.8568 0.0625
Car -1 -1 -7.7641 348.4151 185.2266 396.5042 228.5037 1.4823 1.4763 2.5717 -8.8683 1.9683 26.9425 -8.0796 0.0569
Car -1 -1 -4.5739 412.3576 180.6684 448.1276 206.2060 1.5706 1.7100 4.4728 -11.9598 2.1163 48.1045 -4.8167 0.0567
Car -1 -1 -4.6713 264.7285 171.8214 286.9688 192.4942 1.8730 1.7198 4.1114 -31.2929 1.7791 67.6003 -5.1035 0.0546
