Pedestrian -1 -1 -3.2641 677.3270 174.7027 698.0582 222.6818 1.6706 0.5958 0.6568 2.6897 1.7363 25.4517 -3.1608 0.0952
Pedestrian -1 -1 -3.2156 798.9662 173.2750 849.6895 287.2542 1.5414 0.4187 0.6408 2.9135 1.5471 10.0287 -2.9418 0.0752
Pedestrian -1 -1 -5.8990 459.3693 168.2813 474.4677 209.4018 1.9283 0.5422 0.5372 -6.8113 1.7135 34.1515 -6.0948 0.0749
Car -1 -1 -7.8022 595.8171 169.2993 615.1644 186.8476 1.6532 1.6628 4.3338 -0.4294 1.3181 70.1793 -7.8086 0.0735
Cyclist -1 -1 -8.1095 849.8787 173.1807 900.4567 270.7802 1.5405 0.3810 1.6347 4.4086 1.5461 12.2242 -7.7719 0.0702
Pedestrian -1 -1 -5.9556 365.7670 165.4009 409.1614 243.2549 2.0154 0.6343 0.9382 -5.9044 1.8222 19.0096 -6.2534 0.0642
Cyclist -1 -1 -7.9869 656.0466 172.8835 669.1727 207.0789 1.6048 0.4072 1.6676 2.4823 1.6060 34.7093 -7.9167 0.0626
Pedestrian -1 -1 -6.9638 858.4715 163.1150 885.0434 244.2970 1.8157 0.5109 0.3156 5.9052 1.5975 16.4311 -6.6252 0.0605
Pedestrian -1 -1 -4.8199 883.2704 165.2204 919.3249 255.7881 1.7216 0.5634 0.8163 5.6607 1.5762 14.1830 -4.4481 0.0601
Car -1 -1 -7.6113 454.4375 174.9210 502.2890 207.5410 1.6965 1.6475 4.1745 -7.2556 1.8167 39.9321 -7.7903 0.0554
Car -1 -1 -3.1081 483.4294 178.2206 555.6842 205.2598 1.5975 1.6684 4.2984 -5.5207 1.9326 44.0629 -3.2324 0.0545
Car -1 -1 -4.5911 590.5318 176.1392 625.3381 201.7300 1.5087 1.6830 4.2945 -0.1152 1.7250 45.3413 -4.5941 0.0518
Pedestrian -1 -1 -5.1041 1190.2577 117.8684 1241.0000 258.9840 1.8698 0.6042 0.7464 8.5281 1.1409 10.0062 -4.4128 0.0511
Pedestrian -1 -1 -2.5760 588.9844 172.6450 612.5421 208.4550 1.7287 0.6642 0.9459 -0.4927 1.7183 35.3614 -2.5904 0.7090
Pedestrian -1 -1 -5.3737 707.1035 173.7172 746.0928 238.0742 1.6504 0.6354 0.8339 3.0200 1.6735 19.0364 -5.2196 0.2893
Pedestrian -1 -1 -6.4962 639.4297 174.4943 651.0772 199.6108 1.7425 0.6032 0.7010 2.4321 1.8577 50.4595 -6.4488 0.2252
Pedestrian -1 -1 -6.3219 800.7921 156.0911 865.4474 283.8053 1.7183 0.5656 0.8333 3.0453 1.4925 10.0836 -6.0377 0.1740
Pedestrian -1 -1 -7.5610 648.2496 173.5639 660.0255 202.3519 1.7314 0.5576 0.6260 2.6459 1.7746 43.8058 -7.5016 0.1651
Cyclist -1 -1 -2.6010 488.1169 178.5776 516.3762 206.4941 1.8018 0.7166 1.7157 -7.1264 2.1835 47.4981 -2.7495 0.1611
Cyclist -1 -1 -4.4525 258.9843 194.4255 313.2563 293.7165 1.6475 0.5133 1.5503 -5.9168 2.0638 13.1283 -4.8691 0.1090
Pedestrian -1 -1 -5.4452 241.4048 192.7421 295.0334 299.2589 1.6513 0.5829 0.5270 -5.5889 1.9836 11.6956 -5.8828 0.0829
Pedestrian -1 -1 -6.5989 727.0710 165.7685 763.1342 238.7161 1.8108 0.6895 0.7172 3.3686 1.6346 18.3017 -6.4206 0.0811
Cyclist -1 -1 -4.4205 248.1673 179.3946 311.5370 294.3690 1.7801 0.4851 1.7297 -5.5802 1.8981 12.1613 -4.8431 0.0793
Pedestrian -1 -1 -4.1791 581.6179 173.0687 601.4368 208.4673 1.7102 0.6857 0.7497 -0.9436 1.7206 35.3598 -4.2062 0.0743
Cyclist -1 -1 -5.6823 244.3475 191.9457 341.7359 288.9925 1.6883 0.5571 1.5895 -5.8194 2.0469 13.1432 -6.0923 0.0712
Pedestrian -1 -1 -3.8804 810.9598 152.0284 882.8568 278.5774 1.7399 0.5581 0.8193 3.3373 1.4533 10.3463 -3.5776 0.0674
Cyclist -1 -1 -8.0616 639.6581 176.3101 650.1519 199.7038 1.6216 0.4296 1.5437 2.4331 1.8696 51.0459 -8.0147 0.0605
Cyclist -1 -1 -4.3400 254.8826 188.0746 324.9593 298.1759 1.6584 0.4784 1.6671 -5.3120 1.9278 11.9431 -4.7509 0.0516
Pedestrian -1 -1 -2.6968 264.5423 179.8534 319.9155 282.2279 1.7797 0.6048 0.7148 -5.7249 1.9076 12.9011 -3.1075 0.0512
Car -1 -1 -4.4708 321.9762 198.3001 459.8578 292.9588 1.3483 1.5285 3.6817 -3.8691 1.8778 13.1527 -4.7524 0.9517
Car -1 -1 -4.1608 0.0000 210.5190 288.5645 374.0000 1.4011 1.6047 3.8802 -3.9517 1.7791 5.2558 -4.7820 0.9372
Car -1 -1 -4.4446 408.6240 181.3006 508.7304 250.4683 1.6281 1.6368 3.9863 -4.0112 1.8803 19.5262 -4.6453 0.9124
Car -1 -1 -7.8006 607.6753 177.3411 643.9858 208.6908 1.4310 1.5851 3.9016 0.7861 1.6640 35.5130 -7.7792 0.8596
Car -1 -1 -7.6771 528.8362 177.0884 565.2515 203.5219 1.5481 1.6071 3.8385 -3.9040 1.8228 44.8766 -7.7638 0.5008
Car -1 -1 -5.5464 927.8369 77.8247 1241.0000 374.0000 1.7902 1.6331 3.9868 3.6954 1.5148 4.1792 -4.8574 0.4661
Car -1 -1 -7.6381 487.8071 172.5529 527.0984 207.4545 2.4621 1.8729 4.8988 -7.5562 2.4405 53.4127 -7.7784 0.2088
Car -1 -1 -3.3018 617.7748 167.7201 665.6334 185.9378 1.6514 1.6890 4.1883 2.8803 1.1857 66.4892 -3.2589 0.1099
Car -1 -1 -4.7917 485.9815 179.2553 513.7212 204.8356 1.6362 1.5770 3.6365 -7.5550 2.0886 49.0784 -4.9441 0.1052
Car -1 -1 -4.9456 524.4873 174.1974 564.2907 203.4159 1.9079 1.7643 4.3456 -4.5976 2.0045 49.6718 -5.0378 0.0936
Car -1 -1 -4.8129 476.5226 179.9788 518.3902 213.2807 1.4891 1.6111 4.1778 -5.6211 1.8607 35.4402 -4.9695 0.0826
Car -1 -1 -7.6268 449.7612 170.3184 498.1026 206.4511 1.8788 1.7183 4.1346 -7.4415 1.7466 39.6195 -7.8117 0.0810
Car -1 -1 -7.8635 663.3854 171.9552 694.4329 203.4787 1.6369 1.6078 3.7859 3.7008 1.5899 39.4201 -7.7710 0.0619
