Pedestrian -1 -1 -5.4997 153.9156 178.6256 248.3990 327.2640 1.8363 0.5846 0.9245 -5.3457 1.9140 9.3525 -6.0074 0.1460
Cyclist -1 -1 -4.4678 656.6978 184.5978 688.4196 246.4704 1.7159 0.5583 1.6225 1.8032 2.0745 21.1934 -4.3851 0.1333
Pedestrian -1 -1 -5.5295 204.5753 174.4615 267.1611 290.5663 1.8718 0.5992 0.7087 -6.2840 1.8992 12.0292 -6.0024 0.0848
Pedestrian -1 -1 -3.9374 911.9117 160.8686 1031.9230 357.0507 1.8057 0.6221 0.8777 3.4848 1.6951 7.0857 -3.4980 0.0669
Pedestrian -1 -1 -7.8094 48.1308 174.3287 125.8564 353.2928 1.8744 0.6603 0.8057 -5.8882 1.8917 8.0828 -8.4237 0.0620
Pedestrian -1 -1 -5.9266 518.4905 181.3296 532.8522 207.1902 1.8692 0.6777 0.8633 -6.2063 2.4949 52.8664 -6.0433 0.0584
Cyclist -1 -1 -4.5279 658.8494 188.8531 686.8141 247.9905 1.6121 0.5262 1.6351 1.7926 2.0963 20.9920 -4.4449 0.1395
Cyclist -1 -1 -7.5388 939.0612 192.9644 990.4373 275.2247 1.6164 0.5049 1.6626 7.5011 2.0651 15.3333 -7.0924 0.1100
Cyclist -1 -1 -7.3103 946.5292 185.1356 1025.2748 276.6473 1.8018 0.6472 1.7916 7.8539 2.0722 15.1561 -6.8412 0.0801
Pedestrian -1 -1 -8.3724 933.1572 194.0771 977.3231 273.3886 1.6351 0.5881 0.6812 7.3224 2.0994 15.4338 -7.9379 0.0582
Car -1 -1 -4.7008 435.0103 186.0441 492.1371 241.2257 1.5729 1.6818 3.7101 -4.7870 2.0383 23.4926 -4.9003 0.9155
Car -1 -1 -4.3922 654.1813 193.8864 741.8542 249.6865 1.4110 1.5503 3.6721 2.6837 2.1024 21.7378 -4.2721 0.1492
Car -1 -1 -4.9471 430.3076 185.4319 475.7304 213.4192 1.4509 1.6457 4.0935 -9.1310 2.2139 41.5855 -5.1624 0.1149
Car -1 -1 -4.7995 446.7900 184.4355 489.2146 217.4246 1.4759 1.7172 4.1904 -7.1994 2.0914 36.1141 -4.9953 0.1009
Car -1 -1 -4.5936 388.7433 188.8026 422.1482 213.0610 1.4387 1.6355 4.3250 -13.5970 2.5500 48.0307 -4.8685 0.0769
Car -1 -1 -4.9900 951.6212 187.8751 1137.0343 299.7545 1.5867 1.6762 4.2321 7.5363 1.9058 13.0907 -4.4784 0.0501
