Pedestrian -1 -1 -5.2828 833.4776 168.0606 863.1890 220.3371 1.7135 0.5714 0.8515 7.9176 1.5561 24.1347 -4.9700 0.2717
Car -1 -1 -6.4838 780.1605 174.6189 832.8461 195.5486 1.6767 1.6405 3.8978 15.9809 1.8228 58.9022 -6.2205 0.1098
Pedestrian -1 -1 -7.7159 716.6594 159.2672 732.4814 201.2086 1.9355 0.6335 0.7697 5.3217 1.3082 33.7575 -7.5614 0.1060
Pedestrian -1 -1 -5.6295 413.0893 175.9698 423.0446 197.1046 1.7579 0.5546 0.5914 -16.1155 2.0204 60.4921 -5.8891 0.0794
Pedestrian -1 -1 -3.3489 405.5737 175.9227 412.1091 197.3634 1.6886 0.5008 0.4050 -15.9834 1.9330 57.2312 -3.6204 0.0748
Car -1 -1 -3.7277 951.4501 184.9217 1045.2073 216.2492 1.5027 1.5970 3.9385 19.4892 2.1270 36.3591 -3.2396 0.0706
Car -1 -1 -4.3567 282.4366 180.9335 328.4790 204.8064 1.4692 1.5744 3.7908 -20.0768 2.0238 47.6344 -4.7539 0.0682
Cyclist -1 -1 -2.1718 0.0000 180.5700 30.1327 218.7320 1.8676 0.6776 1.7384 -30.0536 2.2594 36.1042 -2.8625 0.0665
Car -1 -1 -7.3227 1204.1768 123.3641 1241.0000 374.0000 1.6202 1.6787 4.2681 6.4002 1.3810 4.5694 -6.4021 0.0651
Pedestrian -1 -1 -8.5905 707.0914 162.5143 726.1332 198.0492 1.8948 0.6238 0.8264 5.7207 1.3432 38.9918 -8.4463 0.0634
Car -1 -1 -4.6401 325.3901 180.7428 352.5375 201.5135 1.4365 1.6131 3.7625 -20.0794 2.0431 53.4775 -4.9980 0.0622
Pedestrian -1 -1 -5.6844 231.3451 177.9290 243.6350 199.6750 1.7509 0.6398 0.6375 -30.2865 2.1654 58.6173 -6.1597 0.0603
Car -1 -1 -4.4549 118.8882 184.8736 173.9258 213.4251 1.5041 1.6601 4.3015 -27.0950 2.2460 42.2508 -5.0225 0.0574
Pedestrian -1 -1 -3.6504 1130.8951 145.4229 1241.0000 363.8638 1.6008 0.3826 0.7898 4.4775 1.3995 5.5340 -2.9963 0.0502
Pedestrian -1 -1 -6.1553 769.4722 167.3035 786.4756 212.7252 1.7570 0.5413 0.5867 6.5373 1.5420 28.2665 -5.9308 0.4227
Pedestrian -1 -1 -5.0006 1063.1619 156.5294 1118.2483 261.9026 1.6890 0.5805 0.6904 7.9092 1.4270 11.9777 -4.4288 0.3109
Cyclist -1 -1 -8.1249 788.5819 170.3401 806.7981 206.3241 1.6107 0.4095 1.5199 8.5485 1.4979 33.0611 -7.8745 0.2434
Pedestrian -1 -1 -8.1184 672.9406 167.3955 687.3661 196.6528 1.7755 0.6690 0.8945 4.2667 1.4440 44.2848 -8.0234 0.2317
Cyclist -1 -1 -7.8415 626.1338 170.5963 641.6249 222.3436 1.7128 0.5127 1.6687 0.7788 1.6377 24.7266 -7.8111 0.2014
Cyclist -1 -1 -4.6289 797.2872 169.9600 810.4496 206.4600 1.6277 0.4628 1.5084 8.8209 1.4983 32.9646 -4.3701 0.2007
Pedestrian -1 -1 -4.3127 757.2003 165.7745 777.2570 211.8631 1.8305 0.5708 0.6845 6.2985 1.5490 29.1008 -4.1022 0.1974
Cyclist -1 -1 -3.7770 1044.1379 177.0318 1087.6875 218.5059 1.7697 0.6308 1.5178 19.6864 1.9524 31.2365 -3.2194 0.1677
Cyclist -1 -1 -3.7953 789.5712 166.3725 826.3807 205.5124 1.7501 0.5991 1.5787 8.9691 1.4600 32.8400 -3.5314 0.1623
Cyclist -1 -1 -8.7673 1030.5334 181.0588 1071.7723 220.7902 1.6709 0.4485 1.5889 19.2005 2.0382 31.5049 -8.2247 0.1568
Pedestrian -1 -1 -4.1273 561.3228 169.1037 589.8711 220.7852 1.7182 0.6140 0.8281 -1.2115 1.5932 24.5014 -4.1768 0.1373
Cyclist -1 -1 -8.0605 996.5860 180.5524 1014.5429 215.6575 1.6663 0.4296 1.6837 19.4092 2.0540 35.4973 -7.5641 0.1130
Cyclist -1 -1 -8.1150 1070.4330 156.9297 1134.6469 260.2425 1.6037 0.4714 1.5639 8.1117 1.3562 12.0166 -7.5330 0.1093
Pedestrian -1 -1 -8.0295 803.6556 167.3064 822.9379 210.9991 1.7343 0.6091 0.8271 8.1433 1.5138 29.0804 -7.7596 0.1026
Cyclist -1 -1 -3.8018 740.3105 167.9668 777.5051 204.6509 1.7145 0.6106 1.7258 7.0565 1.4858 34.3783 -3.6015 0.1016
Pedestrian -1 -1 -5.3500 718.5477 168.2569 734.7836 201.1576 1.7781 0.6341 0.6140 6.3335 1.5294 39.4147 -5.1923 0.0964
Cyclist -1 -1 -8.0703 906.7475 142.6795 963.3884 255.3682 1.8293 0.5241 1.7028 5.5868 1.3392 12.5987 -7.6621 0.0958
Pedestrian -1 -1 -8.0050 748.9443 169.2962 764.4890 205.6637 1.7119 0.6582 0.4659 6.9126 1.5441 34.2114 -7.8078 0.0940
Cyclist -1 -1 -7.8642 992.4564 178.1798 1004.4431 213.1541 1.7024 0.5038 1.6760 19.4647 1.9760 36.2430 -7.3753 0.0935
Pedestrian -1 -1 -5.9038 1042.0594 177.8657 1061.4569 220.0983 1.8089 0.6995 0.4994 19.1894 2.0297 31.4125 -5.3602 0.0824
Pedestrian -1 -1 -8.7221 764.3083 165.4982 778.9061 203.3244 1.7584 0.5144 0.4411 7.5451 1.4162 33.8732 -8.5052 0.0821
Pedestrian -1 -1 -7.9464 707.6469 170.8263 719.9196 201.3657 1.7265 0.6296 0.6933 5.8791 1.6116 41.1525 -7.8060 0.0786
Cyclist -1 -1 -7.6083 167.9597 187.4973 182.6226 218.3319 1.5692 0.3328 1.3918 -22.9930 2.3568 38.1118 -8.1483 0.0723
Cyclist -1 -1 -8.2492 668.3353 167.4275 687.8833 197.6295 1.8025 0.5325 1.7958 4.1075 1.4784 43.9994 -8.1572 0.0716
Cyclist -1 -1 -8.3525 1041.0427 160.5163 1128.0360 264.2260 1.5938 0.4732 1.5924 7.7215 1.4039 11.8982 -7.7886 0.0701
Pedestrian -1 -1 -5.3669 1104.5623 133.3741 1181.4360 250.3598 1.8667 0.6339 0.8477 8.7488 1.2364 11.9476 -4.7469 0.0695
Cyclist -1 -1 -3.4339 780.1619 166.5811 818.2318 204.7893 1.7358 0.5746 1.5904 8.6300 1.4505 33.0978 -3.1814 0.0694
Pedestrian -1 -1 -5.8177 712.6498 168.9951 729.7874 200.8265 1.7079 0.6058 0.7253 6.0001 1.5006 39.1711 -5.6672 0.0672
Cyclist -1 -1 -8.0018 1089.6477 146.5466 1142.5085 256.1564 1.7222 0.4695 1.6280 8.4521 1.3085 12.1722 -7.4065 0.0671
Pedestrian -1 -1 -6.1365 773.5502 166.4337 789.8854 209.7430 1.7525 0.6169 0.5700 6.9997 1.4924 29.5885 -5.9070 0.0666
Cyclist -1 -1 -5.3782 1094.2538 143.9946 1209.2732 261.8973 1.6806 0.4835 1.6459 8.2271 1.2689 11.1171 -4.7540 0.0653
Cyclist -1 -1 -8.5593 723.2758 170.8797 748.3301 201.5341 1.6689 0.4170 1.6202 6.9412 1.5611 40.0859 -8.3895 0.0610
Pedestrian -1 -1 -6.7154 729.4027 167.5474 743.9375 201.0458 1.8341 0.5786 0.6031 6.9585 1.5433 39.8639 -6.5443 0.0609
Pedestrian -1 -1 -5.2616 575.1412 168.6208 602.5033 220.3058 1.7165 0.6015 0.7912 -0.7682 1.5756 24.4582 -5.2934 0.0596
Cyclist -1 -1 -8.0031 1060.2872 153.2980 1107.5060 255.5204 1.6637 0.4215 1.6574 8.1844 1.3451 12.5863 -7.4376 0.0590
Cyclist -1 -1 -7.7981 996.8156 176.6674 1010.9760 212.3055 1.7425 0.5425 1.6446 19.7828 1.9385 36.3013 -7.3031 0.0589
Cyclist -1 -1 -8.5336 722.8098 171.6769 745.4175 201.0307 1.6146 0.3332 1.5697 6.9117 1.5496 40.4541 -8.3660 0.0555
Cyclist -1 -1 -2.9786 784.8004 168.2126 832.6535 210.6362 1.6848 0.5822 1.8037 8.0202 1.5002 29.2934 -2.7145 0.0554
Cyclist -1 -1 -7.9216 774.3580 166.9308 791.0192 212.7609 1.7164 0.5051 1.6807 6.6206 1.4943 27.8931 -7.6915 0.0552
Cyclist -1 -1 -3.5744 885.1524 151.3519 1011.3363 257.1537 1.7474 0.6748 1.8297 5.6651 1.3919 12.2627 -3.1513 0.0526
Cyclist -1 -1 -2.9525 733.9542 163.9712 782.2892 209.2124 1.7989 0.5903 1.8463 5.9705 1.4454 29.3118 -2.7541 0.0500
Car -1 -1 -4.0829 9.7682 190.7917 116.1411 229.2872 1.4456 1.4834 4.1512 -23.4864 2.2709 31.1237 -4.7254 0.9180
Car -1 -1 -4.0869 96.3177 188.0605 181.1595 221.5327 1.4976 1.4909 4.0022 -23.5489 2.3025 36.1703 -4.6609 0.8565
Car -1 -1 -3.9493 0.0000 192.3275 31.4107 239.0605 1.4541 1.6457 4.0413 -23.5509 2.2164 26.2075 -4.6764 0.4441
Car -1 -1 -7.8256 583.4692 174.3390 633.5430 219.7545 1.5218 1.6889 3.8317 -0.0489 1.5795 26.2417 -7.8281 0.1852
Car -1 -1 -8.3809 1004.6286 178.5224 1102.7875 218.4628 1.6645 1.7773 4.4852 20.0771 1.9409 32.9663 -7.8384 0.1810
Car -1 -1 -8.5678 1106.9899 182.2059 1241.0000 237.3474 1.6841 1.8957 4.8557 20.1179 2.0444 25.3470 -7.9032 0.1338
Car -1 -1 -6.6124 984.1984 178.7740 1092.2272 210.7375 1.5186 1.7060 4.3140 21.2372 1.8241 36.0118 -6.0836 0.1033
Car -1 -1 -4.6574 210.0777 184.5863 246.8335 213.6991 1.5209 1.6470 4.0236 -21.9878 2.2326 41.6163 -5.1411 0.1017
Car -1 -1 -4.7810 725.5107 170.1035 745.5338 186.4968 1.5345 1.6188 4.0859 12.0682 1.2767 69.6530 -4.6104 0.0969
Car -1 -1 -8.0604 501.1017 172.2885 528.3989 190.1183 1.4890 1.5827 3.8288 -8.2809 1.4415 62.3262 -8.1922 0.0914
Car -1 -1 -4.6504 688.8937 171.8844 708.0402 187.5379 1.4685 1.5975 4.0233 8.5643 1.3772 69.8117 -4.5291 0.0856
Car -1 -1 -8.2673 902.2809 168.5517 1087.8844 257.6770 1.4232 1.5655 3.8510 6.8903 1.3542 13.4843 -7.8042 0.0643
Car -1 -1 -4.5309 83.0511 186.9044 151.0514 225.3279 1.4539 1.6710 4.2792 -21.3021 2.1073 31.2754 -5.1251 0.0519
Car -1 -1 -7.8106 669.8842 169.8996 696.8151 195.6782 1.5734 1.5541 3.7169 4.6734 1.3928 45.9904 -7.7104 0.0515
