Pedestrian -1 -1 -6.0788 674.3780 170.3158 688.0620 195.2346 1.8607 0.4984 0.9430 5.3272 1.6709 54.2554 -5.9819 0.3008
Cyclist -1 -1 -8.1033 1211.9543 163.2298 1241.0000 234.2372 1.5933 0.3683 1.6150 14.6148 1.3770 16.9970 -7.4020 0.2305
Pedestrian -1 -1 -3.3171 911.9476 159.3650 952.7627 225.7048 1.8223 0.6634 0.9400 8.9859 1.4514 20.2522 -2.9054 0.2301
Pedestrian -1 -1 -5.6197 508.6020 164.8849 549.7844 237.7073 1.8116 0.5209 0.9179 -2.1134 1.6131 18.4116 -5.7332 0.1834
Cyclist -1 -1 -7.5477 597.0799 175.9027 615.4694 211.8302 1.5822 0.3841 1.5603 -0.2023 1.7235 32.7141 -7.5544 0.1579
Car -1 -1 -7.9136 693.6201 173.4120 714.1313 194.8728 1.9547 1.6733 3.9140 8.7763 2.0084 67.8343 -7.7859 0.1300
Pedestrian -1 -1 -8.1840 850.8471 179.0412 874.2067 225.5352 1.4375 0.5782 0.4363 7.8523 1.6327 22.5846 -7.8541 0.1284
Pedestrian -1 -1 -6.2737 578.7098 163.1519 593.5851 208.2637 1.9335 0.5444 0.6374 -1.0726 1.5174 31.2053 -6.3083 0.1259
Pedestrian -1 -1 -3.9443 575.6484 171.3992 597.0192 213.7260 1.7073 0.6126 0.6246 -1.0127 1.6484 29.5417 -3.9788 0.1175
Car -1 -1 -4.9189 730.7594 175.2760 805.7134 224.4612 1.5120 1.6414 4.0771 5.2024 1.6005 24.4208 -4.7121 0.1136
Pedestrian -1 -1 -5.9570 659.5359 175.9556 667.6528 196.8758 1.8029 0.5411 0.5595 4.6302 2.0735 62.6473 -5.8840 0.1111
Pedestrian -1 -1 -5.6469 66.6091 100.1873 292.6440 374.0000 1.8981 0.5692 0.7941 -2.1871 1.5659 3.6276 -6.1592 0.1055
Pedestrian -1 -1 -3.8537 1042.4440 130.5112 1189.8785 330.8188 1.9495 0.6370 1.0956 5.1137 1.5371 7.4077 -3.2687 0.1033
Pedestrian -1 -1 -3.8664 601.5653 170.2013 615.9608 197.6399 1.8800 0.6129 0.7880 -0.1169 1.6980 49.9294 -3.8692 0.0991
Pedestrian -1 -1 -5.2269 721.5767 177.6681 736.8602 211.0284 1.4494 0.4927 0.4751 5.2012 1.6630 31.7463 -5.0665 0.0967
Pedestrian -1 -1 -3.3910 1215.1421 132.0298 1241.0000 203.9921 1.9780 0.5616 0.4935 17.2881 0.8556 20.1935 -2.6902 0.0907
Pedestrian -1 -1 -7.0666 753.6232 171.3821 764.9619 197.0694 1.6692 0.4919 0.5361 9.7405 1.5733 47.2397 -6.8649 0.0873
Cyclist -1 -1 -4.5233 556.7677 169.5380 593.5314 250.4120 1.6819 0.5123 1.6378 -0.7984 1.6126 15.8516 -4.5738 0.0731
Car -1 -1 -7.9128 579.3779 176.2899 614.0106 206.6764 1.4654 1.5575 3.6443 -0.7658 1.6507 37.0996 -7.9338 0.0730
Car -1 -1 -4.2855 159.3204 195.4455 398.7108 333.5533 1.3261 1.4314 3.3799 -3.9975 1.6672 9.1953 -4.6859 0.0727
Pedestrian -1 -1 -4.4224 614.7036 166.5735 630.6435 205.6468 1.8690 0.5762 0.7749 0.5765 1.5683 34.9701 -4.4066 0.0690
Car -1 -1 -2.6645 714.0923 173.3186 787.8735 200.0054 1.5773 1.6795 4.1753 8.6598 1.6070 44.6639 -2.4747 0.0661
Pedestrian -1 -1 -3.5111 890.4671 167.6151 1005.7136 374.0000 1.6654 0.6176 0.6952 2.7710 1.6232 6.0934 -3.1036 0.0659
Pedestrian -1 -1 -5.4915 494.1086 163.9848 535.4661 243.2157 1.8264 0.6091 0.7666 -2.3091 1.6217 17.1081 -5.6244 0.0640
Pedestrian -1 -1 -5.3217 769.0155 166.5520 783.4537 194.9719 1.8198 0.5839 0.7515 10.7137 1.4159 46.6591 -5.0977 0.0615
Pedestrian -1 -1 -5.6089 532.0385 167.1348 561.2039 222.9814 1.7558 0.5916 0.7196 -2.0788 1.5757 23.1302 -5.6982 0.0595
Pedestrian -1 -1 -5.2025 454.8690 164.2506 496.7382 246.9517 1.7907 0.6230 0.7852 -3.0544 1.6041 16.1241 -5.3875 0.0589
Car -1 -1 -7.5958 683.7803 174.2745 720.8317 197.1675 1.5426 1.6349 4.0145 6.5405 1.6471 51.0560 -7.4695 0.0575
Pedestrian -1 -1 -3.5876 802.2749 165.7400 819.7585 204.5952 1.8907 0.6508 0.6052 9.8418 1.5442 35.4836 -3.3196 0.0563
Pedestrian -1 -1 -5.7022 1171.4727 138.4845 1241.0000 256.5367 1.9198 0.6185 0.8666 10.1454 1.3606 12.2411 -5.0223 0.0557
Pedestrian -1 -1 -3.9015 546.7382 166.3123 576.0585 218.3063 1.7767 0.5954 0.8424 -1.7398 1.5529 25.1677 -3.9704 0.0540
Car -1 -1 -8.1201 698.5845 171.2579 729.0155 191.5454 1.6930 1.6122 3.9347 8.8941 1.5595 62.2640 -7.9792 0.0530
Pedestrian -1 -1 -4.9641 625.6384 170.2034 640.2859 204.4926 1.8323 0.6069 0.8123 1.2001 1.6903 39.0192 -4.9342 0.0522
Pedestrian -1 -1 -4.9244 768.6521 200.7261 788.0526 254.5071 1.1006 0.3220 0.3759 3.4796 1.6928 15.1510 -4.7039 0.0519
Car -1 -1 -4.5848 539.7804 171.5708 564.1304 191.0039 1.6311 1.6106 4.0105 -5.0270 1.5231 62.6044 -4.6649 0.0510
Cyclist -1 -1 -4.9948 808.9042 165.8484 883.0576 280.4770 1.6921 0.6388 1.7502 3.6711 1.5884 11.5317 -4.6949 0.6285
Cyclist -1 -1 -7.8473 745.9043 169.2758 780.3523 267.8177 1.7245 0.5925 1.8615 2.8275 1.6616 13.5991 -7.6477 0.6090
Cyclist -1 -1 -8.4827 906.7523 167.5316 963.4678 227.7554 1.6317 0.5421 1.7284 9.1344 1.4872 20.4514 -8.0685 0.3514
Pedestrian -1 -1 -5.1189 932.6805 159.2424 988.7856 261.1486 1.8150 0.6666 0.7785 6.3713 1.5722 13.2504 -4.6801 0.3437
Pedestrian -1 -1 -6.3835 773.6981 172.1148 791.4302 203.0309 1.6907 0.6455 0.8898 9.4852 1.6500 39.8377 -6.1519 0.3404
Cyclist -1 -1 -9.0497 1099.6536 163.8075 1241.0000 285.0852 1.6926 0.5714 1.7487 8.4908 1.5660 10.9646 -8.4043 0.3175
Pedestrian -1 -1 -8.0554 620.7007 169.5479 638.6604 210.2891 1.7446 0.6381 0.7622 0.8075 1.6027 31.3283 -8.0305 0.3114
Pedestrian -1 -1 -3.5844 1051.7667 166.0597 1104.4062 246.4610 1.7105 0.6322 0.7607 10.1258 1.5656 15.7098 -3.0210 0.3018
Pedestrian -1 -1 -3.1984 914.6165 159.7162 950.4812 225.9099 1.8161 0.6404 0.8785 8.9908 1.4553 20.2489 -2.7865 0.2827
Pedestrian -1 -1 -3.7809 804.3521 147.3249 900.2928 302.1399 1.8995 0.6274 0.9981 3.0621 1.5860 9.3124 -3.4738 0.2528
Pedestrian -1 -1 -4.9954 742.4969 166.6392 758.2311 202.5794 1.9273 0.6264 0.8379 7.5716 1.5938 39.1399 -4.8062 0.1990
Pedestrian -1 -1 -4.2300 606.0378 167.5402 626.9021 209.9556 1.8447 0.6277 0.7903 0.2460 1.6133 31.8761 -4.2229 0.1877
Pedestrian -1 -1 -5.8256 330.4321 171.5621 407.5962 297.9564 1.7031 0.5956 0.8457 -3.4085 1.6854 10.0757 -6.1448 0.1824
Pedestrian -1 -1 -3.3352 1072.6635 136.6632 1202.8265 340.0436 1.9446 0.6109 0.9618 5.2907 1.5983 7.3705 -2.7323 0.1678
Cyclist -1 -1 -8.9572 1002.6011 160.1448 1102.7965 244.2116 1.7271 0.6163 1.7712 9.5618 1.4657 15.7360 -8.4200 0.1678
Cyclist -1 -1 -3.9935 737.3455 167.9054 767.6000 202.0236 1.8074 0.5644 1.7956 7.6688 1.5450 38.9971 -3.8012 0.1595
Cyclist -1 -1 -8.8782 1015.3508 163.7261 1113.6860 245.2788 1.6826 0.5204 1.8090 9.8600 1.4940 15.8100 -8.3294 0.1587
Cyclist -1 -1 -7.7938 723.1766 170.4610 734.4581 208.8077 1.6769 0.4079 1.6365 5.2983 1.5720 32.3966 -7.6336 0.1552
Cyclist -1 -1 -5.5362 927.0030 170.7146 1053.9165 298.4628 1.6603 0.5328 1.6575 5.2874 1.6322 10.2472 -5.0724 0.1445
Cyclist -1 -1 -8.3066 1078.5604 170.4402 1152.6285 268.3143 1.6266 0.4242 1.5388 8.8626 1.5862 12.7835 -7.7117 0.1385
Pedestrian -1 -1 -7.6291 179.7633 157.7261 260.7277 337.3221 1.7425 0.5677 0.7900 -4.0592 1.5954 7.4552 -8.1135 0.1376
Pedestrian -1 -1 -3.5332 581.1274 167.7745 602.9262 211.9493 1.8383 0.6373 0.7316 -0.8046 1.6267 30.4667 -3.5599 0.1350
Cyclist -1 -1 -3.4019 945.5130 162.5182 1113.4657 293.0733 1.7026 0.7716 1.8727 5.6936 1.5675 10.0097 -2.8981 0.1244
Pedestrian -1 -1 -6.1399 425.1548 161.8123 503.6314 320.6537 1.7709 0.6177 0.8133 -1.7292 1.6475 8.3754 -6.3387 0.1238
Cyclist -1 -1 -7.3611 327.4434 169.2107 416.5848 302.1357 1.7364 0.4658 1.6699 -3.4013 1.6886 10.2889 -7.6737 0.1223
Pedestrian -1 -1 -4.8334 885.0071 156.0025 946.7102 308.1297 1.7863 0.5927 0.8365 3.7178 1.5881 8.9528 -4.4525 0.1217
Pedestrian -1 -1 -3.5177 907.4875 172.9689 935.3557 225.4713 1.5052 0.4725 0.6094 8.9797 1.5083 20.9306 -3.1180 0.1174
Cyclist -1 -1 -7.0089 725.1357 166.1994 763.8146 207.8532 1.7985 0.6772 1.6473 5.9009 1.5109 31.8710 -6.8280 0.1127
Cyclist -1 -1 -7.3641 723.2096 169.6134 749.8199 209.5545 1.7410 0.4872 1.5832 5.6166 1.5994 32.2250 -7.1936 0.1122
Pedestrian -1 -1 -6.0978 256.6826 162.3844 354.3030 326.6655 1.7604 0.5463 0.9217 -3.4485 1.6479 8.0938 -6.4897 0.1061
Pedestrian -1 -1 -5.6492 1001.5261 156.9144 1083.3317 292.8044 1.7935 0.6004 0.7656 5.9207 1.5828 9.9944 -5.1280 0.1006
Cyclist -1 -1 -4.1438 273.3462 171.4050 387.3908 312.1644 1.6675 0.5425 1.7184 -3.6546 1.6501 9.4446 -4.5045 0.0997
Cyclist -1 -1 -4.9328 847.4496 170.9586 873.6962 225.5412 1.6763 0.4771 1.4238 7.8885 1.6178 22.8924 -4.6055 0.0982
Cyclist -1 -1 -8.0171 713.6646 170.6784 731.2319 209.4534 1.6933 0.5116 1.6418 4.9866 1.5980 32.3334 -7.8660 0.0954
Cyclist -1 -1 -8.1997 1096.9229 163.0895 1159.1731 263.6526 1.6778 0.3860 1.5170 9.1171 1.5146 12.8210 -7.5929 0.0947
Cyclist -1 -1 -7.4833 706.3818 172.7517 724.8998 203.9214 1.7261 0.4997 1.5818 5.9388 1.7201 40.7675 -7.3401 0.0936
Pedestrian -1 -1 -5.7259 699.2656 173.1667 716.5921 204.3554 1.7192 0.5942 0.7586 5.4254 1.7365 40.2524 -5.5934 0.0924
Pedestrian -1 -1 -8.0687 961.3113 163.6088 1006.1071 262.1503 1.7562 0.6269 0.5121 6.7647 1.5911 13.1849 -7.6044 0.0920
Pedestrian -1 -1 -8.0250 788.2585 171.0430 805.3077 205.0265 1.7007 0.6990 0.8483 9.4190 1.6098 36.5597 -7.7753 0.0865
Pedestrian -1 -1 -8.1790 759.2360 165.5693 774.7255 201.0863 1.9056 0.6676 0.5791 8.4522 1.5144 39.0376 -7.9678 0.0865
Cyclist -1 -1 -3.8364 1067.8265 172.3403 1180.1910 267.0548 1.6109 0.5466 1.6406 8.9197 1.6019 12.6190 -3.2327 0.0862
Pedestrian -1 -1 -6.4103 947.9634 179.4853 996.7954 291.7982 1.5386 0.6329 0.5378 5.1116 1.6366 10.3150 -5.9624 0.0833
Pedestrian -1 -1 -4.6821 857.1395 151.7632 911.4765 306.8854 1.8243 0.6051 0.8954 3.3717 1.5760 9.0131 -4.3359 0.0823
Cyclist -1 -1 -8.8717 996.8566 164.1306 1088.9775 247.2785 1.6955 0.4562 1.7138 9.2520 1.5174 15.5769 -8.3446 0.0809
Cyclist -1 -1 -3.1616 899.9018 167.1626 968.2318 226.0085 1.6165 0.7022 1.7415 9.1211 1.4599 20.4791 -2.7485 0.0785
Cyclist -1 -1 -8.5092 1064.7761 173.8208 1157.8378 271.8672 1.5985 0.4197 1.6140 8.6476 1.6161 12.5985 -7.9191 0.0764
Cyclist -1 -1 -6.1878 704.7964 171.3258 742.3890 210.9692 1.7221 0.6453 1.5867 4.9747 1.6554 31.8508 -6.0349 0.0763
Cyclist -1 -1 -4.7226 250.9885 167.3574 283.0904 258.5366 1.7087 0.5483 1.7088 -6.9071 1.6054 14.4105 -5.1628 0.0682
Pedestrian -1 -1 -2.2447 104.8087 123.3727 302.0836 374.0000 1.8274 0.5669 0.7408 -2.1743 1.5957 3.7806 -2.7383 0.0652
Cyclist -1 -1 -4.5530 305.0835 176.1412 345.3613 264.2137 1.6252 0.4797 1.6385 -5.6459 1.6936 14.2295 -4.9249 0.0649
Cyclist -1 -1 -4.0551 251.7968 172.3854 376.1790 307.9930 1.6504 0.5733 1.7779 -3.9750 1.6444 9.7152 -4.4347 0.0639
Cyclist -1 -1 -7.1168 713.5109 169.5757 745.5818 206.4887 1.8182 0.6540 1.6520 5.9819 1.6565 36.3115 -6.9553 0.0635
Pedestrian -1 -1 -4.8249 817.8156 168.4939 865.8091 274.7574 1.6572 0.6752 0.4910 3.6475 1.5890 11.5562 -4.5274 0.0615
Pedestrian -1 -1 -4.0618 1075.7209 182.7969 1122.3573 264.3266 1.4070 0.4366 0.5636 8.6340 1.5875 12.8243 -3.4805 0.0582
Pedestrian -1 -1 -6.0175 0.0000 154.2765 101.4113 374.0000 1.7173 0.5027 0.5828 -3.7050 1.6078 4.5812 -6.6699 0.0579
Pedestrian -1 -1 -8.1679 599.5663 168.9623 617.0233 207.6702 1.8272 0.6664 0.6451 -0.1250 1.6432 34.4699 -8.1720 0.0573
Pedestrian -1 -1 -4.4957 1038.8491 157.3288 1076.4105 240.7141 1.8264 0.5600 0.8469 10.0653 1.4861 16.3037 -3.9511 0.0572
Cyclist -1 -1 -7.7410 855.6050 170.3334 877.2729 223.4082 1.6461 0.4965 1.5250 8.1967 1.5677 23.1734 -7.4056 0.0571
Pedestrian -1 -1 -6.1715 147.0224 164.7695 260.5403 337.5127 1.7264 0.4966 0.9927 -4.3197 1.6453 7.6291 -6.6725 0.0570
Pedestrian -1 -1 -2.9634 207.1430 160.7875 330.3065 374.0000 1.6375 0.4225 0.6252 -2.1636 1.5667 4.4996 -3.3904 0.0566
Cyclist -1 -1 -8.3116 698.1455 172.2538 721.0602 205.9600 1.6656 0.4778 1.6187 4.9876 1.6357 36.4991 -8.1774 0.0552
Cyclist -1 -1 -4.6083 293.1235 176.2506 328.5327 261.0639 1.5622 0.4724 1.6217 -5.9216 1.6327 14.2025 -4.9972 0.0545
Cyclist -1 -1 -3.4872 784.4363 164.3452 905.5566 278.8528 1.7678 0.6812 1.7076 3.6710 1.6361 11.5184 -3.1871 0.0539
Pedestrian -1 -1 -5.4089 226.4060 169.0565 322.4825 331.3467 1.6686 0.5331 0.8414 -3.6997 1.6293 7.8405 -5.8376 0.0530
Pedestrian -1 -1 -8.3795 781.3826 173.9962 801.0176 205.5704 1.5942 0.6725 0.7804 9.2316 1.6531 36.9330 -8.1369 0.0530
Cyclist -1 -1 -8.3508 766.6441 172.7526 788.5932 203.6606 1.6777 0.4741 1.6026 9.2438 1.6719 40.0001 -8.1257 0.0525
Pedestrian -1 -1 -6.1197 255.3293 170.1126 332.3777 319.3261 1.6493 0.5490 0.7325 -3.6878 1.6187 8.3296 -6.5256 0.0524
Pedestrian -1 -1 -8.8863 1016.4714 162.8487 1061.3397 245.2162 1.7520 0.6558 0.5933 9.3164 1.5389 15.7663 -8.3613 0.0517
Cyclist -1 -1 -8.2086 772.0631 174.0676 789.2161 202.9922 1.5752 0.3710 1.6613 9.4630 1.6440 40.2127 -7.9796 0.0511
Pedestrian -1 -1 -7.3950 970.4777 162.3057 1041.4418 291.2269 1.7497 0.6242 0.7503 5.5761 1.6063 10.2657 -6.9103 0.0503
Pedestrian -1 -1 -7.9755 143.0902 175.3748 215.0567 355.3662 1.6619 0.5242 0.8207 -4.3430 1.6883 7.1611 -8.5049 0.0501
Car -1 -1 -7.5299 725.7988 173.9512 786.7319 209.7623 1.5203 1.6381 3.6590 6.6461 1.5729 32.7485 -7.3320 0.3798
Car -1 -1 -3.4995 0.0000 189.6524 267.7396 370.0074 1.3925 1.5722 3.9605 -6.1964 1.6283 8.0506 -4.1398 0.2592
Car -1 -1 -2.7180 724.2488 175.2047 789.7774 201.4197 1.5393 1.5809 3.6175 8.9860 1.6890 44.3667 -2.5199 0.1138
Car -1 -1 -4.9560 204.2038 183.4944 328.3591 263.7510 1.3849 1.4875 3.5131 -7.1624 1.6293 14.7642 -5.4011 0.0940
Car -1 -1 -8.2962 660.3568 175.1630 715.1085 203.6427 1.5490 1.5848 3.9812 4.3978 1.6891 41.7310 -8.1924 0.0836
Car -1 -1 -7.8236 946.6235 176.1788 1044.1029 262.5818 1.4745 1.5292 3.5356 7.6369 1.5492 14.3766 -7.3444 0.0595
