Cyclist -1 -1 -4.3987 607.3401 164.3095 633.0146 207.3111 1.9147 0.6616 1.8086 0.8590 1.1496 32.9479 -4.3779 0.6676
Pedestrian -1 -1 -4.4033 446.7064 165.6243 486.0288 243.4420 1.8064 0.6601 0.9898 -3.2596 1.4384 17.2051 -4.5932 0.6106
Cyclist -1 -1 -8.0148 806.2508 167.0777 828.9838 224.6847 1.6395 0.3881 1.5168 6.3430 1.2296 21.2207 -7.7329 0.2075
Pedestrian -1 -1 -6.9940 184.3640 174.6013 218.8746 233.2806 1.7948 0.5961 0.7294 -12.5004 1.5843 22.4168 -7.5029 0.1984
Pedestrian -1 -1 -6.0137 43.7855 165.9266 73.0988 232.7043 1.7468 0.5930 0.4838 -14.5062 1.3399 19.1553 -6.6604 0.1726
Pedestrian -1 -1 -3.7699 313.6776 162.3866 327.8882 198.4602 1.8845 0.5774 0.4424 -14.8013 0.8862 37.8675 -4.1451 0.1514
Cyclist -1 -1 -4.0252 410.6810 170.9218 454.9646 225.5234 1.7325 0.5751 1.5396 -5.5521 1.3973 23.6102 -4.2590 0.1493
Pedestrian -1 -1 -7.7250 469.2697 164.2808 484.5791 203.1566 1.8985 0.6486 0.8285 -6.1606 1.0579 35.5095 -7.9006 0.1203
Pedestrian -1 -1 -4.9712 416.5648 184.8876 440.5153 238.4987 1.3936 0.5044 0.5018 -4.6225 1.4855 19.0561 -5.2114 0.1146
Pedestrian -1 -1 -3.8582 974.7683 145.1475 1036.5115 274.7163 1.8961 0.6459 0.5141 6.0672 1.3648 10.8840 -3.3652 0.1089
Pedestrian -1 -1 -5.2872 103.7981 174.4040 120.0065 203.1210 1.8584 0.5773 0.7163 -31.9483 1.3993 46.8920 -5.8876 0.1088
Pedestrian -1 -1 -6.1322 550.8123 170.3495 558.9398 192.6146 1.8130 0.6979 0.5696 -3.7897 0.9049 58.8639 -6.2011 0.1047
Pedestrian -1 -1 -4.7710 259.0183 184.1747 286.6929 255.6466 1.5115 0.5125 0.5731 -7.1741 1.5715 15.5925 -5.2014 0.1008
Pedestrian -1 -1 -4.5472 336.8649 198.0748 368.1591 279.5684 1.2433 0.3897 0.5160 -3.9767 1.5127 11.3629 -4.8824 0.0902
Cyclist -1 -1 -6.9202 0.0000 176.8618 94.4846 263.6526 1.6724 0.4046 1.6433 -11.3437 1.5836 14.6871 -7.5746 0.0889
Car -1 -1 -4.4284 302.2227 184.7725 423.9532 259.5520 1.4672 1.5940 3.7698 -5.2414 1.5500 16.1682 -4.7427 0.0886
Pedestrian -1 -1 -5.1266 1026.1976 145.7783 1095.3909 275.4777 1.8434 0.6136 0.7197 6.7174 1.3363 10.6072 -4.5785 0.0868
Pedestrian -1 -1 -3.8521 208.9743 193.5692 244.7734 257.5270 1.2812 0.4327 0.4918 -7.7614 1.5359 14.8145 -4.3329 0.0836
Cyclist -1 -1 -8.2128 867.2504 160.4151 919.9322 244.0136 1.6677 0.4751 1.5973 6.0847 1.2476 15.1311 -7.8417 0.0819
Pedestrian -1 -1 -5.4822 254.6335 171.2980 265.0628 202.7968 1.7890 0.4537 0.3065 -19.5287 1.2097 41.0656 -5.9286 0.0815
Pedestrian -1 -1 -6.5287 278.0872 169.0736 285.2768 204.5652 1.8079 0.4542 0.2322 -16.4083 1.1751 36.8419 -6.9500 0.0802
Cyclist -1 -1 -4.2191 95.3581 176.5821 139.5202 230.5968 1.6632 0.5093 1.5224 -15.4352 1.5122 22.9017 -4.8120 0.0783
Pedestrian -1 -1 -5.6711 100.2611 177.8322 114.3417 201.4329 1.7618 0.6484 0.6109 -37.0922 1.4879 53.9507 -6.2761 0.0747
Car -1 -1 -8.2395 694.4800 161.8305 737.9490 189.8354 1.8731 1.6313 3.8812 7.9686 0.5575 50.1234 -8.0875 0.0678
Car -1 -1 -8.6682 1203.1803 119.8205 1237.0000 293.4903 1.5637 1.5982 3.6405 9.2180 1.0091 8.2908 -7.8507 0.0672
Pedestrian -1 -1 -4.9192 816.9958 151.8890 848.5790 221.6472 1.8738 0.6676 0.7980 6.3099 1.0789 19.7243 -4.6186 0.0657
Car -1 -1 -4.5074 215.3563 176.3610 244.8263 193.3531 1.5018 1.5969 4.1529 -33.8866 1.0474 65.7040 -4.9868 0.0651
Car -1 -1 -8.2086 616.5368 171.1494 647.7814 188.5593 1.6473 1.7092 4.1067 3.0055 0.6676 70.1856 -8.1709 0.0651
Pedestrian -1 -1 -5.4894 374.7697 174.5836 386.4611 212.7874 1.7545 0.4804 0.2508 -10.2368 1.4371 33.2606 -5.7909 0.0635
Cyclist -1 -1 -7.2884 215.4437 182.5714 276.7588 255.0722 1.5814 0.5303 1.5191 -8.1566 1.6077 16.4751 -7.7472 0.0623
Pedestrian -1 -1 -7.5109 403.1613 162.0664 422.4897 205.9493 1.9904 0.7257 0.5158 -8.6411 1.1092 32.8682 -7.7711 0.0613
Pedestrian -1 -1 -4.8944 1126.6886 133.4657 1213.4434 315.5230 1.8502 0.5857 0.7807 6.0790 1.3627 7.7800 -4.2528 0.0569
Pedestrian -1 -1 -3.7978 375.4341 165.9736 393.9095 203.7482 1.9092 0.6660 0.6291 -11.0990 1.1247 36.7558 -4.0941 0.0551
Pedestrian -1 -1 -6.8168 278.9528 167.3224 294.3336 205.9361 1.8183 0.5774 0.4365 -14.9871 1.1510 34.1721 -7.2323 0.0543
Pedestrian -1 -1 -7.1687 684.1754 171.0532 696.8177 195.9771 1.8126 0.6468 0.6641 6.5491 1.0528 52.7035 -7.0507 0.0534
Pedestrian -1 -1 -8.1144 221.7495 177.7815 233.1354 211.5023 1.7561 0.4653 0.3101 -19.6253 1.5627 37.6818 -8.5968 0.0533
Car -1 -1 -4.7339 560.1041 166.4189 580.3746 185.5740 1.6508 1.6935 3.9937 -2.7736 0.3509 63.9561 -4.7819 0.0504
Pedestrian -1 -1 -4.6127 674.8329 162.7557 700.5376 235.7373 1.7841 0.5662 0.8584 2.1367 1.3264 18.0390 -4.5018 0.7944
Pedestrian -1 -1 -8.1541 649.4696 165.1791 681.0338 237.0036 1.7314 0.5482 0.8390 1.5363 1.3385 17.7856 -8.0745 0.7613
Pedestrian -1 -1 -5.1925 713.1779 164.0453 735.3159 206.7771 1.7694 0.6019 0.8235 5.1458 1.0470 30.2299 -5.0304 0.5281
Pedestrian -1 -1 -7.6185 242.9057 171.1890 265.8267 218.5607 1.7200 0.6109 0.7262 -12.8214 1.3460 26.5023 -8.0703 0.4739
Cyclist -1 -1 -5.1269 556.3134 169.3244 580.6132 203.3094 1.7715 0.6374 1.7489 -1.7780 1.1370 38.3684 -5.1779 0.4658
Pedestrian -1 -1 -7.9327 536.6412 168.5774 551.6140 206.2294 1.7390 0.6409 0.6956 -2.6945 1.1424 33.5731 -8.0172 0.3924
Pedestrian -1 -1 -7.7143 276.7043 171.9506 325.8360 284.8621 1.6685 0.6037 0.7165 -4.6437 1.5280 11.0379 -8.1098 0.3476
Pedestrian -1 -1 -8.5252 791.8549 160.0165 912.5789 370.4229 1.6789 0.7025 0.6867 2.0873 1.5082 6.1776 -8.2181 0.3471
Pedestrian -1 -1 -3.9337 723.0021 163.1138 738.0848 204.1449 1.8332 0.5172 0.4291 5.8130 1.0120 32.4295 -3.7627 0.3274
Pedestrian -1 -1 -3.4042 244.2052 164.9082 323.0226 292.7128 1.7435 0.5427 0.9247 -4.6001 1.5178 10.3008 -3.8206 0.3149
Pedestrian -1 -1 -6.4785 705.9594 165.2116 726.0764 202.5270 1.7657 0.6846 0.8286 5.4627 0.9952 34.3498 -6.3270 0.2939
Pedestrian -1 -1 -7.2360 694.5186 167.8966 715.0235 203.0904 1.6959 0.6766 0.7638 5.0428 1.0406 35.1252 -7.0994 0.2552
Pedestrian -1 -1 -5.2623 978.1183 133.4015 1237.0000 373.0000 1.7163 0.7265 0.8908 2.0672 1.5517 2.9221 -4.6938 0.2536
Cyclist -1 -1 -7.8048 758.9338 165.6869 817.7279 337.4205 1.7094 0.5729 1.6640 2.0621 1.5527 8.0293 -7.5671 0.2516
Pedestrian -1 -1 -4.0359 395.1650 168.0542 420.1730 218.3418 1.7936 0.6018 0.6499 -7.0448 1.3144 26.0390 -4.3027 0.2500
Pedestrian -1 -1 -5.4680 299.2312 166.5335 318.9027 217.3313 1.9226 0.5400 0.4458 -11.2231 1.3565 27.5262 -5.8569 0.2193
Pedestrian -1 -1 -6.1631 220.0410 165.2147 253.8830 221.4399 1.9057 0.5913 0.9797 -12.5949 1.3541 24.7929 -6.6340 0.2174
Pedestrian -1 -1 -4.4157 731.9550 158.1472 752.7870 204.8367 1.8714 0.6147 0.8612 5.7360 0.9357 29.3162 -4.2292 0.2076
Pedestrian -1 -1 -4.2688 196.2127 174.4911 231.9692 242.0734 1.7588 0.5657 0.7611 -10.3175 1.5769 19.0888 -4.7639 0.1847
Cyclist -1 -1 -6.0696 355.6756 171.4522 398.4265 213.8965 1.7310 0.6061 1.5950 -9.2756 1.3215 29.6703 -6.3752 0.1732
Cyclist -1 -1 -8.1406 552.6976 171.0391 569.9237 201.1225 1.6719 0.5278 1.6315 -2.2885 1.0907 40.7791 -8.2013 0.1663
Cyclist -1 -1 -7.8782 745.4377 159.8202 791.6302 305.7971 1.7268 0.5109 1.7271 2.1080 1.4710 9.3933 -7.6691 0.1612
Pedestrian -1 -1 -5.0170 946.6289 176.5182 1035.1626 342.0482 1.5515 0.5700 0.7111 3.7897 1.5055 7.1300 -4.5493 0.1596
Pedestrian -1 -1 -2.8918 748.2507 160.6690 806.6555 270.9676 1.7570 0.6661 0.8086 2.8817 1.4258 11.9238 -2.6652 0.1501
Cyclist -1 -1 -7.2106 0.0000 156.5600 164.0693 372.2091 1.7907 0.4835 1.6859 -4.9714 1.5843 6.8134 -7.8289 0.1498
Cyclist -1 -1 -6.9127 688.5992 172.2936 743.3220 219.1232 1.5527 0.6867 1.7884 3.8893 1.2479 24.5338 -6.7622 0.1320
Pedestrian -1 -1 -7.6174 700.9160 167.4332 717.5076 203.3424 1.7147 0.6552 0.6845 5.2032 1.0432 34.7404 -7.4748 0.1314
Car -1 -1 -7.8371 683.0948 170.3086 713.2198 201.7209 1.5270 1.4555 2.3083 4.8694 0.9832 36.1674 -7.7092 0.1314
Pedestrian -1 -1 -4.8748 770.2405 154.0381 791.6871 206.9291 1.8827 0.6340 0.7420 6.4589 0.9056 25.9637 -4.6384 0.1302
Cyclist -1 -1 -7.4295 355.4933 173.4863 411.8144 260.1396 1.7018 0.4810 1.6722 -4.5467 1.5450 14.9676 -7.7251 0.1229
Pedestrian -1 -1 -7.7368 149.3855 158.5769 218.1700 319.8002 1.7771 0.5952 0.8999 -4.9364 1.5251 8.4485 -8.2581 0.1171
Pedestrian -1 -1 -7.9580 826.3682 162.0189 875.3026 265.5735 1.6657 0.6855 0.7485 4.1043 1.3529 11.9927 -7.6404 0.1136
Cyclist -1 -1 -3.9144 496.4615 172.9612 529.6673 210.7786 1.6063 0.5873 1.4353 -3.8529 1.2439 31.2561 -4.0412 0.1127
Pedestrian -1 -1 -8.1795 362.7962 170.5330 382.0740 214.9963 1.7964 0.6139 0.5299 -9.3977 1.3537 29.4179 -8.4912 0.1118
Pedestrian -1 -1 -6.6503 843.9006 189.9389 1002.4130 373.0000 1.5372 0.6391 0.7015 1.9091 1.5942 4.4661 -6.2735 0.1104
Cyclist -1 -1 -7.6320 391.4971 178.4124 428.3490 249.9159 1.6240 0.5037 1.6586 -4.5888 1.5544 17.1541 -7.8951 0.1027
Pedestrian -1 -1 -8.1426 759.1810 163.7878 781.0412 211.4487 1.6803 0.6156 0.5812 5.9909 1.0562 25.6354 -7.9204 0.0996
Pedestrian -1 -1 -4.5533 796.7285 170.7296 847.3597 296.9075 1.5816 0.5587 0.5603 2.8361 1.4473 9.3765 -4.2729 0.0992
Pedestrian -1 -1 -5.5451 754.2402 163.2179 778.1136 209.4955 1.6964 0.6270 0.6019 6.1127 1.0266 26.7587 -5.3276 0.0989
Pedestrian -1 -1 -8.6331 739.3728 158.4560 763.9559 202.3553 1.8594 0.6191 0.8462 6.4527 0.8837 30.9501 -8.4342 0.0911
Cyclist -1 -1 -7.6196 199.2236 175.0319 239.1963 241.5654 1.6689 0.5229 1.8330 -10.1022 1.5071 18.9708 -8.1085 0.0910
Cyclist -1 -1 -7.8374 753.6622 164.4329 807.2729 320.0256 1.6947 0.5714 1.7734 2.1267 1.5095 8.7532 -7.6117 0.0880
Cyclist -1 -1 -2.9876 754.3438 139.3695 979.8427 373.0000 1.8344 0.7122 1.6644 2.1258 1.5285 5.9290 -2.6633 0.0879
Cyclist -1 -1 -7.7019 189.8600 181.8900 218.3007 247.2859 1.6162 0.3960 1.6917 -10.3203 1.6273 18.6249 -8.2073 0.0862
Cyclist -1 -1 -8.0520 884.2185 157.6847 1055.1406 373.0000 1.7043 0.5225 1.6100 2.0610 1.5897 4.3244 -7.6365 0.0853
Pedestrian -1 -1 -4.9865 849.2861 157.6542 954.4787 373.0000 1.6854 0.6020 0.7533 2.4022 1.5023 5.9411 -4.6233 0.0809
Pedestrian -1 -1 -6.0581 1047.6958 186.1371 1237.0000 373.0000 1.6141 0.7071 0.6388 2.4090 1.6387 3.2085 -5.4585 0.0806
Pedestrian -1 -1 -7.0411 725.8033 163.3043 748.1461 205.6532 1.7524 0.6516 0.6526 5.6743 0.9998 30.1762 -6.8619 0.0778
Cyclist -1 -1 -7.6650 302.9893 164.9174 352.6255 271.7826 1.7467 0.4974 1.7559 -4.8303 1.4763 12.6487 -8.0285 0.0755
Cyclist -1 -1 -8.2334 528.2552 172.9187 546.6039 203.3614 1.6269 0.4431 1.5595 -3.5039 1.1685 39.1839 -8.3270 0.0733
Pedestrian -1 -1 -4.4355 431.0574 167.6129 452.0543 211.9470 1.7860 0.6654 0.7295 -6.5400 1.2269 29.3204 -4.6582 0.0733
Pedestrian -1 -1 -6.9775 723.8846 161.2217 747.1082 202.6343 1.8316 0.6406 0.8001 6.0018 0.9350 32.2464 -6.8000 0.0731
Pedestrian -1 -1 -2.4323 98.5109 170.8713 206.5782 330.6753 1.6779 0.6001 0.8148 -4.9710 1.5670 7.9021 -2.9850 0.0729
Pedestrian -1 -1 -4.1134 783.0228 159.4804 839.5810 268.8270 1.7554 0.6689 0.6312 3.4568 1.4025 11.9911 -3.8440 0.0707
Pedestrian -1 -1 -3.1208 899.5976 148.9578 989.8198 319.4259 1.7531 0.4880 0.8574 3.6595 1.4191 7.7910 -2.7001 0.0705
Pedestrian -1 -1 -7.4732 758.6144 156.2422 779.3287 202.6484 1.8449 0.6137 0.6675 6.7469 0.8411 29.0063 -7.2516 0.0655
Pedestrian -1 -1 -8.1561 368.5815 171.1479 390.4890 219.6837 1.8015 0.6564 0.5412 -8.3858 1.4176 27.0719 -8.4589 0.0654
Pedestrian -1 -1 -3.3058 266.3427 184.2840 321.2027 291.3683 1.4580 0.3923 0.6565 -4.3898 1.4993 10.1401 -3.7107 0.0653
Cyclist -1 -1 -7.7638 733.6758 164.4160 773.9805 277.3488 1.7271 0.5216 1.7199 2.4977 1.4665 11.8845 -7.5667 0.0650
Cyclist -1 -1 -4.0001 27.9612 164.4164 212.0158 344.5438 1.7569 0.6885 1.7693 -5.2587 1.5910 7.9295 -4.5765 0.0633
Pedestrian -1 -1 -7.6144 799.6227 161.8672 848.8376 268.1999 1.7330 0.6565 0.7044 3.7373 1.4137 12.1768 -7.3281 0.0630
Cyclist -1 -1 -7.3827 257.8530 175.1689 291.5786 220.3849 1.6796 0.4824 1.6530 -12.5196 1.4448 27.5201 -7.8112 0.0624
Cyclist -1 -1 -3.9937 462.6017 168.0633 492.4449 204.2338 1.7485 0.5393 1.6012 -6.1310 1.0992 35.5487 -4.1683 0.0624
Cyclist -1 -1 -8.4254 747.2089 165.7241 783.2670 214.3779 1.6795 0.4650 1.5740 5.8001 1.1354 25.6158 -8.2100 0.0607
Pedestrian -1 -1 -4.8492 368.9095 171.7816 387.5604 214.5788 1.7505 0.6465 0.7105 -9.2932 1.3534 29.8414 -5.1538 0.0606
Cyclist -1 -1 -7.5017 276.5584 175.3919 306.7650 219.5823 1.6886 0.5411 1.7118 -12.2149 1.4556 28.3195 -7.9107 0.0595
Cyclist -1 -1 -7.2845 211.9118 168.2104 268.3290 236.3067 1.8013 0.5603 1.7162 -10.0020 1.4503 19.8840 -7.7505 0.0586
Cyclist -1 -1 -8.0342 555.6696 170.8021 569.3064 200.9652 1.7000 0.5094 1.5210 -2.2467 1.0972 41.2859 -8.0933 0.0584
Pedestrian -1 -1 -6.0842 235.1426 170.9517 253.5323 218.3396 1.6841 0.5780 0.4902 -12.8812 1.3096 25.8718 -6.5472 0.0580
Cyclist -1 -1 -4.4820 441.7951 171.0363 483.6349 250.3719 1.7664 0.5931 1.7289 -3.2700 1.5340 16.8680 -4.6761 0.0559
Pedestrian -1 -1 -5.9725 76.7908 161.8417 186.1345 323.6454 1.8095 0.5626 0.9462 -5.5334 1.5903 8.4275 -6.5453 0.0554
Cyclist -1 -1 -6.5758 629.7050 162.9630 705.8546 236.6587 1.7805 0.5848 1.7885 1.6052 1.3332 17.8269 -6.4926 0.0540
Pedestrian -1 -1 -7.8449 417.0326 179.0202 439.6335 238.2498 1.5212 0.5665 0.6893 -4.5745 1.4581 18.8499 -8.0851 0.0532
Pedestrian -1 -1 -7.2963 450.0554 167.8350 470.2982 208.0462 1.8027 0.6684 0.6350 -6.4262 1.1904 32.6184 -7.4943 0.0515
Cyclist -1 -1 -7.4658 248.1783 179.5632 281.5733 233.3880 1.5894 0.3457 1.6143 -10.3313 1.5327 22.0272 -7.9051 0.0512
Pedestrian -1 -1 -6.5532 385.1213 168.7239 404.9299 216.2620 1.8353 0.5695 0.6146 -8.1069 1.3424 28.1362 -6.8363 0.0511
Pedestrian -1 -1 -6.4452 722.7963 162.2714 792.0694 296.3950 1.6921 0.6004 0.7881 1.9728 1.4502 9.3762 -6.2491 0.0507
Pedestrian -1 -1 -4.3736 716.0977 166.2169 734.6260 205.4752 1.7363 0.6112 0.7433 5.5498 1.0606 32.2427 -4.2096 0.0504
Car -1 -1 -7.6917 574.6501 170.5794 602.4100 191.2484 1.5908 1.6405 3.7945 -0.9736 0.7502 57.2821 -7.7136 0.4703
Car -1 -1 -8.2720 646.8066 174.7180 732.7430 216.3541 1.3995 1.6210 3.9449 3.1090 1.1719 26.2697 -8.1604 0.4091
Car -1 -1 -4.8682 492.1799 172.5448 533.4349 202.6233 1.5424 1.6213 3.8097 -4.8497 1.0834 38.8917 -4.9965 0.1965
Car -1 -1 -4.6609 482.4267 171.6651 506.7440 195.6483 1.7365 1.6345 3.7285 -7.9751 1.0244 53.9473 -4.8119 0.1778
Car -1 -1 -2.7571 172.3002 177.0230 298.5876 216.0679 1.4757 1.6288 4.0983 -14.2697 1.3068 28.1364 -3.2278 0.1134
Car -1 -1 -5.0900 518.0240 174.7618 568.3126 202.4052 1.4661 1.5529 3.6138 -3.2974 1.1089 40.0601 -5.1766 0.1004
Car -1 -1 -5.1108 702.7073 170.0315 756.8437 198.8054 1.5211 1.5364 3.9386 7.0890 0.9150 40.0659 -4.9417 0.0954
Car -1 -1 -3.9814 452.3085 170.2827 531.0517 206.2347 1.5881 1.5548 3.7518 -5.1032 1.0929 33.7281 -4.1354 0.0861
Car -1 -1 -7.9014 683.3828 170.2719 715.4415 201.6043 1.4990 1.4300 2.7748 4.8421 0.9621 35.8081 -7.7730 0.0851
Car -1 -1 -7.7796 783.1104 185.2324 948.0754 334.8156 1.4138 1.5564 3.9794 3.3686 1.4725 9.0301 -7.4377 0.0688
Car -1 -1 -8.0312 545.3774 171.9226 584.6376 200.2780 1.6002 1.6359 3.9215 -2.2088 1.0598 42.6341 -8.0876 0.0670
Car -1 -1 -8.0286 759.2238 168.5622 888.0023 264.5135 1.5649 1.6141 3.8208 4.0168 1.3545 13.6972 -7.7538 0.0587
Car -1 -1 -7.7801 711.5444 168.5419 750.3121 201.8441 1.5540 1.6390 3.7579 6.4407 0.9496 35.5422 -7.6071 0.0577
Car -1 -1 -8.0711 669.4673 171.3593 712.3593 199.1490 1.5476 1.6586 3.9045 5.1792 0.9830 42.0304 -7.9542 0.0525
