Car -1 -1 -7.8587 577.0791 178.7956 632.6287 229.6386 1.5006 1.6712 3.3822 -0.2289 1.7070 23.3974 -7.8691 0.9684
Cyclist -1 -1 -5.8458 176.3214 180.7024 220.2384 220.0170 1.8617 0.6627 1.7174 -19.8429 2.2434 34.7241 -6.3619 0.1954
Cyclist -1 -1 -7.6925 271.8631 185.7120 291.9761 234.2318 1.6462 0.4000 1.5896 -11.7367 2.1192 25.7352 -8.1169 0.1560
Pedestrian -1 -1 -7.3000 230.0264 165.0412 256.4623 210.6766 1.8980 0.7282 0.7095 -15.4867 1.5727 30.3936 -7.7679 0.1436
Pedestrian -1 -1 -4.0380 226.9300 175.8213 273.1021 254.5554 1.8470 0.5833 0.8692 -8.7458 1.9204 17.4498 -4.4969 0.1120
Pedestrian -1 -1 -6.0317 315.8694 177.5933 331.5908 205.4377 1.9707 0.4750 0.9542 -20.4456 2.3104 51.4634 -6.4084 0.1036
Pedestrian -1 -1 -5.4300 0.0000 180.2647 35.5581 270.8342 1.7420 0.6012 0.6609 -11.9948 1.8920 14.2856 -6.1194 0.0950
Car -1 -1 -7.7012 332.5519 182.4812 362.5154 203.0419 1.5997 1.7139 4.3982 -22.0344 2.4395 60.6377 -8.0487 0.0934
Pedestrian -1 -1 -4.8007 805.1267 155.3488 832.3895 225.9536 1.8918 0.6601 0.5989 5.6396 1.4225 19.6888 -4.5263 0.0900
Pedestrian -1 -1 -3.0629 404.4279 177.1341 411.7092 201.5654 1.7339 0.7217 0.4477 -14.5101 2.0429 51.7453 -3.3353 0.0891
Car -1 -1 -4.6330 358.7942 183.2221 380.6892 200.4496 1.5276 1.6524 4.2446 -22.9468 2.5506 68.9559 -4.9534 0.0831
Pedestrian -1 -1 -5.8476 246.2295 176.4665 285.3547 248.9117 1.8074 0.5183 0.7458 -8.7685 1.9000 18.2888 -6.2895 0.0725
Pedestrian -1 -1 -3.8563 73.7753 173.5364 125.9422 258.2337 1.9359 0.6071 0.7988 -12.0321 1.9521 16.9608 -4.4661 0.0723
Cyclist -1 -1 -8.2387 961.1573 166.8292 1047.3157 287.3727 1.6235 0.5028 1.6324 5.6609 1.5420 10.5540 -7.7587 0.0712
Pedestrian -1 -1 -5.4483 451.4752 176.0350 468.1287 206.2017 1.9619 0.6918 0.8373 -9.9337 2.1737 47.5635 -5.6535 0.0666
Pedestrian -1 -1 -5.9924 943.6140 156.7669 986.9706 263.3593 1.8385 0.6122 0.5461 6.2772 1.5608 12.8555 -5.5479 0.0657
Car -1 -1 -4.5430 331.7546 186.2793 364.2801 208.5950 1.4888 1.6188 3.7053 -19.0366 2.5013 52.4686 -4.8898 0.0657
Pedestrian -1 -1 -4.1177 467.5348 176.3515 477.1870 200.0796 1.8469 0.6297 0.3956 -10.8160 2.1222 56.5570 -4.3062 0.0654
Pedestrian -1 -1 -7.9819 843.1133 159.3705 873.5145 240.2818 1.8240 0.5796 0.6459 5.6662 1.5197 16.6386 -7.6598 0.0648
Pedestrian -1 -1 -6.7592 886.3962 164.5872 931.2972 277.8789 1.6552 0.5939 0.3898 4.4324 1.5341 10.8564 -6.3819 0.0631
Car -1 -1 -4.1995 1241.0000 136.0550 1241.0000 374.0000 1.5288 1.6137 4.1850 5.8128 1.4052 3.3141 -3.1846 0.0624
Cyclist -1 -1 -7.7060 247.4798 188.6196 269.5462 240.0337 1.6076 0.4106 1.6898 -11.7064 2.1498 23.9608 -8.1565 0.0617
Pedestrian -1 -1 -3.5480 262.3733 173.4561 308.5268 253.7011 1.8857 0.6168 0.8458 -7.9123 1.9004 17.4833 -3.9677 0.0571
Car -1 -1 -7.9509 386.3164 184.6303 435.9049 225.4377 1.5286 1.6280 4.0472 -8.4970 2.0612 30.4685 -8.2211 0.0560
Pedestrian -1 -1 -3.4598 1063.9623 148.4570 1168.1736 297.4195 1.7832 0.4998 0.9523 6.2332 1.4909 9.0059 -2.8702 0.0546
Car -1 -1 -4.5565 171.6442 188.3622 199.4869 207.3059 1.5780 1.5654 4.1348 -38.7636 3.0423 65.9334 -5.0864 0.0542
Car -1 -1 -7.6527 493.6375 178.1112 525.3395 200.1110 1.6194 1.6609 4.0977 -7.8147 2.0440 56.2134 -7.7905 0.0537
Pedestrian -1 -1 -4.8690 960.3228 197.4064 1020.1232 334.2893 1.2592 0.4379 0.4648 3.6334 1.5078 7.0274 -4.4098 0.0534
Pedestrian -1 -1 -5.7693 363.6214 174.6930 392.0309 231.6907 1.8796 0.5782 0.7141 -7.8213 1.9418 24.1721 -6.0795 0.0530
Pedestrian -1 -1 -6.5779 153.0708 181.4233 167.8620 220.7282 1.8656 0.5980 0.4518 -21.7072 2.2827 34.7756 -7.1327 0.0530
Car -1 -1 -7.6409 320.2300 174.7876 349.1472 196.1940 1.9820 1.7149 4.3695 -26.4955 2.1741 69.5080 -8.0041 0.0509
Cyclist -1 -1 -8.1430 644.7423 174.9388 663.6180 209.8136 1.6583 0.4777 1.6070 2.1080 1.7623 35.2467 -8.0844 0.3290
Cyclist -1 -1 -4.8229 584.9432 174.2855 606.0194 210.8434 1.7712 0.8574 1.7571 -0.7756 1.8441 35.9580 -4.8449 0.2079
Pedestrian -1 -1 -8.7116 903.0280 176.4407 945.7960 282.8755 1.5328 0.5321 0.3101 4.5913 1.5868 10.6655 -8.3160 0.1838
Pedestrian -1 -1 -3.6556 456.7678 178.5857 473.1410 206.8008 1.8330 0.5102 0.9274 -9.5949 2.2145 47.5716 -3.8539 0.1537
Pedestrian -1 -1 -3.3893 638.8619 174.9748 652.3947 203.7428 1.7160 0.5571 0.6974 2.1071 1.8444 43.4330 -3.3417 0.1340
Cyclist -1 -1 -7.9298 640.9637 174.3456 649.7045 201.7645 1.6372 0.4023 1.6838 2.1155 1.7297 44.0241 -7.8826 0.0902
Cyclist -1 -1 -8.2109 967.7979 171.3210 1054.3258 294.1744 1.6148 0.5006 1.6772 5.6443 1.5944 10.3481 -7.7243 0.0782
Cyclist -1 -1 -2.7039 632.9492 175.0128 669.2310 209.7737 1.6548 0.6324 1.6492 1.9554 1.7615 35.1010 -2.6493 0.0718
Pedestrian -1 -1 -3.3120 553.7789 176.4375 564.2552 198.0539 1.8290 0.5483 0.8095 -4.3738 2.1361 61.5348 -3.3831 0.0684
Pedestrian -1 -1 -7.5032 620.9242 172.7017 642.4844 215.9369 1.7154 0.6778 0.6777 0.8328 1.7090 29.0674 -7.4755 0.0532
Cyclist -1 -1 -7.6892 340.6643 186.1527 353.4720 219.8783 1.6332 0.3509 1.5843 -13.2938 2.3185 36.3909 -8.0375 0.0529
Car -1 -1 -7.9635 676.2126 175.1366 733.9936 223.0108 1.5420 1.6035 3.4667 3.1986 1.6268 25.1525 -7.8392 0.9634
Car -1 -1 -8.1718 786.6747 178.6791 1021.7239 337.6534 1.4815 1.4989 3.2588 3.1371 1.5631 8.4915 -7.8303 0.9511
Car -1 -1 -7.8967 597.2874 173.5942 640.9512 215.2959 1.6617 1.6760 4.1801 0.2855 1.6953 30.9443 -7.8882 0.8436
Car -1 -1 -7.9592 657.8896 176.5567 705.0165 214.2319 1.4894 1.5781 3.9927 2.9541 1.6580 30.9229 -7.8654 0.8333
Car -1 -1 -7.8323 647.4719 176.3196 681.5931 208.3323 1.5135 1.6326 3.7952 2.7549 1.6980 36.5051 -7.7581 0.5113
Car -1 -1 -7.8792 332.8763 184.7609 355.0797 204.1828 1.5014 1.6477 3.7044 -22.2745 2.5294 60.2878 -8.2320 0.3821
Car -1 -1 -7.9117 640.1063 175.1501 669.2742 200.9495 1.5355 1.5934 3.8387 2.7266 1.6852 45.2060 -7.8524 0.2592
Car -1 -1 -7.8251 589.2137 176.9413 623.3967 209.1598 1.5667 1.6712 3.9615 -0.1853 1.7907 37.5936 -7.8306 0.1510
Car -1 -1 -4.6263 587.7748 177.7110 618.7142 202.4841 1.5099 1.6664 4.1360 -0.4301 1.8398 46.9349 -4.6359 0.1296
Car -1 -1 -4.7478 490.0898 178.4801 518.1970 204.9593 1.6670 1.7182 4.2093 -7.1992 2.0630 48.5956 -4.8946 0.1030
Car -1 -1 -7.9052 550.1545 175.3151 571.7888 197.1700 1.8422 1.6816 4.1601 -4.3658 2.0658 63.4733 -7.9740 0.0961
Car -1 -1 -5.0381 341.5723 187.1178 403.7397 221.6684 1.5002 1.6383 4.1594 -11.6907 2.2396 35.2634 -5.3564 0.0914
Car -1 -1 -4.5636 620.3450 175.9516 651.2003 199.8532 1.5290 1.5249 3.9100 1.7472 1.7469 48.7539 -4.5284 0.0636
