Cyclist -1 -1 -2.5484 360.8544 164.7438 395.6928 198.3795 1.8185 0.7141 1.7143 -12.7511 1.3798 39.5932 -2.8582 0.1315
Pedestrian -1 -1 -2.8903 685.0140 162.9456 722.8092 232.8282 1.8366 0.5127 0.9086 2.4724 1.5759 19.3685 -2.7660 0.0899
Pedestrian -1 -1 -4.8027 6.4731 170.3569 82.0393 350.0124 1.9337 0.6088 1.0093 -6.6077 1.9065 8.3436 -5.4573 0.0599
Pedestrian -1 -1 -2.7932 380.7078 163.2266 394.8043 190.8471 1.8367 0.6096 0.7382 -14.9080 1.1962 48.3034 -3.0912 0.0589
Pedestrian -1 -1 -6.7890 698.7063 165.5469 720.1268 210.5498 1.6842 0.6667 0.5507 3.7286 1.4104 27.4136 -6.6558 0.0576
Car -1 -1 -7.6598 352.4182 160.1798 393.6179 192.3455 1.8920 1.6842 3.9190 -14.5884 1.1462 44.4886 -7.9751 0.0541
Pedestrian -1 -1 -7.0985 702.3688 163.7596 738.9176 232.2507 1.7279 0.6138 0.7121 2.8109 1.4982 18.6649 -6.9521 0.0522
Car -1 -1 -7.6659 23.7820 138.4757 90.1682 175.3320 1.5342 1.6334 3.8869 -24.5792 0.1029 32.1395 -8.3148 0.0516
Pedestrian -1 -1 -5.5073 117.0507 175.7534 169.9533 282.6357 1.9073 0.6040 0.5500 -8.6100 1.9616 13.2470 -6.0748 0.0505
Pedestrian -1 -1 -6.0971 69.5322 187.0898 99.7314 248.6670 1.9163 0.6485 0.6712 -16.8531 2.3802 23.0925 -6.7222 0.2293
Pedestrian -1 -1 -4.2342 70.4829 185.0607 105.7422 254.6111 1.9767 0.6244 0.5977 -15.2066 2.3369 20.9672 -4.8559 0.1729
Cyclist -1 -1 -2.8254 29.5674 142.4615 84.7523 185.2144 1.7957 0.6715 1.7551 -23.7041 0.5189 30.9110 -3.4755 0.1539
Cyclist -1 -1 -8.1265 536.7487 165.1086 559.1667 207.1022 1.7680 0.5198 1.7259 -2.7436 1.4416 31.2777 -8.2137 0.1149
Pedestrian -1 -1 -5.6539 1061.0276 141.2110 1132.8845 269.7992 1.7668 0.5706 0.6396 6.8955 1.3317 10.3145 -5.0782 0.0918
Pedestrian -1 -1 -5.6368 972.5898 132.8946 1063.0697 272.1301 1.8346 0.6494 0.8831 5.6042 1.3078 10.0437 -5.1408 0.0891
Pedestrian -1 -1 -7.2959 705.8107 157.2121 727.1980 204.0274 1.7512 0.6068 0.5460 3.9985 1.1658 27.3950 -7.1529 0.0775
Pedestrian -1 -1 -6.0088 689.5914 160.1278 702.4201 201.1552 1.7173 0.5740 0.4002 3.5990 1.1843 30.5441 -5.8931 0.0761
Pedestrian -1 -1 -7.7713 661.2214 156.5758 678.6198 200.7280 1.8262 0.6725 0.7105 2.4719 1.1526 30.2492 -7.6909 0.0674
Pedestrian -1 -1 -5.4076 33.7493 144.6279 56.2272 188.1800 1.8231 0.6215 0.4248 -23.9637 0.6412 30.5520 -6.0685 0.0671
Pedestrian -1 -1 -5.6415 952.5047 136.8493 1036.4882 272.9713 1.7960 0.6301 0.8149 5.2729 1.3207 10.0250 -5.1699 0.0630
Pedestrian -1 -1 -4.3102 21.0180 140.3379 43.0386 184.6060 1.8582 0.5908 0.4718 -24.5454 0.4930 30.5939 -4.9822 0.0572
Pedestrian -1 -1 -5.6370 92.9914 187.4306 121.8923 246.1702 1.8510 0.6367 0.4753 -16.2203 2.3266 23.2280 -6.2414 0.0566
Cyclist -1 -1 -6.9090 873.3732 136.9557 1022.9207 276.3153 1.8192 0.7305 1.7885 4.5931 1.3503 9.9591 -6.4888 0.0545
Cyclist -1 -1 -5.9673 46.6027 188.9785 124.3546 250.2608 1.8719 0.6856 1.8829 -16.7161 2.3987 22.9739 -6.5910 0.0541
Pedestrian -1 -1 -4.1563 1204.2129 136.8039 1241.0000 269.0461 1.7268 0.5299 0.5680 8.4699 1.2557 9.7615 -3.4567 0.0527
Pedestrian -1 -1 -4.7831 867.3769 164.3603 918.5877 289.1237 1.6109 0.5796 0.7660 3.7577 1.5009 9.7653 -4.4267 0.0520
Pedestrian -1 -1 -3.5649 636.7855 160.8517 654.0255 203.7413 1.7956 0.6148 0.5225 1.4552 1.2928 30.5889 -3.5183 0.0517
Car -1 -1 -7.8614 393.0911 172.1536 433.8898 210.2674 1.5648 1.6284 3.5923 -8.6497 1.5357 31.5723 -8.1270 0.9122
Car -1 -1 -8.3401 554.4346 164.0939 633.3285 208.3248 1.6607 1.6424 3.6747 -0.7599 1.3315 29.0953 -8.3665 0.1100
Car -1 -1 -3.8273 801.5293 150.2207 1097.4064 278.1158 1.6289 1.6298 3.7126 4.8064 1.3403 10.4642 -3.4080 0.0957
Car -1 -1 -7.2474 1225.1782 131.4541 1241.0000 331.2014 1.5226 1.5715 4.0254 8.0425 1.2068 6.4692 -6.3761 0.0933
Car -1 -1 -6.8592 694.1851 148.0541 819.9282 200.2849 1.7932 1.6725 4.2817 5.3238 0.9414 26.3407 -6.6622 0.0732
Car -1 -1 -7.6244 28.6276 143.3561 98.9616 180.4341 1.5426 1.6666 3.7578 -24.2222 0.3151 32.0736 -8.2673 0.0546
Car -1 -1 -8.1797 522.6467 172.5406 583.5947 207.7038 1.5039 1.6319 3.8007 -2.6978 1.4902 32.9280 -8.2612 0.0542
Car -1 -1 -7.5492 1241.0000 127.7264 1241.0000 374.0000 1.5393 1.5755 3.9822 6.8663 1.3393 4.5502 -6.5932 0.0508
