Pedestrian -1 -1 -5.0288 1059.1051 158.2058 1108.7092 256.4695 1.9244 0.6239 0.7628 9.5061 1.6373 14.5779 -4.4608 0.1485
Cyclist -1 -1 -4.8842 766.3597 165.6716 783.5021 202.7387 1.9472 0.5946 1.7927 8.8226 1.5696 38.8127 -4.6628 0.1134
Pedestrian -1 -1 -5.4293 965.4395 165.7587 998.3956 222.9017 1.8276 0.6055 0.7561 12.0681 1.6004 23.5183 -4.9608 0.0719
Car -1 -1 -8.4245 1036.9724 185.6566 1229.5637 261.8564 1.4431 1.6410 3.8583 11.4927 1.7664 16.2794 -7.8189 0.0609
Pedestrian -1 -1 -4.0862 845.1647 168.5437 871.8242 218.8614 1.7883 0.6252 0.6931 8.9411 1.6348 26.0989 -3.7601 0.0553
Pedestrian -1 -1 -5.3656 51.9916 185.0900 79.6049 231.5661 1.9534 0.6405 0.7201 -23.3799 2.4848 30.9466 -6.0087 0.0529
Pedestrian -1 -1 -6.6138 720.9811 169.8167 733.8745 194.2154 1.8326 0.5644 0.8226 8.8462 1.6042 54.5446 -6.4542 0.0526
Cyclist -1 -1 -4.1350 0.0000 198.6204 31.1044 240.7155 1.7607 0.5557 1.8592 -26.8973 2.9481 32.3043 -4.8254 0.4734
Cyclist -1 -1 -5.2732 1011.5797 186.4969 1046.6166 226.8938 1.6586 0.5638 1.5305 17.9004 2.2576 30.9241 -4.7533 0.0987
Pedestrian -1 -1 -8.0818 1015.1625 177.0470 1037.7411 224.7861 1.9460 0.6685 0.6903 17.2147 2.1220 29.9135 -7.5645 0.0603
Pedestrian -1 -1 -9.0062 999.4493 176.3136 1025.9199 224.2731 1.9313 0.6763 0.7400 16.4889 2.0754 29.6270 -8.5032 0.0592
Car -1 -1 -8.5306 758.3672 186.0927 933.7249 266.9735 1.3840 1.5846 3.4567 4.6512 1.6913 14.8671 -8.2340 0.9697
Car -1 -1 -4.0726 76.5000 192.9951 183.2287 239.0260 1.4677 1.6065 3.2108 -17.2992 2.2420 26.1003 -4.6535 0.9015
Car -1 -1 -4.2529 237.5225 182.0234 314.2304 219.5894 1.7215 1.7372 4.3740 -16.7610 2.2113 36.3569 -4.6824 0.8920
Car -1 -1 -4.6043 184.7094 197.3061 218.1551 222.2861 1.5902 1.7021 3.6847 -29.3896 3.4185 51.9319 -5.1174 0.1480
Car -1 -1 -4.1321 0.0000 206.4633 76.3079 249.6467 1.3824 1.6202 3.8692 -23.0183 2.7903 28.2252 -4.8117 0.1068
Car -1 -1 -4.6139 7.8727 207.0516 59.3866 242.6619 1.5623 1.7155 4.0669 -30.3208 3.4664 38.0059 -5.2840 0.0814
