Cyclist -1 -1 -2.1244 279.7488 177.4435 328.1599 236.7901 1.8043 0.6364 1.6505 -9.7212 1.9536 22.7877 -2.5239 0.1202
Pedestrian -1 -1 -4.7847 940.0724 144.5204 984.8614 256.1426 1.9240 0.6555 0.7778 6.2411 1.4353 12.9178 -4.3441 0.0924
Pedestrian -1 -1 -4.4124 396.6414 173.3299 413.1018 211.2478 1.9459 0.6213 0.7711 -10.6763 1.9705 37.4308 -4.6888 0.0788
Car -1 -1 -4.5418 483.6219 179.4397 510.3286 197.6078 1.5345 1.6499 4.3686 -10.1223 2.1451 64.7319 -4.6966 0.0715
Car -1 -1 -4.4331 105.7191 200.1321 243.5587 280.9411 1.3599 1.5144 3.7762 -9.2247 2.0226 15.5203 -4.9622 0.0682
Pedestrian -1 -1 -4.2072 811.4636 155.7350 836.2689 205.6767 1.9050 0.6626 0.7125 8.2569 1.2517 28.0081 -3.9238 0.0668
Car -1 -1 -5.0134 642.4584 182.7306 689.2874 209.6084 1.3886 1.5754 3.7843 3.0668 1.9743 40.7841 -4.9395 0.0571
Car -1 -1 -4.8016 486.3761 176.8079 519.1982 205.5744 1.7114 1.6868 4.1774 -6.8765 1.9741 45.7677 -4.9503 0.0553
Pedestrian -1 -1 -3.5236 1029.8893 158.5907 1120.8928 305.7376 1.6629 0.4755 0.7706 5.3763 1.5014 8.4529 -2.9735 0.0552
Cyclist -1 -1 -7.5369 170.4516 185.2580 219.2637 258.0842 1.7089 0.5698 1.6456 -10.4294 2.0344 18.0887 -8.0539 0.0542
Car -1 -1 -7.8013 597.1690 168.8074 619.4193 195.4948 2.3332 1.7812 4.6027 -0.1421 1.9791 65.4244 -7.8039 0.0518
Pedestrian -1 -1 -7.0220 397.2873 178.4675 422.0864 218.8001 1.7978 0.6915 0.8421 -9.1600 2.0573 32.8538 -7.2923 0.4174
Cyclist -1 -1 -4.3367 304.8816 183.0611 340.7935 239.6783 1.7068 0.5019 1.5997 -9.1182 2.0409 22.8397 -4.7130 0.2070
Pedestrian -1 -1 -3.8422 942.4528 161.9529 992.8502 262.0067 1.6622 0.4955 0.5890 6.0368 1.4808 12.3007 -3.3961 0.1636
Cyclist -1 -1 -4.6658 303.5715 180.6460 324.5580 238.7331 1.7507 0.5355 1.6585 -9.4077 2.0065 22.8508 -5.0527 0.1082
Cyclist -1 -1 -2.3657 276.4165 179.9062 332.8772 238.9140 1.7868 0.6238 1.6706 -9.6091 2.0132 22.5899 -2.7641 0.0844
Pedestrian -1 -1 -7.8560 415.7890 177.1316 431.7010 218.1413 1.8460 0.6975 0.7450 -8.5656 2.0441 33.0200 -8.1084 0.0766
Pedestrian -1 -1 -8.2089 943.3732 170.4759 1054.8671 366.1397 1.5981 0.6321 0.7125 3.2993 1.5784 6.2816 -7.7455 0.0736
Pedestrian -1 -1 -3.4766 925.9279 158.3418 976.6968 263.9497 1.7453 0.5742 0.6189 5.7236 1.5052 12.2388 -3.0491 0.0644
Pedestrian -1 -1 -4.9469 921.2366 152.0706 971.2076 257.1741 1.8176 0.6295 0.8203 5.9594 1.4579 12.9397 -4.5246 0.0625
Pedestrian -1 -1 -8.2168 849.4549 177.4957 954.0632 370.8206 1.5754 0.6686 0.5540 2.4176 1.6166 6.1726 -7.8610 0.0625
Pedestrian -1 -1 -2.8090 867.0029 155.9753 911.7009 255.9787 1.7645 0.6031 0.6004 5.0403 1.4664 13.1551 -2.4514 0.0602
Pedestrian -1 -1 -4.8958 902.9604 148.8678 951.3519 258.3245 1.8919 0.6358 0.8798 5.6298 1.4770 12.9693 -4.4952 0.0590
Cyclist -1 -1 -5.9382 293.4941 181.5833 350.2107 236.9091 1.7218 0.5324 1.5808 -9.1579 2.0014 22.8398 -6.3160 0.0545
Cyclist -1 -1 -7.1471 398.2991 177.9764 435.8407 218.8206 1.8003 0.7015 1.7303 -8.8412 2.0407 32.9691 -7.4076 0.0511
Car -1 -1 -8.0236 626.7797 177.8479 706.5498 238.7109 1.5073 1.5961 3.5731 1.4294 1.6585 20.0317 -7.9543 0.9782
Car -1 -1 -4.2789 27.3808 196.9556 342.1330 354.6968 1.4475 1.7396 4.4867 -5.2192 1.8445 9.6063 -4.7657 0.9718
Car -1 -1 -7.7378 407.1561 187.5446 463.5286 232.1520 1.3947 1.5380 3.5604 -6.1811 1.9544 25.6429 -7.9726 0.9656
Car -1 -1 -8.2702 734.7572 173.0248 1047.4445 364.4209 1.5798 1.6266 3.8309 2.6464 1.5819 7.9508 -7.9612 0.9298
Car -1 -1 -7.7217 436.2514 181.3144 482.0312 217.4024 1.5845 1.6334 4.0490 -7.2368 2.0158 34.7322 -7.9261 0.8775
Car -1 -1 -7.9288 600.5884 179.2967 644.2213 217.9933 1.4952 1.5604 3.4365 0.4256 1.7806 30.2303 -7.9155 0.7717
Car -1 -1 -7.0328 0.0000 199.4487 126.4828 374.0000 1.5209 1.5952 3.8275 -4.8517 1.7422 4.0855 -7.8715 0.7467
Car -1 -1 -7.8803 585.7715 179.4537 611.0416 204.7147 1.5100 1.5059 3.3114 -0.7969 1.9431 45.6997 -7.8981 0.6984
Car -1 -1 -4.6151 465.1910 180.5084 494.7241 206.7080 1.6465 1.5769 3.9955 -8.7497 2.1836 48.6006 -4.7927 0.5886
Car -1 -1 -6.5854 766.7257 165.8987 937.9056 226.3289 1.5770 1.5889 4.1283 6.4504 1.3952 19.6447 -6.2731 0.2330
Car -1 -1 -4.9148 638.0453 180.4935 681.5174 208.4484 1.5034 1.6863 4.3592 2.8219 1.9752 42.3207 -4.8492 0.1716
Car -1 -1 -4.5640 484.2164 180.4766 507.8324 198.4751 1.5137 1.5188 3.9082 -10.1484 2.2135 64.3038 -4.7203 0.1685
Car -1 -1 -5.6862 195.1293 187.9366 344.5774 238.6671 1.5006 1.6676 4.1230 -10.9247 2.0089 23.1806 -6.1226 0.1148
Car -1 -1 -7.8604 395.3695 181.3882 431.7205 218.9708 1.6418 1.5879 3.7872 -9.4380 2.0735 34.4835 -8.1261 0.1143
Car -1 -1 -5.2690 565.4008 179.7826 615.0118 203.6031 1.5850 1.5992 4.1074 -1.4849 2.0991 51.4172 -5.2982 0.0834
Car -1 -1 -4.8931 619.0505 179.9457 658.4997 208.3103 1.4605 1.5195 3.8173 1.5148 1.8744 40.1478 -4.8562 0.0603
