Car -1 -1 -5.3078 832.7306 180.6432 919.1921 217.3054 1.4497 1.6408 3.8551 11.4614 1.8116 31.4812 -4.9622 0.0769
Car -1 -1 -4.8586 324.5936 180.7086 363.2523 209.1399 1.6486 1.6789 4.2418 -16.7982 2.1667 45.3533 -5.2117 0.0672
Pedestrian -1 -1 -2.6219 221.1382 173.2686 235.5531 200.4711 1.8694 0.5930 0.6760 -26.4241 1.8979 49.9015 -3.1069 0.0665
Car -1 -1 -4.3850 186.8619 182.0850 283.7575 231.2690 1.4726 1.6942 4.0318 -12.6353 1.8130 24.5145 -4.8568 0.0645
Car -1 -1 -4.3638 802.2042 172.8826 845.0883 197.1334 1.6911 1.6762 4.1682 15.5486 1.6929 52.4945 -4.0778 0.0636
Pedestrian -1 -1 -7.3530 875.2811 171.4611 892.4891 206.8615 1.8393 0.6373 0.5985 14.3569 1.7667 37.9267 -6.9942 0.0592
Car -1 -1 -7.1871 850.3701 174.6271 920.0157 202.5089 1.6119 1.6672 4.2750 16.6739 1.7236 43.7614 -6.8258 0.0587
Pedestrian -1 -1 -4.9775 978.2613 166.7049 1001.1315 211.9778 1.8751 0.6982 0.6583 15.8842 1.6201 30.2796 -4.4989 0.0565
Car -1 -1 -4.8970 786.5168 173.9384 828.1157 202.7773 1.6939 1.7335 4.1554 12.1219 1.7639 44.6799 -4.6342 0.0539
Pedestrian -1 -1 -3.3760 868.5410 167.7977 880.1471 202.7298 1.9129 0.5841 0.4768 14.5513 1.6357 39.8286 -3.0286 0.0537
Cyclist -1 -1 -5.3313 1035.7188 168.2274 1078.3505 211.3929 1.7726 0.5831 1.8127 18.8609 1.5823 30.5549 -4.7829 0.0535
Car -1 -1 -4.6945 1015.0489 179.2985 1035.5652 195.9127 1.5037 1.6427 4.2532 39.8840 2.1423 69.2926 -4.1745 0.0535
Pedestrian -1 -1 -8.0937 1052.0487 175.3803 1076.9534 223.7563 1.6782 0.5972 0.6747 16.0012 1.7686 25.4877 -7.5388 0.3855
Cyclist -1 -1 -7.8957 997.6550 181.1790 1009.4670 213.2827 1.5660 0.4528 1.4897 19.7887 1.9942 36.3646 -7.4013 0.0734
Pedestrian -1 -1 -6.6006 1061.8257 174.0500 1091.6099 222.4493 1.6815 0.5906 0.7320 16.4158 1.7240 25.4626 -6.0338 0.0527
Cyclist -1 -1 -8.6403 1044.2343 175.9525 1093.5605 224.0592 1.6414 0.5283 1.5452 16.1703 1.7542 25.5355 -8.0815 0.0521
Car -1 -1 -4.2459 170.1654 193.3430 250.4567 228.6254 1.3880 1.6362 3.7649 -17.9457 2.3651 32.5119 -4.7471 0.9568
Car -1 -1 -7.8499 594.6077 177.1978 616.9154 198.1481 1.4895 1.6115 3.9753 -0.3418 1.8269 54.1126 -7.8566 0.6234
Car -1 -1 -8.3753 866.2124 176.0198 925.9892 202.2580 1.5720 1.6505 4.2018 18.1083 1.7830 45.9590 -8.0025 0.1943
Car -1 -1 -5.0627 1037.4591 180.2643 1111.1388 217.2885 1.4500 1.5144 3.5136 19.7366 1.7862 30.8876 -4.4989 0.1541
Car -1 -1 -5.0928 946.9200 179.0637 1012.7167 210.9126 1.5521 1.6406 4.1725 19.4171 1.8987 38.1511 -4.6256 0.1077
Car -1 -1 -4.3681 288.8231 186.2053 361.9265 224.1487 1.5011 1.6554 4.3660 -12.6729 2.1393 32.3020 -4.7396 0.1013
Car -1 -1 -5.1439 829.4466 176.6161 878.3919 201.9236 1.5991 1.6230 3.8464 16.1950 1.8605 48.1863 -4.8220 0.0950
Car -1 -1 -4.4074 379.7954 181.3208 415.4334 201.1767 1.5067 1.6628 3.9307 -17.1749 2.2152 58.4217 -4.6924 0.0797
Car -1 -1 -4.8719 553.3879 175.1040 582.8326 196.8087 1.6296 1.6772 4.1025 -3.3628 1.8132 56.8100 -4.9311 0.0730
