Car -1 -1 -4.5132 323.6829 186.4388 389.3615 234.4683 1.7475 1.7297 4.2813 -10.3952 2.3495 29.7552 -4.8471 0.9040
Car -1 -1 -4.4301 809.7604 178.8045 854.8147 205.1971 1.5065 1.6721 3.7149 13.5870 1.8866 44.1061 -4.1336 0.8381
Pedestrian -1 -1 -3.9381 697.1038 181.1676 717.1363 216.4467 1.6525 0.6268 0.7165 4.6004 2.0550 34.4860 -3.8073 0.3061
Cyclist -1 -1 -4.1559 572.4417 179.8963 605.7491 225.6619 1.7394 0.5014 1.6925 -0.8577 2.0260 28.5445 -4.1865 0.2228
Car -1 -1 -4.3435 269.7617 182.6677 318.7492 216.0029 2.0297 1.6159 3.9320 -20.5794 2.6973 47.1066 -4.7537 0.2182
Pedestrian -1 -1 -3.0880 587.8427 174.6264 608.3199 219.5656 1.9394 0.6758 0.8609 -0.5590 2.0174 31.5197 -3.1063 0.1834
Pedestrian -1 -1 -5.4304 1029.2771 206.1235 1083.0825 315.4408 1.2534 0.3294 0.4557 5.3047 1.6652 8.6821 -4.8979 0.1456
Cyclist -1 -1 -7.1977 1147.3964 170.8216 1211.1667 230.4464 1.7892 0.6620 1.6755 17.4483 1.7279 22.1827 -6.5381 0.1315
Car -1 -1 -7.9850 1150.7013 177.9844 1221.8704 221.6565 1.4214 1.5281 3.3605 20.4296 1.6172 25.7503 -7.3203 0.1251
Pedestrian -1 -1 -7.8723 1147.3960 180.0717 1203.7538 303.5393 1.5840 0.5736 0.6625 7.5649 1.6856 9.7445 -7.2275 0.1116
Cyclist -1 -1 -6.7176 759.8100 173.3069 789.2915 202.4072 1.8832 0.7100 1.7453 10.7370 1.9129 47.2411 -6.4959 0.1072
Pedestrian -1 -1 -3.1526 953.4402 170.3376 964.8369 190.2210 1.8326 0.4444 0.9449 32.3493 1.6004 66.9043 -2.7043 0.1001
Pedestrian -1 -1 -6.0255 660.2784 174.4491 671.8924 202.4823 1.9598 0.6519 0.6740 3.9277 2.0730 50.9095 -5.9494 0.0885
Pedestrian -1 -1 -3.0478 533.6279 178.1099 541.2174 205.9851 2.0164 0.7759 0.4822 -5.3318 2.4030 52.7296 -3.1486 0.0816
Car -1 -1 -8.0892 679.5395 154.7562 710.2784 176.4630 1.8814 1.7770 4.3097 7.5578 0.3125 64.7846 -7.9737 0.0766
Car -1 -1 -7.1633 1189.7585 161.9385 1241.0000 374.0000 1.5634 1.6164 3.9288 5.4774 1.5234 3.5752 -6.2083 0.0681
Pedestrian -1 -1 -6.1488 260.7511 190.2851 270.3294 217.1104 1.7820 0.6838 0.4978 -23.3522 2.9716 48.8536 -6.5929 0.0658
Car -1 -1 -7.7706 1044.7396 168.7758 1069.2704 187.5466 1.6751 1.6127 3.8699 41.1478 1.3108 66.4244 -7.2182 0.0640
Pedestrian -1 -1 -3.6417 1104.6387 161.8773 1123.7869 191.7674 1.8696 0.5522 0.8242 31.7224 1.1827 45.4505 -3.0356 0.0621
Pedestrian -1 -1 -3.2838 692.7612 174.0737 705.3349 201.7741 1.9325 0.6497 0.7914 6.2232 2.0185 50.7002 -3.1629 0.0590
Car -1 -1 -4.6070 160.1122 201.5751 201.3493 232.0772 1.4721 1.6016 3.8333 -24.2569 3.1789 40.8094 -5.1408 0.0572
Pedestrian -1 -1 -3.2175 961.3033 173.7046 970.3075 191.2102 1.6289 0.4918 0.7192 33.2793 1.7086 67.5340 -2.7617 0.0571
Car -1 -1 -4.6949 1091.3542 166.8815 1118.2933 188.0962 1.5514 1.6313 4.3244 37.7137 1.1143 54.9995 -4.0966 0.0507
Pedestrian -1 -1 -8.1645 1221.8772 157.4167 1241.0000 217.1203 1.9258 0.6437 0.4318 20.4517 1.4276 23.5980 -7.4569 0.0505
Pedestrian -1 -1 -4.9106 1114.6932 169.7148 1135.2605 207.5039 1.8083 0.6724 0.7585 24.9400 1.6578 35.0104 -4.2960 0.4489
Pedestrian -1 -1 -7.5777 433.0623 185.3164 448.0017 216.8443 1.8439 0.6831 0.7627 -10.1104 2.5916 42.9096 -7.8082 0.2354
Cyclist -1 -1 -7.4312 1023.8550 172.1182 1053.1613 210.3725 1.7910 0.6250 1.5611 20.4447 1.7563 34.4879 -6.9003 0.1092
Cyclist -1 -1 -7.9456 1022.9161 175.8112 1036.2184 211.0157 1.6489 0.4068 1.5239 20.1309 1.7940 34.7023 -7.4241 0.0955
Cyclist -1 -1 -7.8837 402.9485 186.6429 412.8161 215.7231 1.7757 0.5487 1.9079 -12.9229 2.6732 45.9913 -8.1566 0.0740
Cyclist -1 -1 -6.8842 66.8763 195.6693 102.5705 225.3354 1.6481 0.4268 1.7611 -30.8648 3.0162 42.3728 -7.5109 0.0732
Pedestrian -1 -1 -6.5783 419.0873 184.9429 441.4645 222.0670 1.7285 0.6791 0.8770 -8.6225 2.3140 34.4475 -6.8223 0.0719
Cyclist -1 -1 -4.6263 406.4612 189.8373 416.2866 217.4143 1.6365 0.4480 1.6393 -12.3361 2.7084 44.7069 -4.8945 0.0714
Pedestrian -1 -1 -6.4741 401.6207 191.1113 414.8442 217.8520 1.5968 0.6693 0.6642 -12.3811 2.7248 44.1450 -6.7465 0.0712
Pedestrian -1 -1 -5.6793 572.2556 180.1830 586.9699 208.5654 1.9114 0.6942 0.7426 -2.1088 2.4172 49.3363 -5.7223 0.0692
Cyclist -1 -1 -4.2925 385.4525 189.4977 406.9554 224.9857 1.7047 0.4688 1.4833 -10.7395 2.5558 36.1448 -4.5798 0.0605
Cyclist -1 -1 -8.4896 1007.4509 173.5451 1040.3964 209.9682 1.7067 0.5338 1.5785 19.8228 1.7404 34.6558 -7.9741 0.0554
Pedestrian -1 -1 -3.3170 264.6194 182.4451 279.0207 207.8145 1.8587 0.6132 0.8783 -25.2204 2.5795 53.7475 -3.7541 0.0544
Cyclist -1 -1 -3.8590 66.0167 197.9949 101.0430 227.9612 1.6420 0.5093 1.7377 -30.6319 3.1352 41.9578 -4.4868 0.0542
Cyclist -1 -1 -7.0588 1026.3138 171.5602 1071.1353 210.9692 1.8183 0.7628 1.7746 20.5466 1.7583 33.8680 -6.5178 0.0530
Cyclist -1 -1 -7.3811 269.1256 183.0196 284.6189 205.7176 1.6666 0.3419 1.6658 -25.2141 2.4469 54.5691 -7.8124 0.0511
Car -1 -1 -4.2277 0.0000 206.1357 119.6347 325.5374 1.3818 1.7026 3.9521 -9.8232 2.0154 11.6337 -4.9178 0.8239
Car -1 -1 -6.3900 34.2158 197.9030 129.9010 227.2604 1.4851 1.6768 4.3610 -30.8165 3.0203 42.1434 -7.0186 0.3552
Car -1 -1 -4.3782 366.4969 192.0368 422.2988 224.0930 1.4630 1.5591 3.9239 -11.1148 2.5078 37.3141 -4.6663 0.3245
Car -1 -1 -4.4257 873.7325 175.5070 905.0121 192.5386 1.4375 1.5416 3.8800 24.5995 1.6782 63.5338 -4.0582 0.3062
Car -1 -1 -8.4054 1080.3485 173.2358 1157.9878 205.6830 1.5586 1.5769 3.5319 25.6266 1.5786 36.5095 -7.7975 0.2979
Car -1 -1 -7.9797 418.2141 186.3764 454.7971 214.9218 1.5953 1.6818 4.2575 -10.8452 2.4771 44.7803 -8.2165 0.2476
Car -1 -1 -4.8485 388.9931 190.8109 423.0813 217.4457 1.5066 1.5685 3.8297 -12.9786 2.6944 45.6714 -5.1243 0.2229
Car -1 -1 -4.6361 1016.5173 174.9124 1051.4934 203.8839 1.5526 1.4656 3.3204 23.9051 1.6735 40.7041 -4.1086 0.1878
Car -1 -1 -5.2495 194.0040 195.0446 251.0156 221.2827 1.5805 1.6239 3.8060 -25.8096 3.1073 47.9772 -5.7410 0.1636
Car -1 -1 -4.9959 993.9404 169.1654 1031.0636 188.0024 1.5589 1.6295 4.3146 34.5015 1.2534 61.9974 -4.4903 0.1417
Car -1 -1 -7.5694 253.6001 181.8792 290.7847 204.8144 1.6488 1.6127 3.6719 -25.8829 2.3648 55.3303 -8.0054 0.1300
Car -1 -1 -6.5920 558.7596 184.3883 620.2843 209.8001 1.5716 1.7156 3.6866 -1.3851 2.3507 47.3343 -6.6217 0.1190
Car -1 -1 -4.3017 440.2097 190.1364 481.5431 212.7922 1.5137 1.5645 3.9176 -11.0273 2.8435 53.4560 -4.5046 0.1098
Car -1 -1 -4.4646 402.2773 190.2971 453.7596 222.9000 1.4518 1.5690 4.0171 -9.1217 2.3775 36.2919 -4.7097 0.1047
Car -1 -1 -5.9823 127.2623 198.9506 214.9072 225.4045 1.4481 1.6833 4.1962 -26.3699 3.0661 43.4231 -6.5257 0.1008
Car -1 -1 -4.5736 905.9512 172.6544 932.6425 190.7959 1.5181 1.5950 4.0072 26.7950 1.5011 62.5078 -4.1706 0.0751
Car -1 -1 -4.5529 156.5829 199.7348 201.7680 229.4662 1.4418 1.6079 3.7267 -24.2681 3.0329 40.6877 -5.0881 0.0542
Car -1 -1 -4.8036 1021.4821 177.0627 1071.6263 212.6456 1.4926 1.5696 4.0130 19.8032 1.6969 32.9237 -4.2664 0.0501
