Car -1 -1 -8.0515 715.4801 173.1265 857.0269 275.7935 1.5751 1.6522 4.0192 2.9485 1.5806 13.1049 -7.8360 0.9537
Car -1 -1 -4.1633 0.0000 192.2774 380.8780 374.0000 1.4437 1.6127 4.3607 -3.7838 1.6838 6.7107 -4.6607 0.9436
Car -1 -1 -4.4315 411.8549 176.0820 520.4318 250.6017 1.6051 1.5899 3.8391 -3.4414 1.6929 17.6974 -4.6215 0.9172
Car -1 -1 -7.9198 698.4854 181.5422 770.2637 240.0405 1.3347 1.5770 3.6850 3.1189 1.5854 18.9381 -7.7599 0.8796
Pedestrian -1 -1 -5.4359 705.3916 166.8343 720.2225 194.4256 1.8508 0.5968 0.8268 6.9347 1.4467 48.9098 -5.2963 0.1880
Car -1 -1 -6.5208 0.0000 0.0000 1241.0000 374.0000 1.5797 1.6086 3.7953 -4.3490 1.6978 1.6867 -7.6665 0.0796
Car -1 -1 -4.5490 329.9429 191.0631 356.6594 210.2910 1.5623 1.6131 4.0418 -23.9389 3.2516 64.8113 -4.9019 0.0669
Car -1 -1 -6.6432 661.2878 172.6503 733.3164 197.8064 1.5699 1.6902 4.2724 5.5600 1.5569 46.3600 -6.5250 0.0660
Car -1 -1 -4.8739 693.6243 174.9166 755.7856 219.6421 1.5020 1.5904 4.0530 4.0726 1.5831 26.4542 -4.7234 0.0610
Car -1 -1 -4.4767 463.8113 168.3714 548.1645 231.9263 1.8551 1.7458 4.1924 -3.2798 1.7240 23.2316 -4.6160 0.0581
Car -1 -1 -4.9364 691.9427 173.1792 745.0792 207.7579 1.5051 1.5979 3.8595 4.9174 1.5208 33.4310 -4.7921 0.0576
Pedestrian -1 -1 -5.9998 1081.0514 142.3409 1120.6461 209.7885 1.9764 0.6632 0.8345 14.6939 1.0820 21.6760 -5.4106 0.0553
Pedestrian -1 -1 -5.1719 972.7214 137.1275 999.3301 181.1873 1.8420 0.6922 0.8509 15.8933 0.3481 30.5956 -4.6967 0.0510
Car -1 -1 -5.3993 100.3893 202.6865 179.4508 231.6704 1.4964 1.6490 4.0071 -27.0745 3.2702 41.5158 -5.9746 0.0508
Car -1 -1 -7.9849 110.2115 192.0568 142.7133 212.9098 1.5829 1.7507 4.1833 -40.8449 3.2600 60.8783 -8.5741 0.0508
Cyclist -1 -1 -4.1511 1197.3778 158.7846 1241.0000 218.2243 1.6319 0.6194 1.6943 17.4580 1.2453 20.3613 -3.4496 0.2446
Cyclist -1 -1 -3.5751 1085.0402 127.5642 1135.6912 169.6941 1.8298 0.6022 1.7462 22.0262 -0.1417 31.8462 -2.9740 0.1348
Cyclist -1 -1 -3.3940 1028.2990 131.7533 1076.9470 172.9931 1.7935 0.6389 1.7290 19.5290 0.0058 31.9351 -2.8491 0.1029
Cyclist -1 -1 -4.8555 948.4894 133.1313 964.4279 166.0994 1.7055 0.5262 1.6845 18.4720 -0.3696 38.5707 -4.4116 0.0994
Cyclist -1 -1 -5.7415 1189.4026 123.9702 1241.0000 166.3795 1.7518 0.5705 1.6568 25.9045 -0.2859 30.9488 -5.0490 0.0978
Pedestrian -1 -1 -3.9292 1058.2167 129.2117 1081.8796 171.2474 1.8353 0.6378 0.6096 20.2993 -0.0722 31.9106 -3.3666 0.0951
Cyclist -1 -1 -8.3694 917.8610 133.8603 943.2700 166.5515 1.7093 0.5205 1.6088 17.2183 -0.3471 38.8726 -7.9550 0.0854
Pedestrian -1 -1 -4.0315 1207.0090 128.7433 1235.9078 170.0033 1.7412 0.6232 0.7307 26.1181 -0.1238 30.8767 -3.3339 0.0849
Cyclist -1 -1 -4.9672 943.8289 130.2017 964.1675 164.9505 1.7758 0.5591 1.6781 18.1366 -0.4278 38.1491 -4.5261 0.0808
Pedestrian -1 -1 -8.5104 904.6506 137.8452 924.9096 171.0293 1.7838 0.7539 0.6844 16.5426 -0.1007 39.2613 -8.1142 0.0764
Cyclist -1 -1 -4.8248 956.4799 133.6742 970.1509 167.0116 1.7224 0.4664 1.6358 18.7691 -0.3183 38.4255 -4.3733 0.0707
Cyclist -1 -1 -8.2367 935.5223 133.3639 959.4262 167.7389 1.7724 0.5409 1.7197 17.8763 -0.2782 38.3343 -7.8031 0.0707
Pedestrian -1 -1 -2.7632 636.9309 170.5260 654.0972 200.9987 1.7088 0.5091 0.8430 1.9749 1.5779 40.8661 -2.7157 0.0683
Pedestrian -1 -1 -4.6456 1087.3625 133.9918 1104.9955 173.3618 1.7172 0.6143 0.5302 21.4308 0.0218 31.8684 -4.0577 0.0673
Pedestrian -1 -1 -3.4971 770.2470 160.3173 783.9258 204.5174 1.8221 0.4905 0.4076 6.9045 1.3050 30.0142 -3.2735 0.0651
Pedestrian -1 -1 -2.6809 617.1054 169.7231 636.0413 202.0803 1.8161 0.5925 0.9063 0.9046 1.6401 40.9703 -2.6595 0.0579
Cyclist -1 -1 -5.2919 906.6602 132.9461 933.9598 166.2854 1.7625 0.5509 1.6467 16.8667 -0.3663 39.3410 -4.8893 0.0563
Cyclist -1 -1 -6.5743 1184.9272 127.0846 1238.5027 168.7353 1.7595 0.6129 1.6729 25.9595 -0.1819 31.2077 -5.8848 0.0562
Cyclist -1 -1 -5.8358 1205.7385 126.0311 1241.0000 167.3751 1.7053 0.4895 1.6141 26.4811 -0.2407 30.8191 -5.1304 0.0559
Cyclist -1 -1 -5.4456 1042.0613 130.0139 1086.6742 170.5314 1.7376 0.6396 1.7817 20.0725 -0.1063 31.9831 -4.8891 0.0558
Pedestrian -1 -1 -4.9999 1123.8894 129.5719 1142.6796 165.9057 1.8866 0.6605 0.5844 27.5130 -0.3699 37.9973 -4.3766 0.0534
Cyclist -1 -1 -5.3951 1084.9613 123.9508 1135.9391 168.2805 1.8812 0.8365 1.8872 21.9779 -0.2080 31.7950 -4.7943 0.0524
Pedestrian -1 -1 -4.5306 656.9603 164.4272 670.7447 198.7698 1.9076 0.6225 0.9011 2.9957 1.4392 40.5924 -4.4579 0.0523
Cyclist -1 -1 -5.3504 876.9716 140.1089 905.7820 172.2900 1.7155 0.5773 1.6735 15.3032 -0.0318 39.3772 -4.9822 0.0516
Cyclist -1 -1 -5.3251 923.9876 133.7020 952.9160 167.3724 1.7490 0.5445 1.6684 17.5324 -0.3004 38.6335 -4.9017 0.0513
Cyclist -1 -1 -4.6000 1030.2483 150.4224 1076.6321 240.1150 1.6991 0.6183 1.8202 8.9243 1.2739 14.5798 -4.0601 0.0508
Cyclist -1 -1 -4.8810 959.1562 135.9753 974.3348 168.2020 1.6766 0.4505 1.6546 19.0584 -0.2550 38.6429 -4.4257 0.0504
Cyclist -1 -1 -5.3730 887.1509 135.5207 917.5462 169.5467 1.7719 0.6234 1.6485 15.5959 -0.1814 38.6237 -4.9918 0.0501
Car -1 -1 -4.4233 1072.3674 152.4824 1241.0000 261.1985 1.5589 1.4941 3.4563 9.1747 1.2664 11.9773 -3.7817 0.8947
Car -1 -1 -4.1290 908.8399 159.3918 1053.7936 229.0816 1.5705 1.4677 3.5770 9.1270 1.2668 17.7858 -3.6619 0.8655
Car -1 -1 -4.1229 866.7802 162.9115 987.5036 221.3905 1.5456 1.4668 3.5194 9.0513 1.2825 20.6410 -3.7153 0.8243
Car -1 -1 -3.3594 748.8840 165.7188 840.1752 202.5175 1.6061 1.6003 3.7010 8.1751 1.2944 32.3419 -3.1144 0.7759
Car -1 -1 -3.9762 810.9528 167.6239 912.1744 212.0802 1.5385 1.4745 3.6109 9.2046 1.3572 26.4873 -3.6456 0.6574
Car -1 -1 -4.5990 507.5633 175.4922 560.7180 221.2735 1.6727 1.6339 4.2219 -2.9872 1.7851 28.7253 -4.7023 0.6389
Car -1 -1 -4.3542 971.5684 161.1128 1107.1046 242.6017 1.4882 1.4245 3.0247 8.7234 1.2734 14.6857 -3.8274 0.6137
Car -1 -1 -3.9210 837.3196 167.8767 967.9568 216.3279 1.4801 1.5804 4.0086 9.5088 1.3278 23.5510 -3.5420 0.6020
Car -1 -1 -4.5837 528.6875 179.1180 573.1160 212.9585 1.4733 1.5819 4.1916 -2.7900 1.7896 34.3331 -4.6647 0.4297
Car -1 -1 -4.1020 799.7769 169.5489 886.1113 207.4474 1.4494 1.4572 3.7553 9.4526 1.3227 29.3127 -3.7934 0.3282
Car -1 -1 -8.0723 554.3452 176.7325 584.5093 196.0127 1.4711 1.6258 3.8095 -3.3182 1.7932 57.9341 -8.1296 0.3029
Car -1 -1 -3.5879 1017.6986 131.5720 1137.2906 169.0679 1.6265 1.6722 4.2291 20.9934 -0.1771 32.6058 -3.0197 0.2151
Car -1 -1 -3.2715 744.4781 164.0194 842.9423 199.9976 1.6820 1.6400 4.4198 8.7464 1.2687 34.7985 -3.0276 0.1689
Car -1 -1 -4.4771 519.7496 178.9993 551.7401 197.8482 1.4059 1.6213 4.0905 -5.8859 1.9121 57.3435 -4.5793 0.1281
Car -1 -1 -4.1478 477.3542 175.9141 542.3246 206.0730 1.5680 1.6249 4.1291 -5.5457 1.7475 40.1791 -4.2845 0.1148
Car -1 -1 -4.7893 929.0815 136.1577 967.9614 164.8002 1.4885 1.6747 3.9560 19.0700 -0.4802 40.8490 -4.3550 0.1093
Car -1 -1 -4.2206 1237.8798 152.8094 1241.0000 277.5114 1.4546 1.5924 3.9008 10.6968 1.2205 9.6862 -3.4008 0.1039
Car -1 -1 -6.0226 1196.5187 120.0489 1241.0000 160.5908 1.5155 1.6601 3.7584 27.1562 -0.5484 30.2234 -5.2950 0.0994
Car -1 -1 -5.5494 851.7075 138.5218 929.9372 167.8517 1.5181 1.6499 3.9734 15.5411 -0.2940 40.2221 -5.1829 0.0921
Car -1 -1 -4.4186 417.8019 190.1363 450.2127 209.4403 1.4904 1.6232 3.8566 -14.9113 3.0033 61.2053 -4.6570 0.0911
Car -1 -1 -7.9630 1155.5786 155.2067 1241.0000 210.7612 1.5410 1.6455 3.7598 17.8419 1.0512 22.0422 -7.2892 0.0905
Car -1 -1 -5.0587 1097.5460 129.8901 1164.4893 160.7528 1.5114 1.6831 3.9502 28.1205 -0.6923 39.1328 -4.4388 0.0892
Car -1 -1 -4.7309 894.7631 135.8758 927.1980 165.4119 1.5916 1.6554 3.8499 17.4492 -0.4554 42.0312 -4.3396 0.0791
Car -1 -1 -4.7365 966.7906 133.4304 1003.6302 163.7744 1.5120 1.6686 3.9877 20.3975 -0.5233 39.4041 -4.2616 0.0619
Car -1 -1 -7.8650 627.6241 176.0599 653.9283 201.2377 1.4758 1.5582 3.5956 1.8413 1.6816 44.5766 -7.8245 0.0598
Car -1 -1 -5.3217 1045.6523 129.8629 1127.2311 160.3599 1.5105 1.6662 4.0984 25.9370 -0.7204 39.5105 -4.7439 0.0595
Car -1 -1 -5.0705 389.4619 187.2115 430.2731 210.1786 1.7151 1.7712 4.4519 -16.4561 2.9371 59.1049 -5.3413 0.0540
Car -1 -1 -7.6476 585.9187 174.8823 629.5571 204.7719 1.5913 1.6696 4.1039 -0.1097 1.7120 40.8870 -7.6508 0.0531
Car -1 -1 -8.4251 1097.0856 131.4632 1207.2048 170.1443 1.4387 1.6437 3.9799 21.7111 -0.1175 29.1612 -7.7896 0.0531
Car -1 -1 -4.6218 492.9974 180.8601 518.3104 199.9109 1.3883 1.6020 3.9906 -8.1377 2.0355 56.3254 -4.7650 0.0518
