Pedestrian -1 -1 -4.8076 241.9874 169.2912 276.8893 252.6752 1.7879 0.6205 0.8464 -7.8280 1.7112 15.9939 -5.2566 0.4208
Pedestrian -1 -1 -4.4656 260.8758 166.9043 283.5328 218.1955 1.9563 0.6709 0.5789 -13.0858 1.7290 27.8668 -4.9012 0.3848
Pedestrian -1 -1 -5.4982 422.4638 174.5694 447.9207 216.7786 1.7242 0.6418 0.8131 -7.3109 1.7964 30.0000 -5.7357 0.1702
Pedestrian -1 -1 -8.0043 738.2969 165.9162 750.1335 195.7225 1.8791 0.6318 0.7563 8.4960 1.4414 45.8752 -7.8227 0.1546
Cyclist -1 -1 -7.8451 2.5363 175.4594 9.8886 205.3316 1.6075 0.2925 1.5604 -33.2100 1.7529 39.6455 -8.5392 0.1482
Pedestrian -1 -1 -5.8940 665.1486 169.0085 677.3411 191.6256 1.8619 0.4603 0.8998 5.0511 1.5451 59.8102 -5.8105 0.1277
Car -1 -1 -3.8981 291.9382 170.8059 346.0625 192.0631 1.7284 1.6618 4.2602 -24.5461 1.5615 60.9481 -4.2797 0.1021
Cyclist -1 -1 -4.0907 19.8280 173.6716 132.3693 288.4347 1.7473 0.4951 1.8545 -8.8081 1.7616 11.9274 -4.7163 0.0985
Cyclist -1 -1 -7.5013 519.7956 171.3246 529.0614 187.7550 1.5400 0.3857 1.4798 -8.1275 1.3964 68.3951 -7.6194 0.0974
Pedestrian -1 -1 -2.9809 398.6805 172.0552 409.4709 199.1537 1.8000 0.6632 0.5961 -13.8120 1.7466 48.2908 -3.2583 0.0928
Pedestrian -1 -1 -3.3199 153.4433 169.5181 174.7931 222.3865 1.8639 0.5037 0.5708 -15.9996 1.7460 25.8159 -3.8703 0.0785
Car -1 -1 -5.7787 12.8887 180.1375 126.5942 212.6184 1.4989 1.6416 4.1227 -26.0668 1.8616 34.8733 -6.4171 0.0682
Car -1 -1 -4.6365 696.1567 173.1493 724.1474 196.5908 1.5440 1.6092 4.1559 6.9143 1.5650 49.7822 -4.4997 0.0658
Car -1 -1 -7.8335 451.6318 164.2096 473.2806 188.0154 1.9288 1.6976 4.2214 -12.4017 1.2281 60.6892 -8.0345 0.0641
Car -1 -1 -7.9815 366.4417 172.1560 395.4625 192.6942 1.5595 1.6603 4.2405 -18.1724 1.5062 57.0604 -8.2888 0.0611
Car -1 -1 -4.5065 495.5477 170.3922 523.9635 189.8919 1.6586 1.6478 4.2353 -8.8106 1.4489 63.5405 -4.6440 0.0601
Pedestrian -1 -1 -3.9027 770.5533 162.7235 783.9059 198.5696 1.8906 0.5230 0.4574 8.8597 1.3560 38.3980 -3.6779 0.0594
Pedestrian -1 -1 -4.7738 790.4265 159.6984 806.9351 205.0475 1.9629 0.6640 0.5448 8.2067 1.3932 31.5621 -4.5221 0.0591
Car -1 -1 -7.6863 412.8774 169.9202 440.4835 188.8340 1.5609 1.6334 4.0347 -15.6408 1.3185 61.6212 -7.9341 0.0504
Pedestrian -1 -1 -4.7696 757.7362 164.9577 776.9429 219.1165 1.8461 0.5945 0.9502 5.4216 1.5766 25.1091 -4.5599 0.6744
Pedestrian -1 -1 -5.8606 487.0119 171.3361 506.1496 204.2629 1.8169 0.6345 0.8709 -6.3598 1.7329 40.2360 -6.0168 0.5208
Pedestrian -1 -1 -5.0089 776.3647 166.9995 801.1953 219.8220 1.7668 0.5975 0.8400 6.0339 1.5707 24.5704 -4.7715 0.4733
Pedestrian -1 -1 -4.2081 1113.3439 137.8363 1222.3109 307.3009 1.7870 0.6318 0.8751 6.1805 1.4174 8.0785 -3.5730 0.3788
Pedestrian -1 -1 -3.3343 472.8868 169.1251 486.6495 197.2672 1.8739 0.6174 0.8065 -8.7842 1.6253 48.4799 -3.5129 0.3368
Pedestrian -1 -1 -6.6304 679.2535 172.1685 698.4269 202.7692 1.7133 0.5508 0.9455 4.4163 1.6746 40.7772 -6.5238 0.2361
Pedestrian -1 -1 -6.5747 452.4883 173.2823 464.5617 196.5557 1.7364 0.6273 0.7401 -11.4299 1.7686 54.3032 -6.7815 0.1773
Pedestrian -1 -1 -3.4260 511.4702 168.2621 523.2951 194.5810 1.9218 0.5411 0.7406 -6.8442 1.5862 53.0816 -3.5539 0.1532
Pedestrian -1 -1 -8.6594 704.7474 175.8875 721.9461 208.7341 1.5875 0.5417 0.6365 5.0242 1.7377 35.3677 -8.5200 0.1441
Pedestrian -1 -1 -3.3277 524.2900 167.4697 538.4001 194.8946 1.9179 0.5070 0.9099 -5.5736 1.5410 50.8336 -3.4367 0.1413
Pedestrian -1 -1 -5.7991 1170.4097 121.9482 1241.0000 295.8861 1.8469 0.6018 0.8148 6.9121 1.3060 8.1538 -5.1140 0.1306
Pedestrian -1 -1 -3.4227 696.8129 171.4121 709.2383 203.4613 1.7239 0.6442 0.5087 5.0094 1.6461 39.1695 -3.2969 0.1260
Pedestrian -1 -1 -4.6701 705.1085 166.1240 723.8327 217.4741 1.8525 0.6479 0.8874 3.7995 1.6094 26.5256 -4.5300 0.1207
Cyclist -1 -1 -4.8447 525.2877 169.2468 537.1932 195.1246 1.7870 0.6030 1.7665 -5.5779 1.5376 50.7560 -4.9539 0.1112
Pedestrian -1 -1 -5.7038 1142.5590 134.3502 1241.0000 302.5044 1.7762 0.6177 0.8108 6.5581 1.3692 8.1052 -5.0416 0.0961
Pedestrian -1 -1 -6.3504 502.5619 172.5190 511.2692 195.3869 1.7110 0.6323 0.6078 -7.7965 1.6856 54.3585 -6.4926 0.0886
Cyclist -1 -1 -6.8620 702.0834 172.1128 737.6256 208.1528 1.7365 0.6894 1.6108 5.3519 1.7005 35.4147 -6.7137 0.0824
Pedestrian -1 -1 -4.1514 1070.3068 146.1077 1134.9381 279.8825 1.7997 0.5068 0.6008 6.8092 1.4396 10.0623 -3.5706 0.0785
Cyclist -1 -1 -7.4383 727.0076 172.9213 744.6295 202.8041 1.6023 0.3970 1.4574 6.8401 1.6058 39.4098 -7.2682 0.0658
Cyclist -1 -1 -8.3213 678.6824 173.3283 698.5818 203.5276 1.6702 0.4958 1.4877 4.3912 1.6972 40.7138 -8.2152 0.0648
Cyclist -1 -1 -4.8793 475.8495 171.0352 487.9202 197.4717 1.7377 0.5106 1.7553 -8.6219 1.6178 48.3390 -5.0552 0.0608
Cyclist -1 -1 -5.1945 800.5599 166.9003 837.6398 219.2315 1.6925 0.4564 1.6853 6.9481 1.4997 24.2081 -4.9188 0.0605
Pedestrian -1 -1 -7.2473 765.6012 169.4032 778.8721 204.9759 1.7929 0.5420 0.3736 8.2097 1.6187 36.6917 -7.0294 0.0567
Cyclist -1 -1 -3.4134 763.0527 165.2214 817.1891 219.7820 1.8407 0.4071 1.7439 6.0809 1.5829 24.5743 -3.1742 0.0564
Car -1 -1 -7.3734 447.4774 171.6873 492.1341 193.8806 1.6491 1.7038 4.0637 -10.8181 1.5621 55.8045 -7.5643 0.1407
Car -1 -1 -2.9182 709.4136 175.4966 783.5694 206.8608 1.4846 1.5220 3.3584 6.7234 1.6202 35.7462 -2.7343 0.1375
Car -1 -1 -7.1301 1216.3005 151.2718 1241.0000 364.4658 1.4871 1.5572 4.0114 7.5851 1.3363 5.8902 -6.2437 0.1328
Car -1 -1 -5.0843 892.5577 161.3279 1040.4872 243.7786 1.6201 1.5944 3.9220 7.7401 1.3933 16.1873 -4.6459 0.1121
Car -1 -1 -2.9167 666.4493 172.4420 737.1871 202.7245 1.6149 1.6375 3.6044 5.0425 1.5926 39.8641 -2.7923 0.1020
Car -1 -1 -6.1873 302.9259 179.1090 369.6194 202.9241 1.4966 1.6163 3.9521 -17.9256 1.9178 47.3217 -6.5479 0.0941
Car -1 -1 -6.5763 486.4787 175.1308 542.1942 195.2405 1.4962 1.6591 3.9457 -7.3988 1.6763 55.6091 -6.7083 0.0810
Car -1 -1 -7.7422 678.2115 172.0629 711.0668 198.3636 1.5505 1.5989 3.8985 5.2378 1.5035 44.6153 -7.6265 0.0522
Car -1 -1 -5.1751 713.5399 172.2921 774.8503 201.5008 1.5720 1.7056 4.2396 7.5318 1.5415 41.1064 -4.9956 0.0500
