Pedestrian -1 -1 -5.2208 980.3956 210.4362 1080.7499 369.0000 1.2772 0.4164 0.5696 3.1460 1.5165 5.3563 -4.7132 0.0703
Cyclist -1 -1 -4.9592 668.6838 165.0502 692.5729 209.5323 1.7336 0.5825 1.5777 2.9949 1.1317 28.3770 -4.8535 0.0591
Pedestrian -1 -1 -7.7961 267.2283 164.0241 303.7577 256.9064 1.7466 0.5967 0.8320 -6.2656 1.4372 13.7902 -8.2122 0.0540
Pedestrian -1 -1 -6.2706 1154.3385 164.4785 1186.2356 238.2101 1.8639 0.6785 0.6364 14.6170 1.4592 18.3375 -5.6046 0.0533
Pedestrian -1 -1 -5.1074 396.6302 165.4957 440.1310 248.3455 1.7170 0.6223 0.8591 -4.0573 1.4064 15.1836 -5.3615 0.0502
Pedestrian -1 -1 -6.0905 470.0659 154.5890 572.5383 314.2553 1.8021 0.6089 1.1020 -1.0206 1.5101 8.3263 -6.2062 0.8786
Cyclist -1 -1 -7.6797 518.4510 159.9124 562.5969 262.3854 1.7590 0.5093 1.7740 -1.2102 1.4060 13.0425 -7.7682 0.2904
Cyclist -1 -1 -7.6759 113.7960 167.3959 163.4158 260.7190 1.6634 0.4805 1.6928 -8.9063 1.4302 13.4767 -8.2472 0.2311
Cyclist -1 -1 -7.7470 493.6217 159.9010 526.6766 263.8281 1.7796 0.4150 1.7437 -1.7691 1.4272 12.9835 -7.8773 0.2211
Pedestrian -1 -1 -4.9447 839.1838 169.6558 870.3994 234.6738 1.6018 0.5868 0.7197 6.2406 1.3349 17.8062 -4.6115 0.1910
Pedestrian -1 -1 -4.8653 1178.6688 169.6094 1223.0000 270.5179 1.6506 0.5953 0.6732 10.1353 1.4728 12.0070 -4.1757 0.1628
Pedestrian -1 -1 -5.6510 814.3065 168.7639 863.8408 253.6293 1.6322 0.5563 0.7518 4.6053 1.4069 14.0662 -5.3396 0.1585
Pedestrian -1 -1 -4.7367 1011.7808 168.2220 1047.9415 269.4976 1.6818 0.5096 0.5453 7.2146 1.4783 12.1034 -4.2090 0.1537
Pedestrian -1 -1 -6.3556 482.8655 160.0921 531.0903 260.9940 1.7728 0.6843 0.8202 -1.8370 1.4146 12.8426 -6.4924 0.1249
Cyclist -1 -1 -6.2948 660.0837 142.8516 691.6882 174.8640 1.7813 0.6397 1.7594 3.9796 -0.3209 39.8792 -6.1940 0.1126
Pedestrian -1 -1 -4.6963 880.0627 194.8186 918.5883 286.8114 1.2815 0.5055 0.5281 4.2328 1.4973 10.2971 -4.3154 0.1097
Cyclist -1 -1 -5.2665 823.6999 163.7054 873.3074 233.4646 1.7320 0.5061 1.4775 6.2494 1.3154 18.3321 -4.9416 0.1016
Pedestrian -1 -1 -8.2878 943.2914 164.8318 997.0015 269.1225 1.6688 0.5805 0.6020 5.9413 1.4185 11.6232 -7.8246 0.0973
Pedestrian -1 -1 -8.1033 1021.9137 161.1251 1070.9652 271.4322 1.7673 0.5603 0.5581 7.2283 1.4572 11.6762 -7.5594 0.0875
Cyclist -1 -1 -7.6212 91.6477 168.5544 150.1554 260.6220 1.6251 0.5291 1.6475 -9.1484 1.4146 13.3448 -8.2093 0.0872
Pedestrian -1 -1 -4.9111 678.2549 172.1794 713.6987 252.2177 1.6014 0.5798 0.7655 1.8173 1.4352 14.5498 -4.7878 0.0866
Pedestrian -1 -1 -5.9842 620.6187 164.5977 651.4832 235.7625 1.7707 0.6085 0.6341 0.7524 1.3753 17.9855 -5.9413 0.0847
Cyclist -1 -1 -6.3203 811.8027 164.6339 878.4796 234.1661 1.7209 0.6198 1.5818 6.0536 1.3285 18.0174 -5.9998 0.0846
Cyclist -1 -1 -8.2052 852.8394 175.8473 930.9331 282.2866 1.5202 0.5575 1.6628 4.3399 1.4541 10.9344 -7.8356 0.0844
Pedestrian -1 -1 -4.0376 855.0432 161.6659 912.3654 266.9788 1.7201 0.5842 0.7197 4.6712 1.4128 11.9823 -3.6730 0.0834
Cyclist -1 -1 -7.9860 957.0598 169.2062 1010.8204 280.3345 1.6188 0.4801 1.8858 5.9522 1.4547 11.2682 -7.5100 0.0830
Pedestrian -1 -1 -7.8955 1083.4675 152.2078 1130.1575 268.0491 1.8271 0.5864 0.6697 8.1626 1.3813 11.5915 -7.2932 0.0801
Pedestrian -1 -1 -8.1112 546.0396 159.4815 577.7642 234.5353 1.8266 0.6318 0.7018 -1.1223 1.3154 17.6393 -8.1718 0.0791
Cyclist -1 -1 -3.3800 995.8813 155.5528 1146.6396 270.4194 1.7935 0.6601 1.9728 7.5783 1.4043 11.6688 -2.8148 0.0789
Cyclist -1 -1 -4.7946 663.5803 142.2097 675.3196 173.3842 1.7062 0.5197 1.7319 3.6227 -0.4108 39.9624 -4.7027 0.0774
Cyclist -1 -1 -3.8596 953.6010 157.6882 1083.7263 268.9477 1.7896 0.5958 1.9977 6.8840 1.4230 11.8650 -3.3438 0.0735
Pedestrian -1 -1 -7.6344 664.9352 169.9212 703.9956 262.0944 1.6560 0.5658 0.7995 1.4408 1.4663 13.1723 -7.5263 0.0735
Pedestrian -1 -1 -7.8022 1002.6127 162.0797 1042.0745 269.9023 1.7453 0.5470 0.5794 6.9399 1.4475 11.8365 -7.2819 0.0727
Pedestrian -1 -1 -8.2989 977.6276 159.3796 1031.0209 268.7023 1.7502 0.5693 0.5711 6.5018 1.4124 11.6201 -7.7987 0.0723
Cyclist -1 -1 -7.5566 130.1532 167.8123 192.4449 258.2345 1.6328 0.5198 1.7312 -8.5860 1.4041 13.6705 -8.1051 0.0721
Pedestrian -1 -1 -5.0570 845.0869 160.2064 895.0635 262.8288 1.7664 0.6267 0.6897 4.6317 1.4175 12.5163 -4.7091 0.0707
Pedestrian -1 -1 -2.4392 628.4137 169.6302 682.3450 262.7343 1.6355 0.5325 0.8343 0.8675 1.4449 12.9015 -2.3720 0.0689
Pedestrian -1 -1 -3.0316 1117.8749 151.1432 1177.7717 268.5417 1.8438 0.5914 0.7241 8.8301 1.3832 11.5680 -2.3912 0.0671
Pedestrian -1 -1 -4.0054 121.9619 170.1664 173.8243 260.8729 1.6571 0.5739 0.5842 -8.6025 1.4687 13.2469 -4.5686 0.0663
Pedestrian -1 -1 -6.0030 590.6906 150.3298 602.7590 176.3797 1.8612 0.7529 0.6907 -0.5943 -0.3005 51.1171 -6.0125 0.0647
Pedestrian -1 -1 -5.0160 775.4756 165.8326 822.5902 266.3559 1.6947 0.5857 0.7567 3.3175 1.4478 12.3108 -4.7575 0.0643
Pedestrian -1 -1 -5.8246 742.6748 158.1404 798.4516 252.6763 1.8513 0.5687 0.9503 3.3148 1.4138 14.3661 -5.6009 0.0639
Pedestrian -1 -1 -5.7914 500.5644 161.9803 557.1577 260.2549 1.7223 0.6736 0.7998 -1.4257 1.3981 12.8538 -5.8974 0.0614
Pedestrian -1 -1 -7.9071 899.9521 160.9004 942.2142 266.1299 1.7114 0.6078 0.6455 5.2616 1.3930 11.9071 -7.4991 0.0614
Pedestrian -1 -1 -7.3972 987.5131 163.0651 1031.4911 250.4178 1.6614 0.5649 0.5498 7.8666 1.3302 13.8363 -6.8884 0.0611
Pedestrian -1 -1 -4.5619 876.4126 196.4444 914.2054 281.3902 1.2146 0.4579 0.5036 4.2908 1.4608 10.5677 -4.1849 0.0590
Pedestrian -1 -1 -7.4570 666.4397 144.6597 683.3285 176.9564 1.7830 0.7164 0.7276 3.9057 -0.2010 39.6312 -7.3575 0.0587
Pedestrian -1 -1 -7.6998 648.9412 166.9023 686.9127 260.6475 1.6727 0.5788 0.8616 1.1279 1.4305 13.1033 -7.6142 0.0586
Pedestrian -1 -1 -5.0080 531.6697 163.3454 563.4559 237.7084 1.7786 0.5698 0.8024 -1.4608 1.3686 17.3889 -5.0885 0.0575
Cyclist -1 -1 -4.8582 588.5661 150.6963 598.2075 174.3505 1.6676 0.4630 1.6553 -0.8436 -0.4523 51.1449 -4.8725 0.0569
Pedestrian -1 -1 -7.6431 1039.9177 156.6227 1088.2780 269.5810 1.7943 0.5653 0.5778 7.5058 1.4154 11.6355 -7.0810 0.0567
Pedestrian -1 -1 -5.8562 594.4938 159.6063 633.0259 233.9781 1.8087 0.6541 0.7597 0.1806 1.3009 17.6523 -5.8443 0.0531
Pedestrian -1 -1 -8.7735 695.9309 173.2173 743.9001 255.1992 1.6206 0.5757 0.7781 2.3009 1.4770 14.4567 -8.6174 0.0515
Pedestrian -1 -1 -2.5910 101.4489 168.3803 157.4975 257.6385 1.6635 0.5463 0.7032 -9.0894 1.4380 13.4613 -3.1722 0.0513
Car -1 -1 -7.8345 662.9512 145.5792 692.8241 174.3266 1.5657 1.6579 3.6973 4.2795 -0.3773 41.2796 -7.7299 0.2072
Car -1 -1 -5.4869 0.0000 157.7684 144.2977 284.3750 1.7155 1.6719 4.1258 -9.5024 1.4079 10.5814 -6.2018 0.1562
Car -1 -1 -4.7837 575.4999 147.3531 602.1955 172.0367 1.7031 1.6974 3.9085 -1.2246 -0.6490 52.1970 -4.8049 0.0934
Car -1 -1 -2.0724 0.0000 168.8140 23.3935 343.0002 1.5746 1.6246 4.2291 -8.8571 1.4694 7.6731 -2.9070 0.0516
