Car -1 -1 -8.2669 678.3735 185.8916 884.9395 315.4489 1.5446 1.6616 3.5757 2.3150 1.7762 10.9114 -8.0647 0.9526
Car -1 -1 -8.0877 576.0132 192.0995 642.0175 238.3512 1.4179 1.5683 3.4065 -0.1485 2.1466 25.4919 -8.0943 0.9501
Cyclist -1 -1 -4.3704 283.6418 185.5341 386.2473 339.0032 1.6853 0.5869 1.8855 -3.4302 1.8602 9.0261 -4.7250 0.8267
Car -1 -1 -2.2775 116.3682 181.9124 204.1101 212.8057 1.4886 1.6192 3.9843 -23.0636 1.9695 36.9529 -2.8324 0.2461
Pedestrian -1 -1 -3.0582 1206.7498 167.1907 1241.0000 303.1052 1.8578 0.5322 0.6173 8.8668 1.7801 10.2687 -2.3609 0.1087
Car -1 -1 -5.9254 252.6778 183.2523 347.5422 214.1901 1.5926 1.6298 4.3790 -16.5863 2.1627 38.6690 -6.3284 0.1025
Car -1 -1 -4.7321 907.8670 181.9878 939.1101 211.4617 1.6222 1.6176 4.2342 18.7636 2.1997 43.3821 -4.3269 0.1015
Pedestrian -1 -1 -8.0525 204.1305 178.8624 216.5430 207.9614 1.8395 0.5819 0.6381 -25.6376 2.2277 46.2230 -8.5567 0.0965
Car -1 -1 -5.0421 284.8092 190.6328 335.0608 217.6191 1.4308 1.5955 3.8433 -17.8745 2.5341 42.8180 -5.4357 0.0927
Car -1 -1 -4.0484 830.4990 184.4371 887.7940 207.3590 1.5486 1.6817 4.2552 18.1151 2.4210 52.4969 -3.7184 0.0731
Car -1 -1 -4.6648 379.0040 186.3149 413.3501 217.8207 1.5570 1.6179 3.7296 -11.6581 2.3285 39.3720 -4.9513 0.0730
Car -1 -1 -5.9576 795.8378 183.2561 873.2462 211.2256 1.5976 1.6730 4.2535 13.8031 2.2675 44.5639 -5.6596 0.0707
Car -1 -1 -5.0047 413.6422 180.9419 458.3209 208.2348 1.6407 1.6974 4.1441 -11.3880 2.1910 46.9050 -5.2420 0.0696
Cyclist -1 -1 -4.9371 338.9950 186.1796 354.2404 215.2125 1.6823 0.4945 1.7083 -15.8996 2.5000 43.4425 -5.2864 0.0695
Pedestrian -1 -1 -5.5797 446.5717 180.3587 463.7771 215.8224 1.9312 0.6222 0.6927 -8.6014 2.3506 39.9151 -5.7911 0.0670
Car -1 -1 -8.0907 835.4129 182.8103 867.1840 203.3795 1.6811 1.6734 4.2772 21.0973 2.5846 63.3011 -7.7709 0.0641
Car -1 -1 -4.4857 0.0000 157.6960 41.4125 198.9320 1.7644 1.6871 4.1848 -27.7258 1.1155 33.1220 -5.1788 0.0615
Pedestrian -1 -1 -6.4432 1058.5647 168.4032 1147.4767 306.6583 1.7740 0.4625 0.9137 6.5167 1.7166 9.6554 -5.8645 0.0612
Pedestrian -1 -1 -2.4939 513.5324 180.4851 528.1877 212.2034 1.8404 0.6256 0.6010 -5.2842 2.2939 42.4894 -2.6174 0.0593
Pedestrian -1 -1 -7.8087 828.8965 167.8985 843.4634 210.7197 1.9878 0.6343 0.4250 10.5554 1.7575 33.8024 -7.5091 0.0588
Pedestrian -1 -1 -3.4376 918.0884 169.6448 928.0363 196.0543 1.8461 0.6709 0.4651 22.0066 1.6215 50.7977 -3.0312 0.0585
Car -1 -1 -4.1421 254.9770 182.2341 300.9312 209.4167 2.1950 1.6759 4.0074 -28.4122 3.0256 61.8159 -4.5716 0.0575
Pedestrian -1 -1 -3.6942 927.4216 175.3090 944.0140 209.1804 1.8552 0.6115 0.6044 17.9770 1.9919 39.9134 -3.2743 0.0552
Pedestrian -1 -1 -6.2263 799.9451 179.2278 815.1702 208.1760 1.7785 0.7175 0.8790 12.2940 2.1801 45.0199 -5.9619 0.2165
Cyclist -1 -1 -3.3072 426.0740 185.3310 456.0244 214.9106 1.7997 0.6525 1.7379 -10.5876 2.5897 45.0713 -3.5371 0.1007
Cyclist -1 -1 -6.9065 767.5058 181.4509 800.4240 212.4251 1.8074 0.6336 1.9022 10.3621 2.3286 43.1201 -6.6728 0.0996
Cyclist -1 -1 -4.6579 785.4088 178.5494 808.4543 239.6940 1.7747 0.6008 1.6484 5.6573 1.9548 21.9818 -4.4101 0.0860
Pedestrian -1 -1 -3.5479 928.3146 175.7752 943.7424 209.2600 1.8365 0.5518 0.6075 17.9896 1.9989 39.9034 -3.1276 0.0775
Cyclist -1 -1 -6.0635 436.7542 184.7677 467.8430 215.1124 1.8261 0.6103 1.7606 -9.6395 2.5569 43.9722 -6.2786 0.0682
Cyclist -1 -1 -4.7774 773.3768 177.7941 798.4402 238.4641 1.7791 0.6276 1.7066 5.3475 1.9369 22.1973 -4.5448 0.0676
Cyclist -1 -1 -4.9223 339.6856 184.6999 354.7919 214.1963 1.7177 0.4992 1.7769 -15.9250 2.4479 43.6144 -5.2708 0.0655
Cyclist -1 -1 -7.3249 432.7897 185.1205 454.8909 214.0271 1.7455 0.5406 1.7533 -10.4467 2.5303 45.2643 -7.5510 0.0619
Cyclist -1 -1 -7.3880 442.9786 186.0506 465.3336 216.1773 1.7631 0.5921 1.7893 -9.5244 2.5846 43.9903 -7.6005 0.0519
Car -1 -1 -3.7804 521.6998 187.9768 590.0598 216.0860 1.4421 1.5694 3.6269 -3.0629 2.3324 40.7128 -3.8556 0.6991
Car -1 -1 -4.9146 277.0150 183.2600 321.8972 212.0102 1.6226 1.6852 4.5088 -19.3335 2.3012 44.7408 -5.3206 0.6471
Car -1 -1 -4.0528 750.4154 184.4446 804.2416 211.1753 1.4959 1.4736 3.2501 10.0380 2.2179 43.3649 -3.8274 0.6196
Car -1 -1 -7.1076 636.1740 184.8279 708.4399 218.1219 1.5733 1.6018 3.7529 3.2142 2.2226 37.2876 -7.0230 0.5906
Car -1 -1 -7.2375 693.2236 185.6723 760.6040 214.5786 1.4660 1.6726 4.0993 6.5595 2.2209 40.4600 -7.0786 0.4837
Car -1 -1 -3.1718 877.3019 180.9657 964.5844 212.4583 1.5819 1.7344 4.2026 16.5246 2.0334 38.6218 -2.7708 0.3255
Car -1 -1 -4.6647 845.0981 181.5528 866.5133 201.4667 1.6287 1.5990 3.6627 21.3757 2.4091 62.7547 -4.3384 0.3212
Car -1 -1 -4.1144 610.7403 185.7598 666.3436 212.0326 1.5027 1.5451 3.9349 1.8013 2.3494 45.3153 -4.0755 0.2452
Car -1 -1 -4.5140 726.7394 186.5358 811.5798 247.0696 1.4772 1.6163 4.1430 4.6385 1.9141 20.8336 -4.2988 0.1246
Car -1 -1 -4.9851 418.6218 185.6727 460.2436 212.8094 1.6045 1.6390 3.8641 -11.1156 2.4713 46.7214 -5.2179 0.1111
Car -1 -1 -6.1258 798.2222 181.1038 865.7460 207.7474 1.5683 1.6679 3.8173 13.8173 2.1010 45.0372 -5.8305 0.0963
Car -1 -1 -7.2554 439.7702 188.2601 497.8478 215.5150 1.5437 1.6574 3.9355 -8.8619 2.5587 45.4160 -7.4476 0.0748
Car -1 -1 -4.5842 653.0779 183.9516 689.3088 211.8008 1.5347 1.6693 4.2392 3.7270 2.2427 43.8016 -4.5005 0.0678
Car -1 -1 -6.7138 410.6854 187.7086 487.6302 218.2986 1.5639 1.6696 3.8733 -9.0400 2.4353 40.5066 -6.9325 0.0642
