Pedestrian -1 -1 -6.0646 160.1942 183.1929 174.9600 211.5048 1.8942 0.5037 0.7618 -30.0121 2.5997 48.8993 -6.6129 0.2849
Pedestrian -1 -1 -6.0694 644.1456 172.4286 658.0493 197.1423 1.8499 0.4653 0.9696 3.0684 1.8178 54.3629 -6.0138 0.2844
Car -1 -1 -4.2307 60.3960 193.1161 128.0647 222.2640 1.5796 1.6374 4.1404 -31.5781 2.8831 44.2689 -4.8477 0.2100
Car -1 -1 -8.0424 834.5837 174.0831 862.5882 192.5361 1.5465 1.6414 3.6588 20.6535 1.6562 62.6457 -7.7257 0.1854
Pedestrian -1 -1 -5.9339 608.2551 173.3581 618.0887 198.0734 1.7515 0.5439 0.5494 0.1968 1.7875 51.4984 -5.9306 0.1260
Car -1 -1 -3.2851 451.4101 176.8995 505.3388 193.4546 1.4674 1.6637 4.6806 -12.1069 1.8471 66.2389 -3.4655 0.1152
Pedestrian -1 -1 -5.7696 290.8309 180.0824 302.1366 200.1232 1.8446 0.4893 0.8281 -29.0911 2.5174 66.9058 -6.1786 0.1078
Cyclist -1 -1 -8.3257 1181.6942 181.0822 1223.5375 227.4004 1.6993 0.5227 1.6810 22.6468 2.0244 27.6596 -7.6454 0.1077
Car -1 -1 -7.8664 1039.9779 167.4777 1061.2141 184.9415 1.5868 1.6376 4.0929 41.3104 1.0980 67.7381 -7.3209 0.1026
Pedestrian -1 -1 -5.6238 638.5313 174.2865 649.4177 195.3789 1.7820 0.5089 0.7774 2.8691 1.9046 61.4648 -5.5778 0.0909
Pedestrian -1 -1 -6.7878 835.3627 171.0726 846.5643 192.4963 1.7972 0.5183 0.7412 19.4534 1.6475 60.8555 -6.4801 0.0853
Car -1 -1 -4.6644 479.0698 175.2272 506.2994 200.9424 1.6475 1.6221 4.0650 -7.9154 1.8145 48.7285 -4.8250 0.0696
Pedestrian -1 -1 -6.0254 1118.6825 184.5958 1131.7533 221.4665 1.6049 0.4396 0.3720 22.7147 2.1278 31.8706 -5.4111 0.0661
Pedestrian -1 -1 -6.1378 492.2691 176.5047 498.8584 199.6926 1.6275 0.7064 0.3630 -8.1353 1.8876 51.1093 -6.2952 0.0620
Car -1 -1 -4.6017 488.6199 178.3089 513.9550 198.4815 1.5013 1.5640 3.7333 -8.5248 1.9433 56.6175 -4.7509 0.0581
Car -1 -1 -5.1192 1075.9581 172.3391 1128.7181 194.1431 1.4598 1.5749 4.0015 34.2961 1.4251 50.4212 -4.5249 0.0564
Car -1 -1 -5.1381 971.3056 175.8717 1022.3232 197.8490 1.4532 1.6427 3.9272 26.8484 1.6716 50.2725 -4.6504 0.0545
Car -1 -1 -4.7744 693.6960 175.5030 715.6035 193.8910 1.5325 1.6284 4.1577 8.1918 1.7708 62.8754 -4.6458 0.0537
Car -1 -1 -7.7413 289.6115 182.5333 327.7933 211.1247 1.5205 1.6029 4.0011 -17.5041 2.1119 41.9667 -8.1345 0.0531
Car -1 -1 -5.0818 436.6462 174.9343 482.9087 201.3982 1.6786 1.6670 4.0757 -10.1227 1.8237 48.2701 -5.2878 0.0524
Car -1 -1 -7.1267 293.2227 178.5924 341.1669 199.0850 1.8654 1.7713 4.4351 -28.1240 2.4360 69.4016 -7.5106 0.0504
Car -1 -1 -4.7498 705.6853 174.2667 731.3901 197.7337 1.6373 1.6893 4.2558 7.8755 1.7447 52.8152 -4.6030 0.0504
Cyclist -1 -1 -7.5021 404.9393 180.1277 417.6153 202.4556 1.6324 0.3956 1.5806 -14.9163 2.1853 54.0782 -7.7703 0.1352
Cyclist -1 -1 -7.3615 261.4810 185.3437 278.4302 208.1038 1.5886 0.3981 1.5960 -24.5540 2.5034 52.0561 -7.8006 0.0805
Pedestrian -1 -1 -5.0207 0.0000 186.7629 12.6123 223.2397 1.8801 0.6632 0.4942 -31.9397 2.6186 37.9163 -5.7174 0.0554
Car -1 -1 -3.8085 372.7747 180.0637 435.4024 203.4392 1.6243 1.7002 4.3767 -15.3297 2.1843 53.8080 -4.0851 0.4437
Car -1 -1 -4.3092 240.9360 184.1831 285.2720 206.8764 1.5393 1.6658 3.4971 -25.2180 2.3914 52.5044 -4.7553 0.3153
Car -1 -1 -6.5841 502.2150 177.4578 553.3297 196.0965 1.5323 1.7186 4.0137 -7.0552 1.9359 61.7008 -6.6978 0.2027
Car -1 -1 -4.7365 1202.6162 178.2591 1241.0000 205.0401 1.5280 1.6849 4.2979 37.4469 1.8758 44.2626 -4.0380 0.1540
Car -1 -1 -4.7577 615.2571 175.2580 633.8789 191.4438 1.4839 1.5807 4.2423 1.3444 1.7203 68.9251 -4.7386 0.1524
Car -1 -1 -4.7186 580.1326 176.7486 597.0643 193.6227 1.5337 1.5613 4.0613 -2.0697 1.9147 68.5878 -4.7490 0.1431
Car -1 -1 -4.6614 334.3607 184.3762 361.9150 205.1204 1.3876 1.6933 3.8681 -19.1122 2.2622 52.6898 -5.0081 0.1217
Car -1 -1 -4.4752 294.1540 187.8870 331.4566 208.2136 1.3458 1.6724 3.7932 -21.6981 2.4858 52.7320 -4.8641 0.1167
Car -1 -1 -4.8713 0.0000 193.5653 43.3233 227.8125 1.4802 1.6182 4.0353 -29.3781 2.5540 35.4769 -5.5594 0.1065
Car -1 -1 -4.2136 261.8101 183.8365 326.3802 214.8721 1.5223 1.5842 3.7055 -16.8864 2.1396 38.6624 -4.6232 0.0830
Car -1 -1 -4.9164 1241.0000 179.9176 1241.0000 206.8312 1.4782 1.6546 4.1649 41.2181 1.9204 42.9921 -4.1558 0.0698
Car -1 -1 -4.6154 354.4944 180.9429 384.6429 204.3955 1.5006 1.5938 3.9312 -16.5502 2.0809 49.7032 -4.9355 0.0691
Car -1 -1 -4.7013 267.9472 184.9933 296.2107 208.6973 1.5112 1.7362 4.1894 -22.9869 2.4001 50.5878 -5.1261 0.0662
Car -1 -1 -4.6846 122.6595 185.0390 173.3675 226.3306 1.6175 1.7528 4.1963 -20.3531 2.1930 31.8445 -5.2497 0.0628
Car -1 -1 -4.8477 199.5898 183.7613 251.7626 220.1795 1.6477 1.7517 4.3042 -19.3968 2.2297 36.2570 -5.3362 0.0570
