Cyclist -1 -1 -4.6278 474.2147 171.0057 484.0586 194.6963 1.7162 0.5654 1.7570 -9.2689 1.0284 52.1211 -4.8011 0.2857
Pedestrian -1 -1 -5.4967 353.3757 167.1143 362.6229 201.8863 1.8208 0.4201 0.2300 -13.0331 1.1200 37.2636 -5.8287 0.2459
Cyclist -1 -1 -4.7641 120.4553 177.5910 156.5264 270.9737 1.6276 0.4860 1.7619 -8.7583 1.5773 13.1801 -5.3379 0.1960
Pedestrian -1 -1 -3.8348 121.1138 231.2011 188.7108 351.1320 1.0564 0.3181 0.4386 -4.3173 1.5563 6.7058 -4.3838 0.1717
Pedestrian -1 -1 -3.7145 245.9635 213.6635 282.9663 298.3738 1.1103 0.3346 0.3283 -4.7098 1.5751 9.6733 -4.1531 0.1458
Cyclist -1 -1 -7.5093 401.0224 171.7542 417.5690 202.1141 1.5918 0.3319 1.5943 -10.4907 1.1334 37.8784 -7.7756 0.1328
Pedestrian -1 -1 -4.0338 311.3235 177.9949 353.1658 262.3851 1.4867 0.4728 0.5376 -4.9750 1.4430 12.7856 -4.3947 0.1078
Cyclist -1 -1 -7.1926 412.9638 170.9862 445.5650 215.6910 1.7141 0.4469 1.4528 -6.9411 1.3496 27.8650 -7.4323 0.0978
Car -1 -1 -7.9192 526.6298 165.3528 572.1116 208.0397 1.7508 1.7147 4.4792 -2.5571 1.1298 31.3397 -7.9980 0.0937
Pedestrian -1 -1 -4.9542 404.4857 181.0845 421.2971 220.9669 1.3638 0.4571 0.5006 -6.6955 1.3846 24.5168 -5.2158 0.0846
Car -1 -1 -4.7386 420.0484 167.5677 451.6418 199.1741 1.7246 1.6696 4.2162 -9.8211 1.0191 40.8320 -4.9711 0.0687
Pedestrian -1 -1 -3.3826 582.4335 163.2669 601.0260 204.2635 1.7997 0.6245 0.6974 -0.6166 1.0434 31.4299 -3.4002 0.0686
Pedestrian -1 -1 -7.2303 329.2955 167.8192 404.8202 268.6212 1.7113 0.6688 1.2670 -4.2982 1.4964 12.7086 -7.5471 0.0664
Pedestrian -1 -1 -3.9767 887.5916 155.8901 1011.0127 369.0000 1.7669 0.6113 0.6921 2.7685 1.5791 5.8281 -3.5522 0.0654
Car -1 -1 -5.6017 869.5707 175.3721 1223.0000 347.8151 1.5157 1.6328 4.0561 5.1652 1.4711 8.4000 -5.0654 0.0627
Pedestrian -1 -1 -4.6644 650.7884 157.5436 677.7399 234.4295 1.8444 0.6215 0.9493 1.4307 1.2940 17.4720 -4.5824 0.0627
Cyclist -1 -1 -7.9377 352.2298 173.0224 368.2726 213.1506 1.6567 0.5157 1.6114 -10.4288 1.3482 30.0324 -8.2669 0.0619
Pedestrian -1 -1 -5.5776 568.3298 164.2206 580.3922 193.1429 1.8096 0.5522 0.5286 -1.9398 0.7911 44.6182 -5.6190 0.0616
Cyclist -1 -1 -8.0125 520.0798 172.2174 534.4627 206.1485 1.5969 0.4501 1.5570 -3.7747 1.2073 34.0862 -8.1201 0.0615
Pedestrian -1 -1 -2.9402 0.0000 153.3936 77.9058 310.2056 1.8791 0.5784 0.6945 -7.1680 1.5547 8.8855 -3.5999 0.0600
Cyclist -1 -1 -4.8447 381.1031 167.5707 392.5991 194.3009 1.7250 0.5148 1.6347 -14.3497 0.8907 46.4784 -5.1405 0.0563
Pedestrian -1 -1 -4.2778 953.3953 136.9241 980.6767 191.7725 1.8849 0.6361 0.6517 12.6396 0.3877 24.7503 -3.8090 0.0538
Pedestrian -1 -1 -3.8936 577.9639 164.5866 597.1539 203.8582 1.7914 0.5858 0.6668 -0.8284 1.0657 32.6945 -3.9169 0.0531
Car -1 -1 -8.8577 825.6417 173.1668 1073.7670 271.3434 1.4935 1.5794 3.7441 5.9706 1.3824 12.7571 -8.4278 0.0528
Car -1 -1 -7.7884 327.4456 179.0895 397.7177 237.1649 1.4819 1.6075 3.9856 -6.8492 1.4463 20.1734 -8.1092 0.0528
Cyclist -1 -1 -2.8030 347.4677 164.9543 405.4133 218.3013 1.7849 0.6886 1.7445 -7.7876 1.2650 24.0275 -3.1108 0.0519
Cyclist -1 -1 -7.2589 431.7817 169.8143 459.7885 206.4789 1.7207 0.5167 1.5777 -7.6664 1.2194 34.0104 -7.4769 0.0512
Pedestrian -1 -1 -4.4379 329.3072 155.9419 388.0943 268.4271 1.8782 0.7284 0.9614 -4.3144 1.4685 12.3050 -4.7653 0.5878
Pedestrian -1 -1 -7.3265 355.9095 169.6277 384.4547 221.6728 1.7455 0.6914 0.6470 -8.0332 1.3812 24.1027 -7.6425 0.3936
Cyclist -1 -1 -6.0125 381.1884 172.5879 415.5346 201.7437 1.6949 0.8234 1.7806 -12.1360 1.2351 41.5237 -6.2930 0.3696
Pedestrian -1 -1 -4.9295 821.5068 147.3144 903.8106 333.8327 1.8816 0.6369 0.9036 2.6928 1.5472 7.6171 -4.6008 0.1707
Pedestrian -1 -1 -8.2587 623.4991 173.5998 641.7224 210.9634 1.5116 0.6086 0.4710 1.1013 1.2326 28.9330 -8.2194 0.1504
Pedestrian -1 -1 -2.7524 694.1324 157.6568 744.2851 261.5767 1.8261 0.5592 0.7452 2.0303 1.4251 12.8563 -2.5978 0.0915
Cyclist -1 -1 -7.7025 434.0701 172.9201 448.1271 207.6906 1.6294 0.4218 1.5710 -7.8786 1.2744 33.9323 -7.9268 0.0907
Pedestrian -1 -1 -4.5106 741.7683 149.9911 792.6896 284.8307 1.8788 0.5908 0.7556 2.3239 1.4541 10.3168 -4.2938 0.0875
Pedestrian -1 -1 -3.8450 707.1812 149.6009 765.4813 268.8193 1.9089 0.6077 0.7355 2.1334 1.4145 11.7687 -3.6686 0.0872
Pedestrian -1 -1 -4.7930 358.9002 158.3507 403.8496 269.2230 1.8823 0.6846 1.0861 -4.0565 1.5066 12.6352 -5.0946 0.0850
Pedestrian -1 -1 -2.9473 762.3381 143.7251 856.1180 306.0671 1.8816 0.5545 1.0218 2.4524 1.4558 8.6708 -2.6793 0.0800
Pedestrian -1 -1 -5.0288 624.4166 173.7867 639.7537 210.0213 1.4811 0.5239 0.4319 1.0896 1.2069 29.1812 -4.9902 0.0753
Pedestrian -1 -1 -7.2739 630.2943 174.8132 646.8605 211.2588 1.4860 0.4988 0.4846 1.3591 1.2544 29.1712 -7.2262 0.0748
Pedestrian -1 -1 -5.7614 868.6762 137.3963 994.0961 369.0000 1.8576 0.6125 0.7892 2.7571 1.5153 6.1210 -5.3554 0.0675
Cyclist -1 -1 -8.3841 606.8421 166.4659 640.5285 208.7215 1.7146 0.5770 1.8023 0.7410 1.1454 29.6189 -8.3576 0.0672
Cyclist -1 -1 -2.6100 341.7327 166.8312 396.2946 221.2319 1.7995 0.6007 1.6749 -7.9925 1.3476 23.8591 -2.9275 0.0661
Cyclist -1 -1 -8.0474 621.6329 168.2475 640.2758 208.1637 1.6310 0.4475 1.7911 1.0570 1.1305 29.8092 -8.0106 0.0643
Pedestrian -1 -1 -3.0545 714.8923 153.9235 768.8290 273.1500 1.8437 0.5551 0.8056 2.1452 1.4331 11.3093 -2.8704 0.0615
Cyclist -1 -1 -7.3964 402.7973 170.6090 434.6835 219.2077 1.6676 0.4537 1.5454 -6.6187 1.3284 25.0638 -7.6497 0.0571
Cyclist -1 -1 -7.9523 428.2787 172.2381 441.0911 207.8076 1.6668 0.4485 1.5776 -8.2052 1.2799 33.9522 -8.1855 0.0569
Pedestrian -1 -1 -8.2056 621.6829 168.0406 643.7699 211.7883 1.7476 0.7225 0.6264 1.0932 1.2501 28.6533 -8.1661 0.0564
Cyclist -1 -1 -4.7418 391.1522 174.9055 400.8894 202.7643 1.6110 0.5103 1.4887 -12.3321 1.2876 41.6732 -5.0258 0.0544
Cyclist -1 -1 -7.5100 640.1769 164.8253 667.1772 208.5435 1.7642 0.5791 1.7111 2.0125 1.1319 29.4315 -7.4408 0.0533
Cyclist -1 -1 -8.3691 601.0486 164.0000 634.6169 207.9652 1.7676 0.6206 1.7275 0.4913 1.1044 29.3336 -8.3508 0.0524
Cyclist -1 -1 -7.4254 425.7660 171.1551 450.7826 211.2558 1.7077 0.4867 1.4885 -7.2959 1.3099 30.8873 -7.6533 0.0520
Pedestrian -1 -1 -5.7720 408.1553 170.8191 423.4617 200.3581 1.7148 0.5347 0.6925 -11.0842 1.1529 41.3902 -6.0300 0.0514
Car -1 -1 -7.9394 527.9718 161.3170 575.1949 207.0049 1.8415 1.6790 4.3339 -2.4164 1.0685 30.7716 -8.0152 0.4195
Car -1 -1 -4.8002 516.8653 167.6782 556.9842 202.5613 1.6509 1.6519 4.1788 -3.5065 1.0443 35.6676 -4.8956 0.4118
Car -1 -1 -6.2756 390.3312 173.9714 458.5551 199.8701 1.5136 1.5695 3.9078 -10.8436 1.1321 42.5460 -6.5216 0.4045
Car -1 -1 -2.8689 345.9855 173.8083 446.1560 205.3441 1.4696 1.6323 4.3097 -9.9446 1.1579 33.7841 -3.1508 0.1400
Car -1 -1 -3.1756 420.1815 173.4518 473.0497 195.8861 1.5646 1.6381 3.6339 -11.3346 1.0731 50.5575 -3.3931 0.1312
Car -1 -1 -7.7916 624.8854 173.4200 665.5244 208.8441 1.4390 1.5342 3.5495 1.7616 1.1516 30.5757 -7.7330 0.1036
Car -1 -1 -2.3104 329.1170 178.9817 434.8203 217.5368 1.4460 1.6428 4.1909 -8.9761 1.3893 28.2845 -2.6127 0.0970
Car -1 -1 -2.3481 342.6507 177.3855 434.8180 212.6980 1.4612 1.6171 3.8541 -9.4872 1.3325 30.8908 -2.6414 0.0656
Car -1 -1 -4.5848 376.1977 173.9895 416.8975 202.7641 1.5066 1.6503 4.0064 -11.4883 1.1658 39.1257 -4.8665 0.0502
