Pedestrian -1 -1 -3.8350 423.1245 195.3232 449.2589 242.5853 1.3890 0.4948 0.5943 -5.3365 2.0845 21.9580 -4.0713 0.2234
Pedestrian -1 -1 -4.0687 1101.0247 160.1409 1146.5410 243.3408 1.8766 0.5259 0.7285 11.7913 1.5895 16.6383 -3.4611 0.1941
Pedestrian -1 -1 -4.9684 660.3145 186.4103 680.8806 234.7875 1.4270 0.4851 0.5829 1.7783 1.8424 21.7977 -4.8890 0.1631
Cyclist -1 -1 -2.7636 361.7408 179.5853 403.4940 215.6696 1.7738 0.7234 1.8544 -11.3949 2.1139 36.0581 -3.0680 0.1261
Cyclist -1 -1 -6.1809 122.6936 187.4657 219.2025 269.4098 1.7965 0.6307 1.8561 -10.1929 2.1490 16.7403 -6.7211 0.1080
Car -1 -1 -5.0263 639.4251 180.4349 684.5768 206.3578 1.5638 1.6856 4.2984 3.3061 2.0829 47.1538 -4.9573 0.1044
Pedestrian -1 -1 -6.1839 205.9053 185.5216 217.5886 218.3359 1.8082 0.6207 0.5137 -22.3572 2.5247 40.4435 -6.6864 0.1015
Cyclist -1 -1 -6.4683 691.4037 171.2577 726.6677 201.0827 1.7382 0.7086 1.9575 5.7836 1.6449 42.4551 -6.3343 0.1012
Cyclist -1 -1 -3.6766 175.4481 186.3798 225.2764 232.7142 1.6380 0.5094 1.5672 -15.2328 2.1549 26.7841 -4.1898 0.0898
Car -1 -1 -4.5558 484.0345 173.1348 513.2228 196.6464 1.7449 1.6353 3.8824 -8.5619 1.7670 55.5405 -4.7084 0.0874
Pedestrian -1 -1 -2.3893 505.7642 175.0505 518.5264 198.2240 1.8534 0.4662 0.9621 -7.9291 2.0319 58.2642 -2.5243 0.0832
Pedestrian -1 -1 -5.3035 40.2435 176.8294 70.7329 242.0654 2.0475 0.6185 0.4655 -17.7647 2.1763 23.0590 -5.9545 0.0792
Car -1 -1 -4.9774 1000.7621 173.5387 1086.7639 217.3264 1.4840 1.6462 4.2291 15.9190 1.5112 26.7802 -4.4463 0.0791
Pedestrian -1 -1 -6.1081 684.1994 172.5884 694.1189 194.5778 1.7211 0.7235 0.6630 6.2185 1.7001 56.9159 -6.0002 0.0789
Cyclist -1 -1 -6.5136 1154.7474 165.4359 1227.2766 223.2316 1.8517 0.6414 1.7594 19.0684 1.6137 23.7809 -5.8442 0.0695
Car -1 -1 -4.3523 816.7867 173.0876 868.6268 200.2274 1.4741 1.5509 3.9090 13.3011 1.4878 41.2395 -4.0428 0.0688
Cyclist -1 -1 -5.7078 464.4492 178.0911 491.8545 206.1157 1.8501 0.6558 1.7348 -8.8971 2.2065 48.5081 -5.8887 0.0658
Car -1 -1 -4.8015 546.1429 181.3170 579.8150 208.1508 1.5012 1.6603 4.3717 -2.9564 2.0450 44.0982 -4.8686 0.0653
Pedestrian -1 -1 -2.1916 53.5481 198.0695 110.8491 302.2744 1.6541 0.4992 0.6220 -8.7921 2.0832 11.9518 -2.8155 0.0650
Car -1 -1 -1.6768 0.0000 185.9382 36.0887 210.5756 1.5468 1.7191 4.1408 -40.8604 2.4826 49.5576 -2.3638 0.0644
Car -1 -1 -4.5148 61.0673 194.9711 108.7466 224.8352 1.6272 1.6067 4.1142 -32.5544 3.0673 44.7857 -5.1407 0.0607
Pedestrian -1 -1 -6.1740 1042.5540 164.4138 1062.0468 223.1821 1.8012 0.5972 0.4601 13.7399 1.5422 22.4911 -5.6319 0.0599
Car -1 -1 -4.5047 350.4439 182.5125 389.6754 209.7504 1.5770 1.5770 3.7954 -14.9944 2.2074 45.1479 -4.8240 0.0597
Car -1 -1 -2.3213 113.7974 185.9907 229.5052 228.1726 1.5302 1.6485 3.9355 -17.2395 2.0701 28.3363 -2.8639 0.0577
Cyclist -1 -1 -4.2867 408.2936 185.2711 431.3498 222.5544 1.6585 0.4569 1.4907 -8.8298 2.2460 33.3841 -4.5439 0.0565
Car -1 -1 -8.0881 737.5068 179.4003 786.9141 209.5943 1.4621 1.6177 4.0770 7.8865 1.8244 37.8969 -7.8850 0.0555
Pedestrian -1 -1 -7.9534 440.5673 176.4689 455.5558 215.2941 1.9366 0.6699 0.7416 -8.2416 2.1216 36.5325 -8.1742 0.0548
Cyclist -1 -1 -7.9978 885.1679 165.7293 917.7540 240.7317 1.7218 0.4739 1.7062 6.9769 1.5580 17.4490 -7.6239 0.0528
Car -1 -1 -2.7308 28.4372 183.2119 216.6531 237.7155 1.5922 1.6688 4.6461 -15.2712 1.9364 22.7699 -3.3163 0.0526
Car -1 -1 -4.5355 337.8530 181.6611 374.5890 210.4740 1.9136 1.7171 4.4819 -18.1571 2.5732 51.7068 -4.8720 0.0525
Cyclist -1 -1 -7.2959 1014.5616 161.1110 1048.3489 197.9731 1.7711 0.6613 1.6489 20.6073 1.2066 35.3457 -6.7719 0.0524
Pedestrian -1 -1 -5.2833 251.3123 181.6489 269.4974 214.8572 1.9475 0.6804 0.7488 -20.8970 2.4780 43.0583 -5.7330 0.0516
Car -1 -1 -4.6716 737.8840 173.1445 765.2445 200.5771 1.5817 1.4805 3.7613 8.5590 1.5998 43.6452 -4.4796 0.0509
Cyclist -1 -1 -3.8502 447.4340 186.7093 472.1218 212.5462 1.5687 0.4810 1.5922 -9.4824 2.4555 45.4197 -4.0553 0.0507
Car -1 -1 -4.9021 294.4462 187.8715 324.8180 208.8406 1.6936 1.7333 4.0773 -26.5150 3.0619 63.5759 -5.2961 0.0506
Pedestrian -1 -1 -4.5769 0.0000 184.9899 48.4859 308.0484 1.8355 0.5719 0.6857 -9.2537 2.0325 11.2903 -5.2521 0.3974
Pedestrian -1 -1 -2.9979 832.8671 180.8020 856.8295 239.1509 1.4440 0.5235 0.5118 5.9066 1.6490 18.2974 -2.6911 0.3440
Cyclist -1 -1 -4.5037 258.9418 189.8796 289.7625 244.1996 1.6901 0.6024 1.5942 -11.1114 2.2718 23.8224 -4.9363 0.3221
Cyclist -1 -1 -1.9553 82.2037 190.6097 123.7318 242.9966 1.7095 0.5889 1.6595 -17.4235 2.3347 24.7192 -2.5644 0.2688
Cyclist -1 -1 -4.0920 815.4836 177.2836 873.1723 242.2557 1.5648 0.5566 1.6124 5.8637 1.6804 18.1805 -3.7855 0.2363
Cyclist -1 -1 -2.6112 31.9174 181.3660 87.5166 227.6219 1.8554 0.7469 1.6647 -22.5881 2.2097 29.5837 -3.2591 0.2242
Pedestrian -1 -1 -4.1651 752.0988 174.6992 777.1041 220.4850 1.7022 0.5988 0.8025 5.8188 1.7731 27.3617 -3.9584 0.1590
Pedestrian -1 -1 -4.9819 1044.2694 135.7385 1139.5972 325.3105 1.9686 0.6192 1.0071 5.2915 1.5829 8.0645 -4.4187 0.1511
Pedestrian -1 -1 -4.5085 258.5455 198.7697 285.9315 252.5937 1.5399 0.5867 0.8147 -10.1295 2.3304 21.5532 -4.9435 0.1474
Cyclist -1 -1 -4.6129 356.9954 185.2379 376.3992 231.5160 1.7579 0.5689 1.6662 -9.7281 2.2661 28.7521 -4.9368 0.1426
Cyclist -1 -1 -5.8048 245.3859 188.9758 303.2040 242.5805 1.7247 0.6382 1.6164 -11.1021 2.2637 23.7838 -6.2377 0.1409
Cyclist -1 -1 -7.8460 10.5213 182.8433 50.4218 306.2324 1.8252 0.4726 1.8109 -9.4066 1.9984 11.6726 -8.5133 0.1263
Cyclist -1 -1 -4.1669 189.4526 187.9771 239.1421 249.3354 1.8406 0.5352 1.7870 -12.6288 2.3412 22.9952 -4.6647 0.1243
Pedestrian -1 -1 -7.7172 721.0468 178.6582 738.2313 216.8382 1.5866 0.6244 0.7504 5.0287 1.8358 30.5711 -7.5563 0.1234
Cyclist -1 -1 -3.4632 445.1061 183.2712 474.6798 211.8519 1.7514 0.5640 1.7321 -9.4730 2.4162 45.3882 -3.6682 0.1121
Pedestrian -1 -1 -5.8830 875.9597 170.1733 909.9951 230.2528 1.7780 0.6779 0.7582 8.5243 1.6984 21.8609 -5.5164 0.1095
Pedestrian -1 -1 -6.5593 1140.2523 167.2389 1241.0000 317.3333 1.7362 0.4706 0.9058 6.9785 1.6709 8.7331 -5.9023 0.1080
Cyclist -1 -1 -7.8253 446.4478 182.6925 456.6161 212.7204 1.6534 0.5193 1.6958 -9.0768 2.2267 41.1885 -8.0413 0.1027
Pedestrian -1 -1 -3.2771 882.7767 168.7722 934.1520 272.0325 1.7069 0.5038 0.7395 5.0049 1.6391 12.2602 -2.8988 0.1024
Pedestrian -1 -1 -5.6921 1003.7123 153.5873 1100.1901 321.5910 1.8291 0.5681 0.7629 5.0263 1.6191 8.3231 -5.1653 0.1001
Cyclist -1 -1 -6.8113 178.9637 195.4826 244.9526 255.7524 1.7335 0.5730 1.7333 -12.3298 2.4609 22.3118 -7.3115 0.0995
Pedestrian -1 -1 -4.7020 1033.3125 160.2255 1093.7853 313.0073 1.7469 0.5963 0.8350 5.4386 1.6022 8.7619 -4.1623 0.0979
Cyclist -1 -1 -7.0111 818.2272 172.5315 876.9543 229.1908 1.6940 0.6670 1.7126 7.2709 1.6840 22.2235 -6.6995 0.0958
Cyclist -1 -1 -4.4544 245.8290 190.4849 277.7748 246.5648 1.7167 0.5246 1.6711 -11.3710 2.3119 23.5040 -4.9010 0.0955
Cyclist -1 -1 -5.3219 748.6377 176.3251 784.5733 221.2256 1.6522 0.4938 1.6225 5.9125 1.7884 27.5245 -5.1132 0.0888
Pedestrian -1 -1 -5.4979 57.9932 185.7511 84.2974 229.6395 1.7649 0.6490 0.5736 -22.1384 2.3000 29.5916 -6.1361 0.0874
Pedestrian -1 -1 -7.5100 1178.1915 146.5961 1241.0000 318.6703 1.8324 0.5734 0.7886 6.8654 1.5525 8.1328 -6.8273 0.0851
Pedestrian -1 -1 -8.5048 824.5096 171.2091 851.9197 228.3790 1.7348 0.5847 0.5616 6.9888 1.6846 22.2596 -8.2051 0.0846
Cyclist -1 -1 -8.2994 866.0629 171.9598 907.5103 231.9124 1.7288 0.4614 1.7044 8.2419 1.7027 21.6750 -7.9412 0.0846
Cyclist -1 -1 -4.5211 369.7554 184.7642 392.2101 231.2778 1.7697 0.5403 1.6953 -9.1636 2.2588 28.7730 -4.8273 0.0836
Pedestrian -1 -1 -7.7305 1128.5315 166.4765 1192.1050 318.7183 1.7376 0.5304 0.8081 6.5923 1.6645 8.7114 -7.0997 0.0827
Cyclist -1 -1 -3.8586 188.9259 192.5049 248.0434 252.1255 1.7582 0.4943 1.7421 -12.3761 2.4027 22.7744 -4.3519 0.0817
Cyclist -1 -1 -4.3945 401.7782 184.0570 421.9662 218.3389 1.6292 0.4790 1.6213 -9.8180 2.1951 35.6484 -4.6618 0.0798
Pedestrian -1 -1 -1.8836 27.2636 179.7049 89.7107 302.5957 1.9370 0.5933 0.8429 -9.1601 2.0544 11.9122 -2.5285 0.0778
Pedestrian -1 -1 -4.3177 18.6450 171.1004 83.5245 295.8915 2.0322 0.5970 0.8154 -9.4996 2.0034 12.2203 -4.9681 0.0743
Cyclist -1 -1 -5.3599 1044.0166 138.3188 1237.1909 336.3084 1.8967 0.6558 1.8850 5.6053 1.5655 7.8689 -4.7593 0.0725
Cyclist -1 -1 -7.8365 441.2347 181.8848 450.0566 212.1421 1.6736 0.4638 1.6648 -9.4360 2.2008 41.2860 -8.0602 0.0716
Pedestrian -1 -1 -4.1529 1030.0134 153.2307 1093.6122 285.8757 1.8190 0.5332 0.6015 6.3694 1.5496 10.2683 -3.6112 0.0686
Pedestrian -1 -1 -7.0849 1128.3152 149.8430 1241.0000 314.8954 1.8367 0.5917 0.9036 6.6224 1.5804 8.3899 -6.4344 0.0682
Pedestrian -1 -1 -7.9344 1117.8501 148.0664 1196.7977 324.5153 1.8295 0.6110 0.8503 5.9848 1.5722 8.0030 -7.3106 0.0655
Cyclist -1 -1 -4.9425 435.9512 184.0365 453.4102 217.2717 1.6129 0.5021 1.6184 -8.3913 2.1900 36.4170 -5.1679 0.0651
Cyclist -1 -1 -7.3814 48.8699 184.1657 83.1519 226.5828 1.6850 0.4813 1.5423 -22.5597 2.1658 29.8898 -8.0238 0.0646
Cyclist -1 -1 -3.3592 1084.2211 165.4058 1241.0000 318.9365 1.6955 0.7991 1.9211 6.8913 1.6129 8.7341 -2.7082 0.0625
Cyclist -1 -1 -4.5729 423.9375 182.3625 439.4076 217.3538 1.6633 0.5164 1.6555 -8.8320 2.1434 35.6088 -4.8148 0.0623
Pedestrian -1 -1 -3.7462 983.3987 157.8720 1043.9281 283.1073 1.7996 0.5330 0.5784 5.9013 1.5840 10.6654 -3.2532 0.0605
Cyclist -1 -1 -3.4400 979.1362 140.2614 1192.6595 328.0862 1.9543 0.7384 1.8615 5.1972 1.6149 8.0993 -2.8868 0.0595
Pedestrian -1 -1 -8.3829 1137.6475 147.8706 1241.0000 326.9235 1.8197 0.6107 0.8190 6.2069 1.5655 7.7773 -7.7284 0.0593
Cyclist -1 -1 -7.8000 389.6677 183.0670 399.2267 217.0422 1.7331 0.3972 1.6213 -11.4282 2.2845 38.1428 -8.0896 0.0592
Cyclist -1 -1 -8.2555 762.5106 174.8726 789.4180 218.1310 1.6843 0.4521 1.6142 6.6132 1.7674 29.0054 -8.0342 0.0566
Pedestrian -1 -1 -7.3685 1089.6821 158.5687 1176.3186 315.1459 1.7900 0.5409 0.8032 6.2271 1.6264 8.6740 -6.7626 0.0563
Pedestrian -1 -1 -8.0822 971.2288 164.3406 1023.8260 293.9675 1.7419 0.5270 0.5421 5.3154 1.6272 10.0232 -7.6077 0.0562
Cyclist -1 -1 -8.0910 885.8770 171.8837 913.7537 229.5855 1.6876 0.4108 1.5940 8.7401 1.6589 21.9206 -7.7169 0.0545
Cyclist -1 -1 -4.2936 234.7712 191.8492 272.4123 248.1772 1.7312 0.4796 1.6235 -11.6586 2.3724 23.5491 -4.7493 0.0538
Cyclist -1 -1 -5.7952 226.9438 190.3067 288.9618 245.7923 1.7677 0.6209 1.7307 -11.5233 2.3451 23.5442 -6.2464 0.0532
Cyclist -1 -1 -4.6459 271.0187 187.8777 294.1934 244.6916 1.7504 0.5754 1.6985 -10.7421 2.2602 23.6007 -5.0693 0.0530
Pedestrian -1 -1 -8.2875 801.1505 173.4420 825.0687 220.7970 1.8315 0.6615 0.7172 7.9235 1.8547 28.3249 -8.0181 0.0512
Pedestrian -1 -1 -5.2095 208.3678 186.1274 243.9932 250.9921 1.9580 0.6825 0.8005 -12.0121 2.3808 22.4933 -5.6955 0.0509
Pedestrian -1 -1 -4.2491 99.5119 177.3418 159.8840 285.1180 1.9533 0.6373 0.8324 -9.0649 2.0402 13.5652 -4.8295 0.0506
Cyclist -1 -1 -3.9268 210.7807 191.6422 263.9520 250.1704 1.7671 0.4969 1.6481 -12.0025 2.3933 23.1982 -4.4000 0.0505
Car -1 -1 -4.7152 553.9510 179.9009 574.1928 198.7760 1.4946 1.6439 3.9830 -3.8962 2.1071 60.7002 -4.7794 0.5428
Car -1 -1 -4.7707 148.3965 194.7249 214.6012 250.3871 1.5154 1.6213 3.9145 -13.9698 2.2859 23.3522 -5.3051 0.3265
Car -1 -1 -2.8952 396.1507 185.2799 474.7885 212.7222 1.5165 1.6652 4.1144 -10.0307 2.2455 41.4990 -3.1314 0.1858
Car -1 -1 -2.6931 228.6304 191.0437 331.6158 224.4847 1.4705 1.6346 4.0455 -15.3163 2.3373 33.5304 -3.1189 0.1262
Car -1 -1 -4.4852 330.6542 192.6185 389.1865 233.6075 1.4626 1.4860 3.5208 -10.1378 2.3159 29.3360 -4.8156 0.1074
Car -1 -1 -4.4358 577.5687 181.8646 610.0508 201.3326 1.4227 1.5927 3.7243 -1.2612 2.1540 56.5845 -4.4584 0.1042
Car -1 -1 -4.2153 476.3677 182.3680 521.8751 205.6520 1.5316 1.6046 3.7283 -7.8432 2.2323 51.1425 -4.3671 0.0948
Car -1 -1 -4.7145 103.2305 192.3869 141.1455 225.4634 1.6565 1.7117 4.3476 -27.8181 2.8309 41.1097 -5.3066 0.0915
Car -1 -1 -4.7253 130.4260 180.0025 178.0149 217.6245 1.5532 1.7333 3.9832 -20.7377 1.8986 32.7463 -5.2863 0.0913
Car -1 -1 -4.6398 264.8966 197.0742 323.6186 248.9183 1.4560 1.5233 3.3704 -10.3995 2.3174 23.8274 -5.0477 0.0809
Car -1 -1 -3.1625 248.6229 191.9951 308.6958 216.8684 1.5808 1.7239 3.7167 -22.9219 2.9457 49.8784 -3.5916 0.0727
Car -1 -1 -4.2741 305.1819 190.6167 365.4851 221.3018 1.4555 1.5264 3.8060 -14.5969 2.4498 38.4456 -4.6351 0.0717
Car -1 -1 -4.9538 426.8810 183.0385 466.9671 209.3315 1.5668 1.6173 4.0303 -10.6593 2.2582 46.8373 -5.1768 0.0684
Car -1 -1 -7.8321 371.7672 187.6109 403.9548 218.0014 1.4823 1.5813 3.5256 -11.9908 2.3180 38.9617 -8.1292 0.0634
Car -1 -1 -4.6155 542.5057 179.4102 570.5959 201.7193 1.5723 1.6995 4.3373 -4.0115 2.0855 54.3272 -4.6893 0.0591
Car -1 -1 -4.8433 266.1431 187.8127 313.4587 222.1886 1.5927 1.7059 4.3810 -16.8419 2.4232 37.7581 -5.2606 0.0580
Car -1 -1 -2.6290 91.8021 189.3685 214.1346 229.5873 1.4920 1.6149 3.7619 -17.9563 2.1621 28.3975 -3.1888 0.0536
Car -1 -1 -2.2617 45.5318 195.2312 157.4637 243.1366 1.5224 1.5454 3.1525 -17.7701 2.3393 25.1841 -2.8714 0.0504
