Cyclist -1 -1 -4.3676 646.9448 171.7075 669.5505 209.4778 1.8387 0.5641 1.7746 2.3815 1.7825 36.0507 -4.3028 0.2549
Pedestrian -1 -1 -8.3089 836.7068 168.6000 876.2488 238.2973 1.7451 0.5948 0.9644 6.2852 1.6382 18.5832 -7.9883 0.2049
Pedestrian -1 -1 -4.7721 375.0556 188.1273 399.8971 249.2889 1.5052 0.5657 0.6719 -5.7224 1.9027 18.3777 -5.0706 0.1957
Cyclist -1 -1 -4.6294 280.2287 185.7380 304.1094 247.0598 1.6473 0.4880 1.6085 -9.0993 2.0294 20.5761 -5.0415 0.1318
Pedestrian -1 -1 -4.0983 720.0172 169.2411 736.7809 205.6369 1.8893 0.6074 0.6473 6.1802 1.7015 37.8995 -3.9384 0.1070
Pedestrian -1 -1 -4.4606 417.8288 185.3811 438.9371 231.0785 1.4970 0.5402 0.6503 -6.1197 1.9216 24.1430 -4.7068 0.1046
Pedestrian -1 -1 -5.0848 414.0209 189.8720 434.6166 233.3162 1.3544 0.4592 0.5834 -6.0085 1.9090 23.1563 -5.3365 0.0960
Pedestrian -1 -1 -7.4169 173.7358 165.8521 206.9005 234.6243 1.9761 0.5961 0.7029 -12.3183 1.7746 21.1083 -7.9399 0.0950
Pedestrian -1 -1 -8.1207 710.6832 167.0382 725.7181 201.5749 1.9077 0.6455 0.7797 5.9994 1.5862 40.2815 -7.9744 0.0893
Pedestrian -1 -1 -6.2015 568.2239 175.3641 579.6417 195.9299 1.7124 0.5418 0.9145 -3.0440 1.9233 60.4324 -6.2520 0.0860
Pedestrian -1 -1 -7.3936 639.1713 167.9162 656.1442 202.8429 1.9189 0.5980 0.9220 2.0629 1.6473 40.1896 -7.3431 0.0848
Cyclist -1 -1 -8.0645 719.2354 174.4240 734.0924 210.2960 1.6237 0.3528 1.5822 5.3714 1.6981 33.5283 -7.9076 0.0700
Pedestrian -1 -1 -6.0867 1032.4478 167.7247 1055.1722 232.9124 1.8054 0.5450 0.4553 12.1792 1.6631 20.3385 -5.5541 0.0566
Pedestrian -1 -1 -7.5031 246.7999 175.6636 281.3143 241.3325 1.8695 0.7116 0.6822 -10.0829 1.9522 20.9456 -7.9472 0.0562
Pedestrian -1 -1 -4.6257 975.0676 171.4245 1008.1763 236.7977 1.6409 0.6945 0.8266 9.8147 1.6047 18.6458 -4.1483 0.7211
Pedestrian -1 -1 -5.9186 631.2521 175.4286 644.4397 203.8564 1.7470 0.5441 0.6685 1.6949 1.9079 44.7916 -5.8815 0.1466
Cyclist -1 -1 -8.4325 1098.6520 138.2079 1241.0000 374.0000 1.8822 0.4108 1.6719 4.6665 1.6390 5.9065 -7.7887 0.1091
Cyclist -1 -1 -7.7232 280.1873 182.4836 307.6693 244.2971 1.6786 0.5034 1.6968 -9.1244 1.9671 20.7550 -8.1331 0.1053
Pedestrian -1 -1 -6.7297 1119.2637 151.5830 1241.0000 374.0000 1.8180 0.6581 0.8678 4.6571 1.6599 5.7641 -6.0758 0.0957
Cyclist -1 -1 -7.6021 262.4866 182.2882 300.0028 247.1442 1.6869 0.5201 1.7457 -9.1094 1.9591 19.9347 -8.0261 0.0830
Pedestrian -1 -1 -7.7003 388.7236 171.9543 408.5665 218.6389 1.9104 0.6745 0.8137 -8.8179 1.8733 29.9743 -7.9845 0.0747
Cyclist -1 -1 -4.4312 245.6368 180.6588 286.6389 250.3391 1.7374 0.5240 1.6927 -9.1110 1.9528 19.0643 -4.8720 0.0745
Pedestrian -1 -1 -4.6350 438.3043 174.2588 454.0464 218.3302 1.8215 0.5970 0.6137 -6.8949 1.8807 30.1915 -4.8581 0.0691
Car -1 -1 -2.5879 48.2464 188.8693 255.6462 263.4694 1.4642 1.5868 3.3904 -9.6510 1.8211 15.2995 -3.1432 0.9331
Car -1 -1 -4.5925 479.4810 182.2806 530.6618 220.4524 1.4365 1.6525 3.9314 -4.3531 1.8556 30.1170 -4.7354 0.9289
Car -1 -1 -4.9628 662.3636 168.6668 729.4132 214.6055 1.7435 1.7524 4.0415 3.3807 1.5843 29.5060 -4.8504 0.3187
Car -1 -1 -5.0573 481.3823 179.0569 534.8630 209.3883 1.4999 1.5929 3.9361 -5.5474 1.8501 38.6571 -5.1993 0.2144
Car -1 -1 -7.7987 560.7433 175.1030 581.4685 193.8117 1.5518 1.5817 3.7322 -3.3484 1.7511 62.1649 -7.8526 0.1415
Car -1 -1 -2.9043 368.8712 175.9919 458.8217 218.0783 1.7316 1.7067 3.3883 -8.3382 1.8688 30.7174 -3.1677 0.0918
Car -1 -1 -5.5427 1061.6058 144.8354 1241.0000 374.0000 1.6356 1.6355 4.0395 5.1203 1.5273 4.8375 -4.7595 0.0791
Car -1 -1 -8.0778 634.8441 176.0944 675.6390 204.8445 1.5726 1.5702 3.6902 2.5399 1.7690 41.8551 -8.0182 0.0588
