Pedestrian -1 -1 -3.3614 1179.8997 137.9353 1196.7808 193.7120 1.8153 0.4749 0.3301 19.3039 0.3979 23.6645 -2.6874 0.2767
Pedestrian -1 -1 -2.4365 0.0000 180.4710 40.5070 267.5415 1.5912 0.5310 0.7600 -11.0920 1.5730 13.3995 -3.1237 0.2207
Car -1 -1 -5.9589 335.6993 174.7309 453.6562 212.9683 1.5317 1.6484 4.3913 -8.5047 1.2609 29.6911 -6.2407 0.0916
Cyclist -1 -1 -8.2024 673.4010 170.1664 708.9553 229.8107 1.6383 0.4569 1.6603 2.5219 1.3275 20.5915 -8.0873 0.0811
Pedestrian -1 -1 -1.9970 21.5906 178.0714 45.4961 230.0674 1.6612 0.4694 0.4352 -18.4130 1.5521 23.2577 -2.6663 0.0755
Car -1 -1 -7.9231 914.3452 142.7294 950.7089 171.3860 1.5792 1.6788 4.0575 19.9178 -0.6409 43.3315 -7.4992 0.0747
Car -1 -1 -4.6410 518.6405 176.2673 541.8130 195.2847 1.4787 1.5871 4.1860 -5.6898 1.0717 57.9688 -4.7434 0.0656
Pedestrian -1 -1 -4.0846 1138.7174 134.3617 1155.6628 176.5330 1.7700 0.5056 0.2768 23.1521 -0.2125 30.4995 -3.4442 0.0627
Car -1 -1 -4.5905 873.6785 148.6237 906.0797 172.8820 1.5815 1.6692 3.9661 20.3177 -0.6315 50.4945 -4.2145 0.0618
Car -1 -1 -8.0956 1048.8345 160.6817 1089.0127 183.5187 1.7299 1.6861 4.1185 36.8164 0.1528 56.6355 -7.5262 0.0599
Car -1 -1 -6.8373 960.9050 141.2585 1054.6199 174.6915 1.5845 1.6038 3.7258 19.9102 -0.3428 35.2993 -6.3317 0.0586
Car -1 -1 -6.5535 700.4188 174.3499 849.5424 228.5750 1.4427 1.5907 3.7366 4.7238 1.2529 19.9926 -6.3296 0.0574
Car -1 -1 -7.8682 593.3915 169.2467 611.6274 187.1046 1.5845 1.5878 3.9952 0.1069 0.4970 65.7470 -7.8715 0.0570
Pedestrian -1 -1 -4.6524 884.3770 149.9921 895.3463 180.5868 1.8567 0.5927 0.6072 17.6776 -0.0564 44.0185 -4.2774 0.0555
Pedestrian -1 -1 -6.1100 1030.4846 136.2614 1043.6774 176.5026 1.8795 0.6123 0.4400 20.6205 -0.2390 34.0201 -5.5733 0.0553
Pedestrian -1 -1 -8.0186 150.2072 168.4947 169.4781 206.0978 1.8014 0.7050 0.6143 -21.4503 1.1786 34.8748 -8.5717 0.0533
Pedestrian -1 -1 -6.5150 1113.5149 138.0901 1140.6471 187.6521 1.7844 0.6589 0.6617 19.2079 0.2219 26.2924 -5.8937 0.0507
Pedestrian -1 -1 -7.6771 6.9858 173.8222 32.4693 223.3427 1.8020 0.6338 0.6236 -21.5282 1.5230 26.5652 -8.3584 0.3793
Cyclist -1 -1 -4.8809 768.9043 165.1379 783.8318 196.9645 1.7406 0.5037 1.7948 9.7764 0.8459 40.1984 -4.6488 0.3465
Pedestrian -1 -1 -8.3038 873.7756 162.6750 904.4017 220.6996 1.7911 0.5770 0.8492 9.0203 1.2105 22.6196 -7.9335 0.2391
Pedestrian -1 -1 -3.7990 288.0469 182.6368 316.3060 233.4165 1.3658 0.4900 0.5250 -8.2321 1.3980 19.6854 -4.1957 0.2033
Pedestrian -1 -1 -5.1070 1072.5525 150.1438 1123.8385 246.4328 1.7988 0.5705 0.7205 9.5062 1.2136 13.8279 -4.5188 0.1303
Pedestrian -1 -1 -7.8209 127.7459 166.1094 147.3635 209.9011 1.8554 0.6887 0.6909 -19.9704 1.2036 30.9087 -8.3957 0.1276
Cyclist -1 -1 -5.7283 268.9307 175.5560 340.9056 236.8887 1.6238 0.6619 1.7127 -8.0665 1.4670 19.4833 -6.1213 0.1272
Pedestrian -1 -1 -5.1125 930.0050 154.2178 969.3768 223.9118 1.8853 0.6061 1.0695 9.6379 1.1478 19.9784 -4.6733 0.1181
Pedestrian -1 -1 -7.9809 787.0851 165.5917 801.0866 198.1866 1.7841 0.6798 0.5356 10.6203 0.9135 39.6269 -7.7257 0.1075
Pedestrian -1 -1 -8.8661 1088.4728 153.3736 1145.8544 247.9479 1.7520 0.5835 0.6887 9.8136 1.2315 13.7386 -8.2600 0.0878
Cyclist -1 -1 -4.0984 281.9858 170.6062 334.3507 233.9695 1.6898 0.6300 1.4455 -8.1472 1.3998 19.9318 -4.4870 0.0865
Pedestrian -1 -1 -2.9131 116.4245 168.8918 138.8335 216.3242 1.7876 0.5839 0.5995 -18.1222 1.3128 27.4506 -3.4972 0.0824
Pedestrian -1 -1 -9.2766 1169.2572 159.7711 1203.2166 239.4955 1.6760 0.5645 0.4968 12.5595 1.2198 15.4754 -8.6082 0.0801
Pedestrian -1 -1 -4.6332 919.9340 158.1208 945.7545 225.4731 1.8540 0.6160 0.6723 9.2971 1.2109 20.2164 -4.2122 0.0787
Pedestrian -1 -1 -6.6893 591.6318 169.1185 601.5137 193.6652 1.7064 0.5066 0.5333 -0.3299 0.8456 50.2744 -6.7007 0.0746
Cyclist -1 -1 -7.8808 135.1644 169.3625 150.4271 209.7066 1.7046 0.5080 1.7445 -19.9524 1.1921 31.2146 -8.4507 0.0727
Cyclist -1 -1 -3.9067 246.9685 170.3937 279.4280 203.8979 1.6762 0.5332 1.5763 -17.3071 1.1208 36.7691 -4.3488 0.0717
Pedestrian -1 -1 -7.6889 160.2019 175.3283 176.7222 208.9065 1.7465 0.6572 0.5931 -22.7619 1.4257 37.7597 -8.2333 0.0716
Cyclist -1 -1 -6.8371 1052.0137 153.6888 1173.9850 245.4270 1.7173 0.5942 1.8842 9.7483 1.1973 13.7880 -6.2358 0.0711
Pedestrian -1 -1 -7.9353 974.0673 160.9098 998.2332 217.8919 1.8259 0.6391 0.6241 12.5136 1.1666 23.4302 -7.4545 0.0689
Pedestrian -1 -1 -8.3828 1048.9041 163.1606 1088.2280 232.5111 1.7279 0.5580 0.6955 11.8261 1.2715 18.2551 -7.8197 0.0645
Pedestrian -1 -1 -5.1309 258.4697 174.9645 276.3205 205.2185 1.5560 0.6437 0.6244 -17.3953 1.2201 37.3925 -5.5686 0.0632
Pedestrian -1 -1 -3.6542 1186.9386 131.7036 1237.0000 260.3504 1.8852 0.6319 0.7164 9.4421 1.1561 10.9028 -2.9575 0.0628
Cyclist -1 -1 -7.8176 796.4354 163.3021 808.1145 200.1390 1.7862 0.5108 1.7378 9.9879 0.9040 35.7367 -7.5519 0.0626
Pedestrian -1 -1 -7.3382 789.0827 165.6610 807.0992 201.5938 1.7324 0.6061 0.6556 9.5930 0.9690 35.0795 -7.0781 0.0593
Cyclist -1 -1 -2.3307 0.0000 170.7938 47.9750 221.4340 1.8518 0.6811 1.7317 -21.6843 1.4607 26.7168 -3.0128 0.0587
Cyclist -1 -1 -8.6225 891.4397 160.4329 950.0069 225.0605 1.7545 0.4654 1.6838 8.9934 1.1831 20.3706 -8.2167 0.0575
Pedestrian -1 -1 -7.8178 762.0360 168.2128 773.3660 198.7373 1.6383 0.5819 0.5641 9.0005 0.9253 38.9020 -7.5969 0.0552
Cyclist -1 -1 -7.5319 590.4094 169.8666 604.1693 193.4358 1.6362 0.5357 1.4834 -0.2746 0.8286 50.6556 -7.5422 0.0541
Cyclist -1 -1 -8.1082 818.8231 166.2716 838.5460 203.6274 1.6995 0.4741 1.6078 10.5720 1.0070 33.4950 -7.8098 0.0511
Car -1 -1 -7.6843 467.8357 174.8453 550.5427 233.2806 1.4407 1.6037 4.0250 -2.4563 1.2772 19.7553 -7.8117 0.9539
Car -1 -1 -7.8654 604.4987 171.2960 641.3550 204.5332 1.4548 1.6132 4.2732 0.9495 1.0085 33.5880 -7.8423 0.9156
Car -1 -1 -7.7370 525.2874 173.8298 570.4746 208.8754 1.3953 1.5179 3.5645 -2.2298 1.0903 30.4102 -7.8146 0.9033
Car -1 -1 -7.7883 567.7504 169.8344 597.1180 194.9699 1.4800 1.5865 3.6701 -1.1288 0.7933 44.1593 -7.8187 0.8131
Car -1 -1 -4.5424 636.3821 167.8267 669.1600 192.9933 1.6195 1.5937 3.8218 3.4962 0.7397 48.2715 -4.4755 0.2440
Car -1 -1 -4.6411 447.3077 170.3631 480.1558 198.8353 1.5773 1.6105 4.1334 -7.9923 0.9605 41.9436 -4.8332 0.1021
Car -1 -1 -4.7411 513.5002 172.3642 533.0378 190.8606 1.5937 1.5903 4.1336 -6.9648 0.8063 64.0512 -4.8539 0.0977
Car -1 -1 -7.9468 580.6536 168.8743 608.0173 191.4200 1.5697 1.6054 3.8662 -0.5353 0.6907 52.0220 -7.9619 0.0948
Car -1 -1 -4.4623 147.1022 170.3182 201.7935 200.0442 1.5432 1.6293 4.0927 -23.3913 0.9629 39.4850 -4.9991 0.0687
Car -1 -1 -4.8470 233.3275 174.5318 275.7597 203.4866 1.4653 1.5548 3.5946 -18.5236 1.1129 38.2803 -5.3000 0.0572
Car -1 -1 -7.5421 657.2314 168.6526 699.4514 192.9588 1.5388 1.6459 4.0338 5.1539 0.7255 47.6544 -7.4399 0.0547
