Car -1 -1 -7.8546 542.6407 173.3194 572.1241 200.0368 1.4375 1.5857 3.4424 -2.4929 0.9976 40.4205 -7.9208 0.9158
Pedestrian -1 -1 -4.0923 699.8297 161.3356 718.2180 198.9343 1.8555 0.5882 0.7445 5.3715 0.8606 35.9228 -3.9499 0.0969
Car -1 -1 -7.5009 0.0000 188.8002 18.4239 324.9806 1.5611 1.6001 4.0183 -10.3506 1.6917 10.6273 -8.2663 0.0957
Pedestrian -1 -1 -8.4568 668.8514 170.7478 688.8571 210.8249 1.6551 0.6458 0.5283 3.2197 1.2114 30.0530 -8.3561 0.0860
Cyclist -1 -1 -8.4390 1009.8099 136.2266 1035.6927 167.1880 1.7064 0.4453 1.6261 24.1355 -0.8368 41.1784 -7.9164 0.0807
Pedestrian -1 -1 -3.5302 763.3594 166.1014 776.5181 191.4982 1.8550 0.4914 0.8144 12.3932 0.7302 52.7758 -3.3056 0.0730
Car -1 -1 -6.3656 625.6917 174.0047 670.3472 195.4566 1.5877 1.6553 3.2166 3.4960 1.0329 54.0290 -6.3062 0.0729
Cyclist -1 -1 -8.5264 1191.1305 106.4542 1237.0000 159.3497 1.7236 0.5452 1.7226 21.4630 -0.7974 25.0027 -7.8269 0.0699
Pedestrian -1 -1 -4.1613 0.0000 219.7132 32.4029 283.0912 1.0452 0.3302 0.3965 -10.1196 1.7132 12.3277 -4.8437 0.0693
Car -1 -1 -7.9516 641.4565 171.7708 676.6881 198.7285 1.4912 1.6185 4.1142 3.3039 0.9532 41.8123 -7.8783 0.0593
Pedestrian -1 -1 -3.2032 792.4546 164.5170 810.7526 207.8728 1.7267 0.5878 0.6703 8.0465 1.0507 28.9633 -2.9396 0.0558
Cyclist -1 -1 -8.0203 863.1626 158.5222 891.9455 225.5726 1.6399 0.4048 1.6191 7.0215 1.0784 18.4015 -7.6656 0.0544
Pedestrian -1 -1 -8.7374 698.5491 161.8719 730.1053 215.0828 1.8183 0.5689 0.9393 3.9134 1.1480 25.0851 -8.5893 0.0523
Pedestrian -1 -1 -6.0487 715.5030 167.1695 729.1310 195.0673 1.7596 0.5984 0.7395 7.7007 0.8558 45.7263 -5.8878 0.0506
Cyclist -1 -1 -7.9043 129.3985 178.4593 140.5728 215.9632 1.6361 0.3351 1.5850 -20.8490 1.5038 32.0775 -8.4820 0.2474
Pedestrian -1 -1 -2.8086 819.5900 136.1213 922.5887 323.2202 1.8031 0.5402 0.8707 2.7243 1.3665 7.4046 -2.4730 0.1612
Pedestrian -1 -1 -7.0274 375.2951 174.2279 398.4156 214.7096 1.6158 0.5492 0.7161 -8.7152 1.3258 29.1190 -7.3209 0.1431
Pedestrian -1 -1 -3.2625 938.6774 138.7032 1055.0289 336.6706 1.7501 0.4797 0.8914 3.6212 1.3725 6.7289 -2.7905 0.1342
Pedestrian -1 -1 -3.4556 1022.7963 135.2942 1083.2789 260.9651 1.8011 0.5479 0.6110 6.6226 1.1395 10.6306 -2.9147 0.1255
Pedestrian -1 -1 -6.0579 122.9989 174.5192 145.4793 216.1952 1.8129 0.6719 0.7006 -20.6157 1.5095 31.6837 -6.6361 0.1200
Cyclist -1 -1 -7.9529 121.9457 176.5112 137.3838 216.1772 1.7324 0.4111 1.6639 -21.1342 1.5148 32.1482 -8.5357 0.1176
Pedestrian -1 -1 -6.7372 623.2980 169.6272 632.6022 190.8342 1.8953 0.6874 0.5930 2.4167 0.8340 64.6340 -6.7049 0.1116
Cyclist -1 -1 -4.9082 369.9877 172.4952 394.2300 216.1946 1.7286 0.6342 1.6259 -8.9692 1.3728 29.2813 -5.2080 0.1097
Cyclist -1 -1 -8.2760 957.2513 139.0489 975.6133 166.2784 1.6845 0.4077 1.6337 23.4621 -0.9961 46.1851 -7.8129 0.1083
Pedestrian -1 -1 -4.6838 172.4817 167.8804 192.3633 213.0104 1.9725 0.7461 0.6198 -18.5862 1.3775 31.8473 -5.2136 0.1027
Pedestrian -1 -1 -7.9376 279.5569 174.8837 294.3557 208.5982 1.6736 0.6252 0.6736 -15.8163 1.3454 36.1029 -8.3529 0.0904
Pedestrian -1 -1 -3.5787 1163.5570 112.4137 1237.0000 298.3987 1.8546 0.5839 0.8400 6.4951 1.1664 7.5501 -2.8905 0.0904
Cyclist -1 -1 -2.6318 471.3403 166.6406 510.9004 205.7125 1.8066 0.6989 1.7186 -5.2085 1.1198 33.8390 -2.7884 0.0865
Cyclist -1 -1 -5.5533 372.7555 171.1499 414.8706 215.0661 1.7386 0.5878 1.6671 -8.4224 1.3292 29.0625 -5.8381 0.0848
Cyclist -1 -1 -5.2587 951.1773 137.8682 973.2198 165.3672 1.6966 0.4480 1.6804 23.1855 -1.0564 46.1803 -4.8003 0.0836
Pedestrian -1 -1 -6.2008 447.8180 171.9205 454.3451 192.2255 1.7659 0.6792 0.5081 -13.1224 0.9326 62.8434 -6.4107 0.0772
Pedestrian -1 -1 -4.7232 235.9276 177.7171 247.3677 210.2681 1.8335 0.5735 0.5986 -20.4687 1.6206 40.8598 -5.1901 0.0737
Cyclist -1 -1 -7.8073 501.6660 171.8302 513.5698 207.1975 1.6456 0.4934 1.7264 -4.4850 1.1959 34.3044 -7.9414 0.0702
Pedestrian -1 -1 -3.3771 223.7537 168.5756 247.1504 209.9881 1.8714 0.5799 0.8438 -16.8034 1.2876 32.9553 -3.8504 0.0697
Pedestrian -1 -1 -3.6259 1077.4548 141.1867 1160.0962 279.6750 1.6869 0.5039 0.6846 6.4449 1.1965 9.0398 -3.0254 0.0687
Pedestrian -1 -1 -3.7846 1101.5604 134.2258 1195.3948 283.4212 1.7538 0.5236 0.7393 6.5685 1.1988 8.7119 -3.1583 0.0678
Pedestrian -1 -1 -4.5984 132.4075 170.4771 152.3866 212.5737 1.9480 0.7282 0.5934 -21.5217 1.4382 33.6677 -5.1687 0.0647
Pedestrian -1 -1 -7.8009 197.5817 173.0208 214.6886 212.6744 1.7605 0.6499 0.4857 -17.7595 1.3844 32.2529 -8.3059 0.0638
Cyclist -1 -1 -8.1648 490.0970 171.0520 512.3879 207.3989 1.6818 0.5279 1.7585 -4.7850 1.1986 34.1435 -8.3080 0.0637
Cyclist -1 -1 -6.3208 165.9019 181.8865 203.0531 212.6680 1.8291 0.7019 1.9205 -25.2516 1.8530 43.5157 -6.8491 0.0635
Cyclist -1 -1 -5.1605 1137.3834 119.3672 1170.5885 159.6689 1.7256 0.4631 1.7636 25.0814 -1.0198 32.6528 -4.5141 0.0599
Pedestrian -1 -1 -3.4707 987.2387 140.4298 1039.6720 254.6651 1.7927 0.5333 0.5862 6.5889 1.1488 11.5859 -2.9685 0.0594
Cyclist -1 -1 -6.6204 159.2789 184.8838 193.9340 214.0863 1.7004 0.6542 1.6579 -25.3411 1.9064 42.8669 -7.1567 0.0588
Cyclist -1 -1 -8.3969 1142.0804 121.1803 1176.9928 160.9594 1.7135 0.4423 1.6695 25.3547 -0.9586 32.6793 -7.7456 0.0583
Pedestrian -1 -1 -5.3274 208.9507 180.1879 230.0075 213.3131 1.6225 0.6427 0.6882 -18.9510 1.5584 35.6254 -5.8183 0.0583
Cyclist -1 -1 -4.8701 1099.8654 128.5586 1119.5524 166.3375 1.6644 0.4708 1.6640 23.4547 -0.7182 33.1839 -4.2633 0.0578
Pedestrian -1 -1 -7.6810 1129.9702 124.8563 1151.2377 166.3010 1.7874 0.6640 0.5919 23.8149 -0.6809 31.7502 -7.0461 0.0578
Pedestrian -1 -1 -3.5906 1049.3109 138.1658 1115.9113 268.5262 1.7623 0.5187 0.6000 6.6404 1.1772 10.0043 -3.0219 0.0557
Cyclist -1 -1 -8.1206 211.0095 182.0585 227.0370 214.1710 1.5860 0.3045 1.5713 -19.2725 1.6148 36.1749 -8.6122 0.0555
Pedestrian -1 -1 -3.5624 1145.6805 127.0762 1166.5148 166.6218 1.7541 0.5593 0.5623 25.0383 -0.6788 32.4520 -2.9138 0.0548
Cyclist -1 -1 -4.8712 1090.9197 127.6444 1110.6100 165.8571 1.6878 0.4761 1.6630 23.1093 -0.7431 33.2813 -4.2726 0.0542
Pedestrian -1 -1 -4.9704 2.5184 174.5748 22.8658 210.6353 1.9079 0.6900 0.6871 -31.5480 1.5417 38.4864 -5.6587 0.0542
Cyclist -1 -1 -7.7436 132.6311 175.2910 148.4699 215.2048 1.7414 0.4269 1.6043 -20.6358 1.4708 32.1534 -8.3156 0.0530
Cyclist -1 -1 -2.8282 439.1171 169.1451 474.9597 206.7573 1.7525 0.6130 1.5437 -6.8138 1.1771 33.8613 -3.0303 0.0516
Pedestrian -1 -1 -5.4703 220.4484 174.7858 238.0875 208.0595 1.8512 0.5517 0.6966 -20.9007 1.4778 40.3385 -5.9508 0.0514
Pedestrian -1 -1 -3.9474 1109.7413 144.7696 1196.7258 288.6580 1.6262 0.4822 0.6696 6.4031 1.2118 8.4144 -3.3171 0.0509
Pedestrian -1 -1 -7.0968 1174.4128 127.8184 1237.0000 290.0679 1.7378 0.5427 0.8635 6.9775 1.1635 8.0142 -6.4018 0.0505
Car -1 -1 -6.6450 290.9119 173.5573 441.7267 227.6099 1.5936 1.6875 4.3104 -7.5447 1.3599 23.1877 -6.9615 0.8955
Car -1 -1 -7.6897 597.1343 170.7796 623.9774 189.5647 1.4739 1.5959 3.8292 0.7970 0.6326 58.3846 -7.6810 0.3740
Car -1 -1 -7.6424 578.9536 171.0271 604.8283 188.8143 1.5687 1.6122 3.7910 -0.8046 0.6448 65.3676 -7.6595 0.3419
Car -1 -1 -5.7719 386.6983 171.5706 440.4741 191.1712 1.6196 1.6530 4.1099 -15.8286 0.7990 60.6706 -6.0310 0.2651
Car -1 -1 -6.6081 153.1167 187.2158 224.1460 213.8747 1.5371 1.5553 3.4583 -25.2468 1.9017 44.0040 -7.1315 0.2459
Car -1 -1 -2.4786 437.5883 176.1653 516.2919 208.1805 1.4557 1.5253 3.4810 -5.9387 1.2134 34.1513 -2.6545 0.1822
Car -1 -1 -7.9329 984.8331 120.6882 1039.4141 162.3359 1.5376 1.6761 3.7397 17.3172 -0.8669 30.4564 -7.4242 0.1283
Car -1 -1 -8.2298 933.7604 137.8505 984.0410 163.0857 1.4960 1.6573 3.8204 23.5406 -1.2663 47.4294 -7.7760 0.1175
Car -1 -1 -3.4688 305.6324 177.2815 388.4838 202.1839 1.4078 1.6623 4.3290 -15.0472 1.1695 42.6048 -3.8114 0.1153
Car -1 -1 -6.3923 0.0000 172.6822 117.9496 214.0752 1.7239 1.7363 4.2177 -24.2304 1.3570 31.9974 -7.0415 0.1143
Car -1 -1 -6.1610 0.0000 188.4749 99.0572 224.7140 1.5724 1.6749 4.0203 -26.0219 1.9157 33.5894 -6.8214 0.1065
Car -1 -1 -7.2823 1195.0221 122.5451 1237.0000 373.0000 1.5502 1.6202 4.2386 6.8646 1.2136 5.1270 -6.3826 0.1029
Car -1 -1 -7.8266 174.3283 172.8075 217.6239 213.0919 1.7645 1.6638 3.8995 -18.9015 1.3841 33.5767 -8.3410 0.0995
Car -1 -1 -4.7546 99.5261 187.3406 136.7118 216.7579 1.6138 1.6349 4.1080 -28.5524 1.9759 42.3912 -5.3496 0.0853
Car -1 -1 -3.0921 0.0000 176.5377 110.9690 216.5648 1.5753 1.6170 3.8086 -22.8191 1.3803 30.0145 -3.7429 0.0808
Car -1 -1 -8.0550 1096.1062 126.2395 1159.8993 162.1957 1.4577 1.6261 3.8035 24.3867 -0.9532 33.4113 -7.4329 0.0788
Car -1 -1 -7.8958 123.3634 180.3726 167.9565 214.9242 1.5110 1.5867 3.6341 -21.2102 1.4619 33.3570 -8.4636 0.0755
Car -1 -1 -4.6605 307.0182 179.6961 353.5784 217.2506 1.4530 1.6152 4.1771 -11.2797 1.3835 30.0274 -5.0221 0.0734
Car -1 -1 -7.1804 0.0000 181.9436 82.1129 212.6187 1.5886 1.6106 3.9396 -30.6081 1.6142 39.2335 -7.8447 0.0702
Car -1 -1 -6.9655 1176.8357 133.3709 1237.0000 255.4276 1.4524 1.6171 4.3822 10.6137 0.8804 9.6390 -6.1506 0.0643
Car -1 -1 -6.5084 209.9503 179.5502 302.2400 209.6275 1.4873 1.6477 4.0700 -17.9641 1.3911 37.4353 -6.9582 0.0631
Car -1 -1 -7.9635 351.5675 178.4594 399.2371 216.4851 1.4722 1.5389 2.9393 -9.3252 1.3548 29.4664 -8.2725 0.0620
Car -1 -1 -5.0630 905.9398 139.3725 954.7250 164.8571 1.5348 1.6610 3.9998 21.9155 -1.1597 47.9999 -4.6414 0.0618
Car -1 -1 -6.3147 513.0662 174.5949 602.0685 205.5653 1.4407 1.6377 4.1610 -2.1335 1.1197 34.4333 -6.3812 0.0578
Car -1 -1 -4.7987 616.4529 165.7609 638.4441 183.7412 1.6131 1.6531 4.2286 2.4153 0.2008 66.6033 -4.7675 0.0572
