Pedestrian -1 -1 -7.6007 833.5744 179.9728 849.4550 212.8531 1.7829 0.6513 0.8284 12.7585 2.1811 39.8747 -7.2937 0.2476
Car -1 -1 -4.5297 247.1467 173.6645 282.0995 196.5963 1.6341 1.6676 3.8471 -25.6535 1.6964 53.6370 -4.9741 0.1080
Car -1 -1 -3.5056 827.7771 187.9089 884.5522 206.2600 1.5814 1.6282 4.5234 21.9714 2.9467 64.5515 -3.1795 0.1032
Pedestrian -1 -1 -5.0052 796.9998 240.6983 836.9929 337.1425 0.9485 0.2755 0.4785 2.1400 1.6935 7.6827 -4.7449 0.0892
Car -1 -1 -5.0928 578.7035 176.7228 612.3102 194.5101 1.4933 1.5801 4.0188 -1.3381 1.8459 63.6711 -5.1141 0.0846
Car -1 -1 -7.3834 75.8184 165.6051 136.8906 197.7512 2.2402 1.7125 4.6855 -36.7258 1.7347 52.7193 -7.9897 0.0797
Pedestrian -1 -1 -9.0784 1080.8616 174.3748 1111.5154 229.9956 1.6237 0.5623 0.6051 14.4342 1.6696 21.4965 -8.4939 0.0722
Car -1 -1 -6.8009 833.5699 188.5237 914.4190 214.5632 1.4240 1.6381 4.1577 15.3112 2.3614 42.0170 -6.4543 0.0676
Pedestrian -1 -1 -6.1565 724.0571 179.1676 732.3097 198.7892 1.7408 0.5912 0.6611 10.5649 2.3093 64.6330 -5.9957 0.0650
Car -1 -1 -7.1391 0.0000 190.4272 92.5505 374.0000 1.4928 1.6448 4.3916 -7.2018 1.7132 6.8079 -7.9330 0.0620
Car -1 -1 -4.5833 859.3771 179.6817 883.1223 197.4967 1.5886 1.6275 3.8807 24.6399 2.2521 68.0477 -4.2377 0.0615
Pedestrian -1 -1 -5.6799 295.1971 170.7206 314.6875 206.2754 1.8815 0.5972 0.7535 -16.3345 1.7683 38.5507 -6.0785 0.0601
Pedestrian -1 -1 -3.2086 898.5164 176.5991 905.2873 204.5598 1.8227 0.6794 0.3661 19.1880 2.0710 47.5162 -2.8275 0.0597
Car -1 -1 -4.6010 28.3565 178.1019 69.8794 204.6567 1.6125 1.6708 4.1386 -36.4174 1.9692 46.8870 -5.2587 0.0570
Pedestrian -1 -1 -3.6312 1145.7413 177.9072 1176.4912 235.5436 1.4890 0.4392 0.4908 14.4103 1.6231 18.9398 -2.9887 0.0567
Pedestrian -1 -1 -6.2396 877.7190 177.7647 894.0044 209.5368 1.8878 0.6535 0.8916 16.5947 2.1867 43.4942 -5.8780 0.0507
Pedestrian -1 -1 -3.9392 1117.9857 166.1044 1139.5251 219.2435 1.7782 0.4758 0.3586 17.5003 1.5520 24.4112 -3.3233 0.0503
Pedestrian -1 -1 -8.9762 1099.2798 172.2800 1131.2583 230.7293 1.6392 0.5291 0.5782 14.3857 1.6228 20.6177 -8.3742 0.0500
Cyclist -1 -1 -8.0168 820.8053 179.6502 834.4194 215.2957 1.6311 0.3534 1.6079 10.2504 1.9602 34.1499 -7.7282 0.5199
Pedestrian -1 -1 -7.8237 443.1878 180.1017 457.5710 216.2621 1.6097 0.6162 0.6634 -7.2628 1.9413 32.6568 -8.0413 0.2058
Cyclist -1 -1 -7.6556 267.2367 176.7869 283.5617 211.6329 1.6423 0.4248 1.5201 -16.2504 1.8370 34.9738 -8.0879 0.1435
Cyclist -1 -1 -7.8472 30.3435 180.3578 40.5800 214.1297 1.5794 0.3717 1.5639 -27.7457 1.9486 34.7998 -8.5167 0.1256
Cyclist -1 -1 -7.3598 274.8920 177.5465 291.4816 201.3016 1.6098 0.3999 1.4611 -22.6393 1.9390 49.9312 -7.7837 0.0950
Cyclist -1 -1 -7.9138 902.8691 176.8432 915.2004 215.7844 1.7277 0.4128 1.6836 13.6490 1.9149 33.0527 -7.5259 0.0923
Cyclist -1 -1 -6.3476 435.6651 176.9371 472.2316 216.0756 1.7463 0.6214 1.5887 -7.1419 1.9346 32.8176 -6.5607 0.0809
Cyclist -1 -1 -7.6825 827.8362 175.2995 841.9398 213.2631 1.7629 0.3934 1.5245 10.6780 1.8817 34.3733 -7.3843 0.0773
Cyclist -1 -1 -2.1586 247.5728 175.1648 280.3029 211.9795 1.7343 0.6200 1.6362 -16.7164 1.8475 34.7611 -2.6042 0.0768
Cyclist -1 -1 -7.1601 264.4590 174.8307 295.9781 211.9450 1.7497 0.5308 1.5292 -15.9813 1.8472 34.9085 -7.5869 0.0710
Cyclist -1 -1 -7.2863 277.9865 177.6403 296.2710 201.3030 1.6001 0.4144 1.4946 -22.3399 1.9358 49.8733 -7.7057 0.0639
Pedestrian -1 -1 -6.0824 83.5977 172.4195 106.9240 210.6054 1.7966 0.6993 0.7812 -24.5920 1.7759 34.4250 -6.6992 0.0631
Pedestrian -1 -1 -4.5799 134.6026 171.2611 151.3903 208.6868 1.8800 0.6123 0.8298 -23.8202 1.7997 36.7507 -5.1518 0.0616
Pedestrian -1 -1 -6.1760 196.4701 174.1413 206.4204 202.9733 1.8248 0.6876 0.4819 -26.1423 1.9075 46.1141 -6.6895 0.0614
Cyclist -1 -1 -4.0167 79.3510 177.0174 119.3172 215.2389 1.7123 0.6211 1.6043 -23.6096 1.9091 33.3301 -4.6294 0.0594
Cyclist -1 -1 -4.6313 355.9426 177.4741 363.2945 194.6043 1.6033 0.5353 1.5903 -23.8969 2.0490 68.8192 -4.9646 0.0576
Cyclist -1 -1 -5.6768 32.3909 174.8930 80.4632 213.2013 1.7996 0.7057 1.7209 -26.3659 1.8975 34.3292 -6.3281 0.0555
Cyclist -1 -1 -2.6461 419.3508 173.5422 459.7957 213.8343 1.7841 0.6419 1.6683 -7.7150 1.8153 32.4949 -2.8779 0.0521
Cyclist -1 -1 -6.0605 254.0294 176.0473 294.6158 212.5488 1.7129 0.6761 1.6483 -16.0537 1.8672 34.4494 -6.4939 0.0513
Pedestrian -1 -1 -6.6866 86.1982 171.9140 105.8021 213.8192 1.9033 0.5514 0.5634 -23.6604 1.8603 33.1567 -7.3028 0.0501
Car -1 -1 -7.8179 551.3629 176.1940 610.2662 235.2506 1.6116 1.6281 4.4570 -0.8639 1.7243 22.1741 -7.8572 0.9430
Car -1 -1 -4.2171 259.8721 178.4832 310.3951 200.7276 1.4759 1.5365 3.9922 -22.9067 1.8891 50.9578 -4.6378 0.6122
Car -1 -1 -3.5499 864.3407 185.0061 928.7004 206.8282 1.5657 1.5615 4.1628 21.2095 2.4818 53.5653 -3.1753 0.5437
Car -1 -1 -4.6006 302.5533 176.7682 329.3836 197.0938 1.5269 1.5420 3.8461 -23.2399 1.8473 57.0565 -4.9860 0.4911
Car -1 -1 -4.3714 328.8577 179.6417 362.1077 197.0770 1.4568 1.5987 3.7188 -23.2997 2.0725 63.6095 -4.7214 0.4412
Car -1 -1 -7.2676 127.6561 172.5301 208.1014 207.0116 1.8916 1.7687 4.5150 -25.5713 1.8735 41.8743 -7.8132 0.3837
Car -1 -1 -4.4402 354.6917 178.7479 383.2555 194.9618 1.4696 1.5788 3.9573 -22.9883 2.0483 68.8771 -4.7614 0.3181
Car -1 -1 -4.8598 371.1050 176.8046 407.2217 204.7517 1.6436 1.5952 3.9604 -13.8945 1.9022 45.1662 -5.1570 0.1597
Car -1 -1 -7.7908 492.3615 174.7920 525.5527 206.5354 1.7640 1.6800 4.0656 -5.9318 1.8833 42.4426 -7.9292 0.1571
Car -1 -1 -7.9077 875.9539 181.2379 916.5969 214.8170 1.4774 1.5982 3.7798 13.7137 1.9054 34.8126 -7.5358 0.1537
Car -1 -1 -4.3164 288.7369 175.0895 344.4816 206.0911 1.7281 1.6221 3.9929 -17.2475 1.8658 42.5166 -4.6999 0.1484
Car -1 -1 -7.7814 417.9906 179.1975 458.4143 213.9285 1.5218 1.5923 3.9147 -8.1806 1.8423 34.4272 -8.0134 0.1399
Car -1 -1 -4.7874 1091.1165 146.3340 1133.9041 175.5062 1.5681 1.6842 3.8563 28.3669 0.1423 40.8734 -4.1840 0.0990
Car -1 -1 -4.7359 319.6458 182.0097 367.6317 223.6498 1.4298 1.6264 4.1510 -10.4193 1.8129 27.9849 -5.0896 0.0968
Car -1 -1 -5.8722 38.3463 182.2682 133.7670 209.8600 1.5455 1.5717 4.2748 -30.7944 2.1152 42.4691 -6.4967 0.0829
Car -1 -1 -4.4777 240.4350 176.2104 284.3870 203.5332 1.6743 1.6582 4.1130 -22.5783 1.9025 46.9374 -4.9241 0.0765
Car -1 -1 -5.6612 22.4555 180.8359 124.6054 212.6876 1.4948 1.5958 3.7676 -26.0783 1.8919 35.0983 -6.2968 0.0731
Car -1 -1 -4.6464 528.7561 179.0654 560.4565 207.4282 1.4571 1.4978 3.7723 -3.6036 1.8158 39.8052 -4.7366 0.0692
Car -1 -1 -4.4008 119.3121 185.6975 253.2973 257.2545 1.4418 1.5932 4.0351 -10.0963 1.7901 17.4439 -4.9192 0.0592
Car -1 -1 -4.4798 227.1172 182.8830 319.3395 237.6543 1.4360 1.6045 4.1151 -10.1258 1.7701 21.8878 -4.9089 0.0548
Car -1 -1 -6.5985 267.0140 176.9405 368.6049 210.6985 1.5773 1.6641 4.4383 -14.6747 1.7942 36.2759 -6.9807 0.0516
