Pedestrian -1 -1 -5.8767 312.1483 161.9940 418.5239 317.5369 1.7076 0.6953 0.9633 -2.7945 1.5049 8.1519 -6.1933 0.7018
Pedestrian -1 -1 -2.8245 394.5768 166.5760 443.7281 248.3757 1.7198 0.5693 0.8866 -4.0258 1.4274 15.1785 -3.0768 0.0772
Pedestrian -1 -1 -5.0409 985.2271 205.2350 1080.1548 369.0000 1.3272 0.4237 0.6121 3.1541 1.5265 5.3474 -4.5316 0.0745
Pedestrian -1 -1 -8.0390 547.8860 159.7088 578.5380 234.7561 1.8246 0.6340 0.7577 -1.0904 1.3195 17.6348 -8.0978 0.0684
Pedestrian -1 -1 -4.9018 448.7736 164.8186 484.6078 250.1911 1.7560 0.5975 0.8664 -2.9977 1.4338 15.0559 -5.0926 0.0676
Pedestrian -1 -1 -4.5696 26.3930 169.5262 70.7028 258.4031 1.7494 0.6017 0.7514 -11.3581 1.5338 14.3925 -5.2252 0.0674
Pedestrian -1 -1 -4.4355 73.3766 163.7893 122.5650 261.3065 1.7541 0.5587 0.7351 -9.4674 1.4539 13.1572 -5.0460 0.0641
Cyclist -1 -1 -4.8793 670.2734 167.9125 689.9310 210.1169 1.6542 0.5281 1.5935 2.9914 1.1611 28.5251 -4.7743 0.0630
Cyclist -1 -1 -5.5390 273.1903 174.4946 336.1824 241.2153 1.7158 0.5573 1.5781 -7.9893 1.5617 18.7139 -5.9347 0.0622
Pedestrian -1 -1 -4.8140 63.7772 178.6863 90.8742 235.9723 1.6194 0.5570 0.7895 -15.3148 1.5684 20.4670 -5.4472 0.0612
Cyclist -1 -1 -7.8878 496.7972 167.3571 527.7737 265.1357 1.6835 0.5068 1.7762 -1.7826 1.4576 13.0913 -8.0181 0.0520
Car -1 -1 -7.4490 485.3557 168.0420 584.0789 229.4313 1.7001 1.6202 3.8170 -2.0788 1.3554 21.6457 -7.5416 0.0519
Pedestrian -1 -1 -9.2100 1152.0309 168.4634 1188.3208 240.3828 1.8196 0.6758 0.6096 14.6176 1.5154 18.3388 -8.5440 0.0516
Car -1 -1 -3.7544 1170.7457 155.9033 1223.0000 369.0000 1.5169 1.5656 3.9816 7.5744 1.3485 6.1146 -2.8864 0.0514
Pedestrian -1 -1 -4.1990 211.3725 166.2164 259.1412 254.0820 1.6780 0.5551 0.7008 -7.2852 1.4056 13.8639 -4.6716 0.0508
Pedestrian -1 -1 -2.8131 114.0171 160.8015 167.4239 254.2613 1.8046 0.5572 0.7424 -9.2338 1.4246 14.0119 -3.3836 0.0504
Pedestrian -1 -1 -5.0105 1173.7908 160.4734 1223.0000 266.1088 1.7250 0.5873 0.7738 10.1197 1.3984 12.0158 -4.3220 0.2472
Pedestrian -1 -1 -8.1564 838.6077 168.7383 871.8708 234.0698 1.6108 0.5961 0.7264 6.2512 1.3211 17.8051 -7.8227 0.1795
Pedestrian -1 -1 -4.1106 661.2849 138.9688 679.2983 171.7902 1.8104 0.6231 0.8771 3.6660 -0.4970 39.8216 -4.0174 0.1474
Pedestrian -1 -1 -4.6676 849.8599 159.7857 886.1077 261.6529 1.7422 0.5773 0.7638 4.6279 1.3883 12.5559 -4.3209 0.1059
Pedestrian -1 -1 -4.1410 854.7473 159.3931 910.7593 265.8179 1.7299 0.5693 0.7495 4.6427 1.3872 11.9445 -3.7774 0.1054
Pedestrian -1 -1 -7.8135 667.1079 169.5278 701.0454 261.3967 1.6503 0.5990 0.7888 1.4297 1.4536 13.1356 -7.7059 0.1048
Pedestrian -1 -1 -7.8701 1089.9734 150.1012 1133.8500 266.5445 1.8212 0.5579 0.6841 8.1800 1.3462 11.4981 -7.2631 0.1044
Pedestrian -1 -1 -4.9314 687.3441 168.3100 724.1504 253.1926 1.6851 0.5800 0.8048 2.0048 1.4434 14.4612 -4.7949 0.0961
Cyclist -1 -1 -8.0695 857.3250 175.5044 921.8202 279.1663 1.4838 0.5589 1.6799 4.3343 1.4127 10.9932 -7.7020 0.0932
Pedestrian -1 -1 -7.9591 900.0875 160.9015 944.9206 266.0702 1.7079 0.6131 0.6645 5.2775 1.3900 11.8910 -7.5496 0.0912
Cyclist -1 -1 -8.0244 953.8506 170.9714 1015.2891 278.3278 1.5617 0.5238 1.8549 5.9466 1.4234 11.2484 -7.5480 0.0885
Pedestrian -1 -1 -8.4574 960.1555 164.9103 1017.2946 269.0774 1.6569 0.5593 0.6337 6.2313 1.4093 11.5942 -7.9740 0.0829
Pedestrian -1 -1 -3.9886 667.5463 171.2378 712.5544 252.6410 1.6347 0.5438 0.7856 1.7201 1.4491 14.6636 -3.8726 0.0736
Pedestrian -1 -1 -5.0366 1063.7008 153.0714 1120.6086 267.3065 1.8001 0.5728 0.6730 7.8861 1.3683 11.5412 -4.4483 0.0733
Cyclist -1 -1 -6.4109 658.5228 139.4484 690.6080 171.7091 1.8075 0.6293 1.7464 3.9300 -0.5032 40.1387 -6.3119 0.0730
Cyclist -1 -1 -6.2510 654.6154 137.9512 686.4150 170.9554 1.8155 0.6873 1.7522 3.6617 -0.5406 39.6051 -6.1574 0.0728
Pedestrian -1 -1 -7.2323 745.6959 164.9615 795.4142 254.3051 1.7341 0.5584 0.8982 3.2889 1.4329 14.2304 -7.0084 0.0721
Cyclist -1 -1 -8.3402 824.9185 164.3830 871.1566 233.2378 1.7153 0.4996 1.4687 6.2543 1.3141 18.3792 -8.0157 0.0710
Pedestrian -1 -1 -6.4074 1132.1962 144.3938 1200.3717 263.6294 1.8728 0.5952 0.7973 9.1082 1.3061 11.5641 -5.7519 0.0704
Cyclist -1 -1 -4.7470 669.5659 138.7006 679.1962 170.1188 1.7112 0.4843 1.6168 3.8943 -0.5974 39.8746 -4.6482 0.0674
Pedestrian -1 -1 -6.1116 1022.3627 161.2240 1069.0181 270.8544 1.7493 0.5424 0.5756 7.2283 1.4421 11.6758 -5.5677 0.0671
Pedestrian -1 -1 -8.3225 645.0086 160.1481 679.4346 232.3196 1.7628 0.6018 0.7115 1.3866 1.2660 17.7133 -8.2440 0.0651
Pedestrian -1 -1 -5.4807 914.2858 182.0605 964.6592 273.7543 1.4099 0.5171 0.5030 5.2456 1.4358 11.2063 -5.0520 0.0638
Pedestrian -1 -1 -5.3885 902.9107 192.9234 946.3497 270.5957 1.1904 0.3937 0.5100 5.0201 1.3933 11.2289 -4.9769 0.0629
Pedestrian -1 -1 -4.8804 677.7296 160.9742 706.4966 233.2070 1.7652 0.5782 0.8489 2.1328 1.2884 17.7166 -4.7609 0.0622
Cyclist -1 -1 -6.4654 815.6602 164.8853 884.8291 233.3944 1.7029 0.6350 1.5715 6.1822 1.3151 18.0029 -6.1383 0.0604
Cyclist -1 -1 -5.0893 654.3326 137.8937 674.5406 170.0455 1.7498 0.5641 1.6632 3.3334 -0.6032 39.9279 -5.0044 0.0603
Pedestrian -1 -1 -4.8979 778.5389 167.4576 822.4736 266.1755 1.6637 0.5994 0.7691 3.3459 1.4443 12.3221 -4.6375 0.0590
Pedestrian -1 -1 -2.9880 666.3884 155.9162 703.7338 229.9515 1.8704 0.5276 0.8878 2.0272 1.2496 18.2330 -2.8774 0.0568
Pedestrian -1 -1 -4.4792 862.1148 189.5122 901.9199 273.9650 1.2664 0.4921 0.4376 4.2565 1.4109 10.9897 -4.1176 0.0560
Pedestrian -1 -1 -5.4207 1112.4376 178.6221 1170.3473 271.0465 1.3877 0.4565 0.5577 8.2163 1.3599 10.9111 -4.7876 0.0555
Pedestrian -1 -1 -5.1194 643.1691 170.2947 689.5601 262.7484 1.6301 0.5907 0.7559 1.0646 1.4505 12.9188 -5.0374 0.0542
Pedestrian -1 -1 -4.5146 875.1727 196.7079 917.2589 285.4923 1.2412 0.4913 0.4682 4.2074 1.4861 10.3353 -4.1369 0.0542
Cyclist -1 -1 -7.9433 926.4991 163.9190 974.6183 272.0019 1.6337 0.5257 1.7861 5.5960 1.3835 11.6162 -7.5033 0.0542
Pedestrian -1 -1 -4.4101 875.3268 200.3153 914.0847 279.0782 1.1343 0.4385 0.4174 4.3069 1.4412 10.6340 -4.0339 0.0530
Pedestrian -1 -1 -3.9173 1000.1959 171.8657 1048.7472 268.1061 1.6115 0.4735 0.5398 7.1455 1.4673 12.1360 -3.3949 0.0526
Pedestrian -1 -1 -3.7467 818.1442 177.8309 867.0925 256.8881 1.5195 0.4933 0.7707 4.6325 1.4686 13.9360 -3.4309 0.0526
Pedestrian -1 -1 -6.9515 1041.9348 156.5298 1100.0997 268.6667 1.7906 0.5507 0.5779 7.5814 1.4083 11.5933 -6.3832 0.0523
Cyclist -1 -1 -8.4192 815.9301 165.6867 868.9187 233.8636 1.6649 0.5827 1.4603 5.9946 1.3035 18.0459 -8.1021 0.0509
Pedestrian -1 -1 -8.2271 775.7650 166.3982 807.9860 233.3530 1.6431 0.5689 0.6806 4.6358 1.2974 17.7236 -7.9739 0.0504
Car -1 -1 -6.2163 653.3035 140.3923 720.6364 168.3247 1.5057 1.6227 3.7056 4.6748 -0.7124 40.2422 -6.0993 0.1152
