Pedestrian -1 -1 -7.4661 0.0000 194.8272 68.8102 335.5108 1.5356 0.5468 0.6237 -6.7916 1.8016 8.3680 -8.1326 0.3804
Cyclist -1 -1 -4.5653 175.5259 186.3344 203.0103 242.6058 1.7039 0.5054 1.7616 -13.5567 2.1540 23.1967 -5.0895 0.2864
Cyclist -1 -1 -8.0040 768.1072 174.1699 795.8255 245.5194 1.5742 0.3786 1.5922 3.9264 1.6059 16.7573 -7.7786 0.1383
Car -1 -1 -4.7814 276.1531 183.8294 300.4211 205.5578 1.7810 1.6754 4.0974 -28.3911 2.7812 63.5698 -5.2001 0.0822
Car -1 -1 -4.4561 437.9124 175.2025 486.9406 209.8207 1.8686 1.7773 4.0526 -8.4172 2.0095 41.3016 -4.6563 0.0770
Pedestrian -1 -1 -5.6701 1204.6108 163.4789 1241.0000 251.5235 1.6383 0.4767 0.5753 11.7735 1.4636 13.7659 -4.9735 0.0762
Pedestrian -1 -1 -5.3852 253.2729 175.9232 268.3838 202.1691 1.7474 0.7262 0.5589 -23.5449 1.9557 48.5912 -5.8345 0.0689
Pedestrian -1 -1 -5.0900 1030.2607 168.7407 1052.3118 220.6750 1.9023 0.5612 0.4804 15.9150 1.7513 26.7095 -4.5580 0.0675
Car -1 -1 -4.8983 369.1436 173.6964 396.5149 197.1065 2.1443 1.7132 4.3060 -21.6336 2.2267 68.5579 -5.2032 0.0643
Car -1 -1 -4.9146 636.7549 177.7832 688.6086 212.2592 1.5209 1.6430 4.2701 2.4200 1.7728 34.6928 -4.8462 0.0617
Pedestrian -1 -1 -5.7237 913.2390 147.9264 1003.4216 298.5117 1.8361 0.5523 0.8920 4.4302 1.5319 9.3224 -5.2931 0.0606
Car -1 -1 -4.8799 358.1422 183.8580 396.1310 210.3060 1.5061 1.6107 3.9896 -14.5980 2.2249 45.0112 -5.1922 0.0559
Pedestrian -1 -1 -7.8983 893.3505 159.2926 913.8870 213.7574 1.9107 0.6446 0.6799 10.4216 1.4346 25.7392 -7.5180 0.0544
Car -1 -1 -4.7035 540.2210 177.7379 557.9962 195.5341 1.6445 1.6679 4.2737 -5.9144 2.1333 70.0714 -4.7878 0.0512
Pedestrian -1 -1 -8.6730 1043.8964 163.3600 1078.7650 227.0153 1.7229 0.5747 0.5780 12.3826 1.4656 19.8836 -8.1231 0.0506
Pedestrian -1 -1 -3.3663 1034.1351 175.3391 1064.6854 235.6389 1.7667 0.5444 0.6706 13.0566 1.8419 21.5328 -2.8279 0.1703
Pedestrian -1 -1 -7.7722 73.6454 185.4207 100.3861 237.4542 1.9502 0.7897 0.5160 -20.0950 2.4392 27.6726 -8.3959 0.1350
Pedestrian -1 -1 -7.3009 879.7243 180.2871 903.2701 224.2486 1.9976 0.7193 0.7751 13.0203 2.3476 33.4830 -6.9338 0.1255
Cyclist -1 -1 -8.7634 956.7752 175.4915 1009.3970 225.9561 1.6152 0.4667 1.6004 12.3415 1.7057 24.0040 -8.2941 0.1093
Cyclist -1 -1 -3.6429 866.7000 186.2733 907.5438 223.9953 1.7214 0.6916 1.6530 12.8991 2.3566 33.7102 -3.2811 0.0797
Cyclist -1 -1 -6.9185 860.7230 178.4141 904.9182 216.2959 1.6854 0.7597 1.7837 12.3907 1.9432 32.8911 -6.5618 0.0779
Cyclist -1 -1 -3.0076 929.3923 166.1145 991.9471 220.7772 1.7866 0.6807 1.8285 11.7864 1.5660 24.3683 -2.5624 0.0768
Pedestrian -1 -1 -7.3718 288.2307 179.5686 304.3830 205.4372 1.7585 0.7802 0.7064 -21.6036 2.2235 49.6264 -7.7807 0.0668
Pedestrian -1 -1 -5.0855 211.9638 191.8358 230.6219 226.7213 1.5822 0.5866 0.6020 -18.1412 2.4768 33.5980 -5.5776 0.0668
Pedestrian -1 -1 -7.5151 851.3729 167.5994 872.9835 212.1975 1.9356 0.7422 0.6019 11.0648 1.7072 31.7810 -7.1835 0.0608
Pedestrian -1 -1 -5.9400 682.4939 175.6554 695.7249 201.0579 1.6904 0.5476 0.7440 5.2871 1.8800 48.5119 -5.8326 0.0558
Pedestrian -1 -1 -8.2694 858.1600 183.4383 877.8938 223.2192 1.8368 0.6734 0.6281 12.0541 2.3378 33.8346 -7.9307 0.0555
Pedestrian -1 -1 -7.7631 861.5894 172.8355 878.3185 216.1877 1.9344 0.6631 0.5870 11.7043 1.9332 32.6001 -7.4219 0.0529
Cyclist -1 -1 -3.5452 839.2875 169.5869 884.0175 209.4556 1.7539 0.6545 1.7658 11.1560 1.6098 32.1316 -3.2143 0.0505
Car -1 -1 -5.3040 528.0859 178.5532 575.2085 201.6991 1.6026 1.6504 3.7105 -4.3378 2.0356 52.8908 -5.3859 0.2264
Car -1 -1 -4.5725 856.5802 196.4730 902.3816 231.0451 1.4526 1.6009 3.6722 13.0853 2.6646 35.0399 -4.2186 0.1998
Car -1 -1 -4.7018 285.6325 181.5613 311.7089 206.5982 1.6408 1.6289 3.9165 -21.9551 2.2801 50.8817 -5.1076 0.1183
Car -1 -1 -4.2799 125.0960 193.9837 214.2648 234.7781 1.4942 1.6279 4.2047 -18.7432 2.4615 30.8635 -4.8221 0.1149
Car -1 -1 -8.5418 803.0955 182.8020 883.6807 217.0965 1.4640 1.6323 3.6812 10.8720 1.9600 33.9822 -8.2352 0.0681
Car -1 -1 -3.0948 637.2228 177.3284 689.6846 200.3100 1.5420 1.6708 3.5434 3.6844 1.8573 49.8588 -3.0219 0.0607
Car -1 -1 -7.3844 186.5045 189.9181 267.4863 224.6806 1.5068 1.7435 4.3363 -18.8131 2.3999 35.5961 -7.8678 0.0559
Car -1 -1 -7.6182 65.6698 190.2822 139.3222 234.0269 1.6349 1.6783 3.9653 -21.6207 2.4314 30.8336 -8.2259 0.0508
