Pedestrian -1 -1 -5.5385 333.2754 133.9906 462.5857 358.5810 1.7807 0.6455 0.8600 -1.8312 1.4124 6.0882 -5.8146 0.7380
Pedestrian -1 -1 -5.5640 430.9886 138.2310 543.9608 340.1998 1.7778 0.5760 0.9010 -1.1702 1.4062 6.7062 -5.7269 0.6658
Pedestrian -1 -1 -5.2100 739.5524 138.3819 919.2971 369.0000 1.7156 0.7019 0.8325 1.2482 1.4918 4.2494 -4.9415 0.6104
Pedestrian -1 -1 -5.2007 572.3531 142.4301 600.1699 201.5142 1.7432 0.5960 0.6630 -0.6042 0.6203 21.2957 -5.2264 0.5382
Pedestrian -1 -1 -5.3454 516.4533 139.0153 556.4124 212.2768 1.7995 0.6276 0.8462 -1.7796 0.7808 17.8916 -5.4406 0.5283
Pedestrian -1 -1 -4.4606 542.5897 140.7915 566.6766 200.1406 1.7798 0.5772 0.7016 -1.5704 0.5893 21.6011 -4.5299 0.4257
Pedestrian -1 -1 -5.5120 805.5378 134.1929 963.9843 369.0000 1.7170 0.5928 0.8281 1.8366 1.4322 4.8575 -5.1693 0.3071
Pedestrian -1 -1 -3.8647 512.4144 142.8053 540.4069 200.6748 1.7492 0.5073 0.6964 -2.4577 0.6101 21.7996 -3.9731 0.2788
Pedestrian -1 -1 -3.7666 422.3837 186.0977 466.7552 271.0985 1.2297 0.4027 0.5094 -2.4534 1.3166 10.5958 -3.9857 0.2241
Pedestrian -1 -1 -3.6748 323.6577 169.9920 378.7307 268.3102 1.4559 0.5051 0.6288 -3.9507 1.3007 10.8733 -4.0120 0.2156
Pedestrian -1 -1 -5.4852 854.9542 154.0397 995.2256 369.0000 1.6215 0.5196 0.8411 2.3360 1.4399 5.3519 -5.0928 0.1841
Pedestrian -1 -1 -6.1179 152.7062 152.4838 166.1577 213.1913 1.7052 0.4808 0.2454 -12.7207 0.9185 20.1288 -6.6723 0.1792
Pedestrian -1 -1 -7.7602 109.5236 133.4763 161.6915 249.0483 1.8381 0.6416 0.8028 -7.8308 1.0906 11.7491 -8.3335 0.1733
Car -1 -1 -4.4396 0.0000 84.0750 269.2406 369.0000 1.7286 1.6470 4.1760 -3.2029 1.4603 4.2138 -5.0522 0.1404
Car -1 -1 -2.6225 0.0000 148.9214 52.2839 189.6560 1.5228 1.6246 3.8058 -24.2187 0.3425 27.5942 -3.3350 0.1328
Pedestrian -1 -1 -4.7482 897.4837 151.3715 920.8676 209.2812 1.7070 0.6143 0.8019 9.1297 0.8487 21.3263 -4.3473 0.1249
Pedestrian -1 -1 -4.3773 417.0133 159.4644 464.3460 254.6233 1.5905 0.6269 0.6063 -2.8645 1.2393 12.1536 -4.6010 0.1206
Pedestrian -1 -1 -4.3113 410.2513 184.2975 457.8529 283.5521 1.2967 0.4508 0.5372 -2.3568 1.3501 9.5631 -4.5433 0.1132
Pedestrian -1 -1 -4.6654 825.6118 145.7805 846.8598 200.3634 1.6782 0.6019 0.7734 7.2306 0.6110 22.2070 -4.3528 0.1057
Car -1 -1 -4.7443 379.0285 149.2412 404.6576 173.2809 1.6502 1.6879 3.8590 -15.6705 -0.5513 51.8944 -5.0337 0.0899
Car -1 -1 -4.7044 82.3493 149.9924 124.5213 183.7769 1.5650 1.6168 3.9838 -24.6950 0.1520 34.8525 -5.3144 0.0790
Pedestrian -1 -1 -5.5808 237.2217 142.6084 375.4427 369.0000 1.7205 0.5270 0.9088 -2.4652 1.4352 5.7255 -5.9657 0.0692
Car -1 -1 -4.5214 137.9258 143.8553 199.2439 179.4692 1.4804 1.5829 3.9891 -19.4729 -0.0491 31.6611 -5.0661 0.0643
Pedestrian -1 -1 -7.6483 497.0674 157.9629 522.8391 217.7399 1.4726 0.5485 0.4976 -2.4151 0.9177 17.6864 -7.7795 0.0614
Pedestrian -1 -1 -3.5530 307.6496 187.5701 369.7513 299.0765 1.3168 0.4601 0.5873 -3.3531 1.4085 8.7656 -3.9045 0.0593
Pedestrian -1 -1 -7.6305 786.3870 145.8780 811.4573 199.0554 1.6849 0.6643 0.6060 6.2274 0.5882 22.8260 -7.3657 0.0590
Pedestrian -1 -1 -7.1055 739.2051 145.4276 767.9883 197.6079 1.7192 0.6309 0.7116 4.9582 0.5639 23.7580 -6.9004 0.0575
Pedestrian -1 -1 -2.8120 596.7916 150.8029 621.2098 203.9042 1.5903 0.5545 0.5966 0.0879 0.7012 21.5356 -2.8058 0.0522
Car -1 -1 -7.4152 0.0000 141.9335 60.8344 182.4877 1.7095 1.6139 4.0494 -26.5710 0.0840 31.9658 -8.1017 0.0514
Car -1 -1 -2.6296 394.5734 153.6154 488.7381 187.0839 1.4025 1.5420 3.7357 -7.1493 0.2761 30.8995 -2.8525 0.0509
Pedestrian -1 -1 -3.0011 557.9415 148.4343 579.9451 203.9257 1.6122 0.5953 0.5708 -1.0974 0.6809 20.8645 -3.0507 0.0505
Pedestrian -1 -1 -3.1731 550.1329 148.2688 568.5862 199.5310 1.6071 0.5196 0.5688 -1.4878 0.5969 22.4516 -3.2361 0.0502
Pedestrian -1 -1 -2.8799 239.6477 148.1777 272.2906 203.1337 1.7900 0.6279 0.8337 -11.5848 0.7375 23.4165 -3.3318 0.3644
Cyclist -1 -1 -5.4381 267.5788 159.1140 361.8854 243.9960 1.5658 0.6851 1.7930 -5.6976 1.1716 13.7491 -5.8207 0.3627
Cyclist -1 -1 -3.8583 396.9039 137.0136 451.8422 193.5991 1.8903 0.7474 1.8000 -6.2895 0.4378 24.5711 -4.1036 0.3300
Pedestrian -1 -1 -7.2356 259.2887 150.8483 287.6710 198.0207 1.7016 0.6412 0.7228 -12.1779 0.6323 25.9190 -7.6680 0.3229
Pedestrian -1 -1 -5.1431 289.7328 138.5819 322.9731 200.0479 1.8000 0.6212 0.8569 -9.0036 0.5727 21.2247 -5.5367 0.3012
Pedestrian -1 -1 -3.9685 491.1541 143.4851 514.0422 182.8470 1.7944 0.6810 0.8098 -4.7645 0.1072 32.7599 -4.1093 0.2737
Pedestrian -1 -1 -4.4024 500.0796 143.7825 520.3024 182.7823 1.7461 0.6879 0.8353 -4.3260 0.1024 32.1279 -4.5327 0.2565
Pedestrian -1 -1 -7.8190 487.7227 146.7135 500.3459 177.7116 1.7254 0.6773 0.6894 -6.2568 -0.1584 39.8060 -7.9715 0.2279
Cyclist -1 -1 -5.0156 431.3563 146.2801 449.6796 178.7339 1.7711 0.5277 1.6668 -9.2174 -0.1008 39.5321 -5.2407 0.2167
Cyclist -1 -1 -4.1538 502.9160 142.6810 531.2228 178.7438 1.7573 0.6158 1.6669 -4.4118 -0.0900 35.4253 -4.2744 0.2088
Pedestrian -1 -1 -2.4788 629.9279 151.1825 656.1780 194.9818 1.6190 0.6306 0.7597 1.4024 0.5355 26.6222 -2.4248 0.2053
Cyclist -1 -1 -2.9808 555.8800 146.0299 586.2764 177.9408 1.8363 0.6395 1.6869 -1.9816 -0.1504 41.1687 -3.0264 0.2008
Pedestrian -1 -1 -5.8892 312.7806 139.8161 346.0721 202.6639 1.7761 0.6535 0.6922 -7.9496 0.6266 20.3174 -6.2546 0.1985
Cyclist -1 -1 -4.8163 566.9785 145.4208 578.9902 176.8366 1.7902 0.5243 1.7611 -1.8932 -0.2192 41.4126 -4.8595 0.1953
Cyclist -1 -1 -4.0236 338.3211 145.7151 375.4594 187.9204 1.7955 0.6107 1.6684 -10.8738 0.3159 30.9683 -4.3559 0.1934
Cyclist -1 -1 -8.1729 621.0563 146.6590 645.3887 190.4276 1.6295 0.4231 1.6955 1.0432 0.3698 27.1962 -8.1329 0.1877
Cyclist -1 -1 -5.1649 584.4742 143.1716 617.4396 187.3936 1.6931 0.6082 1.7309 -0.2033 0.2642 27.9809 -5.1699 0.1856
Cyclist -1 -1 -5.0016 377.8410 152.9115 397.6502 186.6703 1.6015 0.5179 1.4950 -10.5691 0.2929 34.3093 -5.2957 0.1718
Pedestrian -1 -1 -7.5386 611.5205 150.7561 631.9247 193.2894 1.6398 0.6346 0.6284 0.6282 0.4933 27.6619 -7.5141 0.1355
Pedestrian -1 -1 -7.9282 641.9996 149.8669 661.1942 194.6736 1.6468 0.6608 0.7269 1.7014 0.5212 26.3532 -7.8624 0.1348
Pedestrian -1 -1 -7.8251 560.7145 149.1080 574.3095 182.9946 1.6521 0.6491 0.6586 -1.8618 0.1218 34.8082 -7.8759 0.1314
Pedestrian -1 -1 -5.1985 306.5720 146.0491 329.1392 189.6656 1.7956 0.6509 0.6426 -12.0321 0.3775 29.5641 -5.5791 0.1308
Cyclist -1 -1 -4.4566 230.1158 152.2675 263.4388 206.7624 1.7124 0.5539 1.6867 -11.7177 0.8255 23.1005 -4.9184 0.1297
Pedestrian -1 -1 -7.1931 510.9578 145.5930 531.1782 180.6585 1.7296 0.7163 0.7149 -4.2153 0.0080 35.3660 -7.3085 0.1245
Pedestrian -1 -1 -5.9290 516.9365 147.8525 525.1711 179.0143 1.7612 0.5008 0.3108 -4.7922 -0.0851 40.2684 -6.0444 0.1211
Cyclist -1 -1 -6.0915 492.6741 143.1946 530.3307 182.8151 1.7960 0.5642 1.6321 -4.2988 0.1051 32.3838 -6.2200 0.1202
Cyclist -1 -1 -2.7922 581.8752 145.9581 633.3331 191.5025 1.7154 0.7558 1.8395 0.0726 0.4146 27.3032 -2.7874 0.1190
Cyclist -1 -1 -5.5011 272.7615 152.5191 352.6251 225.9919 1.5945 0.6477 1.7141 -6.6500 0.9876 15.9747 -5.8864 0.1188
Cyclist -1 -1 -4.5001 156.7995 151.8920 188.0526 202.8470 1.6307 0.5480 1.6156 -14.3807 0.7154 23.4804 -5.0415 0.1158
Cyclist -1 -1 -7.9053 246.8445 154.8158 266.4903 207.7434 1.6272 0.4862 1.6818 -11.1738 0.8379 22.5915 -8.3569 0.1135
Cyclist -1 -1 -2.8548 359.4454 149.5970 396.0071 181.8767 1.7463 0.6360 1.7933 -12.4093 0.0746 38.5869 -3.1615 0.1103
Pedestrian -1 -1 -5.1030 416.4529 141.1019 443.0826 192.7896 1.7554 0.6484 0.7836 -6.1121 0.4176 24.5197 -5.3421 0.1065
Pedestrian -1 -1 -8.1099 441.4867 148.5306 457.2432 181.1707 1.7776 0.6750 0.7801 -8.6023 0.0367 39.0065 -8.3231 0.1053
Cyclist -1 -1 -8.2588 599.9615 147.1031 633.3428 190.9991 1.6535 0.6430 1.8023 0.4090 0.3957 27.5898 -8.2421 0.1051
Cyclist -1 -1 -2.9153 609.7627 145.6053 661.3770 191.9976 1.6942 0.7348 1.8079 1.1159 0.4201 26.4164 -2.8715 0.0995
Cyclist -1 -1 -8.1428 620.5281 144.1403 651.0603 191.7246 1.7187 0.6549 1.8005 1.1063 0.4057 26.4905 -8.0994 0.0951
Pedestrian -1 -1 -8.1591 494.1848 149.1040 509.8838 179.5105 1.6919 0.7045 0.6793 -5.8151 -0.0563 39.8305 -8.3008 0.0941
Cyclist -1 -1 -8.2079 612.1405 144.1110 640.9039 190.4862 1.6930 0.5368 1.6738 0.7680 0.3648 26.6903 -8.1773 0.0939
Pedestrian -1 -1 -4.9087 429.0995 149.5344 442.7767 181.0739 1.7442 0.6141 0.7365 -9.4753 0.0319 39.5636 -5.1399 0.0933
Cyclist -1 -1 -6.0828 326.3802 147.2408 369.8379 189.2688 1.8041 0.6067 1.6904 -11.1919 0.3766 30.7712 -6.4261 0.0918
Cyclist -1 -1 -6.4341 489.4996 145.2229 519.7399 177.4790 1.8042 0.5519 1.6361 -5.7117 -0.1735 40.1380 -6.5722 0.0915
Pedestrian -1 -1 -5.7568 513.7247 148.5346 522.1826 178.4429 1.6962 0.4791 0.2761 -4.9864 -0.1183 40.4116 -5.8765 0.0911
Pedestrian -1 -1 -4.5118 475.2449 142.3217 492.4112 182.1284 1.8249 0.6542 0.7147 -5.6360 0.0748 32.7819 -4.6782 0.0887
Pedestrian -1 -1 -7.9313 284.6957 159.9747 318.3318 234.8773 1.5592 0.6234 0.5436 -6.5301 1.1323 15.1030 -8.3297 0.0886
Pedestrian -1 -1 -8.4028 590.8143 147.4751 612.5693 191.3263 1.6714 0.6406 0.5659 -0.1583 0.4129 27.3577 -8.4064 0.0868
Pedestrian -1 -1 -7.8462 357.5575 149.3819 370.4106 182.3816 1.7644 0.6504 0.7258 -13.0498 0.1007 38.2509 -8.1703 0.0866
Cyclist -1 -1 -2.9030 613.2736 147.7807 663.0500 193.1664 1.6890 0.7022 1.7761 1.2349 0.4716 26.8994 -2.8556 0.0839
Cyclist -1 -1 -4.4150 308.5492 145.8764 335.2488 187.8530 1.7392 0.5850 1.6791 -12.0831 0.3049 30.1545 -4.7903 0.0838
Cyclist -1 -1 -4.8341 298.9829 153.8230 325.7080 227.7837 1.5892 0.3753 1.5958 -6.6699 1.0163 15.9806 -5.2203 0.0823
Pedestrian -1 -1 -5.0839 269.1751 146.5656 310.1457 220.4832 1.7317 0.6338 0.8764 -7.6706 0.9370 17.0980 -5.4966 0.0808
Cyclist -1 -1 -4.2777 298.7076 143.5968 344.0561 204.4911 1.6760 0.5686 1.6271 -8.1517 0.6606 20.2899 -4.6521 0.0804
Pedestrian -1 -1 -5.4936 353.8996 153.6100 366.4734 187.6269 1.6529 0.5245 0.2977 -12.0182 0.3465 34.6572 -5.8224 0.0795
Cyclist -1 -1 -2.4264 359.1039 149.9529 394.9443 186.8920 1.7480 0.6457 1.6199 -11.0083 0.3027 34.0761 -2.7340 0.0781
Pedestrian -1 -1 -7.6568 501.2383 144.2605 518.3243 182.0737 1.7259 0.6449 0.7617 -4.4180 0.0720 32.6727 -7.7877 0.0779
Cyclist -1 -1 -2.7468 236.8622 147.8693 288.8880 196.8269 1.7572 0.5765 1.6058 -12.4578 0.5863 25.7059 -3.1911 0.0775
Cyclist -1 -1 -7.6906 574.4115 139.5870 594.7404 180.5204 1.7634 0.6235 1.7530 -0.9183 0.0011 31.3707 -7.7174 0.0770
Pedestrian -1 -1 -7.9426 392.0723 147.2165 405.8756 181.8989 1.8554 0.6659 0.6234 -11.1582 0.0750 38.2359 -8.2222 0.0767
Cyclist -1 -1 -2.6925 552.2281 143.7545 587.5996 181.0574 1.8130 0.5984 1.6511 -1.7554 0.0273 34.9626 -2.7401 0.0763
Pedestrian -1 -1 -7.7326 468.2511 146.0533 481.5641 177.7953 1.7575 0.6543 0.6782 -7.2897 -0.1526 39.5654 -7.9112 0.0759
Pedestrian -1 -1 -5.3860 512.2464 147.7745 523.1195 178.2758 1.7198 0.5113 0.3434 -4.9783 -0.1273 40.2143 -5.5061 0.0751
Cyclist -1 -1 -4.1197 294.1928 150.6374 346.5663 211.5405 1.6238 0.5842 1.5429 -7.9309 0.8279 19.6679 -4.4953 0.0743
Pedestrian -1 -1 -7.5143 261.5780 147.7598 285.1645 192.3188 1.7752 0.6573 0.7234 -13.4165 0.4711 28.5596 -7.9470 0.0740
Pedestrian -1 -1 -7.9367 607.6881 149.9201 626.5754 193.1260 1.6469 0.6793 0.6216 0.4350 0.4815 27.2824 -7.9189 0.0736
Pedestrian -1 -1 -2.6970 538.2162 148.6189 549.2535 186.7247 1.6822 0.4970 0.3056 -2.7519 0.2750 31.5002 -2.7812 0.0727
Cyclist -1 -1 -7.7020 379.8131 150.7837 396.2120 182.3769 1.6825 0.5855 1.7954 -11.8452 0.1001 38.5850 -7.9954 0.0726
Pedestrian -1 -1 -4.3339 306.8607 167.3103 350.4829 247.9361 1.5122 0.6025 0.5889 -5.3375 1.2652 13.5597 -4.6990 0.0719
Cyclist -1 -1 -8.1882 644.3770 143.6793 673.4695 191.3658 1.7129 0.5381 1.7317 1.9596 0.3905 26.3024 -8.1126 0.0717
Cyclist -1 -1 -5.4645 285.0512 156.9807 372.9071 243.0183 1.6324 0.5800 1.7708 -5.5445 1.1866 14.0634 -5.8303 0.0712
Cyclist -1 -1 -2.9961 595.7582 145.0513 642.0839 189.1356 1.7044 0.7353 1.7357 0.5268 0.3341 27.8428 -2.9753 0.0707
Pedestrian -1 -1 -2.4338 413.2574 146.9369 443.5173 194.5559 1.6473 0.6767 0.7842 -6.2587 0.4865 24.9375 -2.6745 0.0686
Pedestrian -1 -1 -5.4764 318.3750 138.7785 354.4489 201.3132 1.7944 0.6786 0.7233 -7.9167 0.5975 20.7509 -5.8335 0.0677
Pedestrian -1 -1 -7.3959 180.0909 152.2075 205.6852 199.2682 1.6909 0.6095 0.5800 -15.0124 0.6746 25.7123 -7.9169 0.0670
Cyclist -1 -1 -5.8419 294.6424 147.4276 339.6283 190.2100 1.7771 0.6710 1.6234 -12.1304 0.4035 29.7529 -6.2231 0.0663
Cyclist -1 -1 -4.3569 488.1376 145.0595 508.2599 176.1944 1.7093 0.5704 1.6856 -6.0358 -0.2485 39.9457 -4.5035 0.0662
Pedestrian -1 -1 -7.8863 559.6799 151.1712 576.2391 193.0543 1.6004 0.6233 0.4684 -1.4606 0.4799 27.2758 -7.9371 0.0661
Cyclist -1 -1 -2.9820 389.3198 141.7052 440.4498 193.7531 1.7880 0.6397 1.6426 -6.6566 0.4556 24.6885 -3.2399 0.0657
Pedestrian -1 -1 -6.8447 614.4646 149.9863 637.7365 193.5256 1.5956 0.6063 0.6420 0.7538 0.4776 26.3352 -6.8143 0.0656
Cyclist -1 -1 -4.7740 562.4636 146.9916 574.5062 177.7345 1.7389 0.5914 1.7849 -2.1401 -0.1642 41.0786 -4.8235 0.0653
Cyclist -1 -1 -7.5790 342.3401 146.9395 364.6936 186.8872 1.7196 0.4988 1.6433 -11.1338 0.2752 31.2722 -7.9157 0.0642
Pedestrian -1 -1 -2.4950 281.8527 159.2149 320.1869 227.0472 1.4846 0.5267 0.5885 -6.8330 1.0191 15.8020 -2.8937 0.0624
Cyclist -1 -1 -8.0985 436.9073 148.1207 454.6036 179.5223 1.7230 0.5736 1.7251 -8.9740 -0.0561 39.7510 -8.3166 0.0618
Cyclist -1 -1 -6.4819 502.3040 144.6133 539.3434 181.5370 1.8032 0.6522 1.7323 -4.1998 0.0508 35.1073 -6.5977 0.0610
Pedestrian -1 -1 -4.7811 286.9858 160.2239 320.7461 242.4384 1.5871 0.5816 0.5856 -6.0297 1.1960 14.0409 -5.1765 0.0601
Cyclist -1 -1 -5.1597 483.5498 145.6977 510.5124 183.4038 1.6909 0.5727 1.6477 -5.0029 0.1304 32.5500 -5.3085 0.0599
Pedestrian -1 -1 -5.9291 162.2610 152.5668 189.5681 203.7562 1.7173 0.6482 0.6064 -14.6480 0.7805 24.0940 -6.4674 0.0587
Pedestrian -1 -1 -7.6539 64.2831 156.2941 90.8405 203.8453 1.6739 0.6526 0.6021 -18.8976 0.8221 25.3005 -8.2874 0.0586
Cyclist -1 -1 -8.2093 593.9566 145.2969 621.5020 188.2433 1.6768 0.5443 1.7230 0.0684 0.3026 28.5085 -8.2048 0.0584
Cyclist -1 -1 -6.4374 485.4893 148.0368 516.8015 180.3485 1.7848 0.5593 1.6686 -5.8263 -0.0085 39.5721 -6.5803 0.0584
Cyclist -1 -1 -7.9195 593.5880 140.9060 607.9870 184.1632 1.7378 0.4864 1.6828 -0.2094 0.1474 29.2616 -7.9244 0.0580
Cyclist -1 -1 -7.5825 491.9834 146.2879 510.1472 178.3459 1.7342 0.5672 1.6704 -5.7703 -0.1220 39.2301 -7.7252 0.0573
Pedestrian -1 -1 -7.7209 456.0791 146.7723 470.1807 179.5142 1.8102 0.6932 0.6274 -7.9247 -0.0553 39.4443 -7.9155 0.0571
Cyclist -1 -1 -4.8952 496.4538 143.9398 514.1386 181.0159 1.6985 0.5289 1.6851 -4.7224 0.0238 33.2729 -5.0326 0.0569
Pedestrian -1 -1 -5.6582 297.0998 154.0584 328.3984 210.9671 1.5474 0.5873 0.5633 -8.1264 0.8287 19.5770 -6.0438 0.0567
Pedestrian -1 -1 -4.0855 621.5601 148.8281 643.6920 194.3074 1.6295 0.5551 0.6064 0.9756 0.4950 25.7438 -4.0459 0.0562
Cyclist -1 -1 -5.9174 431.9741 145.8317 464.7990 178.1013 1.7794 0.6278 1.6768 -8.7561 -0.1353 39.4892 -6.1318 0.0560
Cyclist -1 -1 -7.2111 312.5878 140.9603 367.0818 202.8262 1.7098 0.5608 1.7025 -7.6744 0.6173 20.4371 -7.5629 0.0558
Pedestrian -1 -1 -5.8235 554.3254 151.5863 572.6472 190.7621 1.5990 0.6893 0.5035 -1.7427 0.4191 29.2748 -5.8802 0.0557
Cyclist -1 -1 -7.6740 568.8505 140.9978 586.7795 179.6455 1.6847 0.5104 1.6779 -1.2333 -0.0392 31.7276 -7.7102 0.0556
Pedestrian -1 -1 -7.2150 631.4974 147.9251 658.1733 194.8064 1.6958 0.6563 0.7641 1.4401 0.5178 26.0798 -7.1584 0.0549
Cyclist -1 -1 -7.9175 556.4419 143.2173 571.7475 182.5502 1.7079 0.5811 1.6138 -1.8566 0.0892 31.5373 -7.9735 0.0542
Cyclist -1 -1 -7.7236 561.9619 145.0556 579.9112 181.7617 1.6097 0.5947 1.6674 -1.5481 0.0555 31.8622 -7.7695 0.0538
Cyclist -1 -1 -4.4520 74.9467 151.7800 109.0102 199.0022 1.7051 0.6157 1.6545 -19.1737 0.6683 26.4127 -5.0721 0.0534
Cyclist -1 -1 -2.9345 356.0637 151.5580 391.6882 184.6504 1.7089 0.6251 1.6747 -12.0722 0.2145 36.9102 -3.2460 0.0533
Cyclist -1 -1 -7.6708 248.3362 153.5220 278.7391 204.6892 1.6245 0.6074 1.6315 -11.2750 0.7682 23.3138 -8.1138 0.0529
Pedestrian -1 -1 -5.9942 324.8320 143.3499 358.0582 201.1790 1.7007 0.6186 0.7852 -7.9046 0.6085 21.1269 -6.3451 0.0529
Cyclist -1 -1 -3.2324 537.4173 143.3817 574.9700 183.0576 1.7801 0.5296 1.6609 -2.2433 0.1149 32.1147 -3.2992 0.0528
Pedestrian -1 -1 -5.0278 453.5186 152.7315 473.6693 196.8053 1.5575 0.5768 0.5192 -5.1036 0.5765 25.3536 -5.2219 0.0526
Pedestrian -1 -1 -3.1780 339.2761 147.7725 349.2738 183.9015 1.8870 0.5877 0.4758 -13.7687 0.1778 37.2910 -3.5268 0.0525
Cyclist -1 -1 -2.8249 588.5133 144.7670 637.1140 192.2960 1.7574 0.6847 1.7100 0.2672 0.4364 26.7435 -2.8129 0.0517
Cyclist -1 -1 -2.9002 354.5857 149.9583 389.5143 182.3018 1.7597 0.6225 1.7237 -12.8020 0.0982 38.8412 -3.2140 0.0509
Cyclist -1 -1 -3.1335 549.6155 148.7320 578.9102 180.4727 1.8194 0.6162 1.6782 -2.3631 -0.0015 40.8756 -3.1887 0.0508
Pedestrian -1 -1 -7.6235 606.4139 146.3339 626.1928 189.3168 1.6913 0.6580 0.6510 0.4263 0.3472 28.2173 -7.6064 0.0507
Cyclist -1 -1 -6.1077 495.0430 140.7399 534.3840 183.6988 1.9159 0.5995 1.6802 -4.0865 0.1429 31.8752 -6.2317 0.0505
Pedestrian -1 -1 -5.4527 447.8715 147.1453 464.6908 179.5919 1.7778 0.6365 0.6573 -8.2615 -0.0508 39.2156 -5.6565 0.0501
Car -1 -1 -8.1430 362.2019 143.3675 440.0491 190.4442 1.5818 1.6730 3.9969 -7.5649 0.3344 25.8919 -8.4217 0.4135
Car -1 -1 -7.8834 370.3352 151.5318 402.9654 180.8134 1.5094 1.5962 3.6376 -11.9152 0.0163 38.4256 -8.1796 0.2313
Car -1 -1 -6.5053 432.6605 147.6797 509.8657 176.4080 1.5613 1.6160 4.0830 -7.6531 -0.2428 40.4147 -6.6888 0.2254
Car -1 -1 -5.6753 438.9491 150.4938 530.1219 182.0824 1.4355 1.5889 4.1209 -5.7781 0.0721 33.7294 -5.8413 0.1625
Car -1 -1 -4.6148 146.5918 148.3916 201.2930 184.6704 1.4818 1.6295 4.1636 -18.9037 0.1706 31.1087 -5.1541 0.1407
Car -1 -1 -4.4725 115.3711 151.9539 199.0041 198.3921 1.4850 1.5572 3.8905 -15.5533 0.5724 24.7008 -5.0265 0.1403
Car -1 -1 -6.1385 486.1461 149.7224 590.2856 185.8451 1.4955 1.6315 4.2354 -2.8266 0.2215 30.2011 -6.2287 0.1222
Car -1 -1 -7.8898 70.8384 155.6704 124.7274 194.3426 1.3751 1.5662 3.6719 -19.4901 0.4925 27.0752 -8.5060 0.1176
Car -1 -1 -6.5746 599.6083 146.5112 718.6196 186.2856 1.5174 1.7015 4.4438 2.1066 0.2210 28.2811 -6.4990 0.1153
Car -1 -1 -4.6790 557.5800 147.6310 590.7036 178.4757 1.5057 1.5820 3.9013 -1.5741 -0.1106 36.7283 -4.7193 0.1097
Car -1 -1 -7.6856 318.6295 152.3436 370.4438 185.8109 1.4248 1.5780 3.7775 -11.7745 0.2263 32.0992 -8.0318 0.1095
Car -1 -1 -5.7286 441.2126 152.2564 524.3030 181.0295 1.4663 1.6003 4.1266 -6.5103 0.0271 37.5509 -5.8967 0.0994
Car -1 -1 -4.4153 317.9059 155.9846 426.1233 220.0406 1.4102 1.4946 3.6397 -5.6332 0.8708 17.3917 -4.7210 0.0890
Car -1 -1 -7.6198 383.3564 149.0017 433.3145 179.9419 1.4741 1.5767 3.7938 -9.8737 -0.0295 35.6759 -7.8853 0.0864
Car -1 -1 -4.1564 263.6358 155.8015 395.7779 213.2985 1.3763 1.5103 3.7595 -7.2470 0.7854 18.9165 -4.5144 0.0752
Car -1 -1 -7.6708 363.7722 147.4450 417.6430 185.1768 1.5863 1.5976 4.0022 -9.5822 0.1968 31.7993 -7.9585 0.0734
Car -1 -1 -7.2968 274.7946 152.1240 370.5570 193.2831 1.4615 1.5381 3.9650 -10.7671 0.4542 27.1977 -7.6675 0.0716
Car -1 -1 -4.7384 186.0363 158.9466 265.2245 220.3475 1.3138 1.5311 3.7534 -9.2603 0.8530 17.1398 -5.2238 0.0703
Car -1 -1 -3.8216 0.0000 160.1880 99.2029 206.6638 1.4230 1.5179 3.5919 -19.1555 0.8014 23.5656 -4.4955 0.0702
Car -1 -1 -4.2822 164.3310 157.2171 263.4880 200.6244 1.4198 1.5865 3.8680 -13.7806 0.6585 25.1069 -4.7767 0.0674
Car -1 -1 -4.4418 318.7266 149.0983 371.7617 180.3392 1.4939 1.5685 3.7001 -13.0748 -0.0084 35.7339 -4.7875 0.0630
Car -1 -1 -7.7691 223.2491 152.8793 274.5444 189.5271 1.4137 1.5654 3.7195 -14.7064 0.3485 29.2922 -8.2279 0.0617
Car -1 -1 -6.1931 433.6581 146.9730 510.6759 173.1955 1.5116 1.6498 4.3999 -7.9101 -0.4480 42.3485 -6.3742 0.0590
Car -1 -1 -8.1508 564.0855 140.3141 623.6202 176.8651 1.5426 1.6373 3.9546 -0.6020 -0.1774 32.3985 -8.1669 0.0582
Car -1 -1 -4.5654 522.6196 146.9294 565.3876 177.0520 1.4874 1.6688 4.0807 -3.1896 -0.1929 37.4819 -4.6474 0.0535
