Car -1 -1 -4.4166 401.4261 179.1147 486.0033 235.5407 1.5209 1.5473 3.3362 -4.9213 1.7225 21.5505 -4.6391 0.9422
Car -1 -1 -4.5120 446.6738 178.1994 511.7993 223.5812 1.4976 1.5820 3.8802 -4.7132 1.7062 26.2307 -4.6886 0.8947
Pedestrian -1 -1 -6.1332 663.9271 170.2032 678.6576 196.5140 1.8292 0.4914 0.9656 4.2611 1.6446 50.5147 -6.0499 0.5198
Pedestrian -1 -1 -4.4386 799.6947 164.5196 816.9008 206.3246 1.8992 0.6216 0.6167 9.0848 1.5203 33.2043 -4.1742 0.3261
Car -1 -1 -2.9872 421.1690 170.2587 501.3728 199.5460 1.6722 1.6749 4.3819 -8.6699 1.5237 42.1378 -3.1892 0.1333
Pedestrian -1 -1 -5.3744 805.1118 163.0455 824.7981 205.6022 1.9710 0.6270 0.6389 9.5661 1.5164 33.8316 -5.1015 0.1158
Pedestrian -1 -1 -1.8190 0.0000 179.8640 15.0655 248.4254 1.6454 0.5677 0.4781 -15.1312 1.8213 17.7619 -2.5173 0.1154
Cyclist -1 -1 -3.0671 810.5144 172.5674 844.7479 209.8188 1.7611 0.6677 1.5329 10.4252 1.7473 34.6965 -2.7781 0.0979
Car -1 -1 -7.0154 697.0657 170.6279 751.4451 194.9056 1.6643 1.6191 3.6665 8.0792 1.5114 51.1404 -6.8599 0.0959
Car -1 -1 -4.3227 414.1297 169.6305 461.8125 197.0598 1.7996 1.7373 4.1432 -11.7758 1.5878 49.5217 -4.5553 0.0941
Cyclist -1 -1 -7.2776 221.9006 177.2180 279.8473 250.1635 1.6372 0.4188 1.6052 -8.5391 1.7454 17.1147 -7.7346 0.0830
Car -1 -1 -4.7191 496.7672 175.9196 516.2292 194.8705 1.5325 1.5793 3.9834 -8.8049 1.8008 61.1126 -4.8619 0.0752
Pedestrian -1 -1 -6.7751 608.4268 171.3726 620.5249 197.7787 1.8595 0.6101 0.6472 0.2859 1.7549 51.2325 -6.7700 0.0742
Car -1 -1 -3.4977 0.0000 195.5454 38.3462 374.0000 1.4684 1.5687 4.2427 -9.7738 1.8119 8.6713 -4.3274 0.0729
Car -1 -1 -3.4960 770.1801 176.5885 848.9689 202.0495 1.5187 1.6839 4.3550 12.2022 1.7533 44.3702 -3.2298 0.0719
Pedestrian -1 -1 -3.4325 86.1497 170.2011 128.1041 244.4010 1.8086 0.5839 0.7261 -12.6304 1.7436 18.0532 -4.0362 0.0677
Car -1 -1 -4.8247 735.3087 167.2430 770.2233 198.4150 1.7872 1.6037 4.0373 8.5102 1.4652 43.4442 -4.6329 0.0646
Car -1 -1 -6.8531 792.2025 175.3911 866.2866 203.3414 1.5349 1.6408 3.7542 12.4576 1.6840 41.1662 -6.5616 0.0644
Car -1 -1 -4.7671 727.2740 176.3720 773.0261 214.4555 1.4320 1.5955 4.1876 5.6583 1.5872 29.7134 -4.5813 0.0604
Car -1 -1 -3.9196 974.0303 159.2258 1121.8536 208.0961 1.4481 1.5994 4.0089 13.6593 1.0439 22.6345 -3.3825 0.0585
Pedestrian -1 -1 -4.1428 87.9495 172.7122 112.2360 221.2547 1.9497 0.6270 0.5118 -20.7106 1.9437 29.2499 -4.7548 0.0554
Car -1 -1 -4.6708 744.9347 177.0517 782.1259 207.7107 1.3859 1.6245 4.2694 7.5630 1.6054 35.5074 -4.4631 0.0517
Car -1 -1 -6.4589 764.0334 173.3065 834.3336 198.5591 1.6047 1.7489 4.1758 12.2184 1.6345 46.9203 -6.2061 0.0510
Car -1 -1 -8.1628 765.8773 180.3118 953.0695 298.6500 1.5053 1.6016 3.7682 3.6107 1.6414 11.3073 -7.8623 0.9592
Car -1 -1 -8.3673 855.2090 188.3980 1241.0000 374.0000 1.4510 1.6095 3.9646 3.4355 1.6204 5.8882 -7.8619 0.9476
Car -1 -1 -8.1089 715.8788 178.6908 831.5620 252.3624 1.4814 1.6299 3.9646 3.6155 1.6338 16.8483 -7.9019 0.9437
Car -1 -1 -4.0262 0.0000 207.7519 235.4196 374.0000 1.3768 1.5831 4.0703 -5.0041 1.7627 5.9438 -4.7043 0.8777
Car -1 -1 -7.9974 704.7092 178.0620 770.7359 229.6922 1.4594 1.5247 3.4043 3.8490 1.6337 22.4619 -7.8306 0.5949
Car -1 -1 -5.1367 1121.1924 171.1928 1241.0000 258.4066 1.4613 1.5738 3.7860 11.6722 1.4331 14.1199 -4.4566 0.3558
Car -1 -1 -8.0072 706.6753 173.1049 732.3556 191.2862 1.4923 1.5948 3.7082 9.2211 1.5139 61.1330 -7.8586 0.2506
Car -1 -1 -6.7863 1022.6633 166.3118 1228.3943 228.6182 1.4677 1.6091 3.8873 12.6642 1.3133 17.9957 -6.1811 0.2038
Car -1 -1 -8.6071 1099.6846 173.7871 1241.0000 227.2448 1.4454 1.5787 3.6730 16.6861 1.4754 21.4817 -7.9537 0.0764
Car -1 -1 -9.0140 0.0000 0.0000 1241.0000 374.0000 1.5513 1.6294 3.7963 3.3730 1.5876 1.3680 -7.9019 0.0737
Car -1 -1 -5.1371 1043.6705 165.6948 1160.6658 219.1651 1.5068 1.6162 3.5666 14.9562 1.3047 22.2222 -4.5512 0.0656
Car -1 -1 -5.2014 1203.1472 162.1053 1241.0000 256.6084 1.4931 1.6694 4.1085 13.1964 1.3230 13.6025 -4.4423 0.0574
