Pedestrian -1 -1 -6.1809 70.4677 174.9189 80.0374 222.7317 1.9917 0.5202 0.2680 -22.3099 1.7594 29.7446 -6.8177 0.1709
Pedestrian -1 -1 -6.1082 328.2784 176.4605 336.9189 199.9774 1.7397 0.6318 0.4970 -20.2826 1.4408 52.6612 -6.4721 0.0933
Pedestrian -1 -1 -6.0543 766.6763 157.6385 781.2592 186.0065 1.8895 0.5685 0.8468 11.3581 0.3668 47.5377 -5.8195 0.0909
Pedestrian -1 -1 -6.3049 428.3699 173.8274 438.9590 195.8844 1.7121 0.5368 0.7938 -13.3810 1.1942 55.2435 -6.5395 0.0902
Pedestrian -1 -1 -3.4310 678.5205 161.7541 687.7106 190.6419 1.9171 0.5806 0.4638 5.2152 0.6731 47.2492 -3.3201 0.0876
Car -1 -1 -8.0064 338.9900 179.2028 377.8714 207.1564 1.6108 1.6509 3.9677 -15.0011 1.5361 42.8825 -8.3390 0.0803
Car -1 -1 -4.8909 265.0388 175.5372 304.1149 203.4402 1.8313 1.7466 4.1602 -22.0669 1.5057 48.6151 -5.3129 0.0691
Pedestrian -1 -1 -6.4434 539.7131 169.7263 547.7294 191.4543 1.8684 0.5703 0.6081 -5.2862 0.9419 61.1501 -6.5275 0.0582
Car -1 -1 -8.4997 759.9672 169.5513 834.7415 198.8065 1.5930 1.7385 4.6201 11.0375 0.9969 40.9669 -8.2368 0.0508
Pedestrian -1 -1 -4.8795 757.9153 140.2570 824.5556 292.0466 1.9110 0.7035 0.8972 2.3947 1.4047 9.3757 -4.6356 0.4426
Pedestrian -1 -1 -4.9623 1035.3959 133.4259 1083.2764 226.6835 1.8820 0.6336 0.8890 9.4400 0.9324 14.7890 -4.4021 0.4147
Cyclist -1 -1 -7.9575 292.9303 183.4691 305.8230 219.1326 1.6900 0.4156 1.6319 -14.9182 1.8382 34.4536 -8.3612 0.2400
Pedestrian -1 -1 -4.9600 238.2573 191.2305 255.4220 227.6040 1.4561 0.4946 0.6089 -14.6819 1.9013 28.9285 -5.4237 0.2335
Pedestrian -1 -1 -7.6363 1178.7406 138.8514 1218.6212 216.3115 1.6494 0.5989 0.3854 12.8912 0.7629 15.4100 -6.9480 0.2095
Pedestrian -1 -1 -4.4571 0.0000 210.6449 17.5095 269.1261 1.3622 0.4365 0.4948 -14.6162 2.1056 17.1128 -5.1534 0.1971
Pedestrian -1 -1 -3.2457 264.5387 190.4648 283.3005 224.8832 1.4969 0.5771 0.7012 -14.7400 1.9460 31.4256 -3.6789 0.1870
Pedestrian -1 -1 -8.0714 229.8207 172.1573 244.6851 206.3568 1.9769 0.6195 0.7850 -21.5295 1.4947 41.3706 -8.5464 0.1640
Cyclist -1 -1 -8.4497 1087.1418 136.8730 1166.1029 222.9399 1.6383 0.4104 1.6541 10.4506 0.8082 14.2912 -7.8271 0.1385
Cyclist -1 -1 -7.9192 312.4420 182.7001 323.1145 215.2475 1.6538 0.4155 1.6217 -14.9941 1.7711 36.8573 -8.3010 0.1273
Cyclist -1 -1 -5.8200 285.4473 181.0437 322.7937 217.6527 1.7464 0.6183 1.5451 -14.5245 1.7731 34.0997 -6.2177 0.1248
Cyclist -1 -1 -8.7483 1159.8635 134.9397 1223.0000 215.0117 1.6501 0.4510 1.5510 12.9599 0.7116 15.3758 -8.0564 0.1239
Pedestrian -1 -1 -3.6282 291.6195 186.6303 307.0378 218.2185 1.4915 0.4909 0.5085 -14.6648 1.7885 33.8743 -4.0318 0.1177
Pedestrian -1 -1 -6.1567 865.7675 143.9350 961.2520 308.3162 1.8519 0.5270 0.9932 3.6282 1.4404 8.4412 -5.7625 0.1129
Cyclist -1 -1 -4.6059 235.7914 185.1209 253.9283 228.2980 1.7227 0.4972 1.5696 -14.8931 1.9191 29.2073 -5.0715 0.1124
Cyclist -1 -1 -1.8327 46.1771 188.4544 88.8049 253.6022 1.7487 0.5682 1.6034 -15.1553 1.9807 19.8736 -2.4751 0.1124
Pedestrian -1 -1 -7.9188 1179.9323 139.6900 1220.8160 218.1215 1.6402 0.6311 0.5563 12.7390 0.7871 15.1959 -7.2296 0.1080
Pedestrian -1 -1 -4.3822 64.7641 208.0772 88.0198 254.4610 1.2462 0.3914 0.4440 -14.6797 2.0211 19.5886 -5.0161 0.1072
Pedestrian -1 -1 -7.4727 971.2221 140.6727 1079.4280 341.2959 1.7715 0.6159 0.8947 3.9679 1.4202 6.7635 -6.9605 0.0965
Cyclist -1 -1 -4.4046 1016.0705 121.2736 1223.0000 369.0000 1.7113 0.7533 1.9135 3.5716 1.3812 4.8288 -3.7966 0.0934
Cyclist -1 -1 -2.6270 224.7404 182.8385 268.3514 227.0156 1.8007 0.5966 1.5096 -14.8179 1.8985 29.1913 -3.0908 0.0931
Pedestrian -1 -1 -4.3564 312.6855 187.6412 326.9928 216.1548 1.4546 0.5213 0.5611 -14.7351 1.8263 36.4995 -4.7355 0.0881
Pedestrian -1 -1 -7.5248 924.5756 145.2834 1022.9199 336.9673 1.7680 0.6377 0.8668 3.6285 1.4436 7.0533 -7.0659 0.0853
Cyclist -1 -1 -8.6253 1175.5372 133.3310 1223.0000 212.9258 1.6461 0.4843 1.5214 13.2736 0.6709 15.3976 -7.9223 0.0841
Pedestrian -1 -1 -6.5012 838.7000 148.5341 936.1484 319.9922 1.7811 0.5886 0.8698 2.9956 1.4494 7.6973 -6.1420 0.0821
Pedestrian -1 -1 -6.9034 941.9482 135.1103 1110.1548 369.0000 1.7818 0.6497 0.8257 2.9721 1.4760 5.1429 -6.4036 0.0811
Pedestrian -1 -1 -3.1560 206.7540 182.5240 231.1680 230.9909 1.8139 0.6455 0.8096 -14.7609 1.8927 26.9806 -3.6501 0.0801
Pedestrian -1 -1 -4.0716 0.0000 208.6502 29.5362 268.2265 1.3923 0.4447 0.5623 -14.3983 2.0847 17.0911 -4.7612 0.0801
Cyclist -1 -1 -2.0909 22.5096 189.0911 86.4745 255.6663 1.7667 0.6490 1.6937 -15.2633 2.0122 19.5514 -2.7444 0.0766
Cyclist -1 -1 -8.0757 981.1204 109.4267 1108.9628 369.0000 1.9077 0.3370 1.7549 3.0584 1.4812 5.1365 -7.5633 0.0740
Pedestrian -1 -1 -3.5158 949.2031 151.7691 968.4084 210.1177 1.7042 0.4853 0.3524 10.4209 0.8653 20.9073 -3.0577 0.0737
Pedestrian -1 -1 -2.5126 69.8379 202.7479 101.1302 254.8740 1.4125 0.4733 0.5200 -14.4347 2.0369 19.5990 -3.1382 0.0717
Cyclist -1 -1 -3.9444 238.4569 181.2968 280.5579 226.9557 1.8439 0.5916 1.6524 -14.4017 1.8783 29.4610 -4.3933 0.0701
Cyclist -1 -1 -7.3117 0.0000 194.9711 51.1601 269.0560 1.7262 0.4660 1.6273 -14.6319 2.1047 17.6398 -7.9939 0.0694
Cyclist -1 -1 -3.7950 1165.6107 134.3035 1223.0000 212.8393 1.6753 0.5924 1.5271 13.1884 0.6902 15.4134 -3.0957 0.0691
Cyclist -1 -1 -2.5654 220.2261 183.8109 266.4951 228.3723 1.7835 0.6233 1.5958 -14.7272 1.9202 28.7542 -3.0327 0.0684
Pedestrian -1 -1 -3.8547 1131.8259 134.8214 1182.6482 226.6622 1.7165 0.5709 0.5164 10.4996 0.8631 13.5158 -3.2039 0.0674
Pedestrian -1 -1 -4.1769 882.5596 150.6561 979.4121 327.4721 1.7284 0.6025 0.8016 3.3513 1.4371 7.3899 -3.7652 0.0666
Pedestrian -1 -1 -6.1658 716.7242 158.8274 748.5485 221.8839 1.8927 0.5933 0.8966 3.8726 1.2425 21.6363 -5.9895 0.0657
Cyclist -1 -1 -8.1425 300.0857 181.1717 320.7825 215.4136 1.7365 0.5399 1.6843 -15.3193 1.7723 36.7133 -8.5331 0.0652
Cyclist -1 -1 -4.0691 291.1891 180.8559 325.1494 219.3359 1.8168 0.6204 1.6999 -14.4014 1.8346 34.2988 -4.4618 0.0639
Pedestrian -1 -1 -5.2318 1041.0753 189.4155 1195.2745 369.0000 1.4132 0.4828 0.5381 2.7768 1.4671 3.9504 -4.6537 0.0634
Cyclist -1 -1 -8.8834 1160.1698 137.4795 1223.0000 218.1313 1.5966 0.5127 1.6784 12.7074 0.7453 14.8740 -8.1852 0.0613
Cyclist -1 -1 -7.7585 0.0000 193.8572 21.2337 268.5096 1.7380 0.4602 1.6382 -14.9298 2.0853 17.5561 -8.4529 0.0604
Pedestrian -1 -1 -4.3219 999.6885 144.1519 1033.2150 210.5756 1.6595 0.5958 0.5006 10.4626 0.7517 18.0534 -3.8025 0.0604
Pedestrian -1 -1 -6.4810 918.0397 131.0972 1041.6168 313.0401 1.8741 0.5691 1.0896 3.9911 1.3657 7.7005 -6.0176 0.0598
Pedestrian -1 -1 -5.4086 984.2477 186.1440 1127.7057 369.0000 1.4242 0.5050 0.5973 2.8091 1.4635 4.5364 -4.8826 0.0593
Pedestrian -1 -1 -5.1370 1085.5994 145.1073 1223.0000 369.0000 1.6863 0.6353 0.7548 3.6189 1.4766 4.6321 -4.5044 0.0591
Pedestrian -1 -1 -4.0069 1142.1772 134.1340 1196.3308 228.7614 1.7207 0.5929 0.5222 10.4777 0.8780 13.2002 -3.3459 0.0579
Pedestrian -1 -1 -3.2726 1184.7747 128.6764 1223.0000 231.5376 1.7217 0.5356 0.6292 10.4260 0.8547 12.2295 -2.5777 0.0572
Cyclist -1 -1 -5.0514 1037.7833 137.3917 1103.7302 224.9282 1.7216 0.5746 1.7864 9.6873 0.8741 14.8411 -4.4810 0.0571
Pedestrian -1 -1 -1.7230 0.0000 196.3982 8.8153 270.6385 1.7183 0.5642 0.8019 -14.8610 2.1125 17.0438 -2.4294 0.0564
Pedestrian -1 -1 -7.5166 237.1482 176.7213 255.3289 212.1609 1.9044 0.6404 0.8326 -19.5173 1.7014 38.4471 -7.9814 0.0560
Cyclist -1 -1 -7.1434 313.5526 177.8507 344.3191 213.7179 1.8264 0.5680 1.6274 -14.3960 1.6916 36.8651 -7.5112 0.0556
Pedestrian -1 -1 -2.6874 288.6069 184.4918 303.4808 217.3791 1.5670 0.4950 0.4874 -14.8796 1.7607 34.0107 -3.0948 0.0553
Pedestrian -1 -1 -3.1017 709.1832 168.6982 736.9244 223.8680 1.7244 0.5985 0.8483 3.7216 1.3558 22.4779 -2.9382 0.0546
Cyclist -1 -1 -4.3324 576.1332 169.3590 587.7695 185.6484 1.5640 0.5649 1.6309 -2.2110 0.4942 68.7486 -4.3626 0.0529
Cyclist -1 -1 -7.8198 288.9188 181.5273 302.0528 219.4742 1.7467 0.5047 1.7453 -14.6770 1.7969 33.4987 -8.2277 0.0515
Cyclist -1 -1 -2.4234 285.2661 179.4295 323.2540 215.4570 1.8185 0.7579 1.7261 -15.4639 1.7646 36.3204 -2.8212 0.0514
Cyclist -1 -1 -8.8109 841.1817 141.8145 1152.2289 369.0000 1.6948 0.4592 1.6083 2.1321 1.5106 4.1888 -8.3677 0.0510
Pedestrian -1 -1 -5.6873 566.2410 169.4281 575.7299 188.0390 1.7676 0.5651 0.7113 -3.2276 0.7159 67.5786 -5.7331 0.0507
Pedestrian -1 -1 -7.0417 793.9964 158.2696 805.0406 180.4255 1.7402 0.6666 0.5288 15.4006 -0.0060 55.9551 -6.7728 0.0507
Cyclist -1 -1 -7.4505 66.7403 190.6653 113.7273 252.9377 1.6696 0.4554 1.6581 -14.6408 1.9712 20.0958 -8.0711 0.0504
Car -1 -1 -3.3660 754.9330 158.4174 811.9361 178.8715 1.5605 1.6788 4.0219 13.8429 -0.1287 54.9676 -3.1188 0.3978
Car -1 -1 -4.5703 560.4774 170.0412 582.0724 185.5852 1.4738 1.5823 3.7671 -3.2383 0.4820 68.9893 -4.6152 0.2633
Car -1 -1 -7.9350 143.1576 156.7144 172.4422 178.9830 1.7539 1.7186 4.1778 -36.8095 -0.1296 58.1771 -8.4947 0.1433
Car -1 -1 -4.2271 129.1110 189.1097 217.6191 225.1566 1.5173 1.6625 4.3738 -20.0605 1.9471 33.0535 -4.7668 0.1043
Car -1 -1 -4.8324 694.5214 173.1339 747.4349 214.9981 1.5161 1.5711 3.8053 4.4158 1.2496 27.5377 -4.6735 0.0903
Car -1 -1 -4.3351 459.3992 174.4646 496.3512 192.3667 1.5246 1.7285 4.3472 -11.1726 1.0105 62.5161 -4.5094 0.0869
Car -1 -1 -7.8913 292.0988 184.6539 327.8030 215.1311 1.5148 1.6261 4.1390 -15.8979 1.7510 37.9672 -8.2833 0.0780
Car -1 -1 -7.5814 246.8408 189.0852 304.0161 222.7689 1.4380 1.5368 3.4084 -15.2876 1.8596 32.9068 -8.0111 0.0674
Car -1 -1 -4.2377 218.2177 180.6148 281.6459 210.6400 1.6406 1.6641 3.8542 -20.3086 1.6476 40.5877 -4.6969 0.0550
Car -1 -1 -2.3163 142.8678 194.6303 255.5779 233.5499 1.4529 1.6805 4.0767 -16.5702 2.0581 28.8501 -2.8314 0.0508
