Pedestrian -1 -1 -4.3243 935.6967 171.8577 955.3606 218.5717 1.6624 0.5451 0.3665 12.0437 1.6266 26.0010 -3.8954 0.1052
Pedestrian -1 -1 -7.7790 1149.5411 172.2894 1202.4543 276.5897 1.5975 0.6259 0.6644 8.9733 1.5886 11.5075 -7.1297 0.0967
Pedestrian -1 -1 -3.4788 990.5497 162.5954 1035.6897 241.0199 1.8103 0.6222 0.7629 9.4481 1.5732 17.0243 -2.9801 0.0922
Pedestrian -1 -1 -5.3359 449.7723 170.6021 467.0402 207.0960 1.9615 0.6601 0.6565 -8.2837 1.8402 39.2474 -5.5430 0.0903
Pedestrian -1 -1 -8.1401 955.6531 153.0161 978.3086 203.6508 1.9214 0.6772 0.4498 13.6337 1.1683 27.6572 -7.6866 0.0903
Pedestrian -1 -1 -8.0372 808.7141 195.0596 890.2130 356.7610 1.4501 0.6402 0.5212 2.1976 1.6696 6.8466 -7.7406 0.0862
Car -1 -1 -4.3109 637.4659 170.5872 681.2573 194.9767 1.7520 1.7093 4.3755 3.7242 1.5889 54.1691 -4.2430 0.0641
Car -1 -1 -7.4779 360.0959 173.2309 431.0406 215.0318 1.6346 1.6239 3.5964 -8.9088 1.6510 30.1138 -7.7635 0.0627
Car -1 -1 -4.4196 304.7589 177.6537 388.5585 227.6972 1.5835 1.6255 4.1264 -9.1719 1.7657 25.3370 -4.7640 0.0568
Pedestrian -1 -1 -5.3786 469.9681 170.8976 485.0893 202.7456 1.9548 0.6172 0.7075 -8.2513 1.8344 44.7529 -5.5603 0.0554
Cyclist -1 -1 -8.1225 658.9623 176.7531 678.8256 214.2587 1.5254 0.4445 1.4977 2.4187 1.6929 30.2846 -8.0442 0.0544
Car -1 -1 -7.5736 1241.0000 135.3780 1241.0000 374.0000 1.5723 1.6058 3.9840 5.9347 1.4437 3.8808 -6.6164 0.0532
Car -1 -1 -4.0909 0.0000 210.3474 123.6152 374.0000 1.4099 1.5419 3.4746 -4.6358 1.7271 4.2665 -4.8867 0.0516
Pedestrian -1 -1 -5.7876 461.4994 170.6697 475.6222 203.1732 1.8787 0.5664 0.6126 -8.2808 1.7522 42.0665 -5.9812 0.0515
Car -1 -1 -8.3901 885.3439 176.3273 1101.5280 266.3062 1.4664 1.6518 4.3976 7.1682 1.5453 14.1896 -7.9313 0.0510
Cyclist -1 -1 -4.3406 0.0000 183.1124 173.4193 374.0000 1.6361 0.5487 1.6816 -4.0211 1.7273 5.5481 -4.9457 0.7000
Pedestrian -1 -1 -7.9241 676.6410 164.6152 700.3370 225.9102 1.8171 0.6396 1.0308 2.3266 1.5725 21.9157 -7.8205 0.2023
Cyclist -1 -1 -6.9562 879.8153 162.0738 939.9496 216.8359 1.7562 0.7184 1.7677 9.8122 1.4102 23.7332 -6.5690 0.1906
Pedestrian -1 -1 -4.7169 710.3260 160.2591 744.7584 263.8578 1.8380 0.6050 0.8847 2.1025 1.6143 13.2834 -4.5644 0.1463
Pedestrian -1 -1 -8.1049 980.3161 173.5204 1010.7433 238.8444 1.6311 0.5835 0.4538 9.7260 1.6479 18.3094 -7.6239 0.1393
Cyclist -1 -1 -7.9772 661.8632 174.8569 677.1788 213.7489 1.5998 0.4513 1.5694 2.4689 1.6865 30.5560 -7.8980 0.1189
Pedestrian -1 -1 -4.4553 799.0900 144.9344 851.1589 256.4609 1.9564 0.6983 0.9812 3.9074 1.4663 13.2575 -4.1755 0.1003
Pedestrian -1 -1 -8.3118 896.8683 156.0373 930.3015 215.7939 1.9112 0.6975 0.8494 9.8404 1.3730 23.5235 -7.9205 0.0975
Pedestrian -1 -1 -4.7613 730.1190 163.7990 770.8733 268.5179 1.7891 0.6602 0.8277 2.4216 1.6341 12.7813 -4.5794 0.0963
Pedestrian -1 -1 -4.1818 46.6621 178.4587 186.1230 374.0000 1.6615 0.6371 0.6630 -3.8380 1.7072 5.5734 -4.7634 0.0871
Pedestrian -1 -1 -6.1773 648.5457 171.1327 661.8456 198.7163 1.7241 0.6153 0.7769 2.8158 1.6162 45.4673 -6.1163 0.0863
Cyclist -1 -1 -5.0322 977.0748 172.9923 1016.2942 240.9438 1.6612 0.4487 1.4032 9.7745 1.6646 18.3708 -4.5506 0.0831
Pedestrian -1 -1 -6.5554 577.7701 174.0428 587.3184 193.7927 1.6865 0.5569 0.6957 -2.3857 1.7890 62.0297 -6.5940 0.0645
Pedestrian -1 -1 -8.4524 912.9626 162.2895 940.4394 217.8328 1.8637 0.6437 0.5740 10.7255 1.5089 24.5529 -8.0454 0.0597
Cyclist -1 -1 -5.0368 964.2867 175.4627 1005.1110 242.2874 1.6403 0.4575 1.5186 9.5635 1.7099 18.5565 -4.5681 0.0502
Car -1 -1 -8.0957 740.9551 174.9564 992.0191 348.8346 1.5681 1.6682 4.3638 2.6776 1.5998 8.7769 -7.8102 0.9516
Car -1 -1 -2.8039 238.5070 173.4088 438.8807 257.8877 1.7705 1.6827 3.8154 -5.9483 1.7832 16.0002 -3.1550 0.8445
Car -1 -1 -4.7039 546.9394 175.1343 570.6874 198.5441 1.6412 1.6756 3.9852 -3.7753 1.8149 53.0233 -4.7750 0.7079
Car -1 -1 -7.9034 648.1204 172.3587 676.1556 197.9173 1.6062 1.6341 3.8174 3.3449 1.5747 47.2684 -7.8336 0.5294
Car -1 -1 -7.7492 580.1448 173.9627 603.8984 192.8556 1.6080 1.6945 3.9541 -1.5789 1.7087 63.6894 -7.7742 0.3812
Car -1 -1 -4.9231 657.1015 170.0161 711.9042 212.0043 1.7153 1.6148 3.7081 3.1337 1.5990 31.4090 -4.8252 0.3780
Car -1 -1 -7.9514 664.8000 164.1899 733.2809 225.4387 1.8423 1.7746 4.7331 2.8117 1.5814 24.0846 -7.8373 0.2350
Car -1 -1 -8.0336 629.9669 172.9112 657.6929 191.7702 1.5383 1.6111 4.1971 2.7999 1.5430 61.0553 -7.9884 0.0749
Car -1 -1 -4.5499 525.2411 175.7595 560.4562 200.7873 1.5364 1.6596 3.9369 -4.3412 1.7326 46.7848 -4.6424 0.0672
