Pedestrian -1 -1 -3.7561 43.5827 190.5377 122.4396 331.9436 1.6511 0.5477 0.5741 -6.5302 1.8773 8.8768 -4.3764 0.2169
Pedestrian -1 -1 -4.6105 762.2393 140.6190 807.7914 264.8682 1.9577 0.6494 0.9198 2.8442 1.4495 11.9090 -4.3826 0.1077
Pedestrian -1 -1 -2.7010 416.4521 171.7178 441.9421 221.1019 2.0061 0.5994 0.8423 -7.4790 1.9596 29.6858 -2.9462 0.1058
Pedestrian -1 -1 -8.4386 677.1510 169.9140 691.6610 200.4655 1.9274 0.6959 0.6135 4.7036 1.7416 45.9534 -8.3377 0.0908
Pedestrian -1 -1 -3.9792 1154.9464 149.6645 1217.1394 253.7386 1.7883 0.5493 0.6740 10.0982 1.3895 12.7282 -3.3201 0.0823
Pedestrian -1 -1 -6.3246 618.5765 175.3640 625.7911 195.6625 1.7629 0.6132 0.6046 1.0396 1.9830 63.0560 -6.3086 0.0803
Pedestrian -1 -1 -3.0569 1043.0232 145.9145 1070.4363 219.0994 1.9925 0.5790 0.6057 12.3692 1.2588 20.0570 -2.5111 0.0761
Car -1 -1 -7.6822 631.1199 175.8631 657.9479 196.4242 1.7704 1.7407 4.1026 3.1203 2.0501 64.9595 -7.6348 0.0714
Pedestrian -1 -1 -4.8117 258.5902 171.4656 291.4609 255.0734 1.9016 0.6124 0.9499 -7.9383 1.8697 16.9752 -5.2436 0.0706
Pedestrian -1 -1 -4.9256 746.8226 181.4329 762.4479 220.6749 1.3641 0.4493 0.4663 5.0469 1.6689 25.4224 -4.7325 0.0639
Pedestrian -1 -1 -4.8614 719.9050 168.4243 736.9264 210.9823 1.8963 0.6367 0.8464 5.2991 1.6986 32.5767 -4.7021 0.0610
Car -1 -1 -4.8585 514.6279 178.5482 554.6990 210.1452 1.6476 1.6529 4.1105 -4.3272 1.9851 40.6115 -4.9644 0.0603
Car -1 -1 -7.9356 707.1136 180.0933 758.6658 220.8732 1.4184 1.6054 4.2414 4.6541 1.7213 28.0477 -7.7735 0.0597
Pedestrian -1 -1 -8.0314 817.1099 160.6704 845.9503 226.0764 1.8260 0.6764 0.6433 6.2376 1.4855 20.5012 -7.7407 0.0573
Pedestrian -1 -1 -5.5659 436.2664 177.2918 457.2836 218.2906 1.8475 0.6750 0.6580 -7.5201 2.0534 33.0663 -5.7883 0.0522
Car -1 -1 -5.6585 0.0000 201.0480 233.8728 374.0000 1.4925 1.6922 4.3683 -5.0713 1.7186 4.5625 -6.4676 0.0519
Cyclist -1 -1 -7.7449 746.9255 175.5473 764.1434 221.0330 1.6070 0.4507 1.6332 5.2952 1.7086 26.4389 -7.5500 0.4815
Pedestrian -1 -1 -4.2023 113.4694 180.1955 187.5606 325.0628 1.7334 0.5607 0.5850 -5.7532 1.8275 8.9699 -4.7596 0.3539
Pedestrian -1 -1 -5.6378 445.2907 183.3185 458.2363 215.9281 1.6534 0.4902 0.4450 -8.1749 2.1957 37.1017 -5.8536 0.2529
Cyclist -1 -1 -2.8522 704.1760 175.2335 735.6299 207.5944 1.8143 0.6962 1.6464 6.2400 1.9521 41.2145 -2.7036 0.2251
Cyclist -1 -1 -7.6632 751.6460 171.4836 774.0777 219.1969 1.7038 0.5043 1.7011 5.6101 1.6545 26.6468 -7.4585 0.2241
Cyclist -1 -1 -4.5574 249.2906 180.7410 283.9109 258.9784 1.7331 0.4879 1.6126 -8.1202 1.9278 16.9956 -4.9975 0.1913
Cyclist -1 -1 -7.9599 741.2203 173.3752 757.7687 220.0882 1.6662 0.4189 1.6424 5.0852 1.6857 26.5902 -7.7737 0.1863
Cyclist -1 -1 -4.6907 558.3297 177.4614 566.8304 203.1565 1.7140 0.5441 1.7720 -3.2700 2.0346 49.3497 -4.7570 0.1319
Pedestrian -1 -1 -7.8359 762.5363 167.1948 780.2245 217.2789 1.8183 0.6272 0.8396 5.9248 1.6126 26.6767 -7.6203 0.1039
Cyclist -1 -1 -2.7049 0.0000 172.1620 194.0809 333.8669 1.8660 0.6268 1.9985 -6.3408 1.8577 8.8073 -3.3149 0.1028
Pedestrian -1 -1 -4.4117 570.4523 175.1958 581.2015 202.4031 1.8597 0.5374 0.7738 -2.3898 2.0226 49.8375 -4.4598 0.0988
Pedestrian -1 -1 -5.7871 557.8279 175.2039 571.9581 202.9035 1.8784 0.5109 0.8216 -3.1199 2.0403 49.4034 -5.8503 0.0957
Cyclist -1 -1 -4.4340 257.7949 176.8583 303.4867 254.9733 1.7574 0.5388 1.7018 -7.8768 1.8574 17.2038 -4.8580 0.0774
Pedestrian -1 -1 -7.9946 797.7219 180.8522 863.0348 335.3974 1.5278 0.5648 0.5579 2.2128 1.6139 7.4800 -7.7191 0.0619
Pedestrian -1 -1 -8.6071 834.8939 166.6931 872.2665 232.0527 1.7581 0.6798 0.6997 6.6529 1.5921 19.8690 -8.2891 0.0577
Cyclist -1 -1 -7.5464 240.1985 186.7287 287.7240 265.8388 1.6495 0.4601 1.7166 -7.8095 1.9784 16.2355 -7.9889 0.0543
Pedestrian -1 -1 -4.2710 52.7976 182.8956 133.6981 327.4200 1.6671 0.5516 0.6934 -6.3123 1.7942 8.7649 -4.8811 0.0515
Cyclist -1 -1 -7.9668 851.3319 168.4654 877.3622 232.6861 1.6743 0.4752 1.6230 6.8629 1.5595 19.6544 -7.6361 0.0511
Car -1 -1 -7.9749 661.2258 175.6839 721.5616 226.6119 1.5889 1.6065 3.4003 2.6362 1.6911 24.4138 -7.8694 0.9715
Car -1 -1 -7.5482 290.3164 180.6479 446.3949 282.0062 1.6365 1.6818 4.0363 -4.5171 1.8090 13.9801 -7.8560 0.9534
Car -1 -1 -8.1428 745.6013 182.8981 967.4958 335.9908 1.4726 1.5612 3.3688 2.7079 1.6190 8.8482 -7.8563 0.9393
Car -1 -1 -4.5113 450.2214 183.6307 512.6539 227.9458 1.5382 1.6495 3.7730 -4.9324 1.9829 27.8817 -4.6854 0.9142
Car -1 -1 -7.1722 0.0000 212.6255 238.2470 374.0000 1.4330 1.6816 4.2350 -4.2583 1.8018 4.5445 -7.8963 0.8198
Car -1 -1 -4.6233 507.3953 181.1920 540.7341 209.4221 1.5838 1.6525 4.0752 -5.1995 2.1130 43.7582 -4.7414 0.7373
Car -1 -1 -8.1230 783.9160 176.8862 876.6929 233.8919 1.4704 1.5794 3.7206 6.1651 1.5965 20.7483 -7.8387 0.2124
Car -1 -1 -7.7007 632.6616 175.4765 657.2547 195.3784 1.7142 1.6671 3.6417 3.1352 1.9558 64.6109 -7.6529 0.2003
Car -1 -1 -4.7275 540.7413 180.8886 559.7938 198.9722 1.4708 1.5810 3.9857 -5.2296 2.1903 62.5774 -4.8110 0.1596
Car -1 -1 -4.0725 103.9825 190.6786 290.7584 272.2729 1.4854 1.6304 3.7761 -8.9638 1.9288 15.9812 -4.5770 0.1533
Car -1 -1 -6.3833 709.2802 176.7174 780.6913 203.8225 1.5232 1.6487 3.9163 7.7365 1.7521 41.8087 -6.2021 0.1285
Car -1 -1 -4.4820 476.5583 182.6394 524.0067 212.9153 1.4884 1.6349 4.1120 -5.8967 2.0451 38.9550 -4.6317 0.1070
Car -1 -1 -5.0107 731.3179 177.8718 797.8153 216.3394 1.4635 1.5814 3.9858 6.3046 1.6865 30.0462 -4.8064 0.0606
Car -1 -1 -2.7347 730.9949 177.4324 825.6595 213.5935 1.5167 1.6063 3.8274 7.5059 1.7338 32.4911 -2.5102 0.0566
Car -1 -1 -8.2802 736.3071 177.1300 859.1470 241.9171 1.4709 1.5673 3.9005 4.6678 1.5938 18.7155 -8.0402 0.0537
