Pedestrian -1 -1 -7.7052 389.2376 164.3225 410.6165 217.6304 1.8479 0.6282 0.6812 -7.4338 1.5519 25.3917 -7.9876 0.1354
Pedestrian -1 -1 -7.5237 725.5605 161.7817 751.3537 217.4127 1.8811 0.7169 0.6092 4.3766 1.5064 24.8374 -7.3519 0.1056
Pedestrian -1 -1 -2.2626 295.0030 167.6964 337.4180 245.1357 1.6829 0.5847 0.6687 -6.6033 1.5705 16.0961 -2.6466 0.0991
Pedestrian -1 -1 -4.3109 723.3755 160.1095 739.3231 194.5568 1.9429 0.6402 0.7935 6.8944 1.2238 41.2031 -4.1466 0.0766
Pedestrian -1 -1 -5.9785 301.2458 160.9850 336.3042 231.2792 1.7809 0.6293 0.6809 -7.5580 1.4799 18.6202 -6.3595 0.0760
Car -1 -1 -4.7451 683.6271 171.6230 707.1385 193.0143 1.5834 1.6568 3.8904 6.4967 1.4920 55.4167 -4.6293 0.0715
Pedestrian -1 -1 -3.6854 963.4876 169.9146 1022.4355 279.8441 1.7192 0.6241 0.5979 6.0988 1.6729 11.6168 -3.2132 0.0675
Pedestrian -1 -1 -2.1049 363.6594 170.5542 384.0905 222.3655 1.6397 0.5354 0.3184 -7.6197 1.5666 23.1411 -2.4200 0.0654
Cyclist -1 -1 -2.9260 445.4772 164.1803 484.0680 202.4815 1.8263 0.6162 1.7294 -7.0229 1.4124 34.7274 -3.1244 0.0631
Car -1 -1 -7.1560 527.3290 169.7363 584.8764 195.0950 1.6896 1.6719 4.2301 -3.7382 1.4815 50.2782 -7.2301 0.0603
Pedestrian -1 -1 -6.3015 40.0574 151.8296 70.9158 262.1481 1.7704 0.5282 0.3970 -9.2088 1.4327 11.9098 -6.9490 0.0580
Pedestrian -1 -1 -5.4893 907.6571 131.2788 1030.9061 334.3583 1.9948 0.6440 1.0082 3.7304 1.5862 7.6703 -5.0527 0.0561
Pedestrian -1 -1 -6.1356 507.1345 165.5063 519.4201 194.1884 1.9323 0.5875 0.7476 -6.5862 1.4370 48.9094 -6.2691 0.0536
Pedestrian -1 -1 -3.2502 665.4963 166.5339 683.1962 209.9288 1.8788 0.5527 0.7129 2.7650 1.6049 31.5234 -3.1641 0.0503
Pedestrian -1 -1 -3.1926 363.3507 164.5016 366.9890 196.7150 1.8252 0.4224 0.1752 -13.9869 1.3516 41.1102 -3.5188 0.2005
Cyclist -1 -1 -2.8796 340.5011 171.3775 385.7825 214.3048 1.8066 0.6964 1.7050 -10.5581 1.7442 30.7705 -3.2079 0.1786
Cyclist -1 -1 -3.8911 642.9560 169.6216 666.3123 198.6336 1.7578 0.6091 1.3941 2.7147 1.5617 44.3964 -3.8309 0.1623
Pedestrian -1 -1 -7.5070 467.0689 167.4666 484.5938 205.3977 1.8074 0.6508 0.6415 -6.4996 1.5504 34.7511 -7.6909 0.1502
Cyclist -1 -1 -4.4304 642.7767 172.1575 656.4611 199.5039 1.6647 0.4663 1.4404 2.4242 1.6220 44.6806 -4.3770 0.1407
Pedestrian -1 -1 -3.2743 1164.3470 130.8804 1241.0000 342.2062 1.9619 0.5726 0.8357 6.0068 1.5719 7.1598 -2.5971 0.1026
Pedestrian -1 -1 -3.6238 982.4240 159.5883 1051.8953 286.9514 1.8415 0.5637 0.7160 5.9796 1.6494 10.7196 -3.1275 0.0995
Cyclist -1 -1 -7.6353 575.8085 172.1517 584.5781 193.2664 1.6255 0.3628 1.5285 -2.3504 1.5711 56.3305 -7.6771 0.0958
Pedestrian -1 -1 -4.6762 806.9894 146.9344 870.0675 336.6057 1.8959 0.6092 0.9491 2.4044 1.6365 7.7591 -4.3878 0.0939
Pedestrian -1 -1 -7.5323 371.7493 170.7636 389.7242 214.2223 1.8306 0.5894 0.5342 -9.7837 1.7423 30.6649 -7.8391 0.0838
Pedestrian -1 -1 -3.4034 1019.7202 156.9290 1084.6321 293.4532 1.8145 0.5843 0.6257 6.0277 1.6025 9.9542 -2.8728 0.0812
Pedestrian -1 -1 -5.2802 936.1404 145.3460 1034.3065 332.0373 1.8782 0.5627 0.8280 3.9221 1.6012 7.7022 -4.8256 0.0795
Cyclist -1 -1 -6.5471 646.3954 169.5569 674.8298 198.0829 1.7250 0.6501 1.6199 3.0555 1.5253 44.1076 -6.4789 0.0777
Pedestrian -1 -1 -3.4521 1032.2559 158.1472 1100.4260 298.5619 1.8168 0.5334 0.6329 6.0430 1.6262 9.6687 -2.9080 0.0748
Pedestrian -1 -1 -5.0726 861.6033 152.0746 959.0649 335.7988 1.8054 0.6407 0.9269 3.0564 1.6009 7.5567 -4.7029 0.0708
Pedestrian -1 -1 -8.2594 353.9618 163.1179 366.3700 197.3349 1.9245 0.5614 0.3780 -14.2023 1.3766 40.9109 -8.5917 0.0695
Pedestrian -1 -1 -5.3751 56.6659 157.4284 158.1272 313.5244 1.7433 0.5614 0.8733 -5.9399 1.5708 8.4590 -5.9729 0.0693
Pedestrian -1 -1 -3.8679 961.9904 169.5580 1021.3879 279.8658 1.7205 0.6190 0.5799 6.0860 1.6688 11.6266 -3.3969 0.0682
Pedestrian -1 -1 -3.7128 1124.3330 146.3877 1233.1521 323.6522 1.8338 0.5868 0.7153 6.0529 1.5597 7.7823 -3.0707 0.0666
Pedestrian -1 -1 -3.7503 643.6019 169.9328 654.9425 199.1122 1.7719 0.4750 0.5132 2.3674 1.5942 44.1515 -3.6976 0.0653
Pedestrian -1 -1 -7.9706 351.5111 173.1276 369.5809 215.1626 1.7708 0.6769 0.4828 -10.6808 1.7823 30.7658 -8.3024 0.0652
Pedestrian -1 -1 -6.1000 131.5017 159.1959 183.0294 284.3043 1.7328 0.5630 0.5291 -6.5381 1.5433 10.3514 -6.6521 0.0601
Pedestrian -1 -1 -3.4474 999.0659 157.4209 1067.6206 290.1250 1.8395 0.5670 0.7040 6.0009 1.6253 10.3513 -2.9352 0.0596
Pedestrian -1 -1 -1.9647 140.5072 158.8066 208.5144 295.8724 1.7597 0.5066 0.8347 -5.9225 1.5790 9.7158 -2.5004 0.0560
Car -1 -1 -8.0309 676.9623 179.6200 752.3487 231.2427 1.3673 1.5633 3.6885 2.9717 1.5860 21.4780 -7.8960 0.9498
Car -1 -1 -4.5734 408.9478 175.0495 509.4039 257.3766 1.5291 1.5760 3.7132 -3.1402 1.5815 15.4031 -4.7719 0.9141
Car -1 -1 -4.6318 495.9559 176.8146 545.2856 216.4472 1.4022 1.5765 4.0203 -3.4410 1.5667 27.9775 -4.7536 0.8264
Car -1 -1 -8.5843 934.4933 186.8038 1241.0000 374.0000 1.5232 1.6133 3.7256 3.0662 1.6217 3.2361 -7.8712 0.8261
Car -1 -1 -4.8934 643.4899 176.1089 689.6208 207.0121 1.4623 1.6170 4.0622 2.7744 1.6370 36.6921 -4.8191 0.7885
Car -1 -1 -4.5432 523.9774 171.2743 567.5546 205.7016 1.6389 1.5998 3.5669 -3.2101 1.5634 36.1899 -4.6315 0.7182
Car -1 -1 -4.4009 542.2924 170.1798 588.7897 199.0466 1.7382 1.7419 4.1811 -2.7912 1.5769 45.6894 -4.4620 0.2137
Car -1 -1 -4.5071 557.8100 170.9096 587.4724 192.0557 1.6136 1.5974 3.8322 -2.9460 1.4649 57.0734 -4.5588 0.1566
Car -1 -1 -4.8933 631.3548 172.8962 660.1944 193.3187 1.5289 1.5424 3.9635 2.7160 1.5320 56.0918 -4.8456 0.1387
Car -1 -1 -7.6563 644.3555 174.7771 681.1920 199.1221 1.4527 1.5805 3.9250 3.3355 1.5792 45.4881 -7.5840 0.1291
Car -1 -1 -2.9861 404.4408 172.2119 488.1980 205.6707 1.5966 1.6633 3.7934 -8.0123 1.5657 35.3855 -3.2075 0.1091
