Pedestrian -1 -1 -5.8639 592.3199 166.8791 605.7931 192.9356 1.7793 0.5770 0.7602 -0.1527 0.7809 49.4689 -5.8719 0.1454
Pedestrian -1 -1 -3.6768 568.0089 164.7377 580.4423 191.4903 1.8332 0.5491 0.6717 -1.8702 0.6846 49.6365 -3.7191 0.1408
Cyclist -1 -1 -4.1938 230.8810 178.1016 287.2812 255.1045 1.6595 0.4431 1.5536 -7.7638 1.5869 16.2723 -4.6382 0.1080
Car -1 -1 -7.9580 713.4166 159.6119 741.8141 184.5835 1.8127 1.6918 3.8202 9.4819 0.2238 54.1045 -7.7901 0.1000
Cyclist -1 -1 -7.8131 204.4440 175.3465 231.6534 254.8449 1.7041 0.4775 1.6594 -8.6944 1.5727 16.2488 -8.3032 0.0844
Pedestrian -1 -1 -6.2091 605.3817 168.0918 614.8718 193.7364 1.7494 0.5998 0.6124 0.6085 0.8347 49.3275 -6.2018 0.0800
Cyclist -1 -1 -7.5026 332.0940 163.6056 370.4916 229.5264 1.7234 0.4382 1.6970 -6.8469 1.2561 19.6312 -7.8392 0.0755
Pedestrian -1 -1 -3.5369 574.3383 163.2685 587.6780 190.1523 1.8857 0.5280 0.8002 -1.4331 0.6069 50.7933 -3.5698 0.0565
Car -1 -1 -8.1576 541.7821 155.0193 577.2160 180.8767 2.1821 1.8078 4.5605 -3.7037 -0.0572 63.1943 -8.2207 0.0515
Pedestrian -1 -1 -4.4603 496.9782 160.1010 565.5941 301.4966 1.8100 0.7150 0.9514 -0.9769 1.5367 9.7187 -4.5638 0.8083
Pedestrian -1 -1 -6.1274 906.0109 128.7043 1093.3372 373.0000 1.8166 0.6520 0.9484 2.4161 1.5293 4.4608 -5.6612 0.7845
Pedestrian -1 -1 -7.5002 842.1149 149.4404 941.2542 344.0321 1.7686 0.6586 0.8714 2.8145 1.4780 7.0739 -7.1399 0.7714
Pedestrian -1 -1 -6.2190 520.1109 160.2753 569.2211 253.0724 1.8010 0.5819 0.9394 -1.1565 1.3897 14.2420 -6.3040 0.6486
Pedestrian -1 -1 -3.8938 697.6060 166.5777 730.5718 217.2092 1.6680 0.6834 0.8635 3.7664 1.1769 24.1918 -3.7461 0.6376
Pedestrian -1 -1 -4.9142 750.4711 161.6307 771.7406 209.3991 1.8059 0.6433 0.7979 6.0978 1.0551 27.5580 -4.7035 0.5992
Cyclist -1 -1 -4.4244 565.6654 174.9948 587.4230 213.9662 1.5284 0.4824 1.4876 -1.0130 1.2737 28.9531 -4.4642 0.5685
Pedestrian -1 -1 -3.4170 527.1023 161.2878 578.4391 249.1956 1.7876 0.5797 0.9482 -1.0630 1.3772 15.0424 -3.4918 0.5037
Pedestrian -1 -1 -4.7125 694.7628 162.3457 710.0836 208.5454 1.7891 0.5883 0.7787 3.9459 1.0477 28.2429 -4.5801 0.3756
Pedestrian -1 -1 -8.2550 909.4695 171.7095 961.2461 284.2323 1.5618 0.4834 0.5586 4.7090 1.4266 10.2530 -7.8396 0.3503
Pedestrian -1 -1 -4.7319 1042.0476 171.7540 1113.2009 351.7738 1.5816 0.5227 0.6100 4.3742 1.4967 6.7069 -4.1774 0.2652
Pedestrian -1 -1 -6.8824 1115.4473 186.0869 1237.0000 373.0000 1.5101 0.5961 0.7517 4.7267 1.5502 5.8596 -6.2309 0.2099
Pedestrian -1 -1 -5.0709 259.4691 165.2538 307.8084 277.1585 1.8084 0.5681 0.5910 -5.3618 1.5465 12.0182 -5.4881 0.1956
Pedestrian -1 -1 -8.0673 768.9182 162.7399 788.6719 209.3715 1.7519 0.5796 0.7471 6.7296 1.0475 27.3666 -7.8335 0.1631
Pedestrian -1 -1 -7.7735 741.5502 166.6891 754.2382 193.9483 1.6835 0.7361 0.5438 9.1235 0.7689 44.7252 -7.5784 0.1591
Pedestrian -1 -1 -3.6885 973.5853 149.8071 1038.6781 274.0836 1.8431 0.5781 0.6569 6.1162 1.3737 10.9597 -3.1950 0.1586
Cyclist -1 -1 -8.2208 890.8408 151.2402 952.3812 245.2321 1.7003 0.4727 1.7202 6.0997 1.1535 13.8622 -7.8185 0.1544
Pedestrian -1 -1 -3.5226 1120.1001 127.3633 1237.0000 321.0261 1.8737 0.6157 0.9898 5.9825 1.3506 7.3815 -2.8641 0.1517
Pedestrian -1 -1 -1.8914 0.0000 160.3510 72.8064 345.2225 1.8175 0.5250 0.9588 -6.1161 1.6103 7.5443 -2.5616 0.1445
Cyclist -1 -1 -4.3200 1022.5075 182.2907 1171.0460 365.4117 1.4779 0.5987 1.5272 4.4368 1.4865 6.4824 -3.7441 0.1265
Cyclist -1 -1 -7.8508 693.9501 166.2759 705.7239 203.1231 1.6508 0.5231 1.7750 4.5152 0.9690 33.0959 -7.7213 0.1251
Pedestrian -1 -1 -5.7778 286.7949 169.9211 334.6996 272.0420 1.7411 0.5728 0.5718 -5.1204 1.5443 12.5660 -6.1631 0.1116
Pedestrian -1 -1 -4.0773 789.7372 164.9237 816.0598 215.1716 1.6362 0.5349 0.6943 6.6522 1.0969 23.8159 -3.8129 0.0874
Cyclist -1 -1 -7.6870 699.0864 164.4501 719.8246 204.2229 1.7370 0.6675 1.6512 4.8461 0.9927 32.2606 -7.5441 0.0858
Pedestrian -1 -1 -5.8890 122.8417 166.1760 216.9320 306.7979 1.7738 0.5146 0.9271 -5.6632 1.5811 9.3813 -6.4257 0.0842
Pedestrian -1 -1 -4.8897 954.8993 133.5713 1006.9293 255.2694 1.9816 0.6203 0.8874 6.3879 1.2018 12.2108 -4.4217 0.0785
Pedestrian -1 -1 -3.9574 987.1800 156.2517 1044.0323 275.2404 1.7160 0.5656 0.4676 6.1155 1.3525 10.7006 -3.4540 0.0764
Cyclist -1 -1 -2.4455 139.0504 134.6771 191.3954 181.5337 1.8013 0.6590 1.7277 -17.0593 0.0017 28.0696 -2.9921 0.0759
Cyclist -1 -1 -4.1811 235.8447 172.8038 326.7740 281.2554 1.6720 0.5783 1.7458 -5.3283 1.5386 11.9748 -4.5973 0.0752
Pedestrian -1 -1 -5.0865 273.1892 173.0405 319.4940 278.2436 1.7428 0.5610 0.5669 -5.2679 1.6033 12.2991 -5.4892 0.0747
Cyclist -1 -1 -7.8740 764.3932 164.1168 777.7806 207.9686 1.6820 0.4668 1.6490 6.6804 1.0156 28.4071 -7.6501 0.0747
Cyclist -1 -1 -4.7509 908.2578 168.5977 953.9431 285.5526 1.5579 0.5059 1.5858 4.6993 1.3867 10.3992 -4.3414 0.0681
Pedestrian -1 -1 -4.3720 1006.5651 140.6972 1071.8989 276.9362 1.8811 0.6049 0.7383 6.2845 1.3184 10.3878 -3.8444 0.0678
Pedestrian -1 -1 -6.9022 1033.2599 143.9804 1115.2919 284.1522 1.8311 0.4922 0.7809 6.2933 1.3417 9.6527 -6.3422 0.0671
Pedestrian -1 -1 -5.4409 1024.4323 214.6647 1104.1080 353.6327 1.1898 0.4561 0.3997 4.1288 1.5018 6.5027 -4.8989 0.0659
Cyclist -1 -1 -7.3444 181.8563 135.5122 217.5018 180.2133 1.7013 0.4454 1.7171 -15.7983 -0.0518 28.2480 -7.8550 0.0654
Pedestrian -1 -1 -5.6561 674.1621 163.6134 689.3912 193.1718 1.8098 0.5603 0.7503 4.9729 0.7147 44.4418 -5.5502 0.0652
Cyclist -1 -1 -7.8211 1118.5386 159.1628 1204.3966 373.0000 1.6999 0.5127 1.7222 4.7100 1.5363 6.1223 -7.1915 0.0635
Cyclist -1 -1 -2.5103 164.7183 133.9281 217.5570 181.4055 1.8248 0.6728 1.7270 -16.0292 -0.0034 28.0418 -3.0302 0.0624
Pedestrian -1 -1 -7.9740 19.4491 160.6001 94.4456 341.1304 1.8228 0.5454 0.9144 -5.9491 1.6125 7.7720 -8.6171 0.0620
Cyclist -1 -1 -7.6607 613.4798 167.8759 619.9417 186.1299 1.6171 0.3169 1.4358 1.4036 0.4099 64.3698 -7.6439 0.0596
Pedestrian -1 -1 -6.6772 817.8548 161.9353 848.4059 216.8315 1.7021 0.5297 0.7665 7.2463 1.0959 22.5714 -6.3750 0.0570
Pedestrian -1 -1 -5.3694 1105.3287 223.7402 1202.1178 373.0000 1.1813 0.4348 0.4599 4.4564 1.5421 5.8851 -4.7481 0.0548
Cyclist -1 -1 -5.6272 147.5371 133.4463 200.1040 180.0383 1.7721 0.5901 1.7471 -16.5298 -0.0569 27.7432 -6.1650 0.0544
Cyclist -1 -1 -7.7396 611.5229 167.1556 617.4540 185.7218 1.6412 0.3646 1.5539 1.2031 0.3730 64.2931 -7.7258 0.0526
Pedestrian -1 -1 -3.4127 1060.0931 140.1630 1150.4409 290.8131 1.8264 0.4786 0.8292 6.2871 1.3260 9.0653 -2.8251 0.0517
Cyclist -1 -1 -2.7983 468.6566 156.7877 588.8808 297.7647 1.8347 0.4025 1.5751 -1.0308 1.5138 9.7276 -2.9070 0.0510
Cyclist -1 -1 -7.7583 1022.2312 167.4539 1105.2483 364.5023 1.6417 0.5448 1.7483 4.3861 1.5254 6.8478 -7.2115 0.0509
Pedestrian -1 -1 -7.2600 410.0190 182.8963 474.7421 311.5710 1.5718 0.5911 0.5654 -2.0683 1.5909 9.1532 -7.4822 0.0502
Car -1 -1 -7.9661 687.3943 172.3596 728.0739 204.2454 1.4167 1.4932 3.2915 4.9093 1.0109 33.5823 -7.8271 0.5375
Car -1 -1 -4.3824 312.6813 138.9762 530.7093 301.7716 1.9620 1.8080 4.4495 -2.4691 1.4502 10.9665 -4.6045 0.5083
Car -1 -1 -7.9845 671.1824 164.4002 706.0298 190.6745 1.6178 1.6745 4.1397 5.5758 0.5650 46.3130 -7.8703 0.3490
Car -1 -1 -7.6666 600.0548 166.6917 625.4218 184.0862 1.5333 1.5895 4.1421 1.0973 0.2277 65.5091 -7.6548 0.2243
Car -1 -1 -7.2057 148.0535 132.6352 255.7634 177.4155 1.6691 1.7025 4.1163 -16.1876 -0.1787 29.3285 -7.7109 0.2041
Car -1 -1 -4.5374 477.3632 157.7292 573.7267 243.0952 1.8648 1.6677 4.2577 -1.7859 1.3461 17.8748 -4.6408 0.1707
Car -1 -1 -4.7047 538.9478 175.4564 578.3057 210.5405 1.3923 1.5617 3.8877 -1.8311 1.1528 30.4928 -4.7692 0.1594
Car -1 -1 -4.9121 675.8387 167.5101 721.2341 197.4083 1.5902 1.6831 4.2617 5.3918 0.8463 40.3930 -4.7852 0.1516
Car -1 -1 -5.2342 1020.7029 179.9034 1237.0000 303.5159 1.3974 1.6153 3.9463 7.6783 1.3800 10.1688 -4.6051 0.0981
Car -1 -1 -8.0004 660.1015 170.0669 687.3262 190.9677 1.6456 1.6112 4.0427 5.8839 0.7453 58.6164 -7.9057 0.0979
Car -1 -1 -6.7647 683.1891 168.4089 769.4726 199.0028 1.5162 1.6560 4.0807 6.4197 0.8677 37.0217 -6.5992 0.0847
Car -1 -1 -4.6230 731.5646 165.7644 760.4879 190.2138 1.5150 1.5390 3.6274 9.3898 0.5400 46.4681 -4.4296 0.0706
Car -1 -1 -4.4284 508.6518 174.5402 581.3378 218.2187 1.4180 1.5665 3.7949 -1.9298 1.1925 25.3364 -4.5088 0.0624
Car -1 -1 -7.3153 199.2763 134.0245 295.7494 178.0439 1.6400 1.6862 4.0275 -14.2595 -0.1500 29.1661 -7.7711 0.0504
