Pedestrian -1 -1 -5.3212 230.8770 167.7872 273.6909 262.9469 1.7096 0.6043 0.3712 -6.6510 1.6183 13.3169 -5.7768 0.1260
Pedestrian -1 -1 -2.6739 708.2356 171.2134 719.2885 193.0166 1.8551 0.4353 0.8300 8.8634 1.7152 61.8069 -2.5325 0.1087
Pedestrian -1 -1 -6.2546 784.5701 173.7040 791.6459 200.3755 1.9436 0.7355 0.4860 13.0605 2.0062 53.0248 -6.0148 0.0828
Pedestrian -1 -1 -3.4863 593.1271 167.5749 606.2350 194.9935 1.8572 0.6189 0.7285 -0.7384 1.4993 49.2900 -3.5016 0.0827
Pedestrian -1 -1 -8.3651 606.9797 168.0071 619.4782 195.6053 1.8690 0.6063 0.6639 0.1873 1.5405 49.3012 -8.3617 0.0710
Car -1 -1 -6.8431 0.0000 182.1080 81.2590 227.3680 1.4511 1.6313 4.0241 -21.8532 1.8144 26.1862 -7.5337 0.0704
Pedestrian -1 -1 -7.6119 939.1360 184.0164 955.3560 218.5448 1.7092 0.6194 0.5938 16.9818 2.2788 36.4170 -7.1793 0.0700
Pedestrian -1 -1 -1.8038 12.1207 168.7499 43.8599 229.2296 1.7796 0.6178 0.6188 -17.5235 1.6586 21.6653 -2.4780 0.0693
Pedestrian -1 -1 -6.8787 917.5477 179.7431 934.8115 212.9288 1.7482 0.6898 0.5516 16.8556 2.1198 38.5613 -6.4700 0.0674
Pedestrian -1 -1 -3.2386 347.3423 172.5284 356.6660 194.3665 1.7716 0.5546 0.6667 -21.0971 1.7449 58.9272 -3.5812 0.0672
Pedestrian -1 -1 -8.0530 691.7219 169.7384 702.3498 198.9992 1.9614 0.6093 0.5734 5.8373 1.7523 48.6767 -7.9349 0.0618
Pedestrian -1 -1 -5.4394 1153.4423 167.1396 1179.5636 221.5475 1.8273 0.5779 0.4059 18.8134 1.6351 24.4581 -4.7899 0.0616
Pedestrian -1 -1 -8.1441 1092.4950 169.7309 1114.7990 215.6195 1.8198 0.6210 0.4935 19.7514 1.6956 28.9421 -7.5504 0.0584
Car -1 -1 -4.6257 797.1904 179.6834 824.9219 201.4263 1.5378 1.6819 4.1272 15.2336 2.0760 54.6595 -4.3558 0.0575
Car -1 -1 -3.6519 901.2855 186.1956 1000.5788 218.8696 1.4296 1.6299 3.8393 15.6497 2.0628 33.3065 -3.2167 0.0564
Car -1 -1 -6.4129 430.0828 172.4893 489.3680 193.2237 1.5300 1.6800 4.2206 -11.4317 1.5028 54.7312 -6.6182 0.0524
Pedestrian -1 -1 -5.3037 280.7218 172.9808 297.7286 201.1973 1.7172 0.5661 0.8730 -19.7688 1.7248 44.3884 -5.7207 0.1877
Pedestrian -1 -1 -5.4839 271.2376 176.8123 286.9897 203.4338 1.7374 0.6474 0.6907 -21.8796 2.0008 47.6432 -5.9126 0.1403
Cyclist -1 -1 -2.6405 325.2682 172.7327 362.6193 207.7835 1.6828 0.7003 1.5609 -12.9789 1.6767 35.1042 -2.9925 0.1331
Pedestrian -1 -1 -7.2797 507.2940 170.8096 520.0370 197.1736 1.7620 0.6390 0.5796 -6.5230 1.6251 48.6218 -7.4127 0.1070
Cyclist -1 -1 -3.2576 845.0529 173.1858 879.9457 204.6437 1.7436 0.6488 1.7838 14.1275 1.7622 40.5125 -2.9248 0.0885
Pedestrian -1 -1 -6.1272 443.6368 168.7830 460.6750 213.5353 1.8825 0.6670 0.6124 -6.7557 1.7109 30.7023 -6.3425 0.0858
Pedestrian -1 -1 -8.0340 1012.5330 175.5839 1030.6177 215.9050 1.8252 0.6241 0.5780 18.8266 1.9515 33.0869 -7.5211 0.0746
Pedestrian -1 -1 -4.2985 287.2145 170.9337 304.4310 200.1524 1.7902 0.6847 0.8691 -19.4686 1.6722 44.6432 -4.7078 0.0696
Cyclist -1 -1 -8.0098 826.7228 175.2441 837.6799 202.5967 1.7736 0.4380 1.6443 14.6741 1.9343 47.7779 -7.7140 0.0692
Pedestrian -1 -1 -3.0591 501.7936 169.6670 510.8199 194.7085 1.7736 0.6304 0.5874 -7.4205 1.5475 51.4354 -3.2020 0.0645
Pedestrian -1 -1 -2.5459 342.4986 175.2271 360.7684 207.5989 1.5665 0.5778 0.6258 -12.6873 1.6835 35.3256 -2.8886 0.0549
Pedestrian -1 -1 -7.7334 4.8456 178.4004 24.0881 218.3503 1.7863 0.5986 0.6603 -27.1283 2.0417 32.8242 -8.4202 0.0546
Cyclist -1 -1 -7.5898 276.1254 178.7333 287.5025 203.3490 1.6047 0.3145 1.4807 -21.9289 2.0029 48.1532 -8.0154 0.0523
Cyclist -1 -1 -3.9528 978.4946 176.1996 1021.1285 216.4585 1.8099 0.6671 1.8059 17.8606 1.9660 33.1392 -3.4628 0.0520
Pedestrian -1 -1 -8.0284 913.5822 175.2485 928.0389 210.0602 1.8752 0.6351 0.5456 16.8664 2.0063 39.2515 -7.6258 0.0517
Car -1 -1 -7.7101 505.7248 175.9146 551.3378 209.1972 1.4088 1.5469 3.6608 -3.6815 1.5553 32.7376 -7.8217 0.9481
Car -1 -1 -7.8317 570.4423 178.3504 620.9095 223.3671 1.3876 1.5843 3.3367 -0.4957 1.5853 24.3181 -7.8526 0.9348
Car -1 -1 -4.3839 302.6857 178.1389 365.0858 210.6530 1.4018 1.5511 3.8597 -12.8524 1.6626 33.6980 -4.7460 0.8146
Car -1 -1 -4.4708 431.1760 169.6116 458.3421 187.3625 1.6286 1.6088 3.9273 -15.5969 1.3308 68.1755 -4.6951 0.3316
Car -1 -1 -7.5561 259.7903 177.2313 304.7807 202.1281 1.6024 1.6305 4.2271 -22.4062 1.9152 49.4128 -7.9801 0.3015
Car -1 -1 -4.6787 62.5340 184.1130 104.5713 216.0893 1.4832 1.5979 4.0403 -27.0354 2.0947 37.0848 -5.3054 0.2332
Car -1 -1 -7.3662 521.1346 166.9842 558.1645 187.1721 1.8205 1.6856 4.1608 -6.5430 1.2909 67.3128 -7.4630 0.1684
Car -1 -1 -5.2096 827.0722 179.3798 877.8936 206.2017 1.6330 1.6113 3.5490 15.6168 2.0725 46.7381 -4.8895 0.1622
Car -1 -1 -4.6003 848.2075 177.0256 885.9977 205.0082 1.5154 1.6329 4.0908 14.9419 1.7702 41.9269 -4.2606 0.1441
Car -1 -1 -4.6898 237.9243 175.7731 281.9116 211.1974 1.5373 1.7575 4.6193 -16.5523 1.6853 34.1851 -5.1380 0.1008
Car -1 -1 -3.4147 1015.8338 182.4903 1119.2219 216.9127 1.4997 1.6269 3.7452 21.0899 1.9639 33.4729 -2.8570 0.0925
Car -1 -1 -4.2716 163.1565 181.8884 256.4813 220.1743 1.3651 1.6508 4.1014 -15.8884 1.7518 28.8114 -4.7719 0.0822
Car -1 -1 -4.9239 609.4813 174.2109 640.2497 195.6606 1.6166 1.6345 3.8644 1.1034 1.7268 56.6930 -4.9049 0.0671
Car -1 -1 -7.9420 573.1188 173.8012 625.1207 216.9424 1.5541 1.6522 4.2186 -0.5436 1.5938 28.2745 -7.9616 0.0631
Car -1 -1 -7.4347 505.9019 170.6253 551.0909 194.2817 1.5818 1.6564 3.9879 -5.6726 1.4325 50.3984 -7.5465 0.0621
