Cyclist -1 -1 -7.2120 1106.7307 139.3520 1165.7921 194.9930 1.8488 0.6537 1.8380 18.1772 0.4488 24.4517 -6.5827 0.1329
Pedestrian -1 -1 -8.1509 577.1901 162.3211 595.9633 205.0012 1.7772 0.6529 0.5621 -0.6463 0.9789 30.2811 -8.1771 0.1214
Pedestrian -1 -1 -5.9328 1108.6472 166.1854 1145.2417 236.8241 1.6006 0.7063 0.4794 12.1610 1.2542 16.6746 -5.3153 0.1138
Pedestrian -1 -1 -8.7674 1079.9651 158.7190 1107.5587 212.8153 1.7672 0.5901 0.4989 16.2792 1.0234 23.7962 -8.1775 0.0920
Pedestrian -1 -1 -4.9146 496.0561 166.1235 515.0673 212.1784 1.8337 0.6451 0.6277 -3.8932 1.2218 29.0038 -5.0519 0.0914
Pedestrian -1 -1 -4.8132 481.1460 158.8918 500.1821 211.1551 1.7848 0.5928 0.5879 -3.8668 1.0131 24.8908 -4.9707 0.0847
Cyclist -1 -1 -7.7454 993.7152 167.3224 1022.3870 232.4298 1.5570 0.4651 1.7092 10.1714 1.2185 18.0122 -7.2427 0.0777
Pedestrian -1 -1 -4.3257 1152.5730 136.8214 1237.0000 342.4531 1.8352 0.5903 0.7273 5.7234 1.4372 6.8465 -3.6536 0.0774
Pedestrian -1 -1 -4.9122 656.5634 145.4785 672.4401 181.5985 1.8347 0.6736 0.7448 3.2275 0.0052 36.8973 -4.8303 0.0730
Pedestrian -1 -1 -4.3721 0.0000 188.5518 60.2840 292.8207 1.5860 0.6042 0.6861 -9.1302 1.7027 11.4056 -5.0415 0.0707
Pedestrian -1 -1 -4.5940 261.7763 169.9698 283.4973 220.2128 1.7774 0.6392 0.6548 -11.8373 1.3699 25.8217 -5.0251 0.0668
Pedestrian -1 -1 -8.6481 991.2941 161.1068 1025.5620 216.9242 1.7227 0.6191 0.7049 12.7674 1.0937 22.5960 -8.1438 0.0640
Cyclist -1 -1 -7.1993 737.4944 156.4527 771.8499 195.8271 1.8423 0.6618 1.7967 7.3449 0.6706 34.4485 -6.9957 0.0636
Car -1 -1 -6.8345 0.0000 184.4554 88.6201 322.2882 1.6501 1.6557 4.0405 -10.3600 1.7043 10.8588 -7.5900 0.0635
Pedestrian -1 -1 -8.0749 608.1837 159.6692 626.4108 203.2618 1.8181 0.6565 0.5716 0.6487 0.9079 30.3063 -8.0586 0.0619
Car -1 -1 -4.0545 1015.8652 168.4174 1166.2061 224.2115 1.4717 1.5777 3.7401 13.7857 1.1271 20.2961 -3.4689 0.0603
Pedestrian -1 -1 -7.8870 214.1269 171.8565 235.1028 223.8611 1.7949 0.6303 0.6348 -13.2593 1.4625 25.2248 -8.3718 0.0568
Car -1 -1 -3.2392 397.5112 183.8041 644.1640 279.9380 1.5021 1.6297 4.0213 -1.4606 1.5467 12.5114 -3.3587 0.0556
Pedestrian -1 -1 -8.1053 470.2933 166.8264 490.4355 212.6410 1.8024 0.6694 0.5711 -4.8519 1.2254 28.6571 -8.2766 0.0544
Car -1 -1 -7.6726 0.0000 170.9266 89.7775 230.8343 1.6215 1.6165 3.3270 -16.4669 1.3358 21.2916 -8.3301 0.0541
Pedestrian -1 -1 -2.9257 244.9771 151.8520 400.5801 373.0000 1.8236 0.6255 0.8292 -1.8333 1.6461 4.6870 -3.2874 0.6798
Pedestrian -1 -1 -6.3403 287.6349 166.1193 313.8087 220.8082 1.7568 0.5863 0.7563 -9.8693 1.2631 23.5050 -6.7390 0.4991
Pedestrian -1 -1 -6.8145 0.0000 163.7012 21.3254 223.0373 1.8681 0.5377 0.5260 -19.0335 1.3081 22.9540 -7.5063 0.4684
Pedestrian -1 -1 -7.4997 631.4739 156.8242 657.2385 206.4218 1.7682 0.6791 0.8754 1.5431 0.8889 26.1455 -7.4464 0.3828
Pedestrian -1 -1 -2.8153 240.2056 160.4027 274.5556 221.8098 1.8728 0.5960 0.8129 -10.6798 1.2298 22.2533 -3.2633 0.2824
Pedestrian -1 -1 -4.0706 0.0000 230.0019 95.2761 373.0000 1.3544 0.4377 0.4677 -3.4308 1.6580 4.2477 -4.7274 0.2664
Cyclist -1 -1 -3.6674 628.5970 156.3252 680.7775 207.9200 1.7965 0.6495 1.7782 1.8841 0.9203 25.6960 -3.5999 0.2636
Pedestrian -1 -1 -6.8378 753.9875 161.4062 774.1724 202.9512 1.8884 0.6429 0.6654 7.4699 0.9753 33.0646 -6.6223 0.1557
Cyclist -1 -1 -6.8923 630.9384 161.5735 680.6957 213.3217 1.7644 0.6291 1.6873 1.8879 1.0854 25.1959 -6.8234 0.1524
Cyclist -1 -1 -2.8590 0.0000 179.6344 142.0836 373.0000 1.6581 0.6288 1.7521 -3.6737 1.6503 3.9704 -3.5802 0.1506
Cyclist -1 -1 -3.3003 812.2335 167.5913 903.0563 238.9539 1.6057 0.8629 1.8722 5.8987 1.2933 16.7468 -2.9718 0.1233
Cyclist -1 -1 -8.0614 640.1377 154.1764 665.6949 206.3622 1.8229 0.5604 1.7498 1.8244 0.8689 25.9984 -7.9970 0.1181
Pedestrian -1 -1 -7.9459 783.4117 156.3143 813.1549 239.9854 1.8567 0.5639 0.9065 4.4551 1.2984 16.4336 -7.6904 0.1159
Pedestrian -1 -1 -4.6887 181.3516 157.9468 205.3984 223.1456 1.9197 0.6139 0.7164 -12.2997 1.2267 21.6119 -5.2060 0.1088
Cyclist -1 -1 -3.8718 0.0000 171.6349 153.5850 373.0000 1.6983 0.6174 1.5178 -3.5809 1.6514 4.2693 -4.5469 0.1042
Pedestrian -1 -1 -4.4980 67.3662 165.6051 95.6420 225.1514 1.9370 0.7007 0.3317 -17.1467 1.4204 23.6598 -5.1250 0.0973
Pedestrian -1 -1 -4.4240 869.1078 155.4629 898.3493 216.5755 1.8158 0.6813 0.6223 8.5369 1.0427 21.7980 -4.0598 0.0959
Pedestrian -1 -1 -8.4790 802.6064 159.8068 847.1006 241.4176 1.8106 0.6434 0.7601 5.0553 1.3299 16.4015 -8.1898 0.0890
Pedestrian -1 -1 -6.3418 117.8544 160.1835 136.9991 222.8135 1.7982 0.5017 0.4372 -13.8607 1.1866 20.9561 -6.9255 0.0871
Pedestrian -1 -1 -3.5019 902.5135 165.5110 932.6030 241.7142 1.6599 0.6019 0.4201 6.9768 1.3122 15.9563 -3.1010 0.0853
Cyclist -1 -1 -8.4905 810.7953 164.2572 878.8884 241.0194 1.7296 0.5860 1.7645 5.7272 1.3416 17.1151 -8.1774 0.0792
Pedestrian -1 -1 -8.3314 740.3996 164.9993 758.4429 203.4804 1.7366 0.5928 0.6044 6.7385 0.9922 32.7909 -8.1353 0.0740
Pedestrian -1 -1 -5.9098 266.8822 162.1414 297.6390 221.0131 1.8277 0.5018 0.7530 -10.0516 1.2272 22.5695 -6.3296 0.0740
Cyclist -1 -1 -3.0138 831.8724 158.0373 896.9193 215.2427 1.7064 0.7904 1.8062 8.0900 1.0070 22.1874 -2.6730 0.0717
Pedestrian -1 -1 -1.7775 18.4650 220.7797 119.0857 373.0000 1.3909 0.3966 0.4467 -3.1857 1.6387 4.2206 -2.4018 0.0660
Cyclist -1 -1 -8.2651 621.8778 158.9823 657.0107 208.7541 1.7425 0.5978 1.7872 1.3388 0.9546 26.0905 -8.2193 0.0617
Pedestrian -1 -1 -4.2214 0.0000 194.1448 133.4090 373.0000 1.5203 0.5421 0.5172 -3.0913 1.5968 4.0092 -4.8543 0.0617
Pedestrian -1 -1 -4.8188 838.6110 162.8552 870.9639 242.8001 1.7788 0.6009 0.8516 5.7580 1.3645 16.4642 -4.4927 0.0589
Pedestrian -1 -1 -2.4295 67.3493 168.7869 96.5253 223.9902 1.8106 0.6007 0.5208 -17.2931 1.3941 23.8822 -3.0561 0.0587
Cyclist -1 -1 -8.2971 847.0428 168.4388 905.1324 242.0088 1.6164 0.5446 1.7404 6.3036 1.3300 16.6741 -7.9461 0.0577
Cyclist -1 -1 -6.6988 0.0000 151.7900 167.6775 373.0000 1.7768 0.5640 1.6604 -3.3702 1.6546 3.8414 -7.3929 0.0570
Cyclist -1 -1 -8.0314 893.8879 167.2119 932.9454 242.2859 1.6094 0.4922 1.7150 7.0123 1.3037 16.2896 -7.6360 0.0563
Pedestrian -1 -1 -4.6304 191.5703 158.9666 216.9683 222.7480 1.8841 0.6191 0.6648 -11.9929 1.2189 21.6496 -5.1362 0.0554
Cyclist -1 -1 -8.2328 744.7500 166.3293 769.7700 203.5102 1.6535 0.5084 1.7102 7.0940 0.9791 32.8319 -8.0267 0.0539
Pedestrian -1 -1 -5.1977 755.9024 171.6509 795.3196 247.1490 1.5909 0.5460 0.7320 3.7260 1.3840 15.5610 -4.9718 0.0531
Pedestrian -1 -1 -7.8950 651.3205 161.2497 672.2631 209.2975 1.6851 0.7085 0.7000 2.1172 0.9753 25.5552 -7.8183 0.0529
Cyclist -1 -1 -8.0335 868.2508 163.4361 909.2661 239.3861 1.6660 0.5600 1.7220 6.5984 1.2703 16.6549 -7.6669 0.0529
Cyclist -1 -1 -8.3425 831.9230 160.2217 869.7657 215.2039 1.6946 0.4144 1.6245 7.9283 1.0392 22.9749 -8.0188 0.0518
Pedestrian -1 -1 -7.1849 218.3483 160.8560 250.4080 222.0684 1.8441 0.6045 0.6476 -11.2745 1.2226 22.0171 -7.6584 0.0500
Car -1 -1 -6.3764 350.8975 191.6435 651.1119 313.2778 1.3943 1.4630 3.6858 -1.3691 1.5463 9.5696 -6.5206 0.9202
Car -1 -1 -8.5378 763.3328 174.3039 907.0195 241.4916 1.5116 1.5346 3.5041 5.7118 1.3502 18.0728 -8.2411 0.2916
Car -1 -1 -6.9147 836.6337 159.0114 992.1061 211.6805 1.5792 1.7137 4.3871 9.9018 0.9054 22.8769 -6.5154 0.1791
Car -1 -1 -2.9407 0.0000 177.2430 193.7264 242.0085 1.4646 1.5746 4.2942 -12.7016 1.3689 17.8321 -3.5578 0.0701
Car -1 -1 -3.0607 0.0000 213.7684 44.8081 373.0000 1.5399 1.6471 4.0835 -4.9883 1.7619 2.7870 -4.0889 0.0631
