Car -1 -1 -7.2560 454.2400 174.0308 550.3033 215.0476 1.5199 1.6901 4.3415 -3.9097 1.2435 28.9387 -7.3943 0.9704
Pedestrian -1 -1 -3.2821 152.4793 177.9811 164.8381 211.0639 1.8966 0.6850 0.5169 -25.6497 1.6950 41.6090 -3.8368 0.1150
Car -1 -1 -7.5028 0.0000 188.3107 16.5210 326.8432 1.5717 1.6154 4.0914 -10.3442 1.6933 10.5632 -8.2708 0.0994
Pedestrian -1 -1 -8.3978 667.2520 168.9672 687.5950 209.5508 1.6901 0.6426 0.5846 3.1875 1.1685 30.3173 -8.2990 0.0912
Pedestrian -1 -1 -3.8912 699.3042 161.0342 719.2833 198.5978 1.8538 0.5830 0.8081 5.3836 0.8440 35.9196 -3.7485 0.0905
Car -1 -1 -5.0547 1001.7596 118.9730 1082.2455 160.5368 1.4772 1.6138 3.7598 17.9927 -0.9205 29.5503 -4.5164 0.0789
Car -1 -1 -5.3546 979.0194 133.7648 1052.6129 164.4063 1.6265 1.7089 3.9771 24.4411 -1.0616 42.5344 -4.8404 0.0768
Pedestrian -1 -1 -8.1231 378.1507 172.9433 397.9061 216.1120 1.7288 0.6444 0.5509 -8.6870 1.3865 29.1724 -8.4153 0.0760
Cyclist -1 -1 -7.5030 148.8530 180.1862 194.5562 251.4861 1.5882 0.3998 1.5801 -10.0702 1.5595 16.8139 -8.0411 0.0750
Car -1 -1 -7.9763 613.1978 170.5055 637.1798 189.5355 1.6119 1.5992 3.9939 2.0780 0.6804 62.9092 -7.9483 0.0732
Cyclist -1 -1 -2.3009 323.2433 174.6026 368.3918 220.2733 1.6827 0.6126 1.7212 -9.6862 1.4289 27.1448 -2.6458 0.0709
Pedestrian -1 -1 -4.1926 0.0000 222.6863 32.6924 283.7136 1.0066 0.3125 0.3724 -10.1029 1.7267 12.3391 -4.8738 0.0644
Car -1 -1 -5.7816 391.8124 172.6182 447.5592 195.1700 1.8600 1.6648 4.2839 -15.2912 1.1273 60.5821 -6.0328 0.0615
Car -1 -1 -5.2787 525.8438 173.2224 570.3721 195.0268 1.6121 1.6855 3.6710 -4.1008 1.0001 55.0846 -5.3576 0.0600
Car -1 -1 -7.9280 640.4125 167.2393 660.2811 183.6574 1.5300 1.5842 4.0336 4.7067 0.2007 68.9672 -7.8649 0.0595
Car -1 -1 -8.0872 596.2954 165.6826 623.6268 184.2935 1.7487 1.6682 4.3635 0.8314 0.2622 69.8098 -8.0802 0.0580
Pedestrian -1 -1 -5.2299 2.1169 174.5297 25.4331 210.6796 1.9167 0.6241 0.8595 -31.5261 1.5473 38.5319 -5.9174 0.0578
Pedestrian -1 -1 -5.2659 861.0284 154.6307 897.5825 224.0896 1.7321 0.6314 0.6230 7.0298 1.0626 18.2805 -4.9087 0.0577
Pedestrian -1 -1 -4.8715 131.1353 170.6392 150.2548 213.3342 1.9711 0.6608 0.6295 -21.5758 1.4699 33.6180 -5.4436 0.2906
Cyclist -1 -1 -7.0468 116.7684 178.0905 157.5719 217.5696 1.7041 0.4857 1.6431 -20.5873 1.5572 31.8624 -7.6218 0.1811
Pedestrian -1 -1 -5.3877 220.4846 172.8540 237.2496 207.8463 1.9447 0.5966 0.5914 -20.9105 1.4644 40.3140 -5.8685 0.1094
Pedestrian -1 -1 -4.2911 1155.0524 118.9614 1237.0000 303.9386 1.8609 0.6532 0.6985 6.4265 1.2324 7.6765 -3.6161 0.1043
Pedestrian -1 -1 -6.3467 126.1783 176.0763 142.0603 217.2268 1.8025 0.7381 0.5444 -20.7847 1.5652 31.9231 -6.9251 0.0977
Pedestrian -1 -1 -3.3226 948.1248 147.9321 1063.0986 342.6635 1.6781 0.4620 0.8318 3.5965 1.3896 6.5340 -2.8418 0.0922
Cyclist -1 -1 -7.7826 634.1494 165.9235 641.7167 193.3138 1.7216 0.3772 1.6564 2.3462 0.7426 45.9951 -7.7368 0.0883
Pedestrian -1 -1 -6.7270 160.1067 186.7948 180.5432 216.4500 1.7317 0.5688 0.8820 -25.5977 2.0500 42.6573 -7.2699 0.0875
Pedestrian -1 -1 -3.8565 815.1934 129.2324 924.2196 318.8890 1.8429 0.4957 0.9695 2.7050 1.3357 7.3903 -3.5226 0.0820
Pedestrian -1 -1 -4.1839 1146.5533 125.9526 1166.5194 167.0352 1.8229 0.5541 0.4685 25.0689 -0.6604 32.4627 -3.5350 0.0744
Cyclist -1 -1 -6.6228 105.1292 187.7925 140.1192 217.4380 1.6461 0.5620 1.5658 -27.3318 2.0125 41.0180 -7.2128 0.0698
Pedestrian -1 -1 -3.9570 1115.9672 129.7855 1218.5387 285.6900 1.7545 0.5541 0.7972 6.5725 1.1732 8.4257 -3.3148 0.0688
Cyclist -1 -1 -3.1521 166.1194 184.6379 203.0909 215.5524 1.8308 0.6750 1.9242 -25.2228 2.0242 43.4819 -3.6803 0.0684
Pedestrian -1 -1 -4.3022 1129.3423 125.2191 1149.9110 167.1332 1.8173 0.5948 0.4614 23.7882 -0.6427 31.7742 -3.6682 0.0669
Pedestrian -1 -1 -8.2332 638.0516 169.1213 650.5865 197.6088 1.7649 0.6201 0.5496 2.6802 0.9981 44.8628 -8.1788 0.0663
Pedestrian -1 -1 -3.5260 1026.2416 138.2674 1084.2708 260.5701 1.7526 0.5461 0.5533 6.6421 1.1337 10.6072 -2.9828 0.0656
Cyclist -1 -1 -7.8684 639.3204 165.5403 645.7410 193.1072 1.7302 0.3742 1.6974 2.6293 0.7286 45.9403 -7.8165 0.0636
Pedestrian -1 -1 -5.7203 646.1121 169.9677 663.1562 201.2160 1.7092 0.5602 0.7589 2.9391 1.0786 39.7408 -5.6519 0.0609
Pedestrian -1 -1 -4.1543 1152.2367 126.1845 1174.2979 166.0608 1.7626 0.5693 0.5708 25.3253 -0.7040 32.4020 -3.4996 0.0601
Cyclist -1 -1 -4.8133 1091.6862 128.6904 1108.2761 165.9843 1.6506 0.4487 1.6864 23.1207 -0.7384 33.3471 -4.2154 0.0572
Pedestrian -1 -1 -7.8594 197.8293 176.6223 214.1504 216.3821 1.7650 0.6382 0.4480 -17.7638 1.5488 32.2403 -8.3647 0.0568
Pedestrian -1 -1 -5.1746 208.4834 181.3269 228.1471 214.8046 1.6370 0.6117 0.6977 -18.9835 1.6287 35.5755 -5.6668 0.0559
Pedestrian -1 -1 -7.8995 695.7399 165.3866 707.5127 195.5195 1.8372 0.6886 0.5276 6.1493 0.8548 44.0892 -7.7667 0.0544
Pedestrian -1 -1 -4.3489 237.0044 175.8453 253.7683 210.5225 1.9480 0.6876 0.5893 -20.1618 1.6305 40.6789 -4.8116 0.0528
Pedestrian -1 -1 -6.5261 631.1382 168.8776 641.3883 194.6759 1.6743 0.6698 0.5206 2.2833 0.8552 47.0006 -6.4828 0.0520
Car -1 -1 -7.7167 578.0319 173.1556 616.4203 201.8764 1.4455 1.5793 3.5430 -0.1851 1.0258 38.0109 -7.7266 0.9385
Car -1 -1 -7.3310 328.2986 183.6334 392.9374 211.6876 1.3928 1.5247 3.8660 -12.6731 1.5119 38.0171 -7.6558 0.6467
Car -1 -1 -6.6019 151.4892 189.3254 223.9644 216.0590 1.5281 1.5450 3.5396 -25.2793 2.0271 43.9676 -7.1263 0.3150
Car -1 -1 -7.5735 562.5179 169.7518 593.5949 189.6060 1.5778 1.6204 3.6576 -1.8638 0.6440 59.0560 -7.6098 0.2801
Car -1 -1 -3.0534 0.0000 179.6070 112.6732 217.4840 1.4908 1.5984 3.7766 -22.7143 1.4166 29.9542 -3.7030 0.2431
Car -1 -1 -7.9041 3.0729 174.1889 58.3092 218.1285 1.8495 1.7327 4.1267 -25.7597 1.5420 32.3553 -8.5776 0.2092
Car -1 -1 -7.8594 175.5531 173.8378 218.4277 215.0328 1.7992 1.6542 4.1675 -18.9354 1.4648 33.5925 -8.3744 0.1796
Car -1 -1 -4.7839 587.9061 169.4062 618.2811 194.1515 1.5547 1.6686 4.3024 0.0722 0.7949 47.3396 -4.7873 0.1414
Car -1 -1 -2.7585 50.0730 189.8285 136.1786 218.0700 1.5337 1.6839 3.6483 -28.9283 2.0234 40.9829 -3.3753 0.1406
Car -1 -1 -4.7869 1075.2805 128.3489 1125.2351 164.2805 1.4943 1.6155 3.8151 23.4573 -0.8617 33.9010 -4.1899 0.1145
Car -1 -1 -4.7516 611.1563 169.5685 635.7672 192.8780 1.6915 1.6686 4.0921 1.6436 0.8256 54.1839 -4.7264 0.1000
Car -1 -1 -7.2499 1193.4314 124.3750 1237.0000 373.0000 1.5514 1.6167 4.2077 6.8795 1.2192 5.1334 -6.3497 0.0955
Car -1 -1 -4.6990 537.4684 173.9863 561.0488 196.6207 1.4748 1.5342 3.8377 -3.5174 0.9853 48.7692 -4.7756 0.0834
Car -1 -1 -6.8640 643.7843 172.1689 717.9402 198.8882 1.4795 1.6420 4.0127 4.5885 0.9630 41.4245 -6.7593 0.0723
Car -1 -1 -4.9419 452.0311 174.0411 489.4559 198.3545 1.5205 1.5683 3.7846 -8.5762 1.0541 46.9706 -5.1265 0.0712
Car -1 -1 -7.9863 631.4702 168.0547 664.2669 193.9422 1.6141 1.6151 3.8040 2.9858 0.7759 46.7454 -7.9278 0.0704
Car -1 -1 -3.6816 285.3569 181.2658 369.4887 207.5614 1.4633 1.6536 4.4000 -16.0318 1.4504 42.2143 -4.0475 0.0677
Car -1 -1 -7.0297 1191.3540 132.7847 1237.0000 252.9095 1.4565 1.6080 4.2943 10.7658 0.8665 9.6704 -6.2092 0.0619
Car -1 -1 -2.0999 195.3725 184.4675 266.3497 215.3902 1.4762 1.5591 3.6220 -18.7135 1.6327 36.2278 -2.5789 0.0542
