Pedestrian -1 -1 -6.8732 689.3305 179.5955 714.5212 225.3688 1.6411 0.6189 0.6862 3.3187 1.8917 26.4267 -6.7504 0.2238
Pedestrian -1 -1 -5.6654 1136.2659 185.1167 1193.4843 264.9444 1.8591 0.5906 0.9287 13.3920 2.1653 17.4996 -5.0212 0.1553
Pedestrian -1 -1 -3.1346 1208.3578 165.1417 1241.0000 257.0327 1.7965 0.5213 0.6319 12.3936 1.6455 14.5098 -2.4382 0.0960
Car -1 -1 -4.2093 73.8122 189.7977 147.9026 220.6798 1.5995 1.6827 4.2812 -28.9862 2.6378 42.0126 -4.8105 0.0891
Pedestrian -1 -1 -8.1338 795.5998 171.6251 813.1703 209.1405 1.8443 0.7262 0.5103 9.5835 1.7836 35.7338 -7.8744 0.0887
Pedestrian -1 -1 -7.3327 165.7095 181.7498 186.3317 225.3114 2.0507 0.6334 0.5881 -20.7208 2.4781 34.3892 -7.8719 0.0849
Pedestrian -1 -1 -7.8567 1169.0922 174.3172 1185.8914 219.4770 1.7951 0.5273 0.2932 22.7425 1.8541 28.9766 -7.1967 0.0741
Car -1 -1 -4.9889 655.9015 183.6838 714.5549 218.3315 1.3864 1.5874 3.8721 3.2426 1.9001 32.1970 -4.8901 0.0695
Pedestrian -1 -1 -4.1082 1184.5308 169.4162 1205.9963 218.2480 1.7673 0.5361 0.2965 21.3753 1.6426 26.4131 -3.4337 0.0618
Pedestrian -1 -1 -6.1933 1133.8116 170.5759 1149.7744 222.1494 1.7753 0.5180 0.4069 18.5021 1.6966 25.1663 -5.5654 0.0618
Pedestrian -1 -1 -6.7200 1102.9601 186.4706 1130.1066 241.6108 1.5616 0.6483 0.4051 14.6597 1.9636 20.9620 -6.1170 0.0611
Pedestrian -1 -1 -9.0325 1072.3545 185.4140 1095.3540 234.9852 1.6629 0.5231 0.4992 16.1978 2.0993 24.7375 -8.4589 0.0593
Car -1 -1 -5.3675 723.8175 180.4121 817.8452 218.9179 1.4417 1.5934 4.1842 6.5699 1.7803 30.1235 -5.1554 0.0584
Car -1 -1 -3.8491 0.0000 204.8408 92.4225 251.7109 1.4994 1.6653 3.8924 -22.5525 2.8309 27.9731 -4.5232 0.0580
Car -1 -1 -5.1066 686.2416 181.6749 747.6948 212.8531 1.4349 1.6054 4.1350 5.3177 1.9097 36.6556 -4.9643 0.0575
Pedestrian -1 -1 -8.6973 928.7081 170.2777 943.9421 211.9609 1.8957 0.5362 0.3759 14.9257 1.7782 33.0963 -8.2774 0.0561
Pedestrian -1 -1 -3.3087 1221.3311 148.9710 1241.0000 254.4303 1.9701 0.5681 0.5167 12.0804 1.5236 13.8553 -2.6026 0.0558
Pedestrian -1 -1 -7.1263 802.6082 166.1251 824.0065 209.5812 1.9506 0.6720 0.6554 9.2116 1.6482 32.8468 -6.8558 0.0530
Car -1 -1 -8.0804 383.0332 186.9899 418.1509 210.5406 1.6163 1.6690 4.0528 -15.8233 2.7225 54.3067 -8.3630 0.0524
Cyclist -1 -1 -8.3530 876.7628 181.9666 905.4011 221.5876 1.5642 0.4268 1.4902 11.4747 1.9475 29.6049 -7.9872 0.0514
Car -1 -1 -4.7853 799.1479 198.4166 829.6526 224.6778 1.4666 1.5916 3.7984 13.0243 3.1763 46.2465 -4.5132 0.0508
Car -1 -1 -4.9192 528.6433 180.8994 554.8011 198.7785 1.6347 1.7149 4.1428 -6.6945 2.4421 70.2114 -5.0143 0.0506
Pedestrian -1 -1 -6.1774 285.6155 183.4900 303.9882 223.1425 1.7523 0.7311 0.6863 -14.2688 2.2389 32.5800 -6.5876 0.1843
Cyclist -1 -1 -4.4600 535.7478 175.7336 560.5084 215.0455 1.8775 0.8092 1.7329 -3.0726 2.0227 35.5172 -4.5462 0.1178
Cyclist -1 -1 -4.4148 198.8995 193.6457 221.7153 227.8672 1.6746 0.5486 1.7222 -20.6871 2.7750 37.2996 -4.9185 0.0573
Car -1 -1 -7.4537 281.2658 188.0995 346.8176 222.6736 1.4749 1.5762 3.6388 -13.9975 2.2364 34.2251 -7.8396 0.3947
Car -1 -1 -3.0558 786.1520 192.9499 850.0467 221.0026 1.5523 1.6490 3.5641 12.4707 2.7982 43.3420 -2.7782 0.3819
Car -1 -1 -5.7753 165.5778 183.7189 363.8658 252.6967 1.6323 1.7205 4.2671 -8.7560 1.9241 18.3956 -6.2144 0.3398
Car -1 -1 -4.6793 460.4774 175.9819 487.6290 207.9283 2.1468 1.7517 4.2588 -9.6286 2.3780 51.1632 -4.8648 0.2523
Car -1 -1 -7.0052 131.5213 193.8592 216.4565 227.4734 1.5717 1.6343 3.6921 -23.0651 2.7434 38.2524 -7.5450 0.1856
Car -1 -1 -7.8103 526.4467 179.7875 561.8637 213.9050 1.6158 1.6374 4.0942 -3.3741 1.9920 37.1018 -7.9009 0.1545
Car -1 -1 -4.4738 94.7129 197.0097 156.8647 233.5004 1.4971 1.6131 3.6924 -22.9553 2.7115 34.2740 -5.0606 0.1248
Car -1 -1 -4.6436 504.7026 183.0638 532.9013 206.1481 1.5327 1.7309 4.1970 -6.5542 2.2977 51.9462 -4.7690 0.0728
Car -1 -1 -4.2391 184.3808 193.5854 251.3634 226.4820 1.5719 1.6020 3.8000 -21.0403 2.7417 38.8083 -4.7333 0.0647
Car -1 -1 -4.3603 550.1329 178.5214 609.0775 214.2926 1.6518 1.6554 4.0627 -1.4963 1.9530 36.1990 -4.4019 0.0505
