Pedestrian -1 -1 -7.7224 249.1066 160.2303 295.7152 276.5870 1.9280 0.6138 0.8978 -5.8746 1.7185 12.4753 -8.1548 0.1687
Cyclist -1 -1 -4.7491 114.8893 174.7750 126.4505 205.2336 1.6316 0.4677 1.6397 -26.8649 1.7387 39.5512 -5.3428 0.1080
Pedestrian -1 -1 -3.1522 112.8282 175.2390 151.4574 264.7794 1.8247 0.5440 0.6658 -10.0745 1.8758 15.1369 -3.7316 0.0914
Pedestrian -1 -1 -5.6712 466.9195 175.5745 480.6127 210.3204 1.8109 0.5409 0.4865 -7.2135 1.9552 38.0061 -5.8580 0.0827
Pedestrian -1 -1 -4.0309 441.2516 169.5773 467.4914 217.6256 1.9730 0.6587 0.8912 -6.5475 1.8381 30.1740 -4.2433 0.0753
Pedestrian -1 -1 -7.8563 795.5817 171.5037 807.9742 203.2887 1.7720 0.6690 0.6138 10.7528 1.6964 40.6065 -7.5997 0.0717
Pedestrian -1 -1 -4.1779 405.1738 170.6028 431.2336 221.9667 1.9494 0.6198 0.8639 -7.4510 1.8636 27.8835 -4.4371 0.0674
Car -1 -1 -7.6450 796.6163 162.1404 828.4101 189.0938 2.3183 1.8460 4.5164 18.1122 1.3965 64.4897 -7.3726 0.0669
Pedestrian -1 -1 -4.6519 350.9186 176.5390 375.4335 236.8117 1.7906 0.6636 0.6815 -7.5343 1.9043 21.9029 -4.9800 0.0660
Pedestrian -1 -1 -8.6060 1076.6392 163.1774 1118.8655 239.8212 1.7182 0.5607 0.5712 11.0979 1.5010 16.5045 -8.0228 0.0587
Pedestrian -1 -1 -5.5201 0.0000 206.7555 58.9045 350.3689 1.4735 0.4435 0.6704 -6.4915 1.8499 7.7696 -6.1995 0.0580
Pedestrian -1 -1 -4.8985 1049.2637 161.7527 1081.9048 237.7769 1.7243 0.5466 0.5245 10.4897 1.4722 16.7078 -4.3463 0.0579
Pedestrian -1 -1 -2.4901 116.0181 173.7264 168.2714 268.9605 1.8684 0.5624 0.6769 -9.4263 1.8859 14.4692 -3.0594 0.0579
Pedestrian -1 -1 -7.9768 810.6614 168.1702 824.3576 202.4680 1.8215 0.6291 0.6451 11.0837 1.5724 38.6857 -7.7002 0.0577
Car -1 -1 -7.2680 471.8946 182.3517 544.3157 215.8797 1.4879 1.6092 3.9234 -4.9594 1.9806 35.3364 -7.4070 0.0532
Pedestrian -1 -1 -8.1318 418.1597 174.4584 437.2794 219.4455 1.9004 0.6790 0.5136 -7.8503 1.9697 30.9006 -8.3791 0.0512
Pedestrian -1 -1 -7.9721 39.7374 168.5960 91.6992 291.4075 1.8387 0.5774 0.6570 -8.5354 1.7747 11.2399 -8.6104 0.0511
Pedestrian -1 -1 -3.8059 1132.2141 133.1339 1149.1572 170.8237 1.8665 0.5822 0.4090 26.4809 -0.1026 36.0634 -3.1763 0.2446
Pedestrian -1 -1 -6.7213 98.9377 178.6585 116.8874 208.0822 1.7845 0.7279 0.6615 -30.9395 2.1453 44.4139 -7.3271 0.2083
Cyclist -1 -1 -2.8640 97.2837 173.5825 140.7984 213.9429 1.9604 0.7228 1.6431 -24.2915 1.9967 35.6672 -3.4586 0.1263
Cyclist -1 -1 -6.7147 1124.1377 131.5680 1170.2510 168.9007 1.8350 0.6407 1.7403 26.7910 -0.2006 36.0595 -6.0794 0.0976
Pedestrian -1 -1 -3.7992 1137.9730 135.3078 1157.1814 170.8105 1.7555 0.5757 0.5254 26.7807 -0.1031 36.0041 -3.1634 0.0881
Cyclist -1 -1 -2.2642 93.6217 177.2185 125.8740 206.6551 1.7899 0.7403 1.6771 -30.9736 2.0631 44.6285 -2.8683 0.0775
Pedestrian -1 -1 -4.1786 1123.3843 135.4082 1142.2523 171.9721 1.8183 0.6142 0.4709 26.2424 -0.0451 36.2755 -3.5559 0.0659
Cyclist -1 -1 -7.7257 743.8315 175.6742 751.6231 199.0795 1.6390 0.3657 1.4590 9.7950 1.8427 51.4578 -7.5390 0.0652
Cyclist -1 -1 -5.1927 1124.2419 132.5074 1155.4760 167.4104 1.6920 0.4597 1.8359 26.5338 -0.2806 36.2148 -4.5640 0.0625
Pedestrian -1 -1 -3.8046 1131.6437 138.3801 1155.5093 172.1545 1.6829 0.6602 0.7087 26.8047 -0.0358 36.3083 -3.1724 0.0584
Cyclist -1 -1 -7.0361 741.0470 173.0009 764.2999 198.5541 1.7847 0.6225 1.6327 10.0757 1.7949 51.0980 -6.8430 0.0537
Cyclist -1 -1 -8.0272 739.7404 176.7168 749.5029 199.6472 1.6011 0.4141 1.5789 9.5614 1.8805 51.4400 -7.8449 0.0509
Car -1 -1 -6.4517 669.9430 182.3594 789.9265 219.5017 1.3850 1.6380 4.4033 4.5723 1.7669 28.1765 -6.2932 0.9600
Car -1 -1 -6.2808 643.8823 179.7873 704.1929 201.0441 1.4331 1.5818 4.1178 4.4204 1.9249 50.2479 -6.1940 0.6553
Car -1 -1 -4.9540 748.0262 174.5388 782.9495 197.4861 1.6166 1.6294 3.8307 11.3582 1.7448 53.0577 -4.7446 0.1623
Car -1 -1 -2.8495 91.6778 181.1286 188.9333 212.4407 1.4973 1.5833 3.8262 -23.6969 1.9301 36.4752 -3.4225 0.1188
Car -1 -1 -4.3839 96.0214 177.0687 149.2991 204.1437 1.6234 1.6320 3.9150 -31.0380 1.9041 46.0183 -4.9747 0.0896
Car -1 -1 -8.0940 1111.9937 134.3779 1173.4370 167.1859 1.5733 1.6781 3.8383 27.4979 -0.3107 37.4186 -7.4637 0.0813
Car -1 -1 -4.3633 641.3839 178.6689 677.4297 199.3572 1.4905 1.5848 3.6890 3.7799 1.9506 55.1194 -4.2957 0.0729
Car -1 -1 -8.0212 726.1917 175.5979 757.4372 198.5411 1.5965 1.6039 3.8955 9.5426 1.8038 52.6312 -7.8432 0.0722
Car -1 -1 -4.7715 716.0302 180.0258 754.2344 211.9399 1.4146 1.5779 3.7634 5.9456 1.7798 34.8178 -4.6043 0.0701
Car -1 -1 -5.4211 1052.4174 130.6761 1147.5251 165.3277 1.6233 1.6727 4.2146 24.9175 -0.4085 36.9456 -4.8311 0.0502
