Pedestrian -1 -1 -4.6323 480.8858 169.0335 503.1117 228.0672 1.8472 0.6301 0.9295 -3.7383 1.3410 22.9815 -4.7921 0.1714
Pedestrian -1 -1 -4.2337 401.9722 168.7841 440.5099 241.2521 1.8572 0.6152 0.9496 -4.9555 1.4362 18.9540 -4.4863 0.1612
Pedestrian -1 -1 -7.4498 400.6436 167.3143 421.9048 208.3260 1.9464 0.6868 0.9057 -9.4905 1.0970 34.6123 -7.7158 0.1333
Pedestrian -1 -1 -3.4888 980.9495 158.6767 1009.7552 246.8952 1.8186 0.5159 0.3751 8.0848 1.2717 15.1000 -3.0053 0.1307
Pedestrian -1 -1 -4.1145 706.3958 198.1408 735.0551 252.9510 1.1927 0.4328 0.4946 2.4843 1.4887 16.1256 -3.9647 0.1014
Car -1 -1 -4.6628 654.8382 172.1731 674.0176 189.0382 1.5417 1.6089 4.0867 5.3640 0.3496 67.8408 -4.5846 0.0716
Pedestrian -1 -1 -3.9187 12.4062 163.7939 57.9193 232.5013 1.9312 0.6723 0.7719 -16.4688 1.3292 20.6301 -4.5862 0.0696
Car -1 -1 -7.8722 106.9525 178.0328 130.9344 197.3794 1.5622 1.5908 3.9510 -40.9161 0.9824 60.1200 -8.4680 0.0681
Pedestrian -1 -1 -4.4376 1104.5457 149.5478 1166.7092 286.7985 1.8283 0.5883 0.4917 7.2546 1.3533 9.9591 -3.8217 0.0551
Car -1 -1 -4.6492 626.6602 179.4992 655.1135 202.5903 1.4035 1.5617 4.0720 2.1220 1.0562 45.8014 -4.6036 0.0550
Pedestrian -1 -1 -4.2603 449.2045 173.8121 483.7050 242.1920 1.7417 0.5500 0.8965 -3.7377 1.4514 18.8132 -4.4541 0.0545
Cyclist -1 -1 -4.0497 92.1441 176.0565 142.4778 227.2903 1.5998 0.4971 1.5419 -15.8691 1.3139 23.2325 -4.6438 0.0537
Car -1 -1 -6.3125 272.0972 173.9606 354.4626 204.4201 1.5163 1.6236 3.8799 -15.2979 0.9561 37.3112 -6.6994 0.0527
Car -1 -1 -4.6509 225.0148 177.6233 271.6919 213.4453 1.4734 1.5799 4.1776 -15.8642 1.1613 31.7990 -5.1105 0.0527
Car -1 -1 -7.5489 0.0000 161.5612 30.2373 193.5324 2.0101 1.7597 4.2095 -40.0076 0.5231 47.4776 -8.2465 0.0520
Cyclist -1 -1 -7.6140 513.8227 173.8266 532.2164 206.3012 1.7057 0.5961 1.7013 -4.5770 1.1076 38.6378 -7.7315 0.2099
Cyclist -1 -1 -7.3479 0.0000 174.9290 26.5865 208.7060 1.6090 0.4057 1.5972 -29.1035 1.1192 35.0661 -8.0371 0.1968
Pedestrian -1 -1 -7.7355 752.1974 166.2773 771.8575 214.2139 1.8351 0.6738 0.6843 5.9602 1.1103 27.9512 -7.5278 0.1735
Cyclist -1 -1 -2.4840 483.5384 171.7644 511.8329 200.7563 1.7756 0.7157 1.6463 -6.8799 0.9519 44.7373 -2.6360 0.0994
Car -1 -1 -7.7603 508.1398 175.4767 538.1096 204.1666 1.5269 1.4101 2.5022 -4.6591 1.0088 39.5258 -7.8773 0.0740
Cyclist -1 -1 -8.2940 494.0223 174.8298 513.6723 201.5165 1.6430 0.5612 1.6699 -6.5553 1.0037 45.1073 -8.4379 0.0598
Pedestrian -1 -1 -5.4312 528.9045 175.7882 542.2071 201.3290 1.7688 0.5746 0.7481 -5.0709 1.1160 50.2475 -5.5317 0.0592
Cyclist -1 -1 -5.2585 0.0000 172.4303 23.3949 207.9281 1.7068 0.5385 1.5584 -29.3706 1.0922 35.0711 -5.9521 0.0544
Cyclist -1 -1 -6.7485 505.8872 172.3428 533.2438 201.4510 1.7821 0.6727 1.5527 -5.5116 0.9941 44.7202 -6.8707 0.0543
Cyclist -1 -1 -6.6498 506.7287 174.3133 541.3987 207.1400 1.7281 0.6880 1.7140 -4.5184 1.1544 38.5463 -6.7661 0.0527
Cyclist -1 -1 -7.6041 506.9962 174.9528 521.4474 201.2385 1.6272 0.5249 1.6026 -5.9176 0.9920 45.3263 -7.7336 0.0525
Car -1 -1 -7.4636 214.2471 185.4571 397.6949 283.7817 1.4896 1.6151 3.8733 -5.2005 1.4947 12.8468 -7.8413 0.9664
Car -1 -1 -7.2772 0.0000 189.7378 218.0723 283.2925 1.4288 1.5403 3.6347 -8.8281 1.5221 12.9808 -7.8650 0.9148
Car -1 -1 -7.8644 574.9281 175.1436 614.3160 211.7090 1.5352 1.6550 3.5300 -0.6450 1.1125 31.9711 -7.8848 0.8894
Car -1 -1 -7.1730 0.0000 208.9600 238.9172 375.0000 1.4101 1.5100 3.5754 -4.3577 1.6384 5.1182 -7.8528 0.8765
Car -1 -1 -7.5886 353.6080 182.0535 414.5665 219.1319 1.3853 1.4980 3.2664 -8.8426 1.2673 28.5142 -7.8870 0.8484
Car -1 -1 -7.3700 168.2549 182.0102 284.6687 232.2146 1.4462 1.5844 3.9119 -11.9107 1.3541 22.6678 -7.8492 0.8327
Car -1 -1 -4.1952 0.0000 177.0391 50.7419 207.3838 1.4353 1.5993 3.4544 -29.7220 1.0487 35.8401 -4.8841 0.3101
Car -1 -1 -4.6563 271.6039 167.4505 309.0011 195.7603 1.4160 1.5763 4.1845 -16.8407 0.5276 38.1914 -5.0691 0.2787
Car -1 -1 -7.8051 501.8267 177.5322 533.0668 204.7382 1.4462 1.5552 3.5585 -5.0228 1.0379 40.0450 -7.9294 0.2777
Car -1 -1 -7.4574 275.5619 176.2633 381.9704 235.5980 1.6473 1.6183 3.9244 -8.4201 1.3989 21.9458 -7.8200 0.2035
Car -1 -1 -3.3664 0.0000 194.6444 81.6031 375.0000 1.4790 1.5885 3.9658 -7.8475 1.5991 7.0298 -4.1877 0.1552
Car -1 -1 -7.6501 748.7763 170.6266 805.9425 213.3746 1.6183 1.5786 3.5561 6.8905 1.0662 29.1595 -7.4206 0.1259
Car -1 -1 -4.5360 517.7014 174.2908 549.7551 198.6299 1.6929 1.6246 4.0555 -5.3419 0.9332 52.0815 -4.6381 0.1254
Car -1 -1 -7.8605 408.7951 180.2452 445.3121 213.0518 1.4345 1.5585 3.7829 -8.4563 1.2173 33.4587 -8.1065 0.1134
Car -1 -1 -7.9102 498.3290 177.3225 525.6968 200.7076 1.4445 1.5316 3.8760 -6.2471 0.9571 46.4524 -8.0435 0.0951
Car -1 -1 -6.3383 642.9482 181.2467 710.7266 205.0103 1.5134 1.7119 4.2917 4.4189 1.2608 46.7182 -6.2450 0.0923
Car -1 -1 -4.4860 380.5471 157.8698 410.1344 177.8065 1.6069 1.5641 4.0166 -18.1502 -0.6550 61.5164 -4.7718 0.0914
Car -1 -1 -7.7843 532.2564 170.7861 556.3242 198.5583 2.3713 1.8086 4.6366 -5.5992 1.1394 63.7128 -7.8720 0.0843
Car -1 -1 -4.2112 351.5783 161.8216 403.4101 186.0723 1.7338 1.6958 4.5860 -17.1809 0.0614 53.8065 -4.5190 0.0835
Car -1 -1 -7.7777 465.9021 174.6640 501.6417 204.0983 1.5373 1.6428 3.9335 -6.8081 0.9864 39.5801 -7.9473 0.0737
Car -1 -1 -4.4856 532.4228 176.9448 569.8745 200.6093 1.4855 1.5995 3.9792 -3.6957 0.9665 47.2108 -4.5637 0.0509
