Pedestrian -1 -1 -7.7481 677.8277 168.8552 696.9717 217.4374 1.8904 0.6790 0.7524 3.0180 1.7345 28.5147 -7.6444 0.1642
Pedestrian -1 -1 -7.4432 415.4146 175.4417 428.9954 203.1161 1.7714 0.6755 0.5744 -12.1560 1.9394 46.5841 -7.6974 0.1268
Pedestrian -1 -1 -3.9442 781.1269 154.4492 838.7542 266.2536 1.8854 0.6372 0.7411 3.4426 1.5747 12.6316 -3.6850 0.1223
Pedestrian -1 -1 -8.3307 653.7138 181.8915 671.1331 214.7388 1.5572 0.6411 0.5841 2.4871 1.9979 34.8181 -8.2607 0.0912
Pedestrian -1 -1 -3.0779 875.0787 145.9292 936.0427 301.6391 1.8610 0.6469 0.6791 3.6610 1.5389 9.0603 -2.7061 0.0837
Pedestrian -1 -1 -8.1755 469.2440 172.5893 485.1640 205.6126 1.8282 0.6551 0.8101 -7.4855 1.8132 40.4568 -8.3577 0.0809
Pedestrian -1 -1 -4.8686 762.0086 166.4152 798.4540 249.8226 1.8033 0.6687 0.7729 3.7140 1.6638 16.0077 -4.6456 0.0800
Cyclist -1 -1 -7.6163 377.1469 182.8462 400.6414 230.0765 1.6064 0.4415 1.5687 -7.9008 1.9726 25.6733 -7.9124 0.0796
Pedestrian -1 -1 -7.2923 771.8082 160.7589 809.2737 239.7532 1.8630 0.6698 0.5890 4.3169 1.5775 17.4622 -7.0546 0.0764
Cyclist -1 -1 -7.8079 651.4608 175.8182 658.5916 206.4704 1.6170 0.3186 1.5227 2.3982 1.7801 38.9872 -7.7475 0.0759
Pedestrian -1 -1 -7.3183 413.3491 174.4393 422.3318 207.1553 1.8025 0.4263 0.2232 -10.6727 1.8903 39.9342 -7.5782 0.0706
Pedestrian -1 -1 -7.7443 330.3896 165.8387 347.6378 206.7342 1.9412 0.7031 0.7012 -13.0590 1.6079 34.6758 -8.1022 0.0653
Pedestrian -1 -1 -6.0168 409.1254 171.1696 425.5016 212.4719 1.9465 0.6524 0.6025 -9.2062 1.8669 34.3334 -6.2773 0.0613
Car -1 -1 -6.7156 0.0000 193.6078 60.3747 374.0000 1.5160 1.5720 3.6619 -3.9967 1.6322 2.1422 -7.7416 0.0552
Pedestrian -1 -1 -3.6729 750.9214 166.7377 767.3282 219.7453 1.8743 0.4911 0.3764 5.2851 1.6577 25.8060 -3.4738 0.0551
Pedestrian -1 -1 -3.4992 953.9982 122.1389 1068.8834 339.4138 1.9228 0.6658 0.7442 3.6735 1.4737 6.7607 -3.0204 0.0545
Pedestrian -1 -1 -6.5368 477.9982 174.2384 492.4261 201.2468 1.7282 0.6006 0.7937 -8.1032 1.8183 46.6523 -6.7082 0.3044
Cyclist -1 -1 -4.3392 303.5430 179.0436 348.3313 254.3619 1.7256 0.4751 1.5385 -6.8887 1.8814 17.4274 -4.7110 0.0831
Cyclist -1 -1 -8.2546 631.9167 173.9777 647.5806 201.2090 1.6711 0.4052 1.5463 1.8194 1.7423 45.1387 -8.2151 0.0821
Cyclist -1 -1 -2.9456 293.0745 182.5495 363.7855 256.2438 1.7271 0.5526 1.5113 -6.8291 1.9663 17.4185 -3.3147 0.0622
Cyclist -1 -1 -4.1564 309.4704 180.7548 365.6862 256.3682 1.7259 0.5477 1.5219 -6.6077 1.9252 17.4360 -4.5142 0.0599
Cyclist -1 -1 -5.9419 277.1240 185.5491 357.6006 257.3914 1.6539 0.6669 1.6396 -6.9694 1.9610 17.1068 -6.3239 0.0502
Cyclist -1 -1 -8.0916 637.8312 174.6720 648.7952 200.9103 1.6081 0.3483 1.4555 2.0412 1.7232 45.0720 -8.0471 0.0500
Car -1 -1 -7.4636 91.9431 193.2597 380.9900 374.0000 1.4770 1.4794 3.2546 -3.6605 1.7386 7.6018 -7.8997 0.9878
Car -1 -1 -4.4801 356.1684 183.9111 488.2004 280.4346 1.5619 1.6012 3.8945 -3.5394 1.8073 14.0790 -4.7228 0.9441
Car -1 -1 -4.6178 477.9404 181.5515 529.0756 220.4496 1.4793 1.7443 4.2803 -4.4819 1.8741 30.5964 -4.7626 0.8781
Car -1 -1 -4.7877 528.0391 173.6135 552.7286 194.4354 1.5576 1.6096 4.0627 -5.4887 1.6187 56.2692 -4.8848 0.4838
Car -1 -1 -7.8812 503.9580 177.3297 535.3492 208.0707 1.5837 1.6052 3.8494 -5.0583 1.8427 39.7856 -8.0073 0.3035
Car -1 -1 -5.4705 178.4912 192.5047 356.8931 259.9551 1.4538 1.6203 4.1239 -8.5588 1.9829 17.9338 -5.9104 0.2129
Car -1 -1 -2.9978 398.0372 180.5102 481.6068 209.0558 1.4578 1.5953 4.1360 -9.0256 1.8746 38.3421 -3.2279 0.1535
Car -1 -1 -7.7376 467.5722 174.6712 497.4829 198.9567 1.5570 1.5629 3.6474 -8.5452 1.6833 48.4033 -7.9118 0.1235
Car -1 -1 -6.0774 636.7255 174.4289 707.8738 200.1390 1.5382 1.6401 4.1468 3.8356 1.6385 44.7172 -5.9928 0.1156
Car -1 -1 -4.7566 446.4686 179.3128 479.4029 207.3377 1.4837 1.6675 4.0073 -8.5015 1.8726 41.3346 -4.9586 0.1131
Car -1 -1 -4.8056 193.4130 194.0016 293.7304 275.5955 1.3773 1.5427 3.6549 -7.8259 1.8784 15.1508 -5.2757 0.0799
