Pedestrian -1 -1 -4.8734 500.6502 186.8042 513.6863 220.9260 1.2836 0.4302 0.4313 -3.9850 1.8229 27.6348 -5.0159 0.1550
Cyclist -1 -1 -5.0146 807.3189 173.3101 829.6826 210.7480 1.6643 0.5377 1.5415 9.4448 1.6852 32.8713 -4.7377 0.0957
Cyclist -1 -1 -8.6506 1100.5465 179.5396 1214.6602 280.1299 1.5208 0.4347 1.6433 8.8904 1.6383 11.8673 -8.0201 0.0946
Cyclist -1 -1 -6.5310 768.2663 173.6897 823.6877 222.4240 1.6762 0.6517 1.7636 6.4245 1.7054 25.1553 -6.2845 0.0928
Pedestrian -1 -1 -8.2395 454.6292 172.8855 468.6400 202.5056 1.7416 0.6080 0.6701 -8.8528 1.7432 42.8732 -8.4423 0.0909
Pedestrian -1 -1 -8.0333 863.9841 177.8213 881.6637 211.1078 1.6277 0.7047 0.7194 13.0019 1.8768 35.8191 -7.6883 0.0806
Pedestrian -1 -1 -7.8585 380.0624 176.7330 395.5595 214.2005 1.7264 0.6865 0.6788 -10.4385 1.9099 33.7616 -8.1565 0.0806
Cyclist -1 -1 -8.0246 412.4035 180.7909 428.6067 217.9963 1.5911 0.4459 1.4973 -8.4429 1.9509 31.9603 -8.2813 0.0780
Cyclist -1 -1 -4.2567 482.8474 175.6794 500.1305 202.7802 1.6060 0.4176 1.4966 -7.2047 1.7798 43.6967 -4.4195 0.0746
Pedestrian -1 -1 -5.2458 330.8403 174.0719 356.5279 225.6473 1.7900 0.6009 0.6584 -9.4596 1.8335 25.5041 -5.5980 0.0657
Car -1 -1 -7.5312 220.5831 178.3563 286.9852 213.1769 1.4085 1.5396 3.6041 -15.5910 1.6641 31.6697 -7.9856 0.0657
Cyclist -1 -1 -8.6530 1007.8279 157.8736 1063.5701 213.1310 1.6775 0.4446 1.6703 13.3563 1.2224 22.7687 -8.1284 0.0629
Pedestrian -1 -1 -5.5764 1098.4749 153.0952 1142.4409 228.8071 1.8969 0.5668 0.7254 13.0292 1.4016 18.5008 -4.9707 0.0624
Pedestrian -1 -1 -7.9000 1201.1074 142.3918 1235.7915 221.6812 1.9473 0.6246 0.8205 15.3147 1.1989 18.2363 -7.2096 0.0621
Car -1 -1 -4.4794 563.7819 172.5347 590.9289 189.5919 1.5495 1.6397 4.1224 -3.0496 1.5202 67.7221 -4.5245 0.0583
Pedestrian -1 -1 -2.0494 68.8185 169.5705 115.3084 252.8380 1.7692 0.5697 0.6959 -11.3506 1.6992 15.7435 -2.6662 0.0574
Pedestrian -1 -1 -5.6853 49.2724 160.3374 117.9894 289.0814 1.8606 0.5533 0.6195 -7.8560 1.6794 10.7111 -6.3065 0.0574
Pedestrian -1 -1 -8.3006 411.9224 172.1012 436.2107 220.7403 1.7737 0.6597 0.6429 -6.9449 1.7460 26.7705 -8.5525 0.0569
Pedestrian -1 -1 -3.2115 467.6318 169.3862 475.8530 192.4606 1.7773 0.6152 0.5844 -10.7499 1.5099 55.9490 -3.4007 0.0561
Car -1 -1 -5.4499 846.4153 173.6580 945.4242 214.0161 1.5105 1.5649 3.7802 11.3978 1.5449 29.1315 -5.0809 0.0542
Cyclist -1 -1 -8.3284 897.7148 160.4603 959.1101 240.0359 1.7390 0.5813 1.6680 7.2479 1.4678 16.6203 -7.9242 0.0537
Pedestrian -1 -1 -4.5549 178.1846 172.6227 207.2751 240.6863 1.7551 0.5550 0.7295 -11.0558 1.7489 19.0455 -5.0751 0.0533
Car -1 -1 -4.8950 518.3181 174.6661 550.2661 197.5421 1.6713 1.7016 4.1625 -5.8703 1.8155 55.3065 -5.0006 0.0527
Pedestrian -1 -1 -8.2236 905.3711 165.2906 930.2721 215.7162 1.7091 0.5916 0.6428 10.5208 1.4524 24.7843 -7.8269 0.0525
Car -1 -1 -5.2186 551.3046 177.4554 611.6720 206.2450 1.5395 1.6408 4.1780 -1.7335 1.8180 41.5016 -5.2606 0.0522
Car -1 -1 -4.1396 811.3303 169.4397 918.8228 222.0956 1.5910 1.5777 3.6792 8.3175 1.4875 23.5553 -3.8046 0.0515
Cyclist -1 -1 -7.4526 255.0648 175.0082 296.2505 243.7892 1.6706 0.3999 1.4761 -8.5165 1.7272 18.3150 -7.8827 0.0511
Car -1 -1 -8.0293 802.7811 170.3831 839.3499 195.9527 1.5911 1.6111 3.9014 13.6412 1.4370 46.9231 -7.7484 0.0510
Cyclist -1 -1 -8.1318 419.3948 170.9099 439.3220 205.4904 1.7036 0.5363 1.6737 -9.1622 1.6075 36.4046 -8.3770 0.0508
Cyclist -1 -1 -8.0374 852.7135 170.4429 865.7740 200.7054 1.6202 0.3885 1.5699 13.5764 1.4908 39.4339 -7.7085 0.1722
Pedestrian -1 -1 -8.7499 690.0478 179.7964 713.9049 221.7344 1.5182 0.6048 0.6382 3.3580 1.7790 26.7047 -8.6268 0.1333
Pedestrian -1 -1 -5.4857 1102.6067 158.4831 1143.9760 230.1466 1.7902 0.5523 0.6630 13.0284 1.4309 18.3970 -4.8775 0.1068
Pedestrian -1 -1 -7.7242 1041.3396 160.8543 1067.7679 222.7446 1.7777 0.5677 0.8111 13.0270 1.4327 21.2192 -7.1802 0.1052
Cyclist -1 -1 -4.2137 440.4814 175.5572 475.0134 224.2994 1.7230 0.5931 1.4962 -5.6008 1.8246 26.3962 -4.4213 0.1038
Pedestrian -1 -1 -7.3228 861.0834 174.2718 880.9525 209.5195 1.7321 0.6897 0.6668 12.9726 1.8034 35.9734 -6.9799 0.0908
Pedestrian -1 -1 -8.1641 236.4592 169.5031 255.1780 213.0199 1.7640 0.6060 0.3557 -14.9764 1.6278 29.5870 -8.6294 0.0880
Cyclist -1 -1 -3.3926 493.8223 174.3097 535.0569 221.2312 1.7657 0.5698 1.4753 -3.7168 1.8224 27.7253 -3.5252 0.0869
Pedestrian -1 -1 -5.2828 1097.9880 152.2671 1149.7808 240.3346 1.8759 0.6127 0.7434 11.1523 1.4371 15.7518 -4.6760 0.0792
Pedestrian -1 -1 -5.1990 249.0550 165.9755 264.9654 214.5124 1.8925 0.4956 0.2671 -13.9437 1.6240 28.4130 -5.6518 0.0758
Pedestrian -1 -1 -3.9107 1028.8945 154.5028 1072.4215 235.2160 1.8762 0.6449 0.6041 10.4181 1.4493 17.1555 -3.3731 0.0713
Cyclist -1 -1 -8.2956 843.9562 169.3075 864.4559 200.5094 1.6808 0.4203 1.5968 13.3828 1.4894 39.6854 -7.9730 0.0708
Cyclist -1 -1 -6.8334 852.4093 174.0426 889.8569 210.4618 1.7789 0.6560 1.6466 12.8997 1.8383 35.7655 -6.4904 0.0610
Cyclist -1 -1 -8.6231 839.8423 177.5355 877.8377 219.1330 1.5458 0.4251 1.5414 9.5188 1.7309 27.7781 -8.2968 0.0574
Cyclist -1 -1 -4.8541 879.6544 168.3163 897.0615 208.0430 1.6376 0.4570 1.6067 11.7427 1.4503 30.5773 -4.4911 0.0539
Cyclist -1 -1 -8.2351 1025.1484 166.1007 1065.9983 224.7397 1.6544 0.4033 1.7233 12.7473 1.4635 21.2391 -7.7011 0.0524
Cyclist -1 -1 -8.7477 831.6621 176.9317 870.9988 219.8493 1.6003 0.4608 1.4680 9.2348 1.7612 27.7856 -8.4306 0.0513
Cyclist -1 -1 -7.2246 498.2818 175.6889 534.1826 221.3425 1.7223 0.5261 1.6409 -3.6911 1.8360 28.1708 -7.3543 0.0500
Car -1 -1 -4.6063 557.6703 180.2902 600.2664 212.7968 1.4048 1.5857 4.2506 -1.4572 1.7809 34.3465 -4.6489 0.9580
Car -1 -1 -5.3166 731.8061 175.0372 781.0698 197.1711 1.5632 1.6210 3.9390 10.7795 1.7313 53.5090 -5.1193 0.1159
Car -1 -1 -2.6707 246.6457 169.6339 361.9792 207.7429 1.5666 1.6560 4.2199 -12.9713 1.4339 30.6412 -3.0683 0.1154
Car -1 -1 -8.0538 820.0934 177.4203 866.0901 207.3410 1.4542 1.5620 3.6679 12.0327 1.7036 37.5571 -7.7465 0.0871
Car -1 -1 -5.7339 860.2548 167.8695 982.5125 210.2958 1.5354 1.6482 4.1393 12.0550 1.3547 28.2735 -5.3351 0.0747
Car -1 -1 -4.9570 937.0411 174.3748 1030.7700 229.8957 1.4938 1.5563 3.8564 10.9992 1.5433 21.5772 -4.4916 0.0711
Car -1 -1 -6.3312 822.7327 169.4478 890.4557 199.1494 1.6562 1.6210 3.6046 14.0885 1.4660 41.5056 -6.0065 0.0676
