Pedestrian -1 -1 -7.5637 499.0105 180.4633 517.6594 218.2286 1.4223 0.5685 0.5695 -3.9351 1.7168 27.6287 -7.7044 0.1084
Pedestrian -1 -1 -7.3211 348.1586 180.4995 367.0797 213.9715 1.5281 0.6043 0.6057 -11.7418 1.8861 33.4586 -7.6565 0.1064
Pedestrian -1 -1 -7.4363 757.9294 175.1786 779.5121 218.1506 1.5104 0.5764 0.5629 5.6299 1.5945 25.8005 -7.2245 0.0863
Cyclist -1 -1 -4.4943 684.5279 171.3474 705.3231 218.2122 1.6683 0.4527 1.4816 3.0773 1.6144 26.4592 -4.3804 0.0861
Pedestrian -1 -1 -5.8620 877.0774 157.8356 908.6381 217.3083 1.8979 0.5688 0.7955 9.1659 1.4183 23.5078 -5.4949 0.0759
Pedestrian -1 -1 -6.9608 1080.2186 154.0345 1116.2229 219.7855 1.7574 0.6360 0.5271 13.2224 1.2541 19.6263 -6.3752 0.0740
Car -1 -1 -7.9806 643.5363 171.4964 682.4702 200.5570 1.4779 1.6315 3.4832 2.7422 1.4085 38.4781 -7.9105 0.0728
Car -1 -1 -4.6918 191.4020 169.0251 213.5782 188.4907 1.7544 1.7081 4.3881 -38.0342 1.4090 67.3698 -5.2042 0.0716
Pedestrian -1 -1 -7.9719 799.8944 158.0612 815.0529 195.6179 1.9247 0.6882 0.6011 10.1722 1.1663 37.3249 -7.7081 0.0682
Pedestrian -1 -1 -3.6564 899.8275 147.8274 960.8412 262.3535 1.7521 0.4727 0.7363 4.9597 1.3689 11.3143 -3.2535 0.0678
Car -1 -1 -4.6232 52.0242 179.7353 143.1954 238.5374 1.3945 1.6450 4.1796 -14.0084 1.6047 19.8536 -5.2315 0.0664
Car -1 -1 -7.3397 1057.1422 158.2137 1241.0000 374.0000 1.4809 1.6716 4.3461 4.3304 1.4444 2.8686 -6.4005 0.0656
Car -1 -1 -4.7327 683.2521 170.2224 716.2524 200.9299 1.5261 1.6247 3.7289 4.6179 1.3950 37.7945 -4.6125 0.0636
Car -1 -1 -7.4402 1241.0000 123.8908 1241.0000 354.3330 1.4657 1.5989 4.1860 8.1563 1.1540 5.8479 -6.5149 0.0615
Pedestrian -1 -1 -7.8206 789.9704 161.5945 803.3948 196.3488 1.8257 0.6710 0.6441 9.8740 1.2339 38.3056 -7.5705 0.0557
Car -1 -1 -3.0409 734.9563 169.8862 781.8298 191.0034 1.5923 1.6951 3.3949 11.4413 1.3682 55.7205 -2.8397 0.0556
Pedestrian -1 -1 -7.5094 798.8913 167.7887 811.2068 198.8731 1.6916 0.5465 0.4104 10.6642 1.4156 39.5900 -7.2485 0.0532
Pedestrian -1 -1 -5.8932 122.3879 171.2287 145.5777 207.5877 1.8635 0.6278 0.8255 -24.6857 1.7799 37.3679 -6.4739 0.1874
Cyclist -1 -1 -7.9602 686.0504 168.2956 696.6853 195.9200 1.6924 0.4832 1.6495 5.0373 1.4128 45.0299 -7.8499 0.1477
Cyclist -1 -1 -4.3544 122.8119 175.0945 148.9286 208.7552 1.6993 0.5301 1.8110 -24.6594 1.8184 37.4931 -4.9331 0.1197
Pedestrian -1 -1 -7.7796 961.2025 166.4947 980.4177 213.9215 1.7745 0.6184 0.5152 13.6447 1.5363 27.3755 -7.3220 0.1129
Pedestrian -1 -1 -4.0285 632.3284 163.8352 651.8649 199.5325 1.8073 0.6144 0.8331 1.6098 1.3504 37.0451 -3.9858 0.1123
Pedestrian -1 -1 -5.8451 1157.8298 135.2752 1227.1143 244.1494 1.7858 0.5391 0.7647 9.8625 1.1691 12.2979 -5.1810 0.1089
Cyclist -1 -1 -3.5253 958.8434 163.5157 1009.4200 211.6712 1.7985 0.6644 1.5664 14.1211 1.4495 27.3482 -3.0535 0.1036
Pedestrian -1 -1 -6.3693 645.8570 163.6375 659.7266 200.4537 1.8584 0.6455 0.6506 2.1370 1.3929 36.7540 -6.3121 0.1012
Cyclist -1 -1 -7.7247 964.7359 165.3895 992.7504 230.0603 1.6518 0.4757 1.5997 9.7848 1.4608 19.2249 -7.2606 0.0936
Pedestrian -1 -1 -7.1082 138.8425 173.9267 158.9730 206.3925 1.7303 0.6888 0.6003 -24.8525 1.7883 38.8353 -7.6746 0.0883
Pedestrian -1 -1 -4.7189 154.4158 171.3472 169.0602 204.8762 1.8176 0.6776 0.7623 -24.6505 1.7356 39.6166 -5.2727 0.0848
Pedestrian -1 -1 -4.2736 1167.7428 131.8116 1240.6003 255.8692 1.7896 0.6012 0.7233 8.8643 1.1973 10.8386 -3.6015 0.0846
Pedestrian -1 -1 -6.4533 959.1121 166.7957 988.5796 230.3818 1.6391 0.5148 0.6080 9.4898 1.4827 18.9330 -5.9954 0.0841
Cyclist -1 -1 -8.0681 952.3055 161.9881 985.5939 230.1058 1.7414 0.4529 1.5950 9.5187 1.4633 19.2737 -7.6159 0.0830
Pedestrian -1 -1 -6.6493 1187.9152 134.0847 1241.0000 266.3396 1.7617 0.5597 0.7021 8.4898 1.2450 9.9880 -5.9595 0.0810
Pedestrian -1 -1 -4.4093 1126.8248 150.0728 1178.8462 248.5021 1.6106 0.5477 0.6279 9.1324 1.2375 12.2131 -3.7791 0.0807
Pedestrian -1 -1 -7.6775 677.0195 165.2618 692.4336 202.0894 1.8422 0.6738 0.6470 3.7421 1.4621 36.4956 -7.5766 0.0730
Cyclist -1 -1 -7.9228 690.0500 167.8672 701.3863 196.0038 1.7098 0.5786 1.6838 5.2688 1.4064 44.7005 -7.8066 0.0724
Cyclist -1 -1 -6.8301 946.5302 165.4777 993.6661 213.2006 1.8022 0.6102 1.5204 13.7313 1.5233 27.6199 -6.3734 0.0708
Pedestrian -1 -1 -6.5368 1187.9031 137.1854 1241.0000 261.9647 1.7215 0.5767 0.6907 8.7610 1.2291 10.3613 -5.8490 0.0706
Cyclist -1 -1 -5.0884 857.6780 169.8629 885.0575 210.1892 1.6784 0.5342 1.6235 11.1169 1.5536 30.8512 -4.7460 0.0662
Pedestrian -1 -1 -6.1675 902.7108 159.4403 930.0227 224.9967 1.8028 0.5902 0.6460 8.5533 1.4336 20.2571 -5.7736 0.0620
Cyclist -1 -1 -8.3256 946.3339 167.8490 982.2907 213.7910 1.7017 0.5615 1.5908 13.4525 1.5160 27.5277 -7.8757 0.0600
Pedestrian -1 -1 -3.9188 659.4718 162.9389 680.7233 199.2564 1.8225 0.6576 0.8662 3.0207 1.3247 36.7389 -3.8378 0.0592
Pedestrian -1 -1 -4.6453 676.7017 166.5794 689.9364 200.7975 1.7313 0.6283 0.7250 3.7144 1.4135 36.9157 -4.5462 0.0588
Cyclist -1 -1 -4.6475 150.5329 176.3473 162.0773 206.3169 1.6170 0.4364 1.5821 -25.1305 1.8138 39.9165 -5.2066 0.0577
Cyclist -1 -1 -4.7501 968.2661 168.1124 984.4545 212.7018 1.6565 0.4861 1.4848 13.9505 1.4800 27.5816 -4.2865 0.0577
Pedestrian -1 -1 -3.6129 1027.3254 154.0688 1077.7151 234.9499 1.7028 0.4883 0.7829 9.4197 1.3070 15.4604 -3.0745 0.0574
Cyclist -1 -1 -6.5499 849.6641 166.7752 893.7148 209.8503 1.8166 0.6763 1.6478 11.1255 1.5599 30.8288 -6.2071 0.0571
Pedestrian -1 -1 -4.2630 1089.1351 155.9716 1136.3309 249.2010 1.6115 0.4903 0.5784 8.8826 1.3194 12.8297 -3.6685 0.0564
Pedestrian -1 -1 -4.0253 1098.5752 156.2019 1150.7786 251.9877 1.6256 0.5042 0.5545 8.9014 1.3427 12.5639 -3.4203 0.0557
Pedestrian -1 -1 -3.5601 948.3480 162.8358 991.9475 230.1774 1.7082 0.5579 0.8502 9.2224 1.4538 18.5962 -3.1065 0.0531
Pedestrian -1 -1 -3.5002 1010.6646 157.8537 1058.9471 236.2810 1.6738 0.5212 0.7696 9.1908 1.3533 15.7181 -2.9797 0.0529
Cyclist -1 -1 -7.9212 969.6049 163.1260 997.3737 230.0180 1.6258 0.4991 1.7006 9.4655 1.3891 18.4173 -7.4534 0.0527
Car -1 -1 -4.2122 176.2057 179.9714 251.5417 214.6095 1.5507 1.5885 3.7450 -19.1294 1.9136 34.9474 -4.7101 0.9202
Car -1 -1 -4.2447 238.7901 180.3656 308.5708 208.2402 1.4341 1.7105 4.4910 -18.8652 1.8804 40.6229 -4.6772 0.8717
Car -1 -1 -4.2076 300.6210 178.2966 354.9354 202.5738 1.5109 1.6875 3.8743 -18.6807 1.8869 47.8493 -4.5782 0.7681
Car -1 -1 -4.3487 371.6398 175.2056 406.7953 193.7360 1.4502 1.4944 3.7832 -18.0034 1.6482 58.8974 -4.6444 0.5113
Car -1 -1 -7.8619 685.3569 170.2783 711.3734 195.8588 1.5671 1.5851 3.7730 5.5977 1.4090 46.1657 -7.7423 0.1758
Car -1 -1 -4.6083 347.7173 176.6239 375.4108 198.6184 1.5483 1.5468 3.8746 -18.4319 1.8387 53.5616 -4.9385 0.1651
Car -1 -1 -4.2559 162.8425 180.3407 229.7933 208.4927 1.4626 1.6429 4.0622 -23.2577 1.9058 40.6687 -4.7728 0.0911
Car -1 -1 -4.7421 376.4093 177.0915 401.8739 199.1013 1.4823 1.6202 4.0840 -15.8643 1.7981 51.6316 -5.0390 0.0741
Car -1 -1 -6.6329 818.8052 175.1033 931.0598 211.0333 1.4460 1.5800 4.0761 10.8875 1.5415 29.9369 -6.2877 0.0619
Car -1 -1 -4.4038 271.4297 180.4945 328.2430 210.6364 1.4307 1.6423 3.6644 -15.9188 1.8436 37.1144 -4.8067 0.0606
Car -1 -1 -4.4861 106.6198 179.2949 160.1597 208.7844 1.4700 1.6022 3.7262 -25.6445 1.8349 38.8786 -5.0662 0.0597
Car -1 -1 -3.0878 696.5751 172.3452 751.0760 194.7442 1.5102 1.6121 3.6380 7.8422 1.4756 49.8143 -2.9329 0.0524
Car -1 -1 -4.8634 319.2175 177.3342 352.3043 199.3432 1.5108 1.6557 4.1108 -20.0611 1.8508 52.6194 -5.2263 0.0508
