Pedestrian -1 -1 -4.6561 1179.3191 169.9529 1223.0000 271.2292 1.6552 0.5836 0.7086 10.1133 1.4832 12.0142 -3.9679 0.1252
Pedestrian -1 -1 -4.3454 71.0437 164.3292 122.9617 262.1862 1.7605 0.5585 0.7175 -9.4701 1.4699 13.1357 -4.9567 0.0892
Pedestrian -1 -1 -2.5745 273.9095 202.1493 315.0651 284.4329 1.1347 0.2929 0.4472 -4.4517 1.4476 10.0262 -2.9789 0.0794
Pedestrian -1 -1 -4.6721 677.7499 170.4587 708.3472 252.2645 1.6359 0.5990 0.7398 1.7732 1.4355 14.5523 -4.5517 0.0771
Pedestrian -1 -1 -8.1279 249.1328 168.0259 294.1970 255.6018 1.6362 0.5979 0.8114 -6.5154 1.4035 13.7128 -8.5607 0.0743
Pedestrian -1 -1 -4.2374 747.7019 171.3664 792.0013 255.8740 1.6415 0.5534 0.8296 3.2758 1.4644 14.2295 -4.0144 0.0685
Pedestrian -1 -1 -8.6189 668.4937 161.4257 710.4044 233.4378 1.7784 0.6119 0.8910 2.1036 1.3077 18.0010 -8.5028 0.0643
Pedestrian -1 -1 -4.1442 395.0193 166.1574 441.1054 248.8365 1.7161 0.5986 0.8365 -4.0449 1.4188 15.1663 -4.3978 0.0577
Pedestrian -1 -1 -4.9526 338.8787 190.9383 378.8231 284.7187 1.3145 0.4424 0.5193 -3.6480 1.4722 10.3233 -5.2809 0.0570
Pedestrian -1 -1 -8.3038 775.4139 166.4279 809.1109 233.9155 1.6530 0.5711 0.6876 4.6423 1.3086 17.7107 -8.0501 0.0567
Cyclist -1 -1 -8.0179 700.0384 166.6391 721.6044 211.6756 1.6676 0.5545 1.6111 3.9977 1.1546 26.9907 -7.8708 0.0563
Pedestrian -1 -1 -6.9308 706.4913 163.4242 748.7061 233.3121 1.7332 0.5425 0.9168 3.0766 1.3101 17.9868 -6.7626 0.0561
Cyclist -1 -1 -6.9779 1161.6433 154.9291 1223.0000 222.9361 1.7346 0.6665 1.7029 15.5340 1.0827 18.3678 -6.2828 0.0551
Pedestrian -1 -1 -7.7210 38.5663 167.3376 78.0601 255.8376 1.7520 0.5376 0.7511 -11.2107 1.4918 14.4564 -8.3682 0.0513
Pedestrian -1 -1 -4.9768 776.3610 166.1257 822.5958 266.2688 1.6888 0.5871 0.7774 3.3255 1.4467 12.3135 -4.7177 0.0507
Pedestrian -1 -1 -6.8096 816.5875 142.3789 942.1213 328.4224 1.8358 0.6396 1.0408 2.7900 1.4600 7.3833 -6.4604 0.9081
Pedestrian -1 -1 -4.2072 1022.9589 153.6805 1097.6437 292.1378 1.7588 0.5266 0.7896 6.0015 1.4186 9.4045 -3.6527 0.7524
Cyclist -1 -1 -8.1480 833.3369 164.1432 869.5310 233.8593 1.6927 0.4480 1.4717 6.1819 1.2959 17.9100 -7.8194 0.2369
Cyclist -1 -1 -6.3047 660.3986 143.4498 692.0174 175.6744 1.7944 0.6473 1.7604 3.9950 -0.2748 39.8826 -6.2035 0.1270
Pedestrian -1 -1 -3.6789 1000.6190 170.9304 1049.9438 269.7110 1.6607 0.4849 0.5555 7.1551 1.5002 12.1336 -3.1559 0.1189
Cyclist -1 -1 -7.8330 508.0915 161.7534 544.7731 263.3965 1.7448 0.6275 1.7813 -1.4776 1.4234 13.0519 -7.9413 0.1072
Pedestrian -1 -1 -7.8682 526.8649 161.6136 558.6935 260.1566 1.7371 0.5603 0.8890 -1.1925 1.4045 12.9343 -7.9561 0.1061
Cyclist -1 -1 -7.9185 962.4200 169.9305 1009.3124 280.3478 1.6004 0.5042 1.8649 5.9530 1.4476 11.2032 -7.4401 0.1046
Pedestrian -1 -1 -6.6173 996.8825 166.6870 1048.1884 271.9519 1.7190 0.5275 0.5962 6.9433 1.4938 11.8605 -6.0977 0.0958
Pedestrian -1 -1 -5.2595 979.0230 205.9705 1084.3263 369.0000 1.3066 0.4278 0.5926 3.1561 1.5112 5.3612 -4.7509 0.0926
Pedestrian -1 -1 -5.0776 819.8138 178.3519 857.4089 255.2047 1.4786 0.4778 0.7114 4.5605 1.4376 13.9714 -4.7671 0.0876
Pedestrian -1 -1 -8.3787 545.4842 160.8519 582.0989 235.5140 1.8135 0.6127 0.7635 -1.0750 1.3366 17.6616 -8.4366 0.0823
Pedestrian -1 -1 -6.0185 1109.9519 149.7829 1178.0598 267.3397 1.8493 0.5971 0.7650 8.7941 1.3665 11.6082 -5.3817 0.0814
Cyclist -1 -1 -8.3232 823.2808 165.1355 871.3588 236.0969 1.6886 0.4614 1.5758 5.9776 1.3233 17.6377 -8.0002 0.0791
Pedestrian -1 -1 -4.6976 1089.1244 152.6258 1131.7898 267.8432 1.8098 0.5528 0.6994 8.2033 1.3724 11.5517 -4.0913 0.0774
Pedestrian -1 -1 -4.9177 1099.1050 155.8642 1152.7653 269.6059 1.7978 0.5731 0.6808 8.4828 1.4088 11.6029 -4.2978 0.0731
Pedestrian -1 -1 -4.7862 885.0056 155.8951 927.5421 264.3723 1.7516 0.5929 0.7567 4.9944 1.3547 11.8688 -4.3957 0.0721
Pedestrian -1 -1 -7.9188 610.2496 162.7803 637.3353 235.7530 1.7866 0.6259 0.8031 0.4219 1.3531 17.7243 -7.8937 0.0721
Cyclist -1 -1 -4.7806 663.7929 143.5909 674.9031 174.4803 1.6933 0.5087 1.7188 3.6172 -0.3475 39.9610 -4.6889 0.0690
Cyclist -1 -1 -8.1374 844.2874 163.3055 882.8017 233.4578 1.6837 0.4750 1.5781 6.4349 1.2713 17.7713 -7.7940 0.0640
Cyclist -1 -1 -3.5391 816.2279 166.4568 888.0054 233.3634 1.6483 0.6320 1.5830 6.1622 1.3027 17.7882 -3.2095 0.0628
Cyclist -1 -1 -4.2101 953.7957 159.4741 1056.7249 273.9760 1.7523 0.6025 1.9955 6.5427 1.4309 11.6091 -3.7069 0.0621
Pedestrian -1 -1 -8.4800 945.5468 165.3203 999.4171 269.5463 1.6574 0.5539 0.5645 5.9527 1.4164 11.5660 -8.0141 0.0617
Pedestrian -1 -1 -4.0854 1053.7756 149.4441 1119.4368 266.9672 1.8532 0.5716 0.7272 7.8076 1.3639 11.5449 -3.5018 0.0594
Cyclist -1 -1 -4.7107 670.3611 144.3218 679.4091 176.0402 1.7414 0.4977 1.6678 3.9333 -0.2570 39.9144 -4.6112 0.0594
Pedestrian -1 -1 -6.7918 818.4133 168.7247 854.4958 231.9090 1.5998 0.5307 0.7153 5.9226 1.3020 18.2325 -6.4811 0.0582
Pedestrian -1 -1 -4.2825 486.6524 168.9476 534.0527 263.0466 1.6563 0.5925 0.7633 -1.7651 1.4533 12.8970 -4.4135 0.0565
Pedestrian -1 -1 -5.6409 616.5513 166.0271 654.4804 235.5507 1.7207 0.5041 0.8243 0.7318 1.3629 17.9556 -5.5991 0.0558
Pedestrian -1 -1 -6.4241 572.2888 165.1743 618.4821 248.4269 1.6975 0.5076 0.8994 -0.2519 1.3854 14.7373 -6.4390 0.0555
Pedestrian -1 -1 -4.6816 867.1389 154.3966 906.2382 264.8308 1.7884 0.5940 0.7237 4.6956 1.3661 11.8990 -4.3130 0.0516
Pedestrian -1 -1 -3.7535 1103.3287 197.7370 1223.0000 369.0000 1.4459 0.5123 0.5508 3.3757 1.5558 4.2289 -3.1137 0.0511
Car -1 -1 -7.9428 662.2521 146.8235 696.3870 175.4765 1.5686 1.6488 3.7635 4.2809 -0.3066 41.2680 -7.8382 0.1691
Car -1 -1 -7.7103 692.1412 145.1003 730.5549 173.6868 1.5106 1.6311 3.8951 6.1186 -0.4101 40.4661 -7.5593 0.0538
