Car -1 -1 -7.4506 115.7207 190.0124 417.6715 366.3146 1.3569 1.4997 3.4348 -3.1486 1.4659 7.4186 -7.8455 0.9784
Pedestrian -1 -1 -3.6752 673.3475 167.9546 710.9862 242.4003 1.5691 0.5903 0.5859 1.9181 1.2841 15.5287 -3.5597 0.2755
Pedestrian -1 -1 -3.4348 126.3262 181.7873 164.8100 248.5202 1.4335 0.4634 0.6077 -10.0735 1.4405 15.8153 -3.9997 0.2180
Pedestrian -1 -1 -7.1450 961.0350 150.3968 1004.4319 219.9968 1.8278 0.5758 0.9166 10.2100 1.0115 19.3039 -6.6692 0.1647
Pedestrian -1 -1 -3.6499 982.7333 156.6545 993.8813 204.6507 1.8258 0.4291 0.1880 14.8102 0.8810 27.5428 -3.1655 0.1107
Pedestrian -1 -1 -3.2830 294.3858 166.0030 310.5224 193.6427 1.8820 0.5262 0.9586 -20.5442 0.8268 49.3841 -3.6802 0.1061
Pedestrian -1 -1 -4.8105 1182.5201 140.8012 1234.7471 250.3829 1.7842 0.6016 0.6449 10.1941 1.1222 12.1311 -4.1274 0.0966
Car -1 -1 -5.0241 468.5430 169.3859 498.2146 186.5544 1.5694 1.5969 3.9975 -11.1357 0.4617 67.8044 -5.1911 0.0858
Pedestrian -1 -1 -4.8470 1115.5767 142.7579 1145.8374 207.6783 1.8976 0.6349 0.6710 15.7588 0.7657 21.4425 -4.2241 0.0830
Pedestrian -1 -1 -4.7630 808.6816 150.3688 855.4862 275.3637 1.7841 0.6116 0.7662 3.3743 1.3404 10.6985 -4.4699 0.0794
Pedestrian -1 -1 -7.7539 0.0000 169.9798 22.3075 222.4621 1.8605 0.5934 0.5063 -21.2656 1.4525 25.8408 -8.4425 0.0782
Car -1 -1 -7.3956 179.6046 167.5490 226.3127 188.8842 1.7223 1.7225 4.2643 -33.2755 0.5959 60.1594 -7.9038 0.0780
Pedestrian -1 -1 -7.6504 496.6155 170.2933 519.6133 221.5360 1.6140 0.6126 0.6569 -3.0083 1.2615 22.9745 -7.7843 0.0757
Pedestrian -1 -1 -8.1345 975.9131 157.7600 990.3109 188.9976 1.6895 0.5883 0.4496 20.7832 0.4057 39.1296 -7.6539 0.0726
Cyclist -1 -1 -8.4530 736.3865 156.7319 756.4101 184.5546 1.7652 0.3852 1.6694 9.3632 0.1939 46.4173 -8.2598 0.0707
Cyclist -1 -1 -6.8394 983.1349 152.0449 1021.1028 186.0743 1.7762 0.6343 1.6658 21.1027 0.2390 37.8575 -6.3386 0.0693
Car -1 -1 -7.7069 302.9951 162.0109 334.1482 189.0058 2.0295 1.7003 4.0941 -22.0600 0.5642 56.1926 -8.0843 0.0682
Cyclist -1 -1 -7.2086 1089.7640 154.0959 1131.7067 197.8759 1.8430 0.6762 1.5541 21.8207 0.6897 30.8040 -6.6012 0.0658
Pedestrian -1 -1 -6.8195 746.2123 150.7352 809.9396 280.6490 1.8113 0.6318 0.6641 2.5062 1.3830 10.4179 -6.5947 0.0649
Pedestrian -1 -1 -5.3583 1048.8621 154.4455 1100.6338 238.4799 1.6602 0.5364 0.7379 9.5542 1.1263 14.5809 -4.7916 0.0641
Car -1 -1 -5.1981 1145.3119 134.1172 1215.4033 164.5786 1.6950 1.6998 3.9427 35.6766 -1.0950 44.3914 -4.5287 0.0634
Pedestrian -1 -1 -4.2693 1115.0575 153.5797 1157.6556 231.0246 1.7528 0.6250 0.5379 12.3651 1.1214 16.6612 -3.6434 0.0630
Pedestrian -1 -1 -4.2883 867.5870 143.5438 883.1603 174.4120 1.8236 0.6848 0.6096 16.4386 -0.4298 43.1048 -3.9307 0.0606
Car -1 -1 -6.5898 0.0000 194.7653 0.0000 373.0000 1.5356 1.5963 3.7471 -4.3714 1.6121 2.1091 -7.6694 0.0581
Pedestrian -1 -1 -3.2134 51.1017 182.1705 66.8942 231.0215 1.6279 0.5934 0.3840 -18.3745 1.6513 24.2962 -3.8609 0.0579
Car -1 -1 -5.7276 394.8038 170.2645 459.9940 195.3390 1.4755 1.5472 3.5597 -10.5428 0.8145 43.5562 -5.9686 0.0572
Car -1 -1 -7.4402 21.4959 168.5330 88.9448 197.3770 1.5955 1.6565 4.0290 -31.7505 0.8784 41.8872 -8.0906 0.0572
Pedestrian -1 -1 -7.4054 834.1683 161.9716 851.7488 203.5420 1.7148 0.6010 0.3549 10.0566 0.9096 29.9676 -7.0893 0.0566
Cyclist -1 -1 -4.4068 154.6056 180.5618 192.5987 243.2270 1.5407 0.4201 1.4550 -10.9845 1.5182 18.4177 -4.9436 0.0544
Pedestrian -1 -1 -7.8754 970.0333 159.6780 985.7620 204.3826 1.8215 0.5624 0.3275 15.4585 0.9327 29.5384 -7.4019 0.0530
Pedestrian -1 -1 -8.3967 1185.6614 145.6459 1236.3525 231.8842 1.7612 0.5615 0.6251 12.6938 1.0296 15.0204 -7.7087 0.0511
Car -1 -1 -4.8906 1122.3668 136.3657 1170.9213 165.2823 1.6051 1.6740 4.0107 33.6860 -1.0530 44.4756 -4.2499 0.0511
Cyclist -1 -1 -8.0986 567.6332 168.1966 582.8371 195.7829 1.6068 0.5156 1.6253 -1.5644 0.8321 42.6938 -8.1399 0.2668
Pedestrian -1 -1 -6.1030 650.7178 165.0966 664.2704 195.3771 1.7188 0.5930 0.6819 3.2110 0.7878 41.1470 -6.0306 0.2036
Cyclist -1 -1 -7.6389 496.0286 171.5345 506.9842 196.1850 1.6197 0.4059 1.5770 -6.6635 0.9649 47.9997 -7.7811 0.1794
Pedestrian -1 -1 -5.6488 196.0101 166.6887 211.8526 195.2192 1.8327 0.5500 0.7092 -25.7024 0.8813 46.4620 -6.1566 0.1558
Pedestrian -1 -1 -7.7669 156.6583 166.6617 176.1834 206.6812 1.8080 0.7135 0.6459 -19.9325 1.1379 32.9012 -8.3130 0.1475
Cyclist -1 -1 -3.1106 587.2414 161.0552 632.3977 204.7639 1.7371 0.6383 1.7971 0.3241 0.9249 28.9012 -3.1045 0.1159
Pedestrian -1 -1 -7.6721 579.5928 170.8338 595.6617 200.1820 1.4387 0.6772 0.7462 -0.6915 0.9160 35.6348 -7.6964 0.1147
Pedestrian -1 -1 -6.5068 130.8523 171.6152 143.6833 209.6099 1.7403 0.5286 0.3901 -21.4835 1.2878 33.2258 -7.0822 0.0975
Cyclist -1 -1 -7.6858 493.6430 170.2126 503.4572 195.6109 1.6798 0.3941 1.6336 -6.9080 0.9333 48.3290 -7.8320 0.0911
Pedestrian -1 -1 -7.7090 496.9437 169.8201 517.7036 221.4086 1.6253 0.5714 0.6671 -3.0328 1.2578 22.9673 -7.8440 0.0879
Pedestrian -1 -1 -7.7519 167.6260 173.5522 184.0010 205.7197 1.6943 0.6836 0.7233 -22.6982 1.2759 38.3071 -8.2888 0.0853
Cyclist -1 -1 -7.3907 251.9344 173.6282 273.4343 202.0911 1.6042 0.4180 1.6787 -19.4798 1.1607 41.3304 -7.8337 0.0841
Cyclist -1 -1 -4.6554 878.7170 137.8332 888.5750 164.7597 1.7394 0.5367 1.6368 18.9978 -1.1461 48.3243 -4.2873 0.0807
Cyclist -1 -1 -6.3486 155.8804 172.4159 195.1544 205.8501 1.7351 0.7981 1.7425 -22.5935 1.2639 38.1019 -6.8858 0.0709
Pedestrian -1 -1 -7.6817 72.5666 171.6942 94.8144 214.0308 1.7820 0.6654 0.6841 -22.1291 1.3696 30.6884 -8.3074 0.0706
Cyclist -1 -1 -7.7109 656.2006 163.0389 670.2504 194.1062 1.7324 0.5714 1.7059 3.5277 0.7031 40.9505 -7.6304 0.0704
Pedestrian -1 -1 -3.7830 564.1143 166.4397 580.3478 196.7419 1.7709 0.6442 0.7148 -1.7264 0.8909 42.4558 -3.8283 0.0687
Cyclist -1 -1 -2.5626 129.9473 167.4474 176.1363 207.3876 1.7971 0.6957 1.6756 -20.4065 1.1651 32.6857 -3.1221 0.0674
Cyclist -1 -1 -4.8135 576.1602 167.3873 590.8208 199.7303 1.5665 0.5664 1.5120 -0.9062 0.8832 35.5776 -4.8438 0.0673
Cyclist -1 -1 -7.7648 657.7057 164.4945 667.4982 193.5842 1.6568 0.4347 1.6248 3.5592 0.6884 41.7507 -7.6852 0.0593
Cyclist -1 -1 -7.6760 647.9700 165.4336 662.0010 194.3952 1.6262 0.5403 1.5814 3.0738 0.7242 41.1678 -7.6069 0.0585
Pedestrian -1 -1 -7.2743 567.9633 163.3217 587.1570 199.1546 1.7291 0.6932 0.6556 -1.1768 0.8521 35.1215 -7.3125 0.0561
Cyclist -1 -1 -6.4903 646.7712 162.1127 678.1185 193.6062 1.7733 0.6641 1.6746 3.4651 0.6818 40.8844 -6.4112 0.0549
Cyclist -1 -1 -7.6890 76.8602 173.2249 98.6486 208.9410 1.7629 0.6128 1.8176 -26.0294 1.3547 36.4073 -8.3113 0.0547
Cyclist -1 -1 -4.9663 203.0884 171.2787 221.6621 202.1469 1.6452 0.4695 1.7083 -21.1714 1.1006 39.0691 -5.4650 0.0535
Cyclist -1 -1 -2.6534 76.7674 167.8405 129.7085 209.3548 1.7855 0.6882 1.7846 -21.7374 1.1983 31.3427 -3.2608 0.0507
Car -1 -1 -7.8401 511.3123 164.3149 586.7225 234.7481 1.5420 1.6524 4.3512 -1.3269 1.1663 17.9509 -7.9180 0.9359
Car -1 -1 -7.7037 499.7233 165.9187 562.6022 214.1220 1.5325 1.6159 3.8331 -2.3692 1.0375 24.7922 -7.8030 0.7563
Car -1 -1 -7.8251 590.2051 165.4074 629.8509 202.2571 1.4667 1.5799 2.6595 0.3694 0.8265 29.9494 -7.8178 0.6550
Car -1 -1 -7.5571 578.8433 165.3903 632.2863 195.7417 1.4660 1.6355 4.0945 0.2677 0.6881 36.8939 -7.5548 0.2858
Car -1 -1 -6.9893 17.7596 179.8996 116.6306 212.1992 1.5429 1.7075 3.8278 -26.9432 1.4667 36.3704 -7.6285 0.1744
Car -1 -1 -7.7934 514.1425 165.5483 556.3468 203.0090 1.5467 1.6366 3.8213 -2.8705 0.8884 31.5967 -7.8882 0.1461
Car -1 -1 -7.4323 474.7242 170.5511 520.9683 193.1887 1.4848 1.6205 4.0972 -7.0442 0.7667 49.3072 -7.5784 0.1275
Car -1 -1 -4.0865 178.3111 174.4401 252.3395 200.8735 1.5018 1.6928 4.3440 -23.0479 1.1008 43.0765 -4.5802 0.1272
Car -1 -1 -7.8895 568.0376 167.6221 596.4733 193.6389 1.5297 1.5879 3.8218 -1.2143 0.7138 44.1958 -7.9218 0.1110
Car -1 -1 -8.2065 963.4218 150.4425 1013.6052 176.9759 1.7102 1.6749 4.1168 26.4397 -0.3234 49.1879 -7.7203 0.0924
Car -1 -1 -4.6439 861.1314 139.2418 890.8262 164.4784 1.5662 1.6751 3.9588 19.0084 -1.2270 49.6292 -4.2845 0.0837
Car -1 -1 -7.9048 152.0738 175.3305 188.8365 204.0877 1.4997 1.5343 3.6348 -23.6695 1.1782 39.3975 -8.4478 0.0787
Car -1 -1 -5.3603 0.0000 175.9025 78.5600 214.6626 1.5225 1.5657 3.7254 -23.6594 1.3029 29.4269 -6.0382 0.0696
Car -1 -1 -4.2123 235.2376 171.6041 294.5857 199.3244 1.5742 1.6504 3.6523 -19.9148 1.0124 42.6664 -4.6516 0.0526
