Pedestrian -1 -1 -4.4887 449.5163 173.1490 471.9687 222.5708 1.8140 0.5953 1.1010 -5.6319 1.8249 27.0458 -4.6926 0.2773
Pedestrian -1 -1 -3.4178 656.4816 171.4873 668.0978 196.7447 1.9012 0.5104 0.7666 3.9295 1.7980 54.6392 -3.3469 0.1953
Pedestrian -1 -1 -4.2446 325.0417 169.9937 372.2319 265.2401 1.9507 0.6299 0.8281 -5.5565 1.8919 15.2273 -4.5896 0.1347
Pedestrian -1 -1 -3.2081 685.0359 169.2336 700.6617 207.5610 1.8959 0.6133 0.7338 4.0917 1.7166 36.0153 -3.0965 0.0922
Cyclist -1 -1 -7.5963 456.9339 177.2509 478.7081 221.4470 1.6869 0.4271 1.7024 -5.6628 1.8660 28.5752 -7.7907 0.0719
Pedestrian -1 -1 -4.7364 700.5604 166.4081 715.6606 209.2531 1.9259 0.6598 0.7830 4.4213 1.6358 32.8577 -4.6044 0.0718
Car -1 -1 -3.1019 504.8593 178.7089 564.3771 205.0983 1.6247 1.6336 3.6913 -4.7790 2.0034 45.7715 -3.2058 0.0613
Car -1 -1 -4.7406 558.6221 175.6499 582.6674 199.2322 1.6794 1.6737 4.1542 -3.0096 1.8968 54.0327 -4.7964 0.0601
Pedestrian -1 -1 -3.7288 655.4250 172.4440 665.4727 195.5082 1.8169 0.4834 0.6327 3.9721 1.7843 57.2050 -3.6602 0.0594
Cyclist -1 -1 -4.6372 523.4568 173.7511 544.5015 216.4022 1.8049 0.7826 1.7980 -3.3467 1.8449 31.4827 -4.7428 0.0590
Pedestrian -1 -1 -4.9030 251.9801 178.1569 292.3940 272.9538 1.8334 0.6113 0.7177 -6.8343 1.9429 14.4769 -5.3376 0.0586
Pedestrian -1 -1 -4.6102 741.3420 164.4481 764.7346 223.2265 1.9008 0.6830 0.8011 4.6782 1.6287 23.8153 -4.4193 0.0579
Pedestrian -1 -1 -4.0767 757.0021 160.1264 791.5165 231.6812 1.8744 0.5856 0.7300 4.3579 1.5407 19.3618 -3.8593 0.0567
Pedestrian -1 -1 -7.9853 814.9887 156.2730 839.2446 217.5339 1.9368 0.6519 0.7401 6.9344 1.4123 23.2277 -7.6992 0.0554
Cyclist -1 -1 -4.3208 462.2814 180.3000 487.7430 218.1594 1.5939 0.5435 1.5498 -5.9259 1.9272 31.5119 -4.5057 0.0544
Pedestrian -1 -1 -7.7083 682.9282 169.7638 696.4421 206.1634 1.8801 0.5908 0.8276 4.1323 1.7202 37.7436 -7.6006 0.0527
Car -1 -1 -8.1892 666.5804 175.2548 714.2124 204.8494 1.6440 1.6271 3.7521 4.6361 1.7916 42.4204 -8.0816 0.0511
Pedestrian -1 -1 -5.0901 1144.8041 117.1002 1241.0000 374.0000 1.8342 0.5916 0.8999 4.3846 1.4666 5.2693 -4.4238 0.2113
Pedestrian -1 -1 -3.0564 1098.3459 136.7627 1191.0867 366.4319 1.7401 0.6290 0.5749 4.3119 1.4664 5.8924 -2.4489 0.1055
Car -1 -1 -4.5641 460.7711 169.9045 539.1252 235.5797 1.8840 1.7985 4.5530 -3.4290 1.7991 22.9760 -4.7112 0.9548
Car -1 -1 -4.6121 536.7340 177.8591 566.8629 204.4624 1.6415 1.6098 3.5571 -3.7870 1.9796 46.9899 -4.6926 0.7822
Car -1 -1 -4.6128 503.0779 181.5960 546.0099 219.4913 1.5054 1.5052 3.5015 -3.6907 1.9050 31.2410 -4.7300 0.3144
Car -1 -1 -4.5585 554.9848 178.1647 581.9311 198.5974 1.5556 1.5729 3.9998 -3.3344 1.9979 58.0728 -4.6160 0.1884
Car -1 -1 -8.3377 983.7830 121.3819 1241.0000 374.0000 1.8336 1.6042 3.7953 5.1301 1.4779 6.9673 -7.7237 0.0507
