Cyclist -1 -1 -3.7437 927.9383 169.1039 1052.0356 274.8311 1.7143 0.6017 1.8343 6.3124 1.6532 12.1191 -3.2742 0.9050
Pedestrian -1 -1 -5.8235 418.3618 165.9844 467.8319 264.0470 1.8463 0.6409 0.7250 -3.2797 1.7167 13.9804 -6.0506 0.6953
Pedestrian -1 -1 -3.7876 1203.4067 159.0343 1241.0000 241.3128 1.8298 0.5947 0.6727 13.9822 1.5221 16.3604 -3.0897 0.1630
Pedestrian -1 -1 -4.7584 167.5634 171.8918 181.7173 217.0549 1.9340 0.5113 0.2879 -18.8441 1.8925 31.1598 -5.2988 0.1480
Pedestrian -1 -1 -7.5637 285.0701 177.5271 360.2401 311.9719 1.6960 0.7775 0.5879 -3.8028 1.7590 9.4500 -7.9375 0.1451
Pedestrian -1 -1 -5.9832 764.7932 168.5206 780.0210 194.8685 1.8765 0.5419 0.9506 11.6420 1.5676 51.8585 -5.7640 0.1345
Pedestrian -1 -1 -3.8603 931.9742 161.8668 954.0555 219.1069 1.8319 0.5241 0.4039 10.7495 1.4799 23.4009 -3.4349 0.1237
Pedestrian -1 -1 -3.5078 878.9836 159.6236 936.8536 264.7830 1.8734 0.5227 0.8385 5.3526 1.6374 13.1206 -3.1291 0.0890
Cyclist -1 -1 -4.3692 48.2809 178.5983 83.6274 229.1924 1.6674 0.4574 1.5874 -18.7211 1.8711 24.7931 -5.0110 0.0759
Car -1 -1 -4.4429 607.4755 172.5812 639.2657 192.4912 1.6022 1.6163 4.1319 1.1301 1.5799 60.2730 -4.4246 0.0719
Car -1 -1 -7.8638 587.2382 175.2657 653.2736 237.3500 1.5573 1.6713 4.1953 0.2073 1.6320 20.3595 -7.8546 0.0682
Car -1 -1 -6.9979 1213.4501 170.6892 1241.0000 253.1588 1.5126 1.5840 4.0675 14.5557 1.4726 14.1728 -6.2099 0.0641
Cyclist -1 -1 -4.8444 430.6181 174.6943 449.5781 207.0536 1.6856 0.7776 1.6376 -9.1343 1.7861 38.5923 -5.0756 0.0592
Car -1 -1 -5.2193 1011.7057 166.7213 1147.5311 226.5864 1.5787 1.5809 3.8998 13.4430 1.4166 21.0179 -4.6571 0.0591
Cyclist -1 -1 -4.5602 205.4103 178.0851 223.7078 215.0916 1.6365 0.4857 1.6571 -18.1240 1.8818 33.0131 -5.0591 0.0577
Cyclist -1 -1 -4.7473 826.8535 171.2779 834.8915 194.6614 1.6303 0.4846 1.5875 15.6177 1.5201 51.1356 -4.4528 0.0541
Car -1 -1 -4.7682 372.5666 178.7512 402.3539 204.3223 1.5198 1.5964 3.8926 -14.2397 1.9122 45.9551 -5.0674 0.0535
Pedestrian -1 -1 -3.7922 859.8287 159.9731 890.8521 212.0550 1.9052 0.6237 0.8857 9.8150 1.4337 26.8241 -3.4454 0.0513
Car -1 -1 -4.8908 332.8245 181.3301 400.4839 226.4299 1.4272 1.5964 4.0250 -8.8079 1.7550 25.7873 -5.2173 0.0509
Pedestrian -1 -1 -3.1530 644.6993 174.2819 659.3754 206.4040 1.7082 0.6253 0.7777 2.2145 1.7852 38.7283 -3.0969 0.1304
Cyclist -1 -1 -8.2015 819.3816 172.6600 843.9218 212.7853 1.6949 0.4985 1.5888 9.5540 1.6864 31.2843 -7.9083 0.0904
Cyclist -1 -1 -7.7001 841.5638 169.5100 858.9120 209.3151 1.6935 0.4772 1.6675 10.4691 1.5509 31.5491 -7.3829 0.0870
Pedestrian -1 -1 -7.8814 676.0262 178.4069 693.4695 214.9851 1.4780 0.6902 0.7651 3.0263 1.7093 29.6848 -7.7815 0.0851
Cyclist -1 -1 -7.7042 652.6700 172.9298 667.6312 204.2490 1.7017 0.5744 1.7842 2.7608 1.7057 40.1422 -7.6365 0.0727
Cyclist -1 -1 -7.5934 830.2465 172.6785 851.6164 212.3674 1.6939 0.5041 1.5952 10.0798 1.6861 31.6032 -7.2879 0.0630
Cyclist -1 -1 -3.3360 808.7880 171.3896 852.2906 212.0916 1.7397 0.6117 1.7129 9.4899 1.6768 31.2274 -3.0441 0.0622
Cyclist -1 -1 -8.4208 804.6271 170.0917 838.7928 210.8680 1.7384 0.5891 1.7434 9.2350 1.6204 31.6809 -8.1402 0.0613
Cyclist -1 -1 -7.8615 648.9511 172.3207 660.0968 204.3537 1.7415 0.6006 1.7946 2.4321 1.7122 40.1379 -7.8019 0.0554
Car -1 -1 -7.9016 589.4307 182.4269 666.9385 249.3390 1.4066 1.6741 3.4047 0.2968 1.6599 17.3902 -7.8858 0.9528
Car -1 -1 -4.2026 155.9915 180.2606 283.2835 240.9198 1.5960 1.6261 3.8537 -11.4611 1.8354 21.4048 -4.6894 0.8744
Car -1 -1 -7.8040 581.0623 177.0071 624.1425 217.0310 1.5408 1.6146 3.6568 -0.2980 1.7240 30.0217 -7.8145 0.8665
Car -1 -1 -7.9596 670.3934 178.5383 718.3719 215.2182 1.4627 1.6320 4.1066 3.5688 1.7265 31.4684 -7.8483 0.7508
Car -1 -1 -2.1747 394.0444 176.3990 511.6834 232.9034 1.6069 1.6959 3.9024 -5.0529 1.7278 22.7144 -2.3917 0.6821
Car -1 -1 -2.3000 441.8953 180.5766 538.7059 219.1306 1.4097 1.5835 3.9802 -4.8957 1.7396 28.9896 -2.4663 0.6622
Car -1 -1 -2.2838 416.7083 181.1252 520.9335 224.8188 1.4252 1.5701 3.8142 -5.1747 1.7435 26.0056 -2.4788 0.5607
Car -1 -1 -2.3175 481.4799 178.5257 555.0791 210.6916 1.5126 1.6103 3.6723 -4.6904 1.8122 36.3586 -2.4453 0.5084
Car -1 -1 -2.4490 514.7560 175.9255 571.7526 198.3096 1.4700 1.6149 3.7249 -4.6327 1.6880 49.5723 -2.5421 0.4283
Car -1 -1 -7.9932 657.0845 172.7322 698.5223 206.3470 1.7078 1.6644 3.9421 3.5397 1.7013 38.6670 -7.9031 0.4035
Car -1 -1 -4.3407 303.9475 173.0695 377.7969 219.4190 1.8452 1.5994 3.9882 -11.4126 1.8547 30.7525 -4.6937 0.2628
Car -1 -1 -7.7937 628.1370 176.4593 659.8868 204.9213 1.5087 1.5739 3.6494 1.9158 1.7209 40.6261 -7.7475 0.1538
Car -1 -1 -7.1202 934.2574 174.4387 1074.9517 233.3186 1.5190 1.5888 3.3681 10.8729 1.5656 20.0039 -6.6290 0.1456
Car -1 -1 -7.8232 650.7739 172.3201 673.1755 193.9059 1.6107 1.6153 3.9254 4.0259 1.5706 55.8751 -7.7520 0.1185
Car -1 -1 -4.8010 427.8648 179.0826 466.0091 209.4979 1.4406 1.5513 4.2244 -8.5258 1.7821 37.3445 -5.0244 0.1106
Car -1 -1 -4.6253 479.5549 177.1091 508.2053 200.5015 1.4923 1.5750 3.9590 -7.8456 1.7918 48.8000 -4.7843 0.1043
Car -1 -1 -4.4588 550.5533 175.0339 580.0123 194.4586 1.5752 1.5835 3.8031 -3.7693 1.7653 60.9833 -4.5206 0.0886
Car -1 -1 -4.6253 601.2283 176.5045 635.5096 204.0101 1.5179 1.6683 4.1763 0.5048 1.7439 42.5526 -4.6140 0.0709
Car -1 -1 -4.4503 692.1770 173.5430 725.5320 193.4353 1.4512 1.5440 3.9707 7.5303 1.5053 54.9139 -4.3151 0.0639
