Pedestrian -1 -1 -7.6767 788.6013 165.8552 806.8125 206.8813 1.9279 0.7427 0.6223 8.8949 1.5987 34.3436 -7.4258 0.1335
Pedestrian -1 -1 -5.8291 678.3679 175.6058 689.0175 195.7133 1.6237 0.5007 0.7162 5.9768 1.8491 58.7755 -5.7287 0.0747
Cyclist -1 -1 -4.9891 494.5525 174.7744 513.9277 204.8287 1.7218 0.6458 1.8466 -6.2659 1.8371 42.4365 -5.1352 0.0699
Car -1 -1 -4.7870 395.4154 174.3020 416.2347 192.7829 1.6844 1.5912 4.1429 -19.3794 1.8256 68.3279 -5.0626 0.0616
Pedestrian -1 -1 -7.8447 884.4894 164.6866 902.6296 208.1858 2.0365 0.7937 0.4581 13.3748 1.6538 34.1402 -7.4747 0.0613
Pedestrian -1 -1 -4.8507 911.5237 164.4818 930.3132 205.6007 1.9145 0.7460 0.5116 14.5785 1.5244 33.9385 -4.4485 0.0589
Pedestrian -1 -1 -2.5698 700.8658 165.4482 719.7878 202.7716 2.0108 0.6652 0.7887 5.4376 1.6115 39.3810 -2.4340 0.0573
Pedestrian -1 -1 -4.6512 923.2759 162.4450 941.8422 210.7516 1.7878 0.6060 0.5689 12.0684 1.4022 27.0947 -4.2366 0.0569
Pedestrian -1 -1 -7.6519 969.3102 154.9436 986.8198 193.4431 1.8399 0.6410 0.6455 17.7803 0.9837 34.9345 -7.1847 0.0545
Pedestrian -1 -1 -8.8140 864.7131 156.0320 902.2367 222.1050 1.9536 0.6245 0.8607 8.2341 1.4559 21.8659 -8.4588 0.0536
Pedestrian -1 -1 -4.7304 757.1046 167.4381 774.4021 212.1942 1.8123 0.6776 0.7700 6.3531 1.5927 29.6596 -4.5220 0.0531
Car -1 -1 -4.4393 338.8452 179.3389 382.7721 204.2390 1.4812 1.6065 4.0799 -15.8881 1.9139 46.0893 -4.7698 0.0502
Pedestrian -1 -1 -6.2194 667.0933 171.7809 687.1847 206.3434 1.7521 0.6050 0.9895 3.4018 1.6974 36.9517 -6.1289 0.6791
Pedestrian -1 -1 -3.7568 719.9408 171.1565 739.5460 204.9765 1.8212 0.5555 0.8975 6.4834 1.7295 39.3016 -3.5950 0.4130
Pedestrian -1 -1 -7.8948 865.6562 164.6049 891.8203 227.6530 1.8189 0.6909 0.6338 7.8480 1.5807 21.2232 -7.5457 0.3764
Pedestrian -1 -1 -6.3555 412.9740 173.6467 424.1006 198.3059 1.8328 0.5327 0.7689 -14.3673 1.8923 54.0303 -6.6145 0.2901
Pedestrian -1 -1 -3.9838 412.0056 175.0907 423.3353 198.2944 1.7342 0.7037 0.4502 -14.5175 1.9035 54.3560 -4.2439 0.1661
Cyclist -1 -1 -7.8824 728.0626 171.7109 738.8747 207.0959 1.6977 0.4730 1.5654 6.0153 1.6425 35.4251 -7.7161 0.1404
Pedestrian -1 -1 -2.8619 701.8523 169.3895 717.2381 203.9062 1.8699 0.7042 0.6683 5.4197 1.6819 39.5450 -2.7272 0.1348
Pedestrian -1 -1 -7.9361 372.0466 174.4161 389.5227 218.2139 1.7125 0.6052 0.7259 -9.1632 1.7753 28.6955 -8.2429 0.1217
Cyclist -1 -1 -7.9345 415.5344 176.2501 423.1876 199.1017 1.6864 0.4295 1.5991 -14.3845 1.9457 54.3195 -8.1925 0.1158
Cyclist -1 -1 -4.9864 718.1103 173.3596 735.9326 204.5849 1.6672 0.5311 1.6419 6.3418 1.6951 39.3972 -4.8285 0.1052
Pedestrian -1 -1 -6.6620 697.0942 174.1959 708.2560 193.6856 1.5811 0.5104 0.7695 7.5412 1.6910 58.9259 -6.5357 0.0924
Pedestrian -1 -1 -4.1774 1184.7200 150.1979 1241.0000 266.4181 1.7602 0.6939 0.5168 9.5303 1.4168 11.3427 -3.4918 0.0817
Cyclist -1 -1 -4.8546 706.0518 171.7959 720.2879 203.7376 1.7093 0.5352 1.6605 5.5934 1.6523 39.4419 -4.7152 0.0653
Pedestrian -1 -1 -4.1123 302.2796 173.0719 328.3452 219.2169 1.7870 0.6887 0.6724 -11.6177 1.7954 28.3473 -4.4984 0.0621
Pedestrian -1 -1 -2.5671 406.7196 173.6118 418.2314 197.8790 1.8056 0.5640 0.6263 -14.8305 1.8625 54.0730 -2.8339 0.0571
Cyclist -1 -1 -5.0339 495.6145 176.2649 515.2967 205.7708 1.6972 0.6276 1.7533 -6.2233 1.9029 42.6416 -5.1784 0.0568
Pedestrian -1 -1 -3.6631 974.3633 161.0211 1024.3253 244.1480 1.7524 0.4992 0.8001 8.2898 1.5027 15.4755 -3.1798 0.0539
Car -1 -1 -8.2033 756.7523 184.6118 970.3998 315.0568 1.4218 1.5688 3.5467 3.2019 1.6139 10.0003 -7.9031 0.9755
Car -1 -1 -4.3379 209.7987 184.1783 387.4719 282.6953 1.5051 1.6348 4.0469 -5.6404 1.7491 13.5263 -4.7266 0.9522
Car -1 -1 -4.2032 0.0000 190.6512 282.7097 343.6267 1.4744 1.5472 3.1638 -5.5571 1.7342 8.9358 -4.7467 0.9470
Car -1 -1 -8.4897 854.4273 180.0126 1241.0000 374.0000 1.5269 1.6438 4.0348 3.1650 1.5939 4.7066 -7.9273 0.9105
Car -1 -1 -5.2993 471.8405 178.7283 529.3106 205.6374 1.4840 1.4774 3.8204 -6.5235 1.8456 42.5364 -5.4510 0.7711
Car -1 -1 -4.5306 242.2203 179.3840 301.7385 216.5416 1.4470 1.5836 4.1510 -14.5127 1.7479 31.0810 -4.9645 0.6518
Car -1 -1 -3.4532 674.3477 172.8753 730.6865 191.9091 1.5416 1.5915 4.3379 7.6044 1.5431 59.6235 -3.3273 0.6102
Car -1 -1 -4.1803 171.5836 183.8276 306.9525 246.9205 1.4742 1.5247 3.7664 -9.8784 1.7993 19.4616 -4.6448 0.2788
Car -1 -1 -3.7102 573.3997 176.0745 627.7390 196.8817 1.5634 1.6336 4.0110 -0.7509 1.8234 56.5510 -3.7238 0.2714
Car -1 -1 -4.7993 1108.8868 167.9866 1145.1071 193.9861 1.7007 1.6715 3.7685 35.2016 1.3820 49.2450 -4.1818 0.1582
Car -1 -1 -8.7287 1047.7035 152.4477 1241.0000 267.2855 1.6705 1.6460 3.9443 9.8837 1.3733 12.6005 -8.0752 0.1039
Car -1 -1 -2.9016 300.8888 180.7790 406.9354 218.8865 1.4629 1.5960 3.7556 -10.2949 1.7928 29.0835 -3.2394 0.0790
Car -1 -1 -6.2873 803.5977 174.4454 935.7137 228.5145 1.5303 1.6010 3.6336 7.7476 1.5811 21.8490 -5.9514 0.0686
Car -1 -1 -8.5281 837.3782 177.3953 927.1227 215.0656 1.4953 1.5904 3.7973 11.6282 1.7042 31.1879 -8.1748 0.0667
Car -1 -1 -4.5610 721.7242 174.1371 749.3582 194.5484 1.5279 1.5865 3.7211 9.7934 1.6312 56.2798 -4.3900 0.0642
