Pedestrian -1 -1 -6.0424 304.1544 160.9316 406.8060 316.0704 1.7570 0.6326 1.0212 -2.9806 1.5358 8.3675 -6.3710 0.9456
Cyclist -1 -1 -4.9823 667.3148 165.1302 692.8423 209.4076 1.7293 0.6258 1.5552 2.9785 1.1293 28.4335 -4.8774 0.0949
Pedestrian -1 -1 -7.9135 263.4099 166.2619 302.4995 259.0915 1.7326 0.6461 0.8601 -6.3057 1.4672 13.7272 -8.3336 0.0893
Pedestrian -1 -1 -7.5383 18.2398 171.1788 72.2713 259.6130 1.7367 0.6417 0.7910 -11.4007 1.5540 14.3659 -8.1966 0.0782
Pedestrian -1 -1 -4.9215 1017.6321 212.8684 1100.2094 369.0000 1.2383 0.3929 0.5410 3.2738 1.4922 5.2186 -4.3861 0.0744
Car -1 -1 -4.2479 457.8441 161.3677 576.4227 228.4658 1.7493 1.6969 4.2649 -2.4699 1.2508 20.7269 -4.3629 0.0727
Car -1 -1 -4.7194 580.8992 164.7979 604.4636 189.2388 1.7408 1.6789 4.0339 -0.9226 0.6225 52.3966 -4.7351 0.0632
Car -1 -1 -3.7469 1163.5784 158.9139 1223.0000 369.0000 1.5344 1.5806 4.0689 7.5501 1.3877 6.1082 -2.8800 0.0618
Pedestrian -1 -1 -4.4936 1003.4984 161.7018 1036.7001 232.9361 1.7425 0.6239 0.5084 10.3452 1.2830 17.6933 -3.9707 0.0615
Pedestrian -1 -1 -4.6443 389.6740 162.4195 421.1841 247.7356 1.7721 0.5905 0.8566 -4.3148 1.3969 15.1651 -4.9142 0.0570
Pedestrian -1 -1 -7.1588 1146.5072 165.7585 1193.7528 240.2096 1.8898 0.6960 0.6614 14.6216 1.5159 18.3559 -6.4930 0.0556
Pedestrian -1 -1 -5.0015 1156.6614 231.6265 1223.0000 363.4427 1.1011 0.3748 0.4947 5.2828 1.5885 6.4366 -4.3365 0.0542
Pedestrian -1 -1 -3.7582 781.3613 154.0577 788.5671 180.9733 1.8623 0.4565 0.2714 12.5166 0.0328 49.1822 -3.5087 0.0542
Pedestrian -1 -1 -2.6160 270.9377 200.4637 320.6367 289.2066 1.2243 0.3561 0.5424 -4.4456 1.5146 10.0587 -3.0188 0.0538
Pedestrian -1 -1 -8.3012 775.0812 166.0749 808.3995 233.1053 1.6450 0.5779 0.6573 4.6346 1.2913 17.7296 -8.0482 0.0522
Pedestrian -1 -1 -8.1086 838.7151 169.3866 871.6808 233.8160 1.5857 0.6061 0.7594 6.2490 1.3125 17.8034 -7.7749 0.1684
Cyclist -1 -1 -7.6804 497.1483 165.5677 552.2926 265.3224 1.7004 0.6910 1.8749 -1.4894 1.4463 13.0100 -7.7899 0.1463
Pedestrian -1 -1 -3.0646 1166.7594 164.9313 1223.0000 267.8480 1.7055 0.5643 0.7238 10.1131 1.4479 12.1708 -2.3825 0.1270
Pedestrian -1 -1 -8.3362 1010.4227 171.7717 1064.6118 272.3498 1.6476 0.5696 0.5788 7.2103 1.5050 11.8865 -7.8012 0.1236
Cyclist -1 -1 -2.9654 649.3076 139.6811 680.9915 171.3467 1.7485 0.6470 1.6934 3.3819 -0.5231 39.8815 -2.8793 0.1195
Cyclist -1 -1 -8.2174 851.7017 180.6700 924.4985 281.3843 1.4557 0.4919 1.6097 4.3237 1.4590 11.0279 -7.8518 0.1079
Pedestrian -1 -1 -8.0449 608.3406 162.4700 639.4643 234.6592 1.7664 0.6470 0.7540 0.4252 1.3255 17.7256 -8.0195 0.0939
Pedestrian -1 -1 -4.6114 858.8540 197.8919 891.7047 275.8604 1.1987 0.4529 0.4425 4.2723 1.4844 11.3013 -4.2575 0.0840
Pedestrian -1 -1 -7.3360 661.7201 140.2787 679.1001 172.3354 1.7610 0.6923 0.7426 3.6514 -0.4630 39.5991 -7.2426 0.0822
Pedestrian -1 -1 -6.9936 744.4058 167.8877 796.6019 255.6272 1.7085 0.5793 0.8511 3.2810 1.4633 14.2232 -6.7701 0.0821
Pedestrian -1 -1 -4.3843 860.5638 196.5817 901.0566 277.2458 1.2100 0.4939 0.3834 4.2529 1.4682 11.0324 -4.0242 0.0819
Cyclist -1 -1 -6.4170 658.1719 139.7374 690.2920 171.8176 1.7979 0.6351 1.7464 3.9136 -0.4974 40.1627 -6.3184 0.0776
Pedestrian -1 -1 -4.5084 1086.4159 151.3735 1136.9773 267.8464 1.8274 0.5507 0.6858 8.2137 1.3708 11.5291 -3.9007 0.0761
Pedestrian -1 -1 -4.6743 401.8137 163.7151 432.3844 247.8406 1.7482 0.5998 0.8278 -4.0643 1.3998 15.1621 -4.9292 0.0751
Pedestrian -1 -1 -7.3275 485.4345 167.7676 535.0759 262.9832 1.6711 0.5917 0.7648 -1.7650 1.4480 12.8762 -7.4587 0.0745
Cyclist -1 -1 -6.5691 815.5652 165.6320 886.1409 233.5687 1.6971 0.6183 1.5857 6.2023 1.3260 18.0053 -6.2411 0.0733
Cyclist -1 -1 -8.0674 957.3174 175.4460 1029.3242 285.0514 1.5498 0.5691 1.8464 5.9214 1.4787 10.9630 -7.5826 0.0718
Pedestrian -1 -1 -8.5691 951.1837 154.7725 1014.3201 266.7667 1.8006 0.5891 0.7340 6.2389 1.3874 11.7939 -8.0919 0.0705
Pedestrian -1 -1 -7.4106 971.6614 155.8641 1028.7209 270.5224 1.8396 0.5905 0.7043 6.5392 1.4447 11.7900 -6.9139 0.0702
Pedestrian -1 -1 -8.1886 457.7811 171.7311 497.4655 252.1424 1.6580 0.6100 0.7823 -2.7653 1.4776 15.0693 -8.3646 0.0674
Pedestrian -1 -1 -8.4389 836.1091 161.9091 890.8456 261.5655 1.7368 0.6247 0.7300 4.6030 1.4132 12.7524 -8.0988 0.0653
Pedestrian -1 -1 -6.2276 1036.8966 149.8209 1084.8286 266.7902 1.8560 0.5739 0.6397 7.4557 1.3696 11.6381 -5.6685 0.0653
Pedestrian -1 -1 -8.2091 546.5652 160.1908 580.2274 234.7444 1.8124 0.6197 0.7405 -1.0855 1.3190 17.6516 -8.2676 0.0644
Pedestrian -1 -1 -7.7950 524.1078 161.5570 559.5034 259.2970 1.7219 0.5942 0.8367 -1.1887 1.3885 12.8829 -7.8829 0.0631
Pedestrian -1 -1 -7.9698 902.1283 158.6780 946.1992 265.6864 1.7378 0.5953 0.6541 5.3020 1.3838 11.8823 -7.5582 0.0610
Pedestrian -1 -1 -6.8169 1123.9917 148.0925 1204.1865 266.6009 1.8803 0.5912 0.8434 9.0734 1.3665 11.5621 -6.1632 0.0609
Pedestrian -1 -1 -3.1538 819.1810 173.0659 859.6001 254.7440 1.5850 0.5079 0.7504 4.6101 1.4411 14.0739 -2.8423 0.0595
Pedestrian -1 -1 -4.5497 878.2004 196.7377 917.5534 287.4666 1.2652 0.4653 0.4658 4.2146 1.5093 10.2933 -4.1702 0.0594
Pedestrian -1 -1 -8.6545 642.3383 165.6458 698.6699 260.1033 1.6827 0.5946 0.8717 1.1624 1.4185 13.1200 -8.5665 0.0591
Pedestrian -1 -1 -5.3620 918.7598 187.8863 966.2654 273.5779 1.3149 0.4653 0.5066 5.2888 1.4354 11.1983 -4.9299 0.0590
Pedestrian -1 -1 -7.9612 589.5715 161.0379 617.7774 235.0439 1.8045 0.6237 0.7738 -0.0819 1.3303 17.6588 -7.9640 0.0590
Pedestrian -1 -1 -8.0797 948.2077 166.5246 993.7595 270.0769 1.6460 0.5370 0.5936 5.9386 1.4242 11.5907 -7.6156 0.0558
Pedestrian -1 -1 -4.1317 854.9042 162.9090 909.6766 267.6459 1.7074 0.5538 0.7351 4.6433 1.4210 11.9659 -3.7687 0.0557
Cyclist -1 -1 -4.1416 947.2254 160.7946 1058.1991 275.0954 1.7587 0.6170 2.0161 6.5104 1.4559 11.6327 -3.6414 0.0552
Cyclist -1 -1 -4.9691 655.9323 138.4632 672.6465 170.3059 1.7367 0.5346 1.6714 3.3312 -0.5890 39.9882 -4.8845 0.0534
Pedestrian -1 -1 -4.3837 594.3615 168.4794 631.2451 249.4341 1.6308 0.5405 0.7961 0.1242 1.3890 14.7082 -4.3737 0.0516
Pedestrian -1 -1 -5.2959 823.4478 157.8470 880.5290 262.3057 1.7920 0.6410 0.7629 4.3346 1.4038 12.5801 -4.9701 0.0514
Pedestrian -1 -1 -4.9663 636.3100 172.9571 673.8655 260.5341 1.5486 0.5032 0.7745 0.8592 1.4156 12.9303 -4.8998 0.0508
Car -1 -1 -6.1898 653.4521 140.8851 720.2155 168.8150 1.5046 1.6168 3.6387 4.6644 -0.6843 40.2401 -6.0731 0.1401
