Car -1 -1 -8.1689 945.6379 153.5891 1001.7176 183.8204 1.5854 1.6464 3.8142 19.9680 0.5748 39.8463 -7.7073 0.0969
Car -1 -1 -4.0775 471.9334 180.9870 509.9713 198.1463 1.5519 1.6689 3.8134 -11.4192 2.3561 69.3016 -4.2406 0.0846
Car -1 -1 -4.5958 326.6565 180.0381 362.4681 207.6477 1.6243 1.6472 4.2695 -16.8624 2.1036 45.8971 -4.9464 0.0593
Car -1 -1 -7.3752 1209.0566 127.5426 1241.0000 374.0000 1.4965 1.5891 3.9385 5.1981 1.3529 3.3240 -6.4129 0.0589
Car -1 -1 -8.0283 359.4368 174.2593 386.1450 196.7721 2.0919 1.7308 4.2851 -22.9381 2.2317 69.6296 -8.3457 0.0570
Car -1 -1 -4.8005 1005.6648 146.1638 1045.5188 175.7614 1.6821 1.6914 4.1369 24.8073 0.1649 43.2387 -4.2825 0.0550
Pedestrian -1 -1 -8.2901 1028.9547 145.5633 1091.2008 265.2139 1.7159 0.6321 0.4763 6.5556 1.3243 10.6175 -7.7497 0.1569
Pedestrian -1 -1 -5.3445 788.5073 160.8635 829.5861 235.0080 1.7395 0.5780 0.8235 4.7451 1.4579 17.4163 -5.0835 0.1505
Pedestrian -1 -1 -8.2076 788.6081 172.1539 821.5881 234.0247 1.5559 0.5803 0.7802 4.9599 1.5380 18.5617 -7.9512 0.1285
Cyclist -1 -1 -4.0116 1002.6893 152.9268 1148.6570 265.6619 1.5964 0.8508 1.8924 6.9768 1.3139 10.9139 -3.4555 0.1114
Pedestrian -1 -1 -3.9265 1085.3083 208.3076 1114.9703 261.0061 1.5266 0.4982 0.5407 14.6196 2.6022 21.5995 -3.3388 0.1025
Cyclist -1 -1 -8.7202 1180.3606 200.4182 1241.0000 271.5168 1.6952 0.5216 1.5754 15.6730 2.4392 18.6615 -8.0303 0.0838
Pedestrian -1 -1 -5.7554 1031.6919 162.1412 1088.2249 268.6601 1.6060 0.4913 0.5819 6.9564 1.4442 11.2523 -5.2139 0.0765
Pedestrian -1 -1 -8.3988 855.1298 156.3441 872.6989 193.9173 1.8794 0.6917 0.4708 12.7652 1.0533 36.3932 -8.0642 0.0753
Pedestrian -1 -1 -7.6038 811.7581 156.2302 844.1767 225.5894 1.8579 0.6561 0.9075 5.9621 1.4123 19.8853 -7.3171 0.0751
Pedestrian -1 -1 -5.0130 1070.2639 148.8642 1133.9087 271.1746 1.6858 0.5830 0.6339 6.9722 1.3549 10.3300 -4.4329 0.0738
Pedestrian -1 -1 -8.7328 850.3787 158.3598 867.6641 194.9625 1.8087 0.7057 0.4764 12.3986 1.0922 36.0418 -8.4042 0.0675
Pedestrian -1 -1 -3.5613 1090.3882 196.3315 1128.7579 257.9319 1.7609 0.6356 0.7325 14.6816 2.4656 21.2903 -2.9650 0.0610
Pedestrian -1 -1 -3.9934 1052.8019 146.1538 1119.7856 263.1635 1.7222 0.5938 0.6162 7.1907 1.3289 10.9912 -3.4267 0.0610
Pedestrian -1 -1 -7.1598 929.4899 151.6348 943.8665 179.2018 1.7681 0.6312 0.5661 21.1022 0.4068 46.6866 -6.7377 0.0596
Pedestrian -1 -1 -5.9188 918.7318 147.7986 974.4160 259.8542 1.7399 0.5538 0.6639 5.3702 1.3505 11.6337 -5.4966 0.0577
Pedestrian -1 -1 -8.8203 844.7983 159.0678 861.7595 195.8155 1.8168 0.7160 0.4837 12.1256 1.1349 36.0813 -8.4988 0.0568
Pedestrian -1 -1 -4.7262 1081.2980 149.4192 1131.2086 267.6189 1.6635 0.5830 0.6024 7.1969 1.3334 10.5657 -4.1416 0.0555
Pedestrian -1 -1 -7.2682 891.9352 152.8564 942.5457 255.7442 1.7368 0.6011 0.5666 5.3023 1.3989 12.5876 -6.8785 0.0552
Cyclist -1 -1 -7.0439 1089.9229 191.8102 1163.4552 252.8977 1.7584 0.7279 1.7829 15.3833 2.3377 21.5669 -6.4316 0.0536
Pedestrian -1 -1 -7.4839 925.2443 149.7993 938.6843 178.2119 1.8217 0.6108 0.6248 20.8039 0.3432 46.6979 -7.0672 0.0531
Car -1 -1 -7.8721 594.7380 173.0513 627.6686 204.9598 1.7184 1.7759 4.5183 -0.0162 1.7300 41.1625 -7.8731 0.8345
Car -1 -1 -4.4644 360.8435 184.2700 404.6212 211.1451 1.4696 1.6068 3.7845 -13.5314 2.1807 43.0323 -4.7677 0.7498
Car -1 -1 -4.5685 442.1274 181.0441 466.5878 198.4494 1.4328 1.5496 3.9358 -13.6455 2.1739 63.3080 -4.7803 0.2795
Car -1 -1 -7.3246 155.2459 165.3551 296.7905 232.7700 1.9775 1.9231 4.7418 -12.3699 1.7573 23.5820 -7.8034 0.2424
Car -1 -1 -4.1516 67.3828 191.6095 154.7347 228.9950 1.4338 1.5411 3.3506 -21.4367 2.2859 31.0872 -4.7515 0.2156
Car -1 -1 -8.0965 692.1119 170.9980 719.2304 190.6703 1.8066 1.6703 3.8052 8.9948 1.6359 68.2470 -7.9663 0.1838
Car -1 -1 -4.1685 0.0000 193.2147 91.1544 242.4073 1.5137 1.6866 4.4848 -21.3004 2.3261 26.4657 -4.8415 0.1800
Car -1 -1 -5.8118 1080.5936 202.4719 1241.0000 265.9926 1.4489 1.6222 3.9349 15.8747 2.3800 20.5641 -5.1622 0.1634
Car -1 -1 -8.2588 903.9182 148.7911 953.6027 174.0699 1.6278 1.6512 3.8514 21.2804 0.0780 48.3941 -7.8468 0.1555
Car -1 -1 -8.7969 1167.0833 165.4586 1241.0000 210.1730 1.7279 1.7281 4.1498 25.9265 1.4418 30.1025 -8.0910 0.1554
Car -1 -1 -4.4912 385.8237 182.1268 429.5001 211.2801 1.4742 1.5330 3.6730 -11.0723 2.0062 39.5503 -4.7628 0.1230
Car -1 -1 -2.7518 250.7084 188.0996 364.6198 224.1632 1.4524 1.6153 4.1489 -12.7857 2.1151 30.5634 -3.1453 0.1117
Car -1 -1 -5.5028 1014.3440 167.3960 1099.3326 197.3704 1.5240 1.6502 3.8090 23.8510 1.2462 38.7330 -4.9545 0.1063
Car -1 -1 -6.9343 1103.6732 159.2776 1218.9503 191.0471 1.4811 1.6229 4.2725 26.2257 0.8479 34.4608 -6.2880 0.1060
Car -1 -1 -4.0974 404.4723 180.6130 448.1815 198.5949 1.4891 1.6475 4.1715 -16.2465 2.2003 63.9280 -4.3456 0.0730
Car -1 -1 -8.0836 637.2728 175.4308 682.6005 205.5845 1.5885 1.6462 4.0480 2.7075 1.7405 40.5069 -8.0179 0.0730
Car -1 -1 -4.7615 440.2355 180.4228 464.4085 200.1461 1.5013 1.7198 4.2248 -12.9328 2.1428 58.9218 -4.9769 0.0694
Car -1 -1 -8.2781 814.2637 160.7910 875.8321 195.3395 1.7310 1.6559 3.8115 12.3087 1.1263 38.1395 -7.9684 0.0651
Car -1 -1 -4.9258 942.5305 145.2454 985.0893 170.7388 1.5971 1.7099 3.9567 23.2843 -0.1463 47.6796 -4.4738 0.0609
Car -1 -1 -4.6260 169.1142 188.3084 222.6711 226.2942 1.4483 1.6644 4.1694 -18.0820 2.1723 31.5762 -5.1427 0.0606
