Pedestrian -1 -1 -6.2552 682.1631 171.5963 692.2249 193.2619 1.8746 0.4540 0.8579 6.6865 1.7655 62.7116 -6.1498 0.2291
Pedestrian -1 -1 -4.8471 1221.3982 150.5627 1241.0000 198.8036 1.9000 0.6414 0.6564 24.8900 1.0217 28.8678 -4.1407 0.1681
Car -1 -1 -6.3208 854.0746 183.0028 905.2277 204.8619 1.6065 1.6711 3.6284 20.7204 2.4080 55.6484 -5.9666 0.0887
Car -1 -1 -4.2659 368.1230 185.3262 401.8162 203.1744 1.6084 1.6580 3.7352 -21.7292 2.8476 69.7390 -4.5672 0.0884
Pedestrian -1 -1 -7.9359 1063.5602 152.6740 1091.9441 213.2415 1.8300 0.6814 0.6079 14.3530 1.2200 22.2284 -7.3688 0.0869
Car -1 -1 -4.4273 236.7379 185.8818 292.5236 215.7240 1.5079 1.7198 4.1568 -19.3651 2.2793 40.5556 -4.8705 0.0787
Pedestrian -1 -1 -3.0386 1076.7454 171.2078 1094.7699 201.9310 1.9214 0.5513 0.9013 30.0470 1.8182 45.6229 -2.4595 0.0780
Pedestrian -1 -1 -3.2829 1230.5521 165.0092 1241.0000 201.4504 1.8579 0.6219 0.5279 32.3477 1.4576 37.1901 -2.5712 0.0772
Cyclist -1 -1 -4.5899 895.8295 180.5928 906.2417 205.5178 1.6478 0.4746 1.5527 19.7314 2.1814 48.9881 -4.2096 0.0697
Pedestrian -1 -1 -8.0883 158.6843 179.8023 175.8945 213.6890 1.8885 0.6925 0.6843 -25.1300 2.2867 40.8968 -8.6367 0.0664
Pedestrian -1 -1 -2.8383 839.4671 175.8770 852.4128 199.3144 1.8068 0.5911 0.8205 18.3575 2.0440 56.2249 -2.5247 0.0628
Car -1 -1 -8.3355 1226.6505 158.8261 1241.0000 212.2547 1.4899 1.6022 4.0002 21.0482 1.0984 22.2612 -7.5849 0.0594
Pedestrian -1 -1 -5.5920 1167.7338 154.9514 1191.5789 198.6632 1.9040 0.6470 0.5348 25.0279 1.1239 31.7590 -4.9292 0.0571
Car -1 -1 -4.4864 297.8021 185.1221 340.7055 211.1147 1.5017 1.6485 4.0945 -18.4524 2.3179 45.8667 -4.8672 0.0555
Cyclist -1 -1 -7.0171 983.5343 159.3664 1038.5170 209.6991 1.7762 0.6610 1.7405 14.3919 1.3000 25.9859 -6.5164 0.0538
Pedestrian -1 -1 -8.5926 783.3364 168.7457 801.7535 207.1847 1.8992 0.5982 0.6686 9.0876 1.6959 36.0866 -8.3483 0.0520
Car -1 -1 -4.4511 131.6424 187.9567 179.1733 213.7908 1.6440 1.7122 4.6204 -32.2406 2.7680 51.2526 -5.0105 0.0502
Cyclist -1 -1 -8.8353 887.5805 174.1950 961.5284 235.2249 1.6627 0.7100 1.8559 8.9320 1.7026 20.6707 -8.4333 0.1656
Cyclist -1 -1 -7.5279 818.3724 173.4477 838.8576 207.1539 1.7659 0.5510 1.6672 11.6859 1.7982 38.6720 -7.2370 0.1497
Pedestrian -1 -1 -8.6402 892.7731 178.6572 910.4206 204.7665 1.7404 0.7654 0.8006 19.7051 2.1371 48.8456 -8.2594 0.1358
Cyclist -1 -1 -3.1167 47.2638 185.0097 92.1564 223.7015 1.8758 0.7335 1.7893 -27.2028 2.5009 36.3088 -3.7564 0.1268
Pedestrian -1 -1 -4.6528 967.8721 163.2519 990.6688 218.2868 1.8096 0.6404 0.8010 12.3567 1.4935 24.2313 -4.1866 0.1074
Cyclist -1 -1 -7.8258 1029.4136 166.1969 1044.4430 215.0181 1.5894 0.4023 1.5688 14.3148 1.3724 24.2632 -7.2984 0.1036
Cyclist -1 -1 -5.7375 922.2884 172.6071 996.0316 235.3585 1.6470 0.6052 1.7627 9.5214 1.6402 19.8394 -5.2964 0.0881
Cyclist -1 -1 -4.7014 660.4213 171.3004 681.8200 232.7599 1.7717 0.6155 1.7077 1.7925 1.7266 21.6781 -4.6209 0.0828
Pedestrian -1 -1 -3.5146 1232.6418 165.9989 1241.0000 201.6401 1.8156 0.5664 0.3356 32.3003 1.4661 37.0792 -2.8022 0.0713
Pedestrian -1 -1 -6.5409 1143.4878 168.4833 1159.2908 203.9863 1.8214 0.5902 0.5192 28.0100 1.5969 37.3883 -5.9021 0.0578
Cyclist -1 -1 -6.3270 1003.6063 178.5600 1031.8005 204.5653 1.7854 0.6906 1.6874 28.5055 2.1901 50.5272 -5.8163 0.0545
Cyclist -1 -1 -4.5425 784.9246 173.3569 801.2561 207.6121 1.6829 0.5445 1.5684 9.1778 1.7085 36.2991 -4.2973 0.0531
Car -1 -1 -4.2731 209.2034 184.9573 314.7577 232.0450 1.5115 1.7393 4.4759 -12.6899 1.9942 26.5541 -4.7153 0.9063
Car -1 -1 -4.3291 318.8334 183.1738 367.3640 209.7380 1.7618 1.7273 4.4512 -19.1376 2.5353 51.8538 -4.6814 0.7537
Car -1 -1 -4.3521 421.0343 181.9870 453.3826 198.9817 1.4336 1.5419 3.9622 -15.5808 2.2839 65.1433 -4.5863 0.4423
Car -1 -1 -5.0550 648.0286 178.6582 752.1989 241.0577 1.5763 1.6315 4.2095 2.4234 1.7619 20.8775 -4.9419 0.2753
Car -1 -1 -5.1325 987.4452 180.7508 1038.9305 206.3101 1.7228 1.6325 4.2755 29.0565 2.3178 52.1935 -4.6274 0.1583
Car -1 -1 -5.0078 746.0469 171.9478 792.5635 205.0441 1.8638 1.6347 3.7860 9.3077 1.8125 42.5868 -4.7945 0.1579
Car -1 -1 -5.1845 17.9715 190.0094 98.9989 223.3112 1.5704 1.6308 4.1479 -28.5919 2.4968 37.3427 -5.8347 0.1232
Car -1 -1 -4.5992 980.3333 167.9926 1043.7638 215.1286 1.5221 1.5706 3.4631 14.0184 1.3648 25.1664 -4.0964 0.1177
Car -1 -1 -4.6146 301.7376 186.3663 328.4065 207.8813 1.5372 1.5531 3.8251 -22.9559 2.6275 56.1860 -5.0011 0.1043
Car -1 -1 -4.8402 258.1364 184.4918 294.1958 209.0321 1.5542 1.7380 4.3405 -23.2822 2.4004 50.1790 -5.2729 0.0866
Car -1 -1 -6.8426 1113.1345 170.9836 1215.9512 200.4890 1.5882 1.7224 4.2429 30.5435 1.4872 39.8878 -6.1930 0.0797
Car -1 -1 -4.7581 877.3860 178.0480 905.2867 203.3076 1.6760 1.6344 4.0819 19.8015 2.0585 50.9730 -4.3900 0.0737
Car -1 -1 -4.0397 67.0702 188.7250 146.8446 219.0412 1.5407 1.6480 3.8479 -28.3189 2.4794 40.7134 -4.6446 0.0713
Car -1 -1 -4.8346 346.7601 180.4859 384.0955 209.0105 1.6616 1.7243 4.2540 -15.5128 2.1673 45.5468 -5.1615 0.0693
Car -1 -1 -5.2454 910.9653 172.8983 1025.4824 225.5690 1.5686 1.5887 3.8070 11.4517 1.5698 23.4550 -4.7966 0.0687
Car -1 -1 -5.8103 894.5521 177.3600 1064.0796 237.9822 1.4938 1.5810 3.9125 10.1216 1.6319 20.1246 -5.3507 0.0643
Car -1 -1 -4.6918 439.1769 180.2512 461.4141 200.1168 1.5488 1.7235 4.2431 -13.3101 2.1884 60.1763 -4.9089 0.0618
Car -1 -1 -4.5394 300.6641 185.8876 339.9315 211.6817 1.4864 1.6351 4.0877 -18.4194 2.3551 45.9378 -4.9190 0.0532
Car -1 -1 -4.2717 381.0085 181.9134 419.7467 199.1171 1.4583 1.6684 4.4257 -19.1176 2.3147 65.9186 -4.5532 0.0514
