Car -1 -1 -2.7608 592.6667 177.3716 641.5083 197.0175 1.6636 1.6949 3.9394 0.5998 2.0694 63.3347 -2.7518 0.0966
Pedestrian -1 -1 -2.9811 1090.8423 160.9717 1146.6224 302.5218 1.5842 0.4844 0.4689 5.8749 1.4509 8.4124 -2.3884 0.0784
Cyclist -1 -1 -5.0543 415.7937 175.7570 437.8139 211.6041 1.7140 0.5553 1.5644 -9.0448 1.8595 35.4345 -5.3029 0.0635
Car -1 -1 -8.1876 693.5652 170.0153 722.9233 188.4373 1.7312 1.6420 3.8398 9.4562 1.4641 69.8492 -8.0539 0.0584
Car -1 -1 -6.1127 564.6140 173.3830 611.6642 189.3923 1.4639 1.5985 4.1656 -2.0388 1.5136 67.1314 -6.1433 0.0546
Car -1 -1 -2.4623 540.3923 174.9967 593.5181 197.1322 1.5164 1.6373 3.5364 -3.1132 1.6739 51.4478 -2.5229 0.0522
Pedestrian -1 -1 -2.9017 339.3378 167.2833 365.9659 226.4102 1.8457 0.6030 0.6701 -8.1945 1.6715 22.8575 -3.2427 0.0521
Cyclist -1 -1 -8.1782 725.0417 165.4888 757.9849 217.5386 1.8171 0.5794 1.9391 4.7068 1.5597 26.1916 -8.0030 0.8700
Pedestrian -1 -1 -2.6285 16.3475 170.2284 100.3605 300.6494 1.7979 0.5597 0.7747 -7.8921 1.7614 10.2744 -3.2712 0.2169
Cyclist -1 -1 -7.5435 324.7164 178.5000 355.8841 233.2471 1.5844 0.3797 1.7119 -8.2249 1.7624 21.9237 -7.8989 0.1730
Pedestrian -1 -1 -4.2627 247.6551 173.9698 284.6835 246.2028 1.7265 0.5456 0.7463 -8.4445 1.7541 17.6332 -4.7038 0.1277
Pedestrian -1 -1 -4.5402 255.8768 173.2804 288.2379 247.0533 1.7326 0.5850 0.7483 -8.1858 1.7429 17.3883 -4.9748 0.1270
Pedestrian -1 -1 -6.3199 618.6017 171.2671 624.3957 189.1940 1.6299 0.6877 0.5037 1.0278 1.4853 65.9520 -6.3047 0.1241
Pedestrian -1 -1 -6.5204 893.5300 163.3455 905.2592 211.9992 1.7999 0.4902 0.2972 10.7637 1.4479 26.9561 -6.1447 0.1208
Pedestrian -1 -1 -8.5100 902.1956 157.2086 936.9426 217.6107 1.8097 0.5947 0.8262 9.4222 1.3406 22.0928 -8.1121 0.1182
Cyclist -1 -1 -7.7304 769.8563 167.6666 787.4791 211.5426 1.7443 0.4983 1.7584 6.8836 1.5378 29.5969 -7.5046 0.1120
Pedestrian -1 -1 -2.6519 0.0000 160.4804 64.8449 309.3423 1.8600 0.6211 0.8110 -7.7836 1.7051 9.3964 -3.3299 0.0942
Pedestrian -1 -1 -8.8822 889.6707 161.2684 930.0129 232.8492 1.7710 0.5840 0.7539 7.5619 1.4840 18.3280 -8.4971 0.0851
Pedestrian -1 -1 -6.4290 884.5052 165.4069 896.1356 212.0981 1.7892 0.5416 0.3419 10.8112 1.5035 27.9501 -6.0639 0.0843
Cyclist -1 -1 -7.8673 539.5304 175.1049 549.1701 203.8927 1.6966 0.5549 1.6039 -3.9967 1.8345 43.4787 -7.9589 0.0835
Pedestrian -1 -1 -4.2628 457.6844 166.7335 483.2180 219.6936 1.8196 0.6526 0.6626 -4.9152 1.6090 25.1938 -4.4540 0.0830
Pedestrian -1 -1 -3.3462 615.9917 171.0879 624.3922 189.9460 1.7080 0.5147 0.6734 0.9044 1.5478 65.6683 -3.3328 0.0829
Pedestrian -1 -1 -4.6115 314.2588 175.7107 339.5834 237.4933 1.7292 0.6001 0.7736 -8.1585 1.8126 20.6891 -4.9832 0.0807
Cyclist -1 -1 -7.7591 763.1135 168.9424 780.0411 212.5155 1.7344 0.5266 1.6962 6.5949 1.5784 29.6089 -7.5426 0.0771
Pedestrian -1 -1 -4.1322 952.7144 153.6067 1001.8705 252.3808 1.7989 0.5828 0.6158 6.8393 1.4480 13.5479 -3.6741 0.0756
Pedestrian -1 -1 -4.0822 1125.7891 139.7799 1210.3525 292.8076 1.7771 0.5295 0.6554 6.6860 1.3927 8.7296 -3.4453 0.0727
Pedestrian -1 -1 -7.5642 786.5461 166.8165 805.5846 209.7229 1.7973 0.6571 0.5396 7.8548 1.5441 30.6252 -7.3160 0.0686
Cyclist -1 -1 -4.7405 617.6836 171.8892 622.3006 189.4416 1.5875 0.3779 1.5166 0.8900 1.4999 66.0175 -4.7274 0.0664
Pedestrian -1 -1 -2.6739 55.9158 174.2995 119.9415 284.6300 1.7238 0.5613 0.6498 -8.4397 1.7474 11.6081 -3.2919 0.0660
Pedestrian -1 -1 -2.2786 230.3422 174.8228 270.7869 247.9983 1.7239 0.5532 0.6982 -8.7214 1.7721 17.4107 -2.7372 0.0659
Pedestrian -1 -1 -7.8185 1178.9114 144.9060 1239.7943 292.8684 1.7052 0.5512 0.6028 7.1874 1.3828 8.7235 -7.1462 0.0649
Cyclist -1 -1 -7.5617 0.0000 160.2366 70.5723 311.0010 1.8360 0.4010 1.7799 -7.8340 1.6820 9.6884 -8.2284 0.0630
Pedestrian -1 -1 -4.8520 873.1158 162.1853 899.3774 230.3958 1.7662 0.5541 0.6769 7.2447 1.4896 19.0732 -4.4947 0.0621
Pedestrian -1 -1 -4.0941 937.8686 157.3277 984.0934 251.9784 1.7567 0.5083 0.6596 6.6449 1.4682 13.7749 -3.6536 0.0619
Pedestrian -1 -1 -8.1662 320.6101 176.1478 349.4763 233.1753 1.6872 0.6168 0.7557 -8.3929 1.7890 21.8910 -8.5287 0.0612
Pedestrian -1 -1 -3.2667 159.3500 173.9389 201.0470 267.2570 1.6940 0.5489 0.6095 -8.1029 1.7146 13.5108 -3.7986 0.0603
Pedestrian -1 -1 -4.1818 1081.0835 136.3712 1160.9250 290.5722 1.8360 0.5341 0.7067 6.3009 1.4013 8.9839 -3.5860 0.0595
Pedestrian -1 -1 -6.2339 887.3927 163.8049 900.4944 212.3630 1.7934 0.5373 0.4331 10.5741 1.4589 26.9827 -5.8646 0.0589
Cyclist -1 -1 -3.7195 749.4407 169.1934 796.4962 211.9535 1.7143 0.7009 1.7906 6.6345 1.5673 29.5710 -3.5015 0.0563
Pedestrian -1 -1 -8.7100 755.3382 167.7730 780.2001 214.8968 1.7351 0.5452 0.7307 5.8610 1.5478 27.0235 -8.4992 0.0553
Cyclist -1 -1 -7.7458 936.4164 163.8338 968.3745 245.8331 1.6476 0.4540 1.6547 7.2320 1.4660 15.3237 -7.3129 0.0550
Pedestrian -1 -1 -4.6982 45.9929 171.6187 87.9687 286.0232 1.7725 0.5247 0.6846 -8.7800 1.7530 11.6099 -5.3349 0.0544
Pedestrian -1 -1 -7.4076 931.4252 158.7367 972.8887 243.4785 1.7583 0.6366 0.5250 7.2400 1.4651 15.3836 -6.9757 0.0538
Cyclist -1 -1 -7.7105 893.8747 165.3426 919.0851 234.0609 1.6780 0.3786 1.6365 7.5293 1.4943 18.4218 -7.3287 0.0532
Pedestrian -1 -1 -7.0800 1058.4913 142.6498 1132.7712 292.8210 1.8157 0.5193 0.5747 6.0188 1.4502 9.0412 -6.5082 0.0524
Pedestrian -1 -1 -3.5100 1003.1766 148.7610 1057.2502 264.4664 1.7680 0.5389 0.5733 6.5333 1.3996 11.3329 -2.9988 0.0503
Car -1 -1 -4.3819 354.0067 187.8507 561.6850 321.9889 1.4224 1.6141 3.8905 -1.9361 1.6755 10.1496 -4.5669 0.9625
Car -1 -1 -4.5500 508.6270 179.9146 552.1633 211.5791 1.4444 1.5352 3.9036 -3.9314 1.8138 35.7907 -4.6591 0.8457
Car -1 -1 -4.4851 310.8819 186.7306 445.4592 282.7890 1.4191 1.5170 3.5024 -4.0568 1.7030 12.9799 -4.7830 0.8422
Car -1 -1 -6.4855 629.9337 180.8993 707.2256 208.6815 1.4279 1.5799 3.8912 3.0745 1.8705 38.7017 -6.4074 0.4048
Car -1 -1 -4.3921 612.7122 174.9774 645.2834 196.7873 1.8517 1.6858 4.0862 1.6962 2.0459 63.8976 -4.3661 0.0918
Car -1 -1 -4.9240 556.6780 172.7300 581.6017 189.4969 1.5453 1.5710 3.9272 -3.9341 1.5335 68.6002 -4.9814 0.0848
Car -1 -1 -4.7633 538.5568 177.2403 566.2584 203.6690 1.5368 1.5104 3.6950 -3.6224 1.8189 44.5275 -4.8445 0.0833
Car -1 -1 -7.2321 1237.5565 148.1918 1241.0000 372.9182 1.4335 1.5681 4.0134 7.3464 1.2759 5.4741 -6.3272 0.0783
Car -1 -1 -4.5824 718.6995 175.2483 756.2915 205.5989 1.5469 1.5564 3.6030 6.8977 1.6826 39.0342 -4.4092 0.0746
Car -1 -1 -4.8013 621.4603 178.2759 652.3585 204.0430 1.4746 1.5338 3.9342 1.5698 1.8210 44.1410 -4.7665 0.0699
Car -1 -1 -4.0706 424.9606 179.6929 513.2639 216.7686 1.4086 1.5513 4.0057 -5.8790 1.7162 30.3438 -4.2609 0.0630
