Pedestrian -1 -1 -3.2173 547.7574 159.5541 647.3539 324.3476 1.7391 0.5729 1.0539 -0.1533 1.5185 7.7958 -3.2344 0.8750
Cyclist -1 -1 -4.9727 667.9724 166.3569 692.5339 210.2907 1.7155 0.5983 1.5568 2.9849 1.1635 28.4242 -4.8675 0.0998
Pedestrian -1 -1 -4.9446 1016.7272 205.1209 1103.0016 369.0000 1.2730 0.4043 0.5488 3.2810 1.4665 5.2207 -4.4084 0.0837
Pedestrian -1 -1 -7.5268 18.0621 167.3385 71.8941 257.3721 1.7666 0.6214 0.8191 -11.4027 1.5087 14.3617 -8.1853 0.0742
Car -1 -1 -3.9602 0.0000 176.1451 25.0986 238.8551 1.6076 1.6392 4.1447 -19.1285 1.4963 20.2012 -4.7088 0.0670
Pedestrian -1 -1 -9.2146 1150.8210 167.9786 1188.3335 240.0671 1.8235 0.6906 0.6351 14.6107 1.5071 18.3497 -8.5491 0.0617
Pedestrian -1 -1 -3.9883 793.1479 158.3817 804.9152 185.7617 1.7557 0.5456 0.4899 12.5352 0.3375 45.7005 -3.7205 0.0553
Car -1 -1 -4.9642 596.6600 150.9973 633.8586 173.6570 1.4766 1.6442 4.0687 0.6718 -0.5006 49.5556 -4.9486 0.0503
Cyclist -1 -1 -4.2219 50.7360 167.7567 131.1500 264.1275 1.6622 0.4630 1.6486 -9.4816 1.4428 13.0418 -4.8371 0.1604
Pedestrian -1 -1 -8.0752 838.2607 169.5070 869.9221 234.4570 1.5994 0.6037 0.7215 6.2217 1.3290 17.8033 -7.7429 0.1571
Pedestrian -1 -1 -4.3311 1172.8260 165.8476 1223.0000 268.7679 1.6815 0.6043 0.7329 10.1204 1.4425 11.9925 -3.6416 0.1566
Pedestrian -1 -1 -7.8480 263.0601 162.7588 300.4822 256.8355 1.7545 0.6413 0.8889 -6.3101 1.4240 13.7220 -8.2685 0.1427
Pedestrian -1 -1 -7.9799 599.7478 161.0127 627.3737 233.8801 1.7781 0.5956 0.7794 0.1653 1.3029 17.6744 -7.9689 0.1305
Pedestrian -1 -1 -8.3899 545.1177 162.1012 582.3154 235.9398 1.7910 0.6465 0.7244 -1.0744 1.3451 17.6310 -8.4479 0.1194
Cyclist -1 -1 -7.8096 505.6920 161.6893 544.0026 264.0361 1.7558 0.6211 1.7802 -1.5012 1.4335 13.0384 -7.9197 0.1165
Pedestrian -1 -1 -7.3170 484.9579 169.2661 535.2798 263.9670 1.6596 0.5873 0.7877 -1.7662 1.4631 12.8689 -7.4483 0.0979
Pedestrian -1 -1 -4.7176 848.1417 160.1304 882.8824 263.1300 1.7671 0.5634 0.7514 4.5771 1.4180 12.5782 -4.3750 0.0972
Pedestrian -1 -1 -4.1230 661.3633 140.4257 678.5737 172.4379 1.7690 0.6314 0.7927 3.6487 -0.4599 39.8348 -4.0302 0.0961
Pedestrian -1 -1 -4.2637 854.1202 159.3977 906.5746 267.1835 1.7500 0.5634 0.7434 4.6025 1.4078 11.9398 -3.9029 0.0951
Pedestrian -1 -1 -2.7339 818.1240 178.6448 860.9797 254.9175 1.4738 0.4758 0.6772 4.6177 1.4383 14.0638 -2.4217 0.0900
Pedestrian -1 -1 -1.7893 89.2793 173.5324 131.6716 263.6128 1.6263 0.5259 0.6430 -9.2642 1.5008 13.1763 -2.3890 0.0827
Pedestrian -1 -1 -7.9243 529.5648 160.5808 562.7245 259.0915 1.7576 0.5505 0.8696 -1.1462 1.4026 13.0868 -8.0078 0.0808
Pedestrian -1 -1 -6.6786 1017.9913 156.2531 1074.7341 268.5703 1.8039 0.5578 0.6237 7.2270 1.4148 11.6775 -6.1349 0.0797
Pedestrian -1 -1 -3.6256 545.7916 172.9092 588.6296 251.0597 1.5876 0.5335 0.7296 -0.8367 1.4337 14.7793 -3.6792 0.0789
Pedestrian -1 -1 -4.6237 676.4922 171.6346 709.6152 254.1039 1.6438 0.6116 0.7948 1.7733 1.4675 14.5456 -4.5033 0.0758
Pedestrian -1 -1 -7.8090 963.0164 166.6102 1003.1942 271.1232 1.6582 0.5634 0.6039 6.1679 1.4382 11.6202 -7.3306 0.0746
Pedestrian -1 -1 -4.4902 1083.2908 148.5036 1136.0464 266.0488 1.8450 0.5683 0.7025 8.1918 1.3432 11.5450 -3.8844 0.0743
Cyclist -1 -1 -8.0752 952.9769 172.0500 1020.1365 281.5780 1.5857 0.5124 1.8490 5.9459 1.4637 11.1955 -7.5970 0.0740
Cyclist -1 -1 -6.6101 816.8185 166.2015 886.8615 234.3765 1.7074 0.5915 1.5765 6.2300 1.3497 18.0057 -6.2808 0.0731
Pedestrian -1 -1 -6.7221 1124.3390 148.2642 1199.7551 266.2231 1.8734 0.6028 0.7870 9.0747 1.3618 11.6069 -6.0701 0.0708
Pedestrian -1 -1 -4.1355 748.1055 174.0250 793.5011 257.2593 1.6148 0.5205 0.8320 3.2854 1.4895 14.1935 -3.9112 0.0706
Pedestrian -1 -1 -5.1246 642.9553 171.5658 689.9889 262.6566 1.6087 0.5989 0.7647 1.0688 1.4513 12.9458 -5.0424 0.0699
Pedestrian -1 -1 -7.0453 604.6298 163.5659 644.6834 234.3347 1.7415 0.5551 0.8718 0.4586 1.3251 17.8978 -7.0184 0.0689
Cyclist -1 -1 -8.4657 933.6253 166.9746 1003.9410 254.0672 1.6460 0.4317 1.5406 7.2010 1.3907 14.1565 -8.0025 0.0652
Cyclist -1 -1 -6.3832 659.5093 140.3445 690.7917 172.4376 1.8007 0.6256 1.7131 3.9633 -0.4612 40.1427 -6.2834 0.0628
Cyclist -1 -1 -8.2110 828.1366 165.2343 868.8286 233.4737 1.6991 0.4947 1.5046 6.2620 1.3193 18.3651 -7.8860 0.0619
Pedestrian -1 -1 -4.9040 457.4155 168.3180 493.7877 250.2460 1.6897 0.6299 0.7557 -2.8053 1.4388 15.0482 -5.0827 0.0595
Pedestrian -1 -1 -3.5951 394.2130 168.5158 442.9685 249.8354 1.6871 0.5654 0.8498 -4.0398 1.4388 15.1600 -3.8486 0.0590
Cyclist -1 -1 -4.8344 668.9875 140.4404 680.4539 171.4457 1.6935 0.4522 1.5966 3.9142 -0.5210 39.8906 -4.7352 0.0575
Pedestrian -1 -1 -5.0665 1061.1005 148.3891 1120.1328 265.8837 1.8504 0.5802 0.6997 7.8610 1.3451 11.5426 -4.4797 0.0571
Pedestrian -1 -1 -3.4472 197.3099 167.0657 242.1785 256.1749 1.6860 0.5512 0.6356 -7.5640 1.4322 13.7980 -3.9372 0.0538
Pedestrian -1 -1 -7.9745 983.1112 165.5924 1026.5457 271.6400 1.6860 0.5472 0.5805 6.5056 1.4494 11.6123 -7.4738 0.0533
Cyclist -1 -1 -8.3874 918.4996 163.9309 991.6175 251.7811 1.6534 0.5265 1.6573 6.9204 1.3419 14.1553 -7.9398 0.0533
Cyclist -1 -1 -7.3535 88.4238 172.0669 165.5933 260.2397 1.5910 0.4703 1.6763 -9.2029 1.4392 13.6124 -7.9353 0.0519
Pedestrian -1 -1 -5.1368 914.6250 181.2765 962.1672 272.6093 1.4190 0.5284 0.4809 5.2372 1.4320 11.2304 -4.7095 0.0517
Cyclist -1 -1 -3.8368 912.8116 172.7478 1057.6057 290.2543 1.5675 0.7631 1.7212 5.3017 1.4645 9.9908 -3.3603 0.0514
Pedestrian -1 -1 -8.2309 776.4667 165.8452 808.7889 233.7902 1.6680 0.5838 0.6444 4.6524 1.3086 17.7134 -7.9767 0.0509
Cyclist -1 -1 -8.3504 949.8919 165.7515 1016.0956 253.3040 1.6562 0.4542 1.5848 7.4931 1.3776 14.1717 -7.8716 0.0509
Pedestrian -1 -1 -3.3262 598.3793 180.6637 633.2251 250.1293 1.4200 0.4389 0.6553 0.1755 1.4238 14.7267 -3.3128 0.0508
Pedestrian -1 -1 -5.2110 899.7216 163.3487 953.5519 268.9039 1.6897 0.5590 0.6546 5.2467 1.4155 11.6681 -4.7969 0.0504
Car -1 -1 -8.0403 653.4373 140.4368 693.6383 169.2991 1.5384 1.6537 3.7763 3.9272 -0.6829 41.1592 -7.9437 0.1075
Car -1 -1 -7.6145 786.9140 151.3180 826.9404 177.7557 1.6689 1.7053 3.8404 13.4995 -0.1911 47.1574 -7.3356 0.0991
Car -1 -1 -4.6955 589.1069 142.7163 612.8689 167.6298 1.7007 1.6857 3.9916 -0.2604 -0.9894 52.3478 -4.6983 0.0713
Car -1 -1 -4.3123 484.8562 165.5300 584.2211 227.3652 1.6944 1.6367 3.7851 -2.0627 1.2845 21.4256 -4.4051 0.0552
