Pedestrian -1 -1 -4.3610 348.1208 147.6570 429.8828 315.7544 1.9564 0.6284 1.0989 -2.7723 1.6628 8.9643 -4.6537 0.2182
Pedestrian -1 -1 -2.6473 301.7050 158.9711 402.3658 345.7207 1.7064 0.3895 0.8125 -2.4973 1.5792 6.8482 -2.9859 0.1479
Pedestrian -1 -1 -3.2705 53.7331 168.4295 74.4875 229.8444 1.9411 0.5724 0.4638 -17.5794 1.8009 23.1716 -3.9142 0.1396
Pedestrian -1 -1 -6.1164 862.5882 169.8742 877.8380 198.3055 1.8340 0.6356 0.8427 16.9267 1.6415 47.0263 -5.7733 0.1165
Cyclist -1 -1 -6.5310 920.7270 174.1918 955.2915 207.2971 1.7629 0.6176 1.5922 17.6354 1.8356 38.9013 -6.1087 0.1143
Pedestrian -1 -1 -6.8425 965.7983 166.7255 983.9886 204.1662 1.9085 0.5507 0.6386 18.7114 1.5958 37.0840 -6.3788 0.1048
Pedestrian -1 -1 -2.1768 312.4992 170.6041 334.3412 210.4625 1.8930 0.6465 0.7845 -13.8441 1.7859 34.7550 -2.5535 0.1001
Pedestrian -1 -1 -4.0322 965.5823 164.9661 999.3062 220.9824 1.8768 0.6452 0.8319 12.6683 1.6122 24.6393 -3.5626 0.0899
Cyclist -1 -1 -6.2963 591.7064 167.9610 635.3371 214.2171 1.9012 0.6499 1.7941 0.0976 1.6998 29.9906 -6.2938 0.0897
Pedestrian -1 -1 -3.3745 376.6156 175.2407 387.3530 197.4192 1.7850 0.5063 0.7341 -18.5340 1.9798 58.5653 -3.6800 0.0766
Pedestrian -1 -1 -4.8473 141.2351 173.1835 169.4686 232.0456 1.8047 0.6684 0.6507 -14.2837 1.8149 22.5906 -5.4060 0.0708
Pedestrian -1 -1 -6.3309 930.7185 179.1877 945.7797 208.0033 1.5226 0.5655 0.7062 17.5588 1.8654 38.6904 -5.9082 0.0651
Cyclist -1 -1 -8.2564 1111.7434 173.9304 1165.9293 249.1640 1.5809 0.3533 1.6002 11.6470 1.6057 16.0045 -7.6366 0.0596
Pedestrian -1 -1 -3.5038 190.7377 170.1585 211.3880 216.8449 1.9755 0.5707 0.6086 -17.5825 1.8611 30.9479 -4.0170 0.0587
Cyclist -1 -1 -7.6958 151.7728 176.3423 177.7448 230.0978 1.7220 0.4795 1.6441 -14.8885 1.8422 24.0756 -8.2449 0.0583
Cyclist -1 -1 -4.4794 159.6239 175.5809 189.3922 230.1227 1.7551 0.4866 1.6244 -14.6064 1.8493 24.1507 -5.0187 0.0579
Cyclist -1 -1 -2.2224 142.0523 173.5867 191.0063 229.9185 1.8174 0.5498 1.5555 -14.6957 1.8419 23.8314 -2.7702 0.0538
Pedestrian -1 -1 -6.6720 106.4601 171.4684 125.4494 204.4849 1.8365 0.6081 0.7044 -27.8330 1.7592 40.5971 -7.2701 0.0508
Cyclist -1 -1 -7.5696 162.1002 175.9839 196.2207 230.3042 1.7218 0.5133 1.6784 -14.2671 1.8288 23.8485 -8.1041 0.0500
Car -1 -1 -8.1549 699.9061 173.8882 741.1133 197.4088 1.6401 1.7420 4.4032 8.0021 1.7188 52.8233 -8.0058 0.7645
Car -1 -1 -4.7371 795.7182 175.2522 829.1573 206.6692 1.5850 1.6166 3.8122 10.7886 1.7203 38.7593 -4.4680 0.0792
Car -1 -1 -6.3357 1108.6021 184.3342 1226.7704 218.2619 1.4655 1.6476 4.3591 26.3636 2.0423 34.3646 -5.6859 0.0642
Car -1 -1 -4.8014 852.3980 176.1447 895.7321 209.3196 1.5148 1.6143 4.2354 12.9373 1.6873 35.6454 -4.4563 0.0600
Car -1 -1 -2.5783 238.5117 172.2649 291.2876 191.1950 1.7271 1.6250 4.1957 -31.9910 1.6731 66.8852 -3.0231 0.0553
Car -1 -1 -5.0447 374.3484 176.4590 423.5311 204.4269 1.6502 1.6489 4.3156 -13.3544 1.8878 45.3867 -5.3296 0.0552
Car -1 -1 -7.1609 908.6907 178.2421 983.0777 205.8091 1.4421 1.5960 3.9316 18.5549 1.7517 39.9262 -6.7291 0.0535
Car -1 -1 -5.3125 686.4856 173.3474 729.8015 190.9768 1.5478 1.6904 4.4527 8.8864 1.5941 65.8478 -5.1793 0.0530
