Car -1 -1 -7.7925 516.1432 175.7580 550.7238 205.9294 1.5403 1.6128 3.7901 -3.8165 1.2983 38.0184 -7.8900 0.8933
Cyclist -1 -1 -7.4187 380.7645 178.6735 405.4001 215.3183 1.7613 0.4795 1.7212 -10.4567 1.6737 34.8708 -7.7060 0.7670
Cyclist -1 -1 -3.1872 648.2821 166.5130 679.1052 196.7647 1.8205 0.5469 1.8384 3.5418 0.9789 42.8564 -3.1036 0.6550
Pedestrian -1 -1 -5.0325 937.8841 138.3494 972.1299 202.7495 1.9218 0.6813 0.9082 10.6412 0.6642 21.5946 -4.5786 0.3083
Cyclist -1 -1 -8.1254 494.8322 175.2948 506.2950 198.6319 1.6089 0.3968 1.5438 -7.3215 1.2501 49.5307 -8.2696 0.2019
Pedestrian -1 -1 -4.6126 1063.6598 133.0501 1100.5770 217.2646 1.8881 0.6406 0.7721 10.9944 0.8246 16.3534 -4.0279 0.1783
Pedestrian -1 -1 -5.6180 356.7543 180.2717 372.2175 208.2946 1.8695 0.5833 0.7950 -16.1855 1.8543 47.5771 -5.9423 0.1419
Car -1 -1 -7.6245 35.0771 168.3429 82.8746 193.9153 1.5818 1.6311 3.7139 -35.2770 0.8299 45.7623 -8.2761 0.1320
Pedestrian -1 -1 -6.1468 367.7966 180.5943 382.4691 207.8046 1.8450 0.5487 0.8860 -15.6981 1.8515 48.2909 -6.4576 0.1256
Cyclist -1 -1 -2.7863 529.2585 170.0707 555.1788 195.3338 1.8088 0.6567 1.7497 -4.5405 1.0621 51.1728 -2.8726 0.1086
Pedestrian -1 -1 -4.3334 1120.2948 141.0275 1164.1851 224.5598 1.6737 0.5881 0.4717 10.9988 0.8832 14.5407 -3.6945 0.1010
Pedestrian -1 -1 -3.0665 169.5948 168.3693 180.9025 193.2055 1.8473 0.4700 0.6893 -32.1798 0.9450 52.9553 -3.6081 0.0960
Car -1 -1 -7.4134 25.2378 167.2001 86.1397 190.4499 1.5453 1.6827 4.2515 -38.1656 0.6614 49.2492 -8.0677 0.0953
Car -1 -1 -8.5749 693.6927 163.0249 743.9954 186.7868 1.7782 1.6936 3.9236 8.8231 0.4705 55.0228 -8.4150 0.0931
Cyclist -1 -1 -3.0617 80.8394 155.3514 127.4253 193.0907 1.8816 0.6561 1.8884 -25.5041 0.6279 36.0129 -3.6718 0.0867
Car -1 -1 -7.4275 1204.2775 109.0085 1223.0000 214.6713 1.6483 1.6818 4.2009 12.8980 0.5334 12.5500 -6.6393 0.0835
Car -1 -1 -4.6136 541.6404 173.9398 567.2043 194.2733 1.4778 1.5399 3.9193 -3.7781 1.0010 53.3699 -4.6821 0.0719
Car -1 -1 -7.1544 1211.9202 128.7676 1223.0000 314.8803 1.4930 1.5547 4.0520 8.1997 1.0784 6.4686 -6.2736 0.0668
Pedestrian -1 -1 -5.6236 394.6528 178.4483 406.8058 200.6158 1.8888 0.5775 0.8204 -17.5112 1.7139 60.6643 -5.9016 0.0639
Car -1 -1 -4.8736 768.3920 171.4861 794.4959 191.3076 1.6502 1.5647 3.9351 15.1717 0.8997 60.8885 -4.6290 0.0622
Pedestrian -1 -1 -5.5734 170.4716 162.8920 191.3195 195.3810 1.9613 0.5824 0.9365 -25.8289 0.8984 43.0513 -6.1087 0.0616
Car -1 -1 -4.4196 416.8000 177.1551 450.1150 196.2451 1.6265 1.6800 4.3033 -15.0829 1.3414 62.4387 -4.6538 0.0590
Pedestrian -1 -1 -3.8965 1012.8878 146.1882 1049.9825 216.5237 1.7861 0.6637 0.5042 11.0097 0.9151 18.3341 -3.3616 0.0582
Car -1 -1 -5.1012 706.0197 167.1594 738.9036 183.4938 1.5624 1.7036 4.2960 11.5961 0.2862 69.9112 -4.9358 0.0562
Car -1 -1 -5.2153 684.3401 169.4385 719.9025 185.1004 1.5013 1.6480 4.2427 9.6064 0.4408 70.0528 -5.0779 0.0548
Car -1 -1 -7.2827 1223.0000 121.1837 1223.0000 369.0000 1.5973 1.6146 4.1711 6.9060 1.2718 4.8332 -6.3515 0.0541
Car -1 -1 -4.9071 490.2586 176.4564 517.0491 193.5589 1.4603 1.5980 4.0398 -8.9794 1.1150 62.5432 -5.0473 0.0539
Cyclist -1 -1 -3.3243 591.4035 167.8088 621.7587 196.2468 1.8218 0.5645 1.8927 0.0946 1.0088 45.7403 -3.3205 0.5922
Pedestrian -1 -1 -2.7275 445.2384 172.7963 464.0933 203.4237 1.8209 0.5539 0.9648 -9.0237 1.3629 42.4057 -2.9340 0.5693
Pedestrian -1 -1 -3.6265 559.5035 168.9623 576.4683 198.8826 1.8343 0.5419 0.9011 -2.3013 1.1270 43.8093 -3.6769 0.4287
Pedestrian -1 -1 -5.8905 455.9690 174.6898 465.3006 202.8378 1.7247 0.4971 0.4040 -8.9099 1.3687 43.6045 -6.0889 0.2284
Pedestrian -1 -1 -5.0222 969.3860 140.6011 990.8699 181.3430 1.8353 0.7070 0.6217 17.0652 0.0382 32.2184 -4.5374 0.2112
Pedestrian -1 -1 -6.3644 498.8752 170.9132 512.2640 200.2353 1.8067 0.6065 0.7782 -6.1896 1.2161 43.9455 -6.5016 0.2001
Cyclist -1 -1 -4.9270 962.1718 142.5588 985.4517 181.3321 1.7273 0.5948 1.6791 16.8561 0.0373 32.3864 -4.4493 0.1958
Cyclist -1 -1 -3.0285 875.4897 151.5055 912.6651 187.2180 1.7495 0.6114 1.6602 14.4117 0.3293 35.3037 -2.6422 0.1713
Pedestrian -1 -1 -3.8716 843.4225 152.0076 867.8291 195.6657 1.8431 0.6752 0.7180 10.7114 0.6405 30.2985 -3.5332 0.1428
Pedestrian -1 -1 -2.8111 820.7679 158.8476 834.9091 183.8081 1.8305 0.5131 0.8789 16.4917 0.2426 52.3184 -2.5057 0.1364
Cyclist -1 -1 -7.0544 957.7260 139.8064 998.7475 179.5088 1.7906 0.5971 1.7443 17.1053 -0.0461 32.4486 -6.5715 0.1112
Cyclist -1 -1 -6.6968 1150.4257 135.7938 1213.7644 183.1847 1.7552 0.6613 1.7353 21.7660 0.0997 26.7341 -6.0175 0.1042
Cyclist -1 -1 -7.9654 1212.6725 139.8528 1223.0000 187.1320 1.6199 0.4688 1.6934 21.9289 0.2275 25.0550 -7.2510 0.0890
Cyclist -1 -1 -6.2460 881.7799 154.4888 919.0837 191.1851 1.7700 0.7665 1.6681 14.5210 0.5155 34.7993 -5.8522 0.0886
Cyclist -1 -1 -7.8580 500.9354 173.0286 508.6205 200.2106 1.6599 0.4651 1.6325 -6.2491 1.2037 44.0176 -7.9964 0.0856
Cyclist -1 -1 -5.4428 1141.8934 143.6849 1190.6819 186.9541 1.6014 0.5185 1.5977 21.3626 0.2391 26.9815 -4.7771 0.0850
Pedestrian -1 -1 -3.5661 505.4068 168.7898 521.8639 198.3221 1.8617 0.5863 0.8767 -5.8281 1.1236 45.0523 -3.6921 0.0833
Pedestrian -1 -1 -7.9693 837.5652 161.1707 853.6875 194.9093 1.6357 0.6773 0.6396 11.7726 0.6988 34.6629 -7.6429 0.0829
Pedestrian -1 -1 -6.4012 489.4514 167.6263 504.6358 197.8091 1.8782 0.5382 0.8856 -6.7840 1.0772 44.3750 -6.5501 0.0789
Pedestrian -1 -1 -6.1917 880.9757 152.7537 897.7893 200.3345 1.7835 0.6972 0.5353 10.8058 0.7437 26.9345 -5.8124 0.0756
Pedestrian -1 -1 -8.1173 1205.1360 140.1404 1223.0000 188.8357 1.7261 0.6178 0.4249 21.9802 0.2957 25.3875 -7.4082 0.0743
Cyclist -1 -1 -5.3730 831.5172 152.5101 869.2553 195.4237 1.7844 0.5709 1.7494 10.4776 0.6207 30.3195 -5.0417 0.0705
Pedestrian -1 -1 -6.0575 1018.7343 140.0341 1043.4126 189.8980 1.7125 0.6180 0.6186 14.8642 0.3230 24.7202 -5.5199 0.0693
Cyclist -1 -1 -8.3624 888.1902 153.4536 917.3041 189.3318 1.7353 0.5608 1.7188 14.7379 0.4273 35.0832 -7.9661 0.0654
Pedestrian -1 -1 -5.9420 448.6385 174.2935 464.9766 203.3389 1.7698 0.5875 0.8335 -9.1081 1.3917 43.4295 -6.1456 0.0651
Cyclist -1 -1 -8.1855 1107.0800 142.1420 1137.2095 182.7843 1.6996 0.5129 1.7043 22.2333 0.0957 30.4581 -7.5582 0.0650
Pedestrian -1 -1 -8.9820 1214.1646 141.2978 1223.0000 192.9705 1.7443 0.7141 0.4661 21.3183 0.4212 24.2234 -8.2651 0.0633
Cyclist -1 -1 -4.8104 977.9351 143.6679 995.8666 181.9530 1.6992 0.5521 1.6690 17.3892 0.0647 32.2572 -4.3183 0.0623
Cyclist -1 -1 -6.9449 950.2298 140.0108 991.5824 179.0075 1.7781 0.6266 1.6687 16.9152 -0.0699 32.7372 -6.4700 0.0609
Pedestrian -1 -1 -5.6436 896.2478 154.1930 917.7167 202.9002 1.7174 0.5820 0.4473 10.7605 0.7901 25.2705 -5.2438 0.0587
Cyclist -1 -1 -7.1009 1112.3147 141.6104 1159.8843 183.0161 1.7270 0.6305 1.6875 22.4659 0.1052 29.9503 -6.4607 0.0566
Cyclist -1 -1 -7.3626 1212.5653 132.9924 1223.0000 184.4563 1.7573 0.6414 1.7390 22.1577 0.1354 24.7456 -6.6369 0.0563
Pedestrian -1 -1 -6.1390 799.5754 160.9499 808.9780 179.9449 1.8196 0.5544 0.8010 19.2379 -0.0540 68.1707 -5.8634 0.0554
Pedestrian -1 -1 -6.7019 456.7898 171.7878 469.8096 201.8558 1.8291 0.6395 0.5747 -8.7144 1.2992 43.4371 -6.8968 0.0548
Cyclist -1 -1 -7.9644 1078.1401 147.8112 1095.1642 184.2408 1.6464 0.4711 1.6056 22.2943 0.1693 32.7743 -7.3698 0.0539
Pedestrian -1 -1 -8.4208 829.5602 159.6325 840.9434 182.9127 1.7450 0.5873 0.5976 17.3799 0.1808 53.3609 -8.1059 0.0537
Pedestrian -1 -1 -8.0768 885.6492 156.4118 902.7602 190.8460 1.6902 0.6453 0.7013 14.3345 0.5080 35.1035 -7.6905 0.0525
Pedestrian -1 -1 -7.9379 1210.6008 138.4177 1223.0000 188.1602 1.7350 0.6849 0.5344 21.9265 0.2674 25.0795 -7.2240 0.0519
Pedestrian -1 -1 -6.1054 920.9951 155.7204 939.7869 207.1514 1.6756 0.6489 0.4611 10.7520 0.8686 23.4337 -5.6786 0.0511
Car -1 -1 -3.6701 937.7708 141.5078 1090.3529 187.7419 1.5053 1.5967 4.2297 13.6771 0.2361 23.8430 -3.1531 0.6739
Car -1 -1 -6.5932 815.9415 158.9609 876.0668 179.5337 1.5440 1.6775 4.0260 18.3819 -0.0750 54.0214 -6.2652 0.5199
Car -1 -1 -5.2054 748.0795 166.6503 802.1882 193.3294 1.6052 1.6292 3.9726 10.6765 0.7720 44.6701 -4.9707 0.3963
Car -1 -1 -5.0119 824.7319 159.2578 889.2537 194.5884 1.5125 1.6428 4.0260 11.3996 0.6033 32.3109 -4.6740 0.1853
Car -1 -1 -7.6190 880.3738 154.5297 931.2382 184.7321 1.4714 1.6047 3.6684 15.5040 0.2064 36.3989 -7.2176 0.1771
Car -1 -1 -8.1185 954.0359 145.6044 1016.3419 180.0425 1.5343 1.6243 3.9131 17.9787 -0.0230 33.6457 -7.6298 0.1578
Car -1 -1 -7.9284 1058.3151 150.2017 1104.4722 181.5721 1.4318 1.5624 3.7442 23.0145 0.0491 34.2850 -7.3397 0.1350
Car -1 -1 -6.6541 820.3977 159.9359 870.7867 176.7389 1.6065 1.6593 4.3428 23.4549 -0.3717 68.9330 -6.3257 0.1230
Car -1 -1 -8.0586 806.1406 159.5614 855.1491 191.2543 1.5419 1.6111 4.0141 11.5520 0.5234 36.4779 -7.7526 0.1223
Car -1 -1 -6.6763 879.4087 155.7785 944.4568 176.9989 1.5958 1.6689 4.2688 23.5482 -0.2733 54.3241 -6.2676 0.0932
Car -1 -1 -2.6054 256.8086 185.0679 345.1635 214.2783 1.5320 1.7017 4.1428 -16.5568 1.7884 38.5543 -3.0065 0.0913
Car -1 -1 -4.9092 781.1896 165.2722 823.2312 192.5605 1.4981 1.6061 3.8335 11.3061 0.6622 40.7875 -4.6391 0.0793
Car -1 -1 -8.0700 872.4880 157.1405 901.1225 176.3041 1.7949 1.7435 4.2142 27.6488 -0.4253 69.4197 -7.6907 0.0779
Car -1 -1 -5.3339 758.0352 164.7511 797.5939 180.9401 1.5415 1.6458 4.1910 16.9857 0.0418 69.5774 -5.0938 0.0715
Car -1 -1 -5.1569 915.4445 154.5583 954.2628 176.5588 2.0766 1.7691 4.3344 32.4797 -0.4008 69.6928 -4.7208 0.0614
Car -1 -1 -8.6254 1029.2839 144.5450 1167.0538 190.6657 1.4912 1.6735 3.9723 17.2011 0.3290 24.9606 -8.0261 0.0607
Car -1 -1 -8.1241 793.4694 162.3590 821.4370 179.6295 1.6512 1.6688 3.9000 19.9614 -0.0885 69.7580 -7.8449 0.0583
Car -1 -1 -6.5729 917.0665 144.0554 1054.7070 188.4405 1.5403 1.6302 4.1110 13.7167 0.2758 25.7377 -6.0864 0.0548
Car -1 -1 -4.8190 1153.1967 138.1268 1219.8213 179.5386 1.5191 1.6293 3.6920 22.9237 -0.0406 28.0212 -4.1371 0.0529
