Car -1 -1 -4.4052 409.3364 183.7560 469.0605 219.0083 1.4556 1.5790 3.7811 -7.7647 1.9825 32.9428 -4.6353 0.9462
Car -1 -1 -4.3078 300.3400 184.2221 401.4568 239.7249 1.5909 1.6172 4.0986 -8.3970 1.9961 23.6394 -4.6461 0.9358
Car -1 -1 -4.4981 385.4114 182.8779 422.8741 208.2553 1.4658 1.5542 3.3584 -12.7609 2.1113 44.7622 -4.7746 0.2848
Cyclist -1 -1 -7.9354 1039.4377 161.9482 1068.6045 243.2247 1.6476 0.3714 1.7387 9.4611 1.4262 15.4883 -7.3960 0.1235
Pedestrian -1 -1 -5.9970 825.2740 169.1366 839.8068 202.1962 1.8326 0.6344 0.6261 12.4341 1.6262 40.4333 -5.7011 0.1200
Car -1 -1 -4.4386 514.8542 175.6848 561.7414 205.9002 1.7183 1.7341 4.2776 -4.3158 1.8983 43.7121 -4.5369 0.0963
Car -1 -1 -4.9130 806.4915 170.1496 838.4528 192.1116 1.6866 1.6457 4.1088 16.8665 1.4786 57.5280 -4.6295 0.0865
Pedestrian -1 -1 -5.4834 917.6619 175.1204 939.4742 218.4668 1.5439 0.5069 0.5123 11.4585 1.6265 26.0627 -5.0739 0.0782
Car -1 -1 -4.4959 555.6603 179.7284 580.7845 197.1063 1.4682 1.5116 3.5452 -3.7180 2.0984 64.3086 -4.5539 0.0706
Pedestrian -1 -1 -2.9218 328.7397 171.5128 338.8174 209.3729 1.8952 0.4777 0.3794 -13.9662 1.8278 36.3824 -3.2862 0.0651
Car -1 -1 -4.0617 134.1982 179.3161 262.2114 235.2319 1.7368 1.6499 4.1926 -14.2033 1.9810 25.1093 -4.5722 0.0649
Pedestrian -1 -1 -2.5888 365.7179 171.5726 385.6533 206.1209 1.9993 0.5978 0.9331 -13.7240 1.9249 42.1565 -2.9020 0.0639
Car -1 -1 -4.3604 670.1043 174.8763 700.6550 191.9481 1.5775 1.5881 4.1675 7.2650 1.7780 69.4216 -4.2570 0.0571
Pedestrian -1 -1 -2.8335 800.9675 165.9958 818.2537 199.7347 1.9628 0.6963 0.8094 11.7189 1.5635 42.4885 -2.5666 0.0553
Cyclist -1 -1 -4.5997 274.9109 181.1948 293.7826 224.9228 1.7401 0.5163 1.7722 -13.5658 2.0971 29.9868 -5.0216 0.1820
Pedestrian -1 -1 -4.4831 201.3320 176.4120 234.4320 252.9040 1.8030 0.5452 0.7553 -9.5428 1.8910 17.4834 -4.9768 0.1740
Pedestrian -1 -1 -6.3340 255.9991 172.9551 288.4605 253.5156 1.8814 0.6566 0.6741 -8.1530 1.8836 17.2997 -6.7689 0.0759
Pedestrian -1 -1 -7.7777 283.1780 179.9006 301.2411 224.6328 1.8337 0.6354 0.7502 -13.3313 2.1327 30.1823 -8.1908 0.0696
Car -1 -1 -4.1766 81.5100 162.5293 280.0033 280.1176 2.1536 1.6629 4.2042 -8.8862 1.9642 15.3311 -4.6947 0.8921
Car -1 -1 -4.5124 458.4305 177.7022 501.2527 211.1652 1.7383 1.5773 3.9914 -7.2086 2.0208 40.0774 -4.6897 0.8765
Car -1 -1 -4.4384 479.5355 179.0230 521.7790 206.2264 1.5883 1.6167 3.8899 -6.8125 1.9908 45.0797 -4.5879 0.4033
Car -1 -1 -4.3736 498.7720 179.5119 540.2375 204.6024 1.6267 1.6004 4.0489 -6.2591 2.1082 50.0672 -4.4978 0.2619
Car -1 -1 -4.6581 531.5259 181.3176 552.3693 199.2435 1.3856 1.5134 3.6751 -5.6015 2.1040 59.4018 -4.7521 0.1926
Car -1 -1 -4.2532 434.0887 181.0644 489.3005 206.3203 1.4744 1.6735 4.3838 -9.4102 2.0238 45.9718 -4.4544 0.1455
Car -1 -1 -7.4064 201.4624 185.5182 291.6618 228.4132 1.4904 1.5794 3.9618 -14.1435 2.0207 28.2372 -7.8673 0.1252
Car -1 -1 -4.2720 110.5958 185.3881 215.6208 235.0669 1.5307 1.5709 3.9749 -15.5863 2.0063 25.3319 -4.8192 0.0680
Car -1 -1 -4.4769 502.2308 178.8604 543.8708 206.4175 1.5739 1.6658 3.8936 -5.2996 1.9578 44.1254 -4.5962 0.0517
