Pedestrian -1 -1 -6.9891 58.8219 171.2772 148.2208 334.5668 1.7237 0.6415 0.5150 -5.6269 1.7068 7.9491 -7.5898 0.2490
Pedestrian -1 -1 -6.6192 785.4429 164.2702 806.3256 201.1323 1.9321 0.6458 0.9065 9.7933 1.4819 38.1808 -6.3704 0.1849
Pedestrian -1 -1 -8.2378 874.1561 161.8868 895.0997 206.3625 1.8870 0.7287 0.4272 11.6902 1.4214 30.8358 -7.8790 0.1764
Cyclist -1 -1 -6.3502 946.1231 150.5200 1003.7025 203.2641 1.8319 0.7371 1.7828 12.9460 1.0559 25.7436 -5.8891 0.1518
Pedestrian -1 -1 -3.9108 798.7656 164.7102 813.8729 211.4561 2.0268 0.5367 0.3683 8.5559 1.6734 31.6090 -3.6493 0.1511
Pedestrian -1 -1 -7.7279 835.7905 168.5078 852.6358 213.0594 1.8545 0.6089 0.5905 9.8361 1.6733 30.4313 -7.4186 0.1049
Pedestrian -1 -1 -8.2150 480.9990 169.0037 496.4504 206.2544 1.9715 0.6384 0.6169 -6.5299 1.7674 38.6139 -8.3819 0.0884
Pedestrian -1 -1 -7.1502 658.8137 169.6089 673.4787 197.6038 1.8520 0.6925 0.6944 3.7199 1.6370 48.2242 -7.0741 0.0686
Pedestrian -1 -1 -8.2300 740.4053 172.9724 759.9614 214.5530 1.8331 0.6774 0.6114 6.2055 1.8382 32.1758 -8.0418 0.0656
Car -1 -1 -3.7424 951.4595 195.2907 1228.9739 282.1463 1.5087 1.6226 4.3008 9.0384 1.9673 13.8742 -3.1757 0.0651
Pedestrian -1 -1 -5.0994 1210.1691 141.2129 1241.0000 229.7473 1.8617 0.6531 0.4703 13.3456 1.1960 15.4970 -4.3980 0.0638
Pedestrian -1 -1 -3.9239 692.5922 172.3754 702.6491 199.7658 1.7866 0.5153 0.4121 5.7217 1.7551 47.3950 -3.8049 0.0548
Cyclist -1 -1 -4.5121 327.1604 170.9113 358.2314 222.9641 1.7070 0.6751 1.6411 -9.1138 1.6430 24.5237 -4.8648 0.0521
Pedestrian -1 -1 -5.4911 0.2325 153.1458 119.0907 341.8723 1.7858 0.5601 0.7718 -5.5038 1.5990 7.1636 -6.1286 0.0511
Pedestrian -1 -1 -7.7327 911.2137 182.9379 947.9424 261.8634 1.6701 0.6720 0.6179 6.9548 1.8969 15.8154 -7.3263 0.0509
Cyclist -1 -1 -7.0569 652.8716 172.1326 680.8994 202.4947 1.8051 0.7356 1.6495 3.4153 1.7619 43.7090 -6.9800 0.2011
Pedestrian -1 -1 -7.5006 446.8606 171.7555 470.7516 221.9368 1.7043 0.6440 0.5811 -5.2481 1.6667 24.8399 -7.7072 0.0926
Pedestrian -1 -1 -3.2097 408.8435 163.2184 466.7591 322.5066 1.8219 0.6053 0.6336 -2.1258 1.7114 8.6362 -3.4453 0.0888
Cyclist -1 -1 -7.7543 435.4712 184.8915 445.0234 210.1912 1.6342 0.4592 1.6662 -11.3853 2.4537 48.2787 -7.9851 0.0667
Pedestrian -1 -1 -8.1072 672.2156 174.3828 687.0446 207.7479 1.7546 0.6677 0.5424 3.6544 1.8361 38.2934 -8.0134 0.0623
Pedestrian -1 -1 -5.9148 649.8677 177.7637 663.5613 204.4723 1.5884 0.5189 0.6819 2.7769 1.8862 43.4283 -5.8519 0.0560
Pedestrian -1 -1 -5.2060 293.2804 160.0831 375.3860 316.3448 1.7705 0.6007 0.8330 -3.3738 1.6255 8.6750 -5.5675 0.0555
Cyclist -1 -1 -7.5715 558.7300 174.8838 573.8187 202.8713 1.6533 0.5001 1.5449 -2.6673 1.7777 43.5481 -7.6328 0.0548
Pedestrian -1 -1 -8.2571 701.4596 173.1653 718.5564 207.6196 1.8369 0.6730 0.7472 5.3537 1.8536 38.9264 -8.1220 0.0541
Cyclist -1 -1 -6.3882 434.1632 181.6046 461.0960 209.2550 1.7993 0.6846 1.6826 -10.8178 2.3873 47.9213 -6.6095 0.0538
Car -1 -1 -8.1293 758.5745 194.0000 951.9172 317.1257 1.3912 1.5808 4.1464 3.3884 1.7730 10.9542 -7.8382 0.9740
Car -1 -1 -8.1009 722.9831 190.1786 831.8131 263.3982 1.3858 1.5602 3.3349 3.5710 1.8139 16.1504 -7.8881 0.9233
Car -1 -1 -5.3389 905.7274 206.4998 1241.0000 374.0000 1.3929 1.6504 4.2374 3.7482 1.7287 5.0730 -4.7312 0.9130
Car -1 -1 -8.0213 690.1758 181.6709 758.4500 234.7293 1.5079 1.5475 3.4904 3.4900 1.8084 22.8501 -7.8725 0.9019
Car -1 -1 -4.5769 500.6489 176.0796 556.8155 218.2799 1.5307 1.6671 4.0970 -3.1823 1.6673 28.5572 -4.6874 0.8873
Car -1 -1 -8.0047 666.6307 180.6868 724.2024 224.0087 1.4915 1.5978 3.8216 3.1333 1.8107 27.4845 -7.8931 0.8707
Car -1 -1 -4.4657 343.0743 177.6898 499.0860 292.3440 1.6054 1.6074 3.8611 -3.0415 1.6999 12.2023 -4.7059 0.8028
Car -1 -1 -7.9805 655.5385 180.6311 702.3644 215.5047 1.4644 1.6331 4.0291 3.0715 1.8446 33.2530 -7.8898 0.7182
Car -1 -1 -4.5491 430.8732 185.6628 463.6676 209.2577 1.4710 1.5795 3.7739 -11.0413 2.3750 49.0082 -4.7700 0.3663
Car -1 -1 -7.9225 650.1486 177.1878 679.5164 202.3298 1.4864 1.5747 3.6229 3.3556 1.7679 45.0984 -7.8492 0.3077
Car -1 -1 -4.6912 633.5099 176.8749 651.6409 194.4173 1.5467 1.5918 4.0810 3.0131 1.9295 66.6626 -4.6466 0.2533
Car -1 -1 -4.4696 93.5889 122.8942 442.8944 374.0000 2.0192 1.7438 4.3269 -2.7541 1.7012 6.8455 -4.8400 0.2454
Car -1 -1 -4.5162 515.1039 179.0008 560.5892 211.8189 1.4396 1.4659 3.6426 -3.4105 1.7471 34.2413 -4.6152 0.2369
Car -1 -1 -8.0799 654.3389 177.8116 698.7471 207.7418 1.5456 1.6259 3.7822 3.5879 1.8331 39.9022 -7.9914 0.1700
Car -1 -1 -4.6235 551.8492 175.3031 582.7959 201.1983 1.5226 1.5817 3.8575 -2.6406 1.6808 44.7459 -4.6825 0.1362
Car -1 -1 -2.7196 275.2961 177.6960 402.3293 222.8495 1.5015 1.6310 3.8095 -9.4329 1.6762 25.1344 -3.0755 0.1174
Car -1 -1 -4.3784 474.8799 181.3481 517.8648 205.6895 1.5527 1.6761 4.0892 -7.8025 2.1629 49.6961 -4.5337 0.0973
Car -1 -1 -6.7095 0.0000 0.0000 1241.0000 374.0000 1.6655 1.6084 3.8166 -3.0797 1.6918 1.6661 -7.7168 0.0949
Car -1 -1 -7.6600 423.3737 175.3248 485.3545 220.4180 1.5113 1.5696 3.3253 -5.5913 1.6059 26.0406 -7.8699 0.0849
Car -1 -1 -6.9214 0.0000 0.0000 1241.0000 374.0000 1.5897 1.6456 3.8775 -1.4123 1.6800 0.6906 -7.8904 0.0505
