Pedestrian -1 -1 -3.2051 53.6210 169.0196 73.4789 229.5458 1.9119 0.5852 0.4743 -17.5957 1.7905 23.1689 -3.8493 0.1296
Pedestrian -1 -1 -6.3116 967.3182 163.8405 981.7263 201.9698 1.9413 0.5106 0.6445 18.7013 1.4821 37.1029 -5.8483 0.1076
Pedestrian -1 -1 -4.5699 971.0917 162.3797 994.4431 219.5973 1.9102 0.5949 0.8767 12.6745 1.5602 24.6184 -4.0998 0.0894
Pedestrian -1 -1 -4.3684 81.0985 170.8443 96.3377 202.2530 1.8857 0.5215 0.7633 -31.6448 1.7648 43.7589 -4.9918 0.0889
Cyclist -1 -1 -7.7212 153.7675 177.5333 177.6480 230.1203 1.6859 0.4629 1.6322 -14.8866 1.8475 24.1217 -8.2694 0.0798
Car -1 -1 -6.7942 0.0000 180.7395 105.7612 214.9679 1.4512 1.5880 3.6156 -25.8194 1.8383 33.4746 -7.4475 0.0784
Pedestrian -1 -1 -6.1092 593.9504 173.8968 600.9136 194.1132 1.6729 0.6654 0.4727 -1.0711 1.7600 60.1094 -6.1274 0.0706
Car -1 -1 -2.6018 236.4546 171.5460 290.1005 190.4548 1.7263 1.6117 4.2608 -32.1345 1.6066 66.8750 -3.0484 0.0699
Cyclist -1 -1 -6.1924 590.0591 167.2943 633.6060 213.4638 1.8940 0.6087 1.7628 0.0390 1.6656 29.9834 -6.1918 0.0683
Pedestrian -1 -1 -6.5041 931.1909 175.8054 945.2742 205.5810 1.5799 0.5001 0.5896 17.5405 1.7390 38.6498 -6.0813 0.0675
Car -1 -1 -4.7447 810.6026 174.0624 850.0851 208.5184 1.5725 1.6871 4.3830 10.7148 1.6355 35.4284 -4.4538 0.0633
Cyclist -1 -1 -5.1389 894.3372 170.8316 914.8359 199.5475 1.6798 0.4589 1.7138 17.5380 1.5612 43.0734 -4.7550 0.0605
Cyclist -1 -1 -8.0846 904.7913 170.2689 932.0073 221.2236 1.6886 0.4599 1.7534 10.5417 1.6026 24.8135 -7.6876 0.0584
Pedestrian -1 -1 -6.0978 107.1457 171.2769 124.4393 204.7918 1.8654 0.6382 0.6962 -27.8353 1.7773 40.5923 -6.6960 0.0571
Cyclist -1 -1 -8.3140 375.3258 177.1075 386.7365 196.7036 1.5770 0.2969 1.4021 -18.7326 1.9278 58.9385 -8.6208 0.0559
Pedestrian -1 -1 -4.9142 140.7402 173.5220 170.4330 232.1944 1.7954 0.6584 0.7135 -14.2668 1.8164 22.5757 -5.4727 0.0512
Car -1 -1 -7.8960 346.4324 164.4672 368.2444 189.3687 2.3061 1.7862 4.5578 -24.3028 1.5291 69.2689 -8.2324 0.0509
Pedestrian -1 -1 -4.6288 360.6521 149.5016 417.0963 314.5467 1.9166 0.5826 1.0184 -2.7740 1.6452 8.9378 -4.9225 0.1571
Pedestrian -1 -1 -3.8094 188.7613 168.3751 213.9479 215.6036 1.9978 0.6109 0.7166 -17.5793 1.8081 30.9697 -4.3222 0.1506
Pedestrian -1 -1 -3.0248 289.8360 142.1790 393.8645 346.3960 1.8508 0.4662 0.8775 -2.5863 1.5725 6.8669 -3.3736 0.1412
Pedestrian -1 -1 -5.3197 313.5817 170.5097 333.9057 210.0610 1.8808 0.6032 0.7277 -13.8325 1.7691 34.7648 -5.6961 0.0796
Cyclist -1 -1 -7.6897 285.4439 176.7900 303.0186 215.8636 1.6295 0.4227 1.6852 -13.6583 1.8038 31.1351 -8.1003 0.0765
Cyclist -1 -1 -7.9052 273.2422 174.9299 286.8928 217.2386 1.7619 0.4497 1.6775 -14.2150 1.8532 30.9792 -8.3325 0.0755
Cyclist -1 -1 -7.4483 287.5841 174.2904 313.7522 214.9626 1.7087 0.4762 1.5165 -13.3733 1.7719 31.1255 -7.8514 0.0545
Cyclist -1 -1 -7.8115 282.0762 175.8984 294.6426 215.9366 1.6736 0.4219 1.6926 -13.9240 1.8084 31.1559 -8.2289 0.0536
Pedestrian -1 -1 -6.8045 279.3651 180.3566 297.3596 216.9706 1.5216 0.5341 0.4946 -13.6343 1.8421 30.4897 -7.2221 0.0515
Car -1 -1 -7.9828 661.2999 178.7928 706.9603 211.8730 1.3446 1.5525 3.4122 3.1586 1.6193 31.6786 -7.8849 0.9725
Car -1 -1 -8.1315 747.4200 176.7235 816.5953 214.0938 1.4369 1.6703 4.3907 7.1104 1.6119 30.4418 -7.9047 0.9538
Car -1 -1 -8.7597 804.8024 175.8925 867.9227 203.0042 1.4563 1.3596 3.2628 12.7435 1.6354 40.8719 -8.4600 0.9124
Car -1 -1 -7.9564 639.7176 173.7091 674.7730 203.4617 1.6155 1.5985 3.8848 2.6185 1.6664 41.2631 -7.8939 0.8102
Car -1 -1 -5.5082 1106.3693 149.5632 1241.0000 374.0000 1.7518 1.6753 4.1499 6.9957 1.5963 6.9043 -4.7380 0.5055
Car -1 -1 -4.5487 148.3206 174.6460 178.1891 192.4831 1.4965 1.5850 4.0072 -39.0633 1.6584 63.1249 -5.1012 0.1041
Car -1 -1 -7.5810 248.4909 179.7418 310.3050 216.2876 1.4860 1.5668 3.5987 -14.6013 1.8088 31.9516 -8.0068 0.0620
