Pedestrian -1 -1 -5.6479 755.3152 214.7179 811.9988 327.7274 1.2473 0.4170 0.4952 2.0034 1.6066 8.4268 -5.4224 0.1715
Car -1 -1 -6.1907 451.0869 178.4332 499.9244 195.0932 1.5751 1.6881 4.4745 -12.6686 0.9340 69.0035 -6.3719 0.1290
Cyclist -1 -1 -4.5483 681.0432 174.3662 717.4651 257.4843 1.7862 0.5551 1.7315 2.0507 1.5532 16.3566 -4.4262 0.1152
Car -1 -1 -2.8038 162.3588 190.4407 295.2024 230.7973 1.4430 1.6030 4.1280 -14.2125 1.6478 27.0696 -3.2836 0.0868
Pedestrian -1 -1 -8.5223 780.1367 168.0552 811.1118 229.6805 1.9449 0.6433 0.7411 6.0024 1.4035 23.1566 -8.2721 0.0849
Pedestrian -1 -1 -7.0698 749.1251 174.0559 765.3689 220.7794 1.8658 0.5432 0.3640 5.9959 1.4204 29.0336 -6.8685 0.0838
Car -1 -1 -5.0482 591.2448 182.9951 622.4399 200.3582 1.5022 1.6117 3.8270 -0.1278 1.3102 64.2654 -5.0507 0.0769
Pedestrian -1 -1 -7.8773 737.3859 173.7529 756.7170 225.1893 1.8417 0.6730 0.5341 5.0022 1.4314 26.0571 -7.6901 0.0768
Car -1 -1 -4.6431 293.7790 180.6393 327.0377 208.1547 1.5451 1.5691 3.4077 -17.4558 1.2883 42.2320 -5.0332 0.0715
Car -1 -1 -7.6679 476.5626 178.0564 504.6423 197.9241 1.6063 1.6122 3.9692 -9.7763 1.0276 60.1246 -7.8288 0.0706
Car -1 -1 -4.6898 513.0093 175.6153 543.9822 208.3732 1.8416 1.7292 4.5053 -4.6913 1.3020 42.7318 -4.7989 0.0678
Car -1 -1 -4.9268 370.7411 187.3243 399.7503 205.6302 1.7034 1.7912 4.4120 -21.6427 1.9152 69.7967 -5.2269 0.0583
Car -1 -1 -4.6002 564.6800 180.1837 594.5068 202.0935 1.5301 1.7170 4.1664 -2.0309 1.1788 52.3426 -4.6392 0.0575
Cyclist -1 -1 -4.5414 371.2111 178.6013 391.1737 215.4707 1.7588 0.6661 1.6082 -11.0968 1.4434 35.1327 -4.8455 0.0563
Pedestrian -1 -1 -5.8989 428.1859 182.8394 440.1133 203.6186 1.6169 0.6071 0.7341 -13.6113 1.4321 56.2901 -6.1355 0.0561
Car -1 -1 -4.5311 94.5389 191.0327 171.2668 238.2520 1.4286 1.5169 3.5562 -15.8986 1.6398 24.1574 -5.1084 0.0544
Car -1 -1 -4.6521 623.9649 180.3622 651.5496 205.6729 1.6449 1.6301 4.1763 2.0533 1.3296 48.8770 -4.6108 0.0524
Pedestrian -1 -1 -7.9360 769.3428 168.6086 787.6719 216.1969 1.9364 0.6800 0.6638 6.9933 1.2608 29.6297 -7.7068 0.0518
Pedestrian -1 -1 -3.7424 1014.1127 156.7350 1088.1041 287.7338 1.8237 0.5580 0.7110 6.2898 1.4273 10.3090 -3.2070 0.1553
Pedestrian -1 -1 -6.7738 1153.2573 155.0494 1240.0000 317.1429 1.7924 0.5726 0.8287 6.8728 1.4590 8.3061 -6.0993 0.1033
Cyclist -1 -1 -4.0690 970.2117 157.9609 1101.0585 292.3725 1.8058 0.6117 1.9040 6.0932 1.4398 10.3148 -3.5476 0.0866
Cyclist -1 -1 -7.9362 1180.4283 153.1133 1240.0000 329.2917 1.7910 0.4817 1.7773 6.8506 1.4648 8.1778 -7.2560 0.0503
Car -1 -1 -7.4186 131.7404 193.2267 307.7459 278.1482 1.4301 1.6024 3.8082 -7.5915 1.6124 14.4075 -7.8962 0.9657
Car -1 -1 -7.5659 290.2313 192.4317 476.1039 306.9781 1.4631 1.6270 4.3125 -3.4059 1.6016 11.6180 -7.8453 0.9433
Car -1 -1 -7.7177 442.3683 186.0732 503.1133 227.1811 1.4246 1.6767 4.3362 -5.0589 1.4598 27.2080 -7.9002 0.9063
Car -1 -1 -7.8435 575.7174 182.4156 607.8011 211.7694 1.4718 1.6089 3.3940 -0.8584 1.3316 37.7516 -7.8666 0.8748
Car -1 -1 -7.4233 236.6718 186.1130 324.1590 226.2546 1.4804 1.5819 4.1300 -12.9731 1.5189 28.6753 -7.8450 0.7171
Car -1 -1 -7.6391 316.4419 187.6473 396.7010 238.3989 1.4986 1.6368 4.0471 -8.1500 1.5855 23.5324 -7.9694 0.7139
Car -1 -1 -7.3043 113.7930 191.0651 246.2729 244.8236 1.4173 1.5976 3.8081 -12.5412 1.6063 21.2914 -7.8315 0.6719
Car -1 -1 -7.5848 435.5656 183.5714 480.1845 209.8880 1.4317 1.5697 3.6684 -8.5220 1.3424 40.9890 -7.7889 0.6668
Car -1 -1 -7.5908 377.9661 186.6455 434.3463 221.0808 1.4140 1.4631 3.6981 -8.8074 1.4806 31.5273 -7.8614 0.6028
Car -1 -1 -4.7320 122.2951 186.6997 177.0802 233.2529 1.5558 1.5818 4.1755 -16.8545 1.6148 26.3403 -5.2970 0.2549
Car -1 -1 -4.6513 511.5556 177.9943 545.3158 209.3916 1.7515 1.7090 4.4536 -4.6515 1.3488 42.3657 -4.7604 0.2319
Car -1 -1 -4.6913 528.2106 181.0781 550.4226 202.3681 1.5036 1.5467 3.3518 -4.9932 1.2115 52.4957 -4.7861 0.1379
Car -1 -1 -3.1488 625.5215 181.8108 688.3652 206.4308 1.5970 1.6724 4.0775 3.2168 1.3763 47.5860 -3.0822 0.1309
Car -1 -1 -8.1377 700.3879 181.6804 750.8879 213.2086 1.4837 1.5326 3.5251 5.7566 1.3175 35.6732 -7.9794 0.1041
Car -1 -1 -4.8823 417.4772 182.7314 446.6473 202.5271 1.5437 1.6213 4.1168 -14.2907 1.3501 58.2693 -5.1221 0.1005
Car -1 -1 -4.7462 604.0701 182.5690 623.4007 201.4727 1.6427 1.5974 3.7733 0.4977 1.4128 64.3737 -4.7390 0.0959
Car -1 -1 -4.4526 194.0327 180.3177 258.9965 215.7369 1.5305 1.6207 4.1966 -17.5910 1.3190 33.2887 -4.9357 0.0900
Car -1 -1 -4.8315 632.0909 182.5010 665.3776 209.0021 1.5519 1.5799 3.8434 2.4400 1.3931 44.0640 -4.7770 0.0846
Car -1 -1 -4.2757 333.3955 185.3739 395.4501 216.7527 1.4352 1.5369 3.3996 -11.7034 1.4434 34.6724 -4.5992 0.0778
Car -1 -1 -4.9052 611.6463 178.2860 641.8335 201.3726 1.8011 1.6761 4.1315 1.4812 1.2607 58.2598 -4.8804 0.0764
Car -1 -1 -4.1619 498.7159 181.3671 552.3657 205.2538 1.5350 1.6546 4.1699 -5.5073 1.2879 48.4351 -4.2749 0.0647
Car -1 -1 -7.8795 641.2929 185.0598 676.1693 215.4116 1.4186 1.6065 4.0007 2.4422 1.4115 35.6314 -7.8120 0.0625
Car -1 -1 -4.6891 576.4416 181.8281 600.7951 202.4934 1.4685 1.7081 4.0718 -1.4012 1.2279 53.1219 -4.7158 0.0599
