Pedestrian -1 -1 -4.7011 836.3711 163.0000 855.3826 220.8996 1.8314 0.5737 1.0050 7.5997 1.5194 23.3899 -4.3912 0.1664
Pedestrian -1 -1 -4.9486 0.0000 164.3521 20.8428 223.2504 1.8350 0.5319 0.5160 -19.1171 1.5698 22.8474 -5.6397 0.1127
Pedestrian -1 -1 -5.4853 1090.5315 173.1386 1207.8464 374.0000 1.5738 0.4623 0.5503 4.0387 1.5758 5.5086 -4.8787 0.0680
Cyclist -1 -1 -6.1206 717.4040 175.9567 771.5522 228.5452 1.5938 0.6323 1.5801 4.1457 1.6927 22.4967 -5.9414 0.0678
Pedestrian -1 -1 -6.3688 980.5387 164.0216 994.6964 214.3869 1.7553 0.5270 0.3955 13.2778 1.4472 25.4657 -5.8933 0.0676
Car -1 -1 -8.0642 656.8432 177.0682 691.5673 199.8691 1.5035 1.6336 3.8562 4.4042 1.8090 50.3380 -7.9779 0.0674
Pedestrian -1 -1 -5.6797 512.8716 177.1857 523.5248 199.3052 1.6402 0.5079 0.6109 -6.9008 1.9664 54.0140 -5.8066 0.0667
Cyclist -1 -1 -7.1670 920.7109 169.1189 953.4498 205.3265 1.8400 0.6403 1.6573 16.8815 1.6499 37.3231 -6.7456 0.0651
Cyclist -1 -1 -8.1063 367.4883 181.1076 389.5871 224.3912 1.6322 0.4370 1.6132 -9.1360 1.9649 28.3128 -8.4161 0.0650
Car -1 -1 -2.2805 230.0094 183.3868 328.7433 221.6358 1.4634 1.5460 3.9270 -13.7861 1.9229 29.9722 -2.7086 0.0640
Cyclist -1 -1 -8.2008 931.2109 161.8384 977.1243 231.6257 1.7213 0.5060 1.7095 8.8269 1.4493 18.6700 -7.7658 0.0623
Car -1 -1 -5.8431 423.4115 178.8142 490.0526 201.1713 1.4742 1.6573 4.1678 -10.5413 1.8938 49.5464 -6.0520 0.0608
Car -1 -1 -4.7300 699.7611 178.3867 727.8041 206.0372 1.4252 1.4521 3.1448 5.6111 1.7404 39.4981 -4.5904 0.0600
Car -1 -1 -7.4770 278.2703 176.3243 331.5901 202.2132 1.5297 1.6778 4.1146 -19.0954 1.7571 45.2633 -7.8744 0.0581
Cyclist -1 -1 -6.5983 290.3181 173.3855 330.4476 210.1045 1.8362 0.7296 1.7593 -15.3772 1.8638 36.9556 -6.9904 0.0569
Car -1 -1 -7.8813 62.3931 182.1427 125.5499 232.5505 1.4584 1.5694 3.4559 -16.8227 1.7833 23.4109 -8.4991 0.0554
Pedestrian -1 -1 -5.3997 886.3757 161.8640 926.5040 226.3763 1.7376 0.5831 0.9025 8.1379 1.4413 19.9527 -5.0181 0.0530
Pedestrian -1 -1 -5.8539 1156.3794 169.1403 1215.3623 271.9891 1.6038 0.5116 0.5869 9.2216 1.5456 11.6304 -5.1964 0.0527
Cyclist -1 -1 -6.5015 960.4747 163.7467 1014.1362 211.4358 1.8337 0.7154 1.7498 14.7387 1.4832 28.3116 -6.0262 0.0525
Pedestrian -1 -1 -7.8338 192.3014 166.0111 210.4392 212.1427 1.8730 0.6372 0.5683 -16.8573 1.5949 29.6969 -8.3464 0.0507
Pedestrian -1 -1 -7.1922 961.5571 161.9728 978.4070 208.9322 1.8841 0.5538 0.2826 14.5515 1.4472 29.2598 -6.7351 0.0505
Pedestrian -1 -1 -6.5853 1041.2086 144.9612 1145.2203 304.7300 1.8364 0.6303 0.8884 5.7485 1.5155 8.7138 -6.0183 0.6156
Cyclist -1 -1 -7.7009 702.5184 172.4554 712.1629 198.9468 1.6789 0.3814 1.5963 6.2505 1.6533 46.5465 -7.5687 0.1602
Cyclist -1 -1 -6.9685 288.8351 178.1893 321.9105 212.0859 1.6803 0.4420 1.6488 -15.5881 1.9587 36.8618 -7.3663 0.1586
Pedestrian -1 -1 -4.8950 1112.9740 141.5210 1178.8522 290.8425 1.8502 0.5499 0.7397 6.8984 1.4616 9.3915 -4.2769 0.1484
Cyclist -1 -1 -6.8315 93.8363 184.2926 177.0429 256.2170 1.7104 0.4912 1.7689 -12.0798 2.0153 18.3497 -7.4073 0.1287
Cyclist -1 -1 -4.6190 440.3029 178.3550 452.5424 210.8819 1.6360 0.4799 1.5044 -8.4960 1.9263 37.3314 -4.8416 0.1132
Cyclist -1 -1 -8.0490 813.2740 166.3991 846.4615 240.2890 1.6383 0.4175 1.6287 5.0569 1.4949 16.8280 -7.7626 0.1091
Cyclist -1 -1 -6.8913 96.7063 183.2166 171.5645 253.5215 1.7033 0.4579 1.6383 -12.2667 1.9819 18.5754 -7.4686 0.0958
Pedestrian -1 -1 -3.4760 179.4844 192.5309 202.6030 245.2678 1.3928 0.5057 0.4009 -11.4369 1.9360 19.6101 -3.9984 0.0951
Cyclist -1 -1 -7.7579 260.9943 180.5829 270.8064 209.9221 1.6582 0.3639 1.5834 -20.0665 2.1166 42.0121 -8.2013 0.0855
Pedestrian -1 -1 -5.3154 845.0361 176.7567 893.9566 269.6125 1.5322 0.5201 0.6237 4.3636 1.6004 12.3069 -4.9831 0.0808
Pedestrian -1 -1 -6.0653 698.0928 170.8645 712.2062 198.9070 1.7821 0.6276 0.7814 6.0710 1.6554 46.2824 -5.9361 0.0749
Cyclist -1 -1 -7.0532 82.9947 185.6666 165.0493 260.2725 1.7097 0.5162 1.8327 -12.0006 2.0426 17.8122 -7.6394 0.0727
Cyclist -1 -1 -4.7750 761.0900 172.5383 776.6846 217.2249 1.6427 0.4761 1.4886 5.9569 1.6308 27.2957 -4.5630 0.0716
Cyclist -1 -1 -7.0687 98.1684 190.6473 171.1724 259.4467 1.5407 0.5172 1.5561 -11.4747 1.9894 17.3944 -7.6451 0.0715
Pedestrian -1 -1 -5.2141 1135.0294 156.8835 1198.4762 268.3022 1.7827 0.5344 0.7416 9.1474 1.5269 11.9490 -4.5731 0.0711
Pedestrian -1 -1 -8.0388 790.6341 170.5861 806.5884 206.0505 1.7795 0.6685 0.6674 9.5132 1.6654 36.5603 -7.7867 0.0664
Cyclist -1 -1 -7.7206 765.3831 174.3700 779.1590 209.6186 1.6113 0.4137 1.7187 7.5978 1.6841 33.9365 -7.5028 0.0627
Cyclist -1 -1 -8.1042 828.9702 170.5894 870.9425 245.5756 1.5971 0.4612 1.7481 5.3276 1.5486 16.2544 -7.7936 0.0614
Pedestrian -1 -1 -6.2199 819.6111 166.5894 853.3578 239.0721 1.6462 0.6200 0.7171 5.2264 1.5036 16.8035 -5.9241 0.0613
Cyclist -1 -1 -4.7388 785.7407 170.5771 798.2806 205.5491 1.7303 0.5647 1.7071 9.1831 1.6173 36.5930 -4.4953 0.0608
Cyclist -1 -1 -7.7604 849.9133 169.5185 885.0536 264.4026 1.6186 0.4683 1.6590 4.6584 1.5614 13.1609 -7.4281 0.0589
Pedestrian -1 -1 -6.3867 992.2737 155.0878 1048.7570 278.5815 1.7518 0.5430 0.6610 5.9678 1.4995 10.6131 -5.8869 0.0570
Pedestrian -1 -1 -4.3343 79.0227 183.9293 113.1095 246.2260 1.7101 0.5736 0.6720 -14.5283 2.0280 20.3402 -4.9485 0.0564
Cyclist -1 -1 -7.8512 257.9987 179.9369 265.1638 209.5915 1.6797 0.3697 1.5930 -20.3373 2.1000 42.0487 -8.2995 0.0556
Pedestrian -1 -1 -7.7846 816.2997 172.4143 851.7405 262.4287 1.5985 0.5815 0.6950 4.0624 1.5904 13.2412 -7.4941 0.0553
Pedestrian -1 -1 -7.9963 710.4252 172.3521 724.7749 204.1644 1.7343 0.7000 0.6003 5.8701 1.7067 39.6381 -7.8509 0.0548
Cyclist -1 -1 -6.4510 285.2131 176.3167 323.7938 212.8295 1.8011 0.6748 1.7080 -15.4788 1.9794 36.4753 -6.8500 0.0541
Cyclist -1 -1 -4.7397 436.1574 179.4671 446.0723 211.8445 1.6177 0.4561 1.4720 -8.7360 1.9648 37.1355 -4.9696 0.0530
Pedestrian -1 -1 -6.1937 1177.5825 157.1979 1236.6642 279.7783 1.6758 0.5489 0.6103 8.4457 1.4615 10.2735 -5.5201 0.0519
Pedestrian -1 -1 -7.2615 1037.9459 149.4381 1105.5448 279.0108 1.7868 0.5498 0.6510 6.5525 1.4636 10.3349 -6.7099 0.0514
Cyclist -1 -1 -8.0097 352.7537 176.6163 365.7944 207.8242 1.6520 0.4286 1.5865 -13.6613 1.8602 39.1889 -8.3434 0.0509
Cyclist -1 -1 -7.9253 708.8781 172.8537 722.3815 204.6569 1.7094 0.6143 1.6224 5.7536 1.7091 39.6140 -7.7826 0.0505
Pedestrian -1 -1 -7.3299 837.1541 167.4297 865.8220 222.5709 1.7415 0.6148 0.6903 7.7325 1.5699 23.2470 -7.0132 0.0504
Car -1 -1 -4.3597 170.8965 191.3681 444.7044 359.2652 1.4254 1.6156 3.8582 -3.2435 1.6923 8.4832 -4.7155 0.9644
Car -1 -1 -7.9899 221.4734 180.1745 266.5009 211.1483 1.4995 1.6028 3.8884 -19.3298 1.9052 37.9584 -8.4584 0.3249
Car -1 -1 -2.9309 613.8096 174.6624 663.4504 196.4360 1.5983 1.6644 3.4701 2.1428 1.7375 54.4055 -2.8922 0.2670
Car -1 -1 -3.5283 728.5950 173.6246 812.8314 204.8003 1.5439 1.6407 3.8746 8.1577 1.5843 36.9280 -3.3130 0.2650
Car -1 -1 -5.4132 181.0338 180.8813 305.9021 233.4724 1.6155 1.6379 3.8396 -12.3047 1.9004 24.1292 -5.8806 0.2454
Car -1 -1 -4.9307 754.8367 172.1629 830.7094 224.4667 1.5944 1.5715 4.0599 5.9346 1.5730 24.0401 -4.6922 0.2354
Car -1 -1 -7.4832 210.4465 178.1765 262.9111 204.0036 1.5084 1.6121 3.8494 -23.2257 1.8545 44.9629 -7.9578 0.1943
Car -1 -1 -8.1021 333.4744 186.9381 412.6288 235.4881 1.4179 1.6039 4.0076 -8.1372 1.9358 24.4246 -8.4209 0.1620
Car -1 -1 -7.6920 497.7115 175.0591 528.1468 198.7045 1.7466 1.6687 4.2723 -7.4987 1.9237 55.8608 -7.8252 0.1297
Car -1 -1 -7.4945 422.5852 175.6585 465.7106 199.2066 1.5816 1.6331 4.1136 -11.7237 1.7883 51.1200 -7.7192 0.1125
Car -1 -1 -4.5366 483.3319 175.4530 510.5112 195.9171 1.6965 1.6341 4.0798 -9.7645 1.9284 62.3953 -4.6915 0.1099
Car -1 -1 -4.9690 722.6055 167.9966 757.0226 193.8165 2.0841 1.8143 4.2161 10.7956 1.6917 60.4136 -4.7934 0.0964
Car -1 -1 -3.0666 762.2318 174.8625 874.2888 216.6167 1.4730 1.6081 3.9284 7.7599 1.5519 27.0232 -2.7904 0.0924
Car -1 -1 -4.6693 317.4235 171.9964 348.3812 199.6124 1.6367 1.6248 3.9293 -17.2259 1.5855 44.8826 -5.0340 0.0840
Car -1 -1 -7.9003 423.6492 180.0928 456.9484 210.3349 1.4855 1.5498 3.7354 -9.1098 1.8908 38.4132 -8.1320 0.0730
Car -1 -1 -4.5315 233.7221 181.3954 276.6769 209.2399 1.5213 1.5849 4.0289 -21.0649 2.0543 42.8957 -4.9857 0.0728
Car -1 -1 -4.5485 283.2533 178.8840 322.6784 206.8073 1.5703 1.5982 3.6772 -18.4516 1.9493 43.4047 -4.9485 0.0602
Car -1 -1 -8.0084 815.4775 174.5056 912.8530 245.0762 1.4385 1.5301 3.6548 5.7103 1.4809 16.7278 -7.6855 0.0594
Car -1 -1 -5.4077 352.9045 180.9972 430.0017 211.8517 1.5209 1.6561 4.1377 -11.6811 1.9741 38.3591 -5.7017 0.0541
Car -1 -1 -8.0643 282.7388 178.6667 332.8253 209.1664 1.5087 1.6655 4.0518 -16.2673 1.8370 38.6470 -8.4605 0.0516
