Pedestrian -1 -1 -4.0635 275.2659 175.6482 293.0601 208.6035 1.9595 0.6219 0.7956 -19.6474 2.1292 43.4372 -4.4863 0.0787
Pedestrian -1 -1 -4.9784 962.9985 161.4084 986.7909 212.5094 2.0339 0.7291 0.5684 14.6499 1.5780 29.0677 -4.5161 0.0769
Car -1 -1 -7.0754 896.4551 176.6446 960.5834 202.4232 1.6939 1.6738 4.0284 21.7667 1.9610 49.3834 -6.6629 0.0767
Cyclist -1 -1 -8.0827 826.4941 175.5383 855.7159 237.3580 1.6185 0.3945 1.6136 6.2688 1.6948 19.7802 -7.7808 0.0731
Car -1 -1 -4.8617 850.1700 179.3232 883.0733 204.9143 1.8136 1.6825 4.4946 19.3702 2.3249 54.6954 -4.5235 0.0646
Pedestrian -1 -1 -5.8369 790.1508 175.9914 805.1896 203.2861 1.9194 0.8531 0.7434 13.3487 2.1453 51.4365 -5.5849 0.0604
Pedestrian -1 -1 -5.7246 47.2018 175.0982 59.0569 213.3324 1.8717 0.5077 0.2282 -27.5260 1.9830 35.6159 -6.3791 0.0563
Car -1 -1 -5.2276 783.1816 177.3811 863.8048 213.3352 1.4342 1.5490 4.0656 9.1720 1.6450 31.4829 -4.9472 0.0542
Cyclist -1 -1 -7.4131 999.3023 171.1113 1033.8251 212.7281 1.8142 0.7282 1.6189 18.1180 1.7380 32.2224 -6.9052 0.0527
Pedestrian -1 -1 -7.6040 27.9152 182.6148 50.2873 226.0332 1.8822 0.6501 0.5810 -25.2401 2.3181 31.8538 -8.2702 0.0525
Car -1 -1 -7.3606 1241.0000 157.2266 1241.0000 374.0000 1.5675 1.6254 4.1794 7.7173 1.4654 5.8796 -6.4651 0.0522
Car -1 -1 -4.9994 918.1154 186.7137 956.1812 208.0190 1.5485 1.6508 4.0891 25.9242 2.6911 57.3609 -4.5774 0.0511
Pedestrian -1 -1 -4.7156 1006.4326 176.6226 1024.6696 225.1508 1.8340 0.6049 0.5425 15.5254 1.9804 27.7112 -4.2101 0.1584
Cyclist -1 -1 -5.2632 1011.5049 181.3802 1093.1687 269.5744 1.5431 0.4956 1.6688 8.2521 1.7137 13.6252 -4.7290 0.0907
Cyclist -1 -1 -4.5995 235.5120 182.8056 261.3308 238.1775 1.7853 0.5698 1.9276 -12.3708 2.1385 24.6280 -5.0610 0.0871
Pedestrian -1 -1 -4.6467 1029.0001 181.8225 1063.2584 266.7885 1.5738 0.5342 0.5274 8.2957 1.7497 13.8107 -4.1160 0.0836
Cyclist -1 -1 -2.4054 13.6362 183.1739 74.0532 231.3822 1.8119 0.7327 1.8056 -21.7968 2.2145 27.7373 -3.0669 0.0795
Cyclist -1 -1 -7.7438 891.7369 170.0065 901.0836 196.9544 1.6494 0.3716 1.6154 17.8177 1.4748 44.9644 -7.3691 0.0780
Pedestrian -1 -1 -7.6990 37.3847 184.2670 59.3489 234.4438 1.9073 0.6209 0.3598 -21.7372 2.3528 27.8741 -8.3569 0.0698
Pedestrian -1 -1 -8.4484 789.6597 175.6960 805.8608 203.1278 1.9315 0.7942 0.8191 13.3499 2.1358 51.4312 -8.1963 0.0681
Cyclist -1 -1 -4.7717 894.0623 170.7314 904.2987 198.7474 1.6923 0.4779 1.7164 17.7827 1.5637 44.4730 -4.3940 0.0663
Cyclist -1 -1 -4.3322 996.6054 176.6449 1028.8024 219.1575 1.8413 0.6893 1.6749 17.9297 2.0143 32.1909 -3.8285 0.0618
Pedestrian -1 -1 -5.9006 1129.3848 169.1513 1182.9241 271.9357 1.7353 0.5286 0.5934 9.4585 1.6725 12.5734 -5.2675 0.0536
Pedestrian -1 -1 -2.9544 232.6845 184.1297 263.1843 236.7137 1.7453 0.6565 0.8191 -12.3613 2.1354 24.5581 -3.4168 0.0510
Cyclist -1 -1 -6.8197 912.3995 167.6990 946.4528 198.7582 1.8616 0.6935 1.7828 19.3049 1.5523 43.6996 -6.4066 0.0503
Car -1 -1 -4.3398 269.9417 190.3399 366.5926 238.5064 1.4065 1.6755 4.0451 -9.8446 2.0507 24.5677 -4.7176 0.8712
Car -1 -1 -4.5238 383.0261 184.6074 427.3385 216.0523 1.4857 1.5802 3.4225 -10.5415 2.1200 37.1886 -4.7986 0.8602
Car -1 -1 -7.9345 488.3772 178.4207 514.9065 201.8574 1.6119 1.6049 3.8555 -7.9699 2.0338 52.6629 -8.0844 0.4117
Car -1 -1 -4.8037 579.3043 177.8274 599.4299 193.6182 1.4316 1.5585 3.9375 -2.0122 1.9193 68.7543 -4.8333 0.1336
Car -1 -1 -4.3405 50.6933 158.2186 108.8359 192.4911 2.1978 1.7883 4.0522 -35.5538 1.2589 48.4568 -4.9710 0.1216
Car -1 -1 -4.5923 941.5714 177.9407 988.3993 210.6775 1.4833 1.6034 4.1136 17.4807 1.7487 35.5280 -4.1388 0.1079
Car -1 -1 -7.5241 381.2736 177.2474 413.6872 196.9750 1.7789 1.6998 4.0869 -20.0241 2.2057 68.0677 -7.8095 0.1024
Car -1 -1 -4.5292 928.1822 181.1452 959.0956 200.9712 1.5791 1.6569 4.2468 28.4543 2.3112 61.5309 -4.0983 0.0980
Car -1 -1 -4.6497 829.9596 174.8280 859.7411 200.7439 1.6582 1.6733 3.9954 15.8384 1.7970 48.6620 -4.3372 0.0940
Car -1 -1 -4.5286 486.1673 179.7759 520.5042 205.4819 1.5592 1.5039 3.9837 -6.9157 2.0279 46.8707 -4.6747 0.0883
Car -1 -1 -4.6796 859.3110 173.4413 889.9451 198.4593 1.5115 1.7088 4.0652 16.8340 1.5504 45.9020 -4.3305 0.0778
Car -1 -1 -4.6872 450.8206 181.2234 484.5345 212.8584 1.5167 1.6329 4.2013 -7.4768 1.9824 37.9694 -4.8807 0.0712
Car -1 -1 -4.7699 105.5264 190.4539 151.7365 225.0771 1.5398 1.7111 4.2926 -24.4869 2.4864 36.5868 -5.3566 0.0686
Car -1 -1 -4.9802 670.3757 176.8387 710.4647 202.4686 1.6116 1.6479 3.9915 5.2799 1.8886 48.1240 -4.8720 0.0671
Car -1 -1 -4.7019 772.6597 181.5736 795.1638 205.3000 1.7509 1.6669 3.8834 13.6913 2.4630 56.8644 -4.4673 0.0649
Car -1 -1 -4.9392 266.5535 179.4388 302.5036 203.4620 1.7734 1.6904 4.1100 -25.5818 2.3091 56.5889 -5.3623 0.0648
Car -1 -1 -3.2480 217.4526 189.8493 292.1604 216.4315 1.5083 1.6850 4.0276 -22.1735 2.6102 45.0106 -3.7037 0.0632
Car -1 -1 -8.2647 891.0244 169.7751 942.6880 195.5610 1.5535 1.6810 3.5763 19.1538 1.3677 45.2688 -7.8671 0.0619
Car -1 -1 -4.7852 854.5745 176.6074 880.4102 199.5447 1.8391 1.7297 4.3273 21.6761 2.1678 60.9263 -4.4453 0.0557
