Pedestrian -1 -1 -5.1697 891.7039 153.7468 966.6621 294.8719 1.8688 0.6037 0.9069 4.3563 1.6155 10.0254 -4.7715 0.0773
Car -1 -1 -8.6454 948.9323 169.8580 1057.1343 209.3585 1.4476 1.6315 3.6295 15.3230 1.3375 28.4176 -8.1555 0.0757
Car -1 -1 -4.9838 685.1118 175.0383 729.1734 202.5151 1.6041 1.6477 4.0958 5.9124 1.7454 44.6083 -4.8534 0.0721
Cyclist -1 -1 -7.6554 0.0000 194.5728 15.5905 226.3889 1.6838 0.4565 1.5930 -33.5619 2.9150 40.1011 -8.3491 0.0710
Car -1 -1 -4.7396 65.6462 195.9226 94.6969 219.9617 1.6432 1.6966 4.0302 -40.7949 3.4845 55.4879 -5.3715 0.0587
Car -1 -1 -4.4640 951.1674 172.6473 1009.6218 204.3992 1.4692 1.6438 3.9593 18.1796 1.4594 35.4185 -3.9935 0.0560
Pedestrian -1 -1 -7.9824 1038.9344 158.0869 1063.2650 207.5528 1.8215 0.6851 0.7331 16.4787 1.2774 27.0431 -7.4403 0.1135
Pedestrian -1 -1 -8.3190 1022.6734 157.8747 1051.8491 208.3457 1.8671 0.6846 0.7304 15.9806 1.3126 27.0776 -7.7909 0.0755
Cyclist -1 -1 -3.8094 1010.7294 157.5369 1067.2620 204.9440 1.7640 0.6990 1.7962 16.1874 1.1937 27.3172 -3.2795 0.0738
Pedestrian -1 -1 -5.9431 305.2285 183.0271 318.8073 208.8224 1.8559 0.5389 0.7768 -21.6802 2.5989 52.4304 -6.3337 0.0655
Cyclist -1 -1 -8.1741 1024.3788 158.1482 1057.5231 206.6376 1.7730 0.5372 1.7660 16.2407 1.2350 27.3032 -7.6425 0.0611
Pedestrian -1 -1 -7.9632 1031.4303 157.9821 1055.6223 206.4799 1.8203 0.7073 0.7763 16.5182 1.2618 27.5814 -7.4286 0.0567
Car -1 -1 -4.1809 133.6954 193.4005 245.1097 238.7209 1.4781 1.7016 4.3633 -16.0299 2.3292 27.7094 -4.7016 0.9556
Car -1 -1 -4.7044 69.5198 187.5027 99.3427 216.6564 1.9855 1.7335 4.2037 -39.0214 3.1180 53.5805 -5.3316 0.2527
Car -1 -1 -3.5353 937.2249 171.9855 1014.9553 196.4511 1.6672 1.7647 4.4896 25.3883 1.6078 50.2111 -3.0699 0.2053
Car -1 -1 -5.3105 0.0000 207.2218 43.8561 239.8104 1.4950 1.5638 3.7267 -31.2790 3.3175 37.0104 -6.0088 0.1888
Car -1 -1 -7.7372 305.4766 183.1888 335.0259 204.9270 1.5074 1.6133 3.8562 -21.7021 2.3113 54.0759 -8.1175 0.1712
Car -1 -1 -4.8022 134.5190 194.0998 161.4905 213.4804 1.5399 1.6717 3.8986 -40.9489 3.4813 63.8871 -5.3705 0.1480
Car -1 -1 -5.4765 56.7638 203.5639 151.4820 236.4444 1.4746 1.6289 3.8603 -25.0701 3.0456 35.7393 -6.0849 0.1293
Car -1 -1 -4.9535 896.9219 173.0135 938.3450 195.3751 1.4954 1.6957 4.1989 21.4318 1.5067 50.4893 -4.5545 0.0960
Car -1 -1 -5.0108 677.8953 173.8963 718.2832 198.4710 1.6853 1.6942 4.2633 6.2539 1.7632 51.9214 -4.8921 0.0900
Car -1 -1 -5.1133 240.6188 188.5679 283.9811 210.6917 1.6175 1.6449 4.1047 -27.7721 2.9131 57.5298 -5.5615 0.0872
Car -1 -1 -4.6075 775.7791 174.4846 851.8691 238.3619 1.5699 1.6370 3.9472 5.6746 1.6196 19.9789 -4.3354 0.0737
Car -1 -1 -5.0006 905.4020 173.4305 954.1818 199.5586 1.5409 1.6437 4.1305 19.7478 1.5781 44.7989 -4.5882 0.0680
Car -1 -1 -8.0886 937.7015 171.7632 970.9776 192.4968 1.6420 1.6356 3.6873 28.1394 1.5553 59.1139 -7.6465 0.0667
Car -1 -1 -4.9393 846.1220 178.8545 894.8064 206.9147 1.3809 1.5992 3.7989 13.7318 1.7158 38.3320 -4.5982 0.0608
Car -1 -1 -4.2949 961.8901 174.6120 1030.4355 204.9014 1.5381 1.6487 4.3420 20.7918 1.6373 38.8595 -3.8071 0.0558
Car -1 -1 -3.9843 156.0253 192.0191 209.2472 212.4738 1.6583 1.6457 4.3591 -38.5077 3.4482 65.0996 -4.5170 0.0522
