Pedestrian -1 -1 -5.6540 551.4141 176.4336 570.7531 213.1461 1.8379 0.6466 0.7429 -2.5258 2.0220 36.6853 -5.7228 0.3578
Pedestrian -1 -1 -2.4604 564.6216 186.7308 580.3406 218.3216 1.3897 0.4998 0.5024 -1.7264 2.0192 32.3979 -2.5139 0.2045
Pedestrian -1 -1 -4.9675 605.3655 193.1871 623.4354 234.3588 1.2703 0.4358 0.5992 0.0888 1.9263 22.9464 -4.9646 0.1908
Pedestrian -1 -1 -5.1571 697.2374 173.1590 720.1638 218.7399 1.8804 0.6549 0.8362 4.0925 1.8931 30.2716 -5.0247 0.1726
Pedestrian -1 -1 -5.1052 698.9969 166.9303 722.1379 220.7384 1.9756 0.6230 0.7251 3.7023 1.7578 26.9220 -4.9707 0.1706
Pedestrian -1 -1 -4.8090 661.1686 208.5133 678.4276 263.9197 1.0851 0.3097 0.3788 1.1521 1.8145 14.5713 -4.7329 0.1394
Pedestrian -1 -1 -6.2531 488.8643 179.0573 501.0905 205.6615 1.8077 0.6625 0.8108 -7.9333 2.2370 49.5856 -6.4114 0.1213
Pedestrian -1 -1 -4.3029 672.1617 183.6113 693.9971 221.5192 1.5705 0.7165 0.6677 3.0600 2.0337 30.6236 -4.2050 0.0975
Pedestrian -1 -1 -4.3006 28.1578 166.5029 138.6085 359.2444 1.6891 0.5492 0.8168 -4.9705 1.6331 6.7785 -4.9151 0.0907
Pedestrian -1 -1 -8.2538 539.0834 182.5623 552.8267 211.3224 1.5978 0.5991 0.5669 -3.6545 2.1509 40.7397 -8.3433 0.0906
Pedestrian -1 -1 -4.3017 306.0104 155.9748 360.0269 269.0575 1.9533 0.6177 0.8354 -4.9894 1.6614 12.8951 -4.6646 0.0866
Car -1 -1 -8.0325 572.8508 176.7396 605.9587 202.4033 1.7030 1.6559 3.8334 -1.5131 1.9859 50.5453 -8.0627 0.0802
Pedestrian -1 -1 -3.7886 758.1450 165.8932 778.7627 223.4927 1.9038 0.5025 0.4650 5.2596 1.6734 24.1744 -3.5776 0.0733
Pedestrian -1 -1 -5.7887 397.7133 168.9264 428.5131 234.2793 1.9407 0.6254 0.6832 -5.9949 1.8237 21.8083 -6.0544 0.0679
Pedestrian -1 -1 -4.7910 983.8970 165.8824 1012.2543 238.2630 1.8476 0.5871 0.7778 10.1009 1.6694 18.8917 -4.3072 0.0656
Car -1 -1 -4.4963 411.9833 169.5929 441.4822 193.4950 2.1286 1.7519 4.2906 -16.8495 1.8379 66.4277 -4.7441 0.0642
Car -1 -1 -8.0830 618.8478 174.5077 665.2504 208.0500 1.8414 1.7645 4.2827 1.7713 1.9428 42.1028 -8.0418 0.0638
Cyclist -1 -1 -7.8615 663.4260 180.3887 671.8115 215.2072 1.6312 0.3879 1.5874 2.7459 2.0043 34.9559 -7.7845 0.0637
Car -1 -1 -4.8615 591.3858 179.8181 623.7007 205.6398 1.5100 1.4983 3.5565 -0.2249 1.9629 45.0773 -4.8670 0.0605
Pedestrian -1 -1 -4.8553 879.6475 169.3651 909.3600 241.6101 1.8267 0.5980 0.8280 7.3187 1.7382 18.7145 -4.4886 0.0578
Pedestrian -1 -1 -4.5695 718.4377 167.6489 735.0644 218.2106 1.8668 0.5611 0.4100 4.3112 1.6743 26.9182 -4.4131 0.0575
Pedestrian -1 -1 -5.7894 0.0000 176.2222 120.0238 374.0000 1.5852 0.4367 0.7297 -4.2260 1.6113 5.3831 -6.4315 0.0558
Pedestrian -1 -1 -4.8298 769.9916 183.8930 794.0234 243.0078 1.5722 0.5495 0.7581 4.6510 1.8803 19.7487 -4.6027 0.0546
Pedestrian -1 -1 -4.7728 736.3018 162.8845 758.7194 222.2096 1.9936 0.6933 0.9737 4.6660 1.6583 24.7727 -4.5895 0.0543
Car -1 -1 -3.2828 859.1191 180.6974 1021.2930 233.3944 1.4664 1.6221 4.2636 9.7943 1.7183 21.8420 -2.8670 0.0542
Car -1 -1 -4.0769 423.2056 181.5940 499.1594 215.8156 1.5705 1.6330 4.1119 -7.4774 2.0384 36.4489 -4.2783 0.0538
Pedestrian -1 -1 -4.8227 628.0725 205.4027 641.3652 247.5321 1.0622 0.3017 0.3907 0.5888 1.9156 18.7181 -4.7928 0.0531
Pedestrian -1 -1 -4.4833 0.0000 143.0577 65.6658 354.6417 1.8815 0.6294 1.1004 -5.8966 1.6163 7.0486 -5.1616 0.0528
Cyclist -1 -1 -3.7492 984.7781 150.6900 1043.1295 207.5856 1.9015 0.6325 1.6708 13.6690 1.1605 24.5161 -3.2459 0.0519
Cyclist -1 -1 -2.5165 420.9397 172.9920 463.4889 218.1028 1.9303 0.6365 1.7729 -7.3728 1.9362 31.5148 -2.7450 0.0512
Pedestrian -1 -1 -7.8624 454.5257 181.2951 482.5917 250.3023 1.6402 0.6621 0.9139 -3.5420 1.8541 17.7905 -8.0569 0.7274
Pedestrian -1 -1 -4.3449 322.7210 165.0169 390.5181 298.0557 1.7836 0.6515 0.7904 -3.5775 1.6782 10.0794 -4.6786 0.6468
Pedestrian -1 -1 -4.7058 414.0716 172.9828 454.6172 271.0318 1.7447 0.7056 0.6922 -3.2772 1.7468 13.2579 -4.9444 0.6294
Pedestrian -1 -1 -3.0267 360.3508 172.4161 405.1508 272.6668 1.7159 0.4961 0.6969 -4.0317 1.7081 12.6586 -3.3298 0.6192
Pedestrian -1 -1 -4.9430 724.1508 172.0676 760.5652 243.5921 1.8010 0.7165 0.9780 3.3634 1.7809 18.6765 -4.7685 0.6094
Pedestrian -1 -1 -4.9016 704.4314 170.2480 739.2790 243.8993 1.8563 0.7142 0.9817 2.8353 1.7903 18.6907 -4.7543 0.5407
Pedestrian -1 -1 -3.0289 441.9487 177.6425 461.4662 219.9838 1.8217 0.6312 0.7659 -6.9437 2.0327 31.4772 -3.2448 0.4992
Pedestrian -1 -1 -6.0999 1183.2963 194.2585 1241.0000 374.0000 1.4300 0.4665 0.5769 5.2364 1.6228 6.1367 -5.4178 0.4030
Cyclist -1 -1 -7.8732 568.4112 180.2151 577.8369 217.4125 1.6373 0.3968 1.4368 -1.7220 1.9788 32.7786 -7.9260 0.3732
Pedestrian -1 -1 -7.7951 416.5499 178.5383 434.5425 226.4741 1.7527 0.6146 0.5834 -6.8947 1.9663 26.8081 -8.0450 0.3145
Pedestrian -1 -1 -3.9593 1002.3981 154.0147 1023.4429 211.3659 1.9219 0.5061 0.3705 13.6190 1.2903 24.4779 -3.4570 0.2279
Cyclist -1 -1 -4.4353 378.4776 181.5405 421.4976 266.7448 1.6099 0.4031 1.6325 -4.2832 1.7954 14.6165 -4.7162 0.1971
Pedestrian -1 -1 -4.3074 396.5105 190.0169 425.5470 250.8889 1.4458 0.4746 0.6337 -4.9210 1.8743 17.6795 -4.5757 0.1385
Pedestrian -1 -1 -2.1484 425.5711 175.5186 461.1743 251.0395 1.7327 0.5212 0.6982 -3.9824 1.7969 17.0150 -2.3756 0.1189
Cyclist -1 -1 -8.3235 555.4146 180.1534 579.2344 217.6258 1.6500 0.4437 1.5110 -1.9929 1.9896 32.8327 -8.3843 0.1175
Pedestrian -1 -1 -5.3759 0.0000 194.8624 78.5849 374.0000 1.4520 0.4525 0.4310 -4.2369 1.6170 5.1471 -6.0398 0.1172
Cyclist -1 -1 -7.4158 267.8788 180.1534 349.9928 296.9489 1.6371 0.4801 1.6983 -4.6315 1.7576 11.0812 -7.8040 0.1172
Cyclist -1 -1 -5.9808 554.3932 179.2201 588.5706 218.0081 1.7168 0.5217 1.4482 -1.7759 2.0071 32.5076 -6.0356 0.1161
Pedestrian -1 -1 -8.3214 753.2803 177.9586 788.9019 240.3430 1.6847 0.6623 0.8242 4.4179 1.8297 20.0467 -8.1085 0.1131
Cyclist -1 -1 -7.2264 1001.0995 165.0628 1062.6418 228.5499 1.7847 0.7064 1.6664 12.1988 1.5654 20.9469 -6.7057 0.0952
Pedestrian -1 -1 -2.8000 19.0219 164.3795 147.8194 356.9029 1.7067 0.5659 0.8327 -4.9725 1.6313 6.7810 -3.4145 0.0886
Pedestrian -1 -1 -5.7150 394.1534 172.5498 426.6571 236.0326 1.8866 0.6502 0.7110 -6.0907 1.8773 21.8583 -5.9842 0.0842
Cyclist -1 -1 -7.9364 750.4303 179.1375 767.4532 238.4052 1.6573 0.3418 1.6777 4.3190 1.8492 21.2103 -7.7391 0.0829
Cyclist -1 -1 -7.5934 567.8456 178.5000 588.9458 217.8218 1.7372 0.5471 1.7039 -1.4772 2.0023 33.0240 -7.6384 0.0790
Pedestrian -1 -1 -5.1266 982.4615 172.9030 1020.7182 240.6688 1.7259 0.6034 0.7909 10.1380 1.7269 18.7939 -4.6391 0.0777
Cyclist -1 -1 -6.4458 407.2963 177.4992 456.5374 227.2578 1.7963 0.6099 1.6980 -6.6529 1.9724 26.7774 -6.6876 0.0727
Pedestrian -1 -1 -3.0918 383.3530 170.5019 417.9910 240.1244 1.9142 0.5634 0.9050 -5.9055 1.8492 20.2155 -3.3731 0.0724
Cyclist -1 -1 -7.9371 542.5075 180.4440 551.7031 210.6740 1.6758 0.3927 1.5592 -3.6332 2.1173 41.2024 -8.0250 0.0724
Cyclist -1 -1 -5.1126 992.9676 158.2862 1031.6140 209.6135 1.6865 0.5149 1.7054 13.6356 1.2076 24.5829 -4.6116 0.0715
Cyclist -1 -1 -7.2362 544.5874 178.6155 569.6921 210.9245 1.7899 0.6020 1.6188 -3.0404 2.1247 41.1232 -7.3101 0.0644
Pedestrian -1 -1 -5.0287 385.3462 187.9511 417.5117 262.3920 1.4690 0.5065 0.4792 -4.3087 1.7838 14.7174 -5.3094 0.0623
Cyclist -1 -1 -7.8843 1000.9307 171.7473 1021.1575 230.5238 1.6631 0.4561 1.6471 11.7525 1.6315 21.2540 -7.3856 0.0620
Cyclist -1 -1 -8.6179 1176.4698 150.8773 1241.0000 374.0000 1.7378 0.4867 1.6301 5.3233 1.5890 5.6996 -7.8929 0.0620
Pedestrian -1 -1 -3.7181 302.4386 176.0058 359.2513 285.7312 1.6478 0.5200 0.6500 -4.4132 1.6986 11.2753 -4.0840 0.0602
Cyclist -1 -1 -7.7541 386.6007 176.6279 415.3593 250.0397 1.7128 0.5106 1.7318 -5.1968 1.8104 17.8241 -8.0345 0.0578
Cyclist -1 -1 -7.9583 438.1425 175.6662 455.6042 220.3526 1.8777 0.5614 1.7303 -7.1378 2.0031 31.3425 -8.1809 0.0561
Cyclist -1 -1 -8.1724 532.9727 179.1812 549.7142 210.5124 1.7387 0.4709 1.6044 -3.9652 2.1070 41.2053 -8.2683 0.0545
Cyclist -1 -1 -7.5943 544.2689 179.7946 559.5482 210.5268 1.7089 0.4562 1.6935 -3.3608 2.1151 41.3893 -7.6754 0.0539
Pedestrian -1 -1 -5.6276 527.8737 182.7635 543.4648 209.6746 1.6471 0.5552 0.7914 -4.6632 2.2700 44.9325 -5.7309 0.0519
Cyclist -1 -1 -6.5053 696.5383 169.9386 765.8267 241.6326 1.8268 0.4830 1.7036 3.0775 1.7523 18.6796 -6.3455 0.0516
Car -1 -1 -7.1451 1209.2817 175.7509 1241.0000 374.0000 1.5397 1.6094 3.6242 6.9616 1.5647 5.4507 -6.2650 0.1555
Car -1 -1 -7.6435 542.3529 181.2616 582.2781 209.2491 1.5218 1.6072 3.6697 -2.7864 2.0372 42.3249 -7.7093 0.1495
Car -1 -1 -4.1461 479.6740 183.2320 540.5844 211.2207 1.5428 1.6724 4.1773 -6.0169 2.2032 43.6865 -4.2827 0.1274
Car -1 -1 -5.6823 437.2045 182.4199 503.5587 204.5780 1.4667 1.7064 4.3960 -9.8746 2.1625 50.8486 -5.8736 0.1223
Car -1 -1 -2.6246 0.0000 190.5761 313.7648 301.6791 1.4092 1.5041 4.0313 -6.5918 1.6814 10.2566 -3.1844 0.1090
Car -1 -1 -6.7362 995.0709 173.2771 1195.3661 229.9113 1.5300 1.6747 4.4735 13.6621 1.5424 20.6189 -6.1581 0.1085
Car -1 -1 -2.5815 182.3810 190.1367 404.5025 270.9344 1.4442 1.5805 3.8175 -6.3094 1.8153 14.4307 -2.9875 0.0849
Car -1 -1 -8.0138 530.1402 180.4908 577.8778 217.5835 1.5832 1.6098 3.9289 -2.7181 1.9624 33.7603 -8.0941 0.0724
Car -1 -1 -7.0401 0.0000 188.5844 51.3259 374.0000 1.5095 1.5893 4.1266 -4.6271 1.6231 3.0777 -7.9835 0.0574
