Pedestrian -1 -1 -5.0044 875.4261 155.8958 894.4584 198.2716 1.9976 0.7506 0.4179 13.2666 0.8379 33.5688 -4.6296 0.2465
Pedestrian -1 -1 -3.6282 1202.9180 167.1467 1223.0000 211.2765 1.8442 0.6770 0.5640 25.8254 1.2863 29.9394 -2.9202 0.1979
Pedestrian -1 -1 -7.5717 182.1314 154.5962 204.5644 200.5351 1.9382 0.7229 0.4719 -17.5716 0.8455 30.1455 -8.0930 0.1466
Pedestrian -1 -1 -3.4186 173.6191 190.8784 205.7110 276.6012 1.2445 0.3335 0.3376 -6.2536 1.4033 10.5592 -3.9383 0.1396
Pedestrian -1 -1 -4.4465 610.6945 165.5270 622.9030 193.7188 1.8573 0.6312 0.7724 0.7838 0.8709 47.0401 -4.4282 0.1097
Pedestrian -1 -1 -7.7065 851.7758 160.2247 866.0967 197.4013 1.8884 0.6186 0.5517 13.0219 0.8587 36.3037 -7.3631 0.0934
Pedestrian -1 -1 -3.5435 373.6799 181.0135 393.3309 225.4670 1.2929 0.3995 0.4324 -6.5734 1.3086 20.8628 -3.8426 0.0815
Cyclist -1 -1 -7.8636 437.3582 167.9106 443.6459 189.7140 1.5933 0.4425 1.6455 -12.2190 0.6733 52.5209 -8.0890 0.0795
Car -1 -1 -3.3615 507.9738 172.5702 579.5031 199.6399 1.4963 1.6130 3.8152 -3.5247 1.0581 40.4244 -3.4460 0.0770
Car -1 -1 -7.8468 788.1430 176.2558 895.8361 273.2388 1.5565 1.6763 4.3061 4.5000 1.4888 13.6550 -7.5337 0.0763
Pedestrian -1 -1 -5.5056 5.2444 160.6432 26.9721 215.9382 1.6818 0.4862 0.2409 -18.1545 1.0781 21.7576 -6.1918 0.0743
Cyclist -1 -1 -7.2473 782.8556 169.5675 816.1298 209.2857 1.8163 0.6963 1.6362 9.0961 1.3165 33.1244 -6.9802 0.0712
Car -1 -1 -7.8815 376.5079 166.4503 394.9578 182.7665 1.5551 1.6349 3.8232 -21.5358 0.2159 69.4616 -8.1790 0.0702
Pedestrian -1 -1 -6.4681 642.1371 168.2429 652.8822 191.0909 1.8696 0.5664 0.7921 3.5074 0.8666 58.1863 -6.4065 0.0698
Pedestrian -1 -1 -5.0976 801.6004 158.2406 819.9130 197.4226 1.9756 0.6669 0.7375 10.4690 0.8534 36.0511 -4.8156 0.0685
Car -1 -1 -6.9063 298.6580 164.2889 356.4803 192.5023 2.1184 1.6134 4.0142 -21.6054 0.9012 55.2098 -7.2756 0.0642
Cyclist -1 -1 -4.4094 685.3722 169.0840 700.6342 195.1699 1.6155 0.5385 1.4782 5.5467 0.9086 44.5705 -4.2847 0.0628
Car -1 -1 -7.2749 47.3044 156.0157 163.5110 206.3288 1.7782 1.8171 3.7854 -18.8827 0.9131 26.9044 -7.8794 0.0623
Pedestrian -1 -1 -5.6451 309.9540 163.1341 325.4304 189.2182 1.8569 0.5855 0.8471 -20.6083 0.6206 50.7237 -6.0269 0.0610
Cyclist -1 -1 -7.4551 724.4194 167.6905 746.9389 201.3303 1.7282 0.5713 1.6455 6.8617 1.0703 37.1691 -7.2724 0.0605
Car -1 -1 -7.8571 335.6203 164.3397 354.5637 182.4450 1.7094 1.6868 4.1968 -25.3429 0.1835 69.0174 -8.2057 0.0589
Pedestrian -1 -1 -4.3401 7.9854 206.6138 68.1168 324.1186 1.2068 0.3561 0.4714 -6.1858 1.5004 7.6607 -4.9975 0.0575
Pedestrian -1 -1 -5.4426 25.9635 150.9353 56.0576 210.0903 1.8739 0.6152 0.4471 -18.1683 0.9376 22.7397 -6.1079 0.0503
Pedestrian -1 -1 -5.5872 516.9033 155.8084 592.9985 277.1311 1.8282 0.6683 1.0112 -0.8458 1.4565 11.2210 -5.6585 0.8549
Cyclist -1 -1 -4.8788 469.8149 168.1358 499.0270 222.7110 1.6887 0.6496 1.7493 -3.9402 1.3064 22.8113 -5.0458 0.8528
Pedestrian -1 -1 -5.5878 576.9725 152.5707 670.9747 300.7144 1.8396 0.7212 1.0224 0.1951 1.4932 9.3878 -5.5659 0.8412
Pedestrian -1 -1 -5.6962 759.5621 151.7871 879.8098 345.0930 1.7834 0.6764 0.9384 2.0885 1.5189 7.0995 -5.4202 0.8238
Pedestrian -1 -1 -5.6502 995.3529 142.4070 1143.4855 350.6313 1.8363 0.6971 0.9681 4.3872 1.5008 6.8150 -5.0974 0.8181
Pedestrian -1 -1 -5.1882 561.3092 155.4205 632.5414 272.6527 1.8487 0.8072 1.0216 -0.1972 1.4536 11.7906 -5.2027 0.7985
Cyclist -1 -1 -4.5835 506.1242 167.4873 532.3043 219.7423 1.7248 0.6699 1.7392 -2.9548 1.2956 24.2116 -4.7016 0.7323
Pedestrian -1 -1 -5.3760 612.3287 150.4983 705.4891 285.5240 1.8660 0.8965 1.0828 0.7342 1.4518 10.4706 -5.3063 0.6593
Pedestrian -1 -1 -6.0468 838.8580 154.5518 927.5848 318.7637 1.7622 0.6564 0.8215 3.1316 1.4842 8.0895 -5.6887 0.6507
Pedestrian -1 -1 -4.3362 180.5634 150.2533 228.6603 228.5311 1.9733 0.7033 1.1772 -10.4690 1.2111 18.4531 -4.8429 0.6346
Cyclist -1 -1 -4.6031 502.8943 169.3505 517.2194 198.7688 1.7170 0.6596 1.7262 -5.6593 1.0664 42.1366 -4.7339 0.5770
Pedestrian -1 -1 -7.5856 217.9106 155.0446 244.0345 205.5724 1.8555 0.6627 0.8365 -14.0102 0.9210 26.4437 -8.0659 0.4995
Pedestrian -1 -1 -3.7246 250.4881 153.4868 282.1610 203.2220 1.8361 0.6860 0.8381 -12.7861 0.8391 26.6389 -4.1654 0.4906
Cyclist -1 -1 -4.5866 542.3872 171.3587 557.5048 204.5033 1.6043 0.5602 1.5057 -2.7357 1.1620 34.9885 -4.6621 0.4286
Cyclist -1 -1 -5.4174 821.0964 131.2224 941.9476 283.4589 2.0877 0.7183 1.7439 4.0501 1.4123 10.6382 -5.0618 0.3950
Pedestrian -1 -1 -5.6647 0.0000 160.9417 29.7164 231.0055 1.7206 0.5644 0.5747 -14.9268 1.2406 17.6654 -6.3555 0.3487
Pedestrian -1 -1 -6.1132 431.4040 167.8008 450.3842 205.8899 1.7273 0.6777 0.7430 -7.5432 1.1516 32.4234 -6.3379 0.3011
Pedestrian -1 -1 -6.5485 1027.1001 148.9932 1166.4951 331.2149 1.7785 0.5749 1.0665 5.0068 1.4715 7.3396 -5.9680 0.2615
Pedestrian -1 -1 -6.0785 791.6233 153.8563 883.1466 325.4677 1.7408 0.5644 0.8470 2.4537 1.4709 7.6241 -5.7773 0.2377
Cyclist -1 -1 -8.3087 873.7594 175.3612 907.9766 228.8923 1.6150 0.3533 1.5157 8.8815 1.4603 22.1005 -7.9300 0.2023
Pedestrian -1 -1 -8.0559 442.1740 166.0018 461.2089 206.9761 1.8991 0.7779 0.5578 -7.2178 1.2273 33.1822 -8.2664 0.1865
Pedestrian -1 -1 -5.9694 501.9087 166.9081 519.3644 198.1586 1.8551 0.5573 0.9080 -5.6567 1.0484 42.3292 -6.0995 0.1797
Pedestrian -1 -1 -6.0719 489.7144 166.7321 498.2063 185.9282 1.6578 0.5897 0.6177 -9.6217 0.4687 61.3727 -6.2248 0.1579
Pedestrian -1 -1 -5.1703 911.3522 168.0947 937.1940 223.4395 1.9900 0.5839 0.7540 11.6170 1.5442 25.8104 -4.7504 0.1394
Pedestrian -1 -1 -2.7482 285.9654 171.3058 306.7306 204.9320 1.7700 0.7384 0.7881 -16.4202 1.2862 37.5911 -3.1552 0.1226
Pedestrian -1 -1 -7.2185 241.8874 168.8836 263.3214 206.5321 1.7953 0.7078 0.5982 -16.9995 1.2416 34.0740 -7.6757 0.1201
Pedestrian -1 -1 -7.6643 776.5057 171.1337 793.9968 214.9819 1.8124 0.6176 0.5530 7.5230 1.4255 29.6068 -7.4165 0.1199
Pedestrian -1 -1 -5.1005 745.8713 208.2134 827.0181 369.0000 1.3380 0.4118 0.3824 1.1589 1.5344 4.7788 -4.8753 0.1102
Pedestrian -1 -1 -5.3633 0.0000 144.1842 26.3218 222.4254 1.8503 0.6499 0.5966 -14.6090 0.9918 17.1042 -6.0589 0.0991
Cyclist -1 -1 -6.4523 194.4615 156.5497 251.3605 206.2232 1.7749 0.7078 1.7556 -14.1148 0.9194 26.0813 -6.9413 0.0917
Pedestrian -1 -1 -3.4815 236.5551 153.6109 266.0860 203.2291 1.8282 0.7130 0.8039 -13.3293 0.8377 26.5882 -3.9394 0.0902
Cyclist -1 -1 -8.0573 885.2973 173.7079 912.9638 229.2891 1.6571 0.4589 1.6457 9.0702 1.4549 21.9306 -7.6687 0.0892
Pedestrian -1 -1 -6.4995 740.3141 189.2703 852.9641 369.0000 1.5370 0.5520 0.5848 1.1575 1.5976 4.5700 -6.2656 0.0872
Cyclist -1 -1 -7.4862 246.2135 152.7339 277.6680 202.4254 1.8203 0.4427 1.8158 -13.0237 0.8034 26.8227 -7.9316 0.0860
Pedestrian -1 -1 -7.8379 378.2126 166.1678 398.4064 217.8770 1.6998 0.6326 0.7659 -7.2901 1.2290 23.6975 -8.1307 0.0785
Cyclist -1 -1 -6.8927 826.8511 157.1877 863.6926 191.0002 1.8455 0.7467 1.8379 13.3064 0.5732 39.2051 -6.5662 0.0772
Cyclist -1 -1 -6.3252 433.4826 166.5205 468.2394 208.1601 1.7709 0.5773 1.4448 -6.6834 1.1766 30.5313 -6.5367 0.0771
Pedestrian -1 -1 -5.1831 205.9168 164.4309 231.4444 208.8746 1.6113 0.6362 0.5739 -14.2675 1.0290 26.0594 -5.6769 0.0769
Pedestrian -1 -1 -7.9388 229.1213 171.5125 245.4473 206.4334 1.6777 0.6654 0.5082 -17.8906 1.2461 34.3609 -8.4133 0.0763
Pedestrian -1 -1 -5.1268 269.2791 172.0183 288.3499 206.1508 1.7463 0.7288 0.5750 -16.9180 1.3125 36.6373 -5.5544 0.0757
Pedestrian -1 -1 -7.5634 6.3925 149.7809 46.7339 224.8657 1.8255 0.6296 0.5944 -14.4161 1.0790 17.5840 -8.2392 0.0752
Pedestrian -1 -1 -2.8626 865.5042 170.8444 920.8795 285.8832 1.5673 0.5384 0.6076 4.0381 1.4361 10.0312 -2.4890 0.0741
Cyclist -1 -1 -8.1147 963.6002 163.6705 981.1752 195.2347 1.6569 0.4059 1.7075 19.7148 0.7736 37.9923 -7.6378 0.0740
Pedestrian -1 -1 -7.2614 878.8588 173.7232 906.7388 227.5423 1.6187 0.5589 0.5878 8.7796 1.4152 21.6623 -6.8798 0.0733
Pedestrian -1 -1 -6.7620 356.6342 160.0549 386.8555 216.6330 1.8139 0.6495 0.7231 -7.6723 1.1587 23.1535 -7.0760 0.0733
Cyclist -1 -1 -3.6538 199.2859 157.7661 255.1943 204.6384 1.7026 0.5888 1.7957 -14.2165 0.8770 26.5963 -4.1377 0.0713
Cyclist -1 -1 -7.8171 908.4957 169.1656 916.8978 200.2514 1.6055 0.3516 1.6156 16.2295 1.0203 37.3217 -7.4083 0.0700
Cyclist -1 -1 -5.7738 256.1713 170.5151 301.9302 205.7181 1.7389 0.7645 1.9577 -16.3225 1.2458 35.3872 -6.2008 0.0695
Pedestrian -1 -1 -6.1495 889.0671 165.4550 899.3923 202.8926 1.8989 0.5903 0.4160 14.8009 1.1360 36.2226 -5.7631 0.0674
Pedestrian -1 -1 -3.6501 1033.7644 161.5242 1052.3232 196.2096 1.7829 0.6110 0.5944 22.6918 0.8076 36.6612 -3.0981 0.0667
Cyclist -1 -1 -4.1688 437.8027 168.2326 464.7469 208.9689 1.7202 0.4847 1.3974 -6.6662 1.2024 30.5970 -4.3794 0.0647
Pedestrian -1 -1 -8.1039 243.7569 166.1831 261.5316 201.9039 1.8304 0.6992 0.6068 -18.3006 1.0969 36.6882 -8.5613 0.0639
Pedestrian -1 -1 -5.3913 255.0966 157.4388 286.0826 205.8144 1.7711 0.6782 0.8257 -12.5007 0.9270 26.3716 -5.8273 0.0631
Cyclist -1 -1 -8.0439 953.2323 168.6671 965.3974 197.5755 1.5745 0.3269 1.4750 19.6552 0.9301 39.2630 -7.5814 0.0627
Pedestrian -1 -1 -4.1596 429.0031 177.2241 445.1894 211.0097 1.3250 0.4540 0.4522 -6.6793 1.1967 28.0146 -4.3893 0.0621
Pedestrian -1 -1 -6.3933 973.9409 166.2327 986.0903 200.5855 1.7625 0.5938 0.4918 19.4144 1.0306 36.6419 -5.9081 0.0614
Cyclist -1 -1 -5.7649 392.3099 169.0920 437.3523 216.7143 1.7192 0.5881 1.5074 -7.0216 1.3076 26.0021 -6.0238 0.0606
Cyclist -1 -1 -7.0490 368.7943 168.8396 421.0641 227.3953 1.6935 0.5370 1.5710 -6.3346 1.3566 21.2640 -7.3327 0.0600
Pedestrian -1 -1 -4.5719 416.7257 178.3826 430.4348 213.6753 1.2738 0.4271 0.4285 -6.6375 1.1976 25.7554 -4.8193 0.0597
Pedestrian -1 -1 -6.2883 1109.4871 148.0237 1208.6337 335.2057 1.7576 0.5895 0.7574 5.4806 1.4531 7.1005 -5.6507 0.0588
Cyclist -1 -1 -7.7994 439.2145 169.0286 451.3604 207.8605 1.6487 0.4298 1.5392 -6.9781 1.1618 30.8131 -8.0181 0.0585
Cyclist -1 -1 -8.0702 246.0776 170.0988 264.7314 202.8473 1.6708 0.5340 1.6636 -18.2635 1.1403 36.8907 -8.5246 0.0577
Pedestrian -1 -1 -8.3777 467.8267 166.4832 477.6218 187.2550 1.7551 0.6020 0.5970 -11.2426 0.5707 60.1654 -8.5597 0.0574
Pedestrian -1 -1 -5.6797 769.9941 189.7061 864.5261 369.0000 1.4592 0.4634 0.4357 1.3893 1.5266 4.8262 -5.4144 0.0571
Cyclist -1 -1 -3.3916 533.6783 168.0621 566.7372 203.8196 1.7448 0.5342 1.5478 -2.7318 1.1381 35.0016 -3.4670 0.0567
Pedestrian -1 -1 -4.2115 236.0824 155.6906 266.5885 204.9663 1.7867 0.6950 0.8217 -13.0586 0.8874 26.0622 -4.6691 0.0551
Cyclist -1 -1 -8.0661 360.0828 167.6168 391.7594 226.0405 1.6845 0.5876 1.5894 -6.9250 1.3134 21.2216 -8.3753 0.0544
Cyclist -1 -1 -7.2430 786.0375 171.2164 819.6804 210.4563 1.7937 0.6156 1.7703 9.2542 1.3695 33.1198 -6.9714 0.0536
Pedestrian -1 -1 -6.2097 365.5472 165.8587 391.3041 218.7198 1.7262 0.6218 0.7693 -7.5513 1.2484 23.4801 -6.5151 0.0536
Cyclist -1 -1 -8.1821 870.0640 173.5968 906.3283 231.1134 1.6866 0.4940 1.7070 8.5918 1.4845 21.5978 -7.8070 0.0530
Pedestrian -1 -1 -7.7479 0.0000 157.8086 5.6625 227.8229 1.6797 0.6131 0.6627 -15.2423 1.1356 17.4093 -8.4560 0.0522
Cyclist -1 -1 -7.4768 819.1574 175.1426 850.7300 220.8184 1.6176 0.4878 1.7666 8.3965 1.4282 25.8776 -7.1651 0.0520
Pedestrian -1 -1 -8.3792 467.7313 166.5472 483.2000 194.9049 1.7965 0.6325 0.8556 -8.3104 0.9126 45.3226 -8.5575 0.0520
Pedestrian -1 -1 -5.9757 270.3607 171.8130 287.4412 206.4290 1.7146 0.6087 0.6194 -16.3235 1.2845 35.3609 -6.4030 0.0519
Pedestrian -1 -1 -2.8322 4.2080 156.6574 42.4820 227.3943 1.7451 0.6065 0.5855 -14.7001 1.1572 17.8314 -3.5110 0.0507
Pedestrian -1 -1 -7.7123 469.8586 167.0283 482.2892 196.6040 1.8153 0.6582 0.7414 -7.9873 0.9885 43.7789 -7.8897 0.0505
Car -1 -1 -8.5129 1032.0293 187.0496 1157.0056 234.0856 1.4321 1.5838 3.5859 16.3443 1.6705 23.8781 -7.9174 0.9078
Car -1 -1 -8.3688 957.9592 180.5120 1066.3094 232.0753 1.6280 1.6394 3.5505 13.7082 1.6287 24.1004 -7.8558 0.8939
Car -1 -1 -5.3884 1100.6764 185.3314 1223.0000 232.8854 1.4979 1.5999 3.6149 19.2031 1.6777 24.4603 -4.7277 0.8053
Car -1 -1 -7.6673 460.7383 167.0022 498.5551 195.5174 1.7584 1.6773 4.0143 -8.0403 0.9262 45.6211 -7.8388 0.4102
Car -1 -1 -7.9299 602.9252 173.2216 637.6274 202.3485 1.4503 1.5476 3.5374 0.7408 1.0880 37.0132 -7.9084 0.3761
Car -1 -1 -7.8634 733.6310 174.5315 766.0841 202.9311 1.4539 1.6343 3.5961 7.7691 1.1485 38.1170 -7.6623 0.1393
Car -1 -1 -4.7857 458.6633 164.7648 481.1326 183.4713 1.5823 1.6445 4.1118 -11.8603 0.2513 62.0053 -4.9719 0.1356
Car -1 -1 -8.2861 953.2798 164.6186 1015.7498 194.6845 1.5365 1.6511 3.4325 20.2468 0.7251 37.8943 -7.7972 0.1220
Car -1 -1 -4.2684 431.5260 168.3525 482.9464 195.3625 1.7093 1.6981 4.1967 -9.7564 0.9406 46.9859 -4.4701 0.1211
Car -1 -1 -7.6050 371.9591 171.9964 437.3329 213.8824 1.5006 1.5637 3.5813 -7.6358 1.1962 27.1374 -7.8744 0.0930
Car -1 -1 -7.9294 264.3035 172.5096 301.4272 201.8728 1.5171 1.5805 3.6438 -17.5910 1.1044 38.5077 -8.3531 0.0842
Car -1 -1 -8.4239 845.7455 180.9188 962.2233 230.6402 1.4633 1.5986 3.8929 9.5032 1.4784 22.9013 -8.0339 0.0833
Car -1 -1 -8.1608 810.5282 160.3445 860.0131 189.9681 1.6344 1.6226 3.8598 13.2552 0.5225 40.9434 -7.8482 0.0820
Car -1 -1 -7.1838 195.1502 162.6556 302.2037 207.4655 1.5346 1.6277 3.6175 -13.0905 0.9237 26.1541 -7.6410 0.0736
Car -1 -1 -8.2009 1212.1705 184.1130 1223.0000 233.1790 1.5333 1.7538 3.9713 22.9799 1.6702 24.5838 -7.4542 0.0661
Car -1 -1 -8.0149 405.4162 172.2939 456.8247 208.1458 1.4984 1.6423 3.8429 -7.8573 1.1556 31.6400 -8.2542 0.0651
Car -1 -1 -4.7160 521.0282 171.6875 546.8867 195.9247 1.5570 1.6561 4.0978 -4.7838 0.9909 47.5422 -4.8139 0.0613
