Cyclist -1 -1 -8.4524 1139.7329 163.8316 1223.0000 264.7112 1.6336 0.4722 1.6968 10.0887 1.3641 12.3137 -7.7770 0.1001
Pedestrian -1 -1 -4.5721 223.2662 158.2114 261.6413 251.3890 1.8035 0.5720 0.8004 -7.2923 1.3725 14.1562 -5.0368 0.0909
Pedestrian -1 -1 -7.9958 261.2543 162.5111 303.8340 256.3281 1.7503 0.6392 0.8858 -6.3176 1.4151 13.7363 -8.4163 0.0876
Pedestrian -1 -1 -5.0687 987.0160 208.2546 1080.8502 369.0000 1.3023 0.4091 0.5965 3.1618 1.5252 5.3427 -4.5580 0.0871
Pedestrian -1 -1 -8.2666 701.6599 161.8220 721.1547 209.6551 1.7831 0.5866 0.4710 3.9802 1.0871 26.6609 -8.1184 0.0583
Car -1 -1 -3.7536 1166.4330 156.6751 1223.0000 369.0000 1.5342 1.5705 4.0009 7.5423 1.3711 6.1153 -2.8878 0.0573
Pedestrian -1 -1 -4.7174 64.5227 176.8939 90.0254 233.8577 1.6091 0.5827 0.8157 -15.3146 1.5075 20.4733 -5.3505 0.0517
Car -1 -1 -4.2055 456.7537 162.8663 577.4365 230.0098 1.7550 1.6832 4.1605 -2.4777 1.2944 20.7248 -4.3209 0.0514
Pedestrian -1 -1 -3.1957 621.0300 146.5986 713.4191 301.6816 1.8854 0.6724 1.1229 0.7114 1.4736 8.9455 -3.1173 0.7829
Pedestrian -1 -1 -3.6402 664.7477 168.6559 712.6501 260.9574 1.6634 0.6497 0.6528 1.5049 1.4503 13.1659 -3.5274 0.3049
Pedestrian -1 -1 -8.1976 837.9975 169.5219 871.8751 234.2979 1.5992 0.6155 0.6548 6.2379 1.3285 17.7863 -7.8642 0.1713
Cyclist -1 -1 -5.9417 662.2968 166.7427 750.5364 252.9585 1.6885 0.5372 1.7066 2.0212 1.4194 14.4790 -5.8043 0.1624
Cyclist -1 -1 -4.5493 64.1235 166.8613 116.1973 263.0903 1.6583 0.4927 1.6789 -9.5161 1.4236 13.0468 -5.1661 0.1598
Cyclist -1 -1 -8.3630 840.7532 178.5925 930.9019 280.1112 1.4667 0.5542 1.6587 4.2993 1.4396 11.0764 -8.0006 0.1398
Cyclist -1 -1 -2.9426 649.4116 139.3390 681.0375 171.4943 1.7743 0.6648 1.6789 3.3859 -0.5149 39.8807 -2.8564 0.1332
Pedestrian -1 -1 -2.6830 624.6940 167.0031 673.7264 259.2441 1.6302 0.5546 0.7240 0.7618 1.3920 12.9159 -2.6238 0.1242
Cyclist -1 -1 -7.8793 510.4622 163.4406 548.1297 264.3627 1.7283 0.6418 1.8124 -1.4677 1.4365 13.0487 -7.9868 0.1151
Pedestrian -1 -1 -7.9363 524.8918 162.9052 561.1439 260.5674 1.7186 0.5889 0.8740 -1.1905 1.4093 12.9226 -8.0241 0.1139
Pedestrian -1 -1 -4.3338 1083.0627 153.1316 1140.2203 268.6640 1.8144 0.5491 0.6847 8.2048 1.3850 11.5219 -3.7264 0.1126
Pedestrian -1 -1 -4.3593 673.1931 175.4398 712.4776 254.2981 1.5832 0.5814 0.7684 1.7826 1.4820 14.6698 -4.2393 0.0945
Pedestrian -1 -1 -4.8574 863.5873 193.3715 900.3569 275.9913 1.2461 0.4652 0.4721 4.2639 1.4524 11.0320 -4.4965 0.0933
Pedestrian -1 -1 -4.0897 856.8939 164.1188 912.4390 267.5892 1.6954 0.6138 0.6539 4.7027 1.4273 12.0211 -3.7240 0.0799
Cyclist -1 -1 -4.9784 660.7200 138.0195 678.2130 169.4406 1.7091 0.5543 1.7100 3.6223 -0.6391 39.9766 -4.8865 0.0793
Pedestrian -1 -1 -4.5011 845.1707 161.5383 889.2330 264.1292 1.7485 0.6079 0.6735 4.5897 1.4257 12.4967 -4.1556 0.0758
Pedestrian -1 -1 -3.3523 398.5919 165.0171 442.5648 246.6933 1.7229 0.5636 0.8255 -4.0509 1.3966 15.3507 -3.6034 0.0744
Pedestrian -1 -1 -4.6164 448.5448 165.1296 481.4594 248.9735 1.7342 0.6126 0.7916 -3.0148 1.4166 15.0476 -4.8083 0.0743
Pedestrian -1 -1 -7.9577 898.3512 158.5759 943.3383 265.1007 1.7344 0.6194 0.6569 5.2617 1.3778 11.9180 -7.5500 0.0732
Pedestrian -1 -1 -5.3477 958.3146 160.9251 1015.0201 269.4441 1.7267 0.5454 0.6353 6.2045 1.4157 11.6062 -4.8665 0.0728
Pedestrian -1 -1 -6.4593 1115.7928 145.9867 1182.8672 266.1749 1.8907 0.5687 0.7732 8.8220 1.3481 11.5501 -5.8187 0.0715
Pedestrian -1 -1 -5.7741 816.3839 175.0517 862.1379 255.4531 1.5512 0.5172 0.7022 4.6141 1.4464 14.0744 -5.4623 0.0696
Cyclist -1 -1 -7.5720 79.6888 170.3420 141.3402 265.1874 1.6628 0.4986 1.6228 -9.2732 1.4851 13.2444 -8.1698 0.0694
Pedestrian -1 -1 -4.7210 925.9910 179.0443 962.5510 272.7169 1.4415 0.5111 0.4892 5.3197 1.4195 11.2086 -4.2871 0.0685
Cyclist -1 -1 -6.3882 656.6658 140.0059 688.6143 172.1149 1.8006 0.6400 1.7480 3.8211 -0.4799 40.1478 -6.2919 0.0673
Pedestrian -1 -1 -4.6211 880.7932 199.4724 916.0518 285.9359 1.2027 0.4385 0.4678 4.2167 1.4872 10.2782 -4.2408 0.0644
Cyclist -1 -1 -6.6590 814.3974 166.3482 885.6696 235.3625 1.7216 0.6132 1.5988 6.1772 1.3689 17.9827 -6.3319 0.0632
Pedestrian -1 -1 -8.1447 547.8771 161.1467 579.9808 236.1032 1.8213 0.6022 0.7759 -1.0728 1.3514 17.6474 -8.2026 0.0600
Pedestrian -1 -1 -7.9159 611.7230 164.4256 639.3200 235.7082 1.7463 0.6450 0.7219 0.4650 1.3528 17.6932 -7.8883 0.0596
Pedestrian -1 -1 -9.1176 1021.7574 159.9603 1072.2273 271.1436 1.7730 0.5765 0.5641 7.2493 1.4459 11.6772 -8.5725 0.0577
Cyclist -1 -1 -5.9068 599.4235 163.9413 700.3007 260.8644 1.7045 0.6107 1.7611 0.7756 1.4136 13.0826 -5.8472 0.0570
Pedestrian -1 -1 -3.8974 79.2232 172.5076 131.8919 260.4025 1.6681 0.4973 0.6849 -9.7884 1.5168 13.8059 -4.5015 0.0556
Cyclist -1 -1 -4.7370 669.8658 139.8966 679.6209 171.3883 1.7176 0.5068 1.6375 3.9154 -0.5246 39.8832 -4.6378 0.0555
Pedestrian -1 -1 -3.7373 571.2718 166.2772 619.5452 250.5975 1.7006 0.5178 0.8632 -0.2441 1.4141 14.7194 -3.7518 0.0545
Pedestrian -1 -1 -4.2014 80.1968 169.4943 133.9459 260.8743 1.6878 0.5488 0.7232 -9.5005 1.4849 13.4443 -4.8036 0.0541
Cyclist -1 -1 -8.1401 946.6387 170.2101 1021.8212 279.7213 1.5837 0.5067 1.8877 5.9050 1.4353 11.1996 -7.6649 0.0540
Pedestrian -1 -1 -7.1941 1059.3895 152.0071 1122.4307 267.3994 1.8234 0.5547 0.6727 7.8756 1.3735 11.5423 -6.6065 0.0523
Cyclist -1 -1 -8.2575 827.4552 165.8644 869.9621 233.7000 1.6830 0.4557 1.5608 6.2571 1.3202 18.3381 -7.9323 0.0503
Pedestrian -1 -1 -5.0397 849.4548 200.2960 883.8075 274.2714 1.1427 0.3712 0.4948 4.1276 1.4667 11.3063 -4.6969 0.0500
Car -1 -1 -6.3151 651.8002 141.5449 719.2639 169.1725 1.5046 1.6144 3.7410 4.5379 -0.6601 40.2495 -6.2015 0.1304
Car -1 -1 -3.1165 494.5393 166.4662 657.3322 233.8971 1.6653 1.6901 4.0253 -0.7698 1.3191 18.3358 -3.1559 0.0576
