Car -1 -1 -7.4856 179.8988 190.4588 440.6632 353.2894 1.3815 1.4925 3.3695 -2.9799 1.5028 7.9769 -7.8385 0.9819
Car -1 -1 -4.4076 363.5254 178.0168 449.3883 223.9272 1.4584 1.7048 4.1747 -6.6721 1.3482 24.9384 -4.6716 0.9422
Car -1 -1 -7.8151 500.1953 171.9149 582.1556 248.5031 1.5835 1.6944 4.5338 -1.3921 1.3859 17.1552 -7.9003 0.9254
Pedestrian -1 -1 -8.3029 1164.8112 167.2452 1213.5505 244.3531 1.6865 0.5509 0.7930 13.1678 1.3753 16.1590 -7.6323 0.2157
Pedestrian -1 -1 -4.2293 1190.0441 172.3630 1237.0000 276.2091 1.5675 0.5402 0.6640 9.6581 1.4302 11.2195 -3.5354 0.1258
Pedestrian -1 -1 -3.5699 33.3259 169.6080 59.9728 223.4486 2.0290 0.6590 0.5860 -21.2455 1.5812 27.4827 -4.2285 0.1144
Car -1 -1 -7.8297 204.6457 173.4135 227.9568 193.7727 1.6534 1.6484 3.9706 -32.3658 0.9965 60.4808 -8.3241 0.1052
Pedestrian -1 -1 -6.7686 641.3890 169.1866 652.9087 193.3982 1.8192 0.5670 0.6834 3.4766 0.8939 54.3745 -6.7100 0.0941
Car -1 -1 -4.8309 241.3845 182.8398 309.0620 230.3927 1.4065 1.5546 3.7487 -10.6941 1.4542 23.3636 -5.2612 0.0939
Pedestrian -1 -1 -6.1837 1101.6520 155.9134 1151.0450 245.5953 1.7971 0.5730 0.7799 10.8218 1.2850 14.8664 -5.5681 0.0787
Pedestrian -1 -1 -7.8583 84.7135 184.6154 102.2456 227.5466 1.6586 0.5576 0.4209 -19.9148 1.7824 28.1337 -8.4750 0.0750
Car -1 -1 -5.8701 55.7752 179.9397 147.7177 208.8302 1.5889 1.6979 3.9305 -28.2512 1.5032 40.7208 -6.4786 0.0741
Pedestrian -1 -1 -3.5049 411.7360 171.9708 419.7010 195.2161 1.8355 0.5607 0.4407 -14.7361 1.0829 57.0777 -3.7614 0.0738
Car -1 -1 -4.4381 756.3636 174.7537 799.3705 200.4988 1.4766 1.5912 3.6954 10.6484 1.0898 43.2014 -4.2028 0.0686
Pedestrian -1 -1 -5.5018 571.3149 172.9236 584.1272 196.8434 1.7228 0.5905 0.7242 -1.7094 1.1050 52.1985 -5.5394 0.0679
Car -1 -1 -7.8391 115.3556 171.3264 140.8851 195.3237 1.8223 1.6331 3.6787 -37.1988 1.0496 56.5374 -8.4239 0.0658
Pedestrian -1 -1 -4.0589 1197.9396 125.2705 1218.6442 173.2570 1.8025 0.5268 0.3013 23.0999 -0.3171 27.3733 -3.3675 0.0652
Car -1 -1 -8.3043 874.0858 143.0833 929.9667 171.5219 1.7171 1.7041 4.1560 19.5920 -0.6823 46.9922 -7.9159 0.0624
Pedestrian -1 -1 -8.0651 948.0535 124.7654 1109.4490 373.0000 1.8296 0.7031 0.5934 2.4674 1.5198 4.3135 -7.5772 0.0615
Pedestrian -1 -1 -7.6305 1111.0106 155.6545 1159.5135 254.2155 1.8129 0.5960 0.7721 10.1342 1.3381 13.6919 -7.0077 0.0600
Pedestrian -1 -1 -4.9925 736.1542 195.4039 779.4189 292.5051 1.2643 0.4337 0.5351 2.0601 1.4586 9.7189 -4.7948 0.0575
Pedestrian -1 -1 -6.5194 256.8251 169.9364 275.5872 202.2950 1.9373 0.5488 0.9265 -20.3023 1.2451 43.5094 -6.9587 0.0563
Pedestrian -1 -1 -6.3290 285.2306 173.2021 300.1804 200.4944 1.8346 0.5472 0.9061 -20.9359 1.2768 48.7322 -6.7378 0.0553
Pedestrian -1 -1 -7.8155 858.8316 162.6167 876.5726 207.4153 1.8796 0.6904 0.5775 11.3029 1.0876 30.5356 -7.4688 0.0549
Cyclist -1 -1 -7.9320 606.6838 164.9263 630.3851 210.6038 1.7054 0.7472 2.0267 0.6253 1.0870 27.8537 -7.9149 0.0537
Car -1 -1 -6.6237 0.0000 204.5727 0.0000 373.0000 1.5058 1.5828 3.7103 -4.3567 1.6359 2.0765 -7.7077 0.0515
Car -1 -1 -7.9236 601.7764 173.5416 642.1519 212.4511 1.4592 1.4185 2.0236 0.7511 1.1611 27.9837 -7.9021 0.6484
Pedestrian -1 -1 -3.8408 662.0795 173.6118 680.3371 204.8456 1.5197 0.5268 0.7267 3.4255 1.1361 35.3750 -3.7500 0.2020
Pedestrian -1 -1 -6.3704 235.0012 173.5950 254.8168 208.3491 1.8133 0.6518 0.8838 -18.8620 1.4011 37.9888 -6.8335 0.1023
Pedestrian -1 -1 -5.3675 222.8714 182.4516 242.7791 214.9028 1.6435 0.6001 0.7091 -18.9039 1.6930 36.8264 -5.8439 0.1015
Cyclist -1 -1 -4.6186 261.1994 174.1472 273.3040 203.9952 1.7673 0.5048 1.7981 -20.2111 1.3320 43.4640 -5.0566 0.0871
Cyclist -1 -1 -7.9869 236.6223 178.1544 247.2696 208.5770 1.5924 0.3080 1.4894 -19.1776 1.4174 38.3006 -8.4535 0.0734
Pedestrian -1 -1 -7.8635 206.4201 182.9135 222.5541 217.5300 1.6938 0.6962 0.8033 -19.2486 1.7653 35.7111 -8.3600 0.0559
Car -1 -1 -3.9907 0.0000 197.7917 164.6460 369.2836 1.3874 1.5783 3.7629 -6.9203 1.6142 8.0713 -4.6893 0.8348
Car -1 -1 -7.6869 497.9304 173.1250 566.9481 225.2990 1.5316 1.6330 3.5651 -2.1475 1.2862 22.9215 -7.7845 0.8132
Car -1 -1 -7.6726 568.8851 175.5290 612.9220 205.9091 1.3887 1.5207 3.6094 -0.4699 1.1160 34.7389 -7.6911 0.4992
Car -1 -1 -7.7963 527.7819 171.9564 572.6331 212.1476 1.5407 1.6323 3.9061 -2.0616 1.1752 29.5035 -7.8705 0.3397
Car -1 -1 -6.6931 564.2373 173.9835 646.2513 201.9289 1.5496 1.6876 4.4331 0.2247 1.1330 41.4896 -6.6928 0.1802
Car -1 -1 -7.8787 669.8873 170.1381 691.1697 188.7857 1.4977 1.6316 4.1123 6.5789 0.5850 59.8066 -7.7746 0.1724
Car -1 -1 -7.8615 599.6689 173.3950 640.5427 211.9280 1.4473 1.5353 3.5858 0.6992 1.1432 28.7822 -7.8425 0.1078
Car -1 -1 -4.2202 512.6483 175.6499 575.1151 204.0662 1.4604 1.6390 4.1519 -3.0729 1.1600 39.1483 -4.3031 0.0801
Car -1 -1 -6.9971 233.8077 174.2702 315.0200 204.6445 1.5868 1.6444 3.9841 -17.9853 1.2093 39.6799 -7.4252 0.0775
Car -1 -1 -5.3353 1113.8090 135.2030 1193.7120 163.9075 1.5697 1.7013 4.2422 33.7522 -1.1312 44.0489 -4.6891 0.0722
Car -1 -1 -8.2012 1122.8951 131.1889 1188.3439 164.4293 1.6986 1.6693 3.9939 31.5895 -1.0273 41.0764 -7.5534 0.0558
Car -1 -1 -2.9607 544.1712 173.9174 667.2672 218.9751 1.4996 1.5991 4.0789 0.1598 1.2476 25.0622 -2.9596 0.0545
Car -1 -1 -2.5482 145.3535 182.6607 246.5900 212.9489 1.5193 1.6868 4.3580 -20.9132 1.5811 37.1203 -3.0633 0.0523
