Pedestrian -1 -1 -4.5764 728.0166 162.8762 742.9013 202.4089 1.8843 0.6068 0.8112 6.0253 1.4084 34.8704 -4.4072 0.1417
Pedestrian -1 -1 -8.4958 1002.8386 148.3366 1056.3018 239.5936 1.8190 0.6353 0.7271 8.5313 1.3300 14.7831 -7.9815 0.1286
Car -1 -1 -4.2563 265.8097 177.2414 327.6261 206.2870 1.6281 1.6665 4.3132 -18.7472 1.9045 43.3038 -4.6629 0.1010
Pedestrian -1 -1 -5.4806 235.1301 169.9829 251.9833 199.9310 1.9602 0.4955 0.9149 -24.2126 1.7720 47.6122 -5.9490 0.0969
Pedestrian -1 -1 -6.2099 415.3541 177.2314 425.2426 195.6800 1.6561 0.5049 0.8303 -17.1753 2.0537 65.2504 -6.4666 0.0955
Car -1 -1 -4.1629 130.0099 182.8163 201.1740 211.4807 1.5170 1.7056 3.8701 -25.4824 2.1160 41.4681 -4.7113 0.0889
Car -1 -1 -4.2157 160.9590 180.8791 240.4306 213.5681 1.4650 1.6349 4.0772 -20.0054 1.8812 35.3937 -4.7271 0.0672
Pedestrian -1 -1 -5.1670 215.5322 174.3489 231.1083 203.7770 1.8297 0.6170 0.7048 -24.3454 1.9243 45.3646 -5.6574 0.0671
Pedestrian -1 -1 -4.7761 1202.6888 131.0958 1241.0000 265.0014 1.8227 0.5645 0.8017 8.8099 1.2540 10.3118 -4.0833 0.0662
Pedestrian -1 -1 -5.5192 1067.1658 156.6035 1123.5803 248.4830 1.6345 0.5037 0.7039 8.8381 1.3451 13.2355 -4.9411 0.0651
Car -1 -1 -7.4899 1105.4487 167.4778 1241.0000 374.0000 1.4803 1.6482 4.2333 4.3414 1.4686 2.8882 -6.5525 0.0639
Pedestrian -1 -1 -3.8766 1070.0409 124.3259 1224.4406 339.1748 1.8927 0.5207 1.0892 4.8968 1.4649 6.6820 -3.2656 0.0631
Pedestrian -1 -1 -8.2048 806.3488 161.9153 822.5182 196.1888 1.8604 0.6344 0.7428 11.1668 1.2663 39.5605 -7.9320 0.0626
Car -1 -1 -4.7740 424.9149 176.9369 447.2456 194.1417 1.3992 1.6200 3.8853 -14.9381 1.7602 61.7679 -5.0106 0.0621
Car -1 -1 -5.8708 573.1967 172.7763 629.6432 192.2251 1.5049 1.5924 4.2026 -0.7128 1.4986 57.3831 -5.8835 0.0620
Car -1 -1 -2.5061 6.1788 177.8475 115.9050 208.9373 1.5080 1.6523 4.2199 -27.4559 1.7635 36.1196 -3.1526 0.0596
Pedestrian -1 -1 -4.3600 660.5288 169.8479 677.7186 202.7037 1.7050 0.6535 0.8387 3.0744 1.5487 37.9601 -4.2803 0.0582
Car -1 -1 -4.3193 294.5257 175.7303 339.3839 198.9893 1.6900 1.7214 4.1089 -22.3020 1.9171 54.9984 -4.7031 0.0579
Car -1 -1 -4.4637 354.1716 180.0897 388.9478 199.6476 1.3714 1.5097 4.1333 -17.9135 1.9366 54.2738 -4.7813 0.0539
Pedestrian -1 -1 -2.8565 824.6940 163.3484 838.8290 205.7727 1.8136 0.5186 0.4584 9.5430 1.4069 31.1872 -2.5626 0.0536
Pedestrian -1 -1 -5.6098 1125.7299 141.0959 1201.6658 256.1984 1.7836 0.5271 0.8209 8.8640 1.2912 11.6452 -4.9717 0.0523
Cyclist -1 -1 -7.7318 803.4819 167.5964 831.3653 239.6961 1.6632 0.4687 1.6066 4.9850 1.5416 17.4761 -7.4591 0.0513
Pedestrian -1 -1 -7.6917 648.9473 170.1247 663.2057 202.4858 1.6928 0.6422 0.7473 2.4021 1.5497 38.1788 -7.6298 0.0506
Pedestrian -1 -1 -4.1376 858.4604 167.4185 882.5386 217.7061 1.7461 0.5756 0.5831 9.1444 1.5571 25.4597 -3.7970 0.0503
Pedestrian -1 -1 -7.6378 623.5290 172.4837 638.3196 203.0963 1.6141 0.6314 0.8107 1.0815 1.5943 38.5140 -7.6104 0.0811
Pedestrian -1 -1 -7.3112 663.3755 171.1671 680.1001 201.9025 1.6755 0.6283 0.7401 3.3705 1.5832 39.8178 -7.2278 0.0537
Car -1 -1 -4.2527 267.2051 179.4493 321.1742 207.5058 1.5636 1.5656 3.4371 -18.7025 1.9704 42.7911 -4.6628 0.9040
Car -1 -1 -4.3649 312.0103 180.0054 356.9273 202.7645 1.4212 1.5404 3.9861 -18.4230 1.9198 48.3226 -4.7276 0.7245
Car -1 -1 -4.5152 360.0229 177.6421 392.6427 197.7566 1.4746 1.6269 4.1521 -18.1395 1.8607 56.0771 -4.8269 0.5281
Car -1 -1 -4.5594 386.8949 179.3812 412.4418 196.5836 1.3809 1.5133 3.8918 -17.9125 1.9552 61.4872 -4.8420 0.2488
Car -1 -1 -4.4940 408.2557 176.9096 434.6079 194.1949 1.5366 1.5536 3.9340 -17.5132 1.9245 67.0706 -4.7487 0.1821
Car -1 -1 -4.2054 59.2715 182.0401 137.0968 214.0179 1.5036 1.6594 3.6898 -26.1487 1.9983 36.9536 -4.8180 0.1469
Car -1 -1 -4.5466 394.5096 177.3838 425.3344 197.4299 1.4399 1.6020 4.1131 -15.2116 1.7977 54.9181 -4.8159 0.1382
Car -1 -1 -4.7299 675.6796 172.1615 703.3018 199.3921 1.5582 1.5671 3.5379 4.6796 1.5183 43.1203 -4.6230 0.1288
Car -1 -1 -4.4054 355.6792 178.2571 399.3162 201.2620 1.4513 1.6346 4.0731 -15.6044 1.8296 48.5162 -4.7153 0.0775
Car -1 -1 -8.0148 637.9237 173.3727 676.7346 199.9384 1.5180 1.6725 4.1770 2.7624 1.5505 43.4739 -7.9522 0.0761
Car -1 -1 -4.1533 298.5738 177.0892 349.8900 199.1080 1.6043 1.7073 4.2029 -21.9997 1.9436 55.6475 -4.5284 0.0733
Car -1 -1 -7.8997 678.5756 172.3250 706.7076 197.2025 1.5451 1.6281 3.7720 5.2830 1.5119 46.7488 -7.7883 0.0629
Car -1 -1 -4.7738 622.9350 175.4905 657.3678 203.7381 1.4664 1.6466 3.9278 1.5793 1.6188 39.8092 -4.7350 0.0502
