Pedestrian -1 -1 -4.4302 661.6170 181.6659 680.2241 222.5721 1.4164 0.5006 0.6365 2.1123 1.7327 25.5373 -4.3494 0.1088
Cyclist -1 -1 -7.7407 193.2097 171.6375 224.5660 250.6171 1.7753 0.4445 1.7833 -9.5538 1.7477 17.1283 -8.2432 0.0826
Car -1 -1 -8.6680 1011.5173 193.2579 1241.0000 374.0000 1.5289 1.6244 3.9199 3.0290 1.6494 2.2746 -7.8025 0.0733
Pedestrian -1 -1 -4.8974 1135.2228 153.5541 1170.6052 220.5559 1.9233 0.7055 0.7137 15.8806 1.3690 21.1864 -4.2611 0.0697
Car -1 -1 -2.8976 0.0000 185.4460 123.8713 230.9238 1.5628 1.6433 4.5385 -21.3612 2.0694 27.3814 -3.5555 0.0688
Cyclist -1 -1 -2.1931 138.6024 173.8253 178.8559 212.9068 1.8421 0.7704 1.7487 -21.7646 1.8895 34.7349 -2.7496 0.0678
Cyclist -1 -1 -7.4261 189.0100 175.5898 212.1357 208.3222 1.6602 0.3783 1.6909 -21.3603 1.8057 37.5987 -7.9399 0.0664
Pedestrian -1 -1 -6.4765 449.1396 171.7649 464.6701 201.0862 1.8590 0.4771 0.8966 -9.8249 1.7897 46.1422 -6.6855 0.0650
Car -1 -1 -4.8146 511.6816 172.7854 533.5066 190.2501 1.6334 1.6670 4.2278 -8.4950 1.6267 69.7303 -4.9356 0.0645
Cyclist -1 -1 -7.8174 699.3000 173.2298 706.5563 203.2524 1.6001 0.3407 1.5109 5.0202 1.6206 39.2477 -7.6916 0.0625
Cyclist -1 -1 -7.4321 217.3788 179.6116 246.9026 226.8613 1.6023 0.3490 1.4660 -13.3449 1.8471 25.4225 -7.9115 0.0608
Car -1 -1 -4.2437 238.5792 186.0721 302.1322 215.0009 1.4973 1.5877 4.1440 -19.4144 2.2930 41.3567 -4.6804 0.0603
Car -1 -1 -4.5763 283.4709 176.0596 311.2275 200.4774 2.0804 1.7180 4.1556 -27.8393 2.3757 64.2940 -4.9836 0.0554
Pedestrian -1 -1 -6.7251 685.0995 168.9274 700.0629 204.1402 1.8959 0.6514 0.5853 4.4521 1.6842 39.2523 -6.6135 0.0548
Cyclist -1 -1 -5.1649 637.8969 173.4478 663.3507 210.7081 1.6852 0.5565 1.5435 1.8326 1.7131 33.4791 -5.1113 0.0522
Pedestrian -1 -1 -4.9109 1097.3020 158.7378 1129.7827 223.5484 1.8963 0.6657 0.7006 14.9898 1.4830 21.5640 -4.3103 0.0516
Car -1 -1 -4.9130 826.9543 181.7924 858.6010 202.9859 1.6610 1.7309 4.0866 19.4349 2.4360 60.4648 -4.6039 0.0516
Car -1 -1 -3.9088 246.7665 186.1153 315.5020 213.9799 1.5924 1.6885 3.8253 -20.6170 2.4633 45.3115 -4.3339 0.0503
Cyclist -1 -1 -2.9441 58.1294 172.7136 116.3581 222.7845 1.8503 0.7335 1.6747 -19.8283 1.8448 27.3432 -3.5671 0.2372
Cyclist -1 -1 -6.8705 254.8919 173.1195 294.7801 209.6162 1.7858 0.5816 1.7949 -16.8548 1.7991 36.2350 -7.3034 0.1620
Pedestrian -1 -1 -7.7105 86.9022 176.7698 111.1841 222.9480 1.7279 0.6861 0.5157 -19.4765 1.8786 27.4483 -8.3232 0.0993
Cyclist -1 -1 -2.9402 43.6403 175.1651 106.9546 224.4690 1.7819 0.7402 1.7802 -19.9138 1.8699 26.8523 -3.5737 0.0524
Pedestrian -1 -1 -5.9392 591.7739 173.9555 601.2427 193.4950 1.6547 0.5822 0.6494 -1.1739 1.7489 61.5247 -5.9585 0.0522
Pedestrian -1 -1 -7.2890 215.0699 176.7632 232.4772 209.9311 1.7237 0.6070 0.5466 -20.3035 1.9302 37.8632 -7.7785 0.0520
Car -1 -1 -7.7535 582.2198 175.5753 603.8437 192.2466 1.4068 1.5510 3.5554 -1.4868 1.6522 63.3173 -7.7772 0.3600
Car -1 -1 -2.9665 0.0000 180.8691 127.1538 222.9899 1.4788 1.5997 3.6525 -20.7148 1.8006 27.4534 -3.6084 0.2178
Car -1 -1 -4.7727 651.1768 177.7332 686.1890 206.7292 1.4533 1.6130 4.3804 3.0891 1.7324 39.1107 -4.6950 0.1886
Car -1 -1 -7.4675 239.8623 180.4500 325.2878 218.8258 1.4887 1.7655 4.5431 -14.0658 1.8411 31.2014 -7.8882 0.1404
Car -1 -1 -3.8002 808.9648 187.1284 869.4294 210.3936 1.5384 1.5814 3.9181 16.1264 2.5726 50.8737 -3.4955 0.0863
Car -1 -1 -2.5448 95.6329 187.2924 241.6313 229.7274 1.3894 1.5997 4.1694 -15.3633 1.9107 25.1528 -3.0886 0.0830
Car -1 -1 -4.8827 245.8835 178.3102 293.5023 209.3861 1.5017 1.6105 3.9058 -17.8351 1.8017 37.6522 -5.3226 0.0796
Car -1 -1 -7.9441 391.6048 174.7303 413.3130 192.0041 1.5556 1.6142 3.8118 -19.4575 1.7362 67.4956 -8.2239 0.0767
Car -1 -1 -4.0976 133.1977 182.7330 216.1299 215.7392 1.5327 1.6816 3.8651 -22.0684 2.0620 36.6882 -4.6361 0.0756
Car -1 -1 -4.1926 71.1676 188.6507 206.6893 240.6912 1.3294 1.6734 3.8708 -13.9681 1.8453 21.6038 -4.7611 0.0686
Car -1 -1 -2.4863 182.1974 182.1715 261.2862 211.0630 1.5237 1.6665 3.5781 -21.4708 2.0528 39.8851 -2.9776 0.0656
