Pedestrian -1 -1 -3.0256 69.5633 177.7468 83.9650 209.8242 1.8822 0.5795 0.6244 -31.7126 2.1754 42.8681 -3.6597 0.2314
Pedestrian -1 -1 -5.1403 249.8004 183.5125 260.2777 208.1692 1.8769 0.6340 0.3558 -27.3754 2.7031 55.5911 -5.5963 0.1833
Car -1 -1 -4.3603 438.3000 179.8703 473.8335 197.7752 1.4521 1.6737 4.1577 -13.2892 2.0798 62.4020 -4.5696 0.0660
Car -1 -1 -4.2171 196.1988 194.8302 237.0529 213.1269 1.5481 1.6249 4.1021 -37.0531 3.6824 68.0325 -4.7145 0.0625
Pedestrian -1 -1 -4.6301 802.1599 168.5746 818.8762 211.3448 1.9583 0.6960 0.6850 9.2640 1.7620 33.4768 -4.3630 0.0623
Car -1 -1 -4.6197 172.9833 191.2336 199.6152 215.9365 2.0288 1.6458 4.7558 -38.4311 3.7604 65.4869 -5.1489 0.0551
Car -1 -1 -7.3057 0.0000 185.4665 17.3492 272.4808 1.5911 1.6945 4.2095 -15.4821 1.9109 16.0772 -8.0640 0.0549
Car -1 -1 -4.5511 484.6893 179.2283 523.4039 208.1594 1.6059 1.6298 4.2313 -6.3109 2.0053 43.1167 -4.6961 0.0517
Car -1 -1 -8.7378 0.0000 0.0000 1241.0000 374.0000 1.5065 1.6017 3.7691 3.7261 1.5565 1.8698 -7.6941 0.0512
Pedestrian -1 -1 -7.5094 232.9305 176.1397 257.6292 219.5612 1.8123 0.7973 0.5341 -15.4427 1.9522 30.4752 -7.9752 0.2935
Pedestrian -1 -1 -5.5334 357.7026 184.2269 387.1992 247.0356 1.5356 0.5359 0.4616 -6.0085 1.8260 18.1041 -5.8501 0.2278
Cyclist -1 -1 -4.3756 790.3571 175.8043 807.9647 203.4147 1.6740 0.5155 1.7419 11.7168 1.8604 44.7985 -4.1219 0.2065
Cyclist -1 -1 -7.7489 797.5278 176.5866 805.2950 203.0201 1.6321 0.3184 1.5465 12.0531 1.8715 45.5508 -7.4923 0.1342
Pedestrian -1 -1 -4.2656 1025.8130 147.1686 1134.2853 339.0727 1.8257 0.6170 0.8905 4.7387 1.5811 7.3648 -3.7128 0.1115
Pedestrian -1 -1 -4.5321 904.7333 161.3383 964.3480 308.5734 1.7447 0.5499 0.8666 4.0284 1.6079 9.0629 -4.1269 0.0933
Pedestrian -1 -1 -7.1120 242.1069 179.8253 264.1672 223.1685 1.7930 0.6674 0.5009 -15.0225 2.0886 30.2901 -7.5693 0.0908
Cyclist -1 -1 -7.3690 354.2336 175.5643 405.6923 246.9511 1.7348 0.5110 1.7210 -5.9186 1.8073 18.4943 -7.6751 0.0686
Cyclist -1 -1 -7.8809 793.2826 173.2809 800.9448 201.2073 1.7295 0.4163 1.7400 11.7878 1.7567 45.6061 -7.6299 0.0676
Pedestrian -1 -1 -5.1796 787.8716 171.8110 803.9398 202.7205 1.9026 0.6851 0.7870 11.5230 1.8381 44.8713 -4.9303 0.0618
Cyclist -1 -1 -6.1319 338.2050 179.9233 398.1004 245.5234 1.6018 0.5916 1.3515 -6.1051 1.7830 18.1119 -6.4532 0.0616
Pedestrian -1 -1 -7.6972 222.9695 181.3418 244.5156 221.0096 1.6347 0.7298 0.5088 -15.8094 1.9944 30.2437 -8.1756 0.0544
Pedestrian -1 -1 -8.9720 940.5115 163.3228 1023.0100 310.7975 1.7474 0.5779 0.7427 4.5841 1.6342 9.0200 -8.5159 0.0543
Cyclist -1 -1 -7.5968 354.0438 174.2284 388.2189 248.2731 1.8133 0.4238 1.6575 -6.1690 1.8499 18.5409 -7.9143 0.0539
Cyclist -1 -1 -4.3647 795.4598 171.8596 813.4839 201.8598 1.8221 0.5121 1.7645 12.0186 1.7614 44.6943 -4.1041 0.0518
Car -1 -1 -2.7617 824.5403 182.4235 941.6335 227.2689 1.4356 1.5764 3.5604 9.6062 1.7988 25.6342 -2.4075 0.7142
Car -1 -1 -4.6567 398.5402 183.8982 421.2894 202.1281 1.4787 1.7029 3.9032 -17.5009 2.4769 63.1444 -4.9263 0.4336
Car -1 -1 -4.0239 0.0000 201.2276 71.3608 248.2487 1.3671 1.6855 3.7048 -20.9842 2.4257 25.0724 -4.7157 0.3468
Car -1 -1 -4.6827 779.3852 176.2000 807.0155 201.6639 1.5490 1.6230 3.7423 11.7887 1.7734 46.4443 -4.4361 0.2714
Car -1 -1 -4.8118 167.6483 195.8916 201.1655 222.0222 1.6559 1.6697 4.1336 -30.5504 3.3752 51.6961 -5.3436 0.1911
Car -1 -1 -4.1931 227.0551 195.1169 274.3849 216.2109 1.5543 1.6653 4.1518 -29.7192 3.4636 59.7664 -4.6531 0.1563
Car -1 -1 -4.4302 193.8879 185.5374 271.3599 225.4974 1.4492 1.7132 4.2214 -15.5223 2.0125 29.8240 -4.9068 0.0871
Car -1 -1 -5.6260 792.6562 181.7573 873.8679 212.9354 1.4735 1.5745 3.8384 11.4318 1.9581 37.2738 -5.3312 0.0792
Car -1 -1 -7.0136 728.4750 175.5094 789.6151 198.9276 1.5178 1.6104 4.0048 10.0731 1.7036 48.8565 -6.8119 0.0771
Car -1 -1 -4.7807 989.6729 178.2583 1057.2130 228.1320 1.4826 1.6434 4.0046 13.6489 1.6789 24.0794 -4.2708 0.0664
Car -1 -1 -4.2803 97.2402 185.3330 199.7723 228.5361 1.4995 1.7996 4.2051 -18.1274 2.0305 28.5164 -4.8425 0.0509
