Cyclist -1 -1 -6.6467 449.7253 179.2648 495.4284 226.0639 1.8768 0.7166 1.7180 -5.7338 2.1489 29.8989 -6.8351 0.0894
Pedestrian -1 -1 -4.8780 227.8411 176.9424 268.4660 280.4924 1.8191 0.5601 0.6771 -6.6511 1.8958 13.1485 -5.3387 0.0716
Pedestrian -1 -1 -3.2252 184.6809 170.9790 216.3759 268.4683 1.9385 0.5891 0.5180 -8.4183 1.9009 14.7365 -3.7368 0.0705
Pedestrian -1 -1 -6.5546 527.8377 176.0027 539.8497 199.4419 1.8908 0.6200 0.8370 -6.2299 2.1488 58.7651 -6.6602 0.0688
Pedestrian -1 -1 -5.9327 492.7808 174.8774 503.4383 203.0427 1.9448 0.5026 0.5963 -7.8101 2.0860 50.1702 -6.0868 0.0640
Pedestrian -1 -1 -2.0502 221.8289 175.3172 271.3191 288.1344 1.8507 0.5090 0.6515 -6.2250 1.8936 12.2513 -2.5122 0.0637
Cyclist -1 -1 -2.4436 209.8026 147.9458 261.9355 195.1960 1.8210 0.6847 1.8007 -14.7351 0.8608 28.3405 -2.9194 0.0614
Car -1 -1 -7.1715 0.0000 198.6521 83.5653 374.0000 1.4761 1.6200 4.1269 -8.5378 1.8602 8.6285 -7.9362 0.0610
Pedestrian -1 -1 -3.7454 442.3508 180.4276 462.4795 223.3312 1.8207 0.6054 0.6156 -6.8578 2.1525 31.2038 -3.9605 0.0574
Pedestrian -1 -1 -4.2610 68.2830 221.8366 120.8423 317.8531 1.1834 0.3837 0.4857 -6.7893 1.8422 9.4389 -4.8715 0.0556
Pedestrian -1 -1 -3.2822 705.5305 173.2037 719.7935 213.6331 1.9700 0.5032 0.6273 4.9960 1.9870 35.4157 -3.1438 0.0551
Pedestrian -1 -1 -7.1213 688.0663 173.8697 706.6593 207.4749 1.9129 0.6234 0.9005 5.0052 1.9719 41.6350 -7.0031 0.0537
Car -1 -1 -7.5449 455.0835 186.8101 502.2690 216.2664 1.5323 1.5864 3.7819 -7.5114 2.3708 41.3861 -7.7239 0.0530
Pedestrian -1 -1 -6.1335 293.7054 180.7243 330.6899 278.0151 1.7771 0.5839 0.5616 -5.6523 1.9288 13.5860 -6.5215 0.0501
Cyclist -1 -1 -2.7863 211.5849 146.1560 248.5918 179.3499 1.8019 0.6273 1.6839 -20.8701 0.3523 39.5852 -3.2688 0.1152
Cyclist -1 -1 -8.2820 554.3181 183.6281 573.1127 213.8281 1.6677 0.4486 1.5931 -2.6895 2.2951 41.2292 -8.3474 0.0876
Cyclist -1 -1 -4.7538 563.9866 184.7243 573.9880 214.6907 1.6493 0.5001 1.6323 -2.3850 2.3407 41.2118 -4.8119 0.0644
Pedestrian -1 -1 -7.8996 224.0895 145.6306 238.9552 178.1703 1.7487 0.6826 0.7960 -20.6502 0.2854 39.2918 -8.3807 0.0574
Cyclist -1 -1 -2.7874 535.2407 179.5657 569.2451 212.5011 1.8284 0.6982 1.7890 -3.3065 2.2137 40.8698 -2.8682 0.0548
Cyclist -1 -1 -4.3016 213.3747 141.4977 237.6195 174.4972 1.7632 0.5547 1.6469 -21.0176 0.0875 39.3956 -4.7889 0.0528
Cyclist -1 -1 -2.6583 547.2554 183.0764 578.3817 213.6107 1.6883 0.6489 1.6498 -2.7155 2.2770 40.9475 -2.7247 0.0528
Car -1 -1 -7.9931 676.9836 187.4552 761.4408 252.1668 1.4343 1.6044 3.9549 2.6888 1.8557 18.8630 -7.8547 0.9803
Car -1 -1 -4.5588 387.3494 192.3908 508.9455 290.7749 1.4499 1.5909 3.8927 -2.8947 1.8665 13.4107 -4.7684 0.9347
Car -1 -1 -7.7915 520.9620 186.4779 563.6246 223.9794 1.4693 1.6245 3.9072 -2.9574 2.1046 31.6835 -7.8845 0.9055
Car -1 -1 -8.0544 647.5485 185.4904 703.1041 225.9315 1.4719 1.5559 3.5110 2.5394 2.0158 29.2410 -7.9694 0.7713
Car -1 -1 -7.6812 437.9877 189.2843 530.8568 255.3415 1.4308 1.6524 4.3321 -3.1975 1.9098 18.8798 -7.8475 0.6005
Car -1 -1 -7.9647 645.7754 181.1364 690.2603 220.6436 1.7140 1.6774 3.6275 2.6308 2.1242 33.9175 -7.8887 0.5684
Car -1 -1 -7.9635 665.6373 185.8441 728.3710 235.7057 1.4654 1.6236 4.1954 2.8036 1.9422 24.3999 -7.8513 0.5406
Car -1 -1 -7.8302 632.3833 180.6059 655.4854 204.3098 1.6176 1.5927 3.5917 2.4570 2.1990 52.2938 -7.7841 0.4926
Car -1 -1 -4.8109 553.6648 184.9197 589.0366 213.9158 1.5514 1.6748 4.1396 -2.3644 2.2996 42.5886 -4.8666 0.4802
Car -1 -1 -4.6446 568.6871 181.1192 588.4698 198.9123 1.6172 1.6498 3.7370 -3.0091 2.4315 69.2231 -4.6883 0.2858
Car -1 -1 -5.9209 209.3635 149.2584 292.0749 177.4819 1.5245 1.6368 3.7665 -19.8837 0.2497 39.9709 -6.3799 0.2303
Car -1 -1 -5.6469 570.6531 183.9385 620.9921 205.9238 1.5250 1.5658 3.4675 -1.0903 2.3693 53.3424 -5.6677 0.1255
Car -1 -1 -8.1384 520.0162 185.6699 565.8768 214.6526 1.5121 1.6230 3.7858 -3.9421 2.2860 41.5251 -8.2330 0.0526
