Car -1 -1 -8.0128 683.8994 176.4117 765.2965 234.5408 1.4792 1.6216 4.1987 3.1248 1.5916 20.7286 -7.8661 0.9617
Car -1 -1 -4.4134 318.4084 191.2202 430.3508 257.1606 1.4206 1.6075 4.0658 -6.0054 1.9487 18.7195 -4.7204 0.9461
Car -1 -1 -4.1026 0.0000 212.7440 236.5472 374.0000 1.3836 1.6854 3.9023 -5.9969 1.9321 7.9589 -4.7327 0.9422
Car -1 -1 -7.9680 671.1370 174.7658 728.3821 220.9819 1.5364 1.5985 3.8526 3.1209 1.6103 26.0744 -7.8509 0.8766
Pedestrian -1 -1 -4.9140 326.9537 176.3958 348.8494 224.9512 1.8690 0.6761 0.7110 -10.7280 2.0101 28.3242 -5.2733 0.1222
Car -1 -1 -7.3102 1218.4590 120.7535 1241.0000 374.0000 1.5702 1.6048 4.1454 6.9087 1.2729 5.1678 -6.4087 0.0717
Car -1 -1 -4.1064 1241.0000 121.3838 1241.0000 247.2203 1.5023 1.5964 3.9601 11.0074 0.8875 9.6606 -3.2708 0.0589
Pedestrian -1 -1 -5.1179 677.8522 160.6200 699.6095 207.2526 1.9910 0.6815 0.7852 3.3662 1.4684 31.2821 -5.0122 0.0563
Car -1 -1 -7.4188 1215.0464 143.5222 1241.0000 374.0000 1.4704 1.5725 4.0598 5.2044 1.3813 3.3018 -6.4531 0.0532
Car -1 -1 -5.0327 787.2042 160.7318 861.3494 208.6452 1.7477 1.6919 3.6348 8.2287 1.3052 28.1684 -4.7517 0.0528
Pedestrian -1 -1 -4.6075 126.2582 186.7124 149.5540 232.4460 1.6092 0.6308 0.7389 -17.1466 2.1202 26.1476 -5.1835 0.5374
Pedestrian -1 -1 -4.8127 1197.9207 137.3846 1221.4510 186.1735 1.8897 0.6454 0.6601 23.5524 0.5156 28.4009 -4.1254 0.2537
Cyclist -1 -1 -7.5011 410.5002 182.9465 430.0787 214.4185 1.7174 0.5180 1.6917 -10.7526 2.2999 40.7964 -7.7576 0.2195
Pedestrian -1 -1 -8.1254 748.6171 173.0583 765.4113 209.3071 1.6267 0.5957 0.6356 6.6217 1.6358 32.7228 -7.9280 0.2138
Pedestrian -1 -1 -3.4322 640.3946 175.3612 652.7005 201.8909 1.7708 0.6196 0.6781 2.4282 1.9408 48.6163 -3.3831 0.1808
Pedestrian -1 -1 -7.8923 748.6641 166.0533 782.2471 245.0519 1.6947 0.6954 0.4910 3.3399 1.5485 15.7782 -7.6884 0.1607
Pedestrian -1 -1 -7.3964 137.8586 182.1546 181.5682 249.0783 1.7732 0.7101 0.8462 -12.3302 2.0327 19.6995 -7.9499 0.1536
Cyclist -1 -1 -4.5736 751.7639 174.2276 766.6351 204.8932 1.7152 0.6269 1.5664 8.5044 1.7950 41.2750 -4.3723 0.1473
Cyclist -1 -1 -8.0775 640.8912 177.7814 651.3270 202.1550 1.6162 0.3657 1.5682 2.4132 1.9558 48.9723 -8.0291 0.1465
Pedestrian -1 -1 -8.7255 779.0806 165.1214 814.7626 242.8438 1.6526 0.6375 0.4489 4.0177 1.4879 15.7111 -8.4804 0.1436
Pedestrian -1 -1 -7.2422 1201.9623 138.7336 1233.3020 193.4508 1.8983 0.6975 0.4764 21.3636 0.7142 25.4309 -6.5492 0.1156
Cyclist -1 -1 -7.0482 1193.2571 136.4641 1241.0000 190.1248 1.8652 0.6657 1.8617 21.7147 0.6000 25.4726 -6.3479 0.1114
Cyclist -1 -1 -6.8343 1172.1958 139.4960 1230.9156 183.9829 1.7396 0.6208 1.7360 23.4140 0.4349 28.6340 -6.1538 0.0897
Pedestrian -1 -1 -8.1246 1221.6290 143.2401 1241.0000 195.5196 1.8183 0.6881 0.4435 22.0316 0.7880 25.4419 -7.4166 0.0884
Cyclist -1 -1 -7.5589 299.8586 185.0725 328.2192 234.1489 1.6416 0.4675 1.6282 -10.4415 2.0852 25.3820 -7.9459 0.0880
Pedestrian -1 -1 -4.2386 316.8810 184.8390 338.2645 225.1520 1.6782 0.6279 0.6252 -12.0110 2.1917 30.5847 -4.6103 0.0819
Cyclist -1 -1 -7.1063 0.0000 196.3004 91.3854 305.4670 1.5909 0.4188 1.5950 -9.2833 1.9965 11.6769 -7.7671 0.0793
Cyclist -1 -1 -5.3880 1176.6544 138.6943 1227.5052 185.1635 1.7852 0.5910 1.7418 23.3860 0.4726 28.5913 -4.7073 0.0790
Cyclist -1 -1 -7.8571 772.7140 160.5133 802.3533 246.5521 1.7441 0.5860 1.7467 3.7589 1.4937 15.5435 -7.6249 0.0775
Cyclist -1 -1 -3.5334 752.3041 164.6404 843.1634 245.1215 1.6760 0.6473 1.7737 3.9617 1.5046 15.4752 -3.2881 0.0757
Cyclist -1 -1 -7.9275 317.3840 185.4297 331.0832 222.0755 1.7107 0.5034 1.6095 -13.9440 2.3365 35.0900 -8.3036 0.0751
Pedestrian -1 -1 -5.8432 764.9869 165.7191 799.3349 245.4225 1.6925 0.6685 0.4944 3.7051 1.5407 15.7377 -5.6169 0.0727
Cyclist -1 -1 -4.4746 740.8715 173.7377 759.4178 204.2851 1.6890 0.6427 1.7468 7.9105 1.7399 40.8754 -4.2853 0.0699
Pedestrian -1 -1 -7.7320 71.9515 191.6929 109.8474 263.2365 1.6514 0.6534 0.7362 -12.5471 2.1175 17.3860 -8.3501 0.0686
Cyclist -1 -1 -2.9862 736.6593 170.7207 774.5192 209.9208 1.7372 0.6897 1.5894 6.5315 1.6424 32.5730 -2.7905 0.0673
Pedestrian -1 -1 -7.7897 766.7021 149.1711 800.5132 247.0748 1.8880 0.6103 0.8494 3.4210 1.4310 14.4088 -7.5619 0.0657
Pedestrian -1 -1 -7.9862 311.4055 186.8434 328.2336 222.5213 1.6665 0.6738 0.5938 -13.9010 2.3426 34.4601 -8.3673 0.0648
Cyclist -1 -1 -7.9547 750.4693 162.3810 789.7065 246.6583 1.7305 0.6539 1.6472 3.4009 1.5152 15.6699 -7.7457 0.0603
Cyclist -1 -1 -2.2393 96.4703 179.7190 148.5252 231.1813 1.8079 0.6596 1.6846 -17.6598 2.0611 26.0723 -2.8301 0.0585
Cyclist -1 -1 -7.9894 757.3013 172.0361 771.2316 208.5455 1.6839 0.4166 1.6645 7.2465 1.6459 34.1248 -7.7824 0.0581
Pedestrian -1 -1 -5.7514 79.7442 175.9883 99.1600 209.6544 1.7394 0.6372 0.5790 -27.2233 1.9043 37.6867 -6.3738 0.0563
Cyclist -1 -1 -4.4150 295.0598 183.3728 323.7395 232.6154 1.6667 0.4840 1.6190 -10.6973 2.0518 25.6047 -4.8075 0.0558
Pedestrian -1 -1 -4.3108 1203.0017 140.9912 1233.9119 188.5445 1.8194 0.6887 0.7371 23.6315 0.6000 28.0802 -3.6163 0.0558
Cyclist -1 -1 -7.1054 152.7007 182.4661 218.5185 247.5827 1.7409 0.5259 1.7964 -12.0698 2.0261 20.4999 -7.6322 0.0553
Pedestrian -1 -1 -8.1553 1189.9207 139.3544 1215.3461 186.6459 1.8581 0.6154 0.6487 23.5735 0.5416 28.7642 -7.4738 0.0526
Cyclist -1 -1 -7.5644 319.1988 184.1937 340.5225 220.3022 1.6896 0.5318 1.5973 -13.6532 2.2536 35.0919 -7.9333 0.0523
Cyclist -1 -1 -8.2471 751.0477 171.3198 774.8143 209.8372 1.6975 0.5045 1.5103 6.8535 1.6296 32.5888 -8.0422 0.0517
Car -1 -1 -4.4366 407.4080 188.2664 484.6650 232.7443 1.4021 1.6878 4.0676 -5.9080 2.0071 26.2628 -4.6563 0.9540
Car -1 -1 -4.2783 165.9687 200.9385 354.1400 300.9029 1.3658 1.5373 3.6664 -5.9866 1.9322 12.7238 -4.7107 0.9465
Car -1 -1 -4.4289 482.8228 183.2272 532.2303 212.4936 1.5238 1.6659 4.3155 -5.8504 2.1514 41.4201 -4.5689 0.9123
Car -1 -1 -3.6976 938.7152 145.3909 1193.8363 225.1490 1.5232 1.6349 4.1454 9.0513 0.9984 14.6199 -3.1524 0.8859
Car -1 -1 -3.6866 858.0176 158.0569 1028.5398 213.0865 1.4216 1.5640 3.9933 8.9682 1.0390 19.6604 -3.2645 0.7029
Car -1 -1 -6.9211 916.5791 147.7213 1115.5497 214.7852 1.5076 1.5901 4.0089 9.6046 0.9423 17.2835 -6.4212 0.6731
Car -1 -1 -3.5383 800.3772 161.7860 946.7729 214.8073 1.5800 1.6195 3.9538 8.0707 1.2499 22.4201 -3.1973 0.6441
Car -1 -1 -4.8825 655.3137 176.4743 697.2371 210.4762 1.5887 1.4923 3.4997 3.2087 1.7776 35.9036 -4.7947 0.6196
Car -1 -1 -4.5086 452.5095 185.9126 504.3301 221.5282 1.4329 1.5506 3.7674 -5.8707 2.0521 32.3271 -4.6874 0.6153
Car -1 -1 -4.7247 521.1427 180.0880 542.0722 199.9999 1.4600 1.5707 3.8570 -6.1780 2.0450 56.3746 -4.8338 0.3634
Car -1 -1 -7.2724 158.9758 186.6983 252.7606 226.3520 1.5082 1.6905 3.7550 -17.1384 2.1347 30.7312 -7.7777 0.3287
Car -1 -1 -7.9739 639.0328 174.5633 669.0356 200.0324 1.6980 1.6307 3.8435 3.0017 1.8216 50.3362 -7.9152 0.3168
Car -1 -1 -7.1009 222.9069 160.4626 282.9930 187.7677 2.0191 1.7532 4.1957 -27.4766 1.1025 55.6160 -7.5581 0.2508
Car -1 -1 -5.8819 4.1885 174.6303 120.6882 206.5408 1.5537 1.6518 4.4173 -27.7181 1.6469 36.6144 -6.5265 0.2230
Car -1 -1 -8.0326 644.1082 177.4840 684.7264 205.8933 1.5298 1.6161 4.1397 3.0524 1.8108 41.6954 -7.9606 0.2024
Car -1 -1 -4.3165 244.0124 191.0560 334.7274 238.8723 1.4492 1.5967 3.6149 -11.0745 2.1273 25.0739 -4.7289 0.1701
Car -1 -1 -4.8569 557.4914 175.8857 589.9005 200.3810 1.6766 1.7367 4.2712 -2.7005 1.9052 52.2108 -4.9087 0.1410
Car -1 -1 -4.4922 727.7182 174.1920 836.0836 255.1253 1.5060 1.5332 3.4930 3.7080 1.5378 15.3954 -4.2610 0.1244
Car -1 -1 -7.8582 155.9948 190.8408 227.7472 255.1149 1.4863 1.5624 3.5461 -11.4407 2.0248 19.6884 -8.3790 0.1165
Car -1 -1 -6.6702 893.7919 148.2141 1024.1873 193.8344 1.6514 1.6875 4.0673 12.9628 0.7592 27.0733 -6.2280 0.1136
Car -1 -1 -4.8777 389.7328 182.5987 429.0025 211.8377 1.5595 1.5919 3.7926 -11.7275 2.1530 41.9092 -5.1494 0.1040
Car -1 -1 -4.8145 742.2089 177.8607 777.1484 205.3201 1.4275 1.5156 3.7184 8.2420 1.7191 40.1374 -4.6139 0.1014
Car -1 -1 -4.7237 328.9207 189.6649 381.5765 235.5164 1.3854 1.6334 4.1903 -9.1343 2.0362 25.6979 -5.0625 0.0857
Car -1 -1 -4.5748 514.9320 180.2474 547.4705 205.3087 1.5816 1.6539 3.9966 -5.3117 2.1015 48.7488 -4.6832 0.0838
Car -1 -1 -4.7414 322.1625 185.9924 364.2397 224.9718 1.5539 1.6568 4.2408 -12.1353 2.1882 32.5740 -5.0957 0.0810
Car -1 -1 -5.8532 386.8925 180.7223 450.2263 205.6115 1.5140 1.5604 3.5449 -12.1232 2.0231 45.6401 -6.1118 0.0768
Car -1 -1 -3.7028 0.0000 195.1150 216.9211 276.5550 1.4345 1.5530 3.9062 -11.0445 1.9914 15.9587 -4.3006 0.0734
Car -1 -1 -4.6163 752.6412 174.8976 793.2436 208.6267 1.4814 1.5452 3.3819 7.6210 1.5819 33.7607 -4.3966 0.0731
Car -1 -1 -4.6491 533.2357 179.3988 558.5920 201.3368 1.5077 1.6045 3.9019 -4.6790 2.0036 52.7330 -4.7376 0.0697
Car -1 -1 -4.7049 543.5496 178.0638 571.0117 205.6800 1.6489 1.6678 4.1325 -3.3805 1.9959 45.9956 -4.7783 0.0631
Car -1 -1 -4.5164 66.0488 173.6445 120.0810 206.6264 1.6944 1.6721 3.7888 -28.0718 1.7393 39.2375 -5.1343 0.0629
Car -1 -1 -4.9602 368.0769 185.8618 420.4781 219.6511 1.5083 1.5907 3.8745 -10.8111 2.1920 35.8733 -5.2514 0.0603
Car -1 -1 -5.0944 428.7840 184.9567 490.6406 216.3564 1.4492 1.6570 4.2418 -7.8518 2.1108 37.2392 -5.3012 0.0587
Car -1 -1 -2.4435 0.0000 193.7334 91.7927 297.2228 1.5250 1.5895 3.7625 -11.0406 1.8929 11.8540 -3.1822 0.0580
Car -1 -1 -4.8056 485.2689 182.0119 516.2048 206.7457 1.5472 1.6847 4.2630 -7.5059 2.1988 49.0899 -4.9570 0.0576
Car -1 -1 -4.7798 680.3571 178.8525 714.4821 205.8530 1.4334 1.6473 4.2140 4.9288 1.7952 41.4044 -4.6626 0.0524
Car -1 -1 -4.3327 1233.4095 116.9899 1241.0000 228.7870 1.5122 1.5931 4.0092 11.8042 0.7563 11.2664 -3.5367 0.0512
