Cyclist -1 -1 -8.2852 949.2634 185.1633 983.8807 238.3805 1.5970 0.3468 1.5658 11.2015 1.9991 22.8025 -7.8344 0.7333
Cyclist -1 -1 -4.4693 644.4139 177.4292 660.6517 210.7050 1.5909 0.4588 1.4754 2.0581 1.8204 35.4803 -4.4124 0.3499
Pedestrian -1 -1 -5.6232 0.0000 172.9674 19.9089 244.6751 1.7417 0.4620 0.4527 -14.9932 1.7443 17.7649 -6.3169 0.1914
Car -1 -1 -4.5391 514.0029 178.9455 537.4834 195.4180 1.5212 1.6141 3.9334 -8.1775 2.1300 70.1298 -4.6551 0.1194
Pedestrian -1 -1 -8.1149 1087.6798 170.5504 1103.5018 204.7022 1.9390 0.6192 0.5882 27.7834 1.8079 41.3443 -7.5269 0.0969
Pedestrian -1 -1 -6.7212 1231.2526 171.2659 1241.0000 205.8307 1.8440 0.7363 0.4001 33.9011 1.7590 38.9016 -6.0084 0.0957
Car -1 -1 -4.5231 282.8881 180.6784 320.9572 204.6143 1.5449 1.7160 3.9227 -21.3427 2.1101 50.0416 -4.9246 0.0796
Pedestrian -1 -1 -4.8317 1097.6426 175.3468 1119.6466 223.3599 2.0326 0.7095 0.5896 21.3846 2.1409 31.0154 -4.2331 0.0795
Pedestrian -1 -1 -3.3287 160.0041 161.7968 206.3426 276.9055 1.8424 0.5785 0.5657 -7.1263 1.6651 11.9523 -3.8569 0.0760
Pedestrian -1 -1 -3.4809 1156.4778 165.9302 1176.6140 212.6672 1.9694 0.7090 0.4682 23.7186 1.6774 30.8138 -2.8299 0.0732
Car -1 -1 -4.5924 0.0000 169.6482 35.6104 194.1914 1.6112 1.7001 4.2115 -40.8801 1.4005 49.6010 -5.2792 0.0728
Car -1 -1 -7.8022 73.6905 172.5709 105.2323 195.0528 1.5480 1.6212 4.0682 -37.3772 1.5282 51.8327 -8.4246 0.0713
Pedestrian -1 -1 -5.5389 341.5489 174.9933 351.5176 195.5469 1.7544 0.4530 0.6769 -22.6628 1.9390 62.0000 -5.8882 0.0701
Pedestrian -1 -1 -8.4826 825.8077 180.3909 839.4092 208.3270 1.8265 0.6100 0.6235 14.7070 2.3295 47.7825 -8.1863 0.0684
Pedestrian -1 -1 -4.6143 1212.0580 164.4516 1237.0347 217.0123 2.0638 0.6955 0.7356 24.5168 1.7336 28.8373 -3.9151 0.0672
Pedestrian -1 -1 -7.2044 818.6158 175.1099 834.2177 207.5940 1.8836 0.6370 0.6114 12.6611 2.0170 42.3360 -6.9162 0.0665
Pedestrian -1 -1 -5.0868 1168.4982 167.6176 1194.9049 219.0458 2.0744 0.6803 0.5746 23.3041 1.8629 29.4761 -4.4231 0.0659
Car -1 -1 -4.7153 708.2834 178.5791 728.2554 198.2657 1.5665 1.6078 3.9722 9.0717 2.0643 60.7044 -4.5681 0.0637
Pedestrian -1 -1 -2.1420 203.9922 171.7284 216.1352 203.1528 1.8399 0.5250 0.3420 -23.6243 1.7737 42.5584 -2.6463 0.0613
Pedestrian -1 -1 -8.7055 1186.5421 162.8019 1210.1178 208.9024 1.9574 0.6401 0.4816 25.1724 1.5303 30.9286 -8.0273 0.0578
Car -1 -1 -4.6638 397.0252 174.5565 416.9300 192.3089 1.6273 1.6303 4.0128 -19.3177 1.7941 68.6876 -4.9373 0.0532
Cyclist -1 -1 -4.9344 938.3343 187.7772 954.1531 216.1274 1.6023 0.5054 1.5620 19.7403 2.4971 42.4573 -4.5025 0.0530
Car -1 -1 -4.2935 689.3984 178.1111 743.5513 206.6520 1.5862 1.6715 4.1265 6.3728 1.9159 43.0991 -4.1482 0.0513
Cyclist -1 -1 -4.2982 1106.1017 168.4271 1136.7104 201.8375 1.8748 0.7073 1.9592 29.2392 1.6261 41.2993 -3.6859 0.0510
Pedestrian -1 -1 -3.5953 1006.7088 186.7634 1025.7960 218.5448 1.6757 0.6167 0.6889 21.7218 2.4269 38.6559 -3.0872 0.3034
Cyclist -1 -1 -5.6131 905.6716 185.8791 944.8763 221.6169 1.6961 0.5366 1.8478 15.6145 2.3603 35.8703 -5.2063 0.2420
Pedestrian -1 -1 -2.4445 49.7894 174.1147 81.0360 215.7319 1.7039 0.6341 0.8176 -22.6050 1.7564 29.9003 -3.0877 0.1238
Pedestrian -1 -1 -7.5413 854.5965 181.8008 871.6689 215.7897 1.7108 0.6540 0.6707 12.9512 2.1754 37.0267 -7.2080 0.1189
Pedestrian -1 -1 -7.7048 172.4160 176.2825 188.1810 210.2513 1.7587 0.6200 0.6516 -22.5812 1.9403 37.8595 -8.2397 0.0838
Cyclist -1 -1 -6.4003 1020.5385 177.8365 1057.6799 212.4010 1.8284 0.6721 1.6550 23.1349 2.1018 38.9931 -5.8686 0.0722
Pedestrian -1 -1 -6.2908 977.4481 177.4906 991.9024 213.0347 1.9716 0.6840 0.7134 21.0459 2.2352 40.6105 -5.8162 0.0676
Cyclist -1 -1 -4.3357 38.7229 179.5718 69.4587 224.2382 1.5763 0.3865 1.4367 -20.3943 1.8290 26.4314 -4.9882 0.0676
Cyclist -1 -1 -8.4784 843.0392 184.8437 867.6724 216.8430 1.6082 0.3637 1.5688 12.7573 2.2471 37.6665 -8.1548 0.0638
Cyclist -1 -1 -7.4715 160.8151 179.6135 187.1243 215.2605 1.5806 0.4635 1.6115 -20.0543 1.8986 33.1413 -8.0123 0.0621
Cyclist -1 -1 -2.1784 28.8050 170.4959 73.3816 214.1488 1.7739 0.6296 1.6560 -23.1812 1.6778 29.8717 -2.8341 0.0617
Cyclist -1 -1 -7.8433 161.6200 179.3192 173.1955 215.1379 1.5911 0.4328 1.5861 -20.3568 1.8947 33.1288 -8.3909 0.0603
Cyclist -1 -1 -3.3482 993.6848 183.3795 1031.3616 217.3306 1.7850 0.6715 1.6672 21.6200 2.3596 38.8500 -2.8443 0.0592
Cyclist -1 -1 -7.6219 44.3604 174.4026 72.2709 217.3206 1.7231 0.5458 1.6663 -22.8913 1.7888 29.9038 -8.2711 0.0553
Pedestrian -1 -1 -4.8354 158.8847 183.3117 171.3865 215.3696 1.4225 0.4298 0.4402 -20.0937 1.8979 32.5214 -5.3854 0.0544
Cyclist -1 -1 -3.1487 843.0708 181.2555 878.1198 214.9261 1.7011 0.5648 1.6972 12.8909 2.1409 37.2592 -2.8186 0.0525
Pedestrian -1 -1 -9.1323 1085.4347 179.5232 1103.2271 211.1974 1.6678 0.7142 0.6139 25.9066 2.0291 38.6523 -8.5458 0.0515
Pedestrian -1 -1 -7.5480 917.2001 182.4672 937.5071 220.1293 1.8352 0.7281 0.7792 15.7785 2.3211 35.9637 -7.1382 0.0506
Car -1 -1 -4.5391 441.7684 179.9066 508.3090 232.6911 1.5152 1.5034 3.3995 -4.2481 1.7552 22.8743 -4.7212 0.9487
Car -1 -1 -7.8875 575.9754 176.6216 625.5375 225.2479 1.5892 1.6258 4.4516 -0.4567 1.7375 26.1973 -7.9054 0.9395
Car -1 -1 -4.0939 73.8662 178.1843 169.2328 217.2298 1.5414 1.4701 3.7488 -20.8363 1.7833 30.8962 -4.6834 0.8946
Car -1 -1 -4.6420 526.0831 178.6883 558.6898 203.7559 1.4731 1.7535 4.3038 -4.2567 1.8589 45.5824 -4.7350 0.8855
Car -1 -1 -4.2330 165.8916 179.9836 240.7391 211.4051 1.5039 1.6543 4.1616 -21.1191 1.8958 37.5935 -4.7421 0.8351
Car -1 -1 -4.1620 233.7222 181.5365 299.5849 209.1166 1.5077 1.6300 4.0936 -20.3634 2.0492 42.9045 -4.6030 0.8115
Car -1 -1 -3.8794 0.0000 179.9951 66.9735 229.1288 1.4991 1.5410 3.9636 -21.0480 1.7635 24.6814 -4.5802 0.6561
Car -1 -1 -7.1867 1197.6515 201.1268 1241.0000 249.8812 1.5747 1.5601 3.8259 23.2441 2.6238 25.6809 -6.4576 0.4256
Car -1 -1 -6.9033 871.3442 192.1232 1241.0000 337.9263 1.4624 1.5464 4.3757 5.4415 1.7102 8.3821 -6.3444 0.2554
Car -1 -1 -8.4370 1045.1538 196.5892 1169.7677 245.3691 1.3900 1.5926 3.8162 16.5674 2.2533 24.3385 -7.8457 0.1827
Car -1 -1 -4.7087 918.0253 185.3256 957.3941 218.7036 1.5428 1.7572 4.1018 16.8649 2.2249 37.2486 -4.2871 0.1249
Car -1 -1 -8.0632 988.6927 193.1626 1058.7378 235.2330 1.4596 1.6520 3.8861 16.5749 2.3393 29.1626 -7.5515 0.1201
Car -1 -1 -7.7819 31.1143 178.0863 84.3190 214.6327 1.4393 1.5398 3.5985 -23.6204 1.6770 30.8955 -8.4306 0.1015
Car -1 -1 -5.1220 841.3445 185.1270 893.0518 210.5284 1.5580 1.7170 4.2281 17.1900 2.4199 48.5214 -4.7840 0.0811
Car -1 -1 -5.1093 834.9691 182.1316 897.8068 212.6513 1.5338 1.6981 4.3486 14.0246 2.0743 39.8346 -4.7737 0.0758
Car -1 -1 -4.9207 451.0423 179.3456 493.3692 206.9907 1.5564 1.7011 4.1630 -8.4708 1.9715 43.9268 -5.1105 0.0669
Car -1 -1 -7.8920 161.3203 179.0041 198.1720 208.0077 1.4605 1.5795 3.9631 -23.5120 1.8131 39.3129 -8.4282 0.0665
