Car -1 -1 -3.1977 758.2803 167.4451 919.3469 227.0417 1.7308 1.7454 4.5843 6.9150 1.5734 22.3463 -2.9020 0.7465
Pedestrian -1 -1 -5.7341 38.2523 174.6965 54.4420 202.3859 1.8475 0.6894 0.5847 -37.9686 1.9722 48.5678 -6.3951 0.1812
Pedestrian -1 -1 -4.4499 33.6418 165.5154 103.8845 309.6831 1.8889 0.5647 0.8611 -7.5008 1.7925 9.9575 -5.0830 0.1646
Cyclist -1 -1 -7.8417 382.2180 168.0732 390.2340 195.4792 1.7077 0.4658 1.6253 -14.2353 1.4095 45.8053 -8.1416 0.1108
Cyclist -1 -1 -6.5069 1148.3140 151.4884 1190.6237 186.1555 1.8911 0.5942 1.7643 30.9584 0.7253 39.9993 -5.8518 0.0974
Pedestrian -1 -1 -6.3931 919.6715 163.7787 938.2365 202.8994 1.7751 0.6222 0.7129 14.6032 1.3630 33.1419 -5.9817 0.0939
Car -1 -1 -4.6624 648.7165 171.7366 676.8471 196.2830 1.4904 1.5946 3.9131 3.3557 1.4222 45.8489 -4.5902 0.0915
Cyclist -1 -1 -5.0631 1018.3553 159.6941 1046.3978 195.2908 1.7604 0.6309 1.8277 21.3885 1.1093 36.6372 -4.5384 0.0843
Car -1 -1 -4.3222 1051.8660 167.1348 1096.1716 187.6607 1.6501 1.6946 4.0291 38.4824 1.1901 59.8569 -3.7532 0.0766
Car -1 -1 -5.0267 598.6149 169.6368 636.8129 192.1426 1.5602 1.6367 3.8630 0.4845 1.3369 52.1090 -5.0178 0.0763
Car -1 -1 -4.9569 517.1415 178.0143 547.8426 198.7790 1.6622 1.6442 4.0545 -6.6155 2.1141 61.0327 -5.0648 0.0762
Pedestrian -1 -1 -4.7442 833.2057 157.5999 852.8044 209.9271 1.9540 0.6780 0.8385 8.8086 1.3841 27.4388 -4.4371 0.0754
Cyclist -1 -1 -4.7526 409.4146 179.2705 421.5734 214.2116 1.6358 0.5081 1.4611 -9.4370 1.9522 34.8363 -5.0156 0.0752
Car -1 -1 -5.0733 33.2120 175.3608 98.3986 204.0848 1.5083 1.5972 3.9406 -30.1637 1.6527 39.9205 -5.7173 0.0697
Pedestrian -1 -1 -4.1315 0.0000 163.7891 63.1143 290.6791 1.9050 0.6406 0.8245 -9.2134 1.7686 11.2727 -4.8053 0.0653
Car -1 -1 -2.7076 10.6565 183.7534 86.5427 207.5782 1.6466 1.6734 4.0096 -40.6435 2.4551 52.2833 -3.3661 0.0606
Pedestrian -1 -1 -2.6747 365.2122 170.3011 385.3595 212.5779 1.9549 0.6621 0.6697 -11.0140 1.8365 33.7423 -2.9883 0.0588
Car -1 -1 -4.5906 124.2339 182.2474 208.3680 238.7105 1.4372 1.6134 3.9235 -12.9573 1.7404 21.1919 -5.1341 0.0559
Car -1 -1 -4.7875 791.4183 167.9761 816.0773 189.4531 1.6746 1.6448 3.5845 15.5609 1.2939 58.1715 -4.5277 0.0551
Car -1 -1 -4.1615 931.3080 167.9985 975.8372 185.0628 1.4843 1.5741 4.3265 30.7539 1.0616 64.6002 -3.7191 0.0521
Pedestrian -1 -1 -7.9687 114.8102 176.4767 131.2015 218.5072 1.8437 0.5575 0.4448 -21.6815 2.0061 32.0607 -8.5597 0.0507
Cyclist -1 -1 -7.3929 717.4182 174.9270 745.1548 215.4254 1.6191 0.4344 1.6701 4.9645 1.7065 29.7329 -7.2297 0.4377
Pedestrian -1 -1 -4.9038 344.2974 167.8611 379.4296 244.8866 1.9657 0.6907 1.0468 -6.6052 1.8380 19.0398 -5.2340 0.3102
Pedestrian -1 -1 -7.6788 221.8117 185.9356 257.2787 257.6535 1.5819 0.6022 0.7280 -8.5180 1.8888 16.5100 -8.1490 0.2333
Pedestrian -1 -1 -6.4069 241.1382 174.7268 249.7535 198.3695 1.7202 0.7937 0.4716 -26.8253 1.8588 53.0322 -6.8734 0.1330
Pedestrian -1 -1 -3.0311 303.9056 172.1507 316.0812 199.6539 1.6788 0.6544 0.6238 -18.5108 1.6356 44.4438 -3.4238 0.0998
Cyclist -1 -1 -7.8420 154.7223 180.5076 183.5791 259.9602 1.6852 0.5290 1.8540 -10.0641 1.8690 16.4171 -8.3850 0.0856
Pedestrian -1 -1 -8.0299 163.1959 197.3986 209.5031 293.1728 1.5543 0.5903 0.5979 -7.3031 1.9881 12.3431 -8.5552 0.0848
Pedestrian -1 -1 -6.2376 236.2849 172.8923 244.8671 198.5667 1.8613 0.7831 0.5230 -27.0471 1.8638 52.7737 -6.7094 0.0783
Pedestrian -1 -1 -6.1890 232.8767 172.8873 241.1346 199.5014 1.9195 0.7502 0.4645 -27.1551 1.9217 52.4766 -6.6647 0.0741
Pedestrian -1 -1 -4.4438 122.3187 190.9117 156.6459 257.2819 1.5933 0.5460 0.7063 -11.7583 2.0532 17.9680 -5.0167 0.0736
Pedestrian -1 -1 -3.8207 336.3001 173.8006 379.3068 243.4709 1.8273 0.6286 0.9020 -6.8556 1.8533 19.4887 -4.1552 0.0735
Cyclist -1 -1 -7.9132 239.3018 175.4702 245.5939 198.3022 1.6554 0.3269 1.4951 -27.1370 1.8507 53.2093 -8.3830 0.0735
Pedestrian -1 -1 -6.6449 1043.9281 159.1183 1061.5941 188.3105 1.8233 0.5862 0.7904 27.8374 0.9651 45.4280 -6.0982 0.0716
Cyclist -1 -1 -8.1012 1103.2596 134.4492 1241.0000 374.0000 1.6802 0.5220 1.8367 2.4666 1.5746 2.9259 -7.4498 0.0707
Cyclist -1 -1 -7.7318 115.3217 189.0613 147.7798 257.9048 1.6056 0.4662 1.7103 -12.0387 2.0316 18.1078 -8.3120 0.0616
Pedestrian -1 -1 -4.5415 204.8833 197.3749 226.1236 248.2620 1.2521 0.4016 0.4451 -10.0493 1.8829 18.2944 -5.0380 0.0526
Cyclist -1 -1 -7.6918 167.2545 189.8188 215.3847 289.4672 1.6240 0.4656 1.7145 -7.5360 1.9488 12.9446 -8.2105 0.0517
Car -1 -1 -4.5192 338.1069 180.5464 468.1625 288.8933 1.6315 1.5675 3.4400 -3.5901 1.7876 12.8902 -4.7864 0.9206
Car -1 -1 -7.9049 955.5970 191.6372 1217.4760 374.0000 1.4257 1.5952 3.7374 4.1881 1.6577 6.8994 -7.3792 0.9015
Car -1 -1 -4.1258 1052.1948 171.2910 1179.2883 217.3265 1.4954 1.6455 4.0594 17.4436 1.4443 24.9550 -3.5217 0.8987
Car -1 -1 -5.0030 398.7550 185.3154 513.7419 255.3520 1.4358 1.6372 4.1063 -3.9481 1.7802 17.7645 -5.2193 0.7871
Car -1 -1 -3.9970 0.0000 203.3830 312.7043 374.0000 1.4922 1.6609 4.2392 -2.9803 1.7106 3.0343 -4.7306 0.7669
Car -1 -1 -8.5902 1026.7625 184.0633 1241.0000 374.0000 1.5546 1.6080 3.6736 3.0062 1.6206 2.3585 -7.7443 0.7483
Car -1 -1 -7.6462 949.6663 181.0639 1116.2039 302.5827 1.5249 1.5665 3.4436 6.5421 1.6715 11.1049 -7.1262 0.5600
Car -1 -1 -6.9216 811.1636 164.0250 872.5041 186.0506 1.5669 1.6787 4.0773 16.9240 0.9385 52.7834 -6.6131 0.4755
Car -1 -1 -2.9332 0.0000 196.7934 208.6549 302.3613 1.4635 1.5747 3.9508 -9.1835 1.9198 12.2304 -3.5670 0.3523
Car -1 -1 -7.9553 1032.7357 162.3371 1069.5793 187.4437 1.5657 1.6500 3.8784 28.7111 0.9095 47.1011 -7.4109 0.1375
Car -1 -1 -4.2999 257.7058 174.6015 312.2362 201.9786 1.5612 1.6095 3.7449 -19.4543 1.6702 43.2652 -4.7204 0.1252
Car -1 -1 -7.8023 219.4270 185.4134 298.6763 254.7665 1.4779 1.5737 3.8877 -8.8038 1.8314 18.2322 -8.2469 0.0881
Car -1 -1 -7.8393 225.7899 175.8368 251.2237 198.4583 1.6125 1.6329 3.5138 -27.7362 1.8430 53.8804 -8.3129 0.0871
Car -1 -1 -4.5118 976.1162 159.7855 1021.4371 186.7849 1.5835 1.6940 4.0563 23.9318 0.8168 44.4210 -4.0206 0.0857
Car -1 -1 -4.2163 685.4661 176.4129 758.6960 214.1188 1.4761 1.5479 3.5776 4.7423 1.6355 30.4963 -4.0641 0.0841
Car -1 -1 -4.7879 389.5297 183.5898 451.0431 234.0097 1.4657 1.6673 4.3234 -6.5057 1.8611 24.2766 -5.0476 0.0831
