Pedestrian -1 -1 -6.1036 931.8814 156.7143 1004.2720 328.6473 1.7194 0.7031 0.5863 3.7559 1.5577 7.6723 -5.6644 0.2196
Pedestrian -1 -1 -2.0492 133.4663 165.5225 177.3293 264.1084 2.0525 0.5765 0.6151 -9.7695 1.8995 15.4266 -2.6063 0.1984
Pedestrian -1 -1 -6.9453 826.3964 167.7389 861.9708 232.2353 1.9469 0.6447 0.8187 7.1608 1.7922 22.2250 -6.6382 0.1978
Cyclist -1 -1 -5.7154 42.3696 196.0028 188.8041 305.3980 1.6247 0.6779 1.8023 -7.7127 1.9962 11.2284 -6.3066 0.1836
Pedestrian -1 -1 -8.2380 616.4380 175.2055 631.7487 206.8066 1.8583 0.6408 0.8468 0.8013 1.9999 43.0162 -8.2201 0.1676
Pedestrian -1 -1 -5.0183 684.7307 170.5590 706.6848 218.4902 1.8758 0.6732 0.7371 3.3556 1.7857 28.6636 -4.9036 0.1379
Pedestrian -1 -1 -5.4262 193.2530 180.7359 220.8380 243.5060 1.8967 0.5727 0.4729 -12.4654 2.1431 22.2402 -5.9324 0.1002
Pedestrian -1 -1 -7.9269 813.5454 165.9200 838.5895 233.1488 1.9349 0.6447 0.7803 6.2961 1.7351 21.2157 -7.6430 0.0877
Car -1 -1 -7.6667 443.7267 178.1864 469.5713 196.7492 1.7187 1.6753 4.3840 -14.9177 2.2542 70.2856 -7.8754 0.0848
Pedestrian -1 -1 -6.6284 997.6125 158.1180 1036.0681 238.0139 1.8205 0.6607 0.5867 9.4183 1.4844 16.8132 -6.1258 0.0814
Car -1 -1 -4.1852 466.6687 175.6166 506.8214 193.8486 1.7016 1.6977 4.7865 -12.0335 1.9815 70.6495 -4.3537 0.0701
Pedestrian -1 -1 -8.1356 376.0969 178.0700 392.8408 219.7729 1.8871 0.6435 0.4132 -10.3843 2.1286 33.0884 -8.4379 0.0691
Pedestrian -1 -1 -6.0269 87.7205 175.4428 127.5560 254.4063 1.9391 0.5578 0.7012 -12.6600 2.0052 18.1252 -6.6299 0.0684
Cyclist -1 -1 -7.4460 261.1540 188.5789 306.7201 259.5084 1.6564 0.4042 1.6734 -8.1864 2.0680 18.0609 -7.8665 0.0624
Car -1 -1 -8.0384 604.4197 173.0434 639.3520 200.5264 1.7805 1.6836 3.8027 0.7294 1.7935 48.7896 -8.0240 0.0623
Car -1 -1 -4.3671 425.1539 183.5032 472.4860 211.1717 1.5945 1.6548 3.9493 -10.0780 2.2922 45.2329 -4.5855 0.0612
Pedestrian -1 -1 -4.4607 107.0749 170.8595 145.9761 261.8003 1.9602 0.5660 0.6592 -10.7333 1.9169 15.9564 -5.0454 0.0540
Car -1 -1 -4.5896 425.5562 186.2056 464.3298 216.6555 1.5216 1.6021 4.1258 -9.1444 2.3021 40.0600 -4.8130 0.0537
Pedestrian -1 -1 -5.4700 958.2679 140.4144 1062.9446 314.4330 1.8189 0.6340 0.8039 4.3707 1.4795 8.0146 -4.9869 0.0532
Pedestrian -1 -1 -7.8743 207.2084 181.0163 237.4907 257.0091 1.9064 0.6784 0.7015 -10.0863 2.1227 18.6738 -8.3640 0.0530
Pedestrian -1 -1 -2.8457 961.0300 139.6270 1066.0641 346.7959 1.8269 0.6044 0.7338 3.7621 1.5336 6.8358 -2.3616 0.0529
Pedestrian -1 -1 -7.9623 830.9964 157.5839 851.0114 208.1869 1.9971 0.6980 0.6007 9.1833 1.3941 28.8390 -7.6574 0.0523
Pedestrian -1 -1 -5.2204 879.8144 163.0108 917.0843 236.2498 1.8863 0.5794 0.8272 7.5486 1.6325 19.0327 -4.8488 0.0501
Pedestrian -1 -1 -5.8416 161.3070 180.9134 223.7500 301.0757 1.8143 0.4911 0.6952 -6.5249 1.9422 11.2020 -6.3593 0.4438
Pedestrian -1 -1 -5.8159 334.5233 177.9881 370.8463 251.1199 1.8838 0.6287 0.6912 -6.8166 2.0212 18.9914 -6.1566 0.4296
Pedestrian -1 -1 -7.4972 377.0148 187.0514 398.5693 240.2706 1.6112 0.5088 0.4508 -6.8863 2.0528 22.2132 -7.7950 0.4074
Pedestrian -1 -1 -6.2657 294.8435 181.4390 333.1252 263.5405 1.8037 0.6677 0.7901 -6.7696 2.0039 16.4004 -6.6521 0.3852
Pedestrian -1 -1 -3.4311 633.4750 173.3107 652.4946 213.9873 1.9740 0.6204 0.7873 1.5760 1.9964 35.4209 -3.3877 0.3278
Pedestrian -1 -1 -7.9744 358.3690 181.5157 383.8142 236.0816 1.7084 0.6877 0.8023 -7.7541 1.9935 23.2622 -8.2933 0.2765
Pedestrian -1 -1 -7.6313 788.0294 170.3256 819.4572 245.3694 1.7940 0.6359 0.5681 4.6895 1.7332 17.6473 -7.3765 0.2438
Pedestrian -1 -1 -7.4879 425.2827 182.7680 443.7844 220.4933 1.7334 0.5915 0.8123 -8.2626 2.2039 33.8253 -7.7262 0.2243
Pedestrian -1 -1 -5.1912 223.3073 178.3384 244.1009 227.0416 1.8796 0.5964 0.4210 -14.7985 2.0971 28.2931 -5.6696 0.2027
Pedestrian -1 -1 -4.6058 734.3433 178.3967 757.8885 245.2297 1.6607 0.5191 0.7475 3.4310 1.8053 18.4324 -4.4256 0.1943
Pedestrian -1 -1 -3.6011 241.7451 184.7142 290.5377 277.5150 1.7063 0.5597 0.6648 -6.6333 1.9402 13.8123 -4.0419 0.1802
Pedestrian -1 -1 -5.3472 381.9852 183.3255 408.6135 233.2094 1.7771 0.6343 0.7118 -7.8914 2.1662 26.3679 -5.6358 0.1520
Pedestrian -1 -1 -7.8384 803.8728 169.1457 830.8724 243.5893 1.7607 0.6168 0.7239 4.9792 1.6727 17.5002 -7.5665 0.1285
Pedestrian -1 -1 -4.8311 629.5222 175.1813 643.1282 211.4447 1.9308 0.6755 0.4895 1.3723 2.0563 38.7255 -4.7966 0.1156
Cyclist -1 -1 -5.7111 43.0507 192.7140 193.2881 304.0187 1.6622 0.6619 1.8807 -7.6846 1.9810 11.2455 -6.2999 0.1041
Cyclist -1 -1 -7.7191 300.6404 183.0770 329.7937 264.6319 1.7571 0.3883 1.7396 -6.8403 2.0055 16.6598 -8.1037 0.1029
Pedestrian -1 -1 -7.8405 414.2849 181.9075 428.7885 220.6638 1.7705 0.6438 0.6857 -8.8042 2.1965 33.5635 -8.0956 0.1011
Pedestrian -1 -1 -5.1193 745.7285 177.4488 776.2287 242.6348 1.6983 0.5767 0.6657 3.9693 1.8229 19.2375 -4.9198 0.0948
Cyclist -1 -1 -7.5046 221.9385 183.2603 251.8107 227.4059 1.6603 0.5228 1.6032 -14.6906 2.0809 28.3547 -7.9791 0.0934
Cyclist -1 -1 -7.3988 416.3427 181.9780 442.8874 221.6031 1.7937 0.6036 1.5141 -8.4876 2.2314 33.8342 -7.6433 0.0923
Pedestrian -1 -1 -4.6121 812.2368 171.3916 839.2005 244.7578 1.7550 0.5707 0.7107 5.2435 1.7197 17.6962 -4.3294 0.0760
Pedestrian -1 -1 -5.5201 740.9951 182.6150 771.6559 242.6447 1.5393 0.4622 0.6534 3.8064 1.8019 19.0327 -5.3266 0.0751
Cyclist -1 -1 -5.7131 207.4943 178.4695 256.8190 226.1053 1.8382 0.6358 1.6314 -14.8694 2.0614 28.3251 -6.1930 0.0748
Cyclist -1 -1 -7.0647 373.1922 181.2021 406.5826 220.5775 1.7507 0.5099 1.5664 -10.1676 2.1443 33.2356 -7.3598 0.0644
Pedestrian -1 -1 -8.3740 435.7929 185.0183 449.8062 219.8598 1.6815 0.4632 0.5399 -8.2503 2.2845 35.4268 -8.6017 0.0638
Pedestrian -1 -1 -2.9371 371.6658 183.9353 393.0821 238.4720 1.6673 0.5904 0.5281 -7.1447 2.0176 22.5090 -3.2417 0.0609
Cyclist -1 -1 -8.0994 779.0241 173.6158 815.0283 246.8007 1.6889 0.4255 1.7260 4.4713 1.7080 17.5318 -7.8545 0.0567
Pedestrian -1 -1 -8.3258 796.7180 174.9111 830.7775 245.5190 1.7214 0.6255 0.5640 5.0127 1.7733 17.9507 -8.0586 0.0543
Pedestrian -1 -1 -2.9072 170.8515 180.2589 226.9420 297.1671 1.7953 0.5597 0.6616 -6.5853 1.9166 11.4857 -3.4183 0.0542
Cyclist -1 -1 -3.8214 380.4687 187.0914 421.2340 229.2897 1.6847 0.5127 1.6938 -8.7864 2.2972 30.2146 -4.1026 0.0519
Pedestrian -1 -1 -3.8839 701.9608 177.6106 738.3023 239.0429 1.7290 0.5972 0.8635 3.1364 1.8696 20.8732 -3.7378 0.0517
Car -1 -1 -7.8104 463.4181 187.8347 505.0581 227.1362 1.4625 1.5566 3.2593 -5.2013 2.1181 29.8738 -7.9819 0.9451
Car -1 -1 -2.9435 237.1781 180.0989 389.9187 240.1409 1.8280 1.8126 4.3383 -9.5946 2.0773 23.5684 -3.3266 0.8898
Car -1 -1 -4.6630 482.4515 183.0893 518.9641 218.0781 1.6045 1.6218 4.1409 -5.5117 2.1521 36.4824 -4.8124 0.7210
Car -1 -1 -2.2024 322.4653 188.7861 409.3372 227.4812 1.4867 1.6183 3.7560 -10.5218 2.2071 30.8992 -2.5285 0.1465
Car -1 -1 -4.4824 475.0868 181.4133 517.4562 207.9239 1.5489 1.6875 4.4718 -7.2097 2.1206 45.9282 -4.6377 0.0716
Car -1 -1 -4.6203 408.0060 186.1793 446.2604 217.0752 1.4395 1.5704 3.8506 -9.4609 2.1670 37.3861 -4.8669 0.0653
