Pedestrian -1 -1 -4.5598 692.8495 166.7826 715.3835 223.7006 1.9323 0.6516 0.8977 3.5403 1.4331 24.9095 -4.4253 0.7083
Pedestrian -1 -1 -7.3553 365.7501 184.6458 453.9358 341.7005 1.6307 0.5533 0.9767 -2.1641 1.6688 8.0195 -7.6171 0.6810
Pedestrian -1 -1 -3.6322 312.4058 178.3439 377.6635 309.0623 1.6984 0.5247 0.6660 -3.5268 1.6580 9.7560 -3.9766 0.6521
Pedestrian -1 -1 -4.5331 580.1561 176.0577 605.6926 240.8183 1.7232 0.5620 0.8330 -0.2588 1.5789 19.5700 -4.5516 0.5964
Cyclist -1 -1 -5.0500 682.2926 175.2964 729.4016 248.3761 1.7490 0.5776 1.8544 2.5760 1.6011 18.1585 -4.9165 0.2907
Pedestrian -1 -1 -6.1783 525.9303 170.5241 538.9506 194.7618 1.8371 0.5116 0.9411 -5.2343 1.0051 54.7053 -6.2782 0.2660
Pedestrian -1 -1 -4.1785 113.5738 169.1398 199.2990 317.9489 1.8103 0.6208 0.7682 -5.6799 1.6606 9.1276 -4.7283 0.1879
Pedestrian -1 -1 -4.2671 702.2886 165.8390 721.8050 207.9665 1.9565 0.6063 0.8511 5.2075 1.2295 33.8843 -4.1209 0.1835
Pedestrian -1 -1 -5.6627 647.8351 173.2655 657.2678 192.9933 1.7786 0.6253 0.6038 4.6725 1.0359 65.1947 -5.5964 0.1501
Pedestrian -1 -1 -3.0945 308.5629 172.3617 348.2926 259.8802 1.8901 0.6105 0.7976 -6.0809 1.6933 15.9281 -3.4593 0.1368
Pedestrian -1 -1 -5.3138 924.4830 147.0006 989.9161 271.6436 1.9521 0.6001 0.8008 5.7305 1.4124 11.6932 -4.8723 0.1202
Pedestrian -1 -1 -7.7349 533.3116 178.0073 549.9799 219.1466 1.7142 0.6323 0.6360 -2.5330 1.5690 30.2601 -7.8229 0.1136
Pedestrian -1 -1 -6.5126 520.4758 185.4372 533.9844 223.9268 1.4819 0.6257 0.3900 -2.9249 1.6381 28.0891 -6.6207 0.1079
Pedestrian -1 -1 -5.3988 26.8180 168.2931 132.2629 328.4510 1.7899 0.5845 0.8684 -6.1566 1.6430 8.4227 -6.0212 0.1068
Cyclist -1 -1 -7.7331 630.2045 171.2920 639.3380 195.1647 1.6255 0.4439 1.6725 2.3254 0.9305 49.7741 -7.6916 0.1032
Pedestrian -1 -1 -5.9720 409.5040 168.8777 437.6766 231.2050 1.9587 0.5960 0.7260 -5.6916 1.5625 22.8953 -6.2183 0.0821
Pedestrian -1 -1 -4.6396 678.3228 167.5862 689.3726 195.3598 1.8751 0.6914 0.8909 5.6337 0.9357 48.9979 -4.5307 0.0805
Cyclist -1 -1 -8.1030 1135.7827 0.0000 1237.0000 373.0000 1.8787 0.4812 1.6622 1.4466 1.6715 1.3827 -7.3906 0.0787
Pedestrian -1 -1 -4.7260 769.8765 187.2154 785.5038 230.7869 1.2734 0.4395 0.4540 5.2005 1.4457 21.3326 -4.4950 0.0764
Pedestrian -1 -1 -4.4992 350.9394 177.0334 385.9420 253.3755 1.7677 0.6351 0.8201 -5.5643 1.6649 17.0739 -4.8153 0.0752
Cyclist -1 -1 -4.7287 535.1924 178.0777 547.5809 214.0525 1.6721 0.5525 1.5436 -2.8762 1.5133 34.1849 -4.8172 0.0746
Car -1 -1 -4.7716 223.7154 190.0823 322.6660 272.6374 1.5305 1.7339 4.4062 -7.5263 1.7522 16.1564 -5.2069 0.0681
Pedestrian -1 -1 -6.2440 909.0938 151.3233 957.4155 250.5771 1.9405 0.5956 0.8691 6.6600 1.3511 14.5034 -5.8256 0.0680
Pedestrian -1 -1 -4.5387 368.5911 217.3879 396.5532 287.4093 1.0917 0.3660 0.4429 -3.6022 1.6885 11.6908 -4.8371 0.0670
Car -1 -1 -4.6588 0.0000 188.5522 96.3991 298.1643 1.5433 1.6112 3.8718 -9.7729 1.6860 12.4262 -5.3206 0.0594
Pedestrian -1 -1 -7.6023 689.6061 161.8015 703.0565 196.0336 1.9678 0.5959 0.8148 5.5210 0.8356 41.7819 -7.4767 0.0593
Car -1 -1 -3.8070 1010.6879 159.1946 1237.0000 254.3201 1.6816 1.7180 4.0772 10.2396 1.2879 13.6291 -3.1771 0.0589
Pedestrian -1 -1 -3.9303 908.6960 155.2704 961.9645 258.1984 1.8926 0.5683 0.7283 6.2768 1.4109 13.6050 -3.5107 0.0539
Pedestrian -1 -1 -4.4931 671.9211 188.7729 684.5838 219.3450 1.2419 0.4424 0.4085 3.1443 1.5443 29.5696 -4.3933 0.0538
Pedestrian -1 -1 -5.7195 1148.2076 107.2698 1237.0000 329.9167 1.9682 0.6892 0.9551 5.9496 1.3127 6.9119 -5.0328 0.0535
Pedestrian -1 -1 -7.1573 882.5423 166.3176 943.4968 278.2263 1.7346 0.5939 0.6964 4.9642 1.4999 11.5587 -6.7654 0.6952
Pedestrian -1 -1 -4.7000 780.2222 166.0707 817.9209 256.2453 1.8515 0.7511 0.8449 4.1546 1.5353 15.2564 -4.4439 0.6757
Pedestrian -1 -1 -4.9293 598.7628 172.5175 618.4755 216.9281 1.8626 0.7045 0.6790 0.2843 1.4862 30.5333 -4.9252 0.6266
Cyclist -1 -1 -5.9012 246.3526 186.5827 369.4618 284.5605 1.5898 0.5619 1.8219 -4.9116 1.6771 11.9710 -6.2887 0.6185
Cyclist -1 -1 -4.6055 467.6430 177.0201 507.9688 275.5019 1.6969 0.5618 1.7434 -2.1158 1.6203 13.2630 -4.7663 0.6071
Pedestrian -1 -1 -4.9225 559.7847 171.9334 586.1138 224.7464 1.8676 0.7279 1.1253 -1.0649 1.5297 26.0392 -4.9682 0.5551
Pedestrian -1 -1 -4.4459 544.2409 172.8593 571.3008 231.9992 1.8399 0.6694 0.8225 -1.4093 1.5715 22.8171 -4.5122 0.5391
Pedestrian -1 -1 -8.0085 112.0853 195.2846 203.9357 335.8302 1.5011 0.8138 0.6415 -5.1595 1.6704 8.2794 -8.5578 0.4938
Pedestrian -1 -1 -4.7458 626.8328 176.7902 640.2354 216.9709 1.6977 0.5520 0.4442 1.3467 1.4990 30.5735 -4.7074 0.4491
Pedestrian -1 -1 -8.0681 609.8780 176.8165 625.5630 216.2282 1.7162 0.5817 0.5577 0.6983 1.5125 31.6100 -8.0513 0.4212
Pedestrian -1 -1 -2.7145 617.4028 175.8890 637.6199 214.8452 1.7858 0.6294 0.7470 1.1999 1.5288 33.3761 -2.6840 0.3924
Pedestrian -1 -1 -7.9892 578.9136 172.4092 595.5811 214.2251 1.8376 0.6343 0.8101 -0.6518 1.4384 32.0171 -8.0146 0.3577
Cyclist -1 -1 -6.0892 528.8900 174.0349 563.5298 209.7224 1.7995 0.6660 1.6671 -2.8203 1.4233 36.6467 -6.1706 0.3292
Pedestrian -1 -1 -5.4107 748.7705 168.1179 777.1063 216.9148 1.7994 0.6722 0.8125 6.0447 1.3063 27.0042 -5.1977 0.3064
Cyclist -1 -1 -8.0822 610.9086 173.2377 627.8734 205.7054 1.6842 0.5249 1.6717 0.9378 1.2558 38.1341 -8.0629 0.2920
Cyclist -1 -1 -6.8288 543.8487 168.2081 575.6812 201.5446 1.8897 0.6550 1.7522 -2.4031 1.1364 41.4886 -6.8914 0.2770
Pedestrian -1 -1 -7.9616 781.3105 163.0991 811.7750 237.0687 1.9054 0.6932 0.7138 5.0926 1.4319 18.9079 -7.7073 0.2649
Pedestrian -1 -1 -7.7738 681.2924 170.9369 695.9114 208.6782 1.7795 0.6410 0.7376 4.1523 1.2817 34.2928 -7.6594 0.2391
Cyclist -1 -1 -4.8373 647.2820 173.7627 667.4633 219.2748 1.7442 0.5496 1.9038 2.1853 1.4480 28.4945 -4.7667 0.2375
Pedestrian -1 -1 -4.6465 496.5853 189.9456 520.3874 252.3128 1.4574 0.5274 0.6807 -2.2617 1.6648 17.2401 -4.7806 0.2225
Pedestrian -1 -1 -7.7169 539.0739 174.7299 553.5197 210.1357 1.7787 0.6509 0.6529 -2.8022 1.4388 36.4310 -7.7982 0.2003
Pedestrian -1 -1 -7.5770 568.7819 174.6389 584.2125 213.6869 1.7797 0.5840 0.5518 -1.1599 1.4673 33.0767 -7.6170 0.1940
Pedestrian -1 -1 -6.2339 632.9288 172.3954 642.6703 193.6559 1.7703 0.5243 0.7922 3.0701 1.0120 60.1106 -6.1881 0.1814
Pedestrian -1 -1 -6.9975 656.4088 171.1881 673.5317 204.2993 1.7917 0.6062 0.7102 3.4732 1.2339 39.3255 -6.9151 0.1805
Pedestrian -1 -1 -4.2622 431.2143 194.7352 467.2780 257.5798 1.4162 0.6029 0.6459 -3.5768 1.7321 16.7339 -4.4751 0.1554
Cyclist -1 -1 -2.9805 664.5549 172.3077 704.4807 210.1904 1.7679 0.7049 1.7960 3.9348 1.3392 34.1026 -2.8717 0.1445
Cyclist -1 -1 -8.5489 806.1053 174.7690 867.8663 245.4196 1.6548 0.4619 1.6798 5.7348 1.4977 17.6893 -8.2451 0.1440
Cyclist -1 -1 -7.0544 423.4708 178.2822 478.5544 237.5110 1.7100 0.5616 1.7221 -4.5345 1.6176 21.6113 -7.2642 0.1355
Pedestrian -1 -1 -3.2794 1099.0525 173.2868 1166.7250 333.0749 1.5633 0.5451 0.4744 5.3910 1.4836 7.3782 -2.6707 0.1336
Cyclist -1 -1 -7.7026 534.7386 179.5637 554.1974 231.5687 1.6731 0.4201 1.5960 -1.9135 1.6112 23.9204 -7.7869 0.1140
Pedestrian -1 -1 -4.9252 408.0829 190.7659 440.3002 261.8262 1.4908 0.5409 0.7025 -3.8973 1.6984 15.6183 -5.1715 0.1095
Pedestrian -1 -1 -8.0441 611.5549 171.2665 626.9765 205.9396 1.8215 0.7209 0.5627 0.9363 1.2841 38.0755 -8.0247 0.1094
Pedestrian -1 -1 -4.6204 516.6746 188.7147 535.2322 236.1931 1.4463 0.5160 0.7058 -2.3732 1.6748 22.3487 -4.7303 0.1057
Pedestrian -1 -1 -6.4537 642.1771 172.0823 652.6068 193.2954 1.7485 0.5873 0.7714 3.8324 0.9721 59.5436 -6.3947 0.0995
Cyclist -1 -1 -7.0046 412.0073 177.5206 468.4203 237.7415 1.7407 0.5310 1.7453 -4.8627 1.6262 21.6271 -7.2286 0.0979
Cyclist -1 -1 -8.2937 763.2836 174.6022 800.0949 230.6763 1.6181 0.4400 1.5450 5.3537 1.4195 21.5298 -8.0580 0.0872
Cyclist -1 -1 -4.7441 801.2084 183.0348 855.5333 328.4956 1.6131 0.5459 1.7120 2.7230 1.6347 8.8818 -4.4607 0.0845
Pedestrian -1 -1 -5.8839 412.6845 173.9635 441.1886 232.8677 1.8518 0.5750 0.7185 -5.5925 1.6153 22.9230 -6.1259 0.0827
Pedestrian -1 -1 -7.2988 532.5602 173.0964 547.0984 213.4941 1.9069 0.6052 0.3320 -2.9443 1.5105 34.1912 -7.3892 0.0822
Cyclist -1 -1 -2.6406 595.3463 171.7186 631.9460 206.6579 1.8103 0.7368 1.8008 0.6359 1.3037 37.9812 -2.6290 0.0809
Cyclist -1 -1 -6.2134 356.2544 185.0127 442.2874 264.0126 1.6474 0.6675 1.7505 -4.3797 1.7263 15.5301 -6.4895 0.0804
Cyclist -1 -1 -8.5479 740.9313 167.2840 781.9493 215.3671 1.7733 0.4982 1.7715 6.0604 1.2494 27.3925 -8.3373 0.0734
Pedestrian -1 -1 -3.7475 752.8241 164.1096 834.9812 306.1850 1.7566 0.6001 0.8348 2.4386 1.5423 9.3102 -3.5040 0.0701
Cyclist -1 -1 -4.6364 534.0311 175.9614 548.4583 212.9545 1.7259 0.5741 1.6403 -2.8808 1.4677 34.3371 -4.7246 0.0700
Pedestrian -1 -1 -4.2120 797.4529 198.3090 862.4115 321.8979 1.4246 0.5737 0.5359 2.7428 1.6399 8.7794 -3.9235 0.0694
Cyclist -1 -1 -2.9012 746.8428 177.8087 807.1416 233.4304 1.6026 0.6236 1.6413 5.1822 1.4967 21.3466 -2.6712 0.0689
Cyclist -1 -1 -4.6854 544.0374 175.1606 555.6732 210.1186 1.7414 0.5588 1.5405 -2.6279 1.4258 36.5656 -4.7617 0.0688
Pedestrian -1 -1 -5.2108 360.6490 190.4495 395.8071 261.0388 1.4795 0.6172 0.3817 -4.8535 1.6776 15.5002 -5.5150 0.0687
Cyclist -1 -1 -7.5604 666.9276 173.0358 685.6513 205.5540 1.6577 0.5328 1.6292 3.9060 1.2264 37.4728 -7.4623 0.0681
Pedestrian -1 -1 -3.7934 490.2315 181.8448 530.6701 250.8671 1.6446 0.6365 0.7513 -2.2658 1.6538 17.6113 -3.9250 0.0671
Pedestrian -1 -1 -3.9167 525.6456 183.0817 552.8236 231.2697 1.5276 0.5634 0.6752 -2.0391 1.5802 23.2408 -4.0085 0.0639
Cyclist -1 -1 -5.5271 403.2525 181.7739 469.5939 250.6342 1.6953 0.6239 1.6809 -4.2648 1.7031 18.3818 -5.7575 0.0628
Cyclist -1 -1 -5.6667 290.2752 187.8988 408.3116 289.2602 1.5701 0.5827 1.8132 -4.1567 1.6799 11.7219 -6.0063 0.0610
Pedestrian -1 -1 -4.9819 451.0263 180.2707 478.1450 237.7124 1.7080 0.6187 0.7908 -4.1970 1.6719 21.8506 -5.1748 0.0596
Pedestrian -1 -1 -5.9847 472.2003 175.9501 502.3372 231.2860 1.7380 0.5725 0.8188 -3.6636 1.5642 22.9015 -6.1469 0.0592
Cyclist -1 -1 -6.5842 606.8773 174.7135 644.0905 215.9891 1.8047 0.5108 1.5687 1.0504 1.5083 31.8655 -6.5567 0.0589
Pedestrian -1 -1 -8.0155 668.2293 174.3748 684.9787 210.8799 1.7059 0.6619 0.8051 3.5400 1.3732 33.9908 -7.9176 0.0581
Pedestrian -1 -1 -3.1544 913.6092 170.7871 953.2605 268.3054 1.6652 0.4624 0.6171 5.7706 1.4829 12.5999 -2.7382 0.0564
Cyclist -1 -1 -3.0404 524.3079 172.2700 559.9728 208.6260 1.8115 0.7550 1.7266 -2.9868 1.3518 36.1821 -3.1273 0.0541
Cyclist -1 -1 -5.1245 549.3312 169.4186 591.3336 234.5472 1.9327 0.6056 1.8327 -1.0139 1.5747 22.2720 -5.1748 0.0535
Pedestrian -1 -1 -7.9804 358.5305 190.4822 387.4136 260.5740 1.4534 0.5371 0.4047 -4.8972 1.6486 15.2685 -8.2914 0.0533
Cyclist -1 -1 -4.9755 531.2413 173.9772 550.5477 209.6723 1.7744 0.5710 1.6110 -3.0991 1.4007 36.5638 -5.0645 0.0531
Pedestrian -1 -1 -4.0030 764.4984 183.9093 786.7721 230.6944 1.3767 0.4734 0.4431 5.1806 1.4503 21.4929 -3.7746 0.0521
Pedestrian -1 -1 -3.4353 714.6677 173.6083 729.9324 209.1832 1.6227 0.4679 0.5792 5.5428 1.2630 33.0372 -3.2755 0.0509
Pedestrian -1 -1 -4.0854 417.4773 176.0148 449.1485 237.5394 1.8135 0.5886 0.7742 -5.0907 1.6523 21.6440 -4.3191 0.0503
Car -1 -1 -5.2124 231.3381 0.0000 1237.0000 373.0000 1.5754 1.6529 4.2074 1.1241 1.6953 0.4556 -4.2196 0.2476
Car -1 -1 -7.7272 635.2206 172.3643 659.4639 191.8894 1.6112 1.6178 3.7953 3.9731 0.8571 61.2896 -7.6677 0.1484
Car -1 -1 -7.6628 521.4145 170.1134 550.7766 192.0771 1.6682 1.6193 3.8396 -5.0859 0.8033 56.5494 -7.7570 0.1341
Car -1 -1 -7.9356 767.9892 172.3133 831.3485 227.9722 1.5911 1.5621 3.7463 6.0967 1.3289 22.5146 -7.6793 0.1186
Car -1 -1 -8.2343 357.4771 190.3428 471.5989 252.1853 1.4370 1.5742 4.0034 -5.1599 1.7012 19.3573 -8.4969 0.1168
Car -1 -1 -7.7186 634.4457 181.1861 676.7315 213.7291 1.4694 1.5558 3.6939 2.6300 1.4555 34.4007 -7.6480 0.0942
Car -1 -1 -8.0441 708.3469 180.6385 757.8563 213.4698 1.4668 1.5945 3.7191 6.1497 1.4286 33.9663 -7.8714 0.0916
Car -1 -1 -7.9820 759.5916 184.6363 895.8833 294.5358 1.4968 1.5601 3.9287 3.5275 1.5586 11.9580 -7.7066 0.0720
