Pedestrian -1 -1 -5.6789 56.1565 173.9819 72.9415 216.3361 1.8123 0.5480 0.3238 -23.6024 1.8612 31.1691 -6.3230 0.1480
Pedestrian -1 -1 -8.3046 580.4337 165.3342 612.4771 231.4053 1.7828 0.5986 0.7936 -0.4295 1.5796 19.9591 -8.3266 0.1073
Pedestrian -1 -1 -7.9662 618.5113 155.4507 644.9249 229.5413 1.9376 0.6153 0.8150 0.5237 1.4822 19.3020 -7.9403 0.0901
Cyclist -1 -1 -5.7810 60.7439 194.2190 138.3438 253.9960 1.7273 0.6259 1.8173 -15.2740 2.3773 21.5519 -6.3920 0.0875
Pedestrian -1 -1 -4.5875 383.0446 201.2482 401.3253 249.2474 1.2386 0.4017 0.5553 -5.8698 2.0095 19.2902 -4.8798 0.0867
Pedestrian -1 -1 -6.2088 65.8468 172.9681 77.2191 219.0860 1.7782 0.4510 0.3211 -21.0118 1.7824 28.0982 -6.8465 0.0765
Pedestrian -1 -1 -4.7103 951.7476 173.5547 991.8414 286.0806 1.4908 0.4802 0.5986 4.9187 1.5005 9.9379 -4.2633 0.0732
Pedestrian -1 -1 -3.6177 1159.8479 162.7210 1241.0000 339.5770 1.5934 0.5412 0.6671 5.6740 1.5018 6.8308 -2.9462 0.0680
Pedestrian -1 -1 -5.9594 912.4684 132.4873 932.3431 185.8259 1.8238 0.5724 0.4781 10.7974 0.4432 25.0443 -5.5565 0.0670
Pedestrian -1 -1 -3.7865 823.1837 143.0477 846.7901 193.8519 1.7672 0.5815 0.5568 7.8913 0.7301 25.4664 -3.4895 0.0643
Pedestrian -1 -1 -4.5149 442.6469 172.6696 467.2351 232.2760 1.8912 0.6635 0.6275 -5.0306 1.8850 23.2109 -4.7266 0.0616
Pedestrian -1 -1 -3.3447 694.7791 159.8520 725.6145 228.6140 1.8424 0.5348 0.7357 2.6700 1.4937 19.6257 -3.2122 0.0526
Pedestrian -1 -1 -7.1785 834.1514 143.0980 862.7432 197.7623 1.7909 0.6793 0.6019 7.9107 0.8158 24.0884 -6.8650 0.0523
Pedestrian -1 -1 -4.9947 956.0711 201.1213 990.4352 271.6228 1.1234 0.3819 0.4946 5.9771 1.6038 11.9944 -4.5430 0.0501
Pedestrian -1 -1 -3.8626 737.5594 159.6751 762.4138 223.3858 1.8446 0.5290 0.4907 4.0704 1.4627 21.2426 -3.6765 0.2060
Pedestrian -1 -1 -3.8888 1067.3916 145.4566 1091.5182 215.5293 1.8722 0.4714 0.3079 12.6580 1.1399 19.5374 -3.3210 0.1742
Cyclist -1 -1 -3.1892 899.7244 174.6190 1013.0387 270.0508 1.5316 0.5842 1.6905 5.7509 1.5626 12.1890 -2.7585 0.1619
Pedestrian -1 -1 -4.7887 797.0373 162.7789 819.1218 222.7782 1.7090 0.5584 0.7484 5.7013 1.4217 20.9710 -4.5274 0.1481
Pedestrian -1 -1 -6.1855 625.1979 173.6657 651.1368 230.0363 1.6845 0.6333 0.7318 0.8122 1.7092 21.9338 -6.1498 0.1448
Pedestrian -1 -1 -5.4716 898.1835 179.5391 935.9604 255.0862 1.3678 0.4203 0.4952 5.6554 1.4948 13.4250 -5.0814 0.1401
Pedestrian -1 -1 -2.8881 700.2371 174.7498 726.6601 249.4035 1.5072 0.5116 0.4285 2.0862 1.5468 14.9009 -2.7527 0.1362
Pedestrian -1 -1 -3.0409 1064.7096 144.6466 1080.0005 215.8738 1.9007 0.4972 0.3045 12.4747 1.1477 19.5444 -2.4799 0.1272
Pedestrian -1 -1 -3.5986 1168.6093 160.4884 1241.0000 288.8415 1.6062 0.5418 0.5489 7.6450 1.4512 9.3520 -2.9291 0.1217
Cyclist -1 -1 -8.1183 735.2272 161.7796 767.3150 224.0388 1.7609 0.5130 1.6141 4.0904 1.4474 21.2322 -7.9312 0.1113
Pedestrian -1 -1 -5.8017 1013.9195 145.4853 1046.7898 215.6423 1.8764 0.6300 0.5486 11.4245 1.1441 19.6986 -5.2829 0.1110
Pedestrian -1 -1 -5.2596 924.6490 184.3733 963.5993 265.5352 1.3397 0.4613 0.3882 5.5880 1.5376 12.1950 -4.8398 0.1066
Pedestrian -1 -1 -7.4328 810.5643 152.9247 842.2042 219.5503 1.8817 0.6294 0.7459 6.2101 1.3186 20.8668 -7.1479 0.1044
Pedestrian -1 -1 -4.8533 931.9000 163.1823 971.7225 256.2550 1.6885 0.5698 0.7211 6.3374 1.5127 13.5164 -4.4240 0.1024
Cyclist -1 -1 -3.2462 868.9062 168.0112 979.1465 257.5838 1.5781 0.6159 1.7971 5.6767 1.4925 13.2647 -2.8506 0.1017
Pedestrian -1 -1 -7.6970 595.3952 166.9265 620.0074 226.6667 1.8042 0.6577 0.6976 -0.1143 1.6248 22.1848 -7.7029 0.0968
Cyclist -1 -1 -7.7797 370.7267 180.8907 396.9174 248.3856 1.7585 0.5635 1.6932 -6.2715 1.9897 19.8988 -8.0818 0.0967
Pedestrian -1 -1 -3.8824 755.2863 159.0395 795.1476 240.0203 1.7678 0.5998 0.6311 3.6471 1.4659 16.1684 -3.6653 0.0935
Pedestrian -1 -1 -5.9014 640.8819 168.6467 669.3322 226.1516 1.7112 0.5227 0.7182 1.3195 1.5857 21.8610 -5.8427 0.0906
Pedestrian -1 -1 -5.0016 1039.4202 137.1199 1133.7303 319.0545 1.8423 0.6146 0.8586 5.0634 1.4802 7.8020 -4.4437 0.0843
Cyclist -1 -1 -8.1431 887.6973 157.6820 938.4100 248.3376 1.7051 0.4540 1.6839 5.9775 1.4194 14.4307 -7.7582 0.0802
Pedestrian -1 -1 -6.7506 993.5300 146.5239 1106.3007 308.3873 1.8068 0.5564 0.9672 5.0159 1.5126 8.3596 -6.2264 0.0740
Cyclist -1 -1 -3.4402 726.2360 159.6526 788.4650 222.2045 1.8047 0.6314 1.6806 4.2739 1.4235 21.2173 -3.2447 0.0739
Pedestrian -1 -1 -4.0419 742.0566 162.1457 782.6896 241.7084 1.7593 0.5557 0.7576 3.4144 1.5222 16.4109 -3.8412 0.0725
Pedestrian -1 -1 -3.5017 626.9005 161.5239 663.4193 235.5387 1.8160 0.5616 0.7642 0.8266 1.5377 18.0888 -3.4576 0.0718
Pedestrian -1 -1 -8.7989 910.1556 180.1614 950.4211 258.2447 1.3952 0.4698 0.4981 5.8425 1.5329 13.2895 -8.3936 0.0706
Pedestrian -1 -1 -4.6024 714.6456 160.1016 743.8785 240.4324 1.7860 0.5882 0.7092 2.6742 1.5022 16.4621 -4.4450 0.0702
Pedestrian -1 -1 -5.4528 914.7436 182.9475 953.1964 261.7157 1.2743 0.4064 0.4197 5.3321 1.4457 12.0055 -5.0446 0.0701
Pedestrian -1 -1 -5.1461 958.4303 163.0413 1005.9526 253.6042 1.6538 0.5567 0.6684 6.9078 1.4743 13.5181 -4.6832 0.0690
Pedestrian -1 -1 -8.6648 1003.1175 154.6968 1056.7397 251.0507 1.7547 0.5370 0.6883 7.8212 1.4237 13.5473 -8.1511 0.0641
Pedestrian -1 -1 -5.3839 943.5494 188.9777 986.7422 267.6964 1.2811 0.4462 0.4846 5.9185 1.5587 12.1469 -4.9408 0.0640
Cyclist -1 -1 -5.0395 690.8292 161.9862 737.4813 252.1721 1.7935 0.4986 1.5092 2.1097 1.5770 15.1371 -4.9047 0.0626
Cyclist -1 -1 -8.8487 886.7333 165.6658 994.8268 264.8377 1.6081 0.5473 1.6734 5.6576 1.4912 12.5497 -8.4347 0.0620
Cyclist -1 -1 -2.5997 55.2853 196.7211 131.5487 258.0404 1.7534 0.6416 1.7546 -15.2912 2.4710 21.3178 -3.2163 0.0615
Pedestrian -1 -1 -8.4588 640.9124 164.8607 678.7629 240.6586 1.7745 0.6083 0.7148 1.1432 1.5871 17.3550 -8.3951 0.0601
Cyclist -1 -1 -8.1747 723.6669 163.6398 760.5684 225.8878 1.7402 0.5387 1.7058 3.7852 1.4823 21.0539 -8.0000 0.0600
Pedestrian -1 -1 -3.6928 725.3849 164.2968 766.9599 240.0353 1.7165 0.5251 0.7894 3.1045 1.5222 16.7404 -3.5134 0.0591
Pedestrian -1 -1 -3.5774 1135.9097 149.1573 1201.6055 275.1243 1.7418 0.5858 0.5402 7.9192 1.4138 10.3185 -2.9370 0.0590
Pedestrian -1 -1 -3.7449 980.4049 165.3825 1034.2930 256.5250 1.6319 0.5285 0.6853 7.2182 1.4979 13.2207 -3.2551 0.0582
Pedestrian -1 -1 -4.1337 384.6803 184.9547 416.7880 246.3535 1.5920 0.5177 0.7150 -5.6392 1.9222 19.2904 -4.4151 0.0580
Pedestrian -1 -1 -6.0999 690.0298 160.4885 724.8697 234.5943 1.8159 0.5900 0.7732 2.3947 1.5126 18.0803 -5.9711 0.0574
Pedestrian -1 -1 -7.7623 305.2467 180.1779 331.6347 248.6704 1.8457 0.6104 0.7517 -8.1182 2.0529 19.9872 -8.1441 0.0569
Cyclist -1 -1 -7.6391 376.3756 184.1785 408.0147 244.1841 1.6175 0.4821 1.8701 -6.2951 1.9580 20.7594 -7.9306 0.0566
Pedestrian -1 -1 -6.6375 1141.7151 137.2363 1241.0000 302.8052 1.7569 0.5543 0.8832 6.5084 1.3786 8.0540 -5.9760 0.0558
Pedestrian -1 -1 -8.1835 1089.8574 144.6917 1189.6033 319.7179 1.7494 0.5935 0.8677 5.5689 1.4677 7.7105 -7.5767 0.0551
Pedestrian -1 -1 -3.0709 713.3201 171.1903 738.5722 250.7752 1.6044 0.5466 0.4802 2.3394 1.5706 14.8655 -2.9188 0.0549
Cyclist -1 -1 -6.3956 386.7204 177.6389 460.4913 245.0764 1.7540 0.6871 1.8665 -5.0907 1.8875 19.5140 -6.6482 0.0508
Car -1 -1 -7.2946 230.6101 191.9344 397.2282 282.9800 1.4938 1.5475 3.2433 -5.7538 1.9175 14.3007 -7.6714 0.9793
Car -1 -1 -7.1693 115.1744 198.9297 327.9076 286.9816 1.4247 1.5840 4.2581 -7.9818 2.0568 15.2527 -7.6447 0.9403
Car -1 -1 -7.0068 0.0000 208.7233 72.8102 292.9451 1.5373 1.6583 3.7931 -14.9818 2.4734 16.8496 -7.7258 0.6459
Car -1 -1 -7.1693 950.2971 171.1340 1241.0000 281.7880 1.4502 1.6115 4.1364 7.3442 1.4274 10.8443 -6.5871 0.0960
Car -1 -1 -5.5248 55.3537 204.3826 199.2865 259.1268 1.4678 1.5367 3.4934 -14.4703 2.4588 21.6255 -6.1091 0.0765
