Pedestrian -1 -1 -5.1307 719.5518 186.4450 754.0324 252.7287 1.5727 0.5969 0.7007 3.0531 1.9136 17.7028 -4.9638 0.2602
Pedestrian -1 -1 -5.6248 185.2699 196.3429 252.9057 319.9676 1.6906 0.5458 0.6525 -5.6337 2.0366 10.3140 -6.1146 0.1657
Pedestrian -1 -1 -3.1845 890.6024 184.6238 940.7146 291.4474 1.5143 0.5568 0.6509 4.4564 1.6943 10.6816 -2.8001 0.1358
Cyclist -1 -1 -7.9303 672.9608 176.0336 685.7593 218.8634 1.7000 0.3828 1.7710 2.7992 1.8343 29.6595 -7.8378 0.1353
Cyclist -1 -1 -7.6786 659.1677 178.6529 671.7009 211.1026 1.6151 0.3706 1.6083 2.8119 1.9190 37.0323 -7.6041 0.1329
Pedestrian -1 -1 -5.9101 491.2023 183.0999 507.4721 211.1003 1.7710 0.6264 0.8641 -7.1372 2.4343 46.3304 -6.0626 0.1164
Pedestrian -1 -1 -3.5756 547.5070 174.9584 562.4274 207.1818 1.8713 0.7244 0.6279 -3.2743 1.9961 42.4322 -3.6526 0.1101
Pedestrian -1 -1 -5.7231 167.8586 178.8549 251.8269 325.0305 1.8817 0.5965 0.7831 -5.3846 1.9642 9.6363 -6.2216 0.0989
Pedestrian -1 -1 -6.2423 456.4211 173.5070 473.8265 217.6306 1.9850 0.7037 0.7500 -6.6389 2.0149 32.8789 -6.4406 0.0937
Car -1 -1 -6.3867 629.1232 173.7840 676.3502 192.4823 1.6603 1.6559 4.1007 3.8083 1.7451 65.0812 -6.3288 0.0770
Pedestrian -1 -1 -5.4646 89.8952 180.0629 187.5370 354.5035 1.8346 0.6555 0.6295 -5.2773 1.9183 8.0167 -6.0322 0.0750
Pedestrian -1 -1 -3.0277 347.8209 172.6752 390.5775 256.6354 1.9814 0.5509 0.9205 -5.8450 1.9769 17.3918 -3.3479 0.0613
Car -1 -1 -8.3283 464.3794 180.3830 513.2034 206.6612 1.6594 1.6815 3.8435 -8.2612 2.1894 48.7761 -8.4956 0.0608
Car -1 -1 -5.1886 560.5518 183.7183 602.3707 207.2549 1.5448 1.5888 3.3404 -2.0752 2.3388 50.9048 -5.2297 0.0605
Pedestrian -1 -1 -7.8593 654.9951 173.7149 668.3488 208.7432 1.8872 0.7183 0.6322 2.7683 1.9341 39.2280 -7.7900 0.0598
Car -1 -1 -4.8545 591.8593 180.9083 628.6591 207.6865 1.5499 1.6956 4.4346 -0.0709 2.0830 45.4715 -4.8566 0.0581
Pedestrian -1 -1 -6.8803 744.1420 180.0502 775.9498 250.4961 1.5988 0.5191 0.5217 3.4358 1.7694 16.7862 -6.6828 0.0578
Car -1 -1 -8.1758 630.4172 166.4975 661.2538 187.8411 1.9988 1.6941 4.3279 3.4117 1.4032 69.8830 -8.1275 0.0550
Car -1 -1 -7.8730 606.5035 173.8329 624.4392 191.7373 1.6372 1.6137 3.9035 0.4721 1.7320 68.1543 -7.8665 0.0517
Pedestrian -1 -1 -6.8674 479.5482 184.5879 493.8194 214.0080 1.6745 0.5392 0.6205 -7.1811 2.3607 41.8038 -7.0370 0.0513
Pedestrian -1 -1 -5.5364 439.6753 171.6810 466.0876 221.4996 2.0122 0.6531 0.8401 -6.4967 1.9645 29.6380 -5.7509 0.0509
Pedestrian -1 -1 -2.6018 121.7121 177.1443 220.1777 338.5343 1.8771 0.5596 0.8454 -5.3247 1.9302 8.6883 -3.1386 0.0505
Cyclist -1 -1 -8.5984 1030.4136 74.1318 1241.0000 374.0000 1.9079 0.5352 1.6390 3.0126 1.4942 3.8668 -7.9735 0.0502
Pedestrian -1 -1 -8.3081 592.0575 178.4472 615.0669 214.5577 1.6654 0.7413 0.9538 -0.3494 1.9337 34.0537 -8.3189 0.6400
Pedestrian -1 -1 -6.3687 992.5627 149.6676 1091.6356 301.3571 1.8071 0.5794 1.0116 5.3428 1.5306 9.0707 -5.8513 0.2256
Pedestrian -1 -1 -5.0641 832.7820 158.9049 906.3032 313.4670 1.7934 0.6035 0.7643 3.0758 1.6312 8.7619 -4.7382 0.1255
Pedestrian -1 -1 -7.6074 981.1357 157.4009 1053.9576 316.1176 1.7487 0.5565 0.9003 4.7342 1.5781 8.4696 -7.1133 0.1149
Cyclist -1 -1 -7.6845 642.2441 180.1579 651.4405 201.8536 1.5936 0.4311 1.6009 2.7526 2.1521 54.3830 -7.6347 0.0858
Pedestrian -1 -1 -5.4164 985.9216 140.9401 1088.8430 309.1188 1.8949 0.6093 0.9088 5.0295 1.5350 8.6339 -4.9045 0.0848
Pedestrian -1 -1 -8.4738 885.5945 156.8893 943.8062 266.0426 1.8831 0.6149 0.7819 5.3805 1.6074 12.8992 -8.0876 0.0822
Pedestrian -1 -1 -5.8041 934.9471 157.1037 1041.8683 316.7588 1.7529 0.5359 0.9754 4.3695 1.5796 8.4737 -5.3430 0.0770
Pedestrian -1 -1 -3.7517 841.0031 147.9567 931.2686 304.3350 1.8610 0.6309 0.8412 3.3757 1.5644 9.0007 -3.4047 0.0765
Pedestrian -1 -1 -7.9012 534.8926 177.9177 545.6489 207.7804 1.9457 0.6752 0.6247 -4.6247 2.2812 47.4915 -7.9983 0.0711
Cyclist -1 -1 -8.0003 638.9053 179.3292 647.9362 201.3727 1.6204 0.4403 1.6551 2.4850 2.1158 54.3830 -7.9554 0.0692
Pedestrian -1 -1 -3.5805 751.8768 166.9945 804.5372 268.3163 1.8004 0.6735 0.7187 3.0206 1.6960 13.2283 -3.3620 0.0677
Car -1 -1 -4.4414 285.0322 203.7967 444.2243 313.7380 1.3542 1.5025 3.5420 -3.8354 1.9328 11.7002 -4.7524 0.9709
Car -1 -1 -4.4576 395.4358 186.6739 499.6488 263.9780 1.6445 1.5700 4.0108 -3.9868 2.0301 18.1127 -4.6721 0.9264
Car -1 -1 -7.7378 609.5199 180.5572 653.3785 215.9773 1.5231 1.5870 4.4331 1.0428 1.9140 34.3388 -7.7084 0.9170
Car -1 -1 -4.0745 0.0000 220.3375 217.0439 374.0000 1.4331 1.6572 3.9514 -3.9019 1.8249 3.9008 -4.8263 0.8424
Car -1 -1 -5.8814 498.6476 181.0605 571.7382 208.8046 1.7065 1.7465 4.3742 -4.8690 2.2546 46.7326 -5.9851 0.2943
Car -1 -1 -7.1491 1016.9326 78.3166 1241.0000 374.0000 1.8582 1.7450 4.1648 4.6454 1.4806 3.7870 -6.3001 0.1662
Car -1 -1 -7.8744 603.8026 172.2193 622.3365 189.7918 1.6190 1.6673 4.4478 0.2437 1.5602 68.7136 -7.8712 0.1659
Car -1 -1 -4.5814 521.4261 178.0686 560.5876 210.3577 1.7726 1.7483 4.3136 -4.0429 2.0953 42.5046 -4.6762 0.1563
Car -1 -1 -7.9811 648.9018 181.3318 682.8547 208.3004 1.5270 1.5921 3.7095 3.3249 2.0652 43.9398 -7.9066 0.1469
Car -1 -1 -7.8781 646.1564 179.7168 670.8007 203.3644 1.5599 1.6241 4.0129 3.3483 2.0623 50.8158 -7.8132 0.1273
Car -1 -1 -4.8506 627.8220 177.5295 652.7861 197.7083 1.6090 1.5671 3.8428 2.4816 2.0132 60.4430 -4.8102 0.0874
Car -1 -1 -6.4045 757.9034 188.2758 953.5826 257.8745 1.4182 1.5964 4.0212 5.3691 1.7929 16.3802 -6.0940 0.0835
Car -1 -1 -7.5985 487.3038 183.2091 531.3975 213.1372 1.6271 1.6364 3.9646 -5.9381 2.2695 42.7211 -7.7363 0.0517
