Cyclist -1 -1 -5.3990 123.0280 183.7580 218.5690 271.1134 1.6118 0.6154 1.7456 -8.3562 1.6578 13.8685 -5.9385 0.0901
Pedestrian -1 -1 -4.7525 373.8703 167.4052 389.7472 210.3197 1.8980 0.6438 0.8869 -9.8926 1.2749 32.2960 -5.0526 0.0825
Pedestrian -1 -1 -7.5975 214.5107 168.2800 233.9609 209.3334 1.9353 0.6793 0.6553 -17.9966 1.3124 34.2598 -8.0831 0.0794
Cyclist -1 -1 -4.9436 754.1622 171.7710 767.3152 197.0566 1.6639 0.4940 1.6035 10.6622 1.0237 48.0749 -4.7315 0.0757
Cyclist -1 -1 -5.6863 56.0020 175.1138 99.4469 211.2832 1.8198 0.7107 1.6757 -26.6275 1.4987 36.5269 -6.3178 0.0747
Pedestrian -1 -1 -7.5008 305.8579 170.0473 320.1038 199.1989 1.8629 0.6504 0.7039 -18.5698 1.1311 46.2667 -7.8855 0.0735
Cyclist -1 -1 -3.9055 335.9327 176.4451 386.2172 229.0225 1.7045 0.5522 1.6974 -8.0917 1.5411 24.1679 -4.2305 0.0624
Pedestrian -1 -1 -5.3426 1170.0808 257.0118 1237.0000 373.0000 1.0508 0.3165 0.4421 4.3966 1.6227 5.2065 -4.6716 0.0603
Car -1 -1 -5.9792 357.8001 175.3946 423.1032 197.2450 1.5441 1.6261 4.2107 -15.1088 1.1126 51.6066 -6.2676 0.0579
Car -1 -1 -2.0259 119.5408 183.1270 189.9965 213.7857 1.4679 1.5219 3.7328 -22.5339 1.5538 36.1976 -2.5846 0.0559
Cyclist -1 -1 -4.6210 813.9193 169.1739 827.2447 205.5136 1.7135 0.4799 1.6654 10.5914 1.1326 34.7336 -4.3321 0.0558
Car -1 -1 -6.0134 183.6522 171.1823 251.4677 193.6624 1.5843 1.6816 4.0221 -27.6569 0.8571 51.8907 -6.5059 0.0532
Pedestrian -1 -1 -6.0010 992.8241 165.5252 1033.7449 244.6203 1.6206 0.4534 0.6498 8.6203 1.2939 15.1085 -5.4952 0.0530
Pedestrian -1 -1 -7.1886 201.2334 173.6501 223.9667 209.6317 1.8199 0.7464 0.7069 -19.8932 1.4231 36.7435 -7.6869 0.0528
Pedestrian -1 -1 -3.2737 782.2984 162.8663 795.7002 190.2515 1.9209 0.5555 0.8461 13.2499 0.6138 50.7108 -3.0243 0.0519
Pedestrian -1 -1 -3.7965 1022.9590 151.7072 1073.0594 230.8607 1.9053 0.6371 0.8285 10.9297 1.1887 17.6544 -3.2540 0.3985
Pedestrian -1 -1 -6.2269 227.1468 171.6143 241.9457 200.8391 1.8877 0.4759 0.8351 -23.8863 1.2492 46.7871 -6.7017 0.2513
Pedestrian -1 -1 -3.8263 999.7215 152.2978 1047.3063 234.0087 1.8903 0.5937 0.7667 9.9291 1.2153 16.9746 -3.3089 0.1958
Cyclist -1 -1 -7.1531 349.9944 169.6114 396.0907 224.2411 1.8056 0.5261 1.7192 -7.8370 1.4131 24.6369 -7.4632 0.1879
Pedestrian -1 -1 -3.3757 163.4292 201.1530 194.7167 265.7312 1.1983 0.3697 0.4444 -8.1504 1.5841 13.7914 -3.9067 0.1676
Pedestrian -1 -1 -2.5684 728.0414 185.4659 763.4809 264.3684 1.3880 0.4509 0.4588 2.5670 1.4621 12.9901 -2.3827 0.1587
Pedestrian -1 -1 -7.2368 1197.3539 150.3268 1237.0000 248.5420 1.7523 0.5281 0.8546 11.4935 1.1967 13.1783 -6.5346 0.1489
Cyclist -1 -1 -8.1213 653.3743 174.6695 664.9921 197.5836 1.5251 0.4001 1.4693 3.9078 1.0705 48.5686 -8.0464 0.1283
Pedestrian -1 -1 -7.4108 113.4621 169.5150 134.6942 215.4526 1.9240 0.6259 0.4252 -20.1766 1.4223 30.3411 -7.9987 0.1226
Cyclist -1 -1 -8.5408 987.2734 154.5217 1058.8458 233.5878 1.7729 0.4681 1.7037 9.8930 1.1685 16.9863 -8.0252 0.1015
Pedestrian -1 -1 -3.7158 90.8655 169.1349 120.7305 217.2104 2.0239 0.6042 0.8634 -21.2312 1.5036 30.7544 -4.3211 0.0985
Cyclist -1 -1 -3.8521 379.7067 175.1857 418.5030 213.7879 1.7295 0.6476 1.7158 -9.3161 1.4469 33.0775 -4.1297 0.0983
Pedestrian -1 -1 -5.1000 1148.4279 152.3089 1195.6008 235.7206 1.7385 0.5753 0.6632 12.1543 1.1307 15.3680 -4.4443 0.0957
Pedestrian -1 -1 -5.6777 151.5410 170.1880 175.8924 211.9530 2.0098 0.6587 0.7746 -21.2838 1.4657 34.9189 -6.2268 0.0770
Pedestrian -1 -1 -8.1681 1195.5090 155.1100 1237.0000 243.1585 1.6970 0.6043 0.5843 12.2152 1.1889 14.2280 -7.4729 0.0710
Cyclist -1 -1 -8.1845 1003.9283 159.2847 1056.6543 242.6571 1.7740 0.4446 1.7694 9.5973 1.3019 16.1958 -7.6618 0.0707
Pedestrian -1 -1 -3.7205 169.6288 200.6109 207.9629 266.3938 1.2083 0.4004 0.4953 -7.9006 1.5813 13.6864 -4.2413 0.0626
Pedestrian -1 -1 -2.8750 247.6245 173.1086 257.7181 200.4267 1.7630 0.6905 0.4264 -22.6828 1.2215 46.7370 -3.3296 0.0620
Cyclist -1 -1 -4.1089 365.7502 171.8707 397.3850 211.5576 1.7413 0.5463 1.6180 -9.9079 1.3191 32.3717 -4.4088 0.0619
Pedestrian -1 -1 -4.1682 1070.4196 150.1334 1115.7655 232.1061 1.8271 0.5804 0.7013 11.1988 1.1285 16.4228 -3.5822 0.0603
Cyclist -1 -1 -8.4630 1008.4681 151.4950 1078.3491 230.7791 1.8626 0.5308 1.7810 10.8633 1.1583 17.7832 -7.9263 0.0554
Pedestrian -1 -1 -3.0456 1173.8527 155.2430 1219.4572 254.2482 1.7124 0.5743 0.5840 10.5910 1.2589 12.8338 -2.3709 0.0545
Cyclist -1 -1 -7.5129 211.1106 172.1421 237.2854 209.1914 1.7204 0.5541 1.7585 -17.9906 1.2861 34.2662 -7.9982 0.0532
Pedestrian -1 -1 -4.2328 144.5334 201.3190 183.8479 268.6858 1.2284 0.3860 0.6390 -8.3265 1.6141 13.6251 -4.7783 0.0520
Car -1 -1 -4.5884 512.6763 173.7455 550.6523 202.0432 1.5836 1.7405 4.1854 -4.0553 1.1498 42.3116 -4.6884 0.8616
Car -1 -1 -7.5810 369.7306 181.6644 422.7144 213.0650 1.4388 1.5603 3.6028 -9.8688 1.4474 34.7385 -7.8609 0.2222
Car -1 -1 -4.9688 652.6805 171.2493 680.8946 188.2572 1.4854 1.5637 3.9389 5.8930 0.5899 64.8084 -4.8834 0.1956
Car -1 -1 -3.1926 451.4123 175.6786 512.7843 199.1289 1.5598 1.6473 4.0461 -8.1507 1.1726 49.0256 -3.3615 0.1189
Car -1 -1 -4.4113 205.9260 183.3795 262.8327 213.0036 1.4428 1.5774 3.8057 -18.9609 1.5456 37.2475 -4.8844 0.1170
Car -1 -1 -7.9687 643.3971 171.0457 674.5382 195.9447 1.6699 1.6814 4.1313 3.9938 0.9688 50.2745 -7.8948 0.0853
Car -1 -1 -5.7175 0.0000 183.6535 107.3799 220.1984 1.4942 1.5828 3.8895 -23.4890 1.5887 30.4517 -6.3754 0.0819
Car -1 -1 -4.3327 331.9051 178.1727 376.9677 201.2948 1.5236 1.6287 3.8384 -16.8788 1.3044 49.2878 -4.6660 0.0733
Car -1 -1 -5.9710 181.4740 171.8639 246.2209 194.7231 1.6095 1.5917 3.8000 -27.8350 0.9310 51.7071 -6.4676 0.0688
Car -1 -1 -4.7478 59.3139 180.6727 99.8235 211.3821 1.5191 1.5712 3.6090 -27.2329 1.4784 37.4389 -5.3783 0.0663
Car -1 -1 -7.2337 166.0306 180.1112 240.6361 209.5437 1.4696 1.6084 3.6615 -20.8538 1.4005 37.7780 -7.7402 0.0558
