Pedestrian -1 -1 -7.5901 15.5800 178.9181 45.3546 231.5054 1.6437 0.6533 0.4094 -18.4699 1.8389 22.9438 -8.2623 0.0998
Pedestrian -1 -1 -4.6284 938.0344 172.3486 966.7112 245.0537 1.8299 0.6141 0.7641 8.7996 1.8169 18.6442 -4.1943 0.0858
Pedestrian -1 -1 -7.4265 858.2307 171.7315 879.7352 227.6670 1.9176 0.5964 0.3895 8.9555 1.8789 25.0837 -7.0880 0.0763
Pedestrian -1 -1 -7.2398 1009.0256 171.0966 1043.2195 237.9219 1.8640 0.6046 0.6071 11.7869 1.8147 20.5300 -6.7255 0.0711
Cyclist -1 -1 -4.5950 326.8532 172.8541 339.5815 203.9868 1.6429 0.4649 1.5149 -14.9408 1.6426 38.8669 -4.9600 0.0710
Pedestrian -1 -1 -4.4950 1134.9329 172.8441 1168.1066 245.1308 1.8185 0.5534 0.6893 13.8995 1.8180 18.5872 -3.8611 0.0608
Pedestrian -1 -1 -8.7178 1032.2612 164.6792 1075.6462 240.2120 2.0045 0.6457 0.7691 12.0112 1.7873 19.6156 -8.1757 0.0578
Pedestrian -1 -1 -3.8988 904.3853 157.4649 920.5676 207.0453 1.8652 0.5203 0.2874 11.4552 1.2860 27.4391 -3.5075 0.0563
Car -1 -1 -4.5725 0.0000 171.9395 21.6414 196.8545 1.6046 1.6782 4.1384 -41.1238 1.5454 48.6688 -5.2715 0.0553
Pedestrian -1 -1 -7.6496 249.9130 161.5211 279.1504 221.6531 1.8114 0.6676 0.7680 -10.6626 1.4697 22.1874 -8.0932 0.0552
Car -1 -1 -2.5039 0.0000 176.3736 142.6795 290.7862 1.5308 1.6107 4.2587 -9.6739 1.5875 10.6980 -3.2267 0.0528
Car -1 -1 -5.0744 0.0000 178.0914 55.9315 207.7280 1.5317 1.6028 3.8938 -32.2779 1.8307 39.5559 -5.7556 0.0526
Pedestrian -1 -1 -3.2993 1217.9730 192.7228 1241.0000 313.7330 1.5044 0.4941 0.5064 8.2625 1.7731 9.4253 -2.5958 0.0511
Pedestrian -1 -1 -6.1735 329.9359 169.5743 345.9820 208.5871 1.7896 0.6571 0.6285 -12.6655 1.6388 33.4940 -6.5327 0.1684
Cyclist -1 -1 -7.7209 254.2002 168.9381 291.8171 247.8038 1.7289 0.5606 1.7194 -7.8381 1.6427 16.7215 -8.1535 0.1038
Pedestrian -1 -1 -7.8593 311.2130 180.8809 335.7176 227.2869 1.4282 0.7103 0.7254 -9.1164 1.6871 22.8367 -8.2355 0.1036
Pedestrian -1 -1 -8.1865 334.7982 169.2299 357.6825 213.7084 1.7604 0.6325 0.8236 -10.6755 1.6167 29.0770 -8.5358 0.0605
Car -1 -1 -8.0734 470.0591 176.3153 518.3353 209.1828 1.5967 1.6672 3.9086 -6.1278 1.7870 37.6228 -8.2342 0.9461
Car -1 -1 -2.7857 0.0000 149.6828 267.7922 262.4136 1.9568 1.7582 4.2142 -9.1064 1.5543 13.8378 -3.3591 0.8143
Car -1 -1 -5.4862 0.0000 192.4739 134.2989 343.0576 1.3787 1.5770 4.1992 -7.7159 1.6098 7.6685 -6.2573 0.6708
Car -1 -1 -2.8631 151.9242 172.9487 319.2088 234.9937 1.5968 1.6078 3.7580 -10.1508 1.5992 19.7204 -3.3333 0.6499
Car -1 -1 -2.8727 88.0909 177.5304 297.4855 247.9728 1.4725 1.5657 3.8557 -9.3973 1.5869 16.4689 -3.3846 0.5209
Car -1 -1 -6.2289 205.2212 172.7373 341.6167 226.2147 1.5867 1.5823 3.7945 -10.5842 1.5829 22.8402 -6.6587 0.4419
Car -1 -1 -7.7905 285.8795 171.4878 330.4126 209.8292 1.6304 1.6256 3.5945 -13.6388 1.5720 32.6454 -8.1837 0.3759
Car -1 -1 -7.7552 333.6068 169.7278 384.1831 215.9387 1.8537 1.6586 4.0425 -10.7915 1.7280 31.1022 -8.0869 0.2871
Car -1 -1 -4.6403 2.7407 173.7315 38.6060 198.4291 1.6405 1.6312 4.1473 -41.0183 1.7039 50.2479 -5.3225 0.1527
Car -1 -1 -7.9563 325.5043 173.1807 368.1260 208.1493 1.6152 1.5957 3.6600 -12.9767 1.6318 35.3600 -8.3060 0.1524
Car -1 -1 -2.7960 257.9684 170.9660 345.6172 201.7283 1.6185 1.6888 4.0130 -16.6036 1.5188 38.9161 -3.1971 0.0853
