Car -1 -1 -4.2561 260.5270 175.0902 316.0771 205.7962 1.8111 1.6093 3.8598 -19.9378 1.9558 44.8043 -4.6729 0.1690
Pedestrian -1 -1 -5.5606 884.2615 166.9542 902.8658 202.1308 1.9267 0.6574 0.6995 15.6729 1.6032 39.9814 -5.1899 0.1165
Pedestrian -1 -1 -4.3361 1195.7426 147.7403 1241.0000 248.7002 1.8765 0.6083 0.7227 11.7292 1.4094 13.8516 -3.6444 0.1110
Cyclist -1 -1 -8.3506 894.8741 168.5098 941.4533 228.0480 1.7153 0.5392 1.6793 9.1719 1.5899 21.6507 -7.9554 0.0962
Pedestrian -1 -1 -5.4344 928.0361 160.3013 969.5414 232.2252 1.8446 0.6511 0.7521 8.8435 1.5224 18.9587 -5.0044 0.0742
Pedestrian -1 -1 -5.4994 1081.2134 176.8145 1125.7434 248.6922 1.4964 0.4629 0.6455 10.4878 1.5828 15.4240 -4.9117 0.0732
Car -1 -1 -7.7478 129.2641 174.0435 159.5055 195.1049 1.7334 1.7624 3.9440 -39.8498 1.8385 61.7853 -8.3188 0.0680
Pedestrian -1 -1 -5.0551 1076.8011 162.4353 1117.8323 243.4288 1.7585 0.5449 0.7090 10.7926 1.5320 16.0747 -4.4728 0.0637
Pedestrian -1 -1 -3.6542 321.4796 176.3439 337.0278 202.5688 1.8022 0.4692 0.8932 -19.5656 2.0471 50.2094 -4.0243 0.0610
Pedestrian -1 -1 -9.0200 1016.5910 167.4047 1058.5758 248.3284 1.6881 0.5239 0.6203 9.1046 1.5742 15.4573 -8.4966 0.0610
Car -1 -1 -4.7805 592.4529 177.0454 612.6443 194.5714 1.6205 1.6656 4.2371 -0.7703 2.0391 69.9357 -4.7919 0.0556
Car -1 -1 -7.8741 308.1415 177.2329 334.2088 201.2800 1.6469 1.6767 3.9259 -21.0028 1.9771 52.3267 -8.2544 0.0506
Cyclist -1 -1 -7.0748 163.0770 176.9307 203.9703 216.1048 1.7828 0.5757 1.7729 -20.0925 1.9797 33.9613 -7.6058 0.4925
Cyclist -1 -1 -4.3314 0.0000 180.8227 26.3152 231.2397 1.6302 0.4920 1.4583 -20.3732 1.9073 24.3435 -5.0230 0.3082
Cyclist -1 -1 -7.6315 0.0000 178.9067 9.0738 233.6469 1.7171 0.4937 1.7361 -20.3483 1.9231 23.7119 -8.3353 0.0890
Cyclist -1 -1 -8.1734 437.5770 178.1315 447.3590 195.1856 1.5840 0.4079 1.6387 -15.8875 2.0893 68.3201 -8.4013 0.0754
Pedestrian -1 -1 -6.1378 375.1464 177.6063 383.1313 198.5044 1.7195 0.5794 0.5528 -19.1731 2.1156 59.8495 -6.4469 0.0637
Cyclist -1 -1 -5.2049 0.0000 177.5089 14.9158 232.2951 1.7866 0.5752 1.6030 -20.8251 1.9460 24.1849 -5.9104 0.0501
Car -1 -1 -4.1148 45.0961 187.0182 166.3268 237.0402 1.4165 1.4975 3.4351 -16.0673 1.9040 23.1272 -4.7167 0.8874
Car -1 -1 -4.5172 368.3215 177.7393 398.2982 195.8969 1.5485 1.7691 4.3215 -20.3922 2.0034 64.9837 -4.8204 0.5172
Car -1 -1 -4.3609 435.8819 178.5124 465.6952 194.8391 1.4893 1.5787 3.8033 -15.2500 2.0472 69.1883 -4.5774 0.1306
Car -1 -1 -4.7626 867.6519 175.5627 895.3285 199.8801 1.5484 1.5348 3.7844 18.1519 1.7376 48.4324 -4.4064 0.1305
Car -1 -1 -4.1693 96.0482 181.5635 183.7139 217.2005 1.5342 1.6841 3.8860 -22.0689 1.9679 33.9912 -4.7418 0.1053
Car -1 -1 -7.7914 0.0000 183.5958 14.0947 232.9972 1.5148 1.6507 3.9788 -21.9575 1.9193 25.1128 -8.5047 0.0900
Car -1 -1 -4.6096 362.4104 177.9900 392.7244 202.3373 1.6604 1.6829 4.0216 -16.8171 2.0473 52.2509 -4.9198 0.0855
Car -1 -1 -5.0669 846.6365 172.8669 891.2453 196.9669 1.6853 1.6674 4.2700 18.7833 1.6860 52.6061 -4.7261 0.0829
Car -1 -1 -4.5176 394.2886 177.5259 421.1521 195.1548 1.5309 1.6416 3.8398 -18.3999 1.9687 65.6856 -4.7900 0.0807
Car -1 -1 -4.3127 53.4407 184.3580 148.3432 224.7781 1.4313 1.5981 4.1840 -20.3760 1.9290 29.0213 -4.9207 0.0739
Car -1 -1 -4.0621 0.0000 186.5127 81.8710 227.3962 1.4568 1.5522 3.4520 -23.0033 2.0312 28.6176 -4.7347 0.0726
Car -1 -1 -7.3125 372.3082 178.6611 415.3652 198.6009 1.5834 1.6878 3.9159 -18.1384 2.0880 60.6287 -7.6023 0.0548
Car -1 -1 -7.5169 320.5244 179.1337 363.2644 201.3676 1.5427 1.6799 4.1487 -19.7843 2.0247 53.3311 -7.8708 0.0530
