Pedestrian -1 -1 -7.7269 658.1430 174.8658 674.8629 219.3495 1.8981 0.6466 0.6407 2.4031 1.9858 31.2006 -7.6514 0.0845
Car -1 -1 -4.7449 798.0059 174.8193 825.8965 202.9878 1.7506 1.6203 3.6229 13.1018 1.8838 47.0647 -4.4755 0.0554
Car -1 -1 -8.5994 933.1656 172.6211 983.4773 192.7717 1.5938 1.6188 3.7054 28.4410 1.5751 59.0794 -8.1530 0.0551
Cyclist -1 -1 -4.6200 165.1144 129.2822 186.8977 177.8449 1.6793 0.5144 1.6306 -15.5502 0.1723 25.7971 -5.1579 0.0513
Pedestrian -1 -1 -8.0340 666.5338 173.2911 682.5989 215.3026 2.0000 0.6579 0.6755 3.0629 2.0210 34.7246 -7.9474 0.0507
Pedestrian -1 -1 -4.3061 1070.5258 175.0580 1100.4711 236.9054 1.6777 0.5393 0.5025 13.1039 1.7395 19.9628 -3.7325 0.0502
Cyclist -1 -1 -4.7858 959.6222 172.2227 977.0951 212.8730 1.7633 0.5536 1.8640 15.9712 1.7356 32.2662 -4.3303 0.7720
Cyclist -1 -1 -4.6611 942.2198 171.6859 954.9130 204.9582 1.8090 0.5504 1.9274 18.8371 1.7452 40.2113 -4.2262 0.3338
Pedestrian -1 -1 -5.5266 0.0000 163.0616 80.7013 334.2278 1.8294 0.6859 0.7728 -6.6297 1.7244 8.0864 -6.1975 0.2696
Cyclist -1 -1 -7.3402 997.3936 170.5105 1033.3267 211.1274 1.8024 0.6327 1.7859 18.3646 1.6981 32.7552 -6.8335 0.1990
Pedestrian -1 -1 -4.5914 538.7255 196.4339 563.8173 246.9537 1.3978 0.6327 0.7628 -1.7299 2.0876 20.7240 -4.6746 0.1845
Pedestrian -1 -1 -7.5273 419.2270 171.2169 453.9334 249.6629 1.9094 0.6215 0.7873 -4.3645 1.8692 17.9827 -7.7628 0.1771
Cyclist -1 -1 -7.6203 0.0000 156.0968 81.9266 374.0000 1.6819 0.4735 1.5839 -2.4179 1.6400 2.6044 -8.3195 0.1354
Pedestrian -1 -1 -3.8533 507.5439 147.6721 520.5911 182.2093 1.7677 0.5725 0.3882 -4.9945 0.4785 37.2659 -3.9858 0.1294
Cyclist -1 -1 -7.1669 0.0000 130.1080 62.4878 374.0000 1.7366 0.5247 1.7624 -2.7131 1.6492 2.3756 -7.9642 0.1204
Pedestrian -1 -1 -2.5457 37.4803 161.1595 141.0438 317.3728 1.8281 0.6109 0.8169 -6.3539 1.6909 8.7563 -3.1593 0.1099
Pedestrian -1 -1 -3.5268 400.1131 177.3017 438.5422 253.3228 1.7485 0.5893 0.7111 -4.5704 1.8564 17.0972 -3.7849 0.1037
Pedestrian -1 -1 -6.0178 374.4828 172.3645 416.7416 252.0955 1.8236 0.5803 0.8197 -5.0354 1.8121 16.8017 -6.3053 0.0993
Pedestrian -1 -1 -5.9162 392.5947 184.5956 440.5915 265.4150 1.6454 0.5340 0.8335 -4.0901 1.8956 15.0888 -6.1774 0.0958
Cyclist -1 -1 -7.6738 718.2994 180.0707 730.3663 209.8947 1.6618 0.4000 1.6504 6.5386 2.0846 41.4587 -7.5190 0.0891
Pedestrian -1 -1 -4.9578 988.9725 165.5979 1006.1813 200.1473 1.8871 0.6419 0.8744 21.3955 1.4905 39.9128 -4.4691 0.0887
Cyclist -1 -1 -7.7031 0.0000 131.5563 147.8596 374.0000 1.7318 0.5217 1.6781 -2.1094 1.6328 2.5868 -8.3394 0.0884
Pedestrian -1 -1 -3.3094 940.7343 169.7421 959.9158 204.5650 1.9116 0.6463 0.8643 18.8397 1.7405 40.0348 -2.8728 0.0814
Pedestrian -1 -1 -2.0452 109.5604 167.2345 176.4318 295.9384 1.8159 0.5243 0.7933 -6.9197 1.7363 10.6070 -2.6121 0.0800
Pedestrian -1 -1 -2.9522 291.3095 132.8170 311.5146 177.1743 1.8002 0.5823 0.6648 -12.7143 0.1750 29.6370 -3.3543 0.0786
Pedestrian -1 -1 -3.1536 304.2562 169.7503 344.9051 272.5160 1.8387 0.5266 0.6832 -5.3073 1.7828 13.2822 -3.5275 0.0779
Pedestrian -1 -1 -6.3153 82.6219 167.7602 149.2102 315.3630 1.7589 0.6369 0.6700 -6.2553 1.6979 9.0522 -6.9067 0.0753
Cyclist -1 -1 -7.7925 553.5734 149.7872 564.7467 181.7433 1.6552 0.4857 1.7591 -2.7274 0.4601 38.2544 -7.8634 0.0745
Pedestrian -1 -1 -2.9724 381.6226 177.0457 425.8691 265.1507 1.7628 0.6061 0.7823 -4.2769 1.8506 14.8128 -3.2495 0.0734
Cyclist -1 -1 -7.8350 1007.3148 171.9599 1018.5689 210.6846 1.7344 0.4284 1.7326 18.4894 1.6941 33.1745 -7.3308 0.0719
Pedestrian -1 -1 -5.6666 245.6696 173.9864 304.8851 289.1522 1.7486 0.5430 0.6451 -5.2836 1.7666 11.2887 -6.0960 0.0718
Cyclist -1 -1 -7.4338 284.1970 179.2438 332.4547 249.4724 1.6626 0.4960 1.6097 -7.5673 1.8292 18.0407 -7.8262 0.0702
Pedestrian -1 -1 -5.8953 303.9620 170.2935 360.3604 269.4791 1.8619 0.5605 0.8608 -5.3704 1.8135 13.8346 -6.2597 0.0674
Pedestrian -1 -1 -1.8968 0.0000 190.5746 74.9270 374.0000 1.5263 0.4868 0.4752 -2.6390 1.6067 2.9512 -2.5831 0.0649
Pedestrian -1 -1 -2.6597 209.8544 174.5652 270.2775 294.5011 1.7305 0.5576 0.6072 -5.5309 1.7562 10.7017 -3.1272 0.0648
Pedestrian -1 -1 -7.2791 526.0834 182.0366 551.4692 236.7876 1.7698 0.6395 0.5489 -2.3997 2.0780 23.8451 -7.3791 0.0643
Pedestrian -1 -1 -7.8986 1028.9606 169.1745 1049.2523 217.1094 1.7881 0.6232 0.7705 16.2437 1.6505 27.4015 -7.3687 0.0631
Pedestrian -1 -1 -5.8180 285.7680 171.7489 338.9919 282.1772 1.7778 0.5449 0.6349 -4.9594 1.7597 11.9124 -6.2053 0.0618
Pedestrian -1 -1 -8.3947 490.4364 153.7079 500.2489 179.0024 1.7022 0.5631 0.3372 -7.7969 0.4134 48.8648 -8.5522 0.0605
Pedestrian -1 -1 -5.7834 299.2449 135.0208 318.9849 177.7962 1.7781 0.5386 0.5773 -12.6719 0.2051 30.2909 -6.1765 0.0604
Pedestrian -1 -1 -3.4848 0.0000 206.7572 125.8728 374.0000 1.4551 0.4728 0.4532 -2.4085 1.6090 2.9615 -4.1255 0.0594
Cyclist -1 -1 -7.2710 0.0000 127.7034 127.8492 374.0000 1.8080 0.6103 1.6223 -3.0102 1.6559 3.2675 -7.9759 0.0583
Pedestrian -1 -1 -2.8928 99.0208 165.5012 178.6385 305.2470 1.8585 0.5245 0.8149 -6.5478 1.7604 9.9732 -3.4619 0.0577
Pedestrian -1 -1 -5.4146 23.5639 158.2681 106.7964 301.6767 1.9030 0.6743 0.6258 -7.5730 1.7092 9.9747 -6.0514 0.0572
Pedestrian -1 -1 -5.3664 489.5188 152.9088 498.9223 178.6796 1.7235 0.5309 0.3347 -7.8243 0.3893 48.5616 -5.5254 0.0563
Cyclist -1 -1 -7.5675 305.9785 131.8914 328.5431 173.0870 1.6919 0.4183 1.6996 -12.4042 0.0093 30.4996 -7.9507 0.0561
Cyclist -1 -1 -4.4396 283.9514 130.4598 308.3903 172.5119 1.6863 0.4956 1.6548 -12.9915 -0.0148 29.8014 -4.8475 0.0551
Cyclist -1 -1 -7.6770 496.5072 146.9667 506.6512 172.4130 1.7349 0.3997 1.7247 -7.5523 -0.0314 50.0900 -7.8259 0.0550
Cyclist -1 -1 -7.6322 539.5098 150.3011 554.8094 182.1713 1.6519 0.4571 1.6531 -3.3616 0.4826 38.2486 -7.7195 0.0535
Pedestrian -1 -1 -4.8010 1021.6615 166.2906 1041.8871 212.5687 1.8908 0.6575 0.7392 17.4592 1.6224 29.9542 -4.2780 0.0521
Pedestrian -1 -1 -5.9735 485.4345 152.6121 497.3684 178.4804 1.7080 0.5553 0.6444 -7.9145 0.3712 47.9622 -6.1363 0.0520
Pedestrian -1 -1 -4.1661 384.8015 169.1460 430.9436 260.9408 1.8962 0.6428 0.7633 -4.3466 1.8193 15.3596 -4.4382 0.0519
Pedestrian -1 -1 -6.1267 231.7804 172.8341 284.5616 292.4171 1.7628 0.5667 0.6405 -5.4058 1.7622 10.9998 -6.5745 0.0512
Pedestrian -1 -1 -2.6487 149.0288 174.2993 222.4269 304.0489 1.7399 0.5477 0.6968 -5.9020 1.7602 9.9664 -3.1722 0.0510
Cyclist -1 -1 -4.4546 295.8411 129.3129 320.0810 171.4470 1.7059 0.4960 1.7774 -12.6657 -0.0610 30.1891 -4.8487 0.0509
Pedestrian -1 -1 -4.3146 432.1101 167.4944 469.1246 246.7636 1.9257 0.6453 0.7894 -4.0132 1.7952 17.9748 -4.5319 0.0509
Cyclist -1 -1 -4.2746 0.0000 117.0046 269.1423 374.0000 1.8322 0.5292 1.5338 -2.1110 1.6473 3.1762 -4.8250 0.0503
Pedestrian -1 -1 -2.6142 192.3124 170.0480 252.7521 285.5011 1.8190 0.5242 0.6887 -6.2975 1.7745 11.6440 -3.1010 0.0501
Car -1 -1 -4.1316 457.0350 189.2740 728.7242 345.1358 1.4796 1.5801 3.9553 -0.0471 1.7403 9.3793 -4.1383 0.9420
Car -1 -1 -4.5435 717.8176 187.6646 775.5308 230.6008 1.4109 1.5026 4.0285 5.1990 2.0160 27.3427 -4.3583 0.9369
Car -1 -1 -4.4435 646.2161 190.4060 743.3605 250.6961 1.3920 1.6506 4.1940 2.4367 1.9385 20.2250 -4.3263 0.8960
Car -1 -1 -4.3736 549.9263 188.8210 687.6783 278.8715 1.4813 1.5476 4.0736 0.2841 1.8572 14.8208 -4.3560 0.7041
Car -1 -1 -4.7278 778.0908 183.6787 806.9131 211.6326 1.4462 1.5017 3.2886 10.1640 2.0796 40.4723 -4.4840 0.4896
Car -1 -1 -4.4625 820.7509 180.5809 851.6323 199.8727 1.5464 1.5599 4.1132 19.3547 2.2302 61.7267 -4.1604 0.3872
Car -1 -1 -3.8299 0.0000 0.0000 1241.0000 374.0000 1.4538 1.6044 3.7602 -2.7537 1.7183 1.4036 -4.8519 0.2294
Car -1 -1 -4.1270 458.6933 149.0986 511.5124 173.9382 1.6097 1.6820 3.8386 -8.4371 0.0700 48.8543 -4.2972 0.2197
Car -1 -1 -5.1320 883.4225 177.2111 926.4210 199.9122 1.6770 1.6734 3.7982 22.7936 2.0263 55.9701 -4.7475 0.0996
Car -1 -1 -7.7235 293.1074 128.9356 347.1269 167.0211 1.5168 1.6550 4.1859 -12.6756 -0.2742 31.6517 -8.1015 0.0901
Car -1 -1 -4.7651 980.1382 169.7097 1012.9277 197.1764 1.5891 1.5435 3.6407 23.3410 1.4069 43.7204 -4.2778 0.0850
Car -1 -1 -4.5909 889.0811 179.4656 927.0104 208.7123 1.4786 1.4809 3.7702 16.2672 1.8576 39.3917 -4.2024 0.0788
Car -1 -1 -4.7325 888.8842 178.7472 908.8091 195.7016 1.4083 1.5381 3.4633 25.2264 1.9391 63.1397 -4.3544 0.0737
Car -1 -1 -4.9235 851.1907 179.3234 886.2885 200.0763 1.5161 1.7027 4.2929 20.1235 2.0411 56.3470 -4.5826 0.0715
Car -1 -1 -4.6169 886.5895 180.4374 932.6431 216.6332 1.4825 1.5728 3.8074 13.4801 1.8450 32.4635 -4.2270 0.0707
Car -1 -1 -7.8735 345.5034 132.1584 384.8461 168.4056 1.5516 1.6363 3.8570 -11.4382 -0.2197 33.4916 -8.2002 0.0694
Car -1 -1 -4.6491 531.3079 150.3644 565.1935 179.1231 1.4558 1.5747 3.4768 -3.2736 0.3170 38.2797 -4.7339 0.0618
Car -1 -1 -7.6853 382.0649 135.3159 433.1784 170.0329 1.5109 1.6418 4.0599 -9.4602 -0.1409 33.8460 -7.9558 0.0548
Car -1 -1 -4.1405 483.0260 145.7532 538.8708 170.8587 1.5820 1.7059 4.1573 -6.5725 -0.1394 48.0673 -4.2757 0.0545
