Pedestrian -1 -1 -7.5852 217.2311 178.4723 239.4358 232.8100 1.8613 0.5543 0.5578 -13.3273 2.0592 25.1163 -8.0690 0.1354
Pedestrian -1 -1 -6.2566 852.2242 163.1928 864.3619 193.7496 1.8202 0.5944 0.6764 14.8922 1.2444 43.3762 -5.9283 0.0952
Cyclist -1 -1 -7.8765 415.8304 175.3734 424.3222 203.0733 1.7062 0.4792 1.6968 -12.0113 1.8678 45.4845 -8.1336 0.0796
Car -1 -1 -3.9305 877.9720 179.6826 1079.8555 250.2790 1.4087 1.5824 4.1217 8.1586 1.5740 16.0829 -3.4691 0.0751
Car -1 -1 -7.8012 729.7645 162.9966 753.0994 190.2073 2.3291 1.8009 4.8308 11.7275 1.4850 64.3174 -7.6219 0.0711
Pedestrian -1 -1 -3.7753 1218.5693 154.1396 1241.0000 227.8750 1.8409 0.5513 0.5025 15.8680 1.3734 18.3072 -3.0694 0.0613
Pedestrian -1 -1 -8.0914 998.4025 162.6683 1022.0311 212.6118 1.8467 0.6705 0.5075 14.9317 1.4698 27.0121 -7.5914 0.0589
Pedestrian -1 -1 -4.8833 1115.0436 159.9985 1142.4309 218.1537 1.8347 0.6348 0.4919 16.5684 1.4288 23.1221 -4.2680 0.0547
Pedestrian -1 -1 -5.5099 1161.6581 217.0253 1241.0000 359.8669 1.2679 0.4367 0.5325 5.6328 1.7067 6.8788 -4.8455 0.0519
Pedestrian -1 -1 -7.9351 439.6292 175.6732 450.9626 203.8909 1.7783 0.6584 0.5784 -10.5179 1.9589 45.9215 -8.1594 0.0516
Pedestrian -1 -1 -7.7151 956.4053 160.6333 970.9097 203.0239 1.8496 0.5428 0.2621 15.5152 1.3161 31.7426 -7.2644 0.0512
Car -1 -1 -2.5850 622.8167 175.3518 684.8714 199.4907 1.5219 1.6546 3.7836 2.8428 1.6926 47.6237 -2.5262 0.0501
Pedestrian -1 -1 -6.1120 475.5305 174.9972 490.7216 200.7710 1.8043 0.5021 0.9826 -8.9619 1.9556 50.8047 -6.2861 0.5147
Cyclist -1 -1 -7.7675 454.8121 180.6586 468.1941 217.1579 1.5475 0.4450 1.5506 -6.5651 1.8990 31.7274 -7.9704 0.2979
Pedestrian -1 -1 -3.8226 649.4066 177.3358 669.1005 212.0051 1.5035 0.5455 0.6730 2.1287 1.7035 31.8167 -3.7571 0.2152
Pedestrian -1 -1 -4.6946 1029.7748 158.3994 1057.1665 229.6127 1.8919 0.6290 0.8644 11.7872 1.5076 19.7020 -4.1625 0.1831
Pedestrian -1 -1 -4.3446 78.5029 194.0127 114.6640 260.6561 1.5013 0.4915 0.6331 -12.0350 2.0059 16.8536 -4.9575 0.1341
Cyclist -1 -1 -7.8886 452.2160 177.7823 462.8306 216.2312 1.6496 0.4030 1.6415 -6.8141 1.8737 32.0176 -8.0971 0.0732
Cyclist -1 -1 -3.3136 640.0269 174.4970 679.5004 212.7969 1.6565 0.6618 1.6374 2.1340 1.7292 31.6584 -3.2476 0.0716
Pedestrian -1 -1 -7.4718 919.2181 168.0626 935.5303 202.5943 1.7530 0.5810 0.6145 16.2581 1.5095 37.0517 -7.0616 0.0710
Pedestrian -1 -1 -4.3748 0.0000 188.8938 34.3410 271.5146 1.5685 0.4683 0.4656 -11.6918 1.8885 14.1120 -5.0575 0.0679
Pedestrian -1 -1 -7.8901 1015.8193 161.9064 1044.0402 230.7773 1.8520 0.6378 0.7697 11.5175 1.5573 19.8921 -7.3722 0.0645
Pedestrian -1 -1 -3.8816 963.6595 158.2604 975.1384 195.6617 1.9031 0.5096 0.2465 18.3850 1.1602 36.9930 -3.4237 0.0634
Cyclist -1 -1 -3.5351 876.6271 166.4709 915.7612 198.6259 1.7059 0.7137 1.8136 15.2846 1.3670 38.6552 -3.1615 0.0593
Pedestrian -1 -1 -3.9734 9.1762 197.8205 48.6108 274.0096 1.4588 0.4790 0.3691 -11.4424 1.9549 14.1468 -4.6445 0.0592
Pedestrian -1 -1 -3.9495 961.0715 159.6804 971.9627 195.8407 1.8412 0.4888 0.2119 18.2437 1.1702 37.0056 -3.4949 0.0591
Cyclist -1 -1 -8.5179 1030.8682 165.6954 1093.5586 233.0317 1.7270 0.4904 1.6680 12.0501 1.5431 19.3625 -7.9686 0.0579
Cyclist -1 -1 -8.2547 921.4433 166.2127 961.2712 225.3460 1.7486 0.4725 1.7073 10.1203 1.5519 22.1947 -7.8324 0.0550
Pedestrian -1 -1 -6.4776 1033.4927 156.6871 1069.8856 229.4149 1.9082 0.6578 0.7140 11.7911 1.4837 19.3618 -5.9378 0.0542
Cyclist -1 -1 -5.0304 850.3768 165.9577 867.5371 193.7350 1.6379 0.4778 1.6490 14.9195 1.2309 43.3722 -4.7015 0.0541
Cyclist -1 -1 -3.6745 643.8788 172.6149 677.1392 211.4637 1.7039 0.5489 1.3964 2.2135 1.6932 32.2060 -3.6071 0.0531
Pedestrian -1 -1 -6.7341 151.2118 184.2225 177.9833 244.5992 1.7073 0.6093 0.4391 -12.9410 2.0416 20.8846 -7.2834 0.0528
Pedestrian -1 -1 -2.9917 96.6313 189.1703 124.4641 256.5901 1.5489 0.4370 0.4784 -11.8293 1.9403 17.0229 -3.5919 0.0505
Car -1 -1 -6.8491 874.2602 164.0835 966.3712 193.9267 1.5840 1.7005 4.4115 16.9182 1.1182 39.4972 -6.4473 0.1763
Car -1 -1 -6.4226 686.8191 172.7859 747.0966 190.0688 1.3877 1.6222 4.6727 8.6496 1.3819 58.7597 -6.2774 0.1186
Car -1 -1 -4.6812 639.8976 175.3191 660.4270 193.9642 1.5075 1.6105 4.1285 3.4003 1.7230 61.0277 -4.6262 0.0953
Car -1 -1 -4.6617 783.1929 160.9492 805.2849 181.9773 1.7894 1.6941 3.9366 16.2237 0.7761 63.5308 -4.4129 0.0811
Car -1 -1 -4.5019 801.4398 161.6149 831.6241 182.3600 1.6888 1.6363 4.1015 17.4460 0.7735 60.9319 -4.2244 0.0643
Car -1 -1 -4.4661 659.8961 168.2492 692.6984 190.4828 1.7968 1.7409 4.3536 5.5879 1.4243 60.6519 -4.3750 0.0579
