Pedestrian -1 -1 -6.0646 233.6431 148.5137 339.9855 312.4988 1.8741 0.5799 1.0570 -3.8344 1.5090 8.4655 -6.4741 0.4640
Pedestrian -1 -1 -4.7924 1183.2993 175.5509 1223.0000 268.2986 1.5238 0.5207 0.5932 10.1382 1.4429 12.0091 -4.1027 0.0914
Cyclist -1 -1 -4.5322 65.0310 169.2976 117.1961 264.5297 1.6412 0.4657 1.6884 -9.4998 1.4485 13.0488 -5.1481 0.0853
Pedestrian -1 -1 -7.5699 214.4958 165.7043 256.1253 253.9701 1.6906 0.5518 0.6908 -7.3204 1.4076 13.9335 -8.0425 0.0797
Pedestrian -1 -1 -8.1853 775.9393 166.3015 806.7178 232.8752 1.6350 0.5683 0.6297 4.6166 1.2866 17.7009 -7.9328 0.0739
Pedestrian -1 -1 -7.9716 293.9527 174.8671 322.4812 240.8479 1.6957 0.6176 0.7082 -7.8641 1.5513 18.6310 -8.3633 0.0735
Pedestrian -1 -1 -5.2237 981.4379 208.6666 1082.0764 369.0000 1.3037 0.4136 0.5733 3.1501 1.5286 5.3484 -4.7151 0.0621
Pedestrian -1 -1 -7.8471 251.9654 166.2348 286.4056 256.9111 1.6982 0.5883 0.7624 -6.5497 1.4314 13.7105 -8.2820 0.0609
Pedestrian -1 -1 -4.5205 0.8797 173.9129 43.2130 260.1022 1.6787 0.5425 0.6148 -11.7172 1.5508 14.1698 -5.1987 0.0608
Pedestrian -1 -1 -3.0275 666.5693 154.5754 704.3342 229.2340 1.8867 0.5486 0.9127 2.0385 1.2319 18.2371 -2.9163 0.0595
Pedestrian -1 -1 -6.3146 1153.7562 166.9638 1185.5059 239.3611 1.8305 0.6977 0.6152 14.5948 1.4886 18.3404 -5.6493 0.0587
Car -1 -1 -4.8539 593.0638 165.9910 639.8802 200.4036 1.4403 1.5402 3.9933 0.4279 0.8333 31.6710 -4.8387 0.0565
Cyclist -1 -1 -4.4124 1142.5587 188.0645 1223.0000 369.0000 1.5054 0.5485 1.6037 5.5486 1.5827 6.5105 -3.7288 0.0541
Car -1 -1 -4.2851 460.1464 163.4234 575.6118 229.1899 1.7074 1.6947 4.3037 -2.4383 1.2644 20.6642 -4.3989 0.0534
Pedestrian -1 -1 -4.6988 860.1776 190.1309 890.7078 273.0584 1.2725 0.4435 0.4962 4.2449 1.4301 11.2328 -4.3450 0.1551
Pedestrian -1 -1 -8.2731 836.9550 168.6662 870.9117 232.8168 1.5839 0.6081 0.6087 6.2140 1.2920 17.7867 -7.9408 0.1404
Pedestrian -1 -1 -4.5965 663.5375 143.4455 676.6572 175.6843 1.7914 0.6550 0.7415 3.6585 -0.2742 39.8478 -4.5036 0.1303
Cyclist -1 -1 -7.9243 508.3217 164.0233 549.0642 265.4098 1.7310 0.6146 1.8437 -1.4790 1.4501 13.0337 -8.0328 0.1301
Cyclist -1 -1 -8.1117 853.6911 176.5676 920.0508 279.5949 1.4840 0.5302 1.6707 4.3116 1.4277 11.0428 -7.7474 0.1281
Cyclist -1 -1 -6.4995 659.0170 143.8410 691.0204 175.5088 1.7733 0.6413 1.7100 3.9578 -0.2862 40.1426 -6.3999 0.1025
Pedestrian -1 -1 -4.4211 750.1748 169.3129 789.7967 255.8501 1.6784 0.5607 0.8472 3.2783 1.4617 14.2197 -4.1977 0.0904
Cyclist -1 -1 -6.3267 661.6735 141.8259 693.6834 176.0871 1.8967 0.6895 1.7564 4.0526 -0.2498 39.6419 -6.2235 0.0891
Pedestrian -1 -1 -6.3088 1024.6509 157.9783 1069.7460 270.1009 1.7890 0.5502 0.6088 7.2375 1.4300 11.6715 -5.7642 0.0835
Pedestrian -1 -1 -4.4520 860.8947 162.1773 909.4565 266.2659 1.6943 0.6048 0.7246 4.7019 1.3964 11.9797 -4.0852 0.0832
Pedestrian -1 -1 -5.7392 642.7502 165.8805 699.0812 259.0131 1.6632 0.6214 0.8415 1.1761 1.4025 13.1260 -5.6502 0.0826
Pedestrian -1 -1 -5.6170 819.6766 183.0749 864.5453 257.8727 1.4260 0.4580 0.7046 4.6191 1.4786 13.9285 -5.3019 0.0772
Pedestrian -1 -1 -7.7942 525.1613 161.4662 558.4705 260.1720 1.7387 0.5549 0.8546 -1.1896 1.4038 12.8893 -7.8822 0.0764
Cyclist -1 -1 -6.2646 575.6223 160.6181 646.8279 233.4433 1.7855 0.6936 1.7483 0.1188 1.2984 17.7055 -6.2563 0.0747
Cyclist -1 -1 -4.7166 670.3591 142.8948 679.4191 174.9307 1.7567 0.4984 1.6486 3.9281 -0.3209 39.9101 -4.6172 0.0714
Pedestrian -1 -1 -8.2577 546.4856 159.9982 580.7418 234.6685 1.8157 0.6204 0.7202 -1.0796 1.3175 17.6532 -8.3159 0.0709
Pedestrian -1 -1 -6.9858 605.2701 162.2789 647.0578 234.5125 1.7758 0.5578 0.9125 0.4958 1.3282 17.8849 -6.9568 0.0696
Pedestrian -1 -1 -6.5075 1128.2743 147.3578 1197.3085 265.4636 1.8651 0.5921 0.7694 9.0764 1.3421 11.5946 -5.8549 0.0694
Pedestrian -1 -1 -8.1564 456.4559 172.8875 495.6466 252.9681 1.6485 0.6078 0.8107 -2.7969 1.4922 15.0549 -8.3346 0.0669
Pedestrian -1 -1 -6.9041 995.1276 168.1531 1048.6105 267.9551 1.6771 0.4892 0.6229 7.1104 1.4700 12.1564 -6.3846 0.0658
Pedestrian -1 -1 -8.3644 944.7633 165.3260 997.3259 268.3063 1.6463 0.5409 0.5951 5.9521 1.4041 11.6133 -7.9002 0.0645
Pedestrian -1 -1 -4.6165 676.8422 166.6361 711.2687 251.5137 1.6904 0.6316 0.8080 1.7940 1.4146 14.5441 -4.4947 0.0643
Pedestrian -1 -1 -3.2415 571.1741 161.9255 617.1174 248.2187 1.7601 0.5049 0.9098 -0.2781 1.3816 14.7251 -3.2581 0.0625
Cyclist -1 -1 -6.8699 821.5504 166.5030 888.2822 234.4239 1.6837 0.5842 1.5377 6.3177 1.3371 18.0027 -6.5362 0.0619
Pedestrian -1 -1 -5.2497 900.4091 183.4950 946.5681 269.7339 1.3316 0.4619 0.5240 4.9994 1.3808 11.2268 -4.8395 0.0590
Cyclist -1 -1 -8.0500 833.1341 165.5820 862.7377 232.2624 1.6600 0.4278 1.5283 6.2606 1.2890 18.3876 -7.7254 0.0582
Cyclist -1 -1 -8.1244 950.5601 175.9234 1032.2655 283.6721 1.5309 0.6149 1.8479 5.9130 1.4663 11.0140 -7.6420 0.0575
Pedestrian -1 -1 -5.0591 883.3055 160.4993 937.5529 267.3601 1.7050 0.6067 0.7163 4.9702 1.3863 11.6536 -4.6640 0.0571
Pedestrian -1 -1 -2.7368 823.3066 157.2869 880.7484 263.5391 1.8158 0.6490 0.7749 4.3472 1.4194 12.5832 -2.4102 0.0563
Pedestrian -1 -1 -7.5949 489.0192 169.2465 531.0935 263.8566 1.6663 0.5807 0.7706 -1.7662 1.4685 12.8720 -7.7262 0.0556
Cyclist -1 -1 -8.4473 948.0704 165.3974 1014.9592 250.2298 1.6167 0.3737 1.5506 7.5156 1.3293 14.2666 -7.9699 0.0552
Pedestrian -1 -1 -7.4340 971.8303 158.6906 1027.7583 270.5468 1.7975 0.6036 0.6585 6.5388 1.4474 11.8017 -6.9378 0.0551
Cyclist -1 -1 -8.4642 931.7972 165.3277 1001.1925 251.6656 1.6468 0.4116 1.5662 7.2239 1.3577 14.2908 -8.0034 0.0538
Pedestrian -1 -1 -4.8511 778.7070 166.1933 821.0090 266.4563 1.6876 0.6051 0.7484 3.3314 1.4472 12.3091 -4.5916 0.0529
Pedestrian -1 -1 -7.7031 957.8221 155.7218 1005.3562 266.3971 1.7744 0.6109 0.6883 6.2354 1.3775 11.7935 -7.2262 0.0514
Car -1 -1 -7.9723 661.2158 145.0761 697.0608 173.7223 1.5588 1.6427 3.7630 4.2683 -0.4136 41.2639 -7.8679 0.1694
Car -1 -1 -7.7086 691.9469 143.5766 730.5311 172.1987 1.5036 1.6325 3.9126 6.1142 -0.4999 40.4761 -7.5577 0.0709
