Pedestrian -1 -1 -7.6323 223.5475 172.8144 244.1897 217.2888 1.7811 0.6063 0.6874 -15.3152 1.7792 29.3056 -8.1104 0.1610
Pedestrian -1 -1 -5.7718 114.6633 156.3504 135.8976 214.5518 1.8747 0.4974 0.3785 -15.8335 1.3428 23.5039 -6.3595 0.1580
Pedestrian -1 -1 -5.5174 229.0470 159.9620 267.9823 233.2275 1.8890 0.5953 0.6993 -9.5609 1.5563 18.9925 -5.9785 0.1337
Cyclist -1 -1 -4.9568 892.5812 172.4191 919.8829 218.4201 1.6365 0.5428 1.6158 10.8208 1.6208 26.5069 -4.5737 0.1252
Pedestrian -1 -1 -4.8191 734.3353 163.5336 760.9132 236.4488 1.8948 0.5953 0.9178 3.6086 1.6523 19.2300 -4.6372 0.1220
Pedestrian -1 -1 -7.9084 891.9946 159.3029 910.9317 208.0904 1.9466 0.6773 0.5526 11.7292 1.4056 29.1583 -7.5299 0.0968
Pedestrian -1 -1 -5.1286 308.9871 174.1889 330.1623 221.9997 1.7041 0.5961 0.4094 -10.5482 1.7527 26.0938 -5.5096 0.0900
Car -1 -1 -7.9960 634.1298 174.0060 674.9471 204.6686 1.6116 1.6467 4.4786 2.3948 1.6794 40.3955 -7.9377 0.0804
Pedestrian -1 -1 -7.7995 1102.6953 157.5976 1135.0170 233.0397 1.8440 0.6375 0.5287 12.6722 1.4708 18.0408 -7.1952 0.0776
Pedestrian -1 -1 -7.5904 153.7429 159.5085 177.6210 208.0749 1.8850 0.6658 0.5997 -17.5190 1.3668 28.3869 -8.1393 0.0685
Cyclist -1 -1 -4.9013 777.9120 173.2966 802.0627 220.2893 1.6928 0.5896 1.5027 6.6195 1.7094 26.7715 -4.6621 0.0684
Pedestrian -1 -1 -7.1442 947.3712 159.9537 981.7260 234.0371 1.8880 0.5926 0.5411 9.1676 1.5589 18.7679 -6.6965 0.0680
Car -1 -1 -7.5938 332.6293 172.7005 393.8726 209.5891 1.5983 1.6674 4.1178 -11.3644 1.5913 33.3712 -7.9199 0.0676
Car -1 -1 -7.9798 434.0686 157.7444 457.2892 178.5495 1.8969 1.6370 4.0378 -15.5241 0.5190 67.9618 -8.2037 0.0660
Pedestrian -1 -1 -7.5623 263.9644 170.1512 292.8784 225.8710 1.8107 0.6625 0.8157 -11.0203 1.7226 23.8971 -7.9905 0.0636
Pedestrian -1 -1 -5.0858 868.0370 161.0993 890.7010 210.1821 1.9461 0.6842 0.5804 10.7425 1.4798 28.9063 -4.7338 0.0627
Car -1 -1 -7.6123 294.3567 179.7076 358.9730 221.0020 1.4895 1.5650 3.5332 -11.1504 1.7774 28.4927 -7.9825 0.0510
Car -1 -1 -8.5249 1182.7142 120.1167 1241.0000 161.0443 1.5447 1.6735 4.0512 26.5370 -0.5329 30.4794 -7.8129 0.0510
Cyclist -1 -1 -3.9103 174.4910 174.7389 211.6759 210.4070 1.7175 0.5837 1.6507 -20.6553 1.8127 35.7091 -4.4317 0.1064
Pedestrian -1 -1 -6.6543 628.1778 174.9120 639.0506 197.1720 1.6838 0.6059 0.6532 1.7717 1.8416 55.0465 -6.6228 0.0961
Cyclist -1 -1 -2.3849 164.6943 170.4295 204.3198 208.7717 1.8262 0.6300 1.6756 -20.5953 1.7104 34.8612 -2.9154 0.0904
Pedestrian -1 -1 -7.5975 520.9636 176.0281 533.2754 204.7952 1.6894 0.6095 0.5345 -4.9447 1.8786 42.7503 -7.7125 0.0904
Pedestrian -1 -1 -8.0122 470.3677 170.2275 482.6949 202.8930 1.8171 0.5971 0.5748 -7.5321 1.6707 40.5088 -8.1953 0.0801
Cyclist -1 -1 -7.7257 378.1295 146.5566 388.4520 172.1776 1.7250 0.4642 1.6764 -15.5761 -0.0475 49.4915 -8.0291 0.0762
Cyclist -1 -1 -2.5305 154.4534 171.5001 197.0337 209.8313 1.8459 0.6740 1.6991 -21.1836 1.7804 35.1435 -3.0698 0.0741
Pedestrian -1 -1 -8.5797 1102.5485 169.4585 1166.4351 277.4297 1.6967 0.6084 0.5714 8.4075 1.6431 11.6570 -7.9675 0.0640
Pedestrian -1 -1 -4.9538 250.8040 160.6053 268.6326 201.6515 1.8615 0.5958 0.6681 -16.1457 1.3057 33.1702 -5.4038 0.0637
Cyclist -1 -1 -8.0558 515.7074 173.6271 530.0204 202.9648 1.7250 0.5230 1.6940 -5.2789 1.7721 43.3574 -8.1766 0.0603
Cyclist -1 -1 -7.5062 0.0000 189.8580 123.5243 374.0000 1.5870 0.4829 1.7533 -5.0255 1.7611 6.4902 -8.1457 0.0585
Pedestrian -1 -1 -8.0141 432.1616 172.3419 454.9786 228.1548 1.7124 0.5931 0.6871 -5.2571 1.6964 22.5677 -8.2409 0.0577
Car -1 -1 -2.7982 262.5761 178.9885 446.2778 240.8775 1.4730 1.6238 4.0501 -6.3858 1.6343 18.1692 -3.1321 0.9236
Car -1 -1 -3.6128 832.5111 161.3970 1163.2631 277.7870 1.8319 1.7316 4.6795 6.3257 1.6513 12.2332 -3.1462 0.9190
Car -1 -1 -2.5690 0.0000 182.9260 298.8376 284.1657 1.4147 1.5177 3.8435 -7.0571 1.5793 11.0244 -3.1278 0.8582
Car -1 -1 -5.6459 0.0000 156.2273 249.3527 326.8079 1.7909 1.6739 4.0613 -6.7337 1.6160 8.4531 -6.3034 0.8360
Car -1 -1 -2.9879 344.2726 168.2022 487.9036 227.0707 1.8072 1.7514 4.2463 -6.1857 1.6641 23.2423 -3.2457 0.6408
Car -1 -1 -5.5133 0.0000 185.7939 90.3452 374.0000 1.5335 1.5873 3.8645 -6.9670 1.6584 6.0717 -6.3454 0.5221
Car -1 -1 -2.9644 449.1264 173.9270 526.2183 203.8118 1.6643 1.6944 4.0967 -6.9632 1.7265 41.1138 -3.1315 0.4679
Car -1 -1 -2.6986 433.8673 174.1359 514.1423 204.0249 1.5552 1.6396 3.9355 -7.3627 1.6264 38.9465 -2.8846 0.4148
Car -1 -1 -4.7150 623.3771 173.7488 644.2144 194.8271 1.5982 1.5848 4.0993 1.8415 1.6711 56.9552 -4.6833 0.2354
Car -1 -1 -4.8800 653.1719 180.3505 711.9380 220.4204 1.4414 1.6281 4.2968 2.7849 1.7651 28.9812 -4.7858 0.2046
Car -1 -1 -8.2325 484.7687 176.6426 533.1840 203.2578 1.5243 1.5842 3.9158 -6.2414 1.7661 44.0124 -8.3729 0.1540
Car -1 -1 -2.3972 191.8427 169.1046 280.8692 202.2029 1.5497 1.6180 3.7372 -18.1789 1.3739 35.0601 -2.8726 0.1457
Car -1 -1 -4.5101 359.1334 147.4668 393.4032 171.2939 1.5880 1.5705 3.6198 -16.2543 -0.1130 50.2184 -4.8217 0.0953
Car -1 -1 -7.0568 399.6004 156.9178 447.1945 176.2684 1.5924 1.6781 3.8465 -15.8782 0.2807 61.4553 -7.3087 0.0801
Car -1 -1 -7.7809 402.0779 178.4974 455.0126 223.6106 1.4830 1.5879 3.7048 -6.5557 1.7028 26.1705 -8.0244 0.0781
Car -1 -1 -4.4675 411.6790 175.9866 465.9802 209.1588 1.4850 1.6085 4.0232 -8.1991 1.6442 34.7065 -4.6982 0.0535
Car -1 -1 -5.3186 0.0000 181.5693 10.4092 374.0000 1.5522 1.6704 4.1311 -6.0617 1.6092 3.8993 -6.2860 0.0521
