Pedestrian -1 -1 -4.9100 527.8129 144.3726 631.4363 369.0000 1.7814 0.6264 0.9468 -0.2840 1.5267 5.5282 -4.9566 0.6650
Pedestrian -1 -1 -4.6630 1181.8516 167.6362 1223.0000 268.5880 1.6532 0.5658 0.6565 10.1386 1.4429 12.0120 -3.9735 0.1140
Pedestrian -1 -1 -4.9329 1002.4541 206.3265 1084.5038 369.0000 1.2757 0.3995 0.4987 3.1523 1.4771 5.2044 -4.4128 0.0723
Cyclist -1 -1 -7.4599 1159.1714 163.7525 1218.9275 232.5519 1.7530 0.6852 1.5476 15.3962 1.3266 18.6842 -6.7775 0.0717
Pedestrian -1 -1 -8.1868 775.6058 165.2678 806.6543 233.4870 1.6758 0.5718 0.6390 4.6139 1.3019 17.7100 -7.9345 0.0652
Pedestrian -1 -1 -2.8038 207.3654 184.7207 232.6081 238.6690 1.9318 0.5806 0.6492 -14.0241 2.0875 25.7078 -3.2966 0.0622
Pedestrian -1 -1 -4.9311 1163.0525 226.8075 1223.0000 360.1016 1.1059 0.3533 0.5487 5.3026 1.5476 6.4149 -4.2627 0.0531
Car -1 -1 -3.8638 1171.3502 160.7234 1223.0000 369.0000 1.5053 1.5774 4.0720 7.5882 1.3656 6.0933 -2.9933 0.0526
Pedestrian -1 -1 -4.4494 262.8050 199.1880 300.8857 288.2913 1.2196 0.3787 0.4762 -4.6392 1.4926 10.0529 -4.8680 0.0521
Cyclist -1 -1 -7.7671 117.6933 164.1181 155.0607 262.0392 1.7280 0.4183 1.7729 -8.8780 1.4393 13.3586 -8.3409 0.1938
Pedestrian -1 -1 -4.4603 856.0994 156.9272 904.0084 266.1222 1.7751 0.5955 0.7433 4.6114 1.3922 11.9689 -4.0997 0.1575
Pedestrian -1 -1 -7.6445 663.2957 141.9082 677.3390 174.5035 1.8085 0.6441 0.7612 3.6718 -0.3418 39.8581 -7.5513 0.1488
Pedestrian -1 -1 -8.1316 837.5733 168.8077 870.9470 233.8436 1.6024 0.6042 0.7567 6.2295 1.3146 17.8149 -7.7991 0.1341
Pedestrian -1 -1 -5.1663 683.7635 164.5264 727.1397 252.7811 1.7545 0.5856 0.8055 2.0096 1.4373 14.5306 -5.0301 0.1248
Pedestrian -1 -1 -9.0823 1020.8328 163.2332 1073.8071 272.0216 1.7375 0.5801 0.5874 7.2704 1.4621 11.7036 -8.5369 0.1232
Pedestrian -1 -1 -3.9319 840.7466 162.1793 893.5533 262.1559 1.7181 0.5772 0.6673 4.6021 1.4036 12.5546 -3.5870 0.1156
Pedestrian -1 -1 -7.8065 587.9474 164.2466 615.4062 235.5470 1.7399 0.6519 0.7284 -0.1179 1.3436 17.6318 -7.8113 0.1033
Pedestrian -1 -1 -4.2768 670.3879 171.7369 711.0337 253.3640 1.6390 0.5740 0.7555 1.7375 1.4634 14.6690 -4.1597 0.1004
Cyclist -1 -1 -8.0164 700.6546 166.1897 721.4125 211.9619 1.6988 0.5349 1.5622 4.0121 1.1679 27.0266 -7.8690 0.0893
Cyclist -1 -1 -6.8791 703.5830 161.4665 748.7914 211.4377 1.8427 0.6720 1.5784 4.5480 1.1411 26.7056 -6.7107 0.0889
Pedestrian -1 -1 -7.9614 265.6841 164.3581 299.1387 255.0881 1.7096 0.5266 0.6762 -6.3230 1.4058 13.7478 -8.3819 0.0883
Cyclist -1 -1 -6.4402 658.6357 142.8073 690.5086 174.2421 1.7630 0.6355 1.7235 3.9339 -0.3587 40.1684 -6.3412 0.0878
Cyclist -1 -1 -3.4507 977.9011 155.2736 1122.0825 270.5483 1.8236 0.5669 1.9363 7.2548 1.4249 11.6872 -2.9056 0.0803
Cyclist -1 -1 -6.7741 814.9410 166.6456 885.9265 234.9079 1.6947 0.6250 1.6019 6.1952 1.3511 17.9923 -6.4462 0.0723
Cyclist -1 -1 -7.5577 0.0000 137.0331 180.2739 369.0000 1.7699 0.4008 1.5795 -2.7722 1.5886 3.7694 -8.1512 0.0705
Cyclist -1 -1 -6.2802 660.2089 140.4555 691.9633 174.4268 1.8777 0.6678 1.7570 3.9726 -0.3441 39.6552 -6.1790 0.0703
Cyclist -1 -1 -4.6634 669.1248 141.1548 679.8686 173.6347 1.7770 0.5222 1.6759 3.9167 -0.3959 39.9175 -4.5642 0.0689
Pedestrian -1 -1 -5.5379 591.1834 177.6725 633.8980 251.7260 1.4951 0.5169 0.7320 0.1094 1.4384 14.7139 -5.5289 0.0688
Cyclist -1 -1 -8.4696 684.7026 165.9699 721.1552 210.2527 1.6423 0.5372 1.6291 3.7041 1.1037 27.0689 -8.3334 0.0687
Pedestrian -1 -1 -5.4410 816.1390 174.2928 863.0930 255.2583 1.5607 0.5565 0.7051 4.6133 1.4414 14.0637 -5.1290 0.0669
Pedestrian -1 -1 -7.7175 703.9739 165.7366 720.5391 211.5937 1.7126 0.5663 0.4252 4.0202 1.1615 26.6901 -7.5680 0.0643
Pedestrian -1 -1 -4.6086 602.9096 201.4561 624.8817 262.4190 1.1226 0.3734 0.4586 0.1250 1.5286 13.4399 -4.5978 0.0626
Pedestrian -1 -1 -8.1773 541.0440 162.1106 573.9384 235.4146 1.7826 0.6393 0.6661 -1.2304 1.3358 17.6240 -8.2439 0.0615
Cyclist -1 -1 -7.7198 136.1627 167.6137 180.9826 260.4136 1.6674 0.4887 1.6983 -8.5934 1.4363 13.5796 -8.2716 0.0613
Pedestrian -1 -1 -4.6923 0.0000 202.6900 118.8439 369.0000 1.4861 0.5148 0.4152 -2.7235 1.6037 3.4170 -5.3198 0.0607
Pedestrian -1 -1 -7.3197 1055.0466 150.6581 1117.2494 266.8441 1.8313 0.5612 0.7104 7.8071 1.3613 11.5519 -6.7364 0.0605
Pedestrian -1 -1 -7.0151 701.0587 168.8190 724.1464 215.7480 1.7266 0.6193 0.5903 3.9911 1.2971 26.4350 -6.8654 0.0600
Pedestrian -1 -1 -6.4270 1117.9938 145.6695 1183.6021 266.2822 1.8936 0.5945 0.7624 8.8409 1.3472 11.5439 -5.7851 0.0596
Pedestrian -1 -1 -4.9182 220.7864 163.0164 259.5378 253.3636 1.7456 0.5648 0.6769 -7.3253 1.4082 14.1018 -5.3863 0.0589
Cyclist -1 -1 -6.8579 695.4590 163.3940 736.0847 210.8708 1.7756 0.5500 1.4700 4.2009 1.1361 26.9943 -6.7035 0.0587
Pedestrian -1 -1 -4.0748 197.5147 166.3788 246.6207 255.9277 1.7069 0.5550 0.6696 -7.5374 1.4381 13.8494 -4.5618 0.0570
Pedestrian -1 -1 -4.6340 1086.3069 149.2031 1131.8333 267.3577 1.8531 0.5611 0.7039 8.1801 1.3627 11.5394 -4.0287 0.0568
Pedestrian -1 -1 -7.7864 610.9209 161.3218 637.3207 234.0132 1.7778 0.6109 0.7833 0.4440 1.3091 17.7106 -7.7600 0.0553
Cyclist -1 -1 -8.0514 706.1817 165.9665 726.6481 209.7403 1.6369 0.4633 1.6370 4.2558 1.0937 27.2678 -7.8966 0.0551
Cyclist -1 -1 -2.5257 214.5959 162.0430 320.5727 259.7148 1.8090 0.6322 1.8072 -6.5106 1.4675 13.5677 -2.9622 0.0551
Pedestrian -1 -1 -8.4814 892.1592 159.0136 948.4797 265.7223 1.7396 0.5861 0.6632 5.2536 1.3897 11.9139 -8.0741 0.0546
Pedestrian -1 -1 -4.7825 678.0867 159.1071 705.0910 233.9294 1.8278 0.6097 0.8514 2.1190 1.3055 17.7124 -4.6637 0.0542
Pedestrian -1 -1 -5.8492 641.2420 167.5797 695.6537 260.3179 1.6590 0.6141 0.8248 1.1320 1.4282 13.1197 -5.7634 0.0540
Pedestrian -1 -1 -5.0136 774.0170 163.9698 821.9775 265.1198 1.7023 0.5837 0.8163 3.3008 1.4245 12.3201 -4.7565 0.0532
Pedestrian -1 -1 -5.9159 615.4239 166.0344 655.6837 234.0596 1.6882 0.5139 0.8974 0.7364 1.3295 17.9613 -5.8739 0.0525
Cyclist -1 -1 -7.5814 141.2809 164.4773 197.6276 262.5655 1.7360 0.4525 1.6984 -8.2622 1.4528 13.3926 -8.1218 0.0520
Pedestrian -1 -1 -3.0011 667.2150 158.0946 701.8062 231.1209 1.8449 0.5341 0.8205 2.0121 1.2792 18.2230 -2.8913 0.0517
Cyclist -1 -1 -5.1107 666.6007 163.6936 695.7462 206.5956 1.6635 0.5501 1.6752 3.0058 1.0121 28.2975 -5.0042 0.0515
Pedestrian -1 -1 -5.1455 947.8499 162.6271 998.5861 267.4542 1.6728 0.5294 0.6008 5.9760 1.3879 11.5917 -4.6789 0.0509
Pedestrian -1 -1 -4.9633 122.5956 170.2278 167.4864 263.1536 1.6775 0.5581 0.6721 -8.6337 1.4925 13.1973 -5.5299 0.0507
Cyclist -1 -1 -6.3408 592.5531 162.5375 670.5219 232.1167 1.7333 0.7734 1.9422 0.6150 1.2861 18.0215 -6.3055 0.0503
Pedestrian -1 -1 -2.8526 120.7127 168.2821 172.7903 258.5092 1.7013 0.5594 0.7142 -8.9116 1.4713 13.6985 -3.4170 0.0501
Car -1 -1 -7.7376 663.5992 143.8039 699.3629 171.9759 1.5168 1.6542 3.6910 4.4920 -0.5212 41.2528 -7.6278 0.2058
Car -1 -1 -3.1905 495.7282 164.2036 648.7738 233.3236 1.6949 1.7133 3.7933 -0.9159 1.2956 18.3721 -3.2377 0.1263
Car -1 -1 -7.5247 0.0000 155.5163 246.1165 369.0000 1.6760 1.6297 3.7971 -3.6807 1.5840 4.6731 -8.1578 0.1057
Car -1 -1 -4.3920 0.0000 166.0789 152.6425 290.0261 1.6754 1.7140 4.2801 -9.2321 1.4809 11.8593 -5.0387 0.0829
Car -1 -1 -7.6674 690.8093 142.3663 731.6884 170.7313 1.4802 1.6156 3.8985 6.1126 -0.5880 40.4555 -7.5165 0.0563
