Car -1 -1 -4.1783 256.8659 183.3629 373.1574 235.4867 1.5290 1.6887 4.2239 -9.8142 1.9146 24.2757 -4.5592 0.9579
Car -1 -1 -7.8403 595.8607 177.5274 664.0287 242.7938 1.5806 1.6784 3.6437 0.5082 1.7192 19.5922 -7.8157 0.9388
Pedestrian -1 -1 -6.2012 813.4237 161.7876 830.0246 201.4068 1.9886 0.6163 0.7631 10.7133 1.4328 36.6398 -5.9193 0.4117
Pedestrian -1 -1 -4.4602 383.2822 183.5385 430.8347 281.3901 1.6020 0.6335 0.6459 -3.4792 1.7874 12.2140 -4.7330 0.2742
Cyclist -1 -1 -3.2503 742.8856 159.2417 789.7584 205.7978 1.9018 0.7299 1.8289 6.4254 1.3454 29.9287 -3.0413 0.1516
Pedestrian -1 -1 -3.4604 704.8754 170.6453 719.1042 197.0747 1.8040 0.6419 0.8078 6.9823 1.6530 49.6393 -3.3219 0.1341
Car -1 -1 -7.7318 975.0851 170.7962 1009.5040 194.7458 1.5910 1.6585 3.8792 26.4858 1.4540 49.9983 -7.2474 0.1301
Car -1 -1 -3.7797 127.6132 183.6361 256.8292 223.7985 1.4291 1.6551 4.4167 -16.8546 1.9018 29.2938 -4.2981 0.0861
Pedestrian -1 -1 -5.7673 520.4703 172.8457 532.1906 197.0419 1.8045 0.7272 0.5946 -6.3196 1.8036 54.2628 -5.8830 0.0724
Pedestrian -1 -1 -2.9005 395.9445 169.1250 414.5919 206.9415 1.9066 0.6456 0.7814 -10.4530 1.7183 36.7148 -3.1764 0.0703
Pedestrian -1 -1 -5.4842 376.6187 173.9493 392.9844 205.6709 1.8569 0.6319 0.6767 -13.3639 1.9221 42.7065 -5.7861 0.0622
Car -1 -1 -3.3851 1114.4083 166.9839 1241.0000 280.3722 1.4684 1.5737 3.8929 10.0754 1.3921 10.9499 -2.6549 0.0613
Pedestrian -1 -1 -4.5729 459.8331 171.2981 472.4953 202.6448 1.8879 0.6520 0.7892 -8.7766 1.7939 43.8678 -4.7696 0.0603
Cyclist -1 -1 -7.2843 975.3353 142.3968 1142.7052 327.4697 1.7811 0.5796 1.9373 4.7161 1.4877 7.6380 -6.7491 0.0597
Car -1 -1 -7.3530 1203.2817 140.5826 1241.0000 374.0000 1.5799 1.6215 4.2759 7.0197 1.3883 5.4716 -6.4704 0.0538
Pedestrian -1 -1 -5.9720 393.8452 171.5264 401.9097 202.7396 1.8968 0.4924 0.3384 -12.9978 1.8158 44.0971 -6.2573 0.0515
Car -1 -1 -7.7200 873.9890 167.9258 901.1282 191.6850 2.0549 1.7176 4.3329 24.9010 1.6284 64.7184 -7.3546 0.0513
Cyclist -1 -1 -2.3236 197.1031 164.8754 236.7952 202.4944 1.8182 0.6178 1.8487 -19.3563 1.4323 35.4588 -2.8204 0.0511
Pedestrian -1 -1 -6.6209 883.4814 169.0944 902.1850 202.6077 1.8268 0.6084 0.7988 15.4989 1.6215 39.6466 -6.2512 0.3402
Pedestrian -1 -1 -7.9261 958.5459 174.2966 972.3975 205.5325 1.6123 0.6112 0.4974 18.4910 1.6879 37.6193 -7.4727 0.2043
Pedestrian -1 -1 -6.6083 704.9339 173.5650 716.7913 198.4211 1.7005 0.7640 0.5966 6.9299 1.7498 49.8199 -6.4714 0.1720
Cyclist -1 -1 -7.2175 958.0693 168.2336 990.4792 203.1950 1.8064 0.6392 1.7028 19.1241 1.5674 37.9529 -6.7542 0.1292
Cyclist -1 -1 -7.3804 923.1666 169.4763 949.4016 204.4840 1.7919 0.6229 1.5302 16.9931 1.6188 37.6554 -6.9598 0.1186
Cyclist -1 -1 -7.6220 922.3638 171.7253 940.5365 205.1596 1.7213 0.5059 1.6870 16.8841 1.6629 37.9715 -7.2069 0.1021
Cyclist -1 -1 -7.7196 376.3847 177.5169 390.0332 208.1044 1.7445 0.5278 1.8001 -13.3444 2.0241 42.3680 -8.0233 0.0916
Cyclist -1 -1 -7.8835 959.5059 172.5062 971.4375 206.2225 1.7200 0.5034 1.5973 18.4972 1.7019 37.6392 -7.4302 0.0902
Cyclist -1 -1 -6.9839 942.5659 169.0271 978.8170 205.1206 1.8563 0.6997 1.6385 18.2577 1.6592 37.6522 -6.5359 0.0899
Cyclist -1 -1 -4.0197 885.2969 169.2340 916.3895 205.9925 1.8536 0.5946 1.6068 14.8892 1.6707 37.0293 -3.6406 0.0854
Pedestrian -1 -1 -7.5422 887.0039 171.7716 898.9052 206.6190 1.7613 0.4776 0.3611 14.3755 1.7063 36.7592 -7.1726 0.0790
Pedestrian -1 -1 -5.6531 364.5465 177.0455 382.7804 208.4386 1.7918 0.6501 0.7663 -13.7009 2.0364 41.7243 -5.9689 0.0726
Cyclist -1 -1 -4.1141 233.6988 185.7774 278.1617 237.7366 1.6287 0.5057 1.5967 -11.7301 2.0704 23.8545 -4.5670 0.0692
Cyclist -1 -1 -7.5707 381.1908 177.0272 398.7647 207.0385 1.7280 0.5397 1.6991 -13.0265 1.9792 42.6345 -7.8659 0.0651
Cyclist -1 -1 -7.1464 378.7557 177.9970 405.9034 208.5113 1.7262 0.6127 1.6094 -12.6853 2.0311 41.9667 -7.4386 0.0643
Pedestrian -1 -1 -5.6011 49.7344 178.5301 143.0807 325.4991 1.6991 0.5271 0.7483 -6.2023 1.7692 8.6550 -6.2087 0.0633
Cyclist -1 -1 -7.6677 887.3869 170.9686 902.3660 205.0080 1.7201 0.4495 1.5302 14.6651 1.6246 37.2297 -7.2956 0.0612
Cyclist -1 -1 -7.8351 373.1011 177.7516 382.5102 207.9786 1.7146 0.4908 1.6537 -13.5691 2.0057 42.0697 -8.1456 0.0610
Cyclist -1 -1 -6.7898 959.8477 167.1712 1000.0618 203.6505 1.8730 0.6996 1.7355 19.1425 1.5809 37.4284 -6.3206 0.0532
Cyclist -1 -1 -7.0837 930.7734 169.2235 967.3174 203.3094 1.7618 0.6787 1.8026 17.7854 1.5738 37.9327 -6.6487 0.0518
Car -1 -1 -4.3605 368.9769 184.8135 474.1131 238.4910 1.4500 1.7698 4.4554 -5.8552 1.8663 22.8259 -4.6094 0.9579
Car -1 -1 -4.5039 551.7451 174.1938 588.6300 201.8720 1.7472 1.6389 4.0719 -2.6272 1.8398 47.8907 -4.5589 0.8389
Car -1 -1 -3.9480 0.0000 182.4022 137.9954 374.0000 1.6416 1.5734 3.8075 -6.7396 1.7602 7.0650 -4.6911 0.7566
Car -1 -1 -7.3158 738.1628 176.2852 908.9213 262.4171 1.4873 1.6037 3.7425 4.3102 1.5646 14.4690 -7.0327 0.6860
Car -1 -1 -4.2946 430.6296 179.1861 489.4485 212.1831 1.5677 1.5508 3.7917 -7.6756 1.9104 37.0720 -4.4978 0.6516
Car -1 -1 -7.6623 676.0168 172.9615 701.9109 190.6127 1.5204 1.6384 3.5878 7.0215 1.5299 64.1281 -7.5540 0.5741
Car -1 -1 -7.5789 899.4270 177.0741 1146.5907 351.1437 1.4667 1.5093 3.4377 4.5904 1.5230 7.9148 -7.0702 0.5553
Car -1 -1 -4.0505 0.0000 177.7327 174.2411 288.3441 1.8358 1.6248 3.7658 -10.5238 1.9433 14.0478 -4.6846 0.5078
Car -1 -1 -4.0874 104.0678 189.9932 241.4748 241.1828 1.3959 1.6066 4.2259 -13.9789 2.0009 23.3090 -4.6229 0.3631
Car -1 -1 -7.6615 634.3979 177.1883 670.5863 202.3926 1.5111 1.6035 3.8425 2.7182 1.7997 46.0274 -7.6034 0.3553
Car -1 -1 -7.8620 825.0059 167.8165 849.9771 191.5789 1.6930 1.7048 4.2349 16.8663 1.3338 53.6821 -7.5594 0.2176
Car -1 -1 -8.4258 927.8659 175.0499 1115.5704 250.9306 1.4561 1.5983 4.1183 8.8653 1.5112 16.0823 -7.9303 0.1620
Car -1 -1 -3.9588 377.4869 179.3312 449.4319 206.9692 1.5349 1.6750 4.3206 -11.7959 1.9454 43.4510 -4.2227 0.1522
Car -1 -1 -7.8743 921.9105 175.8980 956.3414 204.8597 1.4522 1.5813 3.4227 17.4595 1.6221 38.4595 -7.4514 0.1493
Car -1 -1 -6.6273 946.8947 177.0091 1112.8372 231.5024 1.4810 1.6099 3.8317 11.9822 1.6074 20.8970 -6.1133 0.1214
Car -1 -1 -2.6425 297.5174 182.0305 384.7792 212.6432 1.4709 1.5694 3.8382 -13.5551 1.9463 36.3528 -2.9974 0.0984
Car -1 -1 -4.0632 0.0000 188.4800 37.3288 268.4504 1.4597 1.5655 3.8733 -14.8997 1.8482 15.9536 -4.8062 0.0846
Car -1 -1 -4.4816 607.3987 176.1098 647.2923 201.0898 1.5544 1.6970 4.3471 1.1688 1.7803 47.8195 -4.4578 0.0833
Car -1 -1 -4.8096 607.0119 176.6881 642.3972 204.6851 1.5525 1.6880 4.1454 0.7857 1.7906 42.7294 -4.7918 0.0621
Car -1 -1 -4.5909 638.9273 172.8263 663.6237 190.9183 1.5714 1.7151 4.2961 3.7256 1.5686 64.9341 -4.5342 0.0582
Car -1 -1 -7.2878 1217.9149 142.6624 1241.0000 374.0000 1.5708 1.6224 4.1639 6.9571 1.3965 5.1734 -6.3836 0.0582
Car -1 -1 -4.5167 78.4932 190.8109 186.1510 255.2850 1.4315 1.6347 3.9708 -12.7093 1.9666 19.3635 -5.0915 0.0518
