Pedestrian -1 -1 -5.0175 220.5485 184.7012 238.1400 226.8152 2.1238 0.7031 0.4261 -19.5643 2.7378 37.0118 -5.5011 0.3860
Car -1 -1 -5.0409 590.2842 170.5765 633.0222 197.8434 1.8728 1.7820 4.2654 0.0371 1.7161 51.8642 -5.0406 0.3768
Pedestrian -1 -1 -6.3069 502.8225 177.2276 510.4664 203.7111 1.8200 0.7780 0.5069 -7.2172 2.1263 50.1513 -6.4496 0.1220
Pedestrian -1 -1 -5.1481 1195.8356 130.4345 1241.0000 243.9093 1.8971 0.6031 0.8700 10.7283 1.1876 12.5609 -4.4529 0.0955
Car -1 -1 -7.6945 0.0000 173.4924 43.5612 233.1039 1.7106 1.7345 3.8910 -19.4041 1.7324 22.8654 -8.3926 0.0785
Pedestrian -1 -1 -4.1774 0.0000 172.3652 42.0148 281.9482 2.0426 0.6211 0.8480 -11.6170 2.0331 13.9150 -4.8637 0.0748
Pedestrian -1 -1 -5.9513 510.3539 178.2769 523.0404 205.1066 1.8464 0.6902 0.6891 -6.5242 2.2267 50.2283 -6.0802 0.0708
Car -1 -1 -4.0941 940.2917 169.7775 1015.1389 199.8732 1.5437 1.6378 3.8739 19.6618 1.3856 38.6382 -3.6268 0.0687
Pedestrian -1 -1 -3.3855 992.4338 152.5677 1018.1107 209.0990 1.8866 0.6993 0.6094 13.3634 1.2093 24.4934 -2.8914 0.0673
Car -1 -1 -4.5549 87.2721 200.0097 149.6932 240.8370 1.5552 1.6745 4.3503 -22.3562 2.8808 32.9044 -5.1482 0.0614
Pedestrian -1 -1 -6.7999 514.8095 174.6450 529.9236 206.3167 1.7824 0.7202 0.5738 -5.0323 1.8853 41.1187 -6.9214 0.0606
Pedestrian -1 -1 -3.7439 1155.8029 128.4613 1182.6616 180.9734 1.8066 0.5425 0.5219 19.4071 0.2790 25.1069 -3.0913 0.0559
Car -1 -1 -4.7066 613.7505 178.2008 632.8632 198.2630 1.6086 1.5615 4.0560 1.1084 2.0754 60.9879 -4.6890 0.0531
Pedestrian -1 -1 -5.7017 497.7879 178.9726 506.2839 203.3290 1.7676 0.4559 0.4365 -7.9315 2.2177 52.8119 -5.8504 0.0506
Car -1 -1 -4.5593 338.0259 192.5392 395.7666 235.4475 1.5043 1.6345 3.8751 -9.8081 2.3571 29.2221 -4.8809 0.0502
Cyclist -1 -1 -4.3714 0.0000 185.3133 89.5991 374.0000 1.6378 0.4325 1.4781 -4.2779 1.7393 5.1284 -5.0417 0.7676
Pedestrian -1 -1 -7.9441 128.0642 185.4561 155.1366 248.3195 2.0733 0.7127 0.7002 -15.9473 2.5095 24.4914 -8.5166 0.4735
Cyclist -1 -1 -6.6221 447.2155 186.8109 479.7370 219.8372 1.7689 0.6169 1.6522 -8.1400 2.5540 39.9159 -6.8226 0.3275
Pedestrian -1 -1 -5.8573 187.8241 191.2958 207.5080 234.8500 1.8323 0.5961 0.5340 -17.7246 2.6312 30.9480 -6.3741 0.2728
Cyclist -1 -1 -2.4791 638.2333 176.7677 687.3292 226.1281 1.7115 0.5739 1.7826 1.8394 1.8564 25.9558 -2.4099 0.2692
Pedestrian -1 -1 -5.3357 19.9596 185.2713 70.4293 269.8141 1.9614 0.6651 0.7078 -13.5727 2.2658 17.2829 -5.9942 0.2243
Cyclist -1 -1 -2.8011 595.1227 174.2242 629.8407 206.8290 1.7825 0.7163 1.7954 0.1013 1.8597 40.1393 -2.7992 0.1625
Pedestrian -1 -1 -6.1448 227.5227 180.7301 247.0950 230.9006 2.0171 0.7248 0.6182 -15.3234 2.3447 29.5926 -6.6193 0.1240
Pedestrian -1 -1 -7.9753 916.2122 162.1944 939.7098 214.1493 1.7804 0.6635 0.7168 11.0352 1.4148 25.1641 -7.5667 0.1078
Pedestrian -1 -1 -6.3327 746.3513 170.4692 762.1282 217.9223 1.7509 0.6954 0.5418 5.3488 1.6626 27.0061 -6.1399 0.1036
Pedestrian -1 -1 -6.1594 209.7475 182.8312 230.1431 233.5736 1.9570 0.5669 0.6392 -15.3686 2.3540 28.3564 -6.6525 0.0988
Pedestrian -1 -1 -7.9091 735.9574 170.8235 756.1569 229.8174 1.7612 0.5606 0.7141 4.0812 1.7003 21.9307 -7.7282 0.0924
Cyclist -1 -1 -7.0640 182.7431 191.8005 227.6275 234.2422 1.7319 0.5718 1.8175 -17.5493 2.5771 31.2469 -7.5724 0.0898
Pedestrian -1 -1 -6.4499 569.5123 179.8893 581.4449 209.9264 1.7121 0.6737 0.5842 -2.0341 2.1222 41.7020 -6.4989 0.0835
Pedestrian -1 -1 -6.1540 633.1310 171.8193 646.9962 201.4545 1.7539 0.5903 0.7580 1.7603 1.6923 43.0570 -6.1139 0.0791
Pedestrian -1 -1 -2.4387 180.9227 194.5447 196.9238 226.8625 1.7720 0.6871 0.4330 -23.6365 2.9989 40.4440 -2.9650 0.0729
Pedestrian -1 -1 -7.4189 113.2888 186.8487 150.4396 263.6682 1.8721 0.5656 0.6190 -12.0082 2.2288 18.0575 -7.9992 0.0700
Cyclist -1 -1 -5.6404 0.0000 191.4339 95.0110 269.9185 1.8097 0.6369 1.7620 -13.3856 2.2588 17.1236 -6.2965 0.0689
Pedestrian -1 -1 -7.2589 925.0209 164.1699 975.9337 269.2419 1.6916 0.6086 0.4678 5.6020 1.5515 11.9982 -6.8322 0.0688
Pedestrian -1 -1 -8.0502 959.1918 162.5715 984.0904 214.5260 1.7154 0.6524 0.5251 12.0568 1.3756 24.1616 -7.5926 0.0682
Cyclist -1 -1 -8.1036 734.1787 171.7791 760.6218 219.3609 1.7264 0.5578 1.7215 5.0913 1.6871 27.0571 -7.9202 0.0674
Cyclist -1 -1 -5.5770 924.8722 167.7408 971.6508 214.7171 1.5856 0.4476 1.5518 11.7250 1.4127 25.1524 -5.1457 0.0645
Pedestrian -1 -1 -5.1544 445.8751 189.0047 462.4511 220.3782 1.6901 0.6608 0.6948 -8.6429 2.5922 39.8381 -5.3672 0.0623
Pedestrian -1 -1 -8.0877 606.8973 172.3981 621.3948 205.0510 1.8078 0.6480 0.7770 0.1916 1.7823 40.3992 -8.0836 0.0620
Cyclist -1 -1 -4.2719 0.0000 133.6369 183.1122 374.0000 1.9319 0.6041 1.7145 -3.7571 1.7032 5.0981 -4.8829 0.0554
Cyclist -1 -1 -4.1554 0.0000 133.0128 37.6425 374.0000 1.8888 0.6916 1.9130 -4.6415 1.6907 4.5893 -4.9177 0.0551
Pedestrian -1 -1 -7.7245 925.1293 162.9829 948.7067 214.2136 1.7556 0.6788 0.6145 11.3567 1.4171 25.1656 -7.3054 0.0548
Pedestrian -1 -1 -4.4272 744.7385 170.3401 767.9291 220.9499 1.7119 0.6072 0.7224 4.9991 1.6266 24.8670 -4.2318 0.0547
Cyclist -1 -1 -4.2565 219.7074 195.0599 246.0426 227.3253 1.5753 0.5407 1.6246 -19.4537 2.7442 37.1731 -4.7360 0.0538
Pedestrian -1 -1 -4.8187 96.9156 185.6357 128.5721 260.9438 1.9822 0.6324 0.7999 -13.6107 2.3394 19.6738 -5.4179 0.0533
Pedestrian -1 -1 -6.1279 658.6321 165.1607 669.1484 193.4689 1.7401 0.6161 0.5625 3.3066 1.2669 44.7159 -6.0549 0.0521
Pedestrian -1 -1 -2.9323 878.3997 184.8215 907.1227 262.7757 1.3802 0.4595 0.4060 5.1090 1.6033 13.1707 -2.5707 0.0513
Pedestrian -1 -1 -6.3914 911.6703 170.0911 948.0186 266.6592 1.5925 0.5785 0.4968 5.3657 1.5466 12.2476 -5.9881 0.0509
Pedestrian -1 -1 -5.3560 216.2614 179.8188 234.9424 229.8448 2.1563 0.5847 0.4224 -16.8512 2.4640 31.5544 -5.8434 0.0502
Car -1 -1 -6.9332 786.2030 180.0987 982.3256 256.8784 1.4203 1.5325 3.5874 5.5619 1.5817 14.8450 -6.5820 0.9531
Car -1 -1 -8.0399 497.1003 191.0901 576.9662 245.5483 1.3643 1.6615 3.9126 -2.3241 1.9634 21.6034 -8.1466 0.9425
Car -1 -1 -7.1330 897.3573 173.6314 1241.0000 291.5249 1.4544 1.6843 4.4830 6.5280 1.4669 10.3921 -6.5855 0.9308
Car -1 -1 -7.8571 400.9078 191.6741 452.4536 239.6412 1.4334 1.6288 4.2004 -6.5394 2.1580 25.5541 -8.1057 0.9157
Car -1 -1 -4.0419 0.0000 207.8744 135.6214 374.0000 1.4344 1.6202 4.0978 -6.8417 1.8860 7.2098 -4.7828 0.7009
Car -1 -1 -4.9954 297.5389 189.0242 329.6255 207.4257 1.4986 1.6268 3.8866 -26.4818 2.9859 64.3513 -5.3847 0.1656
Car -1 -1 -4.9572 221.9259 183.7268 263.5010 209.0881 1.5602 1.6063 3.7483 -24.4900 2.3124 47.9960 -5.4270 0.1504
Car -1 -1 -3.9979 247.9003 196.0550 327.5167 228.7200 1.5108 1.6465 4.0334 -17.1974 2.8222 38.6231 -4.4147 0.1456
Car -1 -1 -4.0892 0.0000 199.4306 88.8048 374.0000 1.5016 1.5608 3.5810 -4.6672 1.7167 3.9347 -4.9261 0.1243
Car -1 -1 -5.1283 483.2200 187.7288 534.6977 214.5130 1.5462 1.6480 4.3837 -6.5962 2.5518 46.4990 -5.2689 0.1187
Car -1 -1 -5.0788 749.8663 167.1405 788.8484 193.2826 2.0022 1.6635 4.0877 12.6008 1.5643 57.4085 -4.8642 0.1173
Car -1 -1 -7.6563 205.2919 192.4187 250.8053 222.0851 1.5322 1.6001 3.9429 -22.2953 2.7329 42.1751 -8.1403 0.1123
Car -1 -1 -3.2677 635.6983 165.1024 701.2121 191.5119 1.6300 1.6273 3.9354 3.6141 1.1512 45.4386 -3.1892 0.1039
Car -1 -1 -5.3444 714.5472 169.6228 763.7609 190.1722 1.5565 1.6237 4.2366 10.1068 1.3114 56.9098 -5.1698 0.1010
Car -1 -1 -4.1711 1193.2559 146.8966 1241.0000 374.0000 1.6383 1.6783 4.2750 7.2964 1.4701 5.8309 -3.2993 0.0883
Car -1 -1 -7.8272 572.4727 182.0940 601.2228 209.4353 1.5170 1.6255 4.0236 -1.3885 2.0985 43.4137 -7.8596 0.0822
Car -1 -1 -4.6623 879.3332 177.8029 937.7698 227.3006 1.4019 1.5430 3.9597 9.5197 1.5738 22.9801 -4.2746 0.0719
Car -1 -1 -6.1498 252.0719 196.0582 328.0849 222.3724 1.5680 1.7335 4.3291 -20.7786 3.1240 46.9580 -6.5647 0.0663
Car -1 -1 -4.4321 288.3999 189.5084 334.9926 218.4115 1.6119 1.6331 3.9378 -18.4256 2.6892 44.6432 -4.8218 0.0654
Car -1 -1 -8.4098 748.2985 171.9918 846.4157 217.5437 1.6013 1.6597 4.1659 7.0040 1.5707 27.6008 -8.1643 0.0630
Car -1 -1 -7.9021 603.8121 177.9249 633.0903 205.1886 1.4851 1.5199 3.3789 0.4176 1.7897 41.6609 -7.8927 0.0621
Car -1 -1 -5.8234 0.0000 198.1082 111.1219 254.6463 1.6362 1.5756 4.0368 -18.6866 2.4880 23.1493 -6.4970 0.0604
Car -1 -1 -7.9976 213.6738 195.2188 268.7394 232.9643 1.5206 1.7195 4.2285 -17.4282 2.6408 33.9250 -8.4693 0.0598
Car -1 -1 -4.9140 949.9384 168.8617 1022.8599 214.6456 1.4545 1.5364 3.4114 12.7816 1.3274 24.7709 -4.4428 0.0566
Car -1 -1 -3.8803 1190.5305 159.2001 1241.0000 319.2616 1.5164 1.5179 3.7554 8.7258 1.3867 7.7540 -3.0550 0.0524
