Pedestrian -1 -1 -4.7142 1029.2815 146.6243 1054.1495 206.5064 1.8850 0.6767 0.4172 13.7464 1.0590 23.0640 -4.1825 0.1544
Pedestrian -1 -1 -4.0570 786.8456 155.2451 801.5010 182.7717 1.8219 0.6017 0.7757 12.2787 0.6561 48.2326 -3.8093 0.0949
Car -1 -1 -4.3792 422.4654 174.2818 481.9784 207.1771 1.7535 1.8838 4.6657 -8.9340 1.8394 41.1022 -4.5923 0.0789
Pedestrian -1 -1 -7.9951 1199.3910 144.3955 1231.8666 209.2584 1.8162 0.6478 0.4563 17.2050 1.0190 20.5667 -7.3056 0.0696
Pedestrian -1 -1 -4.5051 770.2772 157.9173 789.5341 204.2204 1.9363 0.6713 0.6845 7.1704 1.3114 30.6255 -4.2776 0.0615
Car -1 -1 -4.5973 304.5523 183.1382 351.5703 217.6816 1.4752 1.6181 4.0224 -13.3520 1.9936 34.2442 -4.9668 0.0541
Cyclist -1 -1 -7.9761 418.5837 180.3910 424.8708 197.7764 1.5797 0.3944 1.4159 -17.4868 2.2861 66.9252 -8.2311 0.0526
Car -1 -1 -4.3695 405.8502 179.2130 448.8057 202.6346 1.5227 1.6214 4.0591 -12.6692 1.9828 50.1458 -4.6161 0.0525
Car -1 -1 -4.7324 40.2272 192.5885 105.8789 246.5740 1.4430 1.5535 4.0271 -17.0867 2.1247 22.8678 -5.3687 0.0512
Car -1 -1 -4.6660 139.6622 186.8723 196.6411 230.0385 1.4409 1.6600 4.0050 -16.8864 2.0195 27.6404 -5.2104 0.0509
Pedestrian -1 -1 -3.7214 1169.6143 157.7852 1241.0000 295.4713 1.5465 0.6545 0.5419 7.0127 1.3769 8.4559 -3.0464 0.3718
Pedestrian -1 -1 -7.3871 1137.4454 140.7805 1211.8308 261.0022 1.7424 0.6055 0.7811 8.4702 1.2773 10.9014 -6.7399 0.1725
Pedestrian -1 -1 -5.4096 1005.9535 131.7365 1073.7450 250.0994 1.8474 0.5925 0.7563 6.8917 1.2054 11.6859 -4.8881 0.0685
Pedestrian -1 -1 -7.0075 877.5601 154.9205 926.2588 239.3001 1.6804 0.5816 0.7194 5.9155 1.3229 14.7656 -6.6339 0.0629
Cyclist -1 -1 -8.3001 639.9088 172.8308 654.2037 195.6574 1.7061 0.4219 1.6231 2.7769 1.7040 54.7578 -8.2501 0.0593
Pedestrian -1 -1 -5.6997 989.1639 133.5357 1054.1602 252.5225 1.8482 0.5656 0.7209 6.5879 1.2372 11.6582 -5.1965 0.0581
Cyclist -1 -1 -7.3389 1137.0754 144.2276 1241.0000 263.0519 1.6701 0.5534 1.7495 8.6405 1.2675 10.7312 -6.6747 0.0547
Car -1 -1 -8.0112 580.7043 175.3257 614.3274 199.8427 1.5622 1.6358 4.0706 -0.9160 1.7356 48.5565 -8.0304 0.7026
Car -1 -1 -3.8377 0.0000 191.0646 61.3376 374.0000 1.4518 1.5339 3.9513 -8.5559 1.7062 8.0630 -4.6362 0.4340
Car -1 -1 -4.5291 431.0594 180.0738 478.2164 214.6759 1.4776 1.5218 3.4416 -7.1507 1.8277 33.2794 -4.7396 0.1827
Car -1 -1 -7.6122 348.6107 182.6107 433.3646 236.2254 1.5333 1.6941 4.0746 -7.0486 1.8784 23.4657 -7.9014 0.1669
Car -1 -1 -4.5368 399.0781 181.0489 457.3971 223.7732 1.5187 1.5945 3.6420 -7.0824 1.8603 28.2368 -4.7808 0.1590
Car -1 -1 -8.0801 637.3384 173.5963 666.8586 194.8523 1.5890 1.5532 3.3949 3.2002 1.6481 55.8697 -8.0236 0.1253
Car -1 -1 -4.5422 449.5152 178.0009 490.8169 209.5105 1.5687 1.5722 3.5482 -7.4092 1.8543 38.2956 -4.7325 0.1072
Car -1 -1 -4.8214 936.9698 141.0069 973.4586 167.7227 1.5788 1.6552 3.8072 21.6850 -0.3386 45.5054 -4.3790 0.0984
Car -1 -1 -4.6309 70.0416 185.4172 104.6081 212.5792 1.7239 1.6078 3.9926 -36.1168 2.6292 49.8847 -5.2552 0.0861
Car -1 -1 -7.4122 188.6858 191.7634 368.1071 273.7250 1.4014 1.7079 4.5514 -6.9870 1.8728 15.6975 -7.8253 0.0789
Car -1 -1 -2.6655 234.4296 185.7298 399.7544 243.8905 1.5001 1.6246 3.9542 -8.1177 1.8754 20.0489 -3.0461 0.0530
