Car -1 -1 -3.0273 393.3866 170.5399 459.6952 197.4393 1.6102 1.6262 3.7820 -11.0931 0.7319 44.0843 -3.2727 0.1652
Pedestrian -1 -1 -6.1420 132.0363 173.5904 175.9743 236.1125 1.7284 0.5495 0.9816 -12.8609 1.4071 20.3220 -6.7005 0.0933
Cyclist -1 -1 -7.3952 491.4257 174.9348 511.6598 204.9516 1.7403 0.5314 1.5999 -6.3029 1.1444 42.5215 -7.5418 0.0909
Cyclist -1 -1 -3.3007 998.7816 159.8567 1211.1652 322.7851 1.7401 0.8540 1.9284 5.6786 1.4695 8.4583 -2.7250 0.0758
Cyclist -1 -1 -8.1403 576.3790 177.4985 586.0760 198.4611 1.6196 0.3454 1.5078 -2.1015 1.0235 56.3108 -8.1778 0.0659
Car -1 -1 -8.6253 1018.2314 200.9228 1240.0000 375.0000 1.5065 1.6304 3.9977 3.0647 1.6025 2.3173 -7.7583 0.0601
Pedestrian -1 -1 -6.7805 627.6002 173.5287 641.3160 205.8336 1.7485 0.5665 0.5441 1.4256 1.1161 39.2838 -6.7449 0.0600
Cyclist -1 -1 -4.5836 231.8002 180.5191 246.4338 210.4991 1.4971 0.4747 1.4929 -18.8369 1.2628 36.6809 -5.0553 0.0584
Pedestrian -1 -1 -5.0096 667.8796 167.9019 685.6588 209.3184 1.8905 0.6465 0.6759 3.1478 1.1004 33.2094 -4.9163 0.0567
Pedestrian -1 -1 -6.7917 241.9845 183.5210 262.5172 218.8050 1.5264 0.6262 0.5754 -15.6221 1.4533 31.5130 -7.2489 0.0558
Pedestrian -1 -1 -8.2229 459.9148 172.8883 476.4177 205.6436 1.7279 0.7068 0.5684 -7.4806 1.0778 38.3497 -8.4146 0.1745
Cyclist -1 -1 -7.8614 629.2119 180.0051 645.2286 238.0097 1.5630 0.4299 1.6233 0.7711 1.4228 20.1886 -7.8243 0.1727
Cyclist -1 -1 -7.7777 387.7089 177.9619 399.9939 210.3844 1.6353 0.4855 1.6190 -11.0663 1.2696 37.0994 -8.0660 0.1502
Pedestrian -1 -1 -7.4633 477.4179 172.0187 493.6790 205.7773 1.7831 0.6858 0.5803 -6.5467 1.0862 38.3283 -7.6317 0.1070
Cyclist -1 -1 -7.6665 485.3182 171.3212 501.0273 204.1036 1.7498 0.5415 1.6926 -6.2754 1.0083 39.2237 -7.8244 0.0920
Pedestrian -1 -1 -6.0792 620.9040 182.5973 644.6671 237.0647 1.4898 0.6033 0.5525 0.6534 1.4183 20.0201 -6.0475 0.0718
Cyclist -1 -1 -7.8412 493.2188 175.3224 502.2892 204.2762 1.6783 0.5113 1.5279 -6.5222 1.1050 42.4593 -7.9931 0.0706
Pedestrian -1 -1 -7.5733 473.2140 172.2975 489.1959 204.4994 1.7119 0.6593 0.7687 -6.8302 1.0253 38.6335 -7.7475 0.0576
Cyclist -1 -1 -7.4257 387.4857 176.2391 410.8631 210.3512 1.7216 0.5573 1.5689 -10.7860 1.2687 37.0966 -7.7071 0.0558
Pedestrian -1 -1 -6.5962 909.7950 180.2123 1007.2615 346.7440 1.5796 0.5673 0.7228 3.4056 1.5323 7.1422 -6.1666 0.0512
Car -1 -1 -7.8725 528.4286 176.7466 582.0683 226.4611 1.5652 1.6907 3.6804 -1.8745 1.2987 24.5438 -7.9483 0.9483
Car -1 -1 -7.7308 386.0031 177.6211 478.8403 252.1522 1.5568 1.6528 3.8152 -4.0683 1.3983 17.0013 -7.9625 0.9480
Car -1 -1 -7.5745 246.6009 186.4560 345.6813 237.6546 1.3618 1.5805 4.2105 -9.1776 1.4027 21.4120 -7.9751 0.9474
Car -1 -1 -7.6876 337.2775 182.0522 393.2118 218.4812 1.4440 1.5879 4.1285 -10.2972 1.3187 30.6565 -8.0094 0.9126
Car -1 -1 -7.3299 0.0000 191.9730 183.8368 326.4190 1.4643 1.6779 4.4218 -8.0729 1.5834 10.3589 -7.9796 0.8393
Car -1 -1 -7.6329 318.8133 177.3661 358.6300 203.5076 1.5238 1.5473 3.4386 -16.3377 1.0664 43.7108 -7.9889 0.4276
Car -1 -1 -3.0850 398.6354 167.9030 464.8498 195.2058 1.6322 1.6265 3.8611 -10.7792 0.5974 44.1228 -3.3234 0.3790
Car -1 -1 -4.3241 177.5736 184.1170 252.9396 216.8675 1.4297 1.6780 4.0000 -18.1974 1.3819 33.4601 -4.8192 0.2645
Car -1 -1 -7.4797 244.7113 181.8060 312.1917 214.9456 1.4492 1.5808 3.7339 -15.2212 1.3003 33.3417 -7.9052 0.2224
Car -1 -1 -4.8582 582.1391 178.5003 632.1089 211.5151 1.4776 1.7271 4.6650 -0.1421 1.1772 34.6075 -4.8627 0.1153
Car -1 -1 -7.9314 517.4795 176.7635 540.5114 195.6071 1.5001 1.5788 4.0215 -6.5485 0.8274 59.3495 -8.0411 0.1126
Car -1 -1 -6.6645 583.8311 177.0423 647.7779 202.2225 1.5287 1.6114 3.6719 0.4729 1.0327 45.0603 -6.6545 0.0974
Car -1 -1 -4.5661 463.4730 173.5816 503.2820 203.3133 1.5934 1.6458 3.9935 -6.9901 0.9701 40.5412 -4.7361 0.0821
Car -1 -1 -8.0932 344.9013 179.1452 395.9362 209.7321 1.5227 1.6354 4.0834 -12.6095 1.2206 37.9515 -8.4122 0.0789
Car -1 -1 -8.1112 707.9572 192.1305 933.9735 333.1683 1.4299 1.6914 4.3960 2.4822 1.5448 9.7147 -7.8684 0.0771
Car -1 -1 -4.6413 458.8977 180.8378 483.2454 199.5141 1.4141 1.6149 3.7378 -10.7058 1.0828 56.3781 -4.8285 0.0679
Car -1 -1 -4.6793 270.6635 180.1694 307.9960 209.5782 1.4371 1.6284 4.1676 -16.5273 1.1907 37.3655 -5.0934 0.0661
Car -1 -1 -8.0612 620.8428 183.5792 701.3382 238.1419 1.4577 1.5902 3.7926 1.4271 1.4141 21.1945 -7.9953 0.0573
Car -1 -1 -7.9580 386.6921 180.5441 423.6098 209.6799 1.4657 1.5218 3.5267 -10.8014 1.2308 38.0823 -8.2329 0.0571
