Pedestrian -1 -1 -3.5697 78.3212 151.8788 142.2590 252.0676 1.9394 0.6436 0.8696 -10.0901 1.5330 14.5054 -4.1690 0.1902
Pedestrian -1 -1 -6.4842 763.2866 171.5043 776.4592 203.6428 1.9062 0.5360 0.6727 9.5044 1.8258 43.0682 -6.2690 0.1648
Pedestrian -1 -1 -5.2991 1186.4323 154.2757 1241.0000 289.1667 1.8213 0.5819 0.6095 8.5171 1.5701 10.0744 -4.6122 0.1548
Pedestrian -1 -1 -3.3507 225.3831 167.4394 240.8291 194.3169 1.8519 0.5309 0.8615 -26.2495 1.4785 50.1939 -3.8306 0.1456
Pedestrian -1 -1 -3.5380 1228.5779 152.6269 1241.0000 199.9324 1.7726 0.4426 0.2814 23.6350 1.0144 27.2910 -2.8297 0.1297
Car -1 -1 -7.0311 241.4061 173.8853 293.4287 195.8970 1.6548 1.6461 3.4777 -26.7330 1.7378 56.3450 -7.4725 0.1090
Pedestrian -1 -1 -7.6879 127.8450 165.8839 148.3929 205.5335 1.8167 0.7195 0.5252 -21.9092 1.4971 33.4452 -8.2643 0.1058
Pedestrian -1 -1 -3.4186 371.7112 165.6593 394.4972 212.4453 1.9940 0.6235 0.8012 -9.8649 1.6870 31.2317 -3.7224 0.0892
Car -1 -1 -7.4541 261.1849 170.5199 299.5252 190.6217 1.6469 1.6641 3.6220 -27.8205 1.4554 60.9464 -7.8808 0.0798
Car -1 -1 -8.0044 409.1666 161.4960 437.8753 190.5768 2.5119 1.8317 4.5503 -16.7983 1.5305 64.7762 -8.2574 0.0765
Pedestrian -1 -1 -4.7371 415.1766 184.8483 437.0068 241.9985 1.4700 0.5447 0.5364 -4.9038 1.7916 19.0303 -4.9866 0.0750
Car -1 -1 -4.9344 358.9941 175.3918 389.0844 197.5038 1.9133 1.6785 4.3035 -21.3848 2.1504 65.2332 -5.2502 0.0727
Car -1 -1 -4.6188 77.9977 178.4382 126.5761 209.8936 1.4736 1.6399 4.0297 -25.8094 1.7743 36.7258 -5.2281 0.0681
Pedestrian -1 -1 -5.2029 1174.2396 173.6982 1241.0000 304.7260 1.6248 0.5760 0.6835 7.7731 1.6359 9.3421 -4.5250 0.0653
Pedestrian -1 -1 -6.7981 439.1465 170.2694 449.3923 201.6585 1.9135 0.6162 0.3562 -10.2185 1.7556 44.3319 -7.0237 0.0647
Car -1 -1 -3.2307 132.9299 176.4636 258.5153 215.3265 1.4557 1.5824 4.2966 -16.7888 1.6112 29.2505 -3.7481 0.0608
Car -1 -1 -4.4441 87.2365 172.8165 139.2204 199.7093 1.6188 1.6612 4.1447 -31.3920 1.6162 45.6624 -5.0438 0.0585
Car -1 -1 -8.0072 701.4230 175.6891 727.3560 194.6744 1.6254 1.6690 4.1551 9.2696 1.8867 64.4853 -7.8655 0.0566
Car -1 -1 -4.5901 81.8608 169.9137 136.8128 204.6999 1.5165 1.6221 3.9020 -23.2480 1.3880 33.5596 -5.1923 0.0557
Car -1 -1 -7.8912 530.0148 175.5249 553.8577 197.6934 1.7346 1.7786 4.5694 -5.6660 1.9631 59.4144 -7.9863 0.0554
Pedestrian -1 -1 -7.5562 1232.6941 157.4567 1241.0000 200.3733 1.8791 0.4474 0.2261 27.7639 1.2046 31.8423 -6.8439 0.0550
Car -1 -1 -4.6625 637.7040 175.7491 661.4995 197.6657 1.6294 1.6625 3.9223 3.0884 1.8628 56.2176 -4.6083 0.0541
Car -1 -1 -4.5898 140.5053 173.3222 192.0683 206.9188 1.5112 1.6194 4.0136 -21.2892 1.5348 34.6782 -5.1371 0.0532
Pedestrian -1 -1 -7.7367 469.5563 173.9224 484.2780 209.1333 1.7022 0.6247 0.7565 -6.5481 1.7548 35.3040 -7.9192 0.0518
Cyclist -1 -1 -4.7653 896.4418 176.4883 923.5516 250.0931 1.6995 0.5042 1.7142 7.2663 1.7925 17.6405 -4.3813 0.1874
Pedestrian -1 -1 -6.3136 912.1389 178.5993 923.4018 218.1014 1.7047 0.6006 0.4322 13.4330 1.9588 31.5994 -5.9156 0.1660
Pedestrian -1 -1 -8.0486 820.3644 167.1665 845.3085 223.5449 1.8874 0.6935 0.6509 7.5172 1.6967 24.5133 -7.7551 0.1463
Pedestrian -1 -1 -3.6206 704.2075 172.3221 720.7883 205.9193 1.8649 0.6754 0.6860 5.7112 1.8351 40.4845 -3.4820 0.1238
Pedestrian -1 -1 -7.9181 833.7509 182.8071 856.3077 239.2309 1.5460 0.5563 0.6732 6.5575 1.8312 20.3032 -7.6107 0.1114
Pedestrian -1 -1 -4.7017 885.2219 170.6902 912.4395 245.5876 1.8208 0.6182 0.8294 7.1689 1.7679 18.0407 -4.3298 0.1073
Cyclist -1 -1 -7.0668 900.6582 172.0655 940.2006 217.0828 1.9511 0.6293 1.6431 13.6697 1.9166 31.8711 -6.6656 0.1061
Pedestrian -1 -1 -7.7497 842.0179 166.6368 872.5703 239.9040 1.9001 0.6986 0.7695 6.5368 1.7386 19.2070 -7.4271 0.0902
Cyclist -1 -1 -4.5912 240.3579 175.5399 267.1776 233.9096 1.6280 0.5096 1.5784 -10.4166 1.7091 21.0297 -5.0464 0.0857
Pedestrian -1 -1 -6.0783 709.1074 180.6443 724.0011 212.1349 1.5662 0.5928 0.6388 5.3469 1.9638 36.4654 -5.9345 0.0840
Pedestrian -1 -1 -2.9387 783.7963 174.4604 809.2239 224.3780 1.7300 0.5513 0.7752 6.5333 1.7873 25.4498 -2.6909 0.0723
Pedestrian -1 -1 -8.3108 391.0732 178.9189 405.4322 216.8885 1.6536 0.4955 0.3698 -9.3818 1.9234 31.8243 -8.5957 0.0720
Pedestrian -1 -1 -4.1280 903.9285 171.2477 945.4157 250.9409 1.7949 0.5481 0.7722 7.2273 1.7584 16.6922 -3.7266 0.0710
Pedestrian -1 -1 -4.2170 813.7123 177.7005 838.7658 225.1240 1.6328 0.5812 0.7051 7.5636 1.8061 25.3910 -3.9313 0.0684
Pedestrian -1 -1 -7.0872 804.3582 175.3629 824.2794 219.3990 1.7776 0.5708 0.5388 8.3230 1.8814 29.5532 -6.8160 0.0670
Pedestrian -1 -1 -5.5222 61.5138 169.3279 82.7916 206.7811 1.8692 0.6596 0.5595 -27.1485 1.6930 36.3727 -6.1600 0.0633
Cyclist -1 -1 -8.3024 807.7848 172.0240 845.9001 224.7226 1.7288 0.5671 1.6636 7.3063 1.7012 24.5368 -8.0170 0.0625
Pedestrian -1 -1 -6.1301 822.3790 177.4797 849.5564 237.5997 1.6717 0.6003 0.6580 6.3853 1.8057 20.5397 -5.8336 0.0613
Pedestrian -1 -1 -3.4975 887.2648 164.7133 930.4880 247.6193 1.8940 0.6295 0.7545 6.9006 1.7077 16.8080 -3.1149 0.0612
Pedestrian -1 -1 -3.8667 921.7516 165.1823 971.9814 253.6172 1.8906 0.5801 0.8211 7.3298 1.7263 15.8239 -3.4408 0.0607
Pedestrian -1 -1 -4.6174 841.6282 172.7171 863.5858 230.1153 1.7570 0.5900 0.7058 7.5295 1.7525 22.5281 -4.2995 0.0590
Pedestrian -1 -1 -6.3264 387.9683 177.2383 401.6214 216.3991 1.6887 0.5915 0.5474 -9.4594 1.8824 31.5655 -6.6157 0.0568
Cyclist -1 -1 -4.4362 224.0637 175.6225 262.0125 235.2349 1.6636 0.5752 1.5723 -10.7277 1.7472 21.0390 -4.9030 0.0562
Pedestrian -1 -1 -7.3957 909.6934 174.3772 928.6354 217.1634 1.8607 0.6544 0.4079 13.5755 1.9283 31.7863 -6.9960 0.0562
Cyclist -1 -1 -4.4052 246.2348 173.9610 284.2629 232.4697 1.6960 0.5764 1.5960 -10.4320 1.7304 21.7769 -4.8476 0.0530
Pedestrian -1 -1 -5.6633 809.3895 170.0150 825.1031 218.0263 1.8790 0.5175 0.3659 8.1539 1.7676 28.5433 -5.3884 0.0513
Pedestrian -1 -1 -7.9529 482.2992 180.5858 500.1408 219.6716 1.6098 0.6780 0.6400 -5.0297 1.9381 30.2712 -8.1167 0.0509
Cyclist -1 -1 -7.8823 907.8692 179.0318 921.2001 217.4818 1.6456 0.4917 1.5359 13.4324 1.9257 31.9441 -7.4881 0.0503
Car -1 -1 -8.0020 648.1415 175.2477 707.4485 222.2354 1.6594 1.6771 3.9664 2.4799 1.7578 27.7187 -7.9144 0.9778
Car -1 -1 -8.1616 740.2003 189.4452 979.2037 341.7625 1.4116 1.5667 3.9867 2.7778 1.6676 9.1354 -7.8766 0.9630
Car -1 -1 -4.5932 499.9211 182.0905 558.5629 230.6341 1.4454 1.5191 3.5557 -2.6559 1.7745 23.9477 -4.7031 0.9485
Car -1 -1 -2.8384 201.0764 180.7518 406.3165 257.4065 1.4873 1.5639 3.6596 -6.3436 1.6629 15.1333 -3.2297 0.9268
Car -1 -1 -3.0260 393.0606 180.0428 501.2737 216.5424 1.4828 1.7273 4.3371 -6.9179 1.8003 30.8222 -3.2454 0.9003
Car -1 -1 -5.6179 0.0000 190.7049 318.8513 323.2238 1.4231 1.5983 3.9776 -5.9846 1.6693 8.9883 -6.1920 0.8827
Car -1 -1 -5.7607 101.7770 180.9156 369.6250 274.0270 1.5160 1.6415 3.9465 -6.5838 1.6696 12.8402 -6.2266 0.8789
Car -1 -1 -5.4827 0.0000 201.3473 226.1130 374.0000 1.4036 1.5968 4.2185 -5.9211 1.6895 6.3094 -6.2155 0.8536
Car -1 -1 -4.6178 622.1811 175.6425 645.5711 194.4284 1.5264 1.6251 3.9409 2.0336 1.7710 61.2967 -4.5852 0.3853
Car -1 -1 -3.0041 425.4166 180.3907 513.4551 211.0406 1.4527 1.5851 4.0776 -6.9095 1.8331 35.5420 -3.1952 0.3614
Car -1 -1 -4.1771 155.9199 185.1887 281.7667 239.1010 1.3380 1.5073 3.6096 -11.0564 1.7211 20.5877 -4.6648 0.1614
Car -1 -1 -6.7664 710.2003 181.0438 807.1039 213.9632 1.4744 1.6759 4.2338 7.0336 1.8805 34.4088 -6.5670 0.1467
Car -1 -1 -3.3141 682.3721 174.2642 730.7419 191.4944 1.4883 1.5918 3.9928 8.4298 1.6136 63.3473 -3.1827 0.1272
Car -1 -1 -6.5353 212.5857 177.7108 279.4570 202.7889 1.5661 1.6340 3.6463 -24.0053 1.8982 47.5751 -7.0006 0.1159
Car -1 -1 -3.0679 424.0089 179.0268 504.0974 208.9553 1.5152 1.5663 4.0271 -7.6643 1.8486 37.9800 -3.2661 0.1115
Car -1 -1 -4.0725 30.0717 172.1870 119.1494 204.3158 1.5851 1.6619 3.9966 -27.8167 1.5519 37.6012 -4.7062 0.0716
Car -1 -1 -5.0825 651.8768 179.4204 710.9030 209.9391 1.4918 1.6632 4.3507 3.7030 1.8638 38.5876 -4.9882 0.0700
Car -1 -1 -4.7031 266.4915 180.1468 330.4396 235.6048 1.4361 1.5903 3.8601 -9.2146 1.6724 21.3204 -5.1069 0.0580
Car -1 -1 -3.0464 5.4769 174.5148 121.5570 207.6229 1.4849 1.6817 4.2623 -25.9273 1.5680 34.3722 -3.6890 0.0542
