Pedestrian -1 -1 -5.5135 231.1046 167.2008 245.6969 207.8377 1.8275 0.5222 0.3136 -16.9034 1.5729 32.7437 -5.9869 0.0990
Pedestrian -1 -1 -4.3967 588.8959 164.0658 616.7242 231.7205 1.9459 0.6290 0.7113 -0.2556 1.6928 21.1861 -4.4095 0.0758
Pedestrian -1 -1 -7.8256 87.6826 185.8888 107.7924 232.7900 1.7402 0.6071 0.4660 -19.4471 2.2403 27.3349 -8.4396 0.0751
Car -1 -1 -7.4038 1241.0000 134.2936 1241.0000 374.0000 1.5749 1.6063 4.0712 7.0533 1.3635 5.1567 -6.4913 0.0690
Pedestrian -1 -1 -5.8654 901.7135 182.1590 939.4160 264.2987 1.3192 0.4172 0.4460 5.0935 1.4771 11.9623 -5.4725 0.0665
Pedestrian -1 -1 -6.5223 932.1084 150.2251 958.0522 226.2548 1.8269 0.5523 0.4534 8.1399 1.2828 17.6507 -6.0969 0.0555
Pedestrian -1 -1 -4.5910 214.4944 182.1747 237.5240 239.9246 1.8588 0.5807 0.7738 -12.7269 2.1724 23.8389 -5.0771 0.0515
Pedestrian -1 -1 -5.1132 1176.8662 136.7442 1225.8448 224.1248 1.8379 0.6603 0.5222 12.6529 1.0781 15.5168 -4.4385 0.0514
Pedestrian -1 -1 -7.2660 683.9197 166.7897 721.7410 241.3399 1.7112 0.5705 0.7439 2.1418 1.5717 17.0303 -7.1439 0.0509
Cyclist -1 -1 -6.7417 1193.5500 112.3747 1241.0000 180.0973 1.7624 0.6761 1.7469 16.7779 0.1882 19.3205 -6.0338 0.0505
Pedestrian -1 -1 -7.5404 819.8211 174.5322 847.0106 233.5152 1.4750 0.5291 0.5280 5.6578 1.5185 18.4326 -7.2478 0.1459
Pedestrian -1 -1 -4.7096 872.6815 157.8488 905.4164 249.1852 1.7014 0.5729 0.6113 5.2888 1.4216 13.8279 -4.3521 0.1367
Pedestrian -1 -1 -3.1113 1219.9449 172.1622 1241.0000 280.0210 1.3608 0.4253 0.4086 8.1631 1.3518 9.3978 -2.4119 0.1304
Pedestrian -1 -1 -8.5386 815.6993 161.2755 861.9418 249.1433 1.6668 0.5704 0.6606 4.4118 1.4468 14.1007 -8.2421 0.1275
Cyclist -1 -1 -3.7452 818.3897 159.4700 920.4783 247.6616 1.6615 0.6890 1.8225 5.0344 1.4090 14.1681 -3.4110 0.1194
Pedestrian -1 -1 -2.7181 800.6312 155.2304 843.3577 242.2714 1.7674 0.5897 0.6775 4.3822 1.4092 15.0946 -2.4414 0.1039
Pedestrian -1 -1 -4.6751 1037.4939 153.7950 1067.4906 230.6863 1.7223 0.5694 0.7616 10.1537 1.2951 16.6361 -4.1353 0.1022
Pedestrian -1 -1 -6.5043 865.1132 158.3908 911.3265 244.9055 1.7000 0.5662 0.7567 5.5310 1.4155 14.5098 -6.1475 0.0940
Pedestrian -1 -1 -7.9665 442.1496 169.3441 470.2663 245.7675 1.9222 0.6217 0.8151 -4.0280 1.8336 18.6332 -8.1772 0.0935
Pedestrian -1 -1 -4.5292 1052.5002 147.3572 1090.9382 229.2317 1.8124 0.6195 0.7465 10.4804 1.2477 16.4567 -3.9706 0.0923
Cyclist -1 -1 -7.7113 500.8428 176.9681 533.3749 249.5984 1.7417 0.5749 1.7663 -2.3859 1.8508 18.2906 -7.8401 0.0866
Cyclist -1 -1 -6.7065 839.8062 161.1242 947.7166 247.4317 1.6087 0.7006 1.8003 5.3724 1.3897 13.8532 -6.3444 0.0780
Pedestrian -1 -1 -6.5267 748.9614 157.8771 781.1174 226.3746 1.7948 0.6447 0.7002 4.0772 1.4021 19.2415 -6.3216 0.0739
Pedestrian -1 -1 -4.7992 853.9277 160.0437 890.5460 249.1798 1.6710 0.6060 0.6044 4.9868 1.4306 13.8945 -4.4620 0.0733
Cyclist -1 -1 -7.6089 518.0336 176.3648 550.6584 245.4435 1.7496 0.4570 1.7547 -2.0516 1.8474 19.2665 -7.7144 0.0708
Pedestrian -1 -1 -7.8333 807.7598 162.6201 832.1667 229.7169 1.6934 0.5942 0.7231 5.3776 1.4348 18.6429 -7.5573 0.0695
Pedestrian -1 -1 -7.6012 773.4573 159.8668 803.3440 230.0697 1.8083 0.6178 0.6821 4.6583 1.4735 19.0319 -7.3654 0.0665
Pedestrian -1 -1 -8.4831 709.0530 154.6557 745.8737 224.4721 1.8562 0.6425 0.7992 3.1493 1.3721 19.6856 -8.3275 0.0655
Pedestrian -1 -1 -2.2780 481.9142 178.2621 524.0301 251.6428 1.7517 0.6356 0.8389 -2.6948 1.8888 17.8149 -2.4268 0.0642
Pedestrian -1 -1 -4.5454 843.0616 157.0817 881.2709 246.5718 1.7072 0.6128 0.6725 4.9153 1.4060 14.2061 -4.2194 0.0641
Cyclist -1 -1 -4.3332 373.4523 180.0273 417.7434 241.9061 1.7028 0.6234 1.7651 -6.2555 1.9200 20.9736 -4.6202 0.0641
Pedestrian -1 -1 -3.1267 527.4338 172.9935 558.3119 242.3115 1.8243 0.6352 0.8107 -1.8449 1.8278 19.3392 -3.2214 0.0633
Cyclist -1 -1 -7.6578 287.0563 187.1970 322.2672 249.4129 1.6834 0.6057 1.7420 -8.8540 2.1159 20.8585 -8.0551 0.0631
Cyclist -1 -1 -3.1159 557.3484 136.3992 604.4545 185.8922 1.8085 0.6885 1.7213 -1.1149 0.4761 26.7229 -3.1574 0.0629
Cyclist -1 -1 -7.8194 574.2606 140.0493 587.7816 186.3837 1.6784 0.4506 1.6668 -1.1211 0.4898 26.9709 -7.8607 0.0620
Cyclist -1 -1 -4.8382 362.7685 183.6639 389.2628 245.1970 1.6799 0.5144 1.7561 -6.8461 2.0066 20.9201 -5.1513 0.0618
Pedestrian -1 -1 -7.3374 522.5789 179.1157 559.5160 250.7299 1.6742 0.5848 0.7700 -1.7104 1.8291 17.4208 -7.4347 0.0603
Pedestrian -1 -1 -9.0852 1228.5922 162.1825 1241.0000 281.4467 1.4570 0.4951 0.5061 8.2182 1.3263 9.1570 -8.3699 0.0589
Pedestrian -1 -1 -7.1133 1222.8329 148.3528 1241.0000 277.4725 1.6214 0.5937 0.5192 8.4319 1.3134 9.3850 -6.3971 0.0562
Cyclist -1 -1 -7.7208 828.8963 158.4539 871.0599 251.2471 1.7121 0.5844 1.6817 4.6871 1.4461 14.1977 -7.4089 0.0550
Pedestrian -1 -1 -7.6319 673.0843 162.3947 700.4836 229.6965 1.8310 0.6326 0.6444 2.0861 1.5461 20.0355 -7.5304 0.0545
Cyclist -1 -1 -7.9255 565.7114 142.7950 581.2390 189.8958 1.7197 0.4616 1.6874 -1.4317 0.6219 27.2105 -7.9778 0.0543
Pedestrian -1 -1 -6.5931 876.7343 154.8238 921.1743 244.5997 1.7276 0.5689 0.6653 5.6194 1.3804 14.1889 -6.2237 0.0543
Pedestrian -1 -1 -8.8811 931.3299 150.1299 960.1936 226.4438 1.8300 0.5454 0.4202 8.1519 1.2847 17.6294 -8.4547 0.0537
Pedestrian -1 -1 -4.8840 615.6552 166.5009 646.3964 243.8618 1.7559 0.5874 0.7804 0.4305 1.6114 16.8062 -4.8598 0.0533
Pedestrian -1 -1 -6.6231 815.2696 157.1756 859.6577 243.2964 1.7332 0.5667 0.7185 4.6108 1.4174 14.8204 -6.3278 0.0520
Pedestrian -1 -1 -4.2238 790.3653 156.0898 831.0729 237.7834 1.7668 0.5800 0.7793 4.4253 1.4039 16.0872 -3.9607 0.0505
Car -1 -1 -7.2756 354.2846 189.4858 540.2917 293.2883 1.4661 1.6198 3.2774 -2.7351 1.7981 12.5947 -7.4861 0.9787
Car -1 -1 -6.8712 0.0340 198.6931 230.8420 277.0141 1.4283 1.5797 4.3080 -11.4093 2.1175 16.9620 -7.4563 0.9646
Car -1 -1 -7.0766 237.8790 193.9780 459.8062 289.2186 1.4230 1.6357 4.0410 -4.8663 1.8939 13.9209 -7.4077 0.9361
Car -1 -1 -3.6488 0.0000 191.1524 105.9682 267.5931 1.6474 1.6793 4.1432 -15.8901 2.1819 18.8551 -4.3422 0.6076
Car -1 -1 -7.9608 558.4404 130.8504 610.3342 171.2350 1.4557 1.6144 3.7923 -1.1079 -0.0680 28.1622 -7.9998 0.1138
Car -1 -1 -5.3861 221.4663 193.8736 350.1127 249.9289 1.4688 1.5260 3.7203 -9.7637 2.1419 21.5856 -5.8067 0.1016
Car -1 -1 -7.3731 1241.0000 145.7720 1241.0000 285.3614 1.4989 1.5754 3.8969 10.1722 1.2078 9.0102 -6.5434 0.0753
Car -1 -1 -4.5676 455.8971 186.0592 536.1127 251.0910 1.5102 1.5999 3.6800 -3.0052 1.8979 19.3524 -4.7204 0.0528
