Cyclist -1 -1 -7.9694 720.7505 172.7571 737.3008 215.5538 1.6568 0.4524 1.6885 4.6942 1.6527 28.7860 -7.8100 0.1449
Car -1 -1 -3.8571 0.0000 205.8212 72.4915 374.0000 1.5181 1.5998 4.0829 -6.5662 1.8673 5.5952 -4.6985 0.0734
Pedestrian -1 -1 -3.2387 722.1428 154.4045 792.7830 287.3333 1.8465 0.5100 0.9391 2.0386 1.5899 10.3195 -3.0503 0.0700
Car -1 -1 -4.7642 553.0459 174.2898 572.0480 190.6014 1.5134 1.6175 3.8915 -4.6036 1.6551 69.3303 -4.8306 0.0697
Cyclist -1 -1 -8.2598 638.6984 173.8664 669.8250 224.1791 1.7218 0.4921 1.6299 1.5077 1.7586 25.5773 -8.2023 0.0679
Pedestrian -1 -1 -3.4183 639.1643 168.0664 657.9088 205.0519 1.9740 0.6010 0.8774 2.0367 1.7182 38.9013 -3.3669 0.0602
Pedestrian -1 -1 -3.2749 448.2183 173.9466 462.5538 219.0400 1.9007 0.5919 0.5240 -6.6446 1.9476 30.7973 -3.4862 0.0593
Car -1 -1 -5.4335 0.0000 0.0000 1241.0000 374.0000 1.7100 1.6667 3.9342 1.7814 1.6592 0.5775 -4.3196 0.0592
Pedestrian -1 -1 -3.4046 1145.1046 136.4584 1208.3806 264.0871 1.8667 0.6019 0.6119 8.5260 1.3341 10.9474 -2.7562 0.0572
Pedestrian -1 -1 -6.5426 129.5182 178.1021 211.8120 341.6625 1.8480 0.6384 0.7071 -5.3274 1.9141 8.6588 -7.0811 0.0570
Cyclist -1 -1 -8.1368 1176.0968 147.1436 1241.0000 298.3270 1.6758 0.4713 1.7743 7.5151 1.3906 8.9069 -7.4526 0.2932
Pedestrian -1 -1 -3.4360 1131.2869 153.4912 1241.0000 315.7935 1.6959 0.5900 0.8764 6.3181 1.4933 7.9691 -2.7841 0.1716
Cyclist -1 -1 -8.0995 802.8737 169.9775 844.9749 257.3327 1.7270 0.4306 1.6882 4.4037 1.6698 15.1153 -7.8221 0.1291
Pedestrian -1 -1 -7.2358 1093.8284 137.4964 1180.9452 287.3958 1.7978 0.5130 0.8105 6.5380 1.3734 9.0311 -6.6250 0.1013
Pedestrian -1 -1 -4.6304 698.2167 166.8619 712.2776 206.5565 1.9151 0.6302 0.6572 4.6082 1.6257 35.1980 -4.5018 0.0955
Pedestrian -1 -1 -6.3927 1074.5115 148.8466 1153.4011 304.1517 1.7632 0.6102 0.6981 5.9421 1.4903 8.6229 -5.8058 0.0909
Pedestrian -1 -1 -6.6986 1185.8049 154.2503 1241.0000 295.6814 1.6443 0.6771 0.4257 7.3646 1.4277 8.7711 -6.0171 0.0763
Pedestrian -1 -1 -5.5578 1059.4884 147.9711 1165.1415 319.7453 1.7497 0.6508 0.6703 5.3257 1.4959 7.7576 -4.9745 0.0744
Pedestrian -1 -1 -4.7007 996.2786 136.5435 1065.6147 322.4892 1.8656 0.6133 0.8714 4.4616 1.5010 7.7695 -4.1965 0.0669
Pedestrian -1 -1 -6.2715 536.9341 170.0411 543.7215 194.1406 1.8565 0.7441 0.5162 -5.4312 1.6395 55.9760 -6.3681 0.0652
Pedestrian -1 -1 -7.7506 1183.1519 142.8676 1241.0000 287.6736 1.7112 0.7060 0.5056 7.5419 1.3566 8.9551 -7.0671 0.0640
Pedestrian -1 -1 -4.5946 705.3145 166.5419 721.8162 209.0530 1.8902 0.6496 0.8026 4.6337 1.6092 32.5529 -4.4550 0.0639
Pedestrian -1 -1 -6.6532 924.3680 156.9301 1012.1747 291.1257 1.7377 0.5441 0.9130 4.7154 1.5312 9.6472 -6.2114 0.0636
Cyclist -1 -1 -8.1485 938.1317 157.1238 1027.8960 303.9044 1.7119 0.5083 1.7478 4.7046 1.5281 9.3183 -7.6945 0.0615
Pedestrian -1 -1 -6.7355 940.2424 156.1534 1018.5783 293.1832 1.7246 0.5761 0.7222 4.7249 1.5141 9.3695 -6.2818 0.0594
Pedestrian -1 -1 -3.9229 965.9525 146.9261 1048.6610 311.6864 1.7799 0.5628 0.5953 4.4210 1.4995 8.1515 -3.4418 0.0571
Pedestrian -1 -1 -7.4922 889.6833 161.5934 935.1921 258.5173 1.7704 0.6546 0.5119 5.6411 1.5644 13.5894 -7.1071 0.0554
Pedestrian -1 -1 -4.0168 857.2534 172.3261 903.7914 268.2469 1.6293 0.5386 0.5460 4.6763 1.6200 12.6261 -3.6706 0.0550
Pedestrian -1 -1 -5.5410 1100.7687 157.8378 1205.0481 307.9656 1.5832 0.5305 0.7690 5.9691 1.4245 8.0401 -4.9203 0.0519
Car -1 -1 -4.5846 506.2370 184.2630 561.5678 226.8649 1.4923 1.6372 4.3833 -2.9851 1.9803 28.6698 -4.6881 0.9173
Car -1 -1 -8.0674 625.5073 174.1040 659.4301 197.9539 1.5046 1.5256 3.4633 2.0694 1.5898 47.5472 -8.0246 0.1191
Car -1 -1 -7.8268 714.6334 181.5415 799.5206 260.9023 1.4952 1.6415 3.9704 3.2765 1.7151 16.1748 -7.6314 0.1120
Car -1 -1 -4.5054 514.5255 168.9242 546.8448 194.0079 1.8796 1.7184 3.9832 -6.1559 1.5849 56.1343 -4.6145 0.0948
Car -1 -1 -7.8710 639.6791 179.1900 669.0189 207.4007 1.4448 1.5339 3.5998 2.3592 1.8084 39.6068 -7.8125 0.0933
Car -1 -1 -7.3016 1234.9895 136.6701 1241.0000 331.9280 1.4560 1.5694 4.0343 8.0569 1.1859 6.4474 -6.4277 0.0838
Car -1 -1 -4.9169 642.5671 179.7602 694.6524 215.6550 1.4893 1.5609 4.0114 2.5564 1.8232 32.8296 -4.8405 0.0712
Car -1 -1 -7.1976 1129.2833 145.3472 1241.0000 374.0000 1.5149 1.5979 4.1356 5.0059 1.4198 3.3411 -6.2555 0.0701
Car -1 -1 -4.4321 553.1257 168.9646 588.8591 193.2026 1.8406 1.7820 3.9935 -3.0624 1.5450 56.9387 -4.4859 0.0662
