Cyclist -1 -1 -4.6774 944.4490 174.5607 955.6136 210.3326 1.6922 0.4385 1.7672 16.5079 1.7770 35.1044 -4.2415 0.1785
Pedestrian -1 -1 -2.3451 53.4540 153.1162 141.7223 295.6242 1.7722 0.5417 0.7773 -6.6575 1.5264 9.3117 -2.9526 0.1168
Pedestrian -1 -1 -8.1138 889.6127 162.3296 910.3785 211.6869 1.9425 0.6622 0.4819 11.4761 1.5280 28.6748 -7.7371 0.1015
Pedestrian -1 -1 -5.9467 415.5859 173.0853 425.4835 195.7574 1.8195 0.5954 0.6104 -15.3156 1.8379 58.2320 -6.2031 0.0918
Pedestrian -1 -1 -6.7350 1021.1003 184.2247 1032.4897 207.4177 1.8541 0.4905 0.6455 33.5964 2.7754 58.2103 -6.2143 0.0875
Car -1 -1 -4.5968 1050.5013 186.3069 1077.6106 204.4535 1.5086 1.6299 4.0176 40.9912 2.7616 65.1429 -4.0377 0.0791
Cyclist -1 -1 -2.4248 302.7167 178.0047 356.4451 231.0181 1.5838 0.5120 1.5961 -8.6654 1.7454 22.1684 -2.7938 0.0750
Pedestrian -1 -1 -7.4471 839.7615 173.4673 857.2817 213.9426 1.9307 0.6643 0.4896 11.4734 1.9603 34.8326 -7.1320 0.0721
Pedestrian -1 -1 -5.3680 901.7069 170.2686 916.2258 207.9941 1.9922 0.5939 0.3980 15.8600 1.8554 38.3735 -4.9792 0.0651
Car -1 -1 -4.6130 1031.3960 185.3148 1058.1558 205.4990 1.6211 1.6094 4.0289 37.7401 2.7387 62.6368 -4.0734 0.0614
Pedestrian -1 -1 -3.2127 296.5852 148.8185 387.5560 302.7123 1.8577 0.4630 1.0510 -3.4491 1.5673 9.1368 -3.5649 0.0600
Car -1 -1 -7.8917 544.8763 170.3030 569.0944 191.3401 1.5051 1.6404 4.0397 -4.0086 1.3223 53.7210 -7.9661 0.0584
Car -1 -1 -4.7795 498.3925 170.2590 518.4138 187.4796 1.5996 1.6249 4.1267 -9.7909 1.3583 69.2110 -4.9197 0.0580
Car -1 -1 -4.9217 1003.2699 182.4359 1047.0354 207.8826 1.5686 1.6758 4.2839 27.8044 2.2429 48.5018 -4.4043 0.0529
Cyclist -1 -1 -4.7351 1006.9718 181.1818 1014.9952 205.7177 1.7710 0.4725 1.8440 29.7727 2.4004 53.6357 -4.2312 0.0522
Cyclist -1 -1 -3.5207 961.8624 170.8458 1071.8059 247.1309 1.6516 0.7663 1.9982 9.0001 1.6078 16.1226 -3.0200 0.2449
Pedestrian -1 -1 -7.0399 697.2228 166.5100 717.2067 212.8507 1.8896 0.6025 0.5568 3.9739 1.6307 29.8295 -6.9093 0.1776
Pedestrian -1 -1 -4.1520 228.6502 160.0731 279.0781 253.4485 1.8208 0.6052 0.7398 -7.1836 1.5713 14.4698 -4.6059 0.1753
Pedestrian -1 -1 -2.7797 812.4780 171.9943 858.7874 256.4677 1.6871 0.5556 0.7659 4.5946 1.6696 14.8640 -2.4864 0.1724
Pedestrian -1 -1 -4.1837 942.2766 154.0591 1001.6716 267.5905 1.9023 0.5771 0.8576 6.2505 1.5870 12.5681 -3.7323 0.1608
Pedestrian -1 -1 -3.1951 1006.6948 160.5433 1042.5154 245.9177 1.8534 0.6334 0.6525 9.1838 1.5859 16.0922 -2.6850 0.1555
Pedestrian -1 -1 -4.5923 404.9086 164.1848 420.2979 204.6186 1.9714 0.6384 0.8293 -9.7848 1.5484 35.6362 -4.8587 0.1504
Pedestrian -1 -1 -3.4201 462.3041 161.7746 514.8265 250.7588 1.8862 0.5805 1.0113 -2.7090 1.6511 15.7747 -3.5883 0.1441
Pedestrian -1 -1 -7.5281 706.6403 174.2036 719.5472 208.9664 1.6783 0.5218 0.4027 4.9828 1.7443 35.1545 -7.3891 0.1171
Pedestrian -1 -1 -7.6976 672.8539 175.6326 687.6428 211.8821 1.5975 0.5653 0.6491 3.0989 1.7228 32.2405 -7.6033 0.1064
Pedestrian -1 -1 -3.3920 949.1700 160.3300 1057.4885 314.0182 1.7984 0.4240 1.0816 4.6999 1.6515 8.7711 -2.9151 0.0869
Cyclist -1 -1 -8.6979 960.4878 165.1806 1049.8040 246.8299 1.7386 0.5575 1.8624 8.8450 1.5749 16.3341 -8.2097 0.0860
Pedestrian -1 -1 -5.7515 466.6957 172.7524 480.9943 208.7493 1.7034 0.5293 0.4677 -6.5443 1.6983 34.4716 -5.9382 0.0858
Cyclist -1 -1 -4.5444 441.9864 172.0016 459.2674 207.4941 1.6969 0.5605 1.6390 -7.8342 1.6559 35.3297 -4.7614 0.0813
Pedestrian -1 -1 -5.7292 364.6014 178.5640 381.5962 206.4923 1.5963 0.7181 0.6569 -13.7708 1.9304 41.8404 -6.0456 0.0752
Cyclist -1 -1 -7.7864 937.1802 180.5245 945.9718 208.9097 1.6461 0.3679 1.7460 19.8026 2.1137 43.1611 -7.3594 0.0730
Pedestrian -1 -1 -6.5835 980.0916 157.7127 1035.1851 269.1941 1.8786 0.5009 0.7136 6.8068 1.6232 12.4720 -6.0946 0.0705
Pedestrian -1 -1 -4.7687 417.9926 170.5086 431.6110 211.2273 1.8109 0.5581 0.6489 -8.3820 1.7063 32.4835 -5.0197 0.0694
Pedestrian -1 -1 -5.1057 685.4904 169.9071 704.1938 208.4528 1.8531 0.6577 0.7718 4.0888 1.7111 35.1498 -4.9914 0.0573
Pedestrian -1 -1 -6.2120 949.0605 179.8007 958.6433 210.5078 1.8610 0.7148 0.4849 21.1037 2.2919 44.3548 -5.7711 0.0569
Cyclist -1 -1 -5.2069 926.9984 173.6184 974.4901 243.0497 1.6797 0.4137 1.4930 8.5340 1.6995 18.2301 -4.7760 0.0565
Pedestrian -1 -1 -3.0454 942.1624 154.4660 1042.6836 321.7755 1.8235 0.5112 0.9916 4.3624 1.6228 8.3448 -2.5791 0.0555
Pedestrian -1 -1 -3.3722 442.7733 169.3936 487.0372 241.6362 1.7827 0.5518 0.9985 -3.7250 1.6970 18.2639 -3.5712 0.0548
Pedestrian -1 -1 -6.0157 824.8801 172.2994 860.5993 251.3982 1.7465 0.7176 0.6094 5.2407 1.7340 16.3983 -5.7124 0.0537
Cyclist -1 -1 -7.7441 467.6830 174.0045 480.5343 209.0359 1.6360 0.4263 1.6674 -6.5497 1.6922 34.5989 -7.9302 0.0519
Car -1 -1 -7.9428 560.5942 173.0078 589.7001 196.0503 1.4670 1.5957 3.7697 -2.3840 1.4773 47.9403 -7.9926 0.6867
Car -1 -1 -4.6968 488.8738 168.7048 508.6496 187.9896 1.5732 1.5900 3.7869 -9.3785 1.2345 60.8468 -4.8493 0.3906
Car -1 -1 -4.8065 1162.8489 196.9632 1200.2415 222.2725 1.4575 1.5547 3.8430 37.5161 3.1114 47.4701 -4.1413 0.3824
Car -1 -1 -7.8851 352.0325 178.5930 380.5558 204.2697 1.4407 1.5098 3.5976 -14.6905 1.8003 43.3050 -8.2106 0.1643
Car -1 -1 -4.4058 907.1299 179.4420 958.6457 210.2639 1.7345 1.7293 3.9775 19.4849 2.1506 43.5480 -3.9881 0.1633
Car -1 -1 -3.2294 382.9208 176.0340 453.9121 202.4243 1.5360 1.6300 4.0380 -11.6690 1.7352 43.7995 -3.4886 0.1443
Car -1 -1 -7.8128 609.3122 176.1947 638.9427 203.2610 1.4427 1.5333 3.4507 0.7933 1.6389 40.6659 -7.7939 0.1334
Car -1 -1 -4.7163 1084.2891 189.7253 1109.3960 210.8575 1.5289 1.6130 3.8657 38.7732 2.9222 57.5436 -4.1263 0.1313
Car -1 -1 -4.8270 535.5374 168.0616 560.5687 187.0102 1.5217 1.6163 4.0768 -5.2174 1.1365 60.1035 -4.9135 0.1035
Car -1 -1 -4.4863 1105.9115 191.1499 1144.1461 213.7115 1.6113 1.6285 3.8360 40.2974 3.0906 56.4692 -3.8696 0.0958
Car -1 -1 -5.2565 1164.8059 192.7104 1241.0000 226.1483 1.5073 1.6323 3.7868 30.3882 2.5765 36.8756 -4.5718 0.0833
Car -1 -1 -4.7603 1137.3002 185.4829 1168.0200 208.9572 1.6295 1.6445 4.0934 40.9630 2.6220 54.5651 -4.1194 0.0820
Car -1 -1 -4.0872 1066.1705 185.5236 1177.1570 232.5195 1.4674 1.6111 3.0351 17.2863 1.9189 24.4714 -3.4785 0.0676
Car -1 -1 -7.8061 828.9802 179.9494 909.8896 253.1422 1.5318 1.6769 4.4624 6.4849 1.7314 17.9446 -7.4653 0.0615
Car -1 -1 -4.8503 1227.1953 188.2502 1241.0000 216.2399 1.5996 1.6694 4.0823 40.5483 2.6222 45.7781 -4.1292 0.0614
Car -1 -1 -4.9185 1211.0770 188.0570 1241.0000 217.3444 1.5853 1.6042 3.8665 37.5343 2.5411 43.2960 -4.2081 0.0594
Car -1 -1 -4.8926 1204.3123 191.9835 1241.0000 222.7878 1.4840 1.6240 3.9562 33.9608 2.5873 39.5090 -4.1868 0.0523
