Car -1 -1 -8.4564 916.8515 189.1246 1241.0000 374.0000 1.4704 1.6353 4.1278 3.8952 1.6366 5.3187 -7.8514 0.9274
Pedestrian -1 -1 -3.6090 1220.8759 151.2044 1241.0000 222.6547 1.7448 0.5940 0.5553 15.6657 1.2158 17.9743 -2.9005 0.4050
Car -1 -1 -4.0391 0.0000 130.9562 55.7786 206.5011 1.9775 1.7689 3.9170 -18.4195 0.8805 20.8825 -4.7557 0.3279
Car -1 -1 -3.5407 750.6910 177.0851 836.6888 207.3631 1.4833 1.5495 3.9487 9.2793 1.7045 36.7136 -3.2956 0.2591
Pedestrian -1 -1 -5.5662 362.4035 167.0126 378.8081 195.4004 1.8782 0.5950 0.8608 -16.0165 1.4914 48.1790 -5.8857 0.1821
Pedestrian -1 -1 -4.3601 1060.7615 148.8389 1101.1586 226.0524 1.8697 0.6577 0.6588 11.6522 1.2879 17.9331 -3.7917 0.1649
Car -1 -1 -7.4056 743.8065 167.0455 796.4952 193.4368 1.6004 1.7284 3.9595 10.1792 1.2479 45.8463 -7.1888 0.1531
Pedestrian -1 -1 -7.2465 952.0436 147.9014 971.5845 177.8051 1.7101 0.6254 0.8830 20.3201 0.2828 41.7513 -6.7963 0.1322
Pedestrian -1 -1 -6.5274 1159.2004 149.1602 1197.1554 245.8717 1.7921 0.5933 0.4299 10.7469 1.3527 13.7279 -5.8740 0.1308
Pedestrian -1 -1 -7.8979 348.6375 162.1734 360.6095 193.0773 1.7769 0.6292 0.6142 -14.8639 1.1625 41.8891 -8.2371 0.1143
Pedestrian -1 -1 -3.3799 179.0116 138.5278 279.6389 301.2075 1.8552 0.5424 0.9821 -4.6679 1.4635 8.7556 -3.8577 0.1002
Cyclist -1 -1 -7.7880 258.8655 154.7867 271.2500 189.7493 1.7518 0.4606 1.6898 -17.7319 0.8463 37.0237 -8.2320 0.0988
Car -1 -1 -6.0109 837.8534 163.5208 896.0862 183.2133 1.7874 1.7246 4.8540 24.0239 0.9400 67.5927 -5.6710 0.0953
Pedestrian -1 -1 -5.5221 1169.4098 151.9749 1204.9663 212.5339 1.8071 0.6467 0.5459 17.4225 1.1838 21.8476 -4.8557 0.0926
Pedestrian -1 -1 -3.7924 1167.8333 136.1940 1179.9792 169.4099 1.8686 0.4872 0.3093 31.9149 -0.1966 40.8864 -3.1329 0.0904
Pedestrian -1 -1 -3.9111 960.5490 154.2419 981.1080 200.1466 1.8011 0.5222 0.5098 14.2737 1.0705 28.6368 -3.4531 0.0877
Pedestrian -1 -1 -4.9075 1198.1520 149.5605 1220.2357 193.2782 1.9556 0.6199 0.8235 27.1766 0.9133 32.7856 -4.2199 0.0845
Car -1 -1 -4.4208 406.5433 157.5642 441.9919 179.3548 1.7266 1.6841 4.1961 -15.2405 0.5148 59.3027 -4.6714 0.0824
Car -1 -1 -8.4422 955.7675 161.7837 1070.6637 213.8916 1.5445 1.5926 3.3655 12.7524 1.2161 23.1345 -7.9441 0.0661
Car -1 -1 -4.6444 585.7456 173.6028 605.8278 191.8531 1.7016 1.6592 4.1818 -1.3617 1.7757 69.5773 -4.6643 0.0618
Pedestrian -1 -1 -5.3798 1085.2980 153.1755 1116.8042 215.8570 1.8592 0.6696 0.4130 14.6704 1.2752 21.6340 -4.7905 0.0602
Cyclist -1 -1 -2.1447 300.5419 158.6624 403.1596 265.7539 1.6937 0.5909 2.1169 -4.4806 1.4689 12.2894 -2.4880 0.0585
Cyclist -1 -1 -7.5104 157.4301 159.0838 187.7127 200.4740 1.6685 0.5374 1.6800 -18.1903 1.1131 29.9628 -8.0523 0.0580
Cyclist -1 -1 -8.1733 986.6923 175.0352 1029.8286 240.8836 1.5035 0.4119 1.5958 9.5009 1.5582 17.3509 -7.6800 0.0570
Pedestrian -1 -1 -3.5012 1224.8237 149.4778 1240.8370 196.7625 1.9467 0.4854 0.3535 25.8441 0.9840 29.9944 -2.7949 0.0566
Pedestrian -1 -1 -6.1952 28.4058 149.2660 60.2356 219.7210 1.8497 0.6200 0.6179 -15.2272 1.2301 19.3705 -6.8549 0.0565
Pedestrian -1 -1 -5.9617 394.1878 161.3254 403.5941 181.5767 1.7008 0.5740 0.6120 -17.8400 0.7323 60.8949 -6.2456 0.0521
Pedestrian -1 -1 -3.6909 1186.3337 155.3757 1208.2544 194.9758 1.8400 0.5683 0.5857 27.5019 1.0276 33.8452 -3.0130 0.0519
Car -1 -1 -3.0661 627.7133 176.7516 669.8839 192.1343 1.4414 1.5629 3.9308 3.7140 1.8202 69.1564 -3.0130 0.0503
Pedestrian -1 -1 -8.1464 704.9093 170.5265 731.5812 223.0788 1.6814 0.6241 0.9038 3.4820 1.6066 23.5781 -8.0022 0.5781
Pedestrian -1 -1 -8.1720 794.0389 176.5553 834.9269 251.9911 1.5760 0.7267 0.4615 4.2908 1.6557 15.3479 -7.9053 0.2386
Pedestrian -1 -1 -7.9747 792.6378 178.6741 824.9329 251.5170 1.5017 0.6052 0.4150 4.1186 1.6257 15.1616 -7.7153 0.1712
Pedestrian -1 -1 -4.6458 674.4969 178.3676 689.9761 217.5545 1.4278 0.5368 0.5433 2.6285 1.6339 26.6895 -4.5494 0.1419
Cyclist -1 -1 -2.0041 247.9806 169.0246 280.2631 209.8403 1.7232 0.6477 1.6048 -15.0169 1.5612 31.2246 -2.4493 0.1344
Pedestrian -1 -1 -4.7815 763.2383 182.3743 778.0646 221.9250 1.3017 0.4505 0.4650 5.3238 1.6233 24.1359 -4.5676 0.1215
Cyclist -1 -1 -6.3862 742.1745 170.3220 787.6968 223.1918 1.7651 0.5485 1.4561 5.1891 1.6803 24.4368 -6.1801 0.1177
Cyclist -1 -1 -2.6475 638.0060 172.3571 673.4617 208.6920 1.7011 0.6265 1.5815 2.1396 1.6776 34.4638 -2.5866 0.1086
Pedestrian -1 -1 -7.3003 261.5002 173.5059 283.0503 212.2178 1.6438 0.6503 0.5405 -14.5287 1.6717 30.9550 -7.7361 0.1011
Cyclist -1 -1 -4.7805 648.0390 176.2909 657.7912 202.8465 1.5154 0.4661 1.4596 2.4625 1.7192 42.0976 -4.7230 0.0993
Pedestrian -1 -1 -7.8870 0.0000 170.7308 46.7074 305.0435 1.6065 0.6128 0.4555 -7.4876 1.5808 9.0028 -8.5664 0.0949
Cyclist -1 -1 -5.0864 651.8176 173.0447 672.2441 207.8044 1.6340 0.4804 1.4466 2.4517 1.6430 34.6883 -5.0170 0.0936
Pedestrian -1 -1 -8.1528 791.6033 177.0646 827.7378 255.0202 1.5817 0.6085 0.4593 4.0666 1.6697 14.9066 -7.8924 0.0855
Cyclist -1 -1 -8.5671 659.8372 173.6966 698.1516 218.9690 1.6232 0.5016 1.5702 2.4926 1.6550 26.6839 -8.4756 0.0831
Pedestrian -1 -1 -8.9758 945.4338 164.5894 958.2894 188.9583 1.8076 0.6940 0.6315 25.5487 1.1943 53.9854 -8.5361 0.0778
Cyclist -1 -1 -8.4319 758.8793 169.7422 819.8242 251.8933 1.6711 0.4354 1.6388 3.7762 1.6075 15.5221 -8.1985 0.0729
Pedestrian -1 -1 -3.6907 169.3723 162.0802 255.8222 305.1259 1.6402 0.4706 0.7865 -4.8526 1.5163 8.7314 -4.1856 0.0659
Pedestrian -1 -1 -4.3515 687.2800 181.5034 703.4205 217.3736 1.2659 0.4108 0.5493 3.0267 1.5809 25.9646 -4.2374 0.0657
Pedestrian -1 -1 -6.5002 526.3100 166.8230 544.5963 204.6911 1.7852 0.6399 0.7472 -3.6013 1.5006 34.4360 -6.6041 0.0655
Cyclist -1 -1 -5.0897 670.4219 172.2579 696.9119 217.0779 1.6354 0.4630 1.5049 2.7107 1.6134 27.1152 -4.9918 0.0645
Pedestrian -1 -1 -5.5265 199.3649 154.7259 298.0922 307.2426 1.7690 0.5086 0.9968 -4.4358 1.5584 8.7589 -5.9837 0.0634
Cyclist -1 -1 -6.2795 759.1902 169.2603 839.9431 251.0119 1.6600 0.5991 1.6073 3.9118 1.5867 15.1410 -6.0322 0.0632
Pedestrian -1 -1 -5.0412 796.3078 181.3990 827.9575 252.6586 1.4190 0.5347 0.3375 4.0331 1.5938 14.5985 -4.7778 0.0628
Pedestrian -1 -1 -3.2170 486.3963 166.6146 515.6599 234.4977 1.6447 0.4345 0.6811 -2.7377 1.4932 17.7696 -3.3683 0.0617
Pedestrian -1 -1 -7.5907 180.1311 172.6958 206.3508 220.9425 1.5950 0.6560 0.4866 -14.0036 1.5895 24.1724 -8.1112 0.0607
Cyclist -1 -1 -7.6646 659.9532 172.5293 674.2890 207.3019 1.6381 0.4263 1.4515 2.7162 1.6225 34.7462 -7.5878 0.0601
Cyclist -1 -1 -4.3396 327.4178 171.2464 349.9819 204.1775 1.7307 0.5750 1.6410 -14.5940 1.6459 38.7451 -4.6979 0.0596
Cyclist -1 -1 -5.1898 775.3264 169.2970 833.2585 251.3873 1.6616 0.5298 1.5501 4.0714 1.5893 15.4197 -4.9373 0.0577
Cyclist -1 -1 -6.8005 665.6551 170.7785 690.2101 196.7951 1.7888 0.6509 1.5883 4.6986 1.6458 50.2340 -6.7082 0.0564
Pedestrian -1 -1 -6.8437 438.9265 169.2442 457.2578 203.6117 1.8325 0.6590 0.7268 -8.7812 1.6398 38.9634 -7.0642 0.0558
Cyclist -1 -1 -7.3460 0.0000 162.3940 54.7241 314.0884 1.6370 0.5461 1.7020 -7.5207 1.5238 8.6738 -8.0452 0.0548
Cyclist -1 -1 -2.5761 229.5736 167.8238 276.9405 211.3985 1.8242 0.7174 1.6824 -15.1908 1.6133 30.6542 -3.0330 0.0537
Cyclist -1 -1 -7.2855 519.1741 171.7589 549.0927 213.8623 1.6417 0.4561 1.5030 -3.0723 1.5987 28.9088 -7.3909 0.0525
Cyclist -1 -1 -6.7377 654.7524 168.7456 688.8480 206.7204 1.7828 0.6054 1.5087 2.9077 1.5897 34.4305 -6.6547 0.0525
Cyclist -1 -1 -2.6574 663.9974 174.1177 708.6287 220.3185 1.6284 0.5483 1.5256 2.7101 1.6750 26.1172 -2.5558 0.0514
Car -1 -1 -8.2220 785.2695 162.7909 1021.4536 307.6200 1.7526 1.7314 4.3053 4.0291 1.6306 10.9044 -7.8778 0.9286
Car -1 -1 -7.9000 587.2157 178.9988 643.0495 224.7110 1.3222 1.6102 3.3460 0.0525 1.5326 23.0365 -7.8984 0.9145
Car -1 -1 -4.0659 0.0000 177.9190 199.2930 280.5602 1.3959 1.4735 3.6272 -8.5945 1.4915 11.8275 -4.6837 0.8000
Car -1 -1 -2.1395 307.9863 176.9256 472.2766 253.2372 1.4165 1.5596 3.7743 -4.8173 1.5133 15.4019 -2.4383 0.7278
Car -1 -1 -7.8912 591.2712 174.1684 626.5181 205.7820 1.5214 1.6472 3.6911 -0.1402 1.5915 36.7577 -7.8955 0.7125
Car -1 -1 -2.0058 243.3950 178.1030 420.5300 276.7166 1.4213 1.5655 3.2979 -4.8608 1.5228 12.2881 -2.3757 0.6796
Car -1 -1 -4.4279 169.9671 178.6098 294.5034 248.2386 1.3408 1.4635 3.6709 -8.3426 1.4849 16.1542 -4.8982 0.5387
Car -1 -1 -1.7743 0.0000 183.1366 180.1394 374.0000 1.4517 1.5610 3.6207 -4.2849 1.5357 4.2432 -2.5335 0.5095
Car -1 -1 -2.3173 461.3327 174.8433 540.4856 206.6002 1.3955 1.4848 3.7704 -5.1668 1.4930 33.6831 -2.4688 0.4970
Car -1 -1 -2.1766 409.1064 176.5744 519.6219 224.1161 1.3706 1.5408 3.8204 -4.7435 1.4985 22.9727 -2.3785 0.4959
Car -1 -1 -7.6118 290.1487 174.9895 371.2519 225.5474 1.4186 1.5217 3.4906 -8.5488 1.4895 22.2243 -7.9754 0.3760
Car -1 -1 -8.5054 912.1981 166.0717 964.6251 187.7563 1.6121 1.6481 3.9014 25.2747 1.1076 55.7286 -8.0818 0.3570
Car -1 -1 -7.6803 433.8734 174.9765 474.9859 203.8496 1.5343 1.6320 3.7447 -8.7202 1.6588 40.5222 -7.8913 0.3377
Car -1 -1 -4.0993 517.5384 175.2991 572.9110 200.4811 1.4986 1.6260 3.7135 -4.0592 1.6588 45.3450 -4.1885 0.3360
Car -1 -1 -2.2742 424.7004 174.5502 523.3661 216.9897 1.4102 1.5157 3.5727 -4.9493 1.4747 25.8250 -2.4621 0.3344
Car -1 -1 -4.3338 264.6826 172.3630 336.8566 207.2099 1.4790 1.5698 4.1611 -13.9605 1.4578 32.7208 -4.7344 0.3212
Car -1 -1 -4.7695 182.6758 173.4722 237.1957 216.7738 1.4198 1.4903 3.7619 -14.3433 1.4432 25.7038 -5.2743 0.2346
Car -1 -1 -4.4501 321.4094 171.7616 368.9151 199.9695 1.4844 1.5589 3.6760 -14.6088 1.4266 39.8681 -4.7995 0.2102
Car -1 -1 -2.3141 480.9217 168.0797 561.7934 204.2563 1.7086 1.6729 4.0989 -4.5064 1.4828 36.0410 -2.4380 0.1873
Car -1 -1 -7.8741 795.6657 179.2701 879.9210 253.7713 1.4318 1.6083 3.8212 5.0060 1.5945 16.2775 -7.5816 0.1580
Car -1 -1 -3.8014 0.0000 167.3128 56.0156 362.5602 1.4746 1.5681 3.9306 -8.2144 1.4325 7.4813 -4.6156 0.1558
Car -1 -1 -4.9667 834.5276 173.5910 918.5397 227.0162 1.5318 1.5537 3.7124 8.2101 1.5566 22.6588 -4.6238 0.1464
Car -1 -1 -4.8843 642.9328 174.0489 679.1078 201.1650 1.5477 1.5574 3.5999 2.9774 1.6221 43.2187 -4.8165 0.1148
Car -1 -1 -4.7089 661.2450 173.9341 684.4810 195.9505 1.5439 1.6321 4.0611 4.5806 1.6259 52.8971 -4.6234 0.0974
Car -1 -1 -3.3456 685.2053 174.9324 737.5432 196.5533 1.5743 1.6096 3.5989 7.4820 1.7312 53.6393 -3.2081 0.0831
Car -1 -1 -5.0902 619.6520 175.6577 662.7710 198.1700 1.4748 1.6062 4.0156 2.0811 1.6770 49.9667 -5.0492 0.0812
Car -1 -1 -8.0934 645.1913 175.6113 690.9159 206.3277 1.5411 1.5938 3.6681 3.0048 1.6953 38.4890 -8.0166 0.0806
Car -1 -1 -8.1058 369.1248 176.0540 466.1848 239.7906 1.4893 1.5826 3.7517 -5.2216 1.5826 19.0848 -8.3699 0.0668
Car -1 -1 -8.0475 784.6498 174.3828 857.6217 226.2095 1.5228 1.5553 3.5787 6.6344 1.5754 23.1557 -7.7725 0.0550
Car -1 -1 -7.9584 628.6619 174.6595 666.7161 206.1503 1.4764 1.5186 3.4843 1.7857 1.5702 35.8151 -7.9095 0.0529
Car -1 -1 -7.8914 705.3741 177.5047 751.2736 217.5771 1.3721 1.5363 3.9412 4.3545 1.5605 27.2285 -7.7351 0.0513
