Car -1 -1 -7.2970 0.0000 187.2075 241.0173 307.2390 1.5511 1.5788 3.9350 -7.5954 1.5881 11.3397 -7.8765 0.9682
Pedestrian -1 -1 -4.4846 801.8775 175.3153 844.9798 265.4084 1.6506 0.6607 0.6306 4.0332 1.4694 13.6066 -4.2025 0.1260
Car -1 -1 -7.9996 646.6265 185.1976 717.5880 236.9210 1.4250 1.5710 3.7813 2.1105 1.4246 21.7325 -7.9045 0.1138
Pedestrian -1 -1 -5.8262 988.1693 152.6289 1117.6609 351.0088 1.8139 0.5544 0.9448 4.3298 1.5161 7.1199 -5.2974 0.1122
Car -1 -1 -8.3048 632.7496 175.5873 669.8364 195.5771 1.7092 1.6835 4.0294 3.8018 0.8861 63.6476 -8.2458 0.0906
Car -1 -1 -6.3209 533.9791 176.6251 620.8630 209.9083 1.6500 1.7263 4.3285 -1.6061 1.2243 36.6748 -6.3648 0.0899
Car -1 -1 -4.2629 405.7221 167.3819 445.6583 184.9324 1.5379 1.7297 4.5245 -16.5340 -0.0266 65.4588 -4.5096 0.0691
Car -1 -1 -7.9029 0.0000 171.3592 5.9532 198.3422 1.6864 1.7296 4.2995 -40.7425 0.8205 47.0806 -8.6136 0.0665
Car -1 -1 -7.9122 634.0128 180.7198 674.2372 214.4687 1.4888 1.6342 4.0261 2.0824 1.2906 33.7261 -7.8515 0.0627
Car -1 -1 -8.0985 559.9668 199.6174 1240.0000 375.0000 1.5218 1.6247 3.9670 0.8240 1.6105 2.3937 -7.8005 0.0624
Pedestrian -1 -1 -3.2729 114.0822 171.3103 139.5116 227.6544 1.8822 0.6610 0.6405 -16.4189 1.4179 24.4735 -3.8590 0.0553
Cyclist -1 -1 -8.5280 1005.7872 179.2781 1177.8630 343.5533 1.6143 0.5083 1.8576 5.2336 1.5561 8.0154 -7.9658 0.0523
Cyclist -1 -1 -6.0808 437.5010 174.6131 471.7762 206.0110 1.8112 0.6834 1.8509 -8.9291 1.1998 41.8169 -6.2903 0.0503
Pedestrian -1 -1 -5.6301 157.0983 169.8459 179.2041 201.6069 1.7865 0.7101 0.8057 -24.9953 0.9221 40.8301 -6.1767 0.4223
Cyclist -1 -1 -7.6158 162.9558 169.0080 178.4793 199.6059 1.7258 0.3938 1.6038 -25.1725 0.8118 41.3687 -8.1597 0.1518
Cyclist -1 -1 -2.4075 138.5809 166.8526 174.6593 199.5777 1.8371 0.6865 1.7214 -25.6581 0.8064 40.8424 -2.9657 0.0915
Pedestrian -1 -1 -5.7505 541.4587 180.1557 555.5347 203.2781 1.5458 0.7075 0.6827 -4.0237 1.2077 48.5259 -5.8332 0.0689
Car -1 -1 -7.8428 563.2694 180.1959 617.0181 230.0213 1.5053 1.6243 3.5663 -0.6043 1.3538 23.5120 -7.8687 0.9420
Car -1 -1 -7.5629 282.9644 180.4216 479.8681 310.4078 1.5972 1.6585 4.0863 -3.2035 1.5385 10.8855 -7.8428 0.9300
Car -1 -1 -7.7227 472.5597 184.3698 541.8519 230.3101 1.4184 1.7845 4.0940 -3.3367 1.3925 24.2458 -7.8583 0.9094
Car -1 -1 -7.6551 420.4898 180.7971 467.1577 212.1756 1.4966 1.5683 3.7970 -8.2283 1.2860 36.2019 -7.8773 0.8496
Car -1 -1 -7.6585 276.0938 185.1747 333.8449 221.3641 1.4179 1.5603 3.5243 -12.6200 1.4165 30.0469 -8.0533 0.8360
Car -1 -1 -7.7892 465.5032 178.0361 492.8726 201.5455 1.5544 1.6200 3.6517 -8.8292 1.0798 49.4325 -7.9654 0.7018
Car -1 -1 -7.0181 0.0000 206.7009 285.2650 375.0000 1.4973 1.6740 4.2477 -3.2328 1.6491 2.9166 -7.8099 0.6361
Car -1 -1 -4.7318 534.9924 178.7933 557.0206 201.1027 1.4951 1.4506 3.8671 -4.3620 1.0648 50.1739 -4.8184 0.5662
Car -1 -1 -7.4506 308.1453 183.5572 406.0872 237.2829 1.5553 1.5798 3.7058 -7.8438 1.5074 22.7162 -7.7798 0.5187
Car -1 -1 -4.6867 388.5928 180.2375 415.7180 204.9324 1.4877 1.5454 3.8048 -12.9572 1.1880 45.3408 -4.9639 0.5156
Car -1 -1 -7.8502 509.4857 181.2481 541.5993 209.6304 1.3972 1.5746 3.8359 -4.3016 1.2020 37.3798 -7.9643 0.4606
Car -1 -1 -4.0631 74.0126 187.0137 231.4609 246.9100 1.4566 1.5005 4.0043 -12.2885 1.5111 19.6706 -4.6156 0.3866
Car -1 -1 -7.7008 438.8926 179.2234 477.1825 205.8396 1.5306 1.6573 4.0916 -9.0177 1.1862 43.4245 -7.9047 0.2732
Car -1 -1 -7.6122 141.3550 169.5150 191.2566 198.0353 1.5958 1.6710 3.6181 -25.8759 0.7175 42.1990 -8.1596 0.1625
Car -1 -1 -6.0639 617.5604 181.1907 681.4833 203.8909 1.4926 1.6041 4.0632 2.8079 1.2281 48.5929 -6.0070 0.1242
Car -1 -1 -7.8035 430.8009 183.6550 475.3312 221.2539 1.4855 1.6406 4.0693 -6.5449 1.4240 30.5402 -8.0132 0.0754
Car -1 -1 -6.4219 614.6836 180.1762 679.6093 204.8609 1.5117 1.6619 3.8636 2.4089 1.2032 45.0157 -6.3692 0.0734
Car -1 -1 -4.6934 167.4961 187.3586 229.6886 235.7045 1.4214 1.6340 4.1558 -13.3744 1.4984 23.5486 -5.2054 0.0732
Car -1 -1 -7.6737 380.1003 181.4305 438.5555 221.0602 1.5288 1.6375 3.9877 -8.1786 1.3829 29.7879 -7.9397 0.0663
Car -1 -1 -4.5889 566.9155 177.5294 598.1177 200.4807 1.5343 1.6799 4.1685 -1.7432 1.0207 50.2074 -4.6239 0.0537
Car -1 -1 -6.8053 603.4490 180.9412 677.5487 208.0012 1.5012 1.6778 3.9705 1.8700 1.2642 41.5373 -6.7611 0.0517
