Pedestrian -1 -1 -8.1398 551.6585 160.7638 574.0940 205.6226 1.6988 0.6532 0.8269 -1.5130 0.9139 27.7028 -8.1989 0.3631
Cyclist -1 -1 -6.7801 185.5861 174.5048 271.5338 257.3750 1.6371 0.4939 1.5413 -7.7795 1.4995 14.9671 -7.2577 0.1125
Car -1 -1 -8.0060 699.7377 152.2052 730.8710 175.7452 1.6428 1.6428 4.1262 8.4048 -0.4429 53.2053 -7.8548 0.1067
Pedestrian -1 -1 -4.9270 40.7018 169.5732 118.7378 330.1914 1.6960 0.5418 0.8633 -5.9199 1.5708 8.0753 -5.5501 0.0877
Car -1 -1 -7.8248 595.5168 163.4989 615.8049 181.4108 1.5479 1.7149 4.1204 0.4378 -0.0085 64.1867 -7.8228 0.0762
Car -1 -1 -3.8503 0.0000 184.2125 92.2003 291.1411 1.5362 1.5748 3.5914 -10.9752 1.5904 12.3030 -4.5735 0.0720
Car -1 -1 -7.9509 648.1263 156.4782 671.1346 175.4325 1.6173 1.6501 4.1050 5.2405 -0.5642 64.6900 -7.8751 0.0674
Car -1 -1 -6.1092 724.1718 155.9006 794.2089 181.3052 1.5024 1.6290 3.9743 9.6670 -0.0123 44.0064 -5.8990 0.0576
Pedestrian -1 -1 -4.3434 32.9597 145.1812 73.7466 220.5756 1.8344 0.6486 0.5564 -13.6336 0.9513 17.8348 -4.9940 0.0524
Pedestrian -1 -1 -3.8563 662.0240 162.5836 673.5862 186.1459 1.8113 0.6011 0.6591 5.1611 0.3570 55.6576 -3.7691 0.0514
Pedestrian -1 -1 -4.7386 952.1665 112.1203 1124.0571 373.0000 1.7741 0.7209 0.7474 2.2282 1.4509 3.8499 -4.2488 0.8100
Pedestrian -1 -1 -4.3341 435.7785 150.1885 529.4631 325.4362 1.7865 0.7149 0.9495 -1.3255 1.4680 7.8617 -4.5018 0.7809
Pedestrian -1 -1 -8.3960 877.2131 139.1931 1006.0378 362.9383 1.7134 0.6545 0.7515 2.7193 1.3902 5.9169 -7.9875 0.7105
Pedestrian -1 -1 -7.7342 696.5803 154.4910 722.5572 211.5661 1.7894 0.7274 0.9181 3.4490 0.9431 23.0584 -7.5925 0.6550
Cyclist -1 -1 -4.7129 684.7310 162.8556 694.9056 197.9800 1.5139 0.4332 1.5105 3.8836 0.7106 31.7362 -4.5971 0.3664
Cyclist -1 -1 -4.8666 1086.6863 150.2192 1230.9408 373.0000 1.6113 0.5434 1.7429 4.1537 1.4101 5.5393 -4.2512 0.3534
Pedestrian -1 -1 -4.7490 687.9103 149.3131 707.4975 199.4157 1.8525 0.6888 0.9581 3.5981 0.6628 27.0677 -4.6230 0.3333
Cyclist -1 -1 -4.9008 915.9379 132.4108 968.0029 238.5663 1.7590 0.4955 1.7122 5.9891 0.9462 12.7930 -4.4759 0.2645
Pedestrian -1 -1 -7.7058 925.1609 154.8567 983.7746 285.0711 1.5894 0.6081 0.5317 4.4542 1.2649 9.1576 -7.2696 0.2170
Pedestrian -1 -1 -4.9628 989.6835 128.5842 1046.8982 251.9478 1.8193 0.5872 0.7195 6.3300 1.0396 11.0162 -4.4566 0.1945
Pedestrian -1 -1 -4.8833 745.8595 149.0577 767.1703 199.1796 1.8504 0.6345 0.8794 5.7931 0.6531 26.9697 -4.6786 0.1745
Cyclist -1 -1 -3.7739 878.1491 160.5701 1048.0129 289.2372 1.5236 0.7244 1.8496 4.4785 1.2764 9.0354 -3.3306 0.1672
Pedestrian -1 -1 -4.0121 564.2675 156.9622 576.4505 184.6747 1.9065 0.5688 0.6368 -2.1450 0.2184 49.8436 -4.0597 0.1444
Cyclist -1 -1 -7.7620 687.3412 159.3297 703.1912 198.3017 1.6629 0.5462 1.7356 4.1148 0.7172 31.5570 -7.6384 0.1327
Pedestrian -1 -1 -3.0154 756.5646 153.0165 778.5870 200.0884 1.7827 0.6189 0.7577 6.3700 0.7044 27.6247 -2.7958 0.1325
Pedestrian -1 -1 -3.1105 498.7674 159.7983 532.5160 250.5867 1.6975 0.6689 0.6276 -1.6807 1.2923 13.7932 -3.2349 0.1297
Pedestrian -1 -1 -4.7199 943.5283 132.7507 973.4818 204.8340 1.8373 0.6864 0.6033 9.2663 0.5953 18.7288 -4.2709 0.1257
Cyclist -1 -1 -4.3479 27.5427 132.8296 65.3734 177.8601 1.7086 0.5908 1.7708 -21.8910 -0.1480 28.3396 -5.0057 0.1243
Pedestrian -1 -1 -4.3299 792.7427 152.7820 817.8132 209.9438 1.7641 0.5646 0.6393 6.3841 0.8783 22.5947 -4.0626 0.1163
Pedestrian -1 -1 -3.5305 667.6590 156.9335 682.0575 186.7198 1.7841 0.6895 0.6508 4.4401 0.3128 43.4505 -3.4341 0.1133
Pedestrian -1 -1 -4.0153 805.1522 148.6343 835.9234 208.4121 1.8077 0.6059 0.6931 6.7304 0.8143 22.1674 -3.7288 0.1115
Pedestrian -1 -1 -3.5919 1021.1316 131.8054 1085.3488 269.8182 1.7977 0.5976 0.5162 6.0246 1.1511 9.6775 -3.0524 0.1045
Pedestrian -1 -1 -6.2010 41.5439 135.4293 54.9433 181.9682 1.8229 0.5280 0.3796 -21.9360 0.0187 28.4619 -6.8578 0.1006
Pedestrian -1 -1 -7.6555 762.5190 153.2431 784.1685 200.6992 1.7279 0.6518 0.7448 6.3524 0.6994 26.6281 -7.4285 0.0961
Pedestrian -1 -1 -4.4796 384.8513 190.3835 435.6856 313.7672 1.3015 0.4242 0.5630 -2.1444 1.4036 7.9065 -4.7422 0.0924
Pedestrian -1 -1 -6.7913 904.6080 135.8157 956.7620 237.2552 1.7968 0.6093 0.6424 5.9319 0.9882 13.0571 -6.3775 0.0911
Pedestrian -1 -1 -7.6259 681.7248 155.6676 696.0182 186.7412 1.8496 0.7199 0.6875 5.2617 0.3121 43.2032 -7.5102 0.0891
Cyclist -1 -1 -2.3096 18.9217 134.2555 68.7977 180.0170 1.7819 0.6472 1.6075 -22.1030 -0.0594 28.4575 -2.9701 0.0886
Pedestrian -1 -1 -7.3541 556.8566 157.0597 570.3441 184.8437 1.8592 0.6419 0.7275 -2.5458 0.2238 48.5344 -7.4110 0.0850
Pedestrian -1 -1 -6.6334 1100.4526 138.1152 1185.4985 289.7237 1.6926 0.5708 0.6254 6.2451 1.2089 8.3781 -6.0130 0.0820
Pedestrian -1 -1 -4.7847 902.1455 142.2801 930.9055 210.8712 1.7591 0.6266 0.8009 8.2477 0.7538 18.9032 -4.3833 0.0819
Cyclist -1 -1 -2.5202 196.8390 134.3997 241.6686 176.8210 1.7647 0.6547 1.5917 -16.1880 -0.2005 30.4062 -3.0105 0.0816
Cyclist -1 -1 -8.6550 1043.8092 127.6584 1217.2528 289.3423 1.6948 0.5554 1.7059 6.0581 1.1311 8.4205 -8.0512 0.0775
Pedestrian -1 -1 -3.8513 1107.6915 126.7913 1221.7509 294.1762 1.7527 0.5622 0.8104 6.0705 1.1806 7.8313 -3.2133 0.0773
Pedestrian -1 -1 -7.7447 953.0850 140.5373 1021.1320 285.9228 1.7020 0.6882 0.6114 4.7077 1.2232 8.8539 -7.2735 0.0749
Pedestrian -1 -1 -4.8715 968.4807 124.2441 1024.1566 249.7107 1.8744 0.6234 0.8320 6.1059 1.0197 11.2250 -4.3882 0.0709
Cyclist -1 -1 -3.3944 674.5912 153.7593 704.6440 183.7933 1.7980 0.5776 1.7112 5.3263 0.1374 43.4066 -3.2778 0.0662
Cyclist -1 -1 -8.1376 923.6453 143.2722 1011.0004 282.8423 1.6393 0.5283 1.6508 4.6337 1.1910 9.2945 -7.6916 0.0637
Pedestrian -1 -1 -6.6651 584.4867 160.2962 599.0844 186.8091 1.7644 0.6091 0.8101 -0.6410 0.3533 48.2424 -6.6831 0.0635
Pedestrian -1 -1 -6.2482 750.3463 150.7225 770.8254 198.6404 1.7901 0.6515 0.7413 6.0163 0.6407 27.2411 -6.0377 0.0633
Cyclist -1 -1 -8.0628 677.4709 153.0854 701.2893 201.2671 1.7410 0.5234 1.7226 3.2490 0.7146 26.8378 -7.9484 0.0623
Pedestrian -1 -1 -4.5153 430.4673 169.7933 486.5415 303.4616 1.5089 0.5277 0.6772 -1.7174 1.3775 8.4485 -4.7158 0.0616
Cyclist -1 -1 -2.8139 725.6437 149.4804 777.2551 198.6433 1.7801 0.6826 1.7550 5.5571 0.6211 26.7449 -2.6159 0.0589
Pedestrian -1 -1 -2.5351 444.2122 168.9459 528.6871 308.4077 1.5353 0.5700 0.7827 -1.3783 1.3978 8.3327 -2.7000 0.0569
Pedestrian -1 -1 -4.3277 420.1516 160.0781 490.6717 304.8711 1.5459 0.5334 0.7646 -1.6793 1.3179 8.0932 -4.5318 0.0553
Cyclist -1 -1 -2.8803 402.7993 143.0809 556.2747 318.5901 1.8508 0.4351 1.5985 -1.3691 1.4464 7.8623 -3.0532 0.0552
Cyclist -1 -1 -7.6497 764.7007 151.6096 788.4238 198.2758 1.7138 0.5508 1.7237 6.6392 0.6165 27.2786 -7.4181 0.0545
Pedestrian -1 -1 -8.4904 769.5267 152.0862 796.4643 200.2235 1.7394 0.6933 0.6743 6.6463 0.6770 26.4018 -8.2511 0.0537
Pedestrian -1 -1 -6.7537 1082.5365 149.7887 1163.6874 282.9087 1.5571 0.4881 0.6381 6.2432 1.1869 8.6867 -6.1500 0.0537
Pedestrian -1 -1 -7.4786 295.5582 171.6585 368.4826 318.0020 1.5541 0.5825 0.5771 -3.0072 1.4503 7.9221 -7.8366 0.0510
Cyclist -1 -1 -7.8809 671.7034 159.5961 680.6638 186.8869 1.6402 0.4910 1.6257 4.5755 0.3238 44.0003 -7.7828 0.0502
Car -1 -1 -7.9669 670.6864 156.6749 704.4611 183.5521 1.6123 1.6399 3.9478 5.3612 0.1232 45.0646 -7.8539 0.3411
Car -1 -1 -4.5101 453.1964 145.4487 567.3082 242.4137 1.8993 1.7010 4.4879 -1.9446 1.1937 16.3756 -4.6317 0.2806
Car -1 -1 -4.3453 251.4015 134.4457 513.0993 312.4598 1.8488 1.7948 4.5467 -2.6477 1.3608 9.8148 -4.6079 0.2246
Car -1 -1 -5.0566 571.5523 156.5903 615.8782 184.2580 1.8795 1.7555 4.3837 -0.5910 0.1874 51.1569 -5.0729 0.1812
Car -1 -1 -6.4216 747.7920 152.5306 874.5439 196.5504 1.5863 1.7493 4.3650 7.7714 0.5427 27.0442 -6.1492 0.1806
Car -1 -1 -2.9898 602.1543 164.0838 686.4548 194.8511 1.5063 1.6019 4.0711 2.1830 0.6539 36.3687 -2.9352 0.1416
Car -1 -1 -7.1380 1141.7173 124.7518 1237.0000 275.0083 1.4726 1.6226 4.3847 8.6925 0.9172 7.9523 -6.3296 0.1263
Car -1 -1 -8.0188 670.8260 165.3071 711.0933 192.6950 1.4169 1.5681 3.6233 4.8068 0.5794 39.0093 -7.9019 0.1014
Car -1 -1 -7.4495 0.0000 134.4167 85.2402 175.6214 1.5308 1.6665 3.7722 -22.8631 -0.2562 29.3064 -8.1122 0.0825
Car -1 -1 -4.3733 56.3487 131.4736 140.1350 172.5918 1.5213 1.5914 3.9979 -20.6600 -0.3939 29.6445 -4.9824 0.0797
Car -1 -1 -4.5052 181.7626 131.8150 242.2070 170.4248 1.5000 1.5686 3.7228 -16.7765 -0.5097 31.0690 -5.0013 0.0719
Car -1 -1 -7.5103 220.7935 130.3067 292.0318 168.9839 1.4967 1.5913 3.7968 -14.8301 -0.5750 31.0447 -7.9572 0.0689
Car -1 -1 -7.9040 686.7300 164.1691 726.0776 197.2135 1.4097 1.5532 3.5090 4.6790 0.6707 32.4605 -7.7669 0.0641
Car -1 -1 -6.3669 684.5143 159.9621 770.2180 190.9491 1.4969 1.6247 4.0581 6.1862 0.4567 35.6764 -6.2013 0.0634
Car -1 -1 -7.9901 824.8808 150.2502 903.6746 210.2911 1.5529 1.5793 3.6314 7.3686 0.7452 20.5158 -7.6544 0.0576
Car -1 -1 -3.1736 579.6840 162.7749 677.9958 195.8463 1.4739 1.6612 4.3818 1.2057 0.6397 32.8461 -3.1421 0.0566
