Pedestrian -1 -1 -2.7644 463.8063 171.3666 557.1064 325.8645 1.6629 0.4441 0.9394 -1.1668 1.6466 8.0923 -2.9046 0.1869
Pedestrian -1 -1 -5.9821 430.9504 166.8022 446.4370 210.4366 1.8675 0.5532 0.5101 -7.4418 1.6082 31.1747 -6.2149 0.1326
Car -1 -1 -4.4294 248.5487 185.3605 369.5858 260.7598 1.3921 1.4926 3.4832 -6.4612 1.6957 15.7293 -4.8138 0.0728
Pedestrian -1 -1 -7.4408 419.4474 171.2398 436.2377 205.8401 1.8888 0.6954 0.6489 -10.0741 1.8004 39.7662 -7.6877 0.0546
Pedestrian -1 -1 -8.9626 839.3897 157.0837 878.6711 228.8816 1.8684 0.6382 0.7925 6.6033 1.4577 19.2828 -8.6379 0.0546
Car -1 -1 -7.5937 654.5287 166.7020 682.6281 184.7464 1.5760 1.6401 3.6614 5.2845 1.0384 65.0206 -7.5132 0.0540
Cyclist -1 -1 -4.2062 412.6443 176.7824 437.4466 211.0631 1.6427 0.5298 1.4855 -9.1395 1.8401 35.5403 -4.4565 0.0530
Pedestrian -1 -1 -4.4042 259.6704 153.9857 308.5958 251.9209 1.9057 0.6480 0.9173 -6.5997 1.5382 14.5321 -4.8241 0.0984
Pedestrian -1 -1 -3.1484 627.2087 168.5066 639.8942 192.8486 1.8688 0.4944 0.9736 1.7862 1.5347 55.6528 -3.1169 0.0861
Pedestrian -1 -1 -4.2345 1087.9191 152.8472 1152.2849 277.1996 1.7142 0.5414 0.6014 7.2411 1.4381 10.3275 -3.6369 0.0780
Pedestrian -1 -1 -7.8124 1166.9310 141.9257 1217.3411 270.9300 1.7588 0.5422 0.7118 8.2448 1.3369 10.2842 -7.1509 0.0762
Pedestrian -1 -1 -4.7292 1091.0718 138.9514 1134.1898 253.8413 1.8711 0.5757 0.6877 8.4279 1.3187 12.1961 -4.1361 0.0704
Pedestrian -1 -1 -4.7957 898.2910 161.0836 930.2411 241.4889 1.7898 0.6106 0.6846 6.8879 1.5275 16.4794 -4.4069 0.0690
Pedestrian -1 -1 -2.5642 342.5078 164.3941 380.5046 233.3518 1.8701 0.6056 0.7916 -6.9184 1.6404 19.9586 -2.8943 0.0674
Pedestrian -1 -1 -6.0055 315.4391 160.7630 353.5565 241.2182 1.8520 0.6682 0.6797 -6.5221 1.5734 16.9707 -6.3677 0.0626
Pedestrian -1 -1 -4.7376 1051.0690 153.7065 1091.3472 264.0694 1.7586 0.5350 0.5914 7.5327 1.4532 11.8875 -4.1845 0.0577
Pedestrian -1 -1 -5.6701 1133.3748 136.1040 1214.1163 277.9051 1.8347 0.5423 0.6697 7.5390 1.3589 9.7379 -5.0263 0.0541
Pedestrian -1 -1 -4.4209 881.6200 160.8812 920.0865 241.3468 1.7821 0.6476 0.6880 6.5812 1.5167 16.4510 -4.0472 0.0534
Pedestrian -1 -1 -5.8483 1005.5870 157.2289 1053.0846 252.7298 1.6956 0.5954 0.5569 7.6216 1.4179 13.2104 -5.3352 0.0525
Pedestrian -1 -1 -5.0888 1103.7767 147.9106 1168.8300 280.0511 1.7764 0.5678 0.5347 7.2424 1.4408 10.0260 -4.4777 0.0524
Car -1 -1 -8.2646 801.0864 174.9004 1133.8899 364.2709 1.5187 1.6185 3.8494 3.3507 1.5460 7.7676 -7.8721 0.9680
Car -1 -1 -4.2881 110.9250 176.2101 419.2832 371.5824 1.6446 1.5705 3.7490 -3.5002 1.6904 8.0318 -4.6879 0.9419
Car -1 -1 -4.5096 337.1930 175.7484 465.1349 279.5625 1.5976 1.5358 3.2709 -3.6332 1.6557 12.8810 -4.7799 0.9173
Car -1 -1 -8.1421 705.7729 153.2507 869.2526 271.3089 1.9101 1.7464 4.6076 3.1463 1.5926 14.0354 -7.9271 0.9113
Car -1 -1 -4.5012 405.6407 182.3837 495.7163 240.0352 1.3719 1.5782 4.1297 -4.3191 1.6619 19.9179 -4.7127 0.8229
Car -1 -1 -4.6033 486.9833 176.5678 525.5736 206.7219 1.5708 1.6793 4.2307 -5.7672 1.7888 40.2567 -4.7451 0.7586
Car -1 -1 -7.7399 467.4101 172.9525 496.5120 195.9530 1.6275 1.6766 3.8748 -9.4051 1.6348 53.0584 -7.9148 0.2919
Car -1 -1 -7.8470 610.3275 169.7624 628.9214 187.5935 1.5791 1.6469 3.8200 0.8671 1.3050 65.8242 -7.8342 0.2251
Car -1 -1 -4.6500 514.4769 176.0408 543.4112 201.5632 1.5827 1.6336 4.1527 -5.3140 1.8010 47.3851 -4.7615 0.1392
Car -1 -1 -4.8478 525.6733 173.4377 551.6774 193.2359 1.5687 1.5987 4.0157 -5.9328 1.6182 59.4342 -4.9472 0.1378
Car -1 -1 -8.0029 619.3306 173.0338 647.0878 192.9577 1.5271 1.6241 3.9983 1.7836 1.5416 57.4212 -7.9724 0.0975
Car -1 -1 -2.5803 432.9698 180.2100 515.9656 210.4365 1.4189 1.6239 3.7900 -6.8039 1.8007 36.0270 -2.7660 0.0964
Car -1 -1 -9.3762 0.0000 0.0000 1241.0000 374.0000 1.4778 1.5571 3.8282 5.0225 1.4363 1.9267 -8.2219 0.0659
Car -1 -1 -7.3147 1227.5267 134.5660 1241.0000 374.0000 1.5403 1.6112 4.2378 7.0121 1.3229 5.1464 -6.4041 0.0622
