Car -1 -1 -4.6819 591.8818 176.9473 612.7202 200.6685 1.8343 1.5726 3.9679 -0.6221 2.1772 58.4845 -4.6929 0.3753
Pedestrian -1 -1 -5.9916 532.5041 177.5976 547.0275 206.6226 1.7686 0.5608 0.7614 -4.3577 2.0627 44.4286 -6.0893 0.2552
Pedestrian -1 -1 -4.3060 685.3951 168.7917 700.1553 202.3228 2.0067 0.6162 0.8174 4.9786 1.7633 43.6889 -4.1938 0.2049
Pedestrian -1 -1 -3.5112 746.9524 172.3610 758.0101 207.6957 1.8461 0.4923 0.4204 7.4587 1.8200 37.9771 -3.3192 0.1834
Pedestrian -1 -1 -5.1073 715.5581 162.2806 738.2965 210.5981 2.0698 0.6523 0.9714 5.0486 1.6166 31.4576 -4.9502 0.1644
Pedestrian -1 -1 -4.7661 35.6761 211.5712 74.1855 308.7639 1.2779 0.4038 0.4974 -7.7983 1.8347 10.0622 -5.4128 0.1223
Car -1 -1 -4.9251 726.6394 174.6810 771.1502 203.3315 1.6463 1.7841 4.2484 8.3470 1.7625 43.8816 -4.7389 0.1114
Pedestrian -1 -1 -5.0034 824.4178 170.4933 851.0275 227.7661 1.8146 0.6242 0.7508 7.2794 1.7395 23.2389 -4.7042 0.1084
Pedestrian -1 -1 -8.2506 535.3575 174.3732 549.6177 203.6353 1.8562 0.6978 0.6906 -4.3664 1.9544 46.2885 -8.3446 0.1034
Pedestrian -1 -1 -4.0583 701.7435 167.4471 720.2479 208.8451 2.0266 0.6196 0.6864 4.9687 1.7616 35.7834 -3.9220 0.0867
Pedestrian -1 -1 -7.4914 413.0093 183.2351 438.4635 228.8027 1.5958 0.6890 0.6717 -6.6327 1.9722 25.8110 -7.7410 0.0861
Pedestrian -1 -1 -3.9126 1119.7280 133.0092 1241.0000 374.0000 1.9177 0.5399 0.9749 4.0187 1.6684 4.8291 -3.2492 0.0831
Pedestrian -1 -1 -5.4362 504.3291 175.1705 519.4049 213.4838 1.7378 0.5351 0.4299 -4.5447 1.8449 33.1121 -5.5720 0.0784
Pedestrian -1 -1 -7.7316 114.9496 178.4474 136.5635 226.5529 1.8328 0.6508 0.3847 -18.7527 2.0511 27.8820 -8.3195 0.0719
Pedestrian -1 -1 -4.4318 1140.3411 148.4661 1223.0153 324.5539 1.9422 0.5614 0.8393 6.6273 1.6729 8.4346 -3.7835 0.0671
Car -1 -1 -7.8425 711.7208 164.0736 730.3824 184.3574 1.8451 1.6812 4.2308 10.4431 1.0461 67.8589 -7.6907 0.0666
Car -1 -1 -4.5972 587.1124 181.4173 612.6820 202.8508 1.4753 1.4880 3.4838 -0.7414 2.1245 52.9167 -4.6116 0.0653
Cyclist -1 -1 -2.7257 190.0678 180.0088 240.5304 224.5931 1.8525 0.6893 1.7440 -16.7289 2.1590 30.5285 -3.2236 0.0602
Pedestrian -1 -1 -3.4160 839.9404 170.4666 859.0119 232.3968 1.7969 0.5355 0.3987 6.9869 1.7273 21.2106 -3.1026 0.0601
Pedestrian -1 -1 -5.8470 530.2130 175.8424 539.5537 207.0182 1.7384 0.4477 0.3679 -4.2588 1.9073 40.5584 -5.9514 0.0582
Car -1 -1 -7.5988 690.4130 174.0666 735.9577 208.2294 1.8603 1.6408 4.0398 5.9649 1.9336 41.6257 -7.4580 0.0563
Pedestrian -1 -1 -4.4139 902.1551 156.8438 947.9625 261.1118 1.9335 0.6378 0.6858 5.9946 1.6363 13.8475 -4.0140 0.0558
Pedestrian -1 -1 -3.2956 828.1885 168.2197 855.9078 229.1736 1.8738 0.5761 0.7406 7.1881 1.7311 22.5217 -2.9912 0.0545
Car -1 -1 -9.1478 0.0000 0.0000 1241.0000 374.0000 1.5067 1.6353 3.7808 3.7457 1.6841 0.9155 -7.8899 0.0530
Cyclist -1 -1 -7.2837 520.9372 179.7777 562.4278 237.3536 1.6412 0.4306 1.6210 -2.0747 1.8558 21.5834 -7.3792 0.0516
Cyclist -1 -1 -4.7980 503.2115 173.7766 516.8148 209.8732 1.7270 0.5278 1.5539 -4.9499 1.7730 35.3797 -4.9365 0.0507
Pedestrian -1 -1 -7.8030 447.6815 171.6506 466.8477 222.1839 1.8889 0.6781 0.6682 -5.8308 1.8437 27.3544 -8.0115 0.0504
Pedestrian -1 -1 -7.6160 228.6861 173.5313 254.0124 224.0661 1.7956 0.6777 0.6563 -13.3466 1.8201 26.0455 -8.0857 0.3012
Cyclist -1 -1 -2.8751 197.2895 172.2130 255.7920 224.2104 1.8200 0.7055 1.7210 -13.7285 1.7972 25.7855 -3.3604 0.2577
Cyclist -1 -1 -7.9834 814.7820 180.6478 852.0979 274.7238 1.6392 0.4449 1.6115 4.1178 1.7942 13.5409 -7.6954 0.2111
Pedestrian -1 -1 -4.5695 310.2922 179.2285 331.8258 226.3475 2.0179 0.7589 0.8579 -12.6669 2.3008 31.5433 -4.9489 0.1892
Pedestrian -1 -1 -4.3514 242.4565 180.9956 269.0991 228.1886 1.9724 0.8279 0.6842 -15.0915 2.3224 30.6666 -4.8057 0.1551
Pedestrian -1 -1 -7.7549 654.0761 180.4057 668.8412 208.3860 1.5531 0.7576 0.8089 2.8733 1.9843 40.7631 -7.6857 0.1499
Pedestrian -1 -1 -7.6888 372.1216 176.1725 389.6038 221.5658 1.8019 0.6102 0.4008 -9.2250 1.9357 28.9179 -7.9954 0.1486
Pedestrian -1 -1 -7.8076 296.7447 177.5747 317.4922 224.5867 1.6850 0.6687 0.6552 -11.1086 1.8600 26.3681 -8.2031 0.1410
Pedestrian -1 -1 -4.7488 270.9850 176.8279 291.1467 224.9771 1.7098 0.6410 0.7016 -11.9716 1.8560 26.1539 -5.1746 0.1352
Pedestrian -1 -1 -7.4269 258.1764 179.9120 280.2540 226.9606 1.9909 0.6810 0.5677 -14.6361 2.2957 30.9065 -7.8662 0.1234
Pedestrian -1 -1 -8.2082 382.5447 174.6811 396.5804 217.1448 1.8745 0.5483 0.2414 -9.8596 1.9562 32.1357 -8.5040 0.1102
Cyclist -1 -1 -4.4764 370.7347 178.5276 392.9726 221.8863 1.6797 0.5023 1.5462 -9.1850 1.9132 28.9463 -4.7815 0.1065
Pedestrian -1 -1 -5.4120 322.3503 179.3690 336.4518 223.6033 1.7600 0.4473 0.2905 -11.3415 2.0244 29.0528 -5.7815 0.1045
Pedestrian -1 -1 -7.5790 193.7408 176.1013 223.0080 227.2026 1.7755 0.7370 0.7203 -14.2648 1.8922 25.5595 -8.0839 0.1002
Pedestrian -1 -1 -7.6239 211.4191 173.0269 229.7711 224.8729 2.0163 0.5560 0.4050 -15.3308 2.0228 28.3300 -8.1163 0.0948
Pedestrian -1 -1 -5.3714 326.4171 178.7655 342.0273 223.1354 1.7626 0.4889 0.3271 -11.1405 2.0026 29.0349 -5.7351 0.0804
Pedestrian -1 -1 -8.7434 712.9445 173.4031 725.8044 198.3664 1.8820 0.6559 0.7138 8.2936 1.9239 54.9039 -8.5947 0.0793
Pedestrian -1 -1 -5.8351 193.0380 185.4559 211.1062 229.6967 1.8167 0.6380 0.4219 -17.0857 2.3488 30.1508 -6.3472 0.0746
Pedestrian -1 -1 -7.9167 302.2981 186.6276 320.3892 230.6034 1.8602 0.6829 0.6969 -12.9897 2.4657 31.2735 -8.3078 0.0731
Pedestrian -1 -1 -5.8196 327.6750 180.2950 341.4512 224.8421 1.7825 0.4895 0.3378 -11.1963 2.0862 29.2194 -6.1829 0.0731
Pedestrian -1 -1 -5.2699 375.8121 176.9327 393.8884 217.9267 1.7890 0.6047 0.4746 -10.0112 1.9715 31.9492 -5.5717 0.0689
Pedestrian -1 -1 -8.1222 197.7659 185.5616 219.3436 230.4451 1.8371 0.6879 0.4756 -16.8319 2.3755 30.1762 -8.6276 0.0651
Cyclist -1 -1 -7.1758 234.5701 171.3030 279.1063 221.1490 1.7710 0.4961 1.7252 -13.0081 1.7156 26.5322 -7.6280 0.0646
Pedestrian -1 -1 -6.3233 845.1343 169.6435 896.1379 274.0413 1.8075 0.6040 0.8264 4.5914 1.7516 12.9011 -5.9896 0.0644
Pedestrian -1 -1 -7.7288 212.2872 176.9974 235.6982 224.4333 1.6743 0.6617 0.6855 -13.9389 1.8257 25.9818 -8.2173 0.0632
Cyclist -1 -1 -6.9701 205.7896 174.5988 258.9091 225.1408 1.7522 0.5487 1.7401 -13.6210 1.8169 25.9844 -7.4490 0.0627
Cyclist -1 -1 -2.6792 184.4112 183.7703 235.9040 227.4369 1.7927 0.7343 1.7430 -16.7796 2.2558 30.2267 -3.1825 0.0623
Cyclist -1 -1 -6.0146 210.2790 169.6828 270.4164 220.4523 1.8126 0.6645 1.8384 -13.4836 1.6991 26.2706 -6.4850 0.0608
Pedestrian -1 -1 -7.0050 218.6625 171.6750 248.7860 225.3748 1.8666 0.7182 0.6262 -13.3429 1.8254 25.5031 -7.4830 0.0597
Cyclist -1 -1 -3.8000 792.3329 178.6703 872.6370 271.6723 1.7038 0.4762 1.4906 4.1952 1.8185 13.7712 -3.5114 0.0575
Cyclist -1 -1 -5.9347 356.1383 174.2281 400.1288 221.4954 1.8727 0.6253 1.5609 -9.3386 1.9282 28.9489 -6.2446 0.0573
Cyclist -1 -1 -7.8065 578.7409 178.0988 590.2589 216.4292 1.6365 0.4381 1.5327 -1.1600 1.8728 31.7851 -7.8434 0.0568
Pedestrian -1 -1 -7.7085 669.3316 180.7337 688.9959 220.0256 1.5506 0.7059 0.6248 2.7400 1.8714 29.0164 -7.6160 0.0552
Pedestrian -1 -1 -4.7100 191.3524 176.4202 213.9460 226.4589 1.7473 0.6936 0.6607 -14.5612 1.8764 25.7177 -5.2211 0.0546
Cyclist -1 -1 -8.1372 836.1299 174.0997 888.0514 273.6008 1.7143 0.4186 1.7227 4.5691 1.7385 13.3218 -7.8146 0.0545
Pedestrian -1 -1 -3.7620 262.6645 174.9044 287.6688 222.4792 1.7062 0.5886 0.5966 -12.2562 1.7818 26.3161 -4.1944 0.0545
Pedestrian -1 -1 -3.5128 322.0215 173.7293 342.8963 224.7631 1.8346 0.6103 0.5266 -10.1841 1.8667 26.3545 -3.8786 0.0542
Cyclist -1 -1 -4.4653 379.6638 176.7990 401.5533 216.9116 1.7295 0.5486 1.6321 -9.7906 1.9092 32.1007 -4.7594 0.0535
Pedestrian -1 -1 -4.7730 307.2378 175.4891 326.8935 223.7303 1.7328 0.6292 0.6396 -10.7614 1.8305 26.3882 -5.1571 0.0521
Pedestrian -1 -1 -4.6652 329.0116 172.5854 349.2982 224.9101 1.8635 0.6578 0.6194 -9.8351 1.8536 26.0925 -5.0227 0.0517
Pedestrian -1 -1 -6.4268 832.6441 166.6499 888.7502 274.9326 1.8427 0.5343 0.8535 4.3162 1.7368 12.6172 -6.1053 0.0514
Cyclist -1 -1 -3.0398 260.2822 174.2747 316.3027 223.1684 1.7274 0.6629 1.7935 -11.6691 1.7797 26.1198 -3.4565 0.0513
Cyclist -1 -1 -6.9849 270.5773 175.4768 321.6572 223.8443 1.6847 0.5258 1.7761 -11.3948 1.7827 26.1427 -7.3926 0.0503
Car -1 -1 -8.0228 705.8297 184.8074 832.9449 282.4045 1.4719 1.6142 3.5420 2.6847 1.7185 13.1133 -7.8264 0.9742
Car -1 -1 -4.6221 534.9518 179.0098 587.1982 224.4384 1.5667 1.6379 3.7888 -1.8298 1.8158 27.3152 -4.6890 0.8847
Car -1 -1 -7.9325 684.5319 181.9640 737.8630 227.9418 1.4595 1.5692 3.3927 3.4416 1.8009 25.3290 -7.7997 0.7274
Car -1 -1 -7.7062 695.3007 183.6772 777.5505 247.3214 1.4410 1.6198 3.6708 3.3656 1.7558 19.0127 -7.5345 0.6178
Car -1 -1 -7.9239 666.6967 180.5252 710.9941 218.7260 1.4892 1.6025 3.7114 3.2608 1.8360 30.7663 -7.8200 0.6092
Car -1 -1 -7.9175 654.0513 178.7732 685.9808 207.3666 1.5683 1.6143 3.7743 3.4368 1.9303 42.2615 -7.8375 0.4973
Car -1 -1 -7.8040 552.2825 179.6267 590.8714 215.3575 1.5035 1.5800 3.5009 -1.7408 1.8273 32.7785 -7.8573 0.2122
Car -1 -1 -8.0375 659.8437 179.9763 701.8322 211.6032 1.5224 1.5484 3.4251 3.5755 1.9078 37.3058 -7.9432 0.1998
Car -1 -1 -4.6594 564.0916 177.3136 599.2182 210.7299 1.6325 1.6287 4.1271 -1.4771 1.8791 37.8777 -4.6986 0.1618
Car -1 -1 -7.7890 710.3350 172.7583 734.8973 196.3864 1.7837 1.6511 4.0625 8.8421 1.7762 56.6315 -7.6353 0.1484
Car -1 -1 -6.3282 204.2413 180.0496 322.1908 223.8855 1.5111 1.6147 3.8823 -13.0010 1.7966 27.0323 -6.7730 0.1192
