Car -1 -1 -8.1802 729.0461 173.4857 946.2148 317.3179 1.6735 1.6942 3.9501 2.9471 1.6841 10.4348 -7.9135 0.9719
Car -1 -1 -8.5247 701.5259 175.9953 770.3010 208.0528 1.4829 1.4577 3.5323 6.1232 1.6460 35.6470 -8.3564 0.9200
Car -1 -1 -4.8782 622.5115 174.1706 654.3693 199.5061 1.6150 1.5817 3.3070 1.8218 1.7053 47.9159 -4.8409 0.8650
Pedestrian -1 -1 -7.5505 60.5734 160.1351 96.7559 232.9676 1.9144 0.6176 0.6387 -14.3018 1.5798 19.3667 -8.1802 0.1450
Car -1 -1 -4.2061 324.5405 163.0076 370.9381 189.2368 2.0226 1.7696 4.0012 -20.9603 1.2630 57.7546 -4.5530 0.1295
Pedestrian -1 -1 -8.9351 1211.7191 123.9049 1241.0000 208.0877 1.8370 0.6301 0.5654 13.9133 0.7685 16.1238 -8.2321 0.1196
Cyclist -1 -1 -2.6709 223.3039 168.6252 256.0624 196.5989 1.8227 0.6517 1.8148 -24.3231 1.5469 47.3416 -3.1434 0.1090
Cyclist -1 -1 -4.7033 754.3804 170.7697 773.3807 222.0400 1.7298 0.6286 1.6254 5.3309 1.6592 25.2048 -4.4979 0.1044
Pedestrian -1 -1 -3.3457 685.5538 169.0307 697.9321 194.5391 1.8861 0.5711 0.8152 6.0492 1.6031 53.6737 -3.2345 0.1038
Cyclist -1 -1 -7.8970 902.9865 178.2434 942.3334 295.5554 1.6652 0.4606 1.6584 4.7654 1.7548 11.1789 -7.5046 0.0743
Pedestrian -1 -1 -7.8257 172.4545 160.7772 195.9843 216.6127 1.9170 0.6910 0.5305 -14.8936 1.5020 25.1707 -8.3555 0.0704
Car -1 -1 -5.5885 105.5786 179.4227 180.5396 206.7824 1.6359 1.6859 3.6758 -28.9393 2.0523 44.7134 -6.1604 0.0662
Pedestrian -1 -1 -3.9021 823.2444 168.0690 865.6664 244.3094 1.7938 0.6949 0.6843 5.6105 1.6810 17.4394 -3.5965 0.0635
Pedestrian -1 -1 -8.0014 837.2689 170.8956 877.3029 255.1126 1.7610 0.6966 0.8114 5.2629 1.7198 15.5472 -7.6816 0.0580
Pedestrian -1 -1 -4.9824 968.1176 162.2869 1026.4786 289.2480 1.8161 0.5959 0.6757 5.6788 1.6647 10.7127 -4.5072 0.0562
Car -1 -1 -7.0677 49.3223 181.6028 138.2308 213.3213 1.5350 1.6577 3.7163 -27.1049 2.0190 37.9763 -7.6845 0.0559
Pedestrian -1 -1 -7.4238 618.9658 174.7028 629.7676 197.5659 1.7487 0.6166 0.6560 1.0818 1.8921 55.6848 -7.4049 0.0552
Pedestrian -1 -1 -6.6163 680.1407 172.6337 688.6353 194.7689 1.6659 0.6381 0.4556 5.6056 1.6490 54.6662 -6.5150 0.0549
Pedestrian -1 -1 -4.1284 1013.6436 161.7697 1108.9061 324.4705 1.7254 0.5696 0.7933 4.9912 1.6075 8.0806 -3.5922 0.0535
Pedestrian -1 -1 -8.1717 721.0999 163.8414 734.3434 194.3160 1.9511 0.6350 0.7680 7.5704 1.3738 46.6256 -8.0121 0.0506
Pedestrian -1 -1 -5.7369 507.1901 175.1893 523.7429 203.1354 1.6403 0.6266 0.7604 -5.6504 1.7802 42.8643 -5.8676 0.2757
Pedestrian -1 -1 -4.6114 490.4249 169.9049 509.6425 213.8537 1.8361 0.7137 0.9696 -4.7075 1.7126 30.6468 -4.7630 0.2220
Pedestrian -1 -1 -7.3347 0.0000 160.5816 97.9396 362.3897 1.7819 0.6756 0.8066 -5.4911 1.6733 6.8175 -7.9940 0.1368
Pedestrian -1 -1 -3.6475 475.2749 171.6548 500.0528 213.3761 1.7416 0.5212 0.8958 -5.2308 1.6912 30.6026 -3.8159 0.1148
Pedestrian -1 -1 -6.3209 328.2310 167.8342 375.8609 300.2711 1.7487 0.6463 0.5949 -3.6151 1.6821 9.9374 -6.6621 0.0773
Pedestrian -1 -1 -6.7392 618.6672 174.9098 629.5359 197.3264 1.7153 0.5867 0.6459 1.0592 1.8748 55.6881 -6.7207 0.0639
Pedestrian -1 -1 -5.2587 245.9775 158.5843 316.8966 294.4919 1.7956 0.6098 0.7198 -4.6020 1.6068 9.9882 -5.6810 0.0628
Pedestrian -1 -1 -7.3868 268.3677 170.6885 346.6359 318.0780 1.7154 0.6145 0.7288 -3.7211 1.6899 8.7843 -7.7775 0.0611
Cyclist -1 -1 -7.6449 466.7946 177.8722 486.9807 218.7542 1.5633 0.4455 1.7037 -5.3199 1.7683 28.6586 -7.8273 0.0554
Cyclist -1 -1 -6.4520 478.3326 170.9504 520.6478 214.9473 1.8360 0.4539 1.7219 -4.7280 1.7563 30.5971 -6.6045 0.0529
Pedestrian -1 -1 -7.4714 209.4424 162.8761 293.4796 315.6191 1.7441 0.6374 0.8288 -4.3420 1.6299 8.6745 -7.9240 0.0520
Car -1 -1 -2.6666 164.0461 171.0976 384.5762 259.4944 1.6947 1.6599 3.7478 -6.8049 1.6608 14.7544 -3.0924 0.8330
Car -1 -1 -2.7079 83.6697 175.6331 363.3153 279.1105 1.6162 1.5901 3.8589 -6.4163 1.6663 12.1928 -3.1839 0.7179
Car -1 -1 -5.9719 275.2779 186.5371 460.5272 248.8044 1.3925 1.4772 3.9264 -5.7317 1.7329 17.2159 -6.2893 0.6911
Car -1 -1 -2.9028 360.6799 176.5763 468.0405 220.0765 1.5650 1.6054 3.5911 -7.2893 1.7080 26.9468 -3.1649 0.6599
Car -1 -1 -2.8757 300.7488 179.0132 447.5296 237.8774 1.5367 1.5646 3.5556 -6.4603 1.7134 19.8781 -3.1866 0.5778
Car -1 -1 -7.5987 182.4417 176.1122 375.6983 319.3239 1.6042 1.5564 3.3530 -4.3761 1.6567 9.9371 -8.0044 0.4338
Car -1 -1 -4.6605 527.2060 176.4749 546.5937 194.6809 1.4991 1.4681 3.7742 -6.2897 1.8201 62.0977 -4.7613 0.3168
Car -1 -1 -4.0648 0.0000 179.2008 240.7107 374.0000 1.6099 1.5967 3.7612 -3.7423 1.6616 3.9800 -4.7866 0.3025
Car -1 -1 -3.0963 449.6121 174.9581 523.3195 201.0604 1.5244 1.7106 4.2923 -7.4181 1.6539 43.4295 -3.2649 0.3008
Car -1 -1 -7.5218 0.0000 180.4018 192.9223 374.0000 1.5422 1.6271 3.6761 -5.9624 1.6447 7.8255 -8.1568 0.2746
Car -1 -1 -2.8540 380.5574 175.3738 491.1008 215.3774 1.5488 1.6343 4.0162 -6.9837 1.6529 28.9727 -3.0889 0.2507
Car -1 -1 -7.8259 610.5433 174.2823 631.4867 194.3832 1.5385 1.5627 3.9747 0.8796 1.6561 57.5307 -7.8110 0.2487
Car -1 -1 -7.6597 502.3012 174.1759 534.9591 198.9363 1.7002 1.6229 3.7774 -6.5350 1.7981 51.6916 -7.7852 0.2302
Car -1 -1 -4.7626 474.1311 176.4518 503.4939 200.6419 1.4590 1.6495 4.1307 -7.8590 1.7009 46.3676 -4.9300 0.0798
Car -1 -1 -4.6058 105.6744 189.2522 162.0233 229.8121 1.4756 1.5307 3.9766 -19.8123 2.2071 30.0816 -5.1844 0.0779
Car -1 -1 -2.9518 408.2814 171.9854 513.3909 213.3884 1.7545 1.7579 4.2348 -6.4852 1.7174 31.4816 -3.1538 0.0642
