Car -1 -1 -3.6113 947.1326 175.6725 1088.0295 217.4391 1.5360 1.7509 4.3803 15.4621 1.6473 27.6173 -3.1059 0.9573
Car -1 -1 -7.8884 529.7332 172.0841 747.5616 374.0000 1.5624 1.6081 3.3095 0.1222 1.5564 6.9758 -7.8736 0.9517
Car -1 -1 -5.5454 33.9766 190.0872 196.7246 243.0723 1.6420 1.7506 4.5363 -16.6583 2.2509 24.3199 -6.1411 0.6742
Pedestrian -1 -1 -2.9006 639.7460 169.1937 649.9131 188.4632 1.7794 0.4667 0.8563 3.2123 1.4411 66.9734 -2.8532 0.1490
Pedestrian -1 -1 -7.8916 778.1892 174.0719 835.8146 301.4953 1.6715 0.7273 0.5807 2.6141 1.6884 9.8328 -7.6405 0.0988
Pedestrian -1 -1 -4.5547 44.7207 170.7729 69.1539 221.4688 2.1785 0.7422 0.7140 -24.1769 2.0888 31.4965 -5.2054 0.0955
Car -1 -1 -7.7961 639.9535 169.3986 659.2806 187.0122 1.6369 1.6266 3.9484 3.7996 1.3155 69.1081 -7.7417 0.0912
Car -1 -1 -4.6862 368.7322 184.8268 389.6729 204.1932 1.4561 1.5250 3.7747 -18.7989 2.4648 58.7805 -4.9947 0.0845
Pedestrian -1 -1 -3.5679 651.5390 169.5326 658.7069 192.0166 1.8069 0.4430 0.4329 3.6168 1.5397 58.2692 -3.5066 0.0827
Car -1 -1 -3.9345 640.8939 173.9259 697.0040 194.5044 1.5283 1.7191 4.4327 4.5704 1.6142 55.9058 -3.8537 0.0809
Car -1 -1 -4.7772 0.0000 202.9517 29.4978 229.9821 1.5853 1.6162 4.1212 -40.6510 3.7123 48.9455 -5.4677 0.0780
Car -1 -1 -8.4384 886.9166 165.3051 937.6018 190.6247 1.8790 1.6488 4.0268 23.2331 1.3185 55.6807 -8.0453 0.0773
Car -1 -1 -3.5682 1038.6246 170.0320 1118.6160 195.6883 1.5198 1.5629 3.7610 28.3448 1.3523 43.7864 -2.9970 0.0765
Car -1 -1 -4.6071 535.3562 175.7733 556.4933 192.2491 1.5351 1.6312 4.0093 -6.2033 1.8261 69.9630 -4.6956 0.0755
Car -1 -1 -7.9911 993.0826 159.3066 1022.3605 179.4425 1.7653 1.7393 4.3460 36.0877 0.5773 65.5958 -7.4902 0.0745
Cyclist -1 -1 -3.1016 775.5369 175.0523 827.6688 221.9855 1.6147 0.5952 1.7550 6.7029 1.6934 25.4134 -2.8472 0.0651
Car -1 -1 -4.8853 999.7375 172.2558 1054.1078 206.3220 1.5993 1.6431 4.1239 20.7315 1.5709 36.0926 -4.3678 0.0579
Car -1 -1 -4.6544 1102.7029 159.8128 1133.8702 181.2373 1.5360 1.6698 4.3201 37.9944 0.6007 53.9404 -4.0434 0.0577
Car -1 -1 -2.1415 119.3420 187.5906 168.7453 208.1448 1.6960 1.7596 4.0284 -41.0446 3.0264 63.5199 -2.7135 0.0556
Pedestrian -1 -1 -6.9207 1109.7990 169.3799 1131.8948 204.2430 1.6840 0.5459 0.6879 24.8299 1.5159 35.1338 -6.3097 0.0555
Car -1 -1 -4.6242 573.6666 179.6944 654.3658 248.0879 1.4828 1.6678 4.3079 0.1664 1.6771 18.3118 -4.6163 0.0530
Car -1 -1 -4.9846 658.5925 178.7578 697.4841 203.2847 1.4042 1.4692 3.4901 4.0757 1.7795 44.0486 -4.8934 0.0523
Car -1 -1 -4.5449 556.8536 174.4639 581.2991 191.5308 1.5877 1.6747 4.2595 -3.9413 1.7479 69.7491 -4.6015 0.0523
Car -1 -1 -4.5811 444.5634 177.7216 467.8228 195.5248 1.6448 1.6645 4.2636 -14.9158 2.1318 70.0478 -4.7904 0.0512
Cyclist -1 -1 -8.1304 792.8218 173.0808 803.9828 197.0922 1.6004 0.3130 1.5610 12.7277 1.6157 48.8908 -7.8776 0.1713
Cyclist -1 -1 -6.8591 639.5990 172.9491 666.7936 201.0704 1.7918 0.6931 1.6449 2.7633 1.7977 46.6869 -6.8008 0.0666
Cyclist -1 -1 -7.4447 639.5013 176.1337 655.2440 201.5127 1.6180 0.4424 1.5599 2.4078 1.8350 47.0049 -7.3943 0.0609
Car -1 -1 -4.4573 378.2083 184.5506 416.9128 204.8163 1.3680 1.8142 3.8179 -15.5463 2.2563 52.8770 -4.7423 0.8867
Car -1 -1 -4.3703 334.8760 188.1493 374.4146 207.8235 1.3234 1.8002 3.0070 -18.5277 2.4655 52.3834 -4.7090 0.7888
Car -1 -1 -4.4689 425.0142 181.0645 463.9227 201.0321 1.3706 1.7492 4.6816 -12.3148 2.0096 53.8243 -4.6931 0.7674
Car -1 -1 -7.6427 500.8100 177.5418 536.5036 201.9593 1.5361 1.5953 3.8267 -6.0796 1.8613 48.1240 -7.7681 0.2465
Car -1 -1 -3.4408 587.5483 175.4117 652.4073 200.6111 1.5828 1.6925 3.8939 0.6042 1.7538 46.9599 -3.4284 0.1505
Car -1 -1 -4.6550 364.7243 182.0064 398.1209 209.2144 1.5825 1.7736 4.3006 -14.4956 2.1926 45.8176 -4.9601 0.1312
Car -1 -1 -2.2800 252.4883 185.2397 311.0659 209.7585 1.6101 1.6715 3.7872 -23.0110 2.5036 50.5129 -2.7058 0.1256
Car -1 -1 -5.0167 760.0988 172.3831 797.8470 194.9533 1.5544 1.6064 3.6124 11.9969 1.5216 51.5537 -4.7897 0.1062
Car -1 -1 -7.7626 490.5249 177.0826 525.2912 205.6192 1.6132 1.6882 4.4155 -6.1647 1.8822 43.7007 -7.9023 0.0850
Car -1 -1 -4.8845 402.0924 178.8975 442.8549 208.0765 1.6720 1.7298 4.2625 -11.6699 2.0645 44.5953 -5.1393 0.0811
Car -1 -1 -4.4204 239.2345 187.2356 287.9107 213.6148 1.5496 1.6818 4.3381 -22.5874 2.5341 47.1351 -4.8654 0.0658
Car -1 -1 -4.9199 308.7199 183.2381 356.6695 214.4424 1.6196 1.7278 4.1795 -15.8962 2.2436 41.1538 -5.2867 0.0609
Car -1 -1 -4.6605 306.4545 183.2369 337.9618 209.4882 1.5913 1.7167 4.2453 -19.0608 2.3121 47.8307 -5.0381 0.0605
Car -1 -1 -4.7122 796.9036 171.7561 824.6033 196.2125 1.6166 1.7724 4.0300 13.8335 1.5437 49.8730 -4.4435 0.0551
Car -1 -1 -4.6827 440.1158 178.9894 466.5401 203.6372 1.5886 1.6586 4.0743 -10.7910 2.0295 49.7320 -4.8956 0.0544
