Pedestrian -1 -1 -8.0937 806.7685 156.6734 858.4744 261.2915 1.8990 0.7188 0.9374 4.1194 1.6050 13.5823 -7.8062 0.5304
Pedestrian -1 -1 -8.4353 716.5881 164.7528 739.4825 206.0682 1.8871 0.6742 0.8814 5.4339 1.5168 33.4975 -8.2764 0.2662
Pedestrian -1 -1 -3.3617 1022.5630 130.2874 1138.3595 307.9764 1.9494 0.6240 1.0042 5.3668 1.4821 8.3749 -2.8084 0.1316
Pedestrian -1 -1 -4.1436 766.7677 155.6416 791.7486 217.1741 1.9197 0.5610 0.5575 5.3250 1.3824 22.9059 -3.9185 0.0923
Pedestrian -1 -1 -6.0838 390.1231 172.4864 399.9782 196.2458 1.8207 0.6868 0.6047 -16.6077 1.7923 55.6621 -6.3728 0.0849
Car -1 -1 -5.9377 392.4968 177.9175 449.3961 197.6366 1.5603 1.5889 4.1778 -15.3504 1.9780 58.5763 -6.1932 0.0661
Car -1 -1 -7.8390 275.8338 161.8788 301.4808 189.2754 2.0076 1.7221 4.5034 -24.6061 1.2030 55.2826 -8.2561 0.0652
Pedestrian -1 -1 -2.2308 367.0821 171.8890 385.5103 211.1535 1.9219 0.6330 0.6014 -11.6181 1.8744 35.7490 -2.5433 0.0640
Pedestrian -1 -1 -5.7224 106.6391 170.2104 130.4949 226.3157 1.9569 0.5727 0.4612 -17.3825 1.8644 25.4603 -6.3168 0.0635
Pedestrian -1 -1 -3.5609 1092.5271 123.0833 1227.4382 333.0581 1.9588 0.5984 0.8856 5.3285 1.4942 7.1133 -2.9383 0.0591
Car -1 -1 -7.6857 617.8470 175.3399 643.9989 194.9020 1.5769 1.5917 3.7774 1.7653 1.7926 60.6811 -7.6571 0.0572
Pedestrian -1 -1 -7.8187 694.9222 163.7790 708.8049 202.6538 1.9565 0.6786 0.6923 4.6367 1.4995 36.7091 -7.6945 0.0555
Pedestrian -1 -1 -6.2023 473.3817 171.4732 488.6573 199.2044 1.8330 0.5307 0.9610 -8.6103 1.7414 48.0018 -6.3792 0.0503
Pedestrian -1 -1 -4.1490 265.5998 202.0763 293.0218 261.4240 1.1843 0.3651 0.3804 -6.8431 1.7929 14.8221 -4.5753 0.1563
Pedestrian -1 -1 -4.5584 315.2793 195.2404 337.1042 249.0620 1.2575 0.4261 0.4312 -6.8634 1.8027 17.3277 -4.9309 0.1547
Pedestrian -1 -1 -4.6602 348.2199 189.1498 368.0870 239.7719 1.3455 0.4876 0.4481 -6.9026 1.7952 19.6433 -4.9945 0.1540
Cyclist -1 -1 -6.8498 302.9980 177.7714 371.1877 251.7612 1.7080 0.4550 1.5441 -6.6514 1.8321 17.5096 -7.2084 0.1009
Pedestrian -1 -1 -3.9887 202.1517 210.1799 233.2403 280.1844 1.1754 0.3653 0.3018 -6.8512 1.8318 12.5048 -4.4814 0.1002
Cyclist -1 -1 -3.9582 336.6152 176.3891 388.4438 242.2263 1.7452 0.4985 1.4499 -6.8797 1.8465 19.9714 -4.2864 0.0890
Pedestrian -1 -1 -3.9365 100.4804 219.5659 144.0423 306.4254 1.1574 0.3691 0.3408 -6.8350 1.8198 10.0343 -4.5225 0.0835
Cyclist -1 -1 -4.0091 297.2227 177.0572 360.4174 252.4554 1.7467 0.5367 1.5904 -6.8997 1.8541 17.6479 -4.3772 0.0767
Cyclist -1 -1 -7.4819 433.0575 175.4477 457.2199 217.6374 1.6988 0.4053 1.6567 -6.8867 1.8094 30.0064 -7.7061 0.0725
Cyclist -1 -1 -6.9310 339.5496 177.5326 397.4466 242.0254 1.6882 0.4885 1.5153 -6.6445 1.8209 19.7605 -7.2519 0.0698
Cyclist -1 -1 -8.1132 432.5421 176.1516 452.5786 216.7355 1.7554 0.4565 1.6716 -7.5218 1.9061 32.1921 -8.3414 0.0683
Pedestrian -1 -1 -4.5140 257.5512 192.5203 288.1478 264.5441 1.4096 0.4670 0.5148 -6.8653 1.8153 14.5923 -4.9472 0.0670
Cyclist -1 -1 -4.7257 443.1735 177.5604 455.9818 217.7953 1.7358 0.5352 1.5508 -7.1936 1.9505 32.1357 -4.9446 0.0667
Cyclist -1 -1 -7.8309 430.4904 177.7987 442.8645 218.5662 1.6175 0.4588 1.5573 -7.1556 1.8258 29.6340 -8.0663 0.0658
Pedestrian -1 -1 -4.1242 110.5727 215.1399 154.9482 305.3087 1.2400 0.4014 0.3463 -6.8384 1.8514 10.2624 -4.7004 0.0642
Pedestrian -1 -1 -3.2182 216.2619 197.0747 243.5392 278.1852 1.3628 0.4118 0.3917 -6.6764 1.7937 12.5677 -3.6983 0.0624
Cyclist -1 -1 -7.4897 397.8496 176.8806 426.3794 226.0614 1.6466 0.4444 1.5157 -6.9053 1.7905 25.0605 -7.7564 0.0614
Pedestrian -1 -1 -4.1443 117.6204 223.8328 158.3330 306.4397 1.1152 0.3633 0.3160 -6.6555 1.8393 10.0949 -4.7155 0.0600
Pedestrian -1 -1 -4.5619 399.4635 186.3069 414.4593 225.0731 1.2923 0.4224 0.4846 -6.9399 1.7539 24.5045 -4.8355 0.0578
Cyclist -1 -1 -7.7774 395.3490 175.9706 412.7551 225.3804 1.6527 0.4630 1.5539 -7.1853 1.7640 25.0435 -8.0545 0.0565
Cyclist -1 -1 -7.5500 383.7191 177.8973 410.8707 228.9097 1.6495 0.4425 1.5103 -7.1792 1.8239 24.2405 -7.8355 0.0547
Pedestrian -1 -1 -4.1458 83.4427 215.4164 135.9380 310.7596 1.2359 0.4097 0.4437 -6.8326 1.8263 9.7848 -4.7430 0.0534
Pedestrian -1 -1 -8.5139 601.7023 175.4504 614.3340 200.2553 1.6504 0.6401 0.5604 -0.1660 1.8262 48.5126 -8.5178 0.0530
Cyclist -1 -1 -2.6172 412.6785 174.3126 455.6447 215.5072 1.7809 0.6884 1.7279 -7.7914 1.8460 31.8067 -2.8559 0.0515
Pedestrian -1 -1 -8.0323 316.9922 188.0954 343.8492 249.9242 1.4257 0.5134 0.5142 -6.7041 1.7954 17.1645 -8.4000 0.0513
Cyclist -1 -1 -4.0642 246.3033 180.3366 314.4394 265.1101 1.6545 0.4411 1.5488 -6.8853 1.8184 15.0285 -4.4876 0.0503
Car -1 -1 -4.5361 430.2033 182.5269 525.4219 253.7212 1.4732 1.5965 3.7541 -3.1005 1.7302 17.3183 -4.7114 0.9541
Car -1 -1 -7.9739 662.4217 177.6968 731.1475 232.3074 1.4773 1.5676 3.9846 2.4874 1.6372 21.8724 -7.8630 0.9366
Car -1 -1 -8.1759 746.7164 177.0481 1025.0989 357.8697 1.5485 1.6446 3.8500 2.7117 1.6072 8.2059 -7.8686 0.9343
Car -1 -1 -6.0489 354.2007 184.4972 429.8704 210.7267 1.4502 1.5730 3.9170 -12.5527 2.1355 41.5880 -6.3407 0.9202
Car -1 -1 -8.4576 890.9230 187.1375 1241.0000 374.0000 1.4743 1.5832 3.7947 2.9677 1.5887 3.8893 -7.8425 0.8809
Car -1 -1 -8.1006 713.7530 171.7674 841.4020 281.6375 1.6417 1.4537 2.5953 2.6444 1.6252 12.1055 -7.8917 0.8466
Car -1 -1 -5.8498 246.5177 186.0415 334.6750 214.3791 1.5669 1.5998 4.3731 -18.3709 2.3409 41.5217 -6.2643 0.8304
Car -1 -1 -7.9155 637.9161 177.1157 673.6732 208.4577 1.5009 1.5766 3.9840 2.2650 1.7314 37.0877 -7.8555 0.7659
Car -1 -1 -7.9357 652.9318 176.5588 704.3864 220.6883 1.5105 1.5882 3.6914 2.4441 1.6576 26.8597 -7.8466 0.7639
Car -1 -1 -7.8853 589.7524 175.2307 614.9582 198.2119 1.5264 1.6298 3.7240 -0.5954 1.6977 50.2108 -7.8976 0.5894
Car -1 -1 -4.6089 625.2784 172.9190 651.0074 194.3870 1.5861 1.5721 4.0214 2.1669 1.5910 55.4225 -4.5704 0.2953
Car -1 -1 -4.4534 395.4980 180.4525 453.7004 219.0664 1.4948 1.5286 3.4723 -7.7752 1.8326 30.3609 -4.7025 0.2486
Car -1 -1 -4.2151 473.6684 178.6061 520.5607 201.6962 1.4494 1.5628 3.6125 -7.5321 1.8492 48.2332 -4.3695 0.1449
Car -1 -1 -5.5292 166.4709 181.8430 242.5264 210.0508 1.5449 1.6133 3.7255 -23.3628 2.0775 41.5368 -6.0391 0.1152
Car -1 -1 -7.5474 347.0114 182.6821 424.6461 228.6425 1.4442 1.5521 3.6762 -7.8109 1.8137 25.3074 -7.8442 0.0823
Car -1 -1 -4.4986 454.8883 179.7128 497.0963 206.1562 1.4977 1.6790 4.2114 -8.1653 1.9368 44.1019 -4.6810 0.0520
Car -1 -1 -4.2268 493.4991 176.6723 545.8638 202.0737 1.5805 1.6391 4.2798 -5.9637 1.8457 47.8760 -4.3505 0.0511
