Pedestrian -1 -1 -6.0007 377.8065 172.8874 389.7383 199.8628 1.8405 0.6186 0.6346 -15.5635 1.8425 49.5454 -6.3038 0.1140
Car -1 -1 -7.7263 1039.2913 161.0900 1066.7610 179.3940 1.6392 1.6584 4.1651 40.9897 0.5854 66.7588 -7.1777 0.1043
Pedestrian -1 -1 -3.3438 670.3817 168.5885 678.4015 190.1344 1.9575 0.6315 0.6144 5.8579 1.5697 65.9035 -3.2559 0.0794
Pedestrian -1 -1 -3.2480 1060.5593 158.4610 1079.5554 200.8256 1.9788 0.6296 0.6916 21.7192 1.3062 34.1375 -2.6855 0.0750
Cyclist -1 -1 -5.3445 363.5216 175.8067 392.0395 207.0527 1.8097 0.6181 1.8782 -13.7981 1.9875 42.7421 -5.6553 0.0703
Car -1 -1 -4.2231 517.6998 182.6455 573.4526 208.9970 1.4814 1.7068 4.0671 -3.9405 2.1136 44.4062 -4.3116 0.0680
Pedestrian -1 -1 -3.9384 1027.0112 160.8631 1037.4369 185.2993 1.9310 0.4889 0.5224 33.5161 0.9832 57.3240 -3.4117 0.0636
Car -1 -1 -4.7668 464.6040 181.4949 494.4402 208.0314 1.4604 1.5390 3.9302 -7.8762 2.0019 43.1589 -4.9466 0.0583
Pedestrian -1 -1 -3.6359 45.1588 214.8714 87.7683 281.4925 1.0969 0.3506 0.4840 -9.4992 1.8441 12.5434 -4.2740 0.0557
Pedestrian -1 -1 -7.6806 435.8989 175.1437 451.2401 209.6602 1.8779 0.7109 0.7080 -9.1863 2.0047 39.6786 -7.9071 0.0539
Pedestrian -1 -1 -4.9461 1147.6191 159.7354 1159.4015 189.4070 1.8619 0.5032 0.4468 34.2991 1.0384 45.5826 -4.3043 0.0536
Car -1 -1 -4.9913 1241.0000 165.7164 1241.0000 196.4589 1.4673 1.6338 4.0319 41.1506 1.1263 36.5793 -4.1513 0.0532
Pedestrian -1 -1 -2.4001 369.9355 173.2426 379.6279 195.9369 1.7916 0.5439 0.4948 -18.7140 1.8224 57.3252 -2.7145 0.0518
Pedestrian -1 -1 -4.6924 323.3375 212.4306 340.1357 259.9468 1.0106 0.3393 0.4427 -6.2405 1.9054 16.0538 -5.0582 0.0509
Pedestrian -1 -1 -3.4636 522.8101 177.0340 537.0381 209.5615 1.7055 0.5621 0.6036 -4.2918 1.9293 38.3114 -3.5749 0.6191
Cyclist -1 -1 -8.0529 1195.6868 168.9838 1219.3936 205.5399 1.6983 0.5458 1.6485 28.4143 1.5182 34.3774 -7.3667 0.1928
Cyclist -1 -1 -7.4031 91.1695 176.9185 158.9886 267.4879 1.7006 0.4577 1.6232 -9.7307 1.7864 14.4578 -7.9873 0.1733
Cyclist -1 -1 -7.1723 0.0000 186.6830 98.3773 287.3591 1.5601 0.5405 1.7391 -9.6780 1.8123 12.2979 -7.8287 0.1520
Cyclist -1 -1 -8.0210 564.6386 177.1401 578.0932 210.1015 1.6897 0.4553 1.5386 -2.0800 1.9199 37.9972 -8.0758 0.1445
Cyclist -1 -1 -6.5782 319.4852 177.5890 348.4258 203.2626 1.7931 0.6566 1.8178 -19.7320 2.1362 51.5117 -6.9426 0.1257
Pedestrian -1 -1 -8.4994 1193.2563 168.4397 1215.3486 206.5660 1.7977 0.6089 0.5382 28.2080 1.5893 34.3023 -7.8157 0.0999
Cyclist -1 -1 -8.1229 343.1451 176.7966 356.1024 202.7999 1.6370 0.3748 1.5927 -16.7873 1.8945 46.4126 -8.4684 0.0832
Pedestrian -1 -1 -1.9157 28.5635 192.5384 75.0063 281.0014 1.4759 0.4441 0.6669 -9.7785 1.8285 12.5693 -2.5668 0.0746
Cyclist -1 -1 -7.6312 568.9553 177.3121 584.2402 210.5326 1.7017 0.4853 1.5030 -1.7885 1.9407 37.9523 -7.6785 0.0712
Pedestrian -1 -1 -3.9014 370.6821 189.0901 399.6092 246.9650 1.3293 0.4401 0.4832 -5.3690 1.7202 17.0693 -4.2024 0.0708
Cyclist -1 -1 -6.3799 562.2027 175.5884 592.7288 211.1641 1.8331 0.6409 1.5365 -1.7422 1.9772 37.6719 -6.4264 0.0645
Cyclist -1 -1 -7.3480 162.2299 179.5303 220.5211 257.9335 1.6563 0.4199 1.5596 -9.3956 1.8127 16.1585 -7.8679 0.0616
Cyclist -1 -1 -7.0191 326.0175 178.4789 399.3265 255.6454 1.6515 0.4554 1.7151 -5.6509 1.7860 16.4280 -7.3461 0.0616
Cyclist -1 -1 -7.1558 1192.8774 165.1563 1236.5529 204.9075 1.8548 0.6892 1.6501 28.5767 1.4953 34.1535 -6.4636 0.0605
Cyclist -1 -1 -3.5395 358.6534 174.8407 425.5515 251.1217 1.7592 0.5044 1.4569 -5.2733 1.8084 17.3323 -3.8313 0.0598
Cyclist -1 -1 -7.4832 0.4649 184.2791 80.0689 286.3282 1.6273 0.4695 1.7717 -9.9746 1.8415 12.6274 -8.1416 0.0556
Cyclist -1 -1 -7.0230 1177.9993 167.8689 1224.4028 205.9097 1.7946 0.6671 1.7140 28.1542 1.5591 34.4224 -6.3419 0.0554
Pedestrian -1 -1 -2.5900 0.0000 195.6556 52.6294 286.4970 1.4482 0.4606 0.6781 -9.7711 1.8328 11.9092 -3.2663 0.0547
Car -1 -1 -4.6059 655.7658 179.6077 690.3196 206.8141 1.6880 1.8330 4.6524 4.2507 2.1641 48.4457 -4.5195 0.8655
Car -1 -1 -7.8035 749.1700 181.1283 775.1843 202.8579 1.4903 1.6847 4.1750 11.2699 2.1283 53.4211 -7.5972 0.6656
Car -1 -1 -4.5489 683.0396 180.6814 710.9799 202.7453 1.5718 1.5567 3.5060 6.5900 2.1850 54.6513 -4.4300 0.1572
Car -1 -1 -8.0077 288.3948 177.1606 322.7636 200.8584 1.5672 1.6477 3.8587 -21.3864 1.8810 50.5475 -8.4064 0.1316
Car -1 -1 -6.2771 262.6375 180.2526 323.7449 203.8090 1.4300 1.5194 3.5191 -20.2258 1.9163 46.0681 -6.6889 0.1299
Car -1 -1 -4.5898 813.5623 175.1774 851.3777 203.7031 1.6353 1.7061 4.2779 13.5857 1.7843 44.0406 -4.2929 0.0963
Car -1 -1 -4.6894 736.0926 178.7488 764.0167 204.0942 1.5388 1.7013 4.1990 9.1410 1.9414 47.0782 -4.4993 0.0914
Car -1 -1 -4.4394 709.5486 181.0812 747.5514 203.0943 1.5153 1.7144 4.2433 8.8286 2.1529 53.6621 -4.2777 0.0789
Car -1 -1 -4.6024 705.2189 180.7572 737.6697 204.7377 1.4486 1.6836 3.8711 7.2707 1.9865 47.0497 -4.4506 0.0780
Car -1 -1 -6.5582 560.1305 179.6315 641.1833 209.8249 1.5194 1.6839 3.9942 -0.5481 1.8919 38.3060 -6.5730 0.0595
Car -1 -1 -4.7386 320.1082 179.6215 344.9310 202.7584 1.5912 1.5995 3.7718 -20.3859 2.1059 52.8680 -5.1052 0.0529
Car -1 -1 -4.4794 215.5621 179.1214 261.4049 204.8084 1.4744 1.6158 4.0821 -22.9559 1.8808 44.6500 -4.9521 0.0501
