Cyclist -1 -1 -8.0924 686.0003 165.6067 703.2241 199.7715 1.7828 0.5226 1.6973 4.4696 1.4043 38.5266 -7.9782 0.2689
Cyclist -1 -1 -4.1039 51.3457 191.4628 93.1416 239.4086 1.6452 0.4324 1.4940 -19.4729 2.3373 26.0951 -4.7403 0.2096
Pedestrian -1 -1 -7.7844 54.9458 184.0186 75.2044 226.6741 1.8967 0.6854 0.7223 -24.8285 2.4119 32.8289 -8.4282 0.1157
Pedestrian -1 -1 -4.7411 1167.5811 151.1756 1223.0483 277.2877 1.7131 0.5807 0.6407 8.2271 1.4183 10.2312 -4.0783 0.1128
Car -1 -1 -4.6827 79.0998 190.2323 115.7224 220.9833 1.6087 1.6207 4.0439 -30.0261 2.6784 42.2908 -5.2974 0.1001
Pedestrian -1 -1 -4.1996 916.9791 165.6529 951.3091 228.3526 1.7822 0.6531 0.7005 9.3748 1.5772 20.9806 -3.7852 0.0840
Pedestrian -1 -1 -6.0272 0.0000 184.8367 10.7517 221.4944 1.8320 0.7011 0.4044 -30.9102 2.4484 36.7269 -6.7234 0.0770
Cyclist -1 -1 -4.5693 23.0251 192.2163 39.7991 224.7875 1.7445 0.4853 1.7676 -32.5707 2.8571 40.5841 -5.2425 0.0709
Car -1 -1 -4.8338 638.0963 169.7449 663.6387 189.2467 1.5694 1.6342 4.0932 3.3469 1.3189 60.1614 -4.7788 0.0675
Car -1 -1 -4.6394 660.8953 171.8790 693.4213 199.6285 1.5606 1.6449 3.7942 3.9667 1.5055 42.5851 -4.5476 0.0673
Car -1 -1 -4.7392 244.1843 182.0819 269.9029 202.9662 1.4282 1.6044 3.9769 -26.1574 2.1376 53.3617 -5.1933 0.0595
Car -1 -1 -4.2575 169.1722 182.6499 284.8541 234.2360 1.4552 1.6337 4.0868 -12.1973 1.7979 23.2006 -4.7371 0.0589
Pedestrian -1 -1 -8.5104 1005.5227 153.0287 1044.2343 224.9314 1.7874 0.6034 0.6078 10.4532 1.2943 18.2804 -7.9983 0.0574
Car -1 -1 -4.7813 312.3797 177.7720 347.7140 208.9648 1.7735 1.7246 4.1687 -17.1397 2.0884 43.9882 -5.1512 0.0563
Car -1 -1 -8.2369 769.5091 177.1351 978.5900 290.8554 1.5062 1.6449 4.2746 4.0024 1.5896 11.9092 -7.9211 0.0539
Cyclist -1 -1 -5.1670 940.6785 158.0058 992.7355 228.2264 1.6813 0.4605 1.6939 8.8782 1.3255 18.1237 -4.7183 0.0527
Car -1 -1 -4.1390 173.5262 182.4501 245.9602 212.6200 1.6409 1.7481 4.2019 -23.6618 2.2382 42.7738 -4.6419 0.0511
Car -1 -1 -4.7411 19.1731 186.5133 66.8887 222.0169 1.5051 1.6758 4.0700 -27.0327 2.1940 34.3065 -5.4049 0.0511
Cyclist -1 -1 -7.2047 210.2600 182.8250 241.6306 216.4256 1.7519 0.5438 1.7617 -20.8195 2.3043 39.0762 -7.6917 0.3868
Pedestrian -1 -1 -7.8055 55.1631 184.3627 74.6632 226.9127 1.8914 0.6723 0.7144 -24.8288 2.4223 32.8190 -8.4494 0.1266
Pedestrian -1 -1 -3.1927 1035.9760 164.1447 1075.1638 257.9210 1.6221 0.4841 0.5619 7.8571 1.4712 12.8267 -2.6538 0.0884
Pedestrian -1 -1 -8.1083 895.1258 169.7476 935.4493 246.7789 1.6499 0.6547 0.6996 6.6408 1.5831 15.8452 -7.7188 0.0652
Pedestrian -1 -1 -5.8121 215.2417 180.0997 236.5757 215.6664 1.9091 0.5869 0.8479 -20.8753 2.3050 39.1519 -6.2994 0.0636
Cyclist -1 -1 -3.2945 861.0854 169.5981 950.8869 243.8495 1.6033 0.6999 1.7645 6.5261 1.5327 16.1180 -2.9168 0.0572
Cyclist -1 -1 -8.4454 747.7379 168.7116 802.4226 236.1276 1.7129 0.5544 1.7056 4.3225 1.6073 19.2279 -8.2283 0.0504
Car -1 -1 -4.2462 223.2321 187.3002 293.9847 221.0852 1.4581 1.5429 3.7018 -16.8000 2.1878 34.5973 -4.6956 0.9399
Car -1 -1 -4.4795 178.9163 187.0065 237.3647 220.5701 1.5002 1.6955 3.8794 -20.0689 2.2494 36.1141 -4.9838 0.1561
Car -1 -1 -5.1805 650.9333 175.9061 719.4982 208.9142 1.4171 1.5348 3.9444 3.3746 1.5674 33.4846 -5.0814 0.1520
Car -1 -1 -8.1914 846.9384 173.8542 965.1116 241.9860 1.4669 1.5025 3.5268 6.9309 1.4931 17.3762 -7.8183 0.1488
Car -1 -1 -4.1605 135.6605 187.6254 220.7392 217.5755 1.4534 1.8452 4.6331 -23.6288 2.3125 39.6470 -4.6952 0.1269
Car -1 -1 -4.3702 269.4503 177.4085 313.7453 200.6934 1.6496 1.6954 4.2946 -23.8707 2.0052 54.1811 -4.7837 0.1212
Car -1 -1 -4.5242 45.9515 191.6703 102.1505 225.0960 1.5173 1.5944 4.0480 -27.7096 2.5480 37.3657 -5.1590 0.1109
Car -1 -1 -4.6664 246.6101 180.3284 273.2255 200.6998 1.4186 1.6049 3.9857 -26.1758 1.9997 53.9711 -5.1163 0.0885
Car -1 -1 -4.6916 255.1284 181.7317 290.0869 213.9430 1.6665 1.6978 4.2255 -19.0881 2.1969 40.8596 -5.1265 0.0652
Car -1 -1 -4.3050 96.3972 191.0355 184.1850 229.8426 1.4587 1.6804 4.1311 -20.3089 2.3028 31.3345 -4.8764 0.0588
Car -1 -1 -4.1122 63.3285 192.0945 150.7778 226.7138 1.4373 1.5254 3.7219 -23.5531 2.3905 33.8923 -4.7161 0.0563
Car -1 -1 -4.7797 319.5866 178.2638 354.6100 209.8795 1.8046 1.7243 4.3104 -16.8283 2.1538 44.2975 -5.1411 0.0525
