Car -1 -1 -6.3987 735.8339 179.4947 992.2911 270.6307 1.4704 1.6692 4.1395 4.3426 1.6014 13.0456 -6.0851 0.9370
Pedestrian -1 -1 -4.3578 346.8877 149.3794 430.6737 315.6600 1.9348 0.6504 1.1012 -2.7746 1.6613 8.9652 -4.6508 0.3174
Cyclist -1 -1 -6.1827 591.3425 168.1378 635.8995 214.4332 1.8975 0.6528 1.7968 0.1138 1.7039 29.9909 -6.1796 0.2091
Pedestrian -1 -1 -3.0983 289.7500 143.9028 391.8252 348.4989 1.8432 0.4671 0.8805 -2.5942 1.5821 6.8560 -3.4485 0.1416
Pedestrian -1 -1 -4.3902 81.8054 170.5930 96.8475 201.5716 1.8603 0.5164 0.7879 -31.6242 1.7242 43.7816 -5.0130 0.1357
Pedestrian -1 -1 -3.2301 51.5026 169.8001 71.4313 229.2017 1.8795 0.5991 0.4613 -17.6912 1.7826 23.2065 -3.8760 0.1172
Pedestrian -1 -1 -6.0171 186.6556 168.7509 205.2426 206.6879 1.9075 0.6439 0.6733 -21.0809 1.7009 36.6758 -6.5359 0.1079
Pedestrian -1 -1 -2.9619 314.8141 169.5934 333.3502 209.2766 1.8908 0.6440 0.7266 -13.8126 1.7352 34.7664 -3.3377 0.1021
Pedestrian -1 -1 -3.1095 192.9024 170.8927 209.5205 216.7531 1.9422 0.6026 0.6004 -17.5808 1.8588 30.9632 -3.6225 0.0887
Car -1 -1 -8.0218 350.6345 177.2655 386.0405 202.4028 1.5506 1.5737 3.8865 -15.9167 1.8524 47.3252 -8.3449 0.0812
Pedestrian -1 -1 -1.8626 139.4980 173.5878 171.5771 231.8367 1.7846 0.6960 0.6426 -14.2763 1.8077 22.5910 -2.4211 0.0804
Cyclist -1 -1 -8.4726 876.4228 168.6490 925.5548 219.6939 1.7256 0.6318 1.8596 10.1565 1.5831 25.3697 -8.0963 0.0770
Cyclist -1 -1 -8.2370 1117.0083 176.3100 1162.8785 245.6315 1.4635 0.3720 1.2275 11.6328 1.5426 15.9375 -7.6158 0.0702
Pedestrian -1 -1 -4.0403 846.1058 159.1977 871.7236 205.6882 1.9399 0.6982 0.7737 10.5150 1.3698 30.6104 -3.7128 0.0694
Pedestrian -1 -1 -3.0029 963.4936 168.5103 979.1746 204.1086 1.8179 0.5458 0.6569 18.6190 1.5958 37.2577 -2.5430 0.0669
Car -1 -1 -6.0516 819.5773 175.7458 889.3412 200.6881 1.4971 1.5891 3.8994 15.3327 1.6857 45.4072 -5.7284 0.0626
Car -1 -1 -6.3308 1134.0845 185.0806 1241.0000 219.2489 1.4585 1.5609 3.8598 26.9126 2.0609 33.8131 -5.6633 0.0621
Car -1 -1 -5.1977 741.0615 175.6862 821.8909 212.8334 1.4584 1.5747 4.1818 7.1959 1.5881 30.8899 -4.9714 0.0614
Car -1 -1 -4.9380 782.4170 171.9886 814.8340 193.4567 1.6925 1.7580 3.7102 15.2931 1.6239 58.7617 -4.6850 0.0599
Car -1 -1 -4.9114 829.4114 175.1656 879.4800 206.8335 1.5086 1.6245 4.0618 12.3525 1.6329 36.7949 -4.5903 0.0590
Car -1 -1 -4.7688 827.8715 175.4436 862.4720 203.1279 1.4809 1.6310 4.0471 13.3278 1.6361 41.1642 -4.4582 0.0588
Car -1 -1 -2.5748 238.2695 173.0015 290.8931 191.5354 1.6905 1.6162 4.1891 -32.0217 1.7041 66.8866 -3.0199 0.0547
Car -1 -1 -4.8599 773.2011 176.1590 814.2712 204.6951 1.4871 1.6106 4.1211 10.1448 1.6808 40.2245 -4.6151 0.0528
Car -1 -1 -5.2810 124.6110 176.2224 196.0190 205.6185 1.6349 1.6368 4.0145 -26.2824 1.8386 42.1024 -5.8364 0.0511
Pedestrian -1 -1 -7.8542 908.0952 174.8769 931.4011 224.0011 1.6748 0.7352 0.5036 10.6833 1.7457 25.0053 -7.4553 0.2701
Pedestrian -1 -1 -7.1327 919.6708 170.5320 947.9466 223.9251 1.8028 0.6691 0.5808 11.0736 1.7241 24.7878 -6.7176 0.0747
Pedestrian -1 -1 -8.0251 917.5192 172.4253 941.6540 224.1989 1.7326 0.6575 0.5756 10.8001 1.7180 24.5037 -7.6150 0.0510
Car -1 -1 -4.5846 826.0314 179.6712 909.1728 243.1380 1.4697 1.6185 3.9810 6.9251 1.6720 19.3101 -4.2458 0.0992
Car -1 -1 -8.0976 859.7050 175.6864 927.9441 219.3912 1.4930 1.5528 3.3634 10.3504 1.6042 26.6415 -7.7313 0.0972
Car -1 -1 -5.2296 758.2683 176.5924 861.0652 224.9084 1.4812 1.6145 3.9217 6.6251 1.6190 24.5469 -4.9697 0.0818
Car -1 -1 -4.7796 762.9825 176.7712 832.6037 235.5903 1.5019 1.6270 4.2362 5.2952 1.6274 20.9480 -4.5361 0.0664
