Pedestrian -1 -1 -8.0515 935.1448 149.4086 954.4811 194.9585 1.9738 0.7072 0.3645 14.5823 0.9576 31.5254 -7.6221 0.4691
Pedestrian -1 -1 -4.1557 792.1889 165.3799 808.6639 198.3164 1.9978 0.6356 0.8310 11.6523 1.5441 44.2820 -3.9005 0.2602
Pedestrian -1 -1 -7.9499 863.6990 161.9415 878.7688 199.5643 1.9097 0.6789 0.4988 13.3346 1.3555 36.9494 -7.6065 0.1881
Pedestrian -1 -1 -3.5333 801.4268 167.6801 810.6792 206.1573 1.9978 0.5225 0.2878 10.2142 1.7289 37.7410 -3.2714 0.1527
Cyclist -1 -1 -6.9389 678.1900 173.4039 704.1177 199.8820 1.8120 0.6623 1.7511 5.6116 1.8505 50.1460 -6.8285 0.1009
Pedestrian -1 -1 -5.9131 395.1461 173.9927 437.1032 247.8076 1.7796 0.5514 0.8539 -4.8076 1.8078 17.7257 -6.1748 0.0987
Pedestrian -1 -1 -3.1314 524.6595 170.0524 530.0930 205.0850 1.9408 0.4866 0.2966 -4.6436 1.7853 40.2315 -3.2460 0.0899
Pedestrian -1 -1 -3.9783 956.1756 148.2868 978.7275 193.1618 1.8193 0.6004 0.5735 14.6356 0.8230 29.6372 -3.5237 0.0801
Cyclist -1 -1 -7.3708 403.8994 169.9249 454.6862 241.3410 1.8559 0.6096 1.7256 -4.9474 1.7795 19.6615 -7.6147 0.0779
Pedestrian -1 -1 -7.9189 846.6502 169.2623 868.4924 222.6967 1.9073 0.7039 0.6589 8.9250 1.7788 26.1642 -7.5942 0.0768
Car -1 -1 -5.2260 874.8836 191.5729 1051.3885 273.4383 1.4098 1.5668 3.9835 7.2551 1.8625 15.4117 -4.7943 0.0609
Car -1 -1 -4.2314 0.0000 173.5705 89.7841 374.0000 1.7505 1.6869 3.9602 -6.2487 1.7584 6.1216 -5.0054 0.0563
Pedestrian -1 -1 -3.9365 683.9030 171.2306 697.0687 195.7213 1.8317 0.5733 0.8260 6.0452 1.7100 54.4498 -3.8269 0.0551
Pedestrian -1 -1 -5.7419 139.3976 170.7624 232.8465 312.6090 1.7222 0.5308 0.8582 -5.3473 1.6966 9.0342 -6.2640 0.0535
Pedestrian -1 -1 -4.6037 799.9138 170.2945 817.3859 215.9127 1.9425 0.6558 0.7295 8.5449 1.8332 31.1838 -4.3393 0.0512
Pedestrian -1 -1 -7.6774 945.2431 167.5535 1090.0819 374.0000 1.7208 0.7117 0.7422 2.5611 1.6902 4.6243 -7.1997 0.1765
Pedestrian -1 -1 -6.2254 511.9983 170.3913 524.1488 209.6904 1.9593 0.5940 0.5736 -4.6608 1.8362 36.2896 -6.3527 0.1514
Pedestrian -1 -1 -2.2224 61.3414 163.0278 151.8084 303.3732 1.8147 0.6268 0.8375 -6.8545 1.6873 9.7587 -2.8223 0.1425
Pedestrian -1 -1 -4.6011 481.8861 172.9477 498.8712 216.6840 1.8604 0.6284 0.8997 -5.2034 1.8642 31.1591 -4.7657 0.1352
Pedestrian -1 -1 -2.9622 155.3351 160.2648 236.4055 303.6825 1.8451 0.5679 0.8536 -5.5952 1.6828 9.6904 -3.4745 0.0699
Pedestrian -1 -1 -5.3524 906.2725 190.3548 1051.1946 374.0000 1.5928 0.5709 0.7210 2.4752 1.7242 5.0170 -4.9187 0.0580
Cyclist -1 -1 -3.9343 484.9886 174.5230 519.3661 215.1824 1.7237 0.5151 1.5897 -4.7308 1.7980 31.4486 -4.0829 0.0516
Car -1 -1 -5.0204 790.9167 189.4303 997.7538 314.4392 1.4753 1.6252 4.3781 4.0860 1.7857 11.3134 -4.6833 0.9413
Car -1 -1 -8.0199 737.5428 189.2750 835.9462 258.6989 1.3729 1.5789 4.1472 4.0632 1.8165 17.3870 -7.7950 0.9337
Car -1 -1 -4.6283 552.9730 178.8488 595.6957 213.8812 1.5751 1.7495 4.0401 -1.7214 1.8843 35.1928 -4.6774 0.8806
Car -1 -1 -7.9792 687.9727 182.3013 733.7025 217.5851 1.5131 1.6490 3.7504 4.6270 1.9804 33.8324 -7.8451 0.8113
Car -1 -1 -7.9767 704.3246 182.3784 755.6323 224.3626 1.5468 1.6028 3.5643 4.7490 1.9560 29.2137 -7.8179 0.8062
Car -1 -1 -7.9968 723.8456 184.6668 791.5259 238.1902 1.4892 1.5720 3.4577 4.4990 1.8882 22.6215 -7.8038 0.8019
Car -1 -1 -5.7781 908.5787 185.9966 1241.0000 374.0000 1.5941 1.6969 3.9923 3.5730 1.6997 3.6550 -5.0446 0.7333
Car -1 -1 -3.7669 0.0000 201.9388 270.1987 374.0000 1.5485 1.6846 4.0961 -2.9901 1.7204 2.1767 -4.6506 0.6687
Car -1 -1 -4.5460 475.9834 183.3646 560.5574 249.5756 1.5054 1.5765 3.8862 -2.3554 1.8108 19.0088 -4.6685 0.4857
Car -1 -1 -7.6945 410.8361 166.3233 544.9446 281.0792 1.8169 1.7556 4.5093 -2.3494 1.7132 13.6856 -7.8623 0.4500
Car -1 -1 -4.7771 586.4495 177.3723 613.2789 200.5814 1.5621 1.6421 4.1375 -0.7915 1.8977 51.5197 -4.7929 0.2068
Car -1 -1 -7.9133 676.4457 177.2169 702.2190 199.6651 1.5252 1.5915 4.0962 5.6407 1.8515 51.9182 -7.8061 0.1301
Car -1 -1 -4.0430 415.4727 181.3413 502.0032 220.1517 1.4556 1.4986 3.7689 -6.2449 1.8315 29.9651 -4.2472 0.0955
Car -1 -1 -7.9490 682.6605 180.3502 720.4079 211.0057 1.5548 1.6572 4.1567 4.9465 1.9890 39.7234 -7.8266 0.0920
Car -1 -1 -7.9353 579.3004 171.5816 601.6822 191.7240 1.7213 1.6489 4.0255 -1.7766 1.6123 63.7514 -7.9634 0.0840
Car -1 -1 -7.9325 678.1554 177.7125 709.6267 203.9693 1.5949 1.6818 4.2875 5.3606 1.9243 46.8020 -7.8197 0.0618
Car -1 -1 -4.7270 565.4922 180.0006 594.5467 208.4967 1.4889 1.5591 3.9133 -1.7612 1.9115 40.6999 -4.7705 0.0536
