Car -1 -1 -4.8809 772.4814 180.5792 801.9711 203.1945 1.5481 1.5134 3.4264 12.7940 2.1273 52.3576 -4.6431 0.1995
Pedestrian -1 -1 -6.1744 558.4164 180.3501 565.8605 200.8064 1.8391 0.7507 0.5975 -4.3677 2.5237 65.5404 -6.2411 0.1774
Pedestrian -1 -1 -7.1744 1150.4052 163.3224 1168.0656 217.9391 1.8532 0.4581 0.1975 18.7741 1.5295 24.7288 -6.5311 0.1066
Pedestrian -1 -1 -4.8995 849.0244 209.6466 868.2731 260.8822 1.0628 0.3200 0.3914 5.2832 1.8635 15.4922 -4.5777 0.1062
Pedestrian -1 -1 -4.7675 810.2676 239.9683 836.7853 326.7097 0.9377 0.2667 0.3888 2.4117 1.7349 8.3559 -4.4974 0.0965
Pedestrian -1 -1 -4.9221 900.2190 200.6786 919.7094 251.4190 1.1041 0.3180 0.4287 6.6796 1.7377 16.2006 -4.5383 0.0960
Pedestrian -1 -1 -4.4321 289.6566 159.1394 355.4250 323.0668 1.9310 0.5178 0.9394 -3.6164 1.7692 8.9913 -4.8053 0.0953
Pedestrian -1 -1 -8.2083 306.1059 177.9110 347.4324 258.4444 1.7762 0.7056 0.6209 -6.5050 1.8944 16.4391 -8.5802 0.0926
Pedestrian -1 -1 -5.6003 1131.3903 156.7857 1162.5680 216.7125 2.0043 0.6057 0.6028 18.1823 1.4666 24.5011 -4.9680 0.0915
Pedestrian -1 -1 -5.2234 804.0083 199.9102 832.5996 265.2329 1.2655 0.3902 0.4242 4.1121 1.8161 14.4397 -4.9524 0.0880
Pedestrian -1 -1 -4.8112 752.1614 216.0793 774.9728 287.2458 1.0957 0.3142 0.4227 2.4123 1.8045 11.6098 -4.6127 0.0847
Pedestrian -1 -1 -4.8372 1169.6125 160.6504 1193.3447 217.0821 1.9295 0.5863 0.4841 19.7703 1.5119 25.0282 -4.1747 0.0817
Cyclist -1 -1 -7.7993 373.3718 189.5669 386.6657 230.5302 1.6342 0.4371 1.7860 -9.7421 2.3606 30.4544 -8.1069 0.0802
Car -1 -1 -4.3821 535.9305 184.5144 575.2812 208.1620 1.5219 1.6524 3.6259 -3.7838 2.3667 50.3338 -4.4573 0.0782
Cyclist -1 -1 -8.2285 781.0243 178.8739 796.5698 204.3865 1.6892 0.4187 1.7268 12.1192 2.1057 49.0732 -7.9883 0.0722
Cyclist -1 -1 -8.1107 839.5923 174.5130 866.1492 225.8063 1.6840 0.4744 1.5226 8.1899 1.7419 24.5138 -7.7925 0.0714
Pedestrian -1 -1 -3.4915 1104.9952 95.9562 1241.0000 374.0000 1.8064 0.5637 0.7484 2.7570 1.4920 3.3263 -2.8425 0.0698
Car -1 -1 -4.5478 583.8879 181.1089 620.8337 207.5547 1.5446 1.6802 4.1850 -0.4686 2.0924 45.7097 -4.5585 0.0663
Car -1 -1 -7.1585 71.5000 172.4757 137.8607 201.1106 1.8551 1.7136 3.6604 -34.0190 1.8303 48.6436 -7.7664 0.0651
Car -1 -1 -6.2174 152.7631 173.9267 232.1387 202.1769 1.6457 1.6770 4.0664 -25.2943 1.7130 43.8047 -6.7386 0.0643
Pedestrian -1 -1 -5.1510 698.2832 170.3840 713.3495 202.5126 1.9882 0.6407 0.8312 5.9570 1.8350 45.1428 -5.0211 0.0608
Car -1 -1 -4.6327 584.8495 182.9805 620.1077 212.0345 1.5226 1.6979 4.2717 -0.4191 2.1359 41.5289 -4.6433 0.0596
Pedestrian -1 -1 -4.8871 777.4243 226.3420 803.9866 303.3142 1.0193 0.2897 0.3941 2.4559 1.7789 10.0450 -4.6555 0.0539
Car -1 -1 -4.4943 182.1694 191.3758 283.3613 254.4036 1.4513 1.6259 4.0385 -10.3770 2.0209 20.0422 -4.9671 0.0538
Car -1 -1 -8.0882 1207.9238 177.7321 1241.0000 227.6113 1.5263 1.5792 3.7236 21.7468 1.7052 24.4889 -7.3684 0.0524
Pedestrian -1 -1 -8.2071 1014.6225 159.4628 1033.7704 197.2642 1.9083 0.7136 0.5044 21.0423 1.2320 36.7323 -7.6906 0.0521
Car -1 -1 -7.6707 200.5969 162.9794 230.1960 181.6840 1.6591 1.6718 4.0249 -36.1675 0.7829 66.1744 -8.1693 0.0514
Pedestrian -1 -1 -2.6463 266.1082 175.7838 323.4873 283.0014 1.8492 0.6088 0.7306 -5.6342 1.9022 12.7978 -3.0540 0.0507
Car -1 -1 -4.2553 255.0750 184.3188 322.9754 214.7270 1.5298 1.6603 4.4476 -17.8435 2.2050 40.2582 -4.6704 0.0505
Pedestrian -1 -1 -4.6668 1127.1294 168.1891 1172.4613 274.5917 1.7015 0.5812 0.8033 8.9517 1.6266 12.0333 -4.0395 0.5929
Pedestrian -1 -1 -4.7435 1089.6698 170.2313 1137.2839 267.7677 1.7050 0.6718 0.8959 9.1182 1.6589 13.1713 -4.1491 0.4446
Cyclist -1 -1 -8.2404 951.0627 172.0111 997.3412 248.0713 1.6554 0.4102 1.4515 8.2233 1.6367 16.4417 -7.7844 0.3928
Cyclist -1 -1 -8.3274 996.8541 175.1405 1032.9414 223.5973 1.6651 0.4096 1.6362 14.3525 1.7489 25.6961 -7.8234 0.2631
Pedestrian -1 -1 -6.0301 156.9077 169.1469 177.5084 198.7859 1.7300 0.5045 0.9374 -26.1073 1.5133 42.4921 -6.5784 0.1343
Cyclist -1 -1 -7.8347 900.2856 174.4389 921.7180 252.6964 1.7187 0.4376 1.5817 6.9182 1.7568 16.6921 -7.4489 0.1266
Cyclist -1 -1 -1.9575 112.5024 192.7373 158.6750 248.6200 1.7207 0.6812 1.6714 -15.5127 2.3892 23.5111 -2.5358 0.1052
Pedestrian -1 -1 -4.9012 755.4155 191.2007 771.1558 230.3221 1.3373 0.4368 0.5669 5.3080 1.9856 25.2205 -4.6969 0.1042
Cyclist -1 -1 -8.1735 879.5452 178.6433 924.4703 254.2872 1.6465 0.4665 1.5968 6.6568 1.7862 16.6394 -7.7999 0.0889
Pedestrian -1 -1 -4.6093 801.4401 195.9531 813.1775 230.2062 1.1323 0.3451 0.4141 6.6402 1.9230 24.4513 -4.3479 0.0876
Cyclist -1 -1 -7.6968 135.9200 192.1564 162.9964 247.7923 1.7264 0.5018 1.6139 -15.2313 2.3856 23.8132 -8.2610 0.0860
Cyclist -1 -1 -8.0579 839.5654 176.3552 862.9388 226.4367 1.6474 0.4406 1.5581 8.1803 1.7706 24.6453 -7.7416 0.0841
Cyclist -1 -1 -7.9448 740.4046 182.1182 753.3375 215.4893 1.6403 0.4942 1.6435 6.9287 2.1230 36.7748 -7.7607 0.0773
Cyclist -1 -1 -4.9180 735.8182 181.5079 750.5912 213.6518 1.6244 0.4366 1.5966 6.9126 2.0859 37.6999 -4.7387 0.0771
Cyclist -1 -1 -6.1072 131.3904 190.0016 191.2250 246.7695 1.7762 0.6345 1.5680 -14.6445 2.3485 23.5116 -6.6594 0.0694
Cyclist -1 -1 -8.2023 788.1454 180.4694 818.4747 230.1231 1.6423 0.4449 1.7210 6.6365 1.9152 25.0116 -7.9466 0.0669
Cyclist -1 -1 -7.7658 912.8596 178.0877 928.6021 220.0122 1.6584 0.4533 1.7223 12.7209 1.8793 29.6247 -7.3644 0.0666
Pedestrian -1 -1 -3.0674 673.3920 176.0080 682.7499 203.3292 1.8325 0.7063 0.5819 4.5813 2.0476 48.8823 -2.9750 0.0665
Cyclist -1 -1 -4.7589 850.9540 179.2382 863.4933 214.1372 1.7005 0.5131 1.6573 12.4048 2.0294 36.3427 -4.4330 0.0659
Cyclist -1 -1 -7.8611 752.9706 182.3077 767.8677 231.6346 1.6803 0.4996 1.6795 5.3200 2.0292 25.7850 -7.6607 0.0653
Cyclist -1 -1 -7.3456 914.3427 174.3852 951.5534 218.2259 1.7299 0.6522 1.6751 13.0715 1.7934 29.2895 -6.9301 0.0653
Pedestrian -1 -1 -8.2096 1014.3158 170.8974 1042.4856 219.0571 1.8818 0.7367 0.7848 16.5549 1.8051 28.6412 -7.6905 0.0644
Cyclist -1 -1 -7.7963 713.6611 180.9486 720.8381 205.0195 1.5993 0.3980 1.5924 7.3014 2.1614 49.3125 -7.6507 0.0637
Cyclist -1 -1 -8.4496 988.5686 173.8097 1031.2584 224.0653 1.7166 0.4439 1.6837 14.0835 1.7512 25.5376 -7.9510 0.0631
Cyclist -1 -1 -8.4506 888.9396 177.7004 926.1285 220.2045 1.6722 0.4935 1.7617 12.1030 1.8762 29.5082 -8.0655 0.0631
Pedestrian -1 -1 -5.4637 154.9880 167.8818 175.9220 198.8181 1.8134 0.7542 0.7403 -26.3748 1.5216 42.7565 -6.0139 0.0628
Cyclist -1 -1 -7.9849 800.3523 178.4174 820.4847 229.4234 1.6991 0.4465 1.6948 6.9115 1.8990 25.0946 -7.7199 0.0613
Cyclist -1 -1 -2.5097 120.5981 190.8875 180.7132 245.2616 1.7456 0.6274 1.6140 -15.1733 2.3487 23.7763 -3.0730 0.0572
Pedestrian -1 -1 -8.7079 740.7206 182.9799 757.8972 215.5001 1.5966 0.6210 0.5785 6.9302 2.1088 36.1043 -8.5204 0.0572
Cyclist -1 -1 -4.4097 1064.0724 174.9249 1131.8594 270.1736 1.6570 0.5632 1.7502 8.9959 1.6973 13.3584 -3.8279 0.0569
Cyclist -1 -1 -8.4157 734.9905 180.9209 771.1896 229.9897 1.6771 0.4685 1.6247 5.0492 1.9744 25.7799 -8.2252 0.0516
Cyclist -1 -1 -8.4634 838.1066 179.7785 865.8926 214.5116 1.6916 0.4905 1.6044 12.1261 2.0478 36.3141 -8.1442 0.0510
Car -1 -1 -7.8801 568.2123 184.4719 638.8033 252.8687 1.5776 1.6927 3.5579 -0.2795 1.9135 19.0706 -7.8956 0.9403
Car -1 -1 -4.5455 410.2314 187.5107 448.4413 212.5166 1.4235 1.6753 4.1848 -11.4319 2.3962 45.7478 -4.7894 0.8366
Car -1 -1 -4.4144 473.1415 184.8953 504.3480 202.2433 1.5060 1.7565 4.1324 -11.3736 2.6733 67.8046 -4.5803 0.4501
Car -1 -1 -4.4129 546.1656 184.9577 578.8906 204.4727 1.5283 1.7234 3.7965 -4.0068 2.5871 61.0901 -4.4786 0.2966
Car -1 -1 -4.3488 300.5491 186.5768 353.1390 214.3191 1.6071 1.8173 3.9343 -17.9068 2.5140 45.7261 -4.7205 0.2417
Car -1 -1 -4.9246 800.5133 184.2785 837.2093 210.4219 1.5041 1.5110 3.2850 12.8544 2.2379 44.6759 -4.6468 0.1523
Car -1 -1 -4.9733 838.7510 181.2430 888.5057 212.6985 1.5010 1.5273 3.6056 12.9981 1.9556 37.2717 -4.6407 0.1484
Car -1 -1 -4.7355 624.8098 184.0092 644.4796 201.6643 1.4713 1.6592 3.5004 2.1428 2.4894 64.1115 -4.7028 0.1478
Car -1 -1 -5.1297 886.3293 181.0745 960.3517 218.8990 1.4551 1.5109 3.5807 13.0421 1.8211 30.3429 -4.7279 0.1476
Car -1 -1 -7.4509 3.7307 161.1276 68.9944 196.8890 2.1260 1.7862 3.9156 -35.7299 1.4286 45.0193 -8.1190 0.1452
Car -1 -1 -8.8356 1203.3704 179.3007 1241.0000 334.6217 1.4487 1.5558 3.7791 9.7597 1.5456 8.8875 -8.0203 0.1209
Car -1 -1 -4.8998 622.4208 182.3233 647.5429 199.0007 1.5197 1.7160 4.0403 2.3821 2.4698 70.2935 -4.8666 0.1147
Car -1 -1 -4.1579 442.9992 184.5240 484.2832 203.7142 1.5757 1.7119 4.0660 -12.9851 2.6482 64.1288 -4.3573 0.1136
Car -1 -1 -7.8720 148.5199 170.5304 180.4333 198.0130 1.5942 1.5879 3.6693 -27.1224 1.4591 43.8282 -8.4236 0.1118
Car -1 -1 -4.9863 752.5901 183.4279 802.7737 213.5619 1.4827 1.5820 4.0735 8.9631 2.0848 39.0317 -4.7628 0.1007
Car -1 -1 -4.6435 700.9727 178.1451 727.1418 203.0251 1.6329 1.5529 3.7883 7.2428 2.0157 50.2276 -4.5016 0.0952
Car -1 -1 -4.5468 675.4095 179.4851 700.0458 196.3457 1.5439 1.7183 4.1814 7.5606 2.2083 70.0812 -4.4402 0.0868
Car -1 -1 -4.4350 129.9318 197.2183 218.5045 246.2481 1.4297 1.5880 4.0824 -15.2414 2.3599 25.3796 -4.9715 0.0840
Car -1 -1 -4.4940 254.1335 175.4318 304.6255 206.9902 1.6181 1.6583 4.0922 -18.0725 1.7668 39.5240 -4.9205 0.0836
Car -1 -1 -4.8035 650.4836 180.5415 672.3860 197.6506 1.5674 1.7518 4.0184 4.9367 2.3339 69.9490 -4.7337 0.0814
Car -1 -1 -4.9589 713.4578 182.3595 756.5417 209.9735 1.4930 1.5702 3.9236 7.2556 2.0781 42.4171 -4.7912 0.0744
Car -1 -1 -4.6572 463.1844 184.7292 495.4672 211.0374 1.4968 1.7609 4.2195 -8.1786 2.2773 45.2406 -4.8355 0.0740
Car -1 -1 -4.4042 359.4275 188.1515 406.4195 213.5473 1.4460 1.7242 3.8595 -14.2433 2.4482 45.3480 -4.7073 0.0738
Car -1 -1 -7.3604 713.3171 183.0988 803.1273 228.1594 1.5109 1.6224 3.9949 5.6014 1.9257 27.1811 -7.1600 0.0733
Car -1 -1 -7.4207 174.2481 175.3177 247.3786 209.2655 1.6036 1.6886 4.0242 -20.0992 1.7347 36.4467 -7.9218 0.0694
Car -1 -1 -4.3303 511.9822 184.4415 547.9373 202.7398 1.4540 1.7650 3.8573 -6.8706 2.4843 62.0815 -4.4405 0.0667
Car -1 -1 -5.2118 713.4437 178.0124 750.6355 196.0938 1.6167 1.6349 4.2091 11.4460 2.1190 68.0566 -5.0463 0.0608
Car -1 -1 -4.8666 736.7104 177.8241 763.1559 197.8441 1.6615 1.6379 4.1555 12.1621 2.1099 63.0326 -4.6773 0.0552
