Car -1 -1 -4.3563 300.0278 178.4875 380.3231 230.4860 1.8441 1.6130 4.0074 -10.4156 2.0783 28.0297 -4.7094 0.8416
Pedestrian -1 -1 -5.3522 803.5717 172.9639 815.6947 196.3290 1.8106 0.5707 0.7607 15.5678 1.8189 56.3747 -5.0845 0.3379
Car -1 -1 -3.8394 237.8340 181.7942 325.1645 210.3444 1.4341 1.7191 4.3051 -18.1560 1.9581 40.0041 -4.2632 0.1118
Pedestrian -1 -1 -3.4190 191.1070 177.7575 224.8692 237.8053 1.8557 0.6106 0.7997 -12.7934 2.0143 22.8781 -3.9243 0.0907
Car -1 -1 -4.5927 627.1097 177.0311 653.7823 197.4489 1.5211 1.6599 3.7186 2.3891 1.8595 56.5289 -4.5511 0.0856
Pedestrian -1 -1 -6.6605 1046.3607 155.9679 1113.4097 278.1439 1.7719 0.3641 0.7516 6.9087 1.5267 10.7118 -6.1008 0.0815
Pedestrian -1 -1 -3.5677 757.6387 169.1921 770.9508 195.6687 1.8501 0.5448 0.7579 10.8230 1.5939 50.7660 -3.3592 0.0793
Pedestrian -1 -1 -5.9148 539.5692 175.7291 548.8347 193.7254 1.6886 0.5465 0.7240 -6.2368 1.9614 68.1794 -6.0061 0.0746
Cyclist -1 -1 -7.4006 101.8367 185.6656 156.2058 251.0693 1.6515 0.4772 1.7969 -13.0156 2.0138 19.5020 -7.9831 0.0721
Car -1 -1 -4.4721 486.4604 180.2069 524.3411 202.8795 1.5250 1.6983 4.4980 -7.5638 2.0819 52.3584 -4.6153 0.0651
Pedestrian -1 -1 -3.8218 674.5285 170.2677 685.7605 192.6718 1.8836 0.4954 0.8170 5.9146 1.6659 61.0946 -3.7261 0.0640
Car -1 -1 -4.5148 836.0635 175.3582 870.2255 197.5001 1.5373 1.6051 4.0882 17.7814 1.7276 52.7592 -4.1918 0.0611
Car -1 -1 -4.5258 449.8264 183.3504 483.4112 207.0369 1.5524 1.6297 3.9142 -10.1185 2.3225 50.9933 -4.7211 0.0590
Pedestrian -1 -1 -7.8901 421.7553 176.5987 435.9971 212.3858 1.8912 0.7166 0.6409 -9.7359 2.0934 38.6226 -8.1359 0.0588
Pedestrian -1 -1 -7.4964 269.0969 175.3082 284.2404 208.0833 1.8638 0.5933 0.6671 -19.1765 2.0056 41.4382 -7.9277 0.0575
Car -1 -1 -4.6556 592.0934 180.7609 617.1725 199.8633 1.4069 1.7465 4.3824 -0.4156 2.0581 57.2201 -4.6633 0.0575
Car -1 -1 -2.4099 0.0000 190.6451 144.7385 346.9360 1.5754 1.7191 4.3722 -8.2285 1.8050 8.4017 -3.1690 0.0569
Cyclist -1 -1 -5.0662 871.7248 160.5690 926.6044 240.4388 1.7636 0.6090 1.7274 6.6483 1.4921 16.8012 -4.6960 0.0567
Car -1 -1 -4.4120 563.7588 180.3718 596.9478 198.5261 1.4150 1.6003 4.2120 -2.4623 2.0667 60.3346 -4.4530 0.0544
Pedestrian -1 -1 -2.1904 67.1049 178.3637 110.5110 252.8751 1.8828 0.6137 0.7121 -13.5518 2.0284 18.6981 -2.8110 0.0504
Pedestrian -1 -1 -7.5668 507.7198 179.1500 530.2166 226.9493 1.7118 0.6527 0.6676 -3.3627 1.9446 26.3227 -7.6933 0.1402
Cyclist -1 -1 -4.2070 496.2411 176.7829 529.4733 227.8391 1.8117 0.5540 1.5025 -3.6036 1.9602 26.5272 -4.3414 0.0928
Cyclist -1 -1 -3.2137 499.3291 177.6202 545.3013 228.2946 1.8003 0.6075 1.6150 -3.2315 1.9759 26.1737 -3.3360 0.0830
Cyclist -1 -1 -4.3591 510.9108 176.5201 540.5843 228.2374 1.8146 0.5677 1.5661 -3.0984 1.9520 26.2621 -4.4760 0.0669
Cyclist -1 -1 -3.5904 161.6759 185.8831 227.3939 242.8344 1.6843 0.5350 1.7212 -13.0324 2.1075 22.5934 -4.1088 0.0522
Car -1 -1 -7.8635 594.3863 179.5131 661.7692 244.1270 1.5846 1.6883 3.6512 0.4204 1.7849 19.9072 -7.8436 0.9578
Car -1 -1 -4.2594 194.5934 190.4794 326.6057 247.2576 1.4124 1.6869 4.6301 -10.3546 1.9994 21.7172 -4.6999 0.9274
Car -1 -1 -4.4061 393.5585 182.8159 473.7663 234.7180 1.6137 1.5793 4.0246 -6.1186 1.9911 25.2887 -4.6417 0.9091
Car -1 -1 -4.4687 498.5547 181.4713 545.1212 210.4161 1.5339 1.7024 4.2355 -5.0742 2.0586 41.7561 -4.5894 0.8585
Car -1 -1 -4.0135 0.0000 191.7720 149.1495 251.9339 1.4473 1.4709 3.4963 -14.9401 2.0258 20.2822 -4.6423 0.8453
Car -1 -1 -3.9666 0.0000 196.8588 135.5938 374.0000 1.5187 1.6491 4.0030 -6.9539 1.8258 7.2377 -4.7137 0.7807
Car -1 -1 -4.3425 477.3638 182.6926 522.1844 204.9017 1.4369 1.6725 4.3524 -7.7667 2.1639 51.0324 -4.4932 0.7035
Car -1 -1 -7.1831 676.0610 179.5379 766.5927 219.7667 1.4516 1.5624 3.7218 4.3940 1.7322 28.4861 -7.0323 0.6539
Car -1 -1 -4.3934 395.2290 182.1639 452.1027 215.2085 1.5907 1.6042 4.4390 -9.8395 2.1136 38.2806 -4.6438 0.6213
Car -1 -1 -7.4386 812.6450 175.1855 1032.5408 299.1924 1.5524 1.6477 3.9818 4.8556 1.5942 11.0686 -7.0359 0.5871
Car -1 -1 -3.7582 34.4271 184.1151 168.6365 224.9999 1.5084 1.7417 4.4039 -21.2252 2.0178 30.2917 -4.3654 0.5117
Car -1 -1 -4.7262 628.0955 175.5119 649.0125 196.0217 1.5560 1.5954 3.9410 2.2094 1.7739 57.2462 -4.6882 0.4839
Car -1 -1 -7.2791 709.5059 178.7133 817.4160 234.4701 1.5280 1.5161 3.5821 4.6766 1.7206 21.9581 -7.0728 0.4815
Car -1 -1 -4.4697 563.9226 179.0087 593.8947 196.6619 1.4062 1.5452 4.3645 -2.6277 1.9489 61.3662 -4.5127 0.4530
Car -1 -1 -4.6711 371.1883 186.6372 409.9366 220.1343 1.4072 1.5874 3.9388 -10.3701 2.0994 34.1483 -4.9642 0.1033
Car -1 -1 -3.8173 800.3071 178.6797 910.5504 216.5786 1.5116 1.6717 4.3773 10.4283 1.7723 30.7921 -3.4943 0.0937
Car -1 -1 -3.9264 177.0906 191.2581 275.6768 224.5192 1.4548 1.7180 4.5224 -19.3924 2.4507 36.6446 -4.4104 0.0887
Car -1 -1 -4.6916 160.5771 187.3058 205.0151 225.1639 1.4898 1.6108 4.1477 -19.0869 2.1802 32.2802 -5.2222 0.0871
Car -1 -1 -4.9198 590.2516 178.2976 620.7051 196.7132 1.4769 1.7327 4.3385 -0.4510 1.9582 61.5333 -4.9275 0.0727
Car -1 -1 -4.8412 416.8306 183.1233 464.9285 218.5424 1.5009 1.6676 4.3784 -8.1338 2.0218 34.2766 -5.0730 0.0641
Car -1 -1 -4.9916 365.5826 183.5730 412.7348 212.7197 1.5165 1.5668 3.8398 -12.6476 2.1566 41.0750 -5.2889 0.0588
Car -1 -1 -4.3525 451.3757 183.0733 508.2094 213.7782 1.4721 1.6458 4.0097 -6.8472 2.0418 38.1255 -4.5295 0.0554
Car -1 -1 -4.4054 445.6917 182.6141 484.1902 205.9056 1.5163 1.5695 3.8070 -10.1577 2.2274 50.6097 -4.6029 0.0543
