Pedestrian -1 -1 -5.7301 291.6418 161.7731 412.8458 337.0158 1.7105 0.6697 0.9780 -2.6585 1.5281 7.3350 -6.0624 0.9002
Cyclist -1 -1 -7.9313 492.8153 167.8839 530.8981 265.2128 1.6670 0.5542 1.8483 -1.7925 1.4513 13.0713 -8.0626 0.1120
Pedestrian -1 -1 -7.1281 842.5051 152.6045 853.6736 189.5086 1.8478 0.4816 0.2594 12.2459 0.4512 35.6751 -6.7984 0.0950
Pedestrian -1 -1 -7.9980 547.9069 158.2540 577.8000 233.7466 1.8400 0.6500 0.7016 -1.0993 1.2982 17.6427 -8.0573 0.0893
Pedestrian -1 -1 -5.1100 982.0584 204.1997 1082.2446 369.0000 1.3323 0.4380 0.5980 3.1518 1.5229 5.3505 -4.6012 0.0728
Pedestrian -1 -1 -4.9183 1160.2308 227.4144 1223.0000 359.3553 1.0931 0.3536 0.5559 5.2764 1.5411 6.4181 -4.2526 0.0701
Cyclist -1 -1 -7.6634 596.0745 149.2050 605.9362 172.4427 1.6449 0.4199 1.6039 -0.2833 -0.5957 51.4492 -7.6668 0.0669
Car -1 -1 -7.5571 570.3788 170.5517 626.8669 204.7980 1.4961 1.5893 3.7770 -0.2557 1.0617 32.9247 -7.5630 0.0628
Car -1 -1 -7.5881 0.0000 173.2873 58.0879 206.6622 1.4531 1.5748 3.7223 -26.9272 1.1393 32.8041 -8.2689 0.0622
Pedestrian -1 -1 -4.5828 401.6289 164.6839 435.0784 248.3092 1.7384 0.5863 0.8453 -4.0345 1.4100 15.1536 -4.8360 0.0576
Pedestrian -1 -1 -4.7029 459.1030 163.3459 489.9236 249.6071 1.7558 0.6193 0.8759 -2.7844 1.4070 14.8752 -4.8823 0.0552
Car -1 -1 -4.3142 483.8708 169.7798 583.4872 230.6026 1.6623 1.6438 3.7819 -2.0832 1.3696 21.3739 -4.4082 0.0527
Pedestrian -1 -1 -7.7901 262.9537 164.7253 301.9610 257.6885 1.7336 0.6267 0.8880 -6.2870 1.4398 13.7107 -8.2095 0.1515
Pedestrian -1 -1 -4.7044 678.4146 169.0183 710.2599 252.2981 1.6553 0.6297 0.8660 1.7895 1.4275 14.5238 -4.5827 0.1504
Pedestrian -1 -1 -5.5320 631.4089 169.9004 681.5634 260.1670 1.5895 0.5250 0.7580 0.8884 1.4032 12.9066 -5.4632 0.1455
Pedestrian -1 -1 -4.3409 858.1359 161.4005 909.7094 266.5338 1.7080 0.5966 0.7164 4.6682 1.3981 11.9523 -3.9758 0.1420
Pedestrian -1 -1 -4.5381 663.5779 143.5185 677.2977 175.7567 1.7908 0.6573 0.7048 3.6756 -0.2699 39.8282 -4.4447 0.1292
Pedestrian -1 -1 -8.1670 837.0735 167.6602 870.9938 233.8987 1.6338 0.6035 0.7397 6.2243 1.3174 17.8154 -7.8347 0.1069
Pedestrian -1 -1 -9.0663 1023.4083 163.0214 1075.7572 272.1162 1.7380 0.5503 0.5789 7.2808 1.4599 11.6614 -8.5187 0.1069
Pedestrian -1 -1 -7.6967 664.7285 167.7713 703.5701 260.4938 1.6661 0.6039 0.8054 1.4355 1.4378 13.1725 -7.5890 0.1020
Pedestrian -1 -1 -5.8408 1172.9869 172.1582 1223.0000 268.4467 1.5762 0.5208 0.6967 10.1390 1.4400 11.9998 -5.1507 0.0933
Pedestrian -1 -1 -5.0097 773.4427 163.1616 821.9761 265.0085 1.7180 0.6076 0.7834 3.2991 1.4259 12.3307 -4.7529 0.0864
Pedestrian -1 -1 -4.4814 23.9049 167.4504 69.8577 256.0702 1.7503 0.6017 0.6256 -11.3790 1.4929 14.3739 -5.1385 0.0804
Pedestrian -1 -1 -4.6725 376.9418 191.2815 407.6157 273.5425 1.2616 0.4428 0.5749 -3.4316 1.4388 11.2635 -4.9586 0.0783
Pedestrian -1 -1 -4.5445 676.6317 159.2083 706.4835 234.1592 1.8268 0.6135 0.8397 2.1345 1.3081 17.7223 -4.4250 0.0777
Pedestrian -1 -1 -4.7697 849.1370 155.1073 889.5945 262.6813 1.8356 0.6165 0.8283 4.6301 1.4027 12.5499 -4.4227 0.0764
Cyclist -1 -1 -4.2580 43.8686 161.6906 129.0558 266.0151 1.7774 0.5453 1.7105 -9.4805 1.4573 12.9347 -4.8770 0.0756
Pedestrian -1 -1 -7.3276 747.6163 169.7561 794.0261 256.0418 1.6755 0.5651 0.8436 3.2950 1.4672 14.2305 -7.1033 0.0724
Pedestrian -1 -1 -4.2029 200.5916 167.3194 246.6779 255.2385 1.6865 0.5533 0.6394 -7.5281 1.4341 13.8894 -4.6883 0.0720
Pedestrian -1 -1 -7.7196 948.8203 163.4760 991.2494 268.6606 1.6680 0.5500 0.6074 5.9516 1.3985 11.6184 -7.2555 0.0710
Cyclist -1 -1 -3.6131 837.1489 170.9366 966.0073 273.7465 1.5748 0.6928 1.7721 4.6460 1.4287 11.2535 -3.2298 0.0688
Pedestrian -1 -1 -3.3557 819.5669 179.4920 859.2739 253.7922 1.4507 0.4586 0.6643 4.6096 1.4314 14.0656 -3.0439 0.0671
Cyclist -1 -1 -4.7316 670.1672 144.8888 678.7381 175.5717 1.6821 0.4490 1.6202 3.8968 -0.2834 39.8534 -4.6328 0.0659
Pedestrian -1 -1 -4.5528 863.2736 190.8263 898.7726 273.4271 1.2444 0.4588 0.4204 4.2544 1.4101 11.0225 -4.1923 0.0654
Pedestrian -1 -1 -6.2447 1120.0371 152.0642 1175.3064 268.0952 1.8294 0.5777 0.7047 8.8485 1.3814 11.5936 -5.6044 0.0640
Pedestrian -1 -1 -5.0634 842.6218 207.2505 873.9144 274.5288 1.0533 0.3400 0.4510 4.0574 1.4967 11.4798 -4.7307 0.0633
Cyclist -1 -1 -7.9791 958.6075 169.3946 1015.5474 279.6549 1.5964 0.5321 1.8838 5.9698 1.4360 11.2129 -7.4999 0.0606
Pedestrian -1 -1 -4.2229 260.1798 186.2426 301.5375 271.3712 1.3203 0.4610 0.4008 -5.1844 1.4135 11.2110 -4.6434 0.0603
Cyclist -1 -1 -3.5516 976.5214 156.2345 1124.9740 270.5226 1.8142 0.6010 2.0000 7.2539 1.4294 11.6571 -3.0054 0.0601
Cyclist -1 -1 -6.4881 685.6785 167.5303 761.5185 233.7733 1.6497 0.6990 1.7970 2.9606 1.3271 17.9962 -6.3261 0.0594
Pedestrian -1 -1 -4.3421 1081.7722 153.8771 1137.5074 268.1925 1.8004 0.5446 0.6607 8.1897 1.3815 11.5465 -3.7364 0.0594
Cyclist -1 -1 -8.1515 852.1027 174.7677 922.3965 279.4566 1.5114 0.5314 1.6686 4.3216 1.4290 11.0578 -7.7869 0.0593
Pedestrian -1 -1 -7.8699 897.9926 160.0485 937.6105 265.6623 1.7132 0.5896 0.6797 5.2013 1.3818 11.8952 -7.4657 0.0582
Pedestrian -1 -1 -8.1636 698.3542 171.3429 738.1815 254.4325 1.6472 0.5847 0.7979 2.2602 1.4661 14.4567 -8.0101 0.0580
Pedestrian -1 -1 -7.1455 1056.1603 154.0396 1119.5579 268.0205 1.8028 0.5418 0.6839 7.8220 1.3847 11.5375 -6.5608 0.0576
Cyclist -1 -1 -7.4790 72.8634 171.7787 143.7218 264.4538 1.6087 0.4857 1.6645 -9.2343 1.4577 13.1387 -8.0784 0.0566
Pedestrian -1 -1 -4.6799 858.6967 199.5755 887.3016 274.2238 1.1454 0.4176 0.4462 4.2278 1.4577 11.2792 -4.3288 0.0564
Pedestrian -1 -1 -3.7703 1137.3063 146.2206 1203.6615 255.9190 1.9900 0.5682 0.7753 10.4340 1.3685 13.1231 -3.1087 0.0563
Pedestrian -1 -1 -4.8659 1002.3991 156.8069 1046.5010 266.9110 1.7588 0.5332 0.5955 6.8606 1.3807 11.6679 -4.3445 0.0561
Pedestrian -1 -1 -5.2191 900.4937 186.7896 946.5118 270.9363 1.2971 0.4702 0.5178 4.9968 1.3997 11.2208 -4.8089 0.0559
Pedestrian -1 -1 -6.0222 87.1143 159.3110 139.6105 254.6155 1.8429 0.5483 0.7373 -9.8038 1.4336 14.0528 -6.6190 0.0557
Pedestrian -1 -1 -4.8416 1103.5846 154.7531 1151.8425 268.9445 1.8070 0.5519 0.6208 8.5069 1.4000 11.5927 -4.2200 0.0552
Pedestrian -1 -1 -4.4896 1.5936 172.1295 46.9056 259.0640 1.6937 0.5720 0.6333 -11.6845 1.5310 14.1852 -5.1659 0.0549
Pedestrian -1 -1 -7.6950 978.9256 152.9586 1024.8336 267.8477 1.8453 0.5760 0.6750 6.5767 1.4033 11.7993 -7.1962 0.0548
Cyclist -1 -1 -7.5538 357.3061 180.5460 421.7795 281.2453 1.4842 0.5052 1.6522 -3.4412 1.4854 11.2513 -7.8410 0.0538
Pedestrian -1 -1 -4.3342 864.1560 170.4139 910.6251 268.4574 1.5608 0.5272 0.6121 4.6088 1.4007 11.6598 -3.9653 0.0535
Pedestrian -1 -1 -3.6217 184.0540 167.5562 228.8919 254.4312 1.6527 0.5385 0.5842 -7.8463 1.4068 13.8430 -4.1257 0.0534
Pedestrian -1 -1 -8.2991 776.4890 168.3637 808.7824 234.5946 1.6206 0.5674 0.6157 4.6382 1.3239 17.6563 -8.0449 0.0532
Cyclist -1 -1 -5.5662 223.4392 171.1650 345.8223 278.1547 1.6121 0.6444 1.7950 -5.1337 1.4719 11.2274 -5.9826 0.0525
Pedestrian -1 -1 -4.4052 874.4216 187.3783 921.3307 285.2610 1.3646 0.5055 0.5012 4.2001 1.4683 10.2611 -4.0257 0.0522
Pedestrian -1 -1 -4.2085 260.3773 197.9064 304.1764 278.6859 1.2128 0.4363 0.4882 -5.0598 1.4902 10.9901 -4.6273 0.0517
Pedestrian -1 -1 -2.7196 698.7963 162.5949 736.2551 232.4138 1.7021 0.5938 0.7489 2.7748 1.2659 17.6902 -2.5650 0.0503
Car -1 -1 -8.0185 659.6639 145.1299 698.3703 173.9474 1.5659 1.6386 3.8143 4.2576 -0.4004 41.2619 -7.9144 0.0953
Car -1 -1 -5.4350 0.0000 179.5724 125.8774 222.4975 1.4826 1.5964 4.1609 -19.8363 1.4508 25.6101 -6.0862 0.0825
