Car -1 -1 -8.1466 753.1066 150.5089 1003.9149 335.3502 1.7515 1.6629 3.8139 2.8679 1.5395 8.7547 -7.8411 0.9655
Car -1 -1 -7.7955 579.2717 174.4398 627.1942 217.7345 1.5152 1.6032 3.5802 -0.2427 1.5787 27.2129 -7.8049 0.9479
Pedestrian -1 -1 -3.9629 1068.5609 142.3657 1185.6880 308.8679 1.7711 0.6124 0.9149 5.7142 1.4465 8.0751 -3.3648 0.2021
Pedestrian -1 -1 -3.4057 785.9533 161.1998 814.1680 222.1179 1.7595 0.6847 0.6411 5.5250 1.4226 21.1869 -3.1546 0.1993
Pedestrian -1 -1 -4.8217 765.8345 160.5547 788.9935 213.8280 1.8026 0.6867 0.8293 5.7151 1.3861 24.8650 -4.5989 0.1835
Pedestrian -1 -1 -5.7368 475.8350 175.8695 487.0175 200.5795 1.9006 0.5133 0.6872 -9.9970 2.1356 55.9493 -5.9132 0.1396
Pedestrian -1 -1 -5.9834 358.9557 173.7361 384.9028 223.9110 1.8379 0.5154 0.7952 -8.8520 1.8706 26.7039 -6.3010 0.1266
Cyclist -1 -1 -7.6002 370.3069 180.3299 386.0439 213.4243 1.6569 0.3915 1.5723 -12.0082 2.0511 37.2792 -7.9102 0.1251
Pedestrian -1 -1 -7.9845 138.9236 183.7315 163.3147 237.6769 1.8623 0.6705 0.4842 -16.2448 2.2520 25.4705 -8.5477 0.1153
Pedestrian -1 -1 -5.8873 337.8443 169.9205 353.6161 202.3112 1.9398 0.5003 0.7582 -15.9574 1.7638 43.4783 -6.2374 0.1125
Pedestrian -1 -1 -7.3744 79.4133 182.8891 123.0916 259.8704 1.7670 0.5350 0.8008 -12.1001 2.0107 17.1063 -7.9829 0.1092
Pedestrian -1 -1 -6.2911 716.1688 165.6381 727.7945 202.3422 1.7690 0.5225 0.5525 5.4003 1.4209 35.0740 -6.1400 0.1069
Pedestrian -1 -1 -3.7295 270.5754 168.2487 287.5666 210.9882 1.9831 0.6755 0.4208 -15.5601 1.7691 33.8359 -4.1579 0.1023
Cyclist -1 -1 -7.9164 438.5830 179.9505 448.9371 212.1292 1.6324 0.4259 1.6527 -8.7608 2.0126 37.8325 -8.1428 0.0985
Car -1 -1 -8.2407 399.0257 182.3823 454.0512 210.4211 1.4992 1.6585 4.1954 -10.8227 2.0856 42.2425 -8.4904 0.0905
Car -1 -1 -7.8707 552.7324 171.5765 570.2549 188.9827 1.6079 1.5938 3.9117 -4.6593 1.4895 68.6664 -7.9385 0.0856
Pedestrian -1 -1 -4.1813 350.9440 173.1795 380.2416 226.2064 1.8650 0.6498 0.8577 -8.8019 1.8766 25.8691 -4.5066 0.0841
Car -1 -1 -4.0867 85.7271 162.1042 167.8466 195.1357 1.6584 1.7804 3.6767 -25.4504 1.1184 38.0977 -4.6726 0.0825
Car -1 -1 -6.4545 711.1639 171.3180 829.8508 214.3489 1.5213 1.6569 4.0101 5.7558 1.4667 26.4173 -6.2428 0.0758
Pedestrian -1 -1 -7.2270 313.9403 165.0537 332.1738 201.7712 1.9566 0.6409 0.6706 -15.4864 1.5406 38.8528 -7.6042 0.0719
Pedestrian -1 -1 -3.8372 355.8674 174.6088 364.2791 196.9010 1.8381 0.4757 0.4622 -20.7619 1.9842 59.8670 -4.1699 0.0711
Pedestrian -1 -1 -3.6268 181.9082 169.6726 192.0810 197.2059 1.8821 0.4724 0.4338 -29.1273 1.6643 49.6301 -4.1554 0.0708
Car -1 -1 -5.0041 538.2902 178.3822 578.7216 201.3951 1.4967 1.6369 4.3026 -3.6718 1.8997 50.3341 -5.0770 0.0660
Car -1 -1 -5.0311 392.8997 179.3362 432.7500 203.2007 1.6850 1.6734 4.1595 -14.9116 2.1925 54.3328 -5.2981 0.0629
Car -1 -1 -7.6634 1241.0000 123.5574 1241.0000 374.0000 1.5577 1.6084 3.9427 5.9790 1.4174 3.5245 -6.6614 0.0623
Pedestrian -1 -1 -6.8545 1122.9089 138.2645 1241.0000 319.5380 1.7736 0.5819 0.9006 5.8498 1.4349 7.3853 -6.2044 0.0608
Pedestrian -1 -1 -7.4314 590.5307 167.3310 603.9575 199.5824 1.9551 0.6001 0.6709 -0.8142 1.6200 44.1675 -7.4502 0.0606
Pedestrian -1 -1 -7.8025 661.2438 166.2393 674.3326 200.1167 1.8104 0.6733 0.6390 3.0812 1.4566 38.9201 -7.7245 0.0553
Pedestrian -1 -1 -6.5202 482.5790 175.2402 491.2445 195.4011 1.7963 0.5333 0.6596 -11.0692 2.0113 64.7504 -6.6892 0.0527
Cyclist -1 -1 -8.2607 940.5453 161.3145 1017.5280 273.4071 1.6313 0.4500 1.6114 5.6890 1.4631 11.3162 -7.8059 0.0522
Pedestrian -1 -1 -6.3181 714.0562 164.5300 732.4667 202.5975 1.7994 0.6223 0.8453 5.3644 1.4056 34.4652 -6.1654 0.0518
Cyclist -1 -1 -7.2315 0.0000 186.5224 63.5763 276.1018 1.6764 0.4179 1.8136 -12.0380 1.9719 14.6998 -7.9090 0.0512
Pedestrian -1 -1 -8.0667 618.8777 171.8618 636.3348 207.2665 1.6411 0.6981 0.6368 0.7808 1.5948 33.8239 -8.0444 0.1971
Pedestrian -1 -1 -2.6320 244.5983 174.8954 278.1500 230.3142 1.9198 0.6472 0.8552 -12.2984 1.9923 25.3711 -3.0796 0.1756
Pedestrian -1 -1 -6.8267 645.0002 172.3979 662.5067 203.6509 1.6127 0.6910 0.6481 2.2444 1.5889 37.6892 -6.7682 0.1290
Pedestrian -1 -1 -4.5212 374.1611 187.3669 388.8162 224.2113 1.3831 0.4393 0.5438 -8.7873 1.9441 27.6128 -4.8270 0.1270
Pedestrian -1 -1 -7.1698 636.4581 171.1765 652.1476 200.7865 1.7552 0.6224 0.7236 2.0210 1.6555 43.2493 -7.1239 0.1025
Pedestrian -1 -1 -8.1759 390.2522 181.1812 409.7734 223.9804 1.6262 0.5790 0.5604 -8.1846 1.9533 27.9652 -8.4586 0.0991
Pedestrian -1 -1 -4.4235 199.2434 177.6436 224.5695 235.1339 1.8870 0.6044 0.5612 -13.3254 2.0487 24.0767 -4.9246 0.0787
Cyclist -1 -1 -4.4656 612.5178 172.5821 633.3769 208.0530 1.6211 0.6178 1.5605 0.5749 1.6083 33.8089 -4.4493 0.0777
Pedestrian -1 -1 -7.4374 591.7207 169.6223 603.0616 199.9167 1.8461 0.5515 0.4749 -0.8083 1.6489 44.2960 -7.4560 0.0769
Cyclist -1 -1 -4.1714 244.0402 182.6099 284.5002 233.9292 1.7098 0.4885 1.6576 -12.1042 2.0619 25.2107 -4.6153 0.0748
Cyclist -1 -1 -7.1999 383.0456 179.0408 417.6644 223.9109 1.6890 0.4013 1.6122 -8.2253 1.9376 28.2105 -7.4815 0.0723
Pedestrian -1 -1 -5.3094 184.3174 174.3351 214.8233 232.1832 1.9294 0.6374 0.6666 -13.9923 1.9803 24.5207 -5.8235 0.0590
Cyclist -1 -1 -8.0098 242.2374 180.0963 266.4323 231.6538 1.7390 0.5080 1.7097 -12.5864 2.0024 25.4206 -8.4658 0.0589
Cyclist -1 -1 -2.7211 349.5688 180.6141 399.6513 225.6919 1.6945 0.5844 1.7370 -9.0549 1.9956 27.6380 -3.0354 0.0540
Pedestrian -1 -1 -5.6463 105.2697 174.5385 140.8089 243.3766 1.9358 0.6312 0.5806 -13.9691 1.9845 20.6358 -6.2356 0.0532
Pedestrian -1 -1 -5.7234 383.7769 180.3912 411.1216 224.0881 1.6441 0.6121 0.8045 -8.1987 1.9372 27.6902 -6.0091 0.0515
Car -1 -1 -8.0338 702.3848 174.8752 794.1093 245.7733 1.4791 1.4889 3.3163 3.0634 1.5306 16.8088 -7.8574 0.8856
Car -1 -1 -7.9557 655.2698 170.5938 698.9127 205.7882 1.5541 1.6594 3.5399 3.0334 1.4540 33.6422 -7.8671 0.8577
Car -1 -1 -7.9570 593.7229 171.9923 635.5419 206.0758 1.5796 1.6435 3.9660 0.1326 1.5394 35.4945 -7.9538 0.7555
Car -1 -1 -7.8050 648.5664 171.8281 681.0021 200.9226 1.5049 1.5848 3.7404 2.9834 1.4515 39.2749 -7.7302 0.6607
Car -1 -1 -2.8635 574.6632 170.6795 651.0865 200.4536 1.7739 1.7990 4.3845 0.1557 1.6441 44.4610 -2.8604 0.4710
Car -1 -1 -8.0054 625.4794 170.6260 654.6088 193.3777 1.6285 1.5884 3.8829 2.1680 1.4688 53.6648 -7.9656 0.1513
Car -1 -1 -7.9231 365.5018 185.7481 411.6430 225.6698 1.4467 1.5448 3.6660 -9.1183 2.0076 29.4194 -8.2216 0.0938
Car -1 -1 -4.7851 680.5278 172.2892 718.1010 201.7023 1.4765 1.6582 4.3006 4.6584 1.4478 38.4060 -4.6658 0.0865
Car -1 -1 -4.8239 621.9022 173.2004 650.9700 197.4493 1.5935 1.5566 3.9129 1.7429 1.6179 49.4826 -4.7893 0.0579
