Pedestrian -1 -1 -3.5948 689.7365 166.4423 712.2769 212.0801 1.8681 0.6614 0.7096 3.7323 1.6054 29.9634 -3.4726 0.2284
Pedestrian -1 -1 -4.5887 768.2819 172.3859 784.5234 215.8997 1.7003 0.5543 0.6462 6.5517 1.6817 28.5923 -4.3663 0.1268
Pedestrian -1 -1 -5.8389 663.1348 175.0730 678.0388 199.9883 1.7780 0.6443 0.8809 4.3432 1.9394 52.0783 -5.7566 0.1215
Car -1 -1 -4.9365 698.0227 191.0143 725.2099 208.3833 1.4758 1.6572 4.0668 9.4892 3.2344 67.7882 -4.7986 0.1214
Pedestrian -1 -1 -6.1428 641.2642 179.1003 650.4552 199.3644 1.7932 0.5066 0.7561 3.1772 2.3529 64.3668 -6.0942 0.1026
Cyclist -1 -1 -8.1396 711.0250 175.4254 731.0745 216.0715 1.5783 0.3764 1.5119 4.3917 1.6837 28.8892 -7.9909 0.0981
Car -1 -1 -7.9189 548.1332 178.4590 588.4917 213.1623 1.5293 1.6683 3.7673 -2.0785 1.8117 34.4082 -7.9794 0.0936
Car -1 -1 -4.8402 804.6555 186.3659 852.1531 224.5350 1.4924 1.4943 3.8056 9.4636 2.1217 31.6235 -4.5527 0.0891
Cyclist -1 -1 -8.5675 678.8248 171.1325 707.2145 204.3309 1.7679 0.5502 1.7058 4.4710 1.6760 39.2833 -8.4556 0.0821
Pedestrian -1 -1 -4.9617 689.8752 164.2683 711.5845 214.4693 1.8740 0.6216 0.8616 3.3944 1.5532 27.4020 -4.8404 0.0728
Car -1 -1 -3.7359 0.0000 189.1869 56.3334 237.2899 1.4262 1.6345 4.0528 -21.9107 2.0417 25.0353 -4.4496 0.0701
Cyclist -1 -1 -4.1558 355.5762 178.0719 387.3990 225.9392 1.7148 0.4953 1.3195 -8.8593 1.9127 26.7010 -4.4737 0.0687
Car -1 -1 -4.7400 279.6808 188.4896 338.6642 241.9491 1.4026 1.5468 3.9522 -9.3888 1.9313 22.2903 -5.1348 0.0673
Car -1 -1 -4.5286 353.9187 179.1572 384.2661 199.9734 1.6360 1.6544 4.2391 -20.0984 2.1814 60.2598 -4.8495 0.0639
Pedestrian -1 -1 -6.0957 769.8781 171.7533 793.1216 218.0149 1.6898 0.5521 0.7509 6.3162 1.6493 26.7595 -5.8670 0.0637
Cyclist -1 -1 -4.4734 385.0226 181.5706 404.8442 220.8443 1.6037 0.4910 1.3726 -9.1163 1.9799 30.4708 -4.7622 0.0618
Pedestrian -1 -1 -5.6345 817.6513 169.9702 844.7766 217.0026 1.7275 0.5789 0.7781 8.2255 1.6213 26.9871 -5.3423 0.0604
Pedestrian -1 -1 -4.8975 803.0957 171.3529 822.0675 216.7617 1.6770 0.5498 0.7638 7.5440 1.6213 27.0510 -4.6289 0.0568
Pedestrian -1 -1 -6.0035 634.4028 170.7630 647.9589 195.8869 1.8234 0.5378 0.8764 2.2511 1.6713 52.7592 -5.9615 0.0550
Pedestrian -1 -1 -8.1088 1229.0250 171.6738 1241.0000 239.6411 1.6167 0.5377 0.3529 15.3119 1.5883 17.4399 -7.3971 0.0550
Pedestrian -1 -1 -5.4102 0.0000 181.4809 7.9782 218.3632 1.9181 0.5455 0.3323 -32.1227 2.3752 37.9607 -6.1092 0.0543
Pedestrian -1 -1 -2.8085 868.0953 180.8223 888.1075 226.4576 1.7942 0.6110 0.5870 10.7087 2.1182 28.9380 -2.4581 0.0527
Car -1 -1 -5.1701 568.5751 178.1042 607.6459 197.6874 1.6793 1.7423 4.4769 -2.0528 2.1733 65.5395 -5.2017 0.0527
Car -1 -1 -4.7752 0.0000 171.9085 15.8969 197.5881 1.6214 1.7366 4.1365 -40.5952 1.5614 47.6499 -5.4782 0.0511
Cyclist -1 -1 -6.3692 998.7216 157.3944 1151.8812 282.2401 1.7048 0.7197 1.8200 6.6910 1.4934 10.5822 -5.8185 0.2947
Pedestrian -1 -1 -8.1735 698.4628 179.9653 713.0747 210.9590 1.7259 0.6449 0.6499 5.3667 2.1309 40.7346 -8.0440 0.2857
Pedestrian -1 -1 -5.0656 1068.4615 167.7103 1130.5065 283.0812 1.6001 0.5517 0.6152 6.9624 1.5285 10.3684 -4.4880 0.1913
Cyclist -1 -1 -4.7355 703.5498 178.9284 714.6906 210.1907 1.6396 0.5566 1.4565 5.2983 1.9731 38.8905 -4.6017 0.1473
Pedestrian -1 -1 -4.7046 1143.1332 149.5439 1198.3466 285.4139 1.6819 0.5496 0.6526 7.2042 1.3930 9.3577 -4.0641 0.1420
Cyclist -1 -1 -8.4854 678.8814 172.9241 704.2061 206.9982 1.8187 0.4836 1.6580 4.3991 1.8224 39.3557 -8.3755 0.1271
Pedestrian -1 -1 -6.7691 1167.5369 126.6077 1241.0000 304.9660 1.8169 0.6120 0.7819 6.5278 1.3455 7.7267 -6.0866 0.1271
Pedestrian -1 -1 -6.2592 862.5583 160.2262 905.4529 242.0242 1.7704 0.5978 0.8768 6.0447 1.4968 16.0562 -5.9059 0.1130
Cyclist -1 -1 -3.4754 1000.1475 151.8985 1189.5614 285.3486 1.7386 0.9896 1.9812 6.6451 1.4653 10.1111 -2.9079 0.1075
Pedestrian -1 -1 -3.3875 970.4628 157.1792 1015.5438 270.6254 1.7177 0.5519 0.4944 5.9058 1.4801 11.2492 -2.9155 0.0955
Pedestrian -1 -1 -4.1473 1065.0072 146.5750 1143.9858 291.6090 1.7989 0.5163 0.7752 6.3433 1.4726 9.3442 -3.5661 0.0953
Pedestrian -1 -1 -4.8001 909.0587 159.7212 949.7222 258.2491 1.7081 0.5977 0.7097 5.6611 1.4801 12.9389 -4.3967 0.0931
Pedestrian -1 -1 -5.2561 0.0000 182.3258 10.8352 217.9180 1.8532 0.4929 0.3054 -31.9724 2.3555 38.0018 -5.9523 0.0931
Cyclist -1 -1 -8.0696 871.9180 159.8512 914.8835 243.7957 1.7676 0.5253 1.6795 6.2307 1.4935 16.0627 -7.7064 0.0838
Pedestrian -1 -1 -6.7344 843.3024 164.8347 905.6190 248.4467 1.6830 0.5546 1.0695 5.3834 1.5213 14.8582 -6.3938 0.0804
Pedestrian -1 -1 -6.5657 1021.1755 155.5315 1081.5792 274.3652 1.7368 0.5912 0.6323 6.6030 1.4833 10.9098 -6.0340 0.0767
Cyclist -1 -1 -3.5885 1032.0463 154.8062 1230.4598 288.4019 1.6346 0.8609 1.9125 6.6560 1.4135 9.4005 -2.9876 0.0737
Pedestrian -1 -1 -7.8098 1110.6273 145.5145 1166.1193 283.1505 1.7480 0.5792 0.6628 6.9793 1.4005 9.6032 -7.1963 0.0608
Cyclist -1 -1 -7.7662 708.1708 177.4127 720.4700 209.1668 1.6611 0.5215 1.5972 5.5804 1.9113 38.8211 -7.6250 0.0605
Pedestrian -1 -1 -5.0563 691.4979 175.5218 708.1754 209.3292 1.8815 0.7030 0.8009 5.0262 2.0334 40.6976 -4.9349 0.0582
Cyclist -1 -1 -7.7760 886.5842 156.9025 918.3059 240.4030 1.7856 0.5503 1.6830 6.5708 1.4442 16.3063 -7.3998 0.0576
Pedestrian -1 -1 -6.7145 1130.0157 138.4006 1241.0000 298.9684 1.7826 0.5414 0.8658 6.5965 1.3998 8.3687 -6.0644 0.0574
Cyclist -1 -1 -3.4098 694.4584 175.1040 724.9961 208.9670 1.8058 0.5905 1.5294 5.3375 1.9281 38.9242 -3.2751 0.0569
Pedestrian -1 -1 -4.2936 1112.3872 156.3149 1172.4352 267.9704 1.6801 0.5319 0.6750 8.2493 1.4310 11.2579 -3.6741 0.0569
Cyclist -1 -1 -8.7267 1044.4758 165.4028 1188.9862 284.1548 1.5578 0.5683 1.7221 7.1529 1.4597 10.3712 -8.1367 0.0554
Cyclist -1 -1 -6.8341 701.1862 173.2716 733.0781 207.8919 1.8249 0.6165 1.6055 5.7006 1.8473 38.6486 -6.6893 0.0553
Pedestrian -1 -1 -8.4816 933.8593 154.1759 988.8840 267.0003 1.7608 0.5374 0.6101 5.5898 1.4690 11.6112 -8.0435 0.0552
Pedestrian -1 -1 -7.3462 1182.5055 151.7472 1241.0000 284.2223 1.6484 0.5068 0.6866 7.8535 1.3854 9.3406 -6.6629 0.0535
Pedestrian -1 -1 -7.3693 1149.1677 155.0386 1225.9403 292.4742 1.6599 0.5238 0.6395 7.2110 1.4445 9.0863 -6.7147 0.0527
Pedestrian -1 -1 -7.9539 916.3232 150.6353 960.6558 264.0427 1.8068 0.5974 0.6166 5.3422 1.4525 11.8809 -7.5413 0.0509
Pedestrian -1 -1 -6.7464 1038.8726 159.2128 1081.8690 244.6859 1.7101 0.5878 0.5357 9.1448 1.4369 14.7511 -6.2008 0.0503
Car -1 -1 -4.1880 47.4010 187.1271 123.7776 222.1740 1.5617 1.5514 3.3412 -25.6099 2.2942 35.3075 -4.8122 0.8544
Car -1 -1 -4.1924 109.7427 186.7153 177.3860 215.9054 1.4846 1.4607 3.8540 -26.1402 2.3004 40.5210 -4.7626 0.8019
Car -1 -1 -4.0996 0.0000 191.8279 58.1993 230.0315 1.3657 1.6403 3.8938 -25.0228 2.2017 29.7952 -4.7939 0.7060
Car -1 -1 -4.4241 163.8401 185.4866 212.1980 211.1943 1.4870 1.5968 3.9287 -26.8045 2.3269 45.8944 -4.9504 0.5617
Car -1 -1 -4.8527 211.2366 184.5790 244.4389 206.8547 1.4988 1.6070 4.0056 -28.0461 2.3913 52.8457 -5.3388 0.3333
Car -1 -1 -4.6444 278.8372 183.4579 300.4241 200.3336 1.3747 1.4799 3.6869 -28.0804 2.3332 63.2566 -5.0609 0.1474
Car -1 -1 -6.7756 624.8300 179.3457 698.4175 204.7340 1.4752 1.6529 4.2374 3.1458 1.8887 44.3768 -6.7058 0.1210
Car -1 -1 -4.3569 243.1750 182.8034 281.8013 202.9194 1.4991 1.5936 3.6736 -27.6952 2.3186 57.5531 -4.8039 0.1022
Car -1 -1 -4.1641 164.1749 184.6299 237.1893 214.3833 1.5339 1.6658 4.1793 -23.1875 2.2372 40.9926 -4.6763 0.1006
Car -1 -1 -3.1265 642.9839 178.2768 713.2741 207.3283 1.5000 1.5841 3.6678 3.6067 1.7972 38.6042 -3.0346 0.0937
Car -1 -1 -4.5948 133.9899 184.0461 189.3311 218.8502 1.4574 1.7219 4.1151 -21.0060 2.0172 33.8769 -5.1465 0.0848
Car -1 -1 -4.7085 227.2978 183.9336 257.5603 208.9852 1.4886 1.6884 3.9937 -23.9324 2.2425 46.9518 -5.1779 0.0678
Car -1 -1 -4.1183 32.3313 187.2934 117.5286 217.2590 1.4930 1.6897 4.2991 -29.7450 2.3415 40.2338 -4.7520 0.0618
Car -1 -1 -7.3322 1226.7858 126.3262 1241.0000 374.0000 1.6013 1.6309 4.1589 6.9429 1.3410 5.1350 -6.4254 0.0611
Car -1 -1 -3.7312 0.0000 189.7361 59.3144 236.8867 1.4097 1.6432 3.9721 -21.9204 2.0497 25.2338 -4.4413 0.0584
Car -1 -1 -4.3920 81.7394 183.6216 157.5053 219.9420 1.5224 1.6727 4.2475 -22.9341 2.0612 33.8593 -4.9839 0.0582
Car -1 -1 -4.4851 227.8493 181.8542 279.1246 213.2056 1.5628 1.6474 3.9467 -19.3749 2.0789 39.2868 -4.9409 0.0534
Car -1 -1 -6.3611 688.6770 182.8231 757.5404 210.1209 1.5075 1.6787 3.7912 6.4281 2.0946 41.5380 -6.2092 0.0521
