Pedestrian -1 -1 -4.4029 1177.8564 174.0016 1223.0000 269.0792 1.5614 0.5402 0.6204 10.1336 1.4550 12.0063 -3.7134 0.0902
Pedestrian -1 -1 -9.2885 1151.2063 166.2310 1188.7441 240.9955 1.8874 0.7149 0.6750 14.6140 1.5275 18.3399 -8.6227 0.0753
Car -1 -1 -7.2615 0.0000 172.3717 13.4151 215.6744 1.4760 1.6307 4.1400 -24.3224 1.1992 26.2668 -8.0006 0.0734
Pedestrian -1 -1 -4.1335 395.9909 163.6249 442.6555 247.6360 1.7417 0.6007 0.8475 -4.0152 1.3922 15.1566 -4.3855 0.0657
Pedestrian -1 -1 -5.5338 1062.9128 191.0448 1105.4066 260.4617 1.2866 0.4025 0.5417 9.1014 1.4930 13.5092 -4.9502 0.0606
Pedestrian -1 -1 -7.8259 65.0453 173.1854 90.6260 230.8860 1.6320 0.5668 0.7905 -15.3022 1.4254 20.4845 -8.4583 0.0557
Car -1 -1 -3.8938 1175.3888 160.0667 1223.0000 369.0000 1.5040 1.5771 4.0740 7.6192 1.3579 6.0968 -3.0215 0.0555
Pedestrian -1 -1 -3.2406 276.2490 205.0682 317.8478 288.2832 1.1337 0.2910 0.5171 -4.4217 1.4915 10.0332 -3.6423 0.0504
Pedestrian -1 -1 -3.9215 1026.7328 150.2037 1115.2268 296.4885 1.7824 0.4744 0.8515 5.8288 1.4137 8.9381 -3.3581 0.7736
Pedestrian -1 -1 -7.6387 663.2368 144.8493 677.5056 177.2986 1.8041 0.6559 0.7497 3.6748 -0.1824 39.8579 -7.5454 0.1426
Pedestrian -1 -1 -8.1242 838.4208 169.5763 871.1568 233.0596 1.5650 0.6052 0.7109 6.2395 1.2960 17.8037 -7.7909 0.1329
Pedestrian -1 -1 -4.3280 855.0406 163.0424 906.0062 266.9593 1.6908 0.5915 0.6920 4.6130 1.4071 11.9590 -3.9670 0.1259
Pedestrian -1 -1 -7.8929 530.5143 160.8819 562.3705 258.8970 1.7508 0.5533 0.8626 -1.1408 1.4008 13.0916 -7.9759 0.1169
Cyclist -1 -1 -4.4723 52.4716 163.0584 116.8193 267.0898 1.7726 0.5338 1.7340 -9.5384 1.4758 12.9514 -5.0936 0.1052
Pedestrian -1 -1 -4.6984 1087.2455 147.8099 1130.7667 264.3517 1.8300 0.5643 0.6978 8.1781 1.3171 11.5504 -4.0935 0.0988
Cyclist -1 -1 -7.9632 855.6212 177.7534 904.1700 277.5010 1.4753 0.5221 1.6713 4.3257 1.4351 11.3319 -7.6061 0.0948
Pedestrian -1 -1 -4.6253 676.4027 168.2460 709.0544 251.2968 1.6582 0.6075 0.7410 1.7655 1.4139 14.5424 -4.5054 0.0941
Pedestrian -1 -1 -5.2755 979.0072 203.2866 1086.5137 369.0000 1.3354 0.4278 0.6081 3.1590 1.5185 5.3537 -4.7660 0.0925
Pedestrian -1 -1 -9.1154 1017.6812 149.6603 1070.4570 264.7346 1.8296 0.5634 0.6007 7.1853 1.3396 11.6529 -8.5733 0.0882
Pedestrian -1 -1 -2.9262 667.3306 158.4500 701.6274 230.4000 1.8187 0.5115 0.7892 2.0122 1.2616 18.2405 -2.8164 0.0842
Pedestrian -1 -1 -8.2396 546.9661 159.8882 580.6517 234.6371 1.8164 0.6031 0.7447 -1.0748 1.3159 17.6469 -8.2975 0.0841
Pedestrian -1 -1 -5.4176 819.3223 178.6816 864.9601 257.2250 1.5016 0.5011 0.7242 4.6235 1.4672 13.9472 -5.1027 0.0824
Pedestrian -1 -1 -4.3286 0.0000 173.8899 50.4592 261.5050 1.7034 0.6184 0.7465 -11.7157 1.5752 14.1930 -5.0059 0.0799
Cyclist -1 -1 -4.6797 669.4343 145.3035 679.6365 176.8083 1.7311 0.5201 1.6236 3.9153 -0.2125 39.8860 -4.5805 0.0778
Pedestrian -1 -1 -4.6853 860.8806 194.8893 889.1772 272.5258 1.1988 0.4148 0.4385 4.2684 1.4349 11.3025 -4.3317 0.0768
Cyclist -1 -1 -7.9949 700.9090 165.5948 721.1362 211.0482 1.6862 0.5444 1.5752 4.0106 1.1335 27.0186 -7.8475 0.0745
Pedestrian -1 -1 -7.9858 609.0947 162.6824 638.7509 235.0741 1.7688 0.6398 0.8094 0.4246 1.3338 17.7125 -7.9605 0.0743
Pedestrian -1 -1 -8.1229 777.0369 165.6900 806.8074 232.8671 1.6526 0.5747 0.6159 4.6330 1.2886 17.7065 -7.8696 0.0723
Cyclist -1 -1 -6.8678 703.2050 160.4292 748.7386 210.2874 1.8392 0.6606 1.5962 4.5400 1.0991 26.7068 -6.6996 0.0680
Pedestrian -1 -1 -5.5367 840.6740 160.0230 894.6133 262.8464 1.7622 0.5831 0.6827 4.6087 1.4116 12.5546 -5.1913 0.0653
Pedestrian -1 -1 -8.2495 960.3255 161.1264 1012.4681 266.4236 1.6756 0.5445 0.6331 6.1897 1.3677 11.5899 -7.7686 0.0634
Cyclist -1 -1 -6.4929 657.7614 145.8528 689.6521 177.2737 1.7620 0.6454 1.7051 3.8840 -0.1850 40.1508 -6.3951 0.0627
Cyclist -1 -1 -6.7091 815.4174 165.6556 885.3701 233.3656 1.6859 0.6226 1.5640 6.1912 1.3166 17.9909 -6.3814 0.0614
Pedestrian -1 -1 -5.1475 883.9490 164.0040 938.6571 266.7742 1.6423 0.5902 0.6799 4.9848 1.3791 11.6503 -4.7512 0.0613
Pedestrian -1 -1 -7.6131 703.1382 164.4390 721.2264 210.8893 1.7334 0.5907 0.4281 4.0179 1.1343 26.6958 -7.4638 0.0603
Pedestrian -1 -1 -8.2551 456.8657 172.8471 497.9812 252.2489 1.6353 0.5821 0.8383 -2.7702 1.4780 15.0719 -8.4314 0.0601
Pedestrian -1 -1 -4.8425 77.4641 168.1637 118.6191 261.5645 1.6782 0.5445 0.6781 -9.4696 1.4569 13.1380 -5.4538 0.0591
Cyclist -1 -1 -7.8780 512.8187 162.5675 545.9708 262.2224 1.7137 0.5638 1.7679 -1.4652 1.4057 13.0715 -7.9852 0.0583
Pedestrian -1 -1 -4.5238 677.7743 158.9919 707.0743 232.8952 1.8032 0.5904 0.8081 2.1562 1.2787 17.7260 -4.4031 0.0579
Pedestrian -1 -1 -7.5703 18.9149 169.8612 72.5246 259.0056 1.7513 0.6509 0.8032 -11.4044 1.5426 14.3830 -8.2282 0.0574
Cyclist -1 -1 -6.3785 660.1024 143.4975 692.2604 177.1113 1.8646 0.6756 1.7366 3.9689 -0.1915 39.6323 -6.2774 0.0570
Pedestrian -1 -1 -4.8101 780.8509 165.7876 820.9213 266.0645 1.6831 0.5903 0.7855 3.3474 1.4365 12.3028 -4.5492 0.0562
Pedestrian -1 -1 -5.8349 583.5510 162.3634 622.4741 235.8497 1.7877 0.6255 0.7777 -0.0882 1.3468 17.6498 -5.8380 0.0552
Pedestrian -1 -1 -4.2841 1096.5184 149.9099 1155.9066 265.1256 1.8170 0.5616 0.6643 8.4683 1.3350 11.5595 -3.6633 0.0552
Pedestrian -1 -1 -5.3317 996.7910 153.6355 1052.5687 263.6411 1.7630 0.5426 0.5958 6.8573 1.3328 11.6542 -4.8100 0.0550
Cyclist -1 -1 -8.1290 830.4403 165.0982 865.6218 232.0903 1.6678 0.4555 1.5309 6.2568 1.2847 18.3778 -7.8045 0.0550
Pedestrian -1 -1 -8.5619 642.5110 166.0754 696.0402 258.5934 1.6512 0.6473 0.7632 1.1402 1.3942 13.1179 -8.4755 0.0532
Cyclist -1 -1 -3.7066 974.8958 149.4973 1119.6122 265.0216 1.8508 0.6053 2.0201 7.2096 1.3545 11.6515 -3.1630 0.0517
Cyclist -1 -1 -7.5065 80.8778 171.0191 146.1705 264.3200 1.6466 0.4753 1.6089 -9.2649 1.4796 13.3162 -8.1015 0.0511
Pedestrian -1 -1 -3.4431 1002.4114 159.5122 1087.5636 304.2062 1.7111 0.5886 0.7442 5.3592 1.4633 8.7339 -2.9071 0.0508
Car -1 -1 -6.1401 657.2698 146.5103 724.4286 173.9340 1.4890 1.6190 3.6000 4.8886 -0.3853 40.2432 -6.0181 0.1481
Car -1 -1 -4.2372 461.0890 163.3139 576.7604 228.7009 1.7147 1.6679 4.0810 -2.4314 1.2644 20.7456 -4.3503 0.0534
