Car -1 -1 -7.8550 575.0533 177.9588 637.9664 236.5989 1.5746 1.7164 3.4518 -0.1611 1.7380 21.4104 -7.8633 0.9487
Pedestrian -1 -1 -4.3764 674.4218 166.3253 696.1588 213.0285 1.8454 0.6577 0.7569 2.9838 1.5871 28.9920 -4.2755 0.4230
Pedestrian -1 -1 -1.8699 27.9175 183.3873 54.1863 225.0397 1.8012 0.7638 0.6266 -25.2285 2.2744 31.9437 -2.5345 0.2636
Pedestrian -1 -1 -6.1389 644.0939 170.2805 654.0898 191.2125 1.8191 0.5651 0.8001 3.3943 1.5951 63.0607 -6.0857 0.1831
Pedestrian -1 -1 -6.8006 647.4384 169.0615 662.1061 195.2324 1.8744 0.5059 0.9286 3.2029 1.6025 52.1089 -6.7399 0.1529
Pedestrian -1 -1 -4.2369 227.4578 215.0054 264.0793 296.3793 1.1381 0.3671 0.3173 -5.3115 1.7559 10.4192 -4.6986 0.1217
Car -1 -1 -4.7909 342.3387 184.7070 364.3068 202.6604 1.6135 1.6976 3.9663 -24.8908 2.7962 69.8522 -5.1323 0.1024
Car -1 -1 -4.4786 799.4576 166.1769 830.4510 185.6191 1.5758 1.6504 3.9047 17.2128 1.0343 60.5874 -4.2033 0.0775
Car -1 -1 -4.4629 234.7389 199.2462 270.7289 220.4952 1.4284 1.6035 3.7261 -27.4256 3.5284 55.4319 -4.9208 0.0763
Car -1 -1 -2.6550 134.1163 188.9881 222.8916 219.5423 1.6227 1.6542 3.9317 -24.0319 2.5423 40.2176 -3.1909 0.0742
Car -1 -1 -7.8831 633.6170 174.9835 651.1387 191.5031 1.5523 1.5836 3.9812 3.1120 1.7655 70.3208 -7.8394 0.0729
Pedestrian -1 -1 -5.0483 680.6623 167.0299 699.7924 211.6059 1.8820 0.6006 0.7437 3.3878 1.6358 30.8936 -4.9407 0.0697
Car -1 -1 -3.8633 1121.4359 155.0837 1191.4086 177.4969 1.6151 1.6664 3.9953 40.0592 0.3343 52.9799 -3.2186 0.0679
Car -1 -1 -4.4987 532.3132 178.5703 559.0214 196.8861 1.5689 1.5934 3.9989 -5.7997 2.1015 65.1880 -4.5875 0.0614
Car -1 -1 -4.4812 509.7748 176.1297 545.4802 200.5896 1.6823 1.6707 4.1395 -5.9590 1.9295 52.3576 -4.5944 0.0605
Car -1 -1 -5.0571 636.8085 177.6259 686.1541 205.4507 1.5739 1.6335 4.2666 3.0322 1.8788 43.8697 -4.9891 0.0596
Car -1 -1 -5.1281 1182.5635 157.1546 1241.0000 188.6914 1.5872 1.6605 3.8784 32.3620 0.7968 38.4074 -4.4318 0.0579
Car -1 -1 -4.7423 501.6292 181.6015 529.3643 208.2585 1.4770 1.5307 3.3128 -5.6825 2.0180 42.8897 -4.8737 0.0565
Car -1 -1 -5.0878 602.0173 175.4938 634.2387 191.9760 1.5357 1.6608 4.3292 0.7340 1.8010 70.2887 -5.0777 0.0564
Car -1 -1 -7.7746 1034.9886 158.8459 1064.8365 179.3846 1.5073 1.6370 4.0998 33.5867 0.4790 55.0950 -7.2296 0.0554
Car -1 -1 -8.6259 1047.7598 158.6542 1108.6486 181.3652 1.7694 1.6555 4.2182 37.8183 0.6628 58.4454 -8.0540 0.0550
Pedestrian -1 -1 -2.0986 126.0884 201.2316 170.4429 294.5140 1.4377 0.4545 0.4148 -7.4741 1.9052 11.5986 -2.6610 0.0549
Car -1 -1 -4.8805 840.1547 169.0784 875.9174 192.5233 1.5605 1.6561 4.2170 17.1834 1.3089 50.2377 -4.5530 0.0544
Car -1 -1 -4.5648 792.6250 175.7258 830.7828 201.4859 1.4834 1.6732 4.1483 12.3852 1.6682 44.2830 -4.2942 0.0523
Car -1 -1 -5.7518 0.0000 201.6117 110.2960 240.2684 1.4924 1.6410 4.0899 -23.8537 2.7517 30.5290 -6.4110 0.0518
Pedestrian -1 -1 -1.9331 195.2452 177.3758 213.3164 212.8241 1.9145 0.6771 0.6522 -22.2803 2.1650 39.5572 -2.4434 0.1055
Pedestrian -1 -1 -3.0806 168.4640 178.3859 185.2214 213.7787 1.9109 0.7003 0.7461 -23.7988 2.2178 39.5892 -3.6191 0.0781
Cyclist -1 -1 -6.4394 955.5117 152.6639 990.5578 184.8586 1.8018 0.6321 1.6966 20.5473 0.6716 40.9388 -5.9772 0.0550
Pedestrian -1 -1 -3.1918 898.2873 158.4715 906.7708 190.8399 1.8847 0.6489 0.4273 17.1470 1.0470 42.3888 -2.8101 0.0506
Cyclist -1 -1 -7.7436 409.6773 179.8080 427.3339 227.0508 1.6990 0.4668 1.5868 -7.2038 1.9669 27.0090 -8.0023 0.0506
Car -1 -1 -4.4315 330.6118 192.2831 365.1772 214.1744 1.6225 1.6510 3.8449 -21.3939 3.2628 58.9524 -4.7785 0.2382
Car -1 -1 -3.1910 1103.3649 155.0807 1196.3909 183.4971 1.5490 1.6596 4.1635 30.6535 0.5799 41.1762 -2.5545 0.1556
Car -1 -1 -2.6515 148.2069 182.8304 232.0871 211.8271 1.5604 1.6191 3.7282 -23.4381 2.1295 40.3022 -3.1756 0.1541
Car -1 -1 -4.8247 440.5680 183.1083 489.9291 219.6363 1.4590 1.6950 4.2757 -6.6037 1.9519 32.4037 -5.0246 0.1513
Car -1 -1 -4.6016 40.9990 203.7185 92.7400 239.2742 1.4900 1.6018 4.4097 -27.4697 3.1519 36.5498 -5.2429 0.1468
Car -1 -1 -3.3450 937.7878 157.8061 1022.2273 184.0734 1.4608 1.6265 4.0656 21.1387 0.6236 41.4440 -2.8763 0.1317
Car -1 -1 -3.5068 1083.2996 145.4122 1182.5530 176.1528 1.6050 1.6703 4.0083 28.1267 0.1719 38.9872 -2.8854 0.1293
Car -1 -1 -4.5797 283.4456 194.8748 316.8661 219.7154 1.5638 1.6839 3.8020 -21.9383 3.1866 51.1269 -4.9836 0.0926
Car -1 -1 -2.7614 301.1259 183.4598 430.9915 225.9976 1.4910 1.6724 4.2397 -9.0168 1.8976 26.7245 -3.0842 0.0848
