Cyclist -1 -1 -4.4871 532.9484 180.0838 543.1714 201.9308 1.5469 0.4311 1.4262 -5.2408 2.0780 52.3085 -4.5869 0.1758
Cyclist -1 -1 -2.9934 308.6322 173.6074 351.3398 214.5475 1.8646 0.6817 1.7619 -12.9904 1.8997 33.4061 -3.3619 0.1521
Pedestrian -1 -1 -5.0227 37.4662 147.7972 56.2451 190.6053 1.8684 0.5640 0.3823 -24.8862 0.7745 31.8332 -5.6823 0.1518
Pedestrian -1 -1 -4.4593 848.0875 161.0129 863.3057 195.0811 1.9229 0.6719 0.6946 13.9933 1.2542 41.1996 -4.1344 0.1375
Pedestrian -1 -1 -6.2368 776.5342 166.4235 790.7219 199.4743 1.9092 0.6588 0.7772 10.0974 1.5374 42.1042 -6.0034 0.1340
Pedestrian -1 -1 -3.6983 50.4317 171.7080 81.0157 238.4996 1.8409 0.6386 0.4094 -15.2811 1.8090 20.1939 -4.3399 0.1300
Pedestrian -1 -1 -5.5794 0.0000 175.2622 40.1322 266.3240 1.8589 0.6294 0.7939 -12.5986 1.9100 15.0676 -6.2672 0.1291
Pedestrian -1 -1 -8.0547 1103.0819 166.9899 1121.4139 211.3986 1.8445 0.5720 0.3436 21.0014 1.6006 30.2387 -7.4526 0.1145
Pedestrian -1 -1 -5.8826 887.2978 163.5602 905.6652 204.7176 1.8632 0.6277 0.5862 13.0975 1.4421 33.0926 -5.5092 0.0989
Cyclist -1 -1 -7.7636 636.6955 177.7088 644.1150 200.0228 1.5951 0.4153 1.4368 2.1918 1.9540 52.6405 -7.7227 0.0852
Cyclist -1 -1 -5.0595 418.3091 176.6051 436.5909 204.8821 1.7036 0.5187 1.7845 -11.3239 1.9398 44.5904 -5.3072 0.0744
Cyclist -1 -1 -3.3773 1071.7200 165.8271 1129.8870 216.9461 1.8284 0.5744 1.6677 17.8664 1.5768 26.3665 -2.7874 0.0741
Pedestrian -1 -1 -4.4320 100.7293 189.2125 143.1186 271.6384 1.5911 0.5373 0.6723 -9.8425 1.9284 14.4891 -5.0204 0.0697
Car -1 -1 -7.8319 355.7618 181.0982 388.0831 210.0948 1.4847 1.6223 4.0202 -13.2967 1.9699 40.3309 -8.1487 0.0694
Car -1 -1 -7.7845 65.6843 167.1865 100.5909 191.4763 1.6694 1.7264 4.2484 -37.8351 1.2796 51.8482 -8.4126 0.0691
Car -1 -1 -4.5081 659.3578 173.3056 684.8278 189.8854 1.5334 1.6285 4.1338 5.9543 1.5777 69.0647 -4.4228 0.0689
Pedestrian -1 -1 -5.8505 745.0693 171.1181 760.6071 197.8545 1.8414 0.5852 0.8981 9.9051 1.7216 50.1956 -5.6572 0.0670
Pedestrian -1 -1 -6.1945 768.3563 169.7124 780.1452 196.3609 1.8218 0.8076 0.7270 11.3123 1.6068 49.8236 -5.9729 0.0663
Car -1 -1 -3.3761 415.8730 177.6084 475.6002 201.1050 1.6060 1.6850 3.8783 -11.7696 1.9562 51.5825 -3.5996 0.0632
Car -1 -1 -8.0307 935.4776 171.3456 987.6013 203.7579 1.5004 1.6405 3.7712 17.1506 1.4302 35.4360 -7.5835 0.0629
Pedestrian -1 -1 -6.9488 756.1498 178.2367 775.5471 211.2003 1.5199 0.5868 0.6686 7.2607 1.7750 33.8148 -6.7396 0.0619
Pedestrian -1 -1 -6.6676 27.4439 181.0834 60.8520 245.9177 1.6717 0.5422 0.5316 -14.9982 1.8930 19.0630 -7.3276 0.0613
Cyclist -1 -1 -4.3254 405.2788 178.1419 438.4089 225.5830 1.6691 0.6301 1.5593 -6.9090 1.8682 26.3822 -4.5796 0.0609
Pedestrian -1 -1 -6.6490 202.3502 177.1201 211.1201 201.3933 1.7727 0.4835 0.4188 -29.7193 2.0884 53.1218 -7.1572 0.0601
Cyclist -1 -1 -5.5207 847.8881 171.6922 892.1762 220.8188 1.6988 0.4716 1.5998 9.2226 1.6584 25.7713 -5.1812 0.0601
Car -1 -1 -4.4875 760.5963 172.2300 796.8059 195.8547 1.7109 1.7121 4.5279 12.7934 1.6654 54.6625 -4.2592 0.0586
Pedestrian -1 -1 -8.5304 872.3462 170.0546 1039.9001 374.0000 1.6792 0.6084 0.5630 1.8175 1.6649 3.9590 -8.1295 0.0542
Cyclist -1 -1 -7.5675 65.2169 184.0479 113.7547 264.8694 1.6422 0.3970 1.6595 -11.3823 1.8993 15.7448 -8.1856 0.0537
Car -1 -1 -4.6693 27.4082 171.4844 59.6283 194.1335 1.5646 1.6410 4.1514 -40.8164 1.4697 52.0114 -5.3323 0.0527
Car -1 -1 -4.5002 493.9491 178.3415 529.9882 201.9116 1.5521 1.6624 4.1906 -6.8650 1.9536 50.6706 -4.6345 0.0510
Pedestrian -1 -1 -3.6670 1112.1621 152.6023 1126.0743 190.6133 1.9365 0.5797 0.3367 26.1090 0.9045 37.0626 -3.0572 0.0504
Cyclist -1 -1 -4.0279 370.0297 179.2987 403.6424 220.4210 1.7273 0.5231 1.5683 -9.7374 2.0148 31.3913 -4.3268 0.2274
Pedestrian -1 -1 -4.8303 1181.3403 149.4871 1237.8525 262.5345 1.7964 0.6234 0.7615 9.8598 1.4248 11.9540 -4.1531 0.1810
Cyclist -1 -1 -7.2276 811.4624 162.9964 882.5669 242.1557 1.7519 0.6267 1.8267 5.4685 1.5334 16.7624 -6.9181 0.1781
Cyclist -1 -1 -3.1011 915.9034 164.2798 1000.1505 237.6775 1.6976 0.6922 1.7991 8.3337 1.4990 17.4109 -2.6618 0.1442
Cyclist -1 -1 -6.5303 370.7098 175.3248 415.7075 219.4613 1.8570 0.7121 1.7422 -9.4114 1.9661 31.1947 -6.8214 0.1250
Cyclist -1 -1 -7.7964 1129.1553 162.6250 1163.5312 269.2703 1.6449 0.3816 1.7527 8.8260 1.4868 11.9294 -7.1717 0.1030
Cyclist -1 -1 -7.2804 365.4651 179.7625 395.7481 220.6024 1.7186 0.4739 1.5852 -10.0336 2.0276 31.4710 -7.5870 0.0888
Pedestrian -1 -1 -7.8224 369.4346 184.7883 384.4753 222.5384 1.5900 0.5975 0.5131 -10.0291 2.1067 30.9279 -8.1339 0.0882
Cyclist -1 -1 -7.8873 1002.8673 160.5590 1027.1611 247.4684 1.6760 0.3535 1.7395 8.2237 1.4386 14.7710 -7.3883 0.0825
Pedestrian -1 -1 -3.1598 1171.8015 150.7643 1222.9762 265.3337 1.8116 0.6074 0.6304 9.5697 1.4620 11.8415 -2.4927 0.0768
Cyclist -1 -1 -3.0951 888.4576 174.5084 990.6915 262.6264 1.5694 0.6096 1.7090 6.1098 1.6017 13.5292 -2.6798 0.0745
Pedestrian -1 -1 -6.4238 1159.9187 154.4824 1217.1682 266.3934 1.7462 0.5646 0.6411 9.2801 1.4592 11.6624 -5.7644 0.0739
Cyclist -1 -1 -3.1343 977.5696 169.4603 1119.6654 285.5372 1.6026 0.6525 1.7510 6.3927 1.5555 10.6881 -2.6081 0.0733
Cyclist -1 -1 -8.5539 886.2862 174.9522 971.5865 262.7415 1.5561 0.4828 1.7058 5.9659 1.5983 13.7180 -8.1523 0.0732
Cyclist -1 -1 -8.0533 754.5269 174.3488 763.3057 197.5930 1.6162 0.3173 1.4784 10.4908 1.7230 51.0027 -7.8520 0.0724
Pedestrian -1 -1 -3.0358 997.1627 157.9234 1038.4650 246.4451 1.7328 0.5981 0.6726 8.1786 1.4403 14.5618 -2.5332 0.0720
Pedestrian -1 -1 -5.7344 1007.7170 183.0895 1060.9243 283.2517 1.4373 0.4883 0.5063 6.2700 1.5944 10.7629 -5.2196 0.0701
Pedestrian -1 -1 -8.5792 808.0182 161.3454 853.6571 244.9322 1.8411 0.6295 0.7808 4.9542 1.5873 16.3799 -8.2912 0.0673
Pedestrian -1 -1 -6.7832 1088.1975 168.0345 1157.9092 291.2306 1.6570 0.4823 0.6288 7.0243 1.5919 9.9760 -6.1843 0.0668
Cyclist -1 -1 -8.8747 913.8553 165.6136 1020.4248 263.4929 1.6370 0.3958 1.7504 6.2889 1.5156 12.9087 -8.4310 0.0659
Pedestrian -1 -1 -3.2099 1119.5936 157.9958 1171.2452 263.3743 1.7728 0.5414 0.6781 9.2418 1.5226 12.5475 -2.5868 0.0646
Pedestrian -1 -1 -7.4137 332.4966 180.1636 351.1047 217.6583 1.7162 0.6098 0.6046 -12.4832 2.0584 33.4809 -7.7684 0.0617
Cyclist -1 -1 -3.2127 1040.4681 160.0771 1209.6604 291.9599 1.6889 0.7093 1.8507 6.9997 1.5250 10.0108 -2.6169 0.0602
Pedestrian -1 -1 -6.1272 747.3463 171.4700 761.2294 198.0793 1.8357 0.5663 0.8706 10.0066 1.7399 50.1919 -5.9320 0.0598
Cyclist -1 -1 -4.1345 332.1322 181.4974 376.0010 239.0468 1.6764 0.5252 1.5053 -7.8497 1.9498 22.0501 -4.4733 0.0598
Cyclist -1 -1 -8.1871 1100.8970 164.2185 1175.1477 263.5603 1.6190 0.4616 1.8068 9.1848 1.4779 12.6908 -7.5721 0.0597
Cyclist -1 -1 -8.8237 895.6063 169.2908 1001.1683 265.3639 1.6084 0.5037 1.7228 5.9730 1.5484 12.9462 -8.4008 0.0580
Cyclist -1 -1 -3.1424 925.6952 163.8944 1039.5554 263.7014 1.6919 0.6697 1.7699 6.5831 1.5398 12.9248 -2.6812 0.0576
Cyclist -1 -1 -4.0981 321.9625 181.1033 353.9849 218.6522 1.6824 0.5968 1.5686 -12.6679 2.0750 33.5306 -4.4571 0.0575
Cyclist -1 -1 -7.9476 751.2969 173.8217 758.3229 198.0916 1.6802 0.3367 1.5574 10.1620 1.7492 50.8083 -7.7517 0.0529
Cyclist -1 -1 -8.7172 989.2341 170.3394 1103.4150 273.4966 1.6063 0.4106 1.7923 7.2302 1.5668 12.1486 -8.1917 0.0528
Cyclist -1 -1 -6.8550 634.3731 174.8970 657.7101 199.0744 1.7297 0.6282 1.6097 2.5899 1.8797 52.4097 -6.8064 0.0522
Cyclist -1 -1 -4.1934 375.4405 182.4672 412.9535 232.3040 1.6502 0.5813 1.4909 -7.5038 1.9934 24.9896 -4.4828 0.0516
Car -1 -1 -4.3922 380.5719 186.5020 453.1518 230.5137 1.4161 1.4433 3.7431 -6.9983 1.9497 26.3151 -4.6502 0.3089
Car -1 -1 -3.3057 684.2968 176.8237 733.7302 197.6402 1.5270 1.5798 3.4568 7.3683 1.8289 54.0911 -3.1715 0.2053
Car -1 -1 -7.4775 367.6992 185.5099 428.6543 220.9450 1.4374 1.4865 3.3344 -9.4382 2.0328 32.2337 -7.7606 0.1079
Car -1 -1 -5.1329 743.6297 174.4918 788.8969 197.9768 1.6109 1.6808 4.0129 11.1596 1.7333 51.9284 -4.9228 0.1046
Car -1 -1 -4.8456 564.4002 178.3748 605.1202 209.0811 1.5057 1.6317 3.9665 -1.4273 1.8139 38.2276 -4.8832 0.1002
Car -1 -1 -7.0795 742.3914 175.6461 805.2596 201.2420 1.5560 1.6709 3.8873 10.4269 1.7405 46.0049 -6.8584 0.0949
Car -1 -1 -4.4072 620.0021 175.6797 654.1346 198.8504 1.6445 1.5437 3.5457 2.0151 1.8617 53.6096 -4.3703 0.0939
Car -1 -1 -2.3178 246.3195 184.8362 374.5945 238.5346 1.5198 1.6032 3.7357 -9.4378 1.9200 22.6057 -2.7095 0.0921
Car -1 -1 -3.9242 704.2760 177.1057 753.2230 197.2415 1.5101 1.6358 3.7200 9.3015 1.8537 56.5991 -3.7625 0.0721
Car -1 -1 -3.0884 715.2375 176.6711 778.8947 199.7764 1.5093 1.6903 4.1557 9.2673 1.7745 48.8784 -2.9026 0.0666
