Cyclist -1 -1 -4.5154 328.5753 174.6839 341.7122 199.7814 1.6710 0.4935 1.7611 -18.3077 1.2838 47.9838 -4.8760 0.3265
Pedestrian -1 -1 -3.4355 755.2079 161.2231 765.1675 183.7664 1.8648 0.5809 0.6690 12.9161 0.2701 58.8023 -3.2187 0.1449
Pedestrian -1 -1 -6.5743 541.8572 167.0049 555.2928 195.4171 1.8202 0.5685 0.7336 -3.6531 0.9557 45.6937 -6.6518 0.1282
Pedestrian -1 -1 -7.8483 0.0000 168.7554 23.8748 224.7508 1.8232 0.6630 0.6261 -19.7569 1.4411 23.4738 -8.5395 0.1084
Car -1 -1 -8.1726 698.9145 166.1256 727.3303 186.1289 1.8636 1.6050 3.7329 10.3642 0.5243 67.8464 -8.0200 0.1021
Pedestrian -1 -1 -3.4728 718.0920 162.0025 727.8127 184.2889 1.8544 0.5740 0.6508 9.8810 0.3152 59.1672 -3.3064 0.0931
Car -1 -1 -3.0577 101.4836 166.6441 161.4962 186.3258 1.6272 1.7200 4.1124 -40.2280 0.4816 60.1994 -3.6426 0.0882
Car -1 -1 -7.9118 105.0072 156.7080 137.3123 182.9990 1.8984 1.7764 4.4012 -36.5256 0.1805 53.3422 -8.5075 0.0832
Pedestrian -1 -1 -5.7235 158.7784 169.5460 180.0592 205.8781 1.9355 0.5358 0.8121 -23.3837 1.3521 37.9386 -6.2704 0.0807
Pedestrian -1 -1 -5.6710 589.8253 166.6832 600.0121 188.5325 1.7455 0.6355 0.5553 -0.8014 0.6417 56.9036 -5.6833 0.0761
Pedestrian -1 -1 -7.6981 65.0000 175.6449 79.7905 205.4088 1.8611 0.6546 0.6282 -33.6294 1.5576 44.6411 -8.3386 0.0745
Pedestrian -1 -1 -5.5808 584.1346 164.9611 596.0399 189.8870 1.8445 0.6053 0.6513 -1.1087 0.6946 52.7608 -5.5999 0.0732
Pedestrian -1 -1 -8.8122 760.3533 164.0880 773.9798 192.6158 1.6997 0.5957 0.5579 9.7454 0.7219 42.5317 -8.5868 0.0704
Cyclist -1 -1 -7.5150 253.8754 172.9323 272.5038 203.7949 1.8157 0.4717 1.6769 -20.5231 1.3706 42.4564 -7.9606 0.0593
Car -1 -1 -7.1633 1196.1190 138.2412 1223.0000 357.8996 1.5643 1.6336 4.2369 7.6717 1.2638 5.8785 -6.2707 0.0536
Pedestrian -1 -1 -6.0783 514.2379 165.9260 524.5390 185.8848 1.7991 0.4742 0.8467 -7.7302 0.4853 64.0068 -6.1961 0.0528
Cyclist -1 -1 -7.7793 85.9825 181.3837 105.5925 237.1678 1.6739 0.3680 1.5842 -15.8795 1.7026 22.0137 -8.3958 0.0524
Car -1 -1 -5.1456 904.9216 162.6384 978.8612 195.6633 1.4504 1.6209 3.8710 15.5972 0.6662 32.9934 -4.7059 0.0523
Car -1 -1 -7.4549 1223.0000 135.5843 1223.0000 369.0000 1.5013 1.6105 4.0698 5.3168 1.3683 3.2870 -6.4790 0.0520
Car -1 -1 -3.3987 1057.9308 162.9768 1163.6798 194.6860 1.4806 1.5700 3.9127 24.5086 0.6626 34.4363 -2.7829 0.0514
Cyclist -1 -1 -6.2531 319.4275 159.1319 429.1437 265.1905 1.8321 0.6169 1.8409 -4.1812 1.4634 12.7627 -6.5606 0.8302
Pedestrian -1 -1 -5.1080 653.3303 152.3467 708.5479 254.6307 1.8291 0.7117 0.9451 1.3564 1.3260 13.1990 -5.0062 0.6669
Pedestrian -1 -1 -2.9719 0.0000 182.3717 47.8697 267.3160 1.6023 0.6053 0.7269 -11.4362 1.6404 13.7981 -3.6510 0.6625
Pedestrian -1 -1 -5.6726 380.7811 152.9258 475.0154 278.3971 1.8553 0.8182 1.1713 -2.8064 1.4479 11.0480 -5.9128 0.6589
Cyclist -1 -1 -7.8717 944.0807 148.3695 967.1057 211.3940 1.8348 0.5825 1.8599 10.6330 0.8997 21.5495 -7.4174 0.6492
Pedestrian -1 -1 -4.9732 118.4004 174.7101 162.0536 263.4940 1.6868 0.5567 0.7112 -9.1704 1.5771 13.8782 -5.5449 0.6267
Pedestrian -1 -1 -5.9087 393.1961 164.1350 459.3681 270.0467 1.7327 0.5423 0.9466 -3.0472 1.4654 11.8986 -6.1512 0.5585
Cyclist -1 -1 -6.9587 1022.1812 143.8342 1079.3605 193.5592 1.7762 0.6253 1.7524 16.1440 0.4667 25.6695 -6.4011 0.5458
Pedestrian -1 -1 -2.9393 61.6547 182.3333 85.3351 220.6781 1.7790 0.6503 0.7749 -25.0509 1.8668 33.3063 -3.5780 0.4094
Pedestrian -1 -1 -4.0521 1172.9309 141.0816 1220.2628 203.7275 1.7862 0.6693 0.8634 17.1743 0.6626 20.5807 -3.3626 0.3711
Cyclist -1 -1 -2.7555 309.1823 174.0931 383.4528 240.4396 1.6119 0.6811 1.5927 -6.4471 1.4566 17.5511 -3.0999 0.3680
Pedestrian -1 -1 -5.0209 97.3637 180.4044 139.6512 258.1396 1.5851 0.5421 0.7261 -10.2669 1.5835 14.8550 -5.6140 0.3175
Pedestrian -1 -1 -6.1181 852.2278 158.8079 865.2678 193.4501 1.7610 0.6092 0.5391 13.0253 0.6585 36.3394 -5.7749 0.2405
Pedestrian -1 -1 -3.3107 773.9526 159.9933 790.8405 191.7531 1.8202 0.5700 0.8615 10.2312 0.6451 40.8401 -3.0653 0.2165
Pedestrian -1 -1 -3.3711 760.9548 157.1651 777.3503 187.7678 1.8811 0.5746 0.8798 10.1458 0.4468 43.7490 -3.1430 0.1641
Cyclist -1 -1 -6.8809 77.3583 180.2289 169.4419 260.8091 1.6134 0.4086 1.6696 -10.2218 1.6083 15.0070 -7.4674 0.1380
Pedestrian -1 -1 -8.4095 671.8463 164.0752 717.2058 253.5176 1.6449 0.6217 0.6146 1.6462 1.3432 13.4125 -8.2884 0.1351
Cyclist -1 -1 -5.5217 189.4659 171.0344 296.5226 263.2059 1.6106 0.6133 1.8307 -6.6592 1.4456 12.9165 -5.9860 0.1321
Cyclist -1 -1 -8.3913 1148.6113 150.7798 1196.0900 202.7090 1.5680 0.3956 1.5845 17.7195 0.6709 22.1612 -7.7221 0.1217
Pedestrian -1 -1 -4.2128 955.8138 150.0137 976.8369 186.3778 1.8651 0.7669 0.6264 18.7654 0.3016 36.7577 -3.7425 0.1180
Pedestrian -1 -1 -5.8588 74.0903 178.4250 100.2361 225.8168 1.8254 0.6304 0.6174 -20.2395 1.7458 27.6048 -6.4844 0.1143
Pedestrian -1 -1 -4.8187 785.4611 156.1422 796.2258 186.4467 1.9503 0.6006 0.7335 12.0596 0.3828 45.9122 -4.5617 0.1140
Pedestrian -1 -1 -4.3399 329.4552 180.9581 359.2377 240.6160 1.4597 0.5265 0.5594 -6.5208 1.4716 17.5904 -4.6873 0.1106
Pedestrian -1 -1 -3.2194 902.8857 149.3174 950.5042 249.6794 1.7856 0.5242 0.7494 5.8320 1.2312 12.9509 -2.8036 0.1078
Pedestrian -1 -1 -7.9101 931.5306 154.8490 945.9097 189.8689 1.8432 0.6634 0.4768 17.7082 0.4933 37.5594 -7.4710 0.1060
Cyclist -1 -1 -5.3156 767.8978 160.3246 793.2666 191.4363 1.7570 0.5097 1.7629 10.1184 0.6177 40.8455 -5.0728 0.0964
Pedestrian -1 -1 -5.8140 1016.2901 163.6729 1045.7532 218.0783 1.4296 0.4331 0.5386 11.3591 0.9878 18.9226 -5.2791 0.0942
Cyclist -1 -1 -3.3928 1136.3535 145.0987 1216.8351 205.8505 1.7141 0.5750 1.7296 16.5524 0.7156 20.5653 -2.7210 0.0940
Pedestrian -1 -1 -5.4734 981.8497 160.2981 1011.7667 213.9563 1.5394 0.5630 0.5142 11.3767 0.9601 20.6053 -4.9737 0.0877
Pedestrian -1 -1 -8.0292 977.9742 153.6953 997.2850 188.5611 1.7771 0.7938 0.5230 19.6815 0.4110 36.4104 -7.5356 0.0861
Pedestrian -1 -1 -7.7896 1021.4363 153.1075 1038.7456 188.5673 1.7817 0.7149 0.6825 21.6327 0.4055 36.0097 -7.2508 0.0858
Pedestrian -1 -1 -4.3056 918.9445 149.1384 949.8400 210.6736 1.8630 0.5797 0.8551 10.1717 0.9138 21.9082 -3.8747 0.0833
Cyclist -1 -1 -8.9020 1128.0425 147.4648 1203.3289 207.9161 1.6815 0.4924 1.6889 16.2155 0.7629 20.5427 -8.2396 0.0739
Cyclist -1 -1 -8.5225 1112.3569 150.8834 1176.0570 209.2021 1.6258 0.5456 1.6693 15.5986 0.8005 20.5529 -7.8791 0.0738
Cyclist -1 -1 -8.0057 492.9588 168.9363 505.2755 197.5003 1.6525 0.4666 1.7271 -6.2765 0.9836 41.7989 -8.1519 0.0726
Pedestrian -1 -1 -5.2658 1163.1344 164.1572 1207.0364 240.4724 1.4697 0.5043 0.4470 11.3243 1.1554 13.8693 -4.5906 0.0713
Cyclist -1 -1 -6.3203 989.6304 150.0291 1028.0989 186.8346 1.8445 0.6240 1.6803 20.5829 0.3176 36.0974 -5.8041 0.0697
Pedestrian -1 -1 -7.8977 1147.7419 147.9783 1175.6886 206.3302 1.6653 0.6136 0.4876 16.1386 0.7375 20.5544 -7.2378 0.0688
Cyclist -1 -1 -7.7681 65.6973 183.8373 80.3329 219.5872 1.6492 0.4098 1.6218 -25.2656 1.8115 33.5629 -8.4072 0.0673
Pedestrian -1 -1 -6.8963 768.6254 161.4892 783.5517 189.6714 1.7258 0.6760 0.6208 10.5706 0.5617 43.7261 -6.6590 0.0669
Cyclist -1 -1 -7.7096 70.7592 182.3665 85.5217 218.4955 1.6868 0.3242 1.6616 -25.2752 1.7786 33.9031 -8.3441 0.0667
Cyclist -1 -1 -4.6074 853.0273 158.9152 868.5382 192.0205 1.6668 0.5861 1.6494 13.1822 0.5802 36.4683 -4.2615 0.0666
Cyclist -1 -1 -6.7495 1099.3606 151.1024 1177.5919 208.3695 1.6313 0.6005 1.7343 15.4690 0.7942 20.5850 -6.1107 0.0660
Pedestrian -1 -1 -5.8830 1149.2471 160.1660 1190.1857 240.7743 1.5637 0.5876 0.4463 11.1766 1.1696 14.0537 -5.2205 0.0656
Cyclist -1 -1 -6.0276 75.7877 177.9133 166.7909 257.1318 1.6292 0.4930 1.5208 -10.2920 1.5764 15.0232 -6.6167 0.0635
Cyclist -1 -1 -5.9162 68.1181 175.1625 177.7807 258.4811 1.6778 0.6195 1.7870 -10.0534 1.5707 14.7356 -6.5032 0.0633
Pedestrian -1 -1 -5.5546 1102.3416 160.0081 1136.8683 230.2210 1.5308 0.4850 0.3969 11.3513 1.0843 15.6620 -4.9353 0.0628
Pedestrian -1 -1 -3.0459 54.2174 178.3637 76.7514 219.6153 1.9155 0.7794 0.7714 -25.4726 1.8165 33.3657 -3.6917 0.0624
Cyclist -1 -1 -6.6472 839.2717 158.4035 875.9087 192.3253 1.7283 0.6312 1.6573 12.9638 0.6027 36.3586 -6.3057 0.0612
Cyclist -1 -1 -8.6291 1126.3827 152.1033 1193.8915 210.8282 1.6172 0.4755 1.6843 15.8892 0.8355 20.3352 -7.9717 0.0606
Cyclist -1 -1 -3.3842 1137.0529 146.2406 1218.0610 206.7816 1.6852 0.5724 1.7179 16.3643 0.7319 20.2993 -2.7117 0.0592
Pedestrian -1 -1 -8.0769 999.0845 153.0317 1016.8961 188.4778 1.8006 0.6905 0.5372 20.6523 0.4054 36.2734 -7.5614 0.0592
Cyclist -1 -1 -7.0603 77.4073 175.3878 161.9576 259.3272 1.6978 0.4205 1.6715 -10.4057 1.5947 15.1619 -7.6503 0.0588
Cyclist -1 -1 -2.9025 327.8755 168.5448 394.8667 237.7801 1.7132 0.6361 1.4926 -6.1835 1.4177 17.8776 -3.2283 0.0584
Pedestrian -1 -1 -5.2996 1136.6917 153.4265 1166.5153 205.7478 1.5035 0.4909 0.4993 15.8684 0.7258 20.5827 -4.6485 0.0578
Cyclist -1 -1 -3.8607 984.8420 156.7477 1058.2805 219.6098 1.6403 0.6593 1.6806 11.1072 1.0208 18.9351 -3.3358 0.0576
Cyclist -1 -1 -8.2771 757.8843 157.8216 778.1424 187.8813 1.8228 0.5471 1.7572 10.0768 0.4477 43.7909 -8.0507 0.0576
Cyclist -1 -1 -7.4228 105.0520 167.5834 178.6590 264.6680 1.7502 0.5037 1.7098 -8.9277 1.5177 13.6275 -7.9904 0.0574
Cyclist -1 -1 -8.3639 1024.3960 145.7294 1067.7441 196.1978 1.7645 0.5629 1.7025 15.9009 0.5491 25.5824 -7.8116 0.0569
Cyclist -1 -1 -3.5191 1112.8341 154.4052 1223.0000 241.7884 1.6814 0.6217 1.6447 11.1874 1.1797 14.1329 -2.8588 0.0542
Pedestrian -1 -1 -4.6862 1205.2897 143.6594 1223.0000 205.1535 1.7050 0.6490 0.6543 17.4353 0.6839 20.0646 -3.9770 0.0532
Cyclist -1 -1 -7.6647 967.0043 156.8294 998.1074 215.6783 1.6544 0.4883 1.7813 11.0410 0.9892 20.7249 -7.1798 0.0529
Cyclist -1 -1 -5.6825 1151.1321 148.4140 1223.0000 237.3529 1.6403 0.5235 1.6060 11.6921 1.0489 13.8841 -4.9921 0.0509
Car -1 -1 -7.4127 9.2109 189.9886 410.4871 369.0000 1.4338 1.5681 3.8424 -3.1962 1.5486 6.5900 -7.8440 0.9705
Car -1 -1 -4.6977 457.2184 172.2187 484.6841 196.4977 1.5425 1.7206 4.1739 -8.8981 1.0164 47.1227 -4.8813 0.6824
Car -1 -1 -6.8410 1146.0945 144.8811 1223.0000 194.9839 1.4769 1.5784 3.8961 19.3810 0.4272 21.9323 -6.1227 0.6566
Car -1 -1 -7.9602 490.5034 172.0587 522.6890 197.4259 1.4670 1.5459 3.7613 -6.0168 0.9789 42.8993 -8.0968 0.4171
Car -1 -1 -4.7342 654.5064 164.5686 694.2277 201.6970 1.5492 1.6532 4.1575 3.0269 0.8847 31.6364 -4.6380 0.1716
Car -1 -1 -8.3694 1037.5782 154.3915 1161.3906 205.3390 1.4548 1.6037 3.5183 15.1970 0.7096 22.0093 -7.7701 0.1271
Car -1 -1 -7.7535 32.3901 181.6926 86.6888 216.7434 1.5938 1.6803 3.9741 -26.4987 1.6557 34.4290 -8.4034 0.1263
Car -1 -1 -4.9039 1016.9005 156.2841 1125.4232 218.9352 1.4870 1.6257 4.1110 12.3120 0.9126 18.9922 -4.3346 0.1028
Car -1 -1 -4.1768 319.3954 178.3135 368.3446 199.0893 1.5263 1.6890 4.0199 -19.9027 1.3657 54.0750 -4.5259 0.1019
Car -1 -1 -2.3219 185.3731 180.9023 360.8890 245.7313 1.4831 1.6579 4.0818 -8.3657 1.4944 17.7333 -2.7540 0.1016
Car -1 -1 -7.7610 90.3869 167.7976 121.1545 189.5261 1.6698 1.6250 4.0382 -39.8334 0.6936 56.4940 -8.3706 0.0950
Car -1 -1 -6.4702 0.0000 0.0000 1223.0000 369.0000 1.6288 1.6143 3.8040 -4.3796 1.7034 1.6596 -7.6143 0.0926
Car -1 -1 -6.2838 958.2936 156.9953 1042.6553 187.3010 1.5067 1.5734 3.7531 20.4792 0.3383 36.7494 -5.7774 0.0872
Car -1 -1 -3.0405 95.3583 169.3445 156.4861 189.6926 1.6770 1.6894 4.1414 -40.5600 0.7575 59.9898 -3.6308 0.0776
Car -1 -1 -7.0387 843.4448 161.6037 920.8243 188.5479 1.5431 1.6742 4.3148 16.4829 0.4610 42.0741 -6.6661 0.0697
Car -1 -1 -4.1669 62.7971 182.4747 170.7370 222.2363 1.5975 1.7568 4.5539 -21.2223 1.6906 30.9544 -4.7615 0.0576
Car -1 -1 -4.2708 407.6804 174.4753 455.7064 197.8573 1.5259 1.6232 3.9975 -11.7715 1.1328 48.2649 -4.5068 0.0524
