Car -1 -1 -4.4843 409.3614 173.7813 504.6726 246.3001 1.7449 1.6202 4.0576 -4.0440 1.7722 19.4618 -4.6872 0.9366
Pedestrian -1 -1 -4.6648 745.1208 160.1611 777.3531 245.5217 1.8909 0.6875 0.8222 3.4063 1.6094 16.4661 -4.4652 0.1470
Cyclist -1 -1 -4.8991 1045.6428 156.1406 1149.1608 331.2993 1.7567 0.6111 1.7489 5.3899 1.5888 8.1619 -4.3328 0.1174
Pedestrian -1 -1 -4.3133 303.3285 180.6265 327.4355 226.2857 1.6884 0.6350 0.6529 -11.1159 1.9839 27.1250 -4.6992 0.1116
Car -1 -1 -4.3835 507.9605 168.1416 537.5585 186.9460 1.7163 1.5951 3.8927 -8.1979 1.2859 67.9260 -4.5034 0.1045
Pedestrian -1 -1 -5.6120 186.0113 166.6550 233.0076 264.5408 1.9721 0.5570 0.6387 -8.2966 1.8469 14.8648 -6.1139 0.0835
Pedestrian -1 -1 -5.8844 176.7942 168.1718 206.4453 232.1765 1.8840 0.5779 0.5875 -12.5446 1.7459 21.5613 -6.4062 0.0798
Cyclist -1 -1 -6.2613 395.2968 174.0122 443.1204 222.8990 1.7855 0.7894 1.7039 -7.1599 1.8295 26.9640 -6.5189 0.0746
Cyclist -1 -1 -8.2487 654.2010 168.8788 677.7374 208.5838 1.7791 0.4659 1.6771 2.5216 1.6007 33.1996 -8.1741 0.0677
Car -1 -1 -6.5011 652.2526 170.4484 748.7151 202.9847 1.5613 1.7186 4.4657 4.3933 1.4456 35.6955 -6.3801 0.0668
Pedestrian -1 -1 -2.2568 153.9660 165.2732 201.5256 268.7743 1.9725 0.5663 0.5692 -8.5037 1.8277 14.1146 -2.7910 0.0657
Pedestrian -1 -1 -6.8600 151.5548 177.7997 185.3109 250.9471 1.7806 0.5260 0.5136 -11.0374 1.9057 17.9564 -7.4049 0.0656
Pedestrian -1 -1 -7.8831 722.7454 157.4446 738.1557 202.1507 1.9920 0.6641 0.6406 5.3812 1.3051 32.5116 -7.7210 0.0652
Pedestrian -1 -1 -4.8863 943.1091 162.1016 980.3956 243.5414 1.7953 0.6354 0.7297 7.9034 1.5580 16.3422 -4.4435 0.0581
Pedestrian -1 -1 -3.2426 651.4152 168.2477 663.9149 194.6113 1.7160 0.5890 0.7606 3.0872 1.4159 47.2740 -3.1782 0.0564
Car -1 -1 -6.5471 556.2578 173.4317 633.1833 200.7910 1.5309 1.6592 4.1677 -0.9332 1.5652 41.8169 -6.5698 0.0534
Pedestrian -1 -1 -6.0089 143.7183 167.0093 177.6691 239.1531 1.9543 0.6456 0.6444 -12.4601 1.7957 19.9444 -6.5616 0.0512
Pedestrian -1 -1 -3.6355 860.4872 152.5331 958.0539 311.9769 1.8237 0.6613 0.8645 3.5052 1.5909 8.6332 -3.2627 0.2112
Cyclist -1 -1 -4.4587 549.7545 172.8198 564.3279 202.5539 1.6732 0.4695 1.5186 -3.0677 1.6710 41.3910 -4.5327 0.1943
Cyclist -1 -1 -5.3956 1051.0647 109.9160 1241.0000 374.0000 1.8257 0.6339 1.7262 3.4316 1.5280 4.2844 -4.7540 0.1020
Cyclist -1 -1 -3.5134 545.3567 171.1563 572.9396 202.6175 1.7719 0.6017 1.4526 -2.9414 1.6760 41.2208 -3.5847 0.0963
Cyclist -1 -1 -4.5145 491.3989 175.7058 502.4099 202.1694 1.5833 0.3990 1.3913 -6.9303 1.7597 44.0231 -4.6701 0.0742
Pedestrian -1 -1 -4.4057 1117.0793 134.8772 1241.0000 374.0000 1.7826 0.6868 0.4875 3.4561 1.5782 4.2984 -3.7623 0.0732
Pedestrian -1 -1 -8.9047 905.2935 158.3141 1005.1330 315.4492 1.7205 0.6024 0.8697 3.9637 1.5610 8.4292 -8.4795 0.0669
Cyclist -1 -1 -4.8192 546.8212 171.9972 559.1479 201.5378 1.6712 0.5432 1.5644 -3.3332 1.6225 41.6397 -4.8990 0.0542
Cyclist -1 -1 -5.2139 879.3640 155.4321 1005.7354 324.9224 1.7551 0.5445 1.6978 3.7164 1.5744 8.3430 -4.8089 0.0523
Cyclist -1 -1 -3.8652 1020.9130 148.3962 1241.0000 374.0000 1.6872 0.7878 1.7416 3.4234 1.5597 4.2117 -3.2172 0.0503
Car -1 -1 -4.3972 249.1116 190.9673 459.5232 317.1192 1.4612 1.7153 4.3153 -3.6873 1.7947 11.1366 -4.7108 0.9639
Car -1 -1 -4.6203 517.7341 176.9897 556.1227 207.6789 1.4488 1.5885 3.8082 -3.6844 1.6686 36.4891 -4.7207 0.8777
Car -1 -1 -7.9109 472.8335 174.5257 501.5636 199.4094 1.4858 1.5681 3.6589 -7.7772 1.5950 45.3052 -8.0803 0.4381
Car -1 -1 -3.0661 493.7726 176.1214 561.2929 202.3900 1.4642 1.5685 3.7313 -4.7157 1.6548 41.2862 -3.1795 0.3321
Car -1 -1 -7.7619 493.5195 166.8650 519.0088 188.5419 1.6340 1.6367 3.6778 -8.0841 1.1822 56.2663 -7.9042 0.2764
Car -1 -1 -7.9163 557.9794 167.4055 580.3450 185.0373 1.5235 1.7303 4.2559 -3.7079 1.0524 64.5613 -7.9737 0.2130
Car -1 -1 -8.5579 1019.1149 171.6107 1241.0000 374.0000 1.5556 1.6027 3.8699 4.0080 1.5519 3.9594 -7.8036 0.0849
