Car -1 -1 -7.2494 934.7123 183.8503 1129.0291 267.2491 1.4466 1.5910 3.6385 8.3868 1.6889 14.4186 -6.7322 0.9695
Pedestrian -1 -1 -8.5272 819.5931 154.2858 841.5052 192.4984 1.7939 0.6534 0.7792 10.4564 0.9219 34.3554 -8.2344 0.2654
Pedestrian -1 -1 -5.8570 0.0000 197.4498 20.2835 241.2953 1.8473 0.5943 0.6630 -26.0844 2.9230 31.1931 -6.5494 0.2574
Pedestrian -1 -1 -4.8558 1111.4767 171.6472 1154.4583 268.5827 1.7347 0.5750 0.4490 9.5340 1.7128 13.2423 -4.2431 0.1909
Car -1 -1 -4.7272 4.5137 168.0835 42.2288 198.3234 1.6818 1.6496 3.7015 -34.2642 1.4162 42.0782 -5.4076 0.1559
Pedestrian -1 -1 -8.8329 818.4352 152.9715 835.8113 185.6507 1.7573 0.6365 0.6636 11.7749 0.6878 39.2592 -8.5437 0.1552
Pedestrian -1 -1 -8.2374 1045.8453 162.6037 1085.5549 244.4818 1.8967 0.6528 0.4907 10.6835 1.6589 17.0107 -7.6850 0.1252
Pedestrian -1 -1 -3.9158 1089.7513 167.2392 1126.5254 250.5714 1.8367 0.5746 0.3871 11.1398 1.7126 16.2205 -3.3231 0.1110
Pedestrian -1 -1 -2.8114 822.2225 159.5089 841.1887 199.6552 1.7638 0.6344 0.6381 9.8353 1.1772 32.1443 -2.5173 0.1043
Pedestrian -1 -1 -4.1445 221.7273 183.5523 261.4124 262.0440 1.8739 0.5979 0.6729 -9.0757 2.1413 17.6898 -4.6129 0.0899
Pedestrian -1 -1 -5.8368 715.7034 169.5516 740.4764 223.8157 1.7327 0.6095 0.5911 3.7928 1.6269 23.4576 -5.6792 0.0875
Pedestrian -1 -1 -4.1316 239.5857 185.1351 282.4792 263.0131 1.8274 0.6276 0.7467 -8.4921 2.1315 17.4723 -4.5785 0.0727
Pedestrian -1 -1 -4.5706 296.3519 184.9520 329.7017 263.0509 1.8193 0.6383 0.7835 -7.2055 2.1185 17.4072 -4.9583 0.0602
Cyclist -1 -1 -8.0956 841.7344 164.5340 870.2371 220.2694 1.7271 0.4711 1.6673 7.8474 1.4690 23.2085 -7.7739 0.0602
Pedestrian -1 -1 -4.5836 355.5276 185.1063 385.9868 259.0910 1.7650 0.6265 0.6952 -5.9271 2.0728 17.7463 -4.9022 0.0595
Pedestrian -1 -1 -4.6708 345.3725 179.1087 371.8812 253.4001 1.8668 0.6166 0.7145 -6.5347 2.0318 18.6341 -5.0043 0.0531
Car -1 -1 -7.8757 833.7041 152.3159 867.3196 181.6304 1.5084 1.6312 3.7834 12.9720 0.4513 39.1738 -7.5582 0.0530
Car -1 -1 -7.9732 732.6591 158.6350 821.6993 235.4233 1.9807 1.8978 5.0510 4.7058 1.6136 21.2160 -7.7586 0.0529
Cyclist -1 -1 -6.1883 618.5067 153.3466 652.7846 187.3275 1.8274 0.6303 1.8119 1.3608 0.7780 39.2305 -6.1542 0.1460
Pedestrian -1 -1 -4.6096 649.0649 155.4700 662.1526 187.8733 1.7430 0.6466 0.6582 2.4414 0.8076 39.1891 -4.5481 0.1038
Pedestrian -1 -1 -8.3765 604.1641 154.8568 619.5775 184.9278 1.7263 0.6529 0.6577 0.0707 0.6928 41.8704 -8.3751 0.0994
Cyclist -1 -1 -8.1294 618.2101 157.8697 634.1495 187.5512 1.6041 0.4614 1.5897 0.8473 0.7940 39.8227 -8.1086 0.0906
Pedestrian -1 -1 -8.1428 622.6076 155.2687 637.4335 185.9347 1.7197 0.6865 0.6332 1.0943 0.7333 40.8584 -8.1165 0.0803
Cyclist -1 -1 -4.4250 614.7418 150.1819 628.3915 174.4465 1.6424 0.5221 1.5535 0.7705 0.1075 49.6586 -4.4096 0.0724
Pedestrian -1 -1 -7.6925 646.9467 155.0528 661.7634 186.0058 1.7240 0.7264 0.7273 2.4627 0.7322 40.6233 -7.6326 0.0708
Pedestrian -1 -1 -2.8732 630.6653 157.0680 646.1884 189.1831 1.7193 0.6229 0.6998 1.5014 0.8739 39.0302 -2.8354 0.0701
Pedestrian -1 -1 -3.4244 606.9084 153.5950 615.9462 183.8018 1.8201 0.5782 0.4026 0.0499 0.6594 43.8107 -3.4235 0.0696
Cyclist -1 -1 -3.2769 594.9764 152.0076 624.3117 183.5200 1.8235 0.5867 1.6492 -0.0608 0.6169 42.1560 -3.2786 0.0660
Pedestrian -1 -1 -7.5231 629.0082 155.0372 644.1163 186.9071 1.7861 0.6856 0.6380 1.4687 0.7873 40.8583 -7.4877 0.0541
Pedestrian -1 -1 -7.3350 731.5738 155.6214 744.2192 180.2513 1.6881 0.6392 0.6177 8.8125 0.5067 49.8936 -7.1613 0.0510
Cyclist -1 -1 -4.7762 603.1995 152.9308 614.3951 182.5500 1.6979 0.5494 1.6246 -0.1129 0.5555 42.1915 -4.7790 0.0508
Car -1 -1 -4.6449 626.5184 154.2160 658.3481 184.4153 1.6301 1.5601 3.6808 1.8381 0.6238 40.8640 -4.6005 0.4802
Car -1 -1 -8.1688 591.4042 155.1710 635.4674 181.7667 1.5419 1.6081 3.6798 0.1274 0.5164 43.8281 -8.1661 0.2880
Car -1 -1 -4.8360 606.5052 148.7591 636.2067 171.4499 1.5408 1.6318 3.9260 0.7380 -0.1041 51.2884 -4.8217 0.1483
Car -1 -1 -6.8604 656.7252 153.4013 718.4875 176.3807 1.5546 1.6237 4.0689 5.4045 0.2383 50.4598 -6.7544 0.1137
Car -1 -1 -7.5648 715.2241 152.7310 756.2966 176.5525 1.5301 1.6340 4.0687 8.4677 0.2373 48.5313 -7.3931 0.1053
Car -1 -1 -7.9704 591.7559 155.9882 628.1049 184.7665 1.5288 1.6097 3.5931 -0.0840 0.6325 40.2094 -7.9727 0.1020
Car -1 -1 -7.8308 634.1205 153.3421 661.5256 179.9854 1.5735 1.6059 4.0226 2.3441 0.4209 44.6792 -7.7788 0.0543
Car -1 -1 -8.2279 589.7329 152.6046 633.6436 176.2067 1.4877 1.5757 3.8913 0.0318 0.2110 47.5782 -8.2273 0.0540
Car -1 -1 -3.5210 650.9727 160.7012 734.4533 188.7482 1.4901 1.6027 4.2703 4.4979 0.8442 39.6727 -3.4092 0.0517
