Pedestrian -1 -1 -4.2359 261.5116 173.4101 280.7449 216.6736 1.9339 0.6041 0.5412 -15.3223 1.9589 32.5420 -4.6731 0.0726
Car -1 -1 -4.5846 396.2921 176.5918 420.2239 195.6385 1.7524 1.7126 4.0426 -19.3721 2.1223 69.3401 -4.8563 0.0669
Car -1 -1 -5.2686 1009.0388 186.4822 1089.4589 220.0541 1.5808 1.7359 3.9481 22.7277 2.3278 37.5777 -4.7287 0.0660
Pedestrian -1 -1 -4.1007 1031.8235 172.4722 1063.1982 224.3890 1.8724 0.6247 0.8273 16.0058 1.8583 26.4767 -3.5624 0.0620
Car -1 -1 -4.7234 245.4770 184.0133 284.0639 216.4162 1.5173 1.7240 4.1960 -18.0474 2.1337 37.6095 -5.1683 0.0602
Pedestrian -1 -1 -5.6354 1154.0685 173.7509 1241.0000 374.0000 1.7035 0.5466 0.6239 4.3657 1.7101 5.1797 -4.9638 0.0546
Car -1 -1 -4.9739 581.8934 179.0426 618.7767 201.5676 1.5294 1.6316 4.2491 -0.7799 1.9989 52.5031 -4.9891 0.0539
Car -1 -1 -4.6618 563.7365 181.2833 586.3229 202.3139 1.5693 1.6039 3.7845 -2.7725 2.2600 57.2544 -4.7104 0.0535
Cyclist -1 -1 -7.8054 556.2246 175.9455 564.8629 203.8237 1.6157 0.4371 1.5791 -2.9640 1.8021 42.7871 -7.8746 0.3235
Pedestrian -1 -1 -5.2168 769.2500 176.9374 800.4037 238.6566 1.6404 0.5722 0.6626 4.6999 1.7534 19.6261 -4.9860 0.1216
Cyclist -1 -1 -7.9329 558.4315 177.1854 569.4976 204.3784 1.6929 0.5784 1.5873 -2.9753 1.9738 46.0106 -7.9976 0.0977
Cyclist -1 -1 -7.5971 702.1228 177.2727 741.0681 249.5895 1.6536 0.5289 1.6932 2.6715 1.7658 17.4886 -7.4490 0.0847
Pedestrian -1 -1 -5.2398 951.7226 187.3586 978.2557 239.4075 1.3209 0.4300 0.4844 9.1523 1.7020 18.7142 -4.7918 0.0814
Cyclist -1 -1 -2.5259 538.7720 174.9558 557.1188 194.2119 1.7973 0.6836 1.6327 -5.8882 1.9978 68.2091 -2.6121 0.0795
Pedestrian -1 -1 -5.2175 699.8925 192.5837 724.9743 247.5801 1.2662 0.4218 0.4508 2.3741 1.7414 17.1037 -5.0829 0.0585
Cyclist -1 -1 -8.2010 935.7766 170.3924 975.0917 235.4361 1.6696 0.4265 1.5733 9.1791 1.6061 19.3241 -7.7640 0.0527
Pedestrian -1 -1 -5.3346 152.5231 176.9020 174.3945 218.2004 1.8283 0.6504 0.5277 -20.1059 2.0122 32.4243 -5.8862 0.0523
Car -1 -1 -7.8735 583.9855 177.1076 622.1172 215.7094 1.6364 1.6449 4.5193 -0.4155 1.8463 33.3761 -7.8865 0.9406
Car -1 -1 -4.1513 0.0000 188.6327 317.0806 374.0000 1.5486 1.5827 3.5060 -3.6328 1.7007 5.1962 -4.7383 0.9059
Car -1 -1 -4.1253 66.9728 175.5302 170.3721 226.1612 1.9902 1.6129 4.1020 -20.7560 2.1111 30.6336 -4.7169 0.8616
Car -1 -1 -6.1511 695.1371 180.5413 745.0564 200.7707 1.5492 1.6881 3.7520 8.7722 2.1768 57.6012 -6.0012 0.1910
Car -1 -1 -4.4505 549.0708 178.4326 575.3641 195.1758 1.5381 1.6043 3.8043 -4.6011 2.0920 69.6527 -4.5166 0.1746
Car -1 -1 -4.7022 536.1367 173.4933 565.1453 204.1623 1.7851 1.6889 4.1425 -3.6520 1.8258 44.2125 -4.7846 0.1400
Car -1 -1 -5.0431 1072.2440 193.4447 1118.2411 215.0063 1.4219 1.5653 4.1945 36.2588 3.0280 54.0644 -4.4555 0.1355
Car -1 -1 -4.8041 120.7492 154.3669 157.3862 180.1672 1.7042 1.7550 4.0973 -32.5693 0.4828 49.8110 -5.3808 0.0936
Car -1 -1 -7.5745 120.0609 168.5013 159.0588 190.3143 1.7335 1.6284 4.0754 -38.7786 1.3873 59.5277 -8.1500 0.0914
Car -1 -1 -4.2063 669.8065 180.3035 718.9911 205.3842 1.5621 1.5782 3.8924 5.6429 2.0805 48.1944 -4.0909 0.0790
Car -1 -1 -5.0123 523.6442 178.8933 552.4534 196.9181 1.6247 1.6063 4.0237 -6.8970 2.2171 68.6527 -5.1124 0.0740
Car -1 -1 -4.4624 1122.6168 199.3325 1191.8209 235.2521 1.5089 1.6893 4.3756 26.7872 2.8795 35.3289 -3.8184 0.0707
Car -1 -1 -7.8177 564.2211 175.2791 594.3390 204.2962 1.6842 1.6991 4.3273 -1.8806 1.8404 44.4100 -7.8603 0.0591
Car -1 -1 -5.3871 954.1037 195.0802 1027.7576 224.4060 1.4478 1.5937 3.8809 21.4141 2.7678 40.8010 -4.9075 0.0582
Car -1 -1 -4.7103 78.0113 170.3202 105.6361 192.4237 1.6853 1.7269 4.1112 -41.0797 1.4918 57.1898 -5.3312 0.0562
