Car -1 -1 -7.8105 598.3356 175.1363 626.8964 200.3974 1.5151 1.6368 4.1526 0.1720 1.6662 45.7695 -7.8073 0.8124
Pedestrian -1 -1 -6.4864 1200.5081 151.5589 1241.0000 265.4478 1.6990 0.6832 0.6074 9.5882 1.3810 11.2082 -5.7920 0.4936
Cyclist -1 -1 -6.3051 850.2386 158.5143 915.2259 221.7840 1.8434 0.5581 1.7962 8.0851 1.4253 21.5782 -5.9516 0.4804
Pedestrian -1 -1 -5.7435 113.4190 183.6976 133.2481 214.2990 1.8231 0.5061 0.8513 -29.3426 2.4801 43.4565 -6.3348 0.3471
Pedestrian -1 -1 -7.0176 1211.0580 157.5177 1231.9530 187.1185 1.8525 0.6103 0.8026 38.5022 0.8924 45.4758 -6.3183 0.2844
Pedestrian -1 -1 -4.6100 937.3022 174.3638 959.3587 228.9908 1.4504 0.4865 0.6107 9.1260 1.4918 19.5651 -4.1799 0.1967
Cyclist -1 -1 -7.0579 1027.0518 153.0163 1083.0913 204.6091 1.8025 0.6536 1.7468 15.8170 1.1091 25.7250 -6.5119 0.1751
Car -1 -1 -7.5803 336.9657 179.4010 429.0273 238.7272 1.5629 1.6052 3.8428 -6.6508 1.7742 21.3772 -7.8790 0.1389
Pedestrian -1 -1 -5.8367 912.1798 170.4075 938.2495 222.4461 1.4787 0.4730 0.5410 9.0637 1.4089 20.8623 -5.4325 0.1367
Car -1 -1 -4.7288 636.1801 176.0319 655.4722 193.5640 1.4468 1.5898 4.2836 3.0501 1.7313 62.4961 -4.6807 0.1217
Pedestrian -1 -1 -8.4121 1123.8551 150.7806 1174.8735 245.2183 1.7507 0.4924 0.6709 10.1955 1.3412 13.7277 -7.7839 0.1128
Pedestrian -1 -1 -8.2016 765.4255 166.8235 781.1660 200.6437 1.8304 0.6305 0.7184 8.8861 1.5037 39.4474 -7.9821 0.0988
Car -1 -1 -4.4482 134.1102 186.3939 175.6478 208.0753 1.5052 1.7325 3.7788 -34.4882 2.5705 54.7252 -5.0085 0.0980
Car -1 -1 -4.5918 0.0000 185.7993 26.6710 211.0479 1.5716 1.7154 4.0287 -41.2444 2.4942 49.2823 -5.2861 0.0768
Car -1 -1 -4.8232 723.9832 177.3326 753.8271 200.6485 1.4768 1.5920 3.2822 8.5143 1.7851 48.0373 -4.6493 0.0756
Pedestrian -1 -1 -4.3157 875.6907 166.0158 898.7961 217.7022 1.6764 0.5326 0.5749 9.0956 1.4543 23.7946 -3.9552 0.0641
Cyclist -1 -1 -7.7779 544.9496 175.9456 549.9342 192.3924 1.5329 0.3594 1.4853 -5.9373 1.8283 68.2733 -7.8647 0.0631
Car -1 -1 -8.0799 1191.5496 156.8469 1241.0000 187.7975 1.9457 1.6938 4.2606 39.9984 0.9391 47.6412 -7.3847 0.0599
Car -1 -1 -4.7458 1018.0415 138.2232 1050.8230 166.3362 1.7457 1.7283 4.0697 28.1678 -0.4540 48.0263 -4.2179 0.0594
Car -1 -1 -7.6122 425.9005 174.4315 454.4035 194.1145 1.8127 1.6849 4.2334 -16.2013 1.9677 68.9169 -7.8426 0.0584
Pedestrian -1 -1 -8.1430 1079.1150 157.9704 1127.4954 249.8704 1.6718 0.5682 0.6927 9.1893 1.4007 13.5399 -7.5573 0.0572
Pedestrian -1 -1 -3.0579 1106.1746 143.9139 1144.5591 237.0482 1.8517 0.6311 0.5962 10.5041 1.2760 14.7787 -2.4497 0.0544
Car -1 -1 -4.3771 346.4460 181.0665 381.9651 199.8047 1.5291 1.6746 4.0681 -21.3364 2.2658 62.7102 -4.7040 0.0541
Car -1 -1 -4.5827 0.0000 186.0466 0.0000 214.1840 1.5883 1.6947 4.1505 -41.2566 2.4501 44.9660 -5.3223 0.0529
Pedestrian -1 -1 -6.1531 250.1016 175.8757 262.8798 198.6645 1.8987 0.4214 0.9161 -29.6894 2.1534 60.5530 -6.6074 0.0527
Pedestrian -1 -1 -3.3169 965.3506 158.5001 975.6495 205.7167 1.7872 0.4524 0.2747 13.7262 1.2436 27.5672 -2.8595 0.0517
Car -1 -1 -7.4216 999.0365 150.1754 1241.0000 374.0000 1.5052 1.5539 4.0862 3.6579 1.4620 2.6007 -6.5212 0.0510
Pedestrian -1 -1 -7.6195 822.4025 169.6187 845.2177 211.1429 1.7672 0.7978 0.7293 9.6440 1.6292 31.2243 -7.3231 0.3392
Cyclist -1 -1 -8.5193 783.8824 172.0141 816.7459 208.3262 1.7077 0.5669 1.7558 9.1358 1.6679 34.8513 -8.2655 0.2098
Pedestrian -1 -1 -3.5087 1037.5067 135.7159 1052.9949 174.4429 1.8859 0.5764 0.4746 21.3474 0.0771 35.4616 -2.9703 0.1731
Cyclist -1 -1 -3.1332 822.2003 170.6715 858.2053 209.9431 1.8592 0.7093 1.6356 11.0407 1.7556 34.7491 -2.8285 0.1262
Cyclist -1 -1 -4.5807 483.5113 176.4233 499.1628 210.9984 1.6706 0.5794 1.4637 -5.9128 1.8508 35.7568 -4.7439 0.1048
Cyclist -1 -1 -5.2493 832.8986 174.9959 860.8281 210.5207 1.6722 0.5304 1.6077 11.4046 1.7780 34.9082 -4.9365 0.1012
Cyclist -1 -1 -6.8166 1027.8894 136.6567 1070.4354 173.4421 1.7898 0.6198 1.7076 21.5110 0.0283 35.4243 -6.2744 0.0900
Pedestrian -1 -1 -3.5057 1036.8197 141.0205 1059.6995 176.4908 1.7328 0.6474 0.7848 21.5986 0.1774 35.6360 -2.9644 0.0888
Cyclist -1 -1 -8.1102 1037.0990 140.4397 1056.0507 174.0372 1.6317 0.3834 1.6895 21.6749 0.0572 35.9078 -7.5706 0.0809
Cyclist -1 -1 -4.4469 472.0206 176.9066 490.7846 214.4586 1.6629 0.4938 1.3898 -5.8828 1.8510 32.8201 -4.6233 0.0783
Cyclist -1 -1 -7.8185 502.8512 176.2753 511.8350 206.2382 1.6698 0.4535 1.5845 -5.8947 1.8687 41.2073 -7.9601 0.0754
Cyclist -1 -1 -2.8311 474.8670 173.7031 505.5377 209.6535 1.7605 0.5394 1.4002 -5.9674 1.8026 35.7194 -2.9959 0.0648
Pedestrian -1 -1 -8.6537 1028.2063 139.6511 1047.6029 176.1623 1.7858 0.6166 0.5499 21.0918 0.1615 35.6376 -8.1228 0.0630
Pedestrian -1 -1 -8.9931 1004.2238 143.8841 1017.8354 180.6195 1.8011 0.5645 0.3898 19.8021 0.3804 35.7007 -8.4902 0.0582
Pedestrian -1 -1 -3.3166 1008.5159 142.2352 1022.6646 179.7538 1.8400 0.5831 0.5149 20.0498 0.3381 35.7463 -2.8089 0.0576
Cyclist -1 -1 -8.0766 494.4903 175.4742 509.0539 206.4822 1.7210 0.4746 1.6046 -6.1969 1.8727 41.0219 -8.2261 0.0570
Cyclist -1 -1 -8.1719 830.7859 174.9291 853.1071 212.0499 1.7388 0.5509 1.5715 11.0934 1.8405 34.6745 -7.8652 0.0525
Cyclist -1 -1 -6.8118 833.3129 168.2985 872.5522 208.1139 1.8739 0.7168 1.6401 11.5625 1.6592 34.4787 -6.4913 0.0519
Car -1 -1 -4.4689 407.7944 180.3225 465.9012 214.4941 1.5205 1.7255 4.5066 -8.4350 1.9096 35.3566 -4.7018 0.8969
Car -1 -1 -4.3448 345.5662 184.2803 408.0609 215.1753 1.4103 1.6611 4.0459 -11.7611 2.0212 36.5328 -4.6545 0.8665
Car -1 -1 -4.6135 487.8330 176.9955 513.7925 196.3218 1.4997 1.6972 4.1649 -8.9196 1.8503 59.0227 -4.7632 0.5394
Car -1 -1 -4.5774 414.1717 176.3238 469.4415 221.8315 1.6585 1.6247 3.8284 -6.6307 1.8052 28.5787 -4.8039 0.2993
Car -1 -1 -7.1836 0.0000 192.7332 103.2543 256.5283 1.4520 1.5591 3.7378 -15.8031 2.0395 19.4621 -7.8591 0.2791
Car -1 -1 -4.3527 256.0185 183.7727 322.5282 217.5144 1.4858 1.5814 4.2145 -15.6370 2.0523 35.3097 -4.7671 0.2097
Car -1 -1 -7.3937 153.2469 186.7759 245.4564 229.8368 1.4614 1.5378 3.7833 -15.6659 2.0321 27.6631 -7.9051 0.1877
Car -1 -1 -4.5766 447.0059 181.1049 492.6798 215.4253 1.4711 1.5686 4.1126 -6.5857 1.8839 34.0319 -4.7668 0.1649
Car -1 -1 -7.2122 70.0215 188.4905 192.6904 238.5889 1.4456 1.5376 3.5470 -15.6722 1.9999 23.7739 -7.7901 0.1451
Car -1 -1 -4.3978 296.7028 183.5147 351.3713 212.3633 1.4342 1.5763 4.1324 -15.6283 2.0492 39.5388 -4.7723 0.1396
Car -1 -1 -4.5187 465.2042 177.0721 509.9783 208.0048 1.5571 1.6150 4.1449 -6.5887 1.7970 38.9858 -4.6854 0.0853
Car -1 -1 -4.4853 527.8318 174.4072 555.5767 194.1198 1.6236 1.5361 3.8593 -5.8354 1.7606 61.7596 -4.5794 0.0732
Car -1 -1 -8.3449 790.6964 177.3499 853.6693 208.7504 1.4566 1.5460 3.4439 10.4339 1.6911 35.8439 -8.0643 0.0686
Car -1 -1 -4.7718 1012.6536 136.6124 1058.3364 169.7249 1.5099 1.6886 3.6564 20.7092 -0.1621 35.2947 -4.2446 0.0680
Car -1 -1 -4.7673 353.4398 182.6854 385.3483 208.8915 1.4100 1.5662 4.0516 -14.2845 2.0200 42.6227 -5.0892 0.0672
Car -1 -1 -4.7157 289.3431 180.8008 321.6800 209.5043 1.5377 1.6610 4.1567 -17.8143 2.0261 42.1313 -5.1137 0.0585
Car -1 -1 -2.4947 185.1240 184.8564 291.3834 220.5318 1.5125 1.6407 4.1035 -16.7721 2.0728 32.5364 -2.9676 0.0502
