Pedestrian -1 -1 -4.2826 162.2002 173.6858 197.0002 238.7693 1.7415 0.5953 0.6543 -11.7076 1.4331 19.5907 -4.8154 0.1057
Pedestrian -1 -1 -3.7802 805.3066 173.4977 827.0306 215.2363 1.8439 0.6168 0.7043 9.2865 1.3264 32.1704 -3.5020 0.1024
Pedestrian -1 -1 -3.9961 960.7087 169.3062 990.2350 238.1052 1.8685 0.5748 0.4457 10.1149 1.4366 19.8740 -3.5315 0.0692
Car -1 -1 -2.9136 405.5158 178.3086 473.7428 205.9098 1.6198 1.6333 3.7014 -10.0488 1.2146 43.0054 -3.1422 0.0610
Car -1 -1 -7.3501 122.2956 155.2790 175.9254 186.3239 2.3216 1.7245 4.1407 -35.5910 0.0830 55.8770 -7.9152 0.0603
Car -1 -1 -7.5740 704.0301 178.8673 751.1685 206.6034 1.5088 1.6259 4.0278 6.8979 1.1636 41.2715 -7.4099 0.0592
Cyclist -1 -1 -8.0964 676.1428 177.7052 686.6322 200.5272 1.5313 0.3744 1.4343 4.9862 1.0275 48.9703 -7.9959 0.0573
Car -1 -1 -7.2934 192.7243 180.6854 346.2716 248.3006 1.5309 1.6720 3.9561 -8.4844 1.4285 18.3471 -7.7213 0.0565
Cyclist -1 -1 -4.5044 292.0202 172.5287 314.4965 217.3445 1.7195 0.5007 1.5769 -12.0589 1.2329 28.4023 -4.9028 0.0539
Pedestrian -1 -1 -5.8446 772.6400 171.0769 794.8229 209.7321 1.9295 0.6504 0.9013 8.8799 1.2239 36.4175 -5.6076 0.1523
Cyclist -1 -1 -4.5925 295.7562 175.4944 314.7662 218.9090 1.6711 0.5039 1.6106 -12.0284 1.2971 28.5142 -4.9886 0.0567
Cyclist -1 -1 -8.0254 676.5215 177.0723 685.4873 200.2511 1.5606 0.3633 1.4563 4.9778 1.0124 49.1377 -7.9254 0.0536
Car -1 -1 -7.4784 220.6741 187.4267 423.1087 305.4736 1.4663 1.5684 3.5531 -4.0971 1.5051 10.7886 -7.8334 0.9684
Car -1 -1 -7.6863 436.4809 184.8560 507.3739 233.0378 1.3788 1.6005 3.4459 -4.1750 1.3687 22.3070 -7.8695 0.9656
Car -1 -1 -7.8922 593.7087 180.1808 632.5356 214.5956 1.4912 1.6341 3.4126 0.1628 1.2732 32.8809 -7.8877 0.9539
Car -1 -1 -7.7231 486.9178 183.0963 538.2347 219.3125 1.4122 1.6063 4.0723 -3.9481 1.3297 30.0683 -7.8529 0.9242
Car -1 -1 -7.2107 0.0000 190.0645 179.9272 317.6139 1.4848 1.6162 3.9261 -8.2563 1.5690 10.4903 -7.8653 0.8625
Car -1 -1 -7.3750 176.9667 169.6892 327.5223 252.4083 1.7609 1.6428 3.7864 -8.3712 1.4305 17.2216 -7.8216 0.8437
Car -1 -1 -8.5586 951.5076 189.4048 1240.0000 375.0000 1.5769 1.6128 3.9018 3.2082 1.6077 3.2859 -7.8266 0.8008
Car -1 -1 -7.8977 637.2220 177.4911 664.5921 200.6709 1.4948 1.6566 3.8988 2.8379 0.9968 48.3192 -7.8398 0.7318
Car -1 -1 -7.6742 413.5269 180.9500 464.4189 214.6743 1.4797 1.6050 4.0962 -7.8580 1.2927 33.6251 -7.9024 0.7306
Car -1 -1 -7.7133 583.7216 180.7406 619.0338 206.4833 1.4187 1.5637 3.5035 -0.3584 1.1723 41.4573 -7.7223 0.5771
Car -1 -1 -4.8501 527.3012 179.0432 555.8801 201.0141 1.4780 1.5158 3.5098 -4.6785 1.0629 50.2401 -4.9429 0.4439
Car -1 -1 -7.5109 314.4886 173.5042 412.6977 229.0373 1.7537 1.7637 4.6210 -8.3891 1.3840 25.0314 -7.8314 0.2988
Car -1 -1 -7.6875 440.2211 169.8386 479.6848 200.4047 1.7994 1.7129 4.2148 -9.1097 0.8943 44.4534 -7.8887 0.1362
Car -1 -1 -4.7838 674.4753 173.8410 702.8817 198.7365 1.6731 1.6683 4.2800 5.6163 0.9088 50.4813 -4.6740 0.1326
Car -1 -1 -4.3347 522.3838 179.9212 576.0493 206.4575 1.4679 1.6561 4.3130 -3.3882 1.1752 42.0693 -4.4150 0.0774
Car -1 -1 -2.6682 200.5928 178.9948 318.2764 219.1594 1.5351 1.6148 3.8654 -13.7077 1.2975 28.3328 -3.1154 0.0647
