Pedestrian -1 -1 -2.6451 378.6819 169.3262 391.1567 196.9201 1.9295 0.5608 0.6498 -15.8739 1.6826 50.7927 -2.9468 0.1039
Car -1 -1 -7.2386 329.5346 166.2914 378.2464 193.1971 2.4253 1.8544 4.8250 -23.9508 1.8335 67.6146 -7.5781 0.0699
Car -1 -1 -7.9080 304.6934 169.3463 325.9090 189.1998 1.8486 1.6702 4.1131 -28.3870 1.5217 69.4000 -8.2951 0.0634
Pedestrian -1 -1 -4.6043 401.4805 168.9190 413.0020 200.4619 2.0049 0.6357 0.7370 -13.0350 1.7545 46.2776 -4.8776 0.0621
Pedestrian -1 -1 -6.6836 824.3578 169.6272 834.6735 191.5440 1.7959 0.6165 0.6212 18.0635 1.5312 59.4651 -6.3904 0.0605
Car -1 -1 -4.2692 203.9745 180.1122 280.2186 216.8405 1.4737 1.5656 3.5906 -15.9992 1.8083 31.4815 -4.7362 0.0533
Pedestrian -1 -1 -4.7993 951.1055 162.2370 965.6178 197.2980 1.9153 0.6590 0.7194 19.2059 1.3350 39.8675 -4.3536 0.0531
Pedestrian -1 -1 -6.9893 866.3247 169.0096 881.2577 196.5671 1.7381 0.7414 0.5404 16.7627 1.4953 45.9507 -6.6419 0.0516
Pedestrian -1 -1 -6.1655 462.9544 176.5151 472.8515 199.9759 1.8224 0.6300 0.6915 -11.1514 2.1105 56.4957 -6.3599 0.1317
Cyclist -1 -1 -7.8721 606.2357 176.6612 611.5813 193.7059 1.5911 0.4757 1.6712 -0.1271 1.9571 68.5715 -7.8743 0.0916
Pedestrian -1 -1 -7.8217 713.7708 184.5147 728.2742 223.2596 1.3215 0.4844 0.5155 3.8152 1.7314 25.0857 -7.6732 0.0871
Cyclist -1 -1 -8.0483 601.7925 177.5677 610.3354 194.1334 1.5418 0.4949 1.6763 -0.3987 1.9949 68.5229 -8.0545 0.0863
Cyclist -1 -1 -5.1524 689.0536 175.2041 715.7694 217.5941 1.6829 0.5137 1.4407 3.7222 1.7811 29.4944 -5.0287 0.0672
Cyclist -1 -1 -5.2647 701.3269 176.7917 734.8143 223.8910 1.6004 0.4640 1.4596 3.7453 1.7429 25.4067 -5.1207 0.0609
Cyclist -1 -1 -5.3382 680.2443 175.1991 712.8839 217.9780 1.6878 0.5344 1.5035 3.4639 1.7854 29.3405 -5.2225 0.0584
Pedestrian -1 -1 -4.9665 461.6849 176.2398 472.0804 199.4437 1.8129 0.6937 0.5262 -11.3090 2.0813 56.8740 -5.1622 0.0530
Cyclist -1 -1 -4.6993 717.3799 173.7311 732.4211 222.9396 1.6774 0.5077 1.4701 4.0024 1.7089 25.3898 -4.5454 0.0516
Cyclist -1 -1 -7.4187 609.1553 175.7318 621.7071 193.1500 1.6323 0.5407 1.6784 0.5031 1.9098 68.7790 -7.4118 0.0510
Car -1 -1 -7.8562 603.0248 176.9851 657.4457 228.0431 1.5601 1.6826 3.0779 0.6109 1.7052 23.8555 -7.8317 0.9662
Car -1 -1 -4.9765 1204.6360 169.8961 1241.0000 231.7226 1.4868 1.6554 3.8515 17.5805 1.4154 19.4445 -4.2493 0.3842
Car -1 -1 -7.4015 1199.3917 151.7896 1241.0000 196.0657 1.6633 1.6534 4.0011 25.5079 0.8717 28.6403 -6.6790 0.3260
Car -1 -1 -4.7512 698.4225 178.1214 739.3165 214.7105 1.4965 1.6264 4.1028 4.7630 1.7471 32.2480 -4.6065 0.3049
Car -1 -1 -4.8198 595.0593 177.9306 616.4542 194.0490 1.4876 1.6507 3.9848 -0.4589 1.9942 69.9712 -4.8267 0.1833
Car -1 -1 -7.8906 818.2537 173.6087 837.1893 191.0574 1.6312 1.5955 4.0563 21.0152 1.7062 69.8040 -7.5996 0.0988
Car -1 -1 -4.8255 681.5134 176.0181 703.8732 193.0181 1.5023 1.5757 4.2317 7.5863 1.8036 66.6676 -4.7131 0.0966
Car -1 -1 -4.8275 995.5912 169.5459 1036.3341 199.0042 1.6537 1.6249 4.0475 23.9185 1.4677 42.6851 -4.3200 0.0909
Car -1 -1 -4.3136 1133.1323 151.7157 1201.3700 182.1767 1.6806 1.6695 4.0765 32.0605 0.5140 41.5427 -3.6597 0.0853
Car -1 -1 -4.3991 651.0424 175.4635 693.8969 200.6144 1.6691 1.7190 4.4540 4.4150 1.8610 50.7649 -4.3133 0.0810
Car -1 -1 -4.4861 144.5512 150.4086 185.3151 175.3304 1.7386 1.6482 4.0658 -32.3667 0.1725 52.5240 -5.0362 0.0790
Car -1 -1 -6.5027 683.0464 175.6041 754.2458 201.5798 1.5646 1.6907 4.0848 6.6559 1.7383 44.6621 -6.3562 0.0786
Car -1 -1 -5.1592 661.8972 174.9093 705.1245 196.6427 1.6177 1.7026 4.2051 5.6680 1.7845 56.4018 -5.0600 0.0778
Car -1 -1 -7.6241 218.5916 172.2691 248.7593 190.4269 1.6860 1.6641 4.1315 -36.0673 1.6314 69.2031 -8.1032 0.0771
Car -1 -1 -3.7471 1016.1958 168.7748 1117.0774 198.7843 1.5128 1.6191 4.2425 23.5045 1.3068 37.2804 -3.1884 0.0747
Car -1 -1 -6.4006 712.7426 176.3476 841.8528 220.5115 1.4777 1.6395 4.2433 5.7357 1.6051 25.3370 -6.1811 0.0736
Car -1 -1 -4.9477 571.8196 176.3931 599.3109 194.0130 1.6290 1.7155 4.2342 -2.4207 1.9826 69.8875 -4.9825 0.0730
Car -1 -1 -4.0317 164.9953 167.2381 216.7087 193.0328 2.2851 1.8191 4.2658 -38.3895 1.7873 66.1690 -4.5559 0.0697
Car -1 -1 -7.2308 174.8194 149.4500 235.8248 178.0571 2.0193 1.7255 4.3093 -29.7647 0.3670 53.1712 -7.7391 0.0640
