Car -1 -1 -4.1840 155.1504 180.8873 237.3295 215.8021 1.4921 1.6041 3.8262 -19.2253 1.8877 33.6425 -4.7000 0.9086
Car -1 -1 -6.2231 640.5212 174.4410 720.0893 204.2653 1.4953 1.6283 4.0182 3.6330 1.5797 37.4102 -6.1275 0.1556
Pedestrian -1 -1 -4.8278 978.9599 160.7377 1010.2242 234.7707 1.6782 0.5469 0.7983 8.9066 1.4032 16.8263 -4.3487 0.1520
Cyclist -1 -1 -8.1027 800.0801 173.3080 815.2988 203.8707 1.5976 0.4080 1.5529 10.5069 1.6220 38.5198 -7.8388 0.1402
Pedestrian -1 -1 -3.4109 769.2188 159.3121 809.8139 223.2645 1.8566 0.5123 1.0588 5.2233 1.4631 21.2192 -3.1733 0.1398
Pedestrian -1 -1 -7.0767 0.0000 177.8386 21.3588 220.9847 1.7652 0.6577 0.5272 -24.9594 1.9733 29.8770 -7.7684 0.1323
Pedestrian -1 -1 -5.1939 100.6222 173.7007 123.5153 210.5843 1.8149 0.6330 0.8209 -24.8812 1.8574 35.9984 -5.7954 0.1169
Car -1 -1 -7.9900 752.7730 164.3602 782.6595 188.6164 1.8058 1.7290 3.9117 12.1122 1.1732 55.7320 -7.7774 0.1076
Pedestrian -1 -1 -7.6897 120.7003 175.8585 138.7531 209.5108 1.7116 0.6529 0.8026 -24.8518 1.8686 37.2863 -8.2745 0.0951
Pedestrian -1 -1 -3.9712 1186.8190 147.1932 1241.0000 262.8804 1.6531 0.5486 0.5488 8.9316 1.2861 10.6210 -3.2859 0.0920
Pedestrian -1 -1 -3.7692 897.8306 159.1562 932.9020 221.9482 1.8083 0.5985 0.7350 8.8991 1.4135 21.1555 -3.3764 0.0898
Pedestrian -1 -1 -3.7016 933.7089 148.7631 1002.3066 272.9937 1.6905 0.3903 0.7678 4.9270 1.3624 10.0571 -3.2582 0.0804
Pedestrian -1 -1 -7.5100 982.5654 169.4597 1005.7804 218.3804 1.7207 0.6159 0.4543 13.6679 1.6011 25.7599 -7.0274 0.0788
Pedestrian -1 -1 -1.9976 132.1265 175.0981 152.1752 209.5109 1.8020 0.6263 0.7835 -24.8845 1.9223 38.3193 -2.5706 0.0787
Car -1 -1 -7.8047 317.7130 163.4836 338.9799 183.0011 1.8096 1.6847 4.3685 -27.0126 0.9405 69.2380 -8.1755 0.0703
Car -1 -1 -4.3782 412.1916 176.2525 442.2090 193.7344 1.6144 1.6362 3.8150 -17.5569 1.9502 69.3716 -4.6254 0.0697
Pedestrian -1 -1 -4.1076 1122.2958 145.0473 1157.1796 217.1393 1.9542 0.5549 0.5643 14.5670 1.2001 19.9148 -3.4833 0.0696
Car -1 -1 -4.8307 172.1471 178.4299 243.3527 227.2851 1.5301 1.7035 4.1533 -14.1974 1.7420 25.2781 -5.3382 0.0673
Pedestrian -1 -1 -7.6914 793.2405 161.5483 808.8654 197.7288 1.8481 0.6679 0.7722 9.8515 1.2703 37.3454 -7.4357 0.0663
Car -1 -1 -3.1412 682.9418 175.5528 797.4190 216.9689 1.4641 1.6036 4.0600 4.7564 1.5682 26.7953 -2.9680 0.0658
Pedestrian -1 -1 -4.2076 1150.0143 146.6494 1210.4497 259.2582 1.7023 0.5281 0.5836 8.8433 1.3058 11.2663 -3.5551 0.0621
Pedestrian -1 -1 -4.3627 1119.4497 153.2830 1171.8657 253.9010 1.6093 0.5300 0.5939 8.7975 1.2960 11.9268 -3.7393 0.0620
Car -1 -1 -7.3296 1159.5778 145.6797 1241.0000 374.0000 1.5215 1.6210 4.1488 5.1011 1.4328 3.3566 -6.3805 0.0619
Pedestrian -1 -1 -4.3251 1210.4214 153.9258 1240.3833 228.1910 1.7842 0.4825 0.2929 14.9710 1.3292 17.6168 -3.6292 0.0570
Car -1 -1 -7.2184 1236.2664 139.4770 1241.0000 326.0817 1.4464 1.5603 4.1443 8.2586 1.1874 6.4785 -6.3346 0.0563
Pedestrian -1 -1 -4.6445 1016.3952 156.9151 1048.8992 239.0677 1.6744 0.5538 0.6156 8.8036 1.3492 15.1158 -4.1260 0.0540
Cyclist -1 -1 -8.1232 838.8959 165.5431 867.6597 211.1200 1.7365 0.6121 1.7775 9.5104 1.4576 28.3932 -7.8036 0.0819
Cyclist -1 -1 -6.5967 826.0424 164.7366 877.8193 210.2162 1.7613 0.7536 1.7800 9.4383 1.4466 28.3234 -6.2787 0.0747
Cyclist -1 -1 -8.1036 837.9794 165.3064 863.9402 210.5309 1.7916 0.5481 1.8909 9.8057 1.4923 29.5465 -7.7866 0.0520
Pedestrian -1 -1 -7.7137 854.6649 165.1909 874.2106 212.5140 1.8064 0.6278 0.6924 9.8288 1.5136 27.9941 -7.3798 0.0505
Car -1 -1 -4.2520 224.1080 181.5694 293.0681 209.7681 1.3966 1.6259 4.2854 -19.0362 1.8960 39.2171 -4.7015 0.8429
Car -1 -1 -4.2864 290.3632 180.0333 343.6784 203.6118 1.4119 1.6082 4.1652 -18.8832 1.8964 46.6080 -4.6697 0.6937
Car -1 -1 -4.6884 334.0911 178.3080 358.5971 200.0058 1.4716 1.5651 3.9993 -19.0539 1.8818 52.1608 -5.0373 0.3999
Car -1 -1 -4.2247 361.7847 178.0771 403.4568 197.5185 1.4667 1.5255 3.8899 -18.1238 1.8981 57.5886 -4.5285 0.2864
Car -1 -1 -8.0702 821.2651 173.8534 877.7385 213.2494 1.4881 1.4746 3.2346 9.5226 1.5303 29.0206 -7.7566 0.1825
Car -1 -1 -4.5432 390.7833 175.1173 416.7439 193.3683 1.5218 1.5406 3.8458 -17.8963 1.7243 62.6540 -4.8206 0.1674
Car -1 -1 -4.1574 214.4918 176.9550 278.6870 203.0858 1.5322 1.6987 4.0439 -22.6416 1.7999 45.0561 -4.6210 0.1587
Car -1 -1 -4.6676 336.7699 177.0091 366.5968 202.5299 1.5575 1.6390 4.1864 -16.8155 1.8408 47.0055 -5.0097 0.0861
Car -1 -1 -4.4288 169.0473 179.7593 225.9430 207.6735 1.4493 1.6654 4.2376 -23.2910 1.8613 40.8300 -4.9446 0.0779
Car -1 -1 -4.6407 91.8662 180.3534 135.8851 211.9101 1.5092 1.6037 3.8834 -25.8146 1.9211 37.5788 -5.2395 0.0684
Car -1 -1 -2.0420 13.5304 182.5264 94.6332 215.3635 1.4725 1.5695 3.7542 -26.8332 1.9586 34.7668 -2.6958 0.0681
Car -1 -1 -4.3277 304.4952 178.3153 362.3030 206.8775 1.4914 1.6042 4.1004 -15.4944 1.8135 40.5332 -4.6910 0.0607
Car -1 -1 -4.2691 407.5267 175.8292 447.1244 193.3128 1.4502 1.6413 4.3436 -15.8985 1.7187 62.9167 -4.5159 0.0599
Car -1 -1 -4.9144 385.6360 176.4366 418.5781 196.5988 1.4184 1.5896 3.9585 -15.5148 1.6949 53.6357 -5.1949 0.0587
