Pedestrian -1 -1 -4.5667 165.7825 170.8840 204.4643 257.3009 1.7264 0.5763 0.7869 -8.8064 1.6867 14.8867 -5.0934 0.3425
Cyclist -1 -1 -7.6769 895.5536 163.3149 914.8314 205.4351 1.7237 0.4694 1.6857 12.3877 1.3330 30.3667 -7.2933 0.1242
Pedestrian -1 -1 -4.1126 1110.8933 105.6041 1241.0000 374.0000 1.9596 0.7189 1.2026 4.5867 1.4910 5.5484 -3.4482 0.1116
Pedestrian -1 -1 -7.7659 339.4725 180.3594 356.5463 221.8650 1.6178 0.5809 0.6652 -10.4473 1.9197 28.6624 -8.1128 0.0846
Pedestrian -1 -1 -6.1778 355.2423 169.2108 367.2509 212.6090 1.8405 0.5923 0.4266 -10.7061 1.6857 30.9368 -6.5086 0.0795
Car -1 -1 -7.7102 307.5566 170.8128 363.1651 217.8086 1.8833 1.6959 3.7708 -11.7413 1.8012 30.9382 -8.0704 0.0763
Car -1 -1 -4.9130 750.5045 172.1218 775.8953 188.3235 1.5322 1.5971 4.2518 14.8837 1.4626 70.3659 -4.7057 0.0761
Car -1 -1 -5.7466 666.9434 175.0013 732.9285 200.3285 1.4764 1.5570 3.7295 5.4395 1.6126 44.1148 -5.6252 0.0748
Car -1 -1 -5.2028 807.7657 172.5455 870.6390 200.2962 1.4372 1.5884 3.9478 12.4170 1.4209 39.4546 -4.9004 0.0688
Pedestrian -1 -1 -7.3375 1055.5989 161.4046 1079.7761 215.7662 1.7511 0.5456 0.3910 14.9045 1.3820 23.5758 -6.7797 0.0662
Pedestrian -1 -1 -8.2709 637.9684 170.2502 655.5302 207.3085 1.7407 0.6280 0.6388 1.7037 1.6181 34.3037 -8.2222 0.0624
Car -1 -1 -5.0039 766.2092 171.5685 795.8582 188.5395 1.5996 1.6498 4.2291 16.5712 1.4781 70.1688 -4.7732 0.0600
Cyclist -1 -1 -4.6390 645.7394 173.0150 658.9412 202.1471 1.6930 0.6681 1.6153 2.4815 1.7024 42.7845 -4.5819 0.0598
Pedestrian -1 -1 -4.7060 948.0061 166.3291 967.3000 217.7278 1.7606 0.5984 0.5623 12.0445 1.5368 25.0990 -4.2636 0.0566
Pedestrian -1 -1 -5.5441 561.1589 171.7973 572.0204 191.5928 1.6639 0.6400 0.6590 -3.7007 1.5747 61.1032 -5.6047 0.0547
Car -1 -1 -5.2704 784.9928 170.6320 823.7875 186.8799 1.5228 1.6364 4.2143 18.7589 1.3142 69.8787 -5.0095 0.0516
Pedestrian -1 -1 -5.0166 811.2436 165.0578 830.2656 203.6926 1.8552 0.6478 0.8917 10.2064 1.4806 35.1019 -4.7363 0.3988
Pedestrian -1 -1 -8.0556 566.9888 174.2736 579.3282 202.7303 1.7064 0.6217 0.6826 -2.2697 1.7929 43.7160 -8.1076 0.2234
Pedestrian -1 -1 -8.2258 544.2103 173.6497 561.0110 210.1992 1.7275 0.6639 0.5002 -2.7853 1.7657 34.4901 -8.3063 0.2110
Pedestrian -1 -1 -6.3398 562.1755 169.7388 570.2660 190.5633 1.7445 0.6885 0.6421 -3.7172 1.4832 60.8239 -6.4009 0.1329
Cyclist -1 -1 -2.9887 528.5213 171.7471 569.2511 208.2728 1.7200 0.8241 1.8345 -2.9493 1.6676 34.4510 -3.0739 0.0796
Cyclist -1 -1 -7.6778 536.8010 172.6528 559.1644 209.2771 1.6990 0.7758 1.7072 -2.9815 1.6893 34.3563 -7.7643 0.0717
Car -1 -1 -4.5074 498.3291 179.6085 577.8069 231.7540 1.4201 1.6761 3.8392 -2.1584 1.6460 22.1670 -4.6040 0.9555
Car -1 -1 -4.6228 582.4069 174.6597 620.3261 204.6850 1.5056 1.6733 4.0144 -0.4484 1.6068 38.4963 -4.6349 0.6988
Car -1 -1 -7.1704 547.6111 171.3802 589.1208 190.8590 1.6277 1.6688 3.6139 -3.5878 1.5042 62.2465 -7.2281 0.2791
Car -1 -1 -7.7604 530.1636 175.6119 568.4226 207.8263 1.5272 1.5945 3.5451 -3.0467 1.6724 36.2919 -7.8441 0.1957
Car -1 -1 -4.9722 851.4895 167.9957 884.5179 189.1354 1.6014 1.5918 3.4382 20.1116 1.2331 56.4357 -4.6318 0.1614
Car -1 -1 -7.8791 564.9139 173.7278 591.4361 199.3855 1.5406 1.5642 3.7891 -2.0707 1.5977 45.4023 -7.9248 0.1067
Car -1 -1 -6.5853 436.6541 178.1815 500.2535 203.0994 1.4826 1.5169 3.6146 -8.8756 1.8267 45.1107 -6.7788 0.0964
Car -1 -1 -6.4297 497.2643 176.6134 565.8751 201.7722 1.4800 1.6009 3.9771 -4.8423 1.7162 44.1053 -6.5388 0.0541
