Pedestrian -1 -1 -9.1127 1113.3474 161.1978 1140.5533 230.0211 1.7816 0.5658 0.4341 13.5776 1.4796 19.0217 -8.5005 0.2235
Pedestrian -1 -1 -5.7718 527.9440 179.9297 541.1781 204.0688 1.7424 0.5519 0.7935 -5.5424 2.2632 52.7319 -5.8765 0.1747
Cyclist -1 -1 -2.6584 237.2387 181.8183 286.3819 228.0331 1.8362 0.6970 1.6573 -14.1205 2.2032 29.1919 -3.1057 0.1148
Pedestrian -1 -1 -7.2963 307.1827 178.7040 330.9672 224.8586 1.8725 0.5969 0.7647 -12.0582 2.1174 29.8103 -7.6780 0.1061
Pedestrian -1 -1 -4.5520 0.0000 156.6415 45.0407 299.3985 2.0185 0.5999 0.7921 -8.8787 1.7890 10.6951 -5.2328 0.1038
Cyclist -1 -1 -8.0399 852.8209 168.8783 870.5723 207.0699 1.7389 0.4624 1.7369 11.7186 1.5575 33.7443 -7.7088 0.0944
Cyclist -1 -1 -2.3825 273.4232 175.8022 326.5648 225.3320 1.7892 0.6667 1.8672 -11.5511 1.9009 26.7775 -2.7865 0.0897
Pedestrian -1 -1 -2.9167 810.4153 163.8317 824.0995 206.5689 1.9488 0.6032 0.4865 9.5198 1.5371 33.2827 -2.6409 0.0831
Cyclist -1 -1 -8.4799 1096.2505 171.1141 1171.1392 247.8891 1.5913 0.4000 1.6850 11.3713 1.5549 15.7996 -7.8654 0.0819
Car -1 -1 -7.2941 315.1955 186.3328 382.8043 217.3414 1.4638 1.5531 3.7903 -13.6450 2.2079 37.8322 -7.6385 0.0716
Pedestrian -1 -1 -6.6232 1149.2126 169.4669 1241.0000 342.1829 1.5947 0.5969 0.8679 5.8671 1.5631 7.0852 -5.9526 0.0712
Car -1 -1 -5.4087 650.6804 173.9409 698.5675 196.8566 1.8212 1.6413 4.1844 5.2832 1.9142 59.7370 -5.3213 0.0672
Pedestrian -1 -1 -3.8381 961.4131 167.2392 979.5700 222.6031 1.7895 0.4889 0.2814 11.7371 1.6077 23.5930 -3.3819 0.0666
Cyclist -1 -1 -6.7569 237.8030 184.4234 299.4930 240.4137 1.6151 0.5056 1.6469 -10.4132 1.9797 21.9528 -7.1956 0.0654
Pedestrian -1 -1 -4.9297 763.2921 188.6840 779.1213 226.4968 1.1790 0.4035 0.4368 5.0659 1.6860 22.9008 -4.7154 0.0644
Car -1 -1 -4.7782 479.1821 177.2859 505.3275 201.5242 1.6545 1.6126 3.7368 -8.5438 1.9859 51.9876 -4.9406 0.0624
Pedestrian -1 -1 -7.9515 263.7363 172.7422 293.5675 243.1360 1.8971 0.6887 0.6525 -9.1908 1.8937 19.8998 -8.3795 0.0617
Cyclist -1 -1 -7.5791 790.5145 172.5967 805.0122 202.2849 1.6763 0.3831 1.6359 10.7802 1.6615 41.5442 -7.3274 0.0611
Car -1 -1 -4.6718 739.8569 177.7842 765.0458 200.9925 1.6015 1.6586 3.8641 10.4122 1.9757 52.7422 -4.4784 0.0608
Pedestrian -1 -1 -4.4663 319.7384 172.3381 342.2264 222.6548 1.9673 0.6572 0.7999 -11.1161 1.9469 28.6483 -4.8337 0.0584
Car -1 -1 -3.4253 803.1494 170.3690 889.6471 200.2309 1.5017 1.6148 3.9340 12.0795 1.3765 37.1474 -3.1136 0.0572
Cyclist -1 -1 -7.6702 865.7463 175.8320 889.5679 225.6756 1.5773 0.4437 1.6968 8.7827 1.6786 23.7770 -7.3210 0.0547
Car -1 -1 -4.6281 760.5747 176.0973 782.1491 193.8542 1.5373 1.5767 4.1126 14.6442 1.8411 65.4662 -4.4093 0.0522
Pedestrian -1 -1 -3.3388 203.2410 181.7245 241.4095 246.5773 1.7302 0.5616 0.8330 -10.7208 1.9800 19.8626 -3.8285 0.0506
Pedestrian -1 -1 -4.1777 1048.0421 159.7502 1098.7736 251.9896 1.7622 0.4933 0.8263 9.0612 1.5115 14.1934 -3.6195 0.5771
Pedestrian -1 -1 -4.2936 890.4833 161.2355 916.6571 216.6208 1.9671 0.6292 0.7505 10.5794 1.5542 26.1140 -3.9131 0.4033
Cyclist -1 -1 -7.6913 0.0000 181.6114 44.3044 292.1932 1.7168 0.4357 1.6886 -10.0341 1.8745 12.1769 -8.3699 0.2586
Pedestrian -1 -1 -7.1604 1117.9438 152.2601 1205.0563 296.0940 1.7298 0.5824 0.6603 6.8408 1.4818 9.0400 -6.5288 0.1682
Cyclist -1 -1 -4.5352 744.3680 173.8073 765.5981 223.9224 1.6770 0.4790 1.4428 4.9715 1.7106 24.9323 -4.3413 0.1602
Pedestrian -1 -1 -6.6017 771.3265 180.0560 790.6180 211.8842 1.5364 0.6057 0.7662 8.3247 1.8920 35.3183 -6.3727 0.1392
Pedestrian -1 -1 -5.9746 905.0894 161.8735 958.7442 273.2280 1.6773 0.5619 0.6307 4.9807 1.5116 11.2871 -5.5694 0.1228
Pedestrian -1 -1 -5.2321 1071.5461 159.5468 1131.9695 276.4312 1.6862 0.5015 0.6080 7.2424 1.4939 10.7276 -4.6515 0.1174
Cyclist -1 -1 -8.0743 853.9521 171.4357 872.9703 208.4363 1.6777 0.4656 1.7059 11.7465 1.6131 33.5906 -7.7411 0.1075
Pedestrian -1 -1 -2.7005 812.2174 172.8877 841.6078 231.7283 1.5873 0.5870 0.5826 5.9264 1.5880 19.8782 -2.4155 0.1072
Cyclist -1 -1 -4.2576 489.1312 180.2163 505.3249 203.8013 1.6091 0.4892 1.5534 -7.9246 2.1330 50.5511 -4.4127 0.1072
Pedestrian -1 -1 -7.2130 1035.7054 141.1201 1145.5038 313.2839 1.8406 0.5759 0.9723 5.3683 1.5010 8.1563 -6.6481 0.0841
Pedestrian -1 -1 -5.3425 48.5248 177.4449 108.3647 280.1002 1.7722 0.5549 0.6997 -9.5226 1.8561 12.8612 -5.9702 0.0772
Pedestrian -1 -1 -2.9130 0.0000 177.0013 37.5441 298.7864 1.8228 0.5728 0.6659 -9.4579 1.8894 11.2313 -3.6013 0.0748
Cyclist -1 -1 -3.6966 748.2004 175.1979 795.3615 227.9952 1.6568 0.5324 1.4106 5.1469 1.7333 23.1714 -3.4815 0.0679
Cyclist -1 -1 -8.3418 795.2771 173.0349 844.7636 233.0327 1.5831 0.5554 1.7321 5.7297 1.5881 19.9494 -8.0667 0.0650
Pedestrian -1 -1 -8.9482 911.3566 160.4982 974.8032 279.6700 1.7413 0.5244 0.7188 5.0114 1.5605 10.9872 -8.5312 0.0635
Pedestrian -1 -1 -3.5493 1115.3322 162.5485 1161.6433 246.2461 1.7612 0.5898 0.6173 11.3151 1.5440 15.5358 -2.9293 0.0617
Pedestrian -1 -1 -4.3627 1090.4686 146.5954 1158.9379 296.1717 1.7815 0.4839 0.7346 6.3673 1.4685 9.0043 -3.7631 0.0595
Pedestrian -1 -1 -6.8229 939.7597 159.9259 1003.2082 278.6049 1.7004 0.4880 0.6788 5.2516 1.5149 10.6122 -6.3751 0.0593
Cyclist -1 -1 -3.5015 879.1422 157.5258 1020.1722 277.2885 1.7520 0.7567 1.7898 5.0749 1.5275 10.9884 -3.0799 0.0586
Cyclist -1 -1 -7.7276 0.0000 178.4133 45.0611 298.0715 1.7675 0.4097 1.7901 -9.5319 1.8633 11.6089 -8.4040 0.0583
Pedestrian -1 -1 -8.8198 790.7742 167.8642 805.1888 195.1869 1.8442 0.6118 0.7330 12.7793 1.5071 49.1776 -8.5674 0.0578
Pedestrian -1 -1 -6.8444 1167.2765 144.0392 1241.0000 295.3938 1.7601 0.5528 0.6355 7.1881 1.4247 8.7012 -6.1709 0.0572
Cyclist -1 -1 -8.0562 836.0883 174.5394 864.9490 230.5003 1.5474 0.4524 1.6700 6.8866 1.5979 20.8587 -7.7422 0.0569
Cyclist -1 -1 -4.9326 734.6523 172.8347 758.1311 223.4654 1.7102 0.4774 1.5107 4.6926 1.7093 25.1365 -4.7508 0.0552
Pedestrian -1 -1 -4.1418 131.4091 177.1630 181.4507 273.0471 1.8080 0.5515 0.6569 -8.8230 1.8931 13.9682 -4.6969 0.0548
Cyclist -1 -1 -3.9594 1090.3721 141.9318 1241.0000 298.9428 1.7989 0.7097 1.9005 6.9090 1.4443 8.7752 -3.3092 0.0547
Pedestrian -1 -1 -3.2087 131.8355 179.2455 168.5298 270.8871 1.7393 0.5520 0.5735 -9.0663 1.8677 14.1405 -3.7707 0.0544
Pedestrian -1 -1 -4.8672 78.1523 177.2978 116.8709 265.8128 1.8018 0.5746 0.6395 -10.8214 1.8975 15.1599 -5.4790 0.0544
Pedestrian -1 -1 -5.4039 925.0131 162.0358 984.2779 275.0637 1.6986 0.5383 0.6506 5.2975 1.5358 11.2275 -4.9739 0.0533
Pedestrian -1 -1 -7.7402 783.7164 179.1123 799.2095 213.2044 1.5252 0.6212 0.6022 8.2123 1.8129 32.8142 -7.4977 0.0527
Cyclist -1 -1 -3.6126 767.1038 175.6364 801.4147 210.3190 1.6853 0.6161 1.5343 8.5588 1.8242 35.6177 -3.3792 0.0513
Cyclist -1 -1 -3.3340 789.7417 174.1997 861.7173 235.1102 1.6261 0.7162 1.7770 5.8237 1.6634 19.7185 -3.0516 0.0512
Cyclist -1 -1 -7.8563 850.9538 169.9090 869.4596 228.8135 1.6369 0.4877 1.6125 7.1857 1.5548 20.8928 -7.5300 0.0508
Pedestrian -1 -1 -7.4710 1122.9485 152.3700 1201.8774 301.0535 1.7217 0.5481 0.7044 6.6580 1.4842 8.7739 -6.8386 0.0503
Car -1 -1 -4.4441 323.9694 187.6840 485.0126 303.6489 1.5024 1.5394 3.6452 -3.1686 1.7789 11.6435 -4.7051 0.9552
Car -1 -1 -3.6044 771.5451 174.9109 872.1415 209.6113 1.5929 1.6761 4.3205 10.0525 1.6944 34.4815 -3.3236 0.1590
Car -1 -1 -2.9484 664.9376 179.5307 738.7823 207.4760 1.4778 1.5756 3.8472 5.0814 1.8615 40.1495 -2.8240 0.1084
Car -1 -1 -6.1723 778.9171 169.9062 839.7829 193.5382 1.4896 1.6213 3.6604 12.9302 1.3035 46.9097 -5.9052 0.0812
Car -1 -1 -4.7660 765.8098 178.9420 802.2173 209.9478 1.4749 1.5976 3.9045 8.8792 1.8059 37.1964 -4.5340 0.0780
Car -1 -1 -3.3524 809.2816 168.1192 890.1907 197.9194 1.5006 1.6229 3.7103 12.3092 1.2619 37.3345 -3.0366 0.0748
Car -1 -1 -4.4365 409.6241 181.4234 453.9309 207.0521 1.4729 1.6183 4.1076 -11.0731 2.0311 44.9405 -4.6771 0.0682
