Car -1 -1 -5.3516 1037.3336 165.0139 1218.5018 231.1227 1.5620 1.6816 4.2229 13.4617 1.3765 19.1883 -4.7474 0.9218
Car -1 -1 -8.3423 982.7454 172.5667 1062.1361 209.1508 1.4221 1.3918 3.3957 16.8735 1.4106 29.7609 -7.8311 0.5502
Pedestrian -1 -1 -6.1257 605.8903 169.7871 621.3018 198.3944 1.8624 0.5050 0.9434 0.2043 1.6625 47.2998 -6.1219 0.4189
Pedestrian -1 -1 -3.1571 331.1010 162.1371 340.1580 201.1332 1.8811 0.5418 0.4043 -13.4014 1.3639 35.1330 -3.5193 0.2291
Pedestrian -1 -1 -3.2087 500.5719 165.7210 516.9597 199.4904 1.8641 0.6613 0.8622 -5.6864 1.4701 40.2427 -3.3485 0.1688
Pedestrian -1 -1 -4.5059 928.1741 204.3260 961.4882 293.9266 1.1965 0.3565 0.3813 4.6208 1.6470 10.0757 -4.0880 0.1192
Pedestrian -1 -1 -3.9364 406.1857 164.5346 420.8478 190.6235 1.7950 0.6528 0.7382 -13.6797 1.2223 50.1258 -4.2017 0.0980
Car -1 -1 -6.4717 1025.5790 160.0155 1102.5664 186.4407 1.6116 1.6406 3.8611 28.4999 0.8283 45.4659 -5.9148 0.0897
Cyclist -1 -1 -7.1919 897.1669 165.1373 922.8683 195.2520 1.8647 0.6729 1.5680 18.8274 1.3866 45.3583 -6.8011 0.0849
Car -1 -1 -8.0344 996.9069 148.6207 1034.9628 172.7731 1.6961 1.6647 4.3614 29.7358 -0.0065 53.0168 -7.5255 0.0776
Car -1 -1 -3.3374 706.9871 158.9282 760.0981 178.1771 1.7482 1.7508 4.5669 11.3296 0.4832 66.4699 -3.1694 0.0748
Car -1 -1 -6.2980 616.3293 176.4892 670.0735 196.0465 1.5446 1.6169 4.2694 2.6345 1.8418 58.1806 -6.2534 0.0704
Pedestrian -1 -1 -4.6665 120.3231 149.4159 159.7988 238.8475 1.9291 0.7003 0.7166 -10.4923 1.4232 16.0498 -5.2381 0.0677
Cyclist -1 -1 -5.2685 0.0000 138.0605 55.5672 209.5130 1.6973 0.6167 1.7410 -14.5929 0.8705 17.7157 -5.9502 0.0667
Pedestrian -1 -1 -4.4567 745.1210 161.7431 761.5649 199.6230 1.9846 0.6640 0.8563 7.5792 1.4022 38.3324 -4.2634 0.0644
Car -1 -1 -5.3536 672.1603 176.0910 748.2698 205.9675 1.4168 1.6040 4.2864 5.0171 1.5926 36.9707 -5.2203 0.0630
Car -1 -1 -7.9793 371.5910 162.4012 404.0793 187.9742 1.7103 1.6701 4.1085 -15.6060 1.0109 50.4708 -8.2779 0.0618
Cyclist -1 -1 -4.8017 486.8788 167.5573 500.8485 204.7244 1.7556 0.5197 1.6665 -5.6739 1.5051 34.9527 -4.9619 0.0610
Car -1 -1 -7.4090 444.2902 163.7299 481.6563 185.8672 1.9360 1.6945 4.1450 -13.2849 1.1377 65.3161 -7.6091 0.0571
Pedestrian -1 -1 -5.3981 894.5493 163.4548 922.5203 215.6939 1.8099 0.6152 0.6840 10.4648 1.4840 25.4164 -5.0121 0.0557
Pedestrian -1 -1 -5.2130 269.6053 160.4088 289.1616 203.6279 1.8892 0.5770 0.5865 -14.6800 1.3449 31.9461 -5.6409 0.0541
Car -1 -1 -7.9423 1053.4169 165.5559 1108.7725 203.8468 1.5257 1.6135 3.9114 20.0216 1.2346 30.8556 -7.3713 0.0522
Pedestrian -1 -1 -3.7153 1002.9413 155.2766 1016.7944 183.4775 1.9307 0.7145 0.5318 27.5483 0.7270 49.7724 -3.2124 0.0522
Pedestrian -1 -1 -7.5932 732.2361 166.8650 760.4711 225.6714 1.7238 0.6923 0.6343 4.0329 1.5480 21.5857 -7.4117 0.2535
Pedestrian -1 -1 -7.8103 861.3823 174.7273 905.4464 260.4709 1.7152 0.8312 0.5512 5.5830 1.7546 14.8660 -7.4585 0.2314
Cyclist -1 -1 -7.2072 894.9043 166.7954 931.0059 208.6720 1.8472 0.6543 1.6307 13.6166 1.5797 32.5231 -6.8144 0.2222
Pedestrian -1 -1 -6.5674 894.0900 171.7834 911.1442 209.7070 1.6895 0.6402 0.5516 13.1295 1.6415 32.4893 -6.1870 0.1869
Cyclist -1 -1 -5.1135 456.7586 166.8291 487.1928 213.7317 1.8613 0.5509 1.8320 -5.7092 1.6219 29.5478 -5.3032 0.1815
Cyclist -1 -1 -6.1555 973.7374 156.6885 1016.4963 196.2113 1.8324 0.6401 1.7228 18.2108 1.0826 34.2093 -5.6701 0.1722
Pedestrian -1 -1 -3.2597 1177.8931 153.5656 1197.6909 197.4696 1.8278 0.6534 0.5758 24.3488 1.0245 30.4681 -2.5903 0.1443
Pedestrian -1 -1 -4.6100 803.3679 154.0285 841.0098 250.9829 1.9633 0.6831 0.8239 4.4002 1.5818 15.1199 -4.3329 0.1332
Pedestrian -1 -1 -7.7124 366.3077 164.4196 379.8966 196.6771 1.8254 0.6410 0.7323 -13.5750 1.3478 41.2459 -8.0287 0.1312
Pedestrian -1 -1 -7.1247 356.6777 162.7871 371.4983 197.5035 1.8731 0.5979 0.4768 -13.4196 1.3296 39.2660 -7.4522 0.1207
Pedestrian -1 -1 -6.5959 363.2635 162.2495 370.3750 193.7201 1.8404 0.4746 0.2636 -14.3488 1.2200 42.4649 -6.9201 0.1171
Pedestrian -1 -1 -4.8429 880.6608 163.3626 908.3689 229.0297 1.7942 0.6110 0.8379 7.9037 1.5346 20.1938 -4.4753 0.1163
Pedestrian -1 -1 -7.7060 724.7071 170.4805 763.8442 252.5831 1.7014 0.7182 0.8056 2.8294 1.6519 15.4483 -7.5292 0.1058
Pedestrian -1 -1 -7.6601 751.5209 160.3128 785.6932 251.7507 1.8854 0.5728 0.7987 3.3290 1.6265 15.3570 -7.4516 0.1017
Cyclist -1 -1 -7.9763 659.3932 173.2221 676.4531 213.5098 1.6776 0.5246 1.6525 2.4274 1.6935 30.8973 -7.8993 0.0926
Cyclist -1 -1 -6.7701 883.6854 168.4581 924.0203 209.0682 1.8193 0.6479 1.5749 13.2802 1.6221 32.7288 -6.3882 0.0903
Pedestrian -1 -1 -4.6427 57.2060 134.9296 79.8546 183.7499 1.8889 0.6596 0.7655 -21.3624 0.4213 28.4172 -5.2828 0.0842
Cyclist -1 -1 -7.2041 0.0000 169.5417 47.5173 374.0000 1.6764 0.5439 1.8482 -5.2476 1.6553 5.4715 -7.9445 0.0835
Pedestrian -1 -1 -5.6792 109.4596 141.9532 128.8424 186.2473 1.8223 0.5530 0.4265 -20.4238 0.5507 29.9635 -6.2734 0.0833
Pedestrian -1 -1 -4.9019 451.6365 171.0492 468.9892 214.1410 1.7423 0.5819 0.6635 -6.1852 1.6690 29.5909 -5.1066 0.0801
Pedestrian -1 -1 -5.7811 359.7601 162.2178 368.2839 194.0110 1.8574 0.5069 0.2628 -14.4983 1.2357 42.4260 -6.1087 0.0733
Pedestrian -1 -1 -8.7337 996.4701 155.4778 1014.4968 196.2375 1.9248 0.6034 0.4801 18.8176 1.1040 34.4093 -8.2371 0.0730
Cyclist -1 -1 -8.2631 646.8408 172.3763 676.2856 213.8921 1.7141 0.6413 1.6477 2.1349 1.6940 30.6738 -8.1949 0.0726
Cyclist -1 -1 -7.5113 237.0725 159.3225 259.4826 194.5491 1.6864 0.4372 1.6935 -17.7781 1.0383 35.4085 -7.9738 0.0713
Cyclist -1 -1 -8.5336 894.6345 159.7922 979.6965 256.3147 1.7734 0.5374 1.7303 6.3229 1.5331 14.1619 -8.1221 0.0709
Cyclist -1 -1 -7.9267 718.9648 164.3415 740.0662 217.3864 1.7589 0.5811 1.7519 4.0516 1.4764 24.8235 -7.7674 0.0706
Cyclist -1 -1 -6.0786 719.5655 165.2877 778.9191 227.5647 1.7929 0.6226 1.6352 4.0741 1.5747 21.3706 -5.8935 0.0678
Cyclist -1 -1 -5.3631 0.0000 182.9868 114.8342 374.0000 1.5934 0.6495 1.8148 -5.0923 1.6822 5.8258 -6.0591 0.0676
Pedestrian -1 -1 -7.4183 520.1466 168.1517 533.2679 194.4338 1.8359 0.6479 0.7871 -5.9020 1.5072 50.8788 -7.5335 0.0665
Cyclist -1 -1 -2.5067 356.6232 164.0323 389.1538 195.9157 1.8056 0.5958 1.7652 -13.6484 1.3057 41.4209 -2.8233 0.0654
Cyclist -1 -1 -7.4237 230.8992 155.4538 257.3473 191.0468 1.7171 0.4800 1.7459 -18.1224 0.8774 35.6910 -7.8907 0.0651
Pedestrian -1 -1 -6.0950 982.6977 159.3622 1033.0232 263.2035 1.8359 0.5771 0.7171 7.2278 1.5970 13.2061 -5.6043 0.0639
Pedestrian -1 -1 -6.9705 508.4605 166.5494 527.0831 195.6774 1.8186 0.6477 0.9799 -5.8646 1.4246 45.6265 -7.0980 0.0633
Pedestrian -1 -1 -5.7274 939.7203 161.4110 998.8557 274.7436 1.8022 0.5709 0.6764 5.8714 1.6199 11.9123 -5.2801 0.0615
Pedestrian -1 -1 -4.8067 871.8978 159.7483 898.4114 227.1620 1.8300 0.6077 0.8194 7.5917 1.4740 20.0614 -4.4504 0.0613
Pedestrian -1 -1 -5.6321 43.0425 138.3050 70.2741 184.6507 1.9030 0.6397 0.6399 -23.0033 0.4841 29.9462 -6.2829 0.0594
Pedestrian -1 -1 -7.6490 752.5732 162.6855 777.5505 219.9532 1.8256 0.6820 0.6273 4.9891 1.5012 23.4258 -7.4423 0.0579
Pedestrian -1 -1 -3.5106 0.0000 245.1234 61.9541 374.0000 1.0701 0.2887 0.3956 -4.9844 1.7044 6.0928 -4.1753 0.0576
Cyclist -1 -1 -5.5433 51.7721 138.4218 104.2266 183.9597 1.7825 0.6119 1.7141 -21.1531 0.4344 28.6392 -6.1751 0.0575
Pedestrian -1 -1 -6.2242 720.4905 163.3503 746.0408 219.2935 1.8212 0.6101 0.8015 4.0350 1.5115 23.8758 -6.0594 0.0556
Pedestrian -1 -1 -5.7309 114.8033 146.8629 134.4128 188.8214 1.7222 0.5816 0.4333 -20.1642 0.6551 29.9150 -6.3199 0.0556
Cyclist -1 -1 -8.6665 873.9261 168.3961 911.1368 206.8636 1.7040 0.5982 1.5982 12.7907 1.5062 32.8119 -8.2982 0.0547
Pedestrian -1 -1 -5.6953 389.9111 164.1360 401.3054 194.0323 1.8678 0.5436 0.4638 -13.5250 1.3229 45.4076 -5.9834 0.0536
Pedestrian -1 -1 -5.1292 462.5051 166.2663 484.8062 212.3191 1.8703 0.6403 0.7892 -5.6790 1.6024 29.8093 -5.3163 0.0523
Cyclist -1 -1 -8.2208 1175.1931 152.4760 1204.7352 194.7756 1.7451 0.4018 1.6527 24.5477 0.9041 30.6156 -7.5498 0.0518
Pedestrian -1 -1 -7.1093 358.0631 162.8107 374.0644 193.9344 1.8028 0.6458 0.6078 -14.3026 1.2207 42.2027 -7.4343 0.0503
Car -1 -1 -6.3609 669.3151 176.1138 784.7334 215.8454 1.4569 1.7117 4.2338 4.3563 1.5861 27.6392 -6.2068 0.9482
Car -1 -1 -5.8009 166.3932 166.5329 412.7156 261.7069 1.6913 1.6457 4.0013 -6.0644 1.5787 13.7920 -6.2086 0.9471
Car -1 -1 -6.0890 435.3291 177.0197 541.2786 209.5474 1.3931 1.6195 4.4033 -5.3846 1.5826 31.9977 -6.2548 0.9131
Car -1 -1 -2.4670 0.0000 165.8424 248.5350 350.4099 1.7231 1.7610 4.3512 -6.5066 1.6573 7.6459 -3.1551 0.8854
Car -1 -1 -2.6282 0.0000 179.3512 322.2126 286.6513 1.4540 1.6066 4.0688 -6.6975 1.5583 10.7525 -3.1745 0.8299
Car -1 -1 -2.7917 239.0581 180.9033 440.6542 247.4442 1.3963 1.4984 3.9307 -5.9653 1.5837 16.0731 -3.1422 0.8180
Car -1 -1 -6.5497 658.3204 172.8400 761.9097 211.5969 1.6103 1.6791 4.1207 4.2298 1.6094 31.0851 -6.4163 0.6372
Car -1 -1 -8.6518 1137.3583 148.2814 1241.0000 297.0461 1.8829 1.7952 4.6290 11.0060 1.5716 11.4868 -7.9010 0.5787
Car -1 -1 -8.0191 718.0690 169.8482 779.2169 220.5472 1.6343 1.5253 3.3233 4.6730 1.5371 24.9331 -7.8366 0.2550
Car -1 -1 -4.2378 200.3803 156.6461 268.5402 189.5635 1.5459 1.6338 3.3238 -18.4639 0.7844 35.5485 -4.7139 0.1949
Car -1 -1 -4.7240 530.5826 170.5531 555.1587 196.7586 1.7109 1.6007 4.0127 -4.6336 1.5604 49.1865 -4.8178 0.1927
Car -1 -1 -7.0346 0.0000 197.2176 65.1437 374.0000 1.4370 1.5100 3.6242 -5.8854 1.6656 4.9481 -7.8796 0.1890
Car -1 -1 -3.8087 1081.5979 166.4592 1192.9163 199.8127 1.4897 1.6329 3.9754 24.1092 1.2038 33.1274 -3.1841 0.1827
Car -1 -1 -6.5132 711.3404 165.3564 913.1315 250.4823 1.7562 1.7480 3.9502 4.2499 1.6012 15.8127 -6.2562 0.1795
Car -1 -1 -4.4803 516.6093 172.3250 557.7186 200.5050 1.6255 1.5990 4.0074 -4.3943 1.5946 43.7109 -4.5803 0.1479
Car -1 -1 -4.2519 651.7127 173.9322 697.0288 198.6920 1.5884 1.5513 3.7011 4.3263 1.6635 48.4459 -4.1638 0.0998
Car -1 -1 -4.3822 0.0000 135.9207 39.3687 170.9765 1.5111 1.6353 3.8275 -28.1812 -0.0926 33.4054 -5.0791 0.0770
Car -1 -1 -2.8013 253.8390 168.5984 339.2461 196.1224 1.4633 1.6113 3.9559 -17.0546 1.2368 39.2972 -3.2085 0.0748
Car -1 -1 -6.1139 972.8728 160.9864 1073.3130 197.0534 1.6142 1.6689 3.9081 19.4829 1.0827 34.1737 -5.5996 0.0746
Car -1 -1 -2.7307 462.8943 170.2122 533.1815 195.9615 1.6051 1.6897 4.1278 -7.2071 1.4401 46.3196 -2.8846 0.0644
Car -1 -1 -7.0330 45.2557 140.4654 155.5945 179.6569 1.5269 1.6451 3.5875 -21.1369 0.2647 30.0381 -7.6421 0.0643
Car -1 -1 -6.1725 639.1842 177.1998 707.6171 201.2719 1.4486 1.6371 4.1036 3.9437 1.7269 45.0591 -6.0863 0.0641
