Pedestrian -1 -1 -5.4170 1151.8901 136.3004 1241.0000 283.2136 1.9675 0.6469 0.8621 8.1882 1.4777 10.1063 -4.7508 0.2724
Pedestrian -1 -1 -6.8307 972.4567 159.1668 1004.2294 210.2954 1.8130 0.7735 0.7131 13.5769 1.3273 25.9959 -6.3543 0.0890
Cyclist -1 -1 -7.7826 481.7995 179.5833 487.9135 197.1226 1.5548 0.4389 1.5223 -11.3513 2.1711 65.3387 -7.9542 0.0753
Car -1 -1 -6.9803 729.8160 174.5258 790.9176 197.7305 1.5111 1.5993 3.9478 10.1600 1.6278 48.8612 -6.7768 0.0575
Car -1 -1 -3.2848 1065.5563 180.3421 1160.5677 210.9012 1.5441 1.7043 3.9921 26.9837 1.9647 38.9133 -2.6825 0.0553
Car -1 -1 -4.5065 545.4147 178.0710 570.5259 195.0327 1.5582 1.6217 4.0852 -5.0144 2.0775 69.7297 -4.5784 0.0537
Pedestrian -1 -1 -4.3162 863.1429 169.3492 874.5648 201.8845 1.7582 0.4869 0.3540 14.0557 1.5685 39.2865 -3.9754 0.0537
Cyclist -1 -1 -5.0625 802.2558 171.6042 824.5225 207.9159 1.6591 0.5133 1.4981 9.4566 1.6017 33.7350 -4.7919 0.0520
Cyclist -1 -1 -6.7151 1107.9340 158.3484 1164.6609 204.8183 1.8366 0.7144 1.7009 21.1094 1.2630 29.0288 -6.0914 0.0518
Car -1 -1 -5.0265 790.4391 175.0868 843.6867 205.0533 1.4923 1.5685 3.8810 10.8518 1.6163 38.1953 -4.7521 0.0502
Cyclist -1 -1 -8.2733 924.7987 160.1569 999.8573 268.4340 1.7540 0.4739 1.7648 6.0396 1.5480 12.5747 -7.8354 0.6296
Cyclist -1 -1 -4.7843 932.2574 166.4407 943.0101 196.6796 1.6452 0.4224 1.6056 18.1568 1.2960 40.0827 -4.3621 0.1861
Cyclist -1 -1 -7.8028 937.0516 165.7958 946.1389 196.5483 1.6771 0.3841 1.6139 18.4198 1.2919 40.1539 -7.3758 0.0910
Cyclist -1 -1 -3.4441 1034.1649 163.6351 1073.9703 199.8523 1.8290 0.6847 1.6041 22.6950 1.3631 36.9637 -2.8973 0.0870
Cyclist -1 -1 -4.7770 965.6769 159.2934 978.5635 192.6421 1.6740 0.4786 1.6428 18.5565 0.9930 37.0683 -4.3163 0.0827
Pedestrian -1 -1 -7.1527 788.2993 164.3529 805.6979 199.3227 1.9544 0.6492 0.7077 10.5350 1.4790 40.7961 -6.9022 0.0783
Cyclist -1 -1 -7.2460 978.2590 159.0204 1012.2601 195.0357 1.8130 0.6345 1.7906 19.7268 1.1163 37.0139 -6.7599 0.0741
Pedestrian -1 -1 -4.9706 840.0314 161.9720 857.9360 199.7154 2.0022 0.7124 0.8637 12.7832 1.4246 38.7280 -4.6545 0.0700
Pedestrian -1 -1 -8.2350 853.4799 164.3480 869.6873 198.4805 1.8876 0.6254 0.7312 14.0040 1.4169 40.2821 -7.9030 0.0621
Pedestrian -1 -1 -3.4816 812.7767 167.7114 834.5370 214.0287 1.8626 0.5550 0.7010 8.6317 1.6555 29.3127 -3.1985 0.0620
Pedestrian -1 -1 -5.6019 1138.7130 148.2434 1225.0121 284.6297 1.8477 0.5791 0.7621 8.0211 1.5140 10.2138 -4.9507 0.0617
Cyclist -1 -1 -5.0850 1047.0228 168.4085 1071.4719 201.1736 1.6457 0.5356 1.5379 23.0115 1.4221 37.0443 -4.5330 0.0542
Pedestrian -1 -1 -7.7741 811.8755 164.7629 826.8318 200.9755 1.8995 0.7057 0.7825 11.0876 1.4748 38.3384 -7.4950 0.0524
Car -1 -1 -4.3977 385.6849 181.0169 423.7423 202.4520 1.5189 1.6351 3.9256 -15.5231 2.1592 54.6381 -4.6735 0.8092
Car -1 -1 -4.6614 427.4807 178.3872 448.0128 195.4726 1.5211 1.6702 4.0832 -16.1746 2.0572 67.7943 -4.8950 0.3593
Car -1 -1 -7.2022 0.0000 178.0991 168.4103 306.9463 1.6503 1.7759 4.4907 -9.4388 1.7514 11.6856 -7.8707 0.3165
Car -1 -1 -5.1317 932.3446 162.7800 995.7850 193.4731 1.5586 1.6217 3.7932 18.7992 1.0468 38.5612 -4.6813 0.2111
Car -1 -1 -6.5728 906.1560 168.7069 1044.5945 211.8936 1.5479 1.7192 4.3180 13.5477 1.3990 27.0735 -6.1136 0.1402
Car -1 -1 -4.8345 348.2155 178.3176 381.8684 203.3866 1.6642 1.7580 4.2188 -17.4400 2.0687 51.1752 -5.1617 0.0964
Car -1 -1 -4.6877 913.0052 178.2389 956.7676 216.3258 1.4349 1.5531 3.6976 13.3828 1.6716 29.7535 -4.2692 0.0920
Car -1 -1 -4.4430 301.3056 180.8591 342.2643 203.1521 1.4632 1.6442 4.1371 -20.3589 2.0529 51.0428 -4.8210 0.0785
Car -1 -1 -4.6694 327.5899 181.0471 359.6108 208.0162 1.5080 1.6504 3.8644 -16.1269 2.0278 43.7090 -5.0212 0.0581
Car -1 -1 -4.4172 276.1751 181.6049 326.2569 209.1474 1.5184 1.6218 4.1361 -18.4835 2.0690 43.2808 -4.8189 0.0567
Car -1 -1 -8.4391 992.9666 169.2598 1064.8406 197.2383 1.4266 1.5531 3.6595 22.3213 1.2430 38.6659 -7.9191 0.0556
Car -1 -1 -4.4912 266.2826 181.7493 308.3044 207.0693 1.5200 1.6191 4.1784 -21.0231 2.1273 47.0744 -4.9094 0.0523
