Pedestrian -1 -1 -8.5019 966.4685 181.9468 996.4418 229.5626 1.6056 0.6031 0.7238 12.7641 1.9243 24.8972 -8.0337 0.2031
Cyclist -1 -1 -4.3140 828.3129 174.7446 851.2553 208.6637 1.6515 0.4667 1.7196 11.4418 1.7478 36.0289 -4.0093 0.1522
Pedestrian -1 -1 -7.8268 852.6016 167.3316 871.1982 213.4343 1.8300 0.6936 0.6066 10.0981 1.6105 29.0461 -7.4958 0.1373
Pedestrian -1 -1 -7.6677 836.3577 172.4010 853.2752 211.2212 1.9136 0.6943 0.6650 11.6856 1.8910 36.0259 -7.3570 0.1360
Cyclist -1 -1 -8.0399 732.5795 176.8665 757.5753 237.1499 1.5970 0.3872 1.5696 3.6816 1.7123 20.0051 -7.8614 0.1343
Cyclist -1 -1 -7.7786 844.0417 177.6226 857.3237 213.3694 1.7275 0.5014 1.8258 11.9948 1.9717 36.0588 -7.4605 0.1187
Cyclist -1 -1 -4.9795 840.2756 163.9499 902.4581 272.3163 1.7321 0.5334 1.7755 4.4113 1.5895 12.4360 -4.6470 0.0991
Pedestrian -1 -1 -7.8045 106.5192 191.3472 128.0432 239.0352 1.7388 0.6362 0.6011 -18.5164 2.4428 27.0579 -8.4003 0.0941
Pedestrian -1 -1 -8.4415 845.2126 176.1399 864.2036 212.3970 1.7746 0.6512 0.6292 12.0900 1.9390 35.7755 -8.1187 0.0935
Cyclist -1 -1 -7.6923 973.2160 179.0808 999.0892 230.4753 1.5828 0.4877 1.6730 12.0760 1.7901 23.2380 -7.2188 0.0893
Pedestrian -1 -1 -3.6693 40.2127 196.5198 70.0483 245.2333 1.7005 0.5900 0.6434 -20.0329 2.5662 25.9950 -4.3211 0.0793
Pedestrian -1 -1 -7.7331 9.3656 195.3048 35.2683 248.3021 1.7231 0.6104 0.5440 -19.7375 2.4874 24.1835 -8.4123 0.0786
Pedestrian -1 -1 -5.3397 1095.9625 164.0547 1135.1832 241.3635 1.7633 0.5334 0.5305 11.6635 1.5623 16.7300 -4.7397 0.0731
Cyclist -1 -1 -7.9197 224.2644 188.1487 242.6160 236.2115 1.6683 0.4837 1.7996 -13.8890 2.2489 26.5094 -8.3986 0.0716
Pedestrian -1 -1 -6.5815 992.4539 165.3095 1005.7072 213.6503 1.7917 0.5867 0.2737 14.5415 1.5118 27.0567 -6.0933 0.0711
Pedestrian -1 -1 -5.1091 1137.9507 162.0109 1175.0021 242.1380 1.7895 0.5220 0.4848 12.3702 1.5470 16.4119 -4.4723 0.0701
Pedestrian -1 -1 -5.9673 101.6750 183.1494 126.7859 236.4367 1.9695 0.7207 0.5858 -18.7692 2.3643 27.2611 -6.5660 0.0688
Pedestrian -1 -1 -6.8843 866.0186 163.5997 890.3184 216.0844 1.8823 0.6787 0.5380 9.7139 1.5501 26.2722 -6.5343 0.0687
Pedestrian -1 -1 -5.0538 852.3080 169.3593 897.2316 274.5697 1.7538 0.5681 0.5347 4.4491 1.6953 12.2960 -4.7153 0.0687
Pedestrian -1 -1 -8.2385 944.4542 170.9579 971.2110 224.6832 1.8458 0.6425 0.6425 12.0607 1.7804 25.1286 -7.7961 0.0672
Pedestrian -1 -1 -4.8675 122.9834 184.1978 145.4168 230.6918 1.9446 0.7181 0.6028 -20.3988 2.4369 30.8689 -5.4477 0.0669
Cyclist -1 -1 -3.6725 952.4123 174.1619 1009.5995 226.0297 1.7747 0.6054 1.6955 12.8293 1.8204 25.0609 -3.2047 0.0658
Cyclist -1 -1 -6.9038 963.9206 177.0074 1023.0557 230.5456 1.8032 0.6361 1.7565 13.1295 1.9482 24.8067 -6.4226 0.0639
Pedestrian -1 -1 -4.6715 1093.2109 166.4588 1121.4006 240.6853 1.7184 0.5337 0.5234 11.7165 1.5700 17.0730 -4.0786 0.0634
Pedestrian -1 -1 -4.7761 1107.4357 163.6347 1139.5156 241.3497 1.7379 0.5643 0.4499 11.6641 1.5315 16.4742 -4.1689 0.0613
Cyclist -1 -1 -2.7965 0.0000 192.0999 69.6689 243.7444 1.7631 0.7077 1.8196 -20.5272 2.4656 25.7233 -3.4652 0.0580
Pedestrian -1 -1 -8.7735 1066.4537 169.3053 1096.8712 233.4149 1.7439 0.5239 0.4869 12.9854 1.6471 19.9457 -8.2037 0.0572
Pedestrian -1 -1 -8.1437 836.2739 176.7210 853.6740 213.7934 1.8789 0.6666 0.7265 12.0107 2.0790 37.0167 -7.8328 0.0570
Pedestrian -1 -1 -8.4407 847.9114 173.6399 866.9086 210.0309 1.7657 0.6155 0.6658 12.1040 1.8044 35.4273 -8.1145 0.0568
Cyclist -1 -1 -8.2624 847.4970 179.4977 872.0184 213.3093 1.6096 0.4568 1.8058 12.2768 1.9458 35.6271 -7.9337 0.0560
Pedestrian -1 -1 -5.7447 1167.1118 173.9518 1201.3800 247.4333 1.7722 0.5584 0.4363 14.0450 1.7993 17.7151 -5.0831 0.0558
Pedestrian -1 -1 -8.0103 867.6100 175.0404 882.3174 212.6422 1.7954 0.6122 0.3737 12.7070 1.9010 34.7213 -7.6627 0.0551
Pedestrian -1 -1 -8.0678 868.9071 177.6241 885.2067 213.6994 1.7077 0.6440 0.4707 12.7268 1.9373 34.5048 -7.7178 0.0549
Cyclist -1 -1 -5.2675 1070.0450 161.5184 1137.5837 241.7799 1.7892 0.4831 1.6737 11.4944 1.5362 16.9285 -4.6796 0.0528
Car -1 -1 -4.2815 156.9352 194.2028 237.8069 231.5435 1.4794 1.6875 3.9869 -18.7966 2.5163 32.9965 -4.7961 0.0837
Car -1 -1 -4.5320 285.0695 183.0349 320.2257 207.2181 1.6710 1.7273 3.9326 -22.8695 2.4587 53.7398 -4.9329 0.0758
Car -1 -1 -4.2581 1.7460 200.6812 105.8314 246.7377 1.4604 1.6080 3.7836 -20.9621 2.5914 27.3220 -4.9080 0.0713
Car -1 -1 -4.7684 947.5042 198.5880 979.3494 225.1911 1.4555 1.5723 3.9956 22.3404 3.1644 45.7755 -4.3177 0.0684
Car -1 -1 -6.6114 667.9941 179.5167 776.9740 217.3024 1.4674 1.6512 4.1045 4.5385 1.7515 29.6128 -6.4614 0.0661
Car -1 -1 -4.9148 629.8992 180.2042 677.0414 212.2343 1.5426 1.6316 4.3001 2.1864 1.9525 38.0263 -4.8584 0.0659
Car -1 -1 -4.9266 492.1118 186.4269 520.6340 206.0639 1.5735 1.6425 4.0233 -9.1019 2.7989 62.9901 -5.0700 0.0646
Car -1 -1 -7.4466 218.1006 191.0548 284.6120 221.9139 1.4516 1.6668 4.1444 -19.0990 2.4768 38.5424 -7.9043 0.0635
Car -1 -1 -4.4435 618.5448 179.3659 656.2474 203.2218 1.6276 1.6792 4.2957 2.0212 2.1245 52.7857 -4.4060 0.0590
