Pedestrian -1 -1 -4.7460 89.5377 161.2375 136.1699 291.2597 1.9245 0.5733 0.8291 -7.7662 1.7522 11.1834 -5.3422 0.1153
Cyclist -1 -1 -7.8754 619.6235 175.6921 628.4760 204.4648 1.7291 0.5057 1.6258 0.8232 1.9064 44.3350 -7.8574 0.1108
Pedestrian -1 -1 -3.2506 874.0427 144.0158 973.7533 313.1837 1.8812 0.5431 1.0046 3.5798 1.5602 8.4232 -2.8623 0.0832
Pedestrian -1 -1 -8.1109 708.9767 176.1242 720.0850 201.4828 1.7346 0.6093 0.6626 7.1825 1.9617 49.8131 -7.9690 0.0702
Pedestrian -1 -1 -8.3857 1072.8723 146.1752 1130.7257 250.8051 1.8460 0.5307 0.8028 8.8886 1.3750 13.1446 -7.8019 0.0679
Pedestrian -1 -1 -8.1754 989.5360 161.1885 1038.1267 261.2572 1.7749 0.5844 0.6756 7.3101 1.5677 13.1810 -7.6792 0.0666
Car -1 -1 -4.6095 741.5709 173.6408 776.0920 201.0740 1.6023 1.6858 4.0268 9.1717 1.6528 44.4407 -4.4077 0.0633
Pedestrian -1 -1 -4.0090 778.1049 161.6013 789.4469 185.2596 1.9289 0.5525 0.7495 14.2491 1.0111 59.2719 -3.7744 0.0620
Pedestrian -1 -1 -4.5787 260.6046 234.9764 319.6019 374.0000 1.1782 0.3712 0.6100 -2.7355 1.7301 6.0699 -4.9871 0.0598
Pedestrian -1 -1 -6.7515 973.5679 136.2887 1152.8499 374.0000 1.8090 0.5273 0.8838 2.9774 1.5754 4.8909 -6.2322 0.0578
Pedestrian -1 -1 -4.1226 250.8800 172.9113 289.5938 247.3952 1.8138 0.5551 0.7386 -8.5085 1.8150 17.9788 -4.5594 0.0564
Pedestrian -1 -1 -2.7349 718.6991 170.4026 732.1511 198.8991 1.9035 0.5983 0.7180 7.7495 1.7395 48.6424 -2.5783 0.0564
Pedestrian -1 -1 -3.9306 937.9861 164.7149 989.3225 256.7699 1.7462 0.5671 0.7065 6.8389 1.5915 14.0730 -3.4872 0.0564
Cyclist -1 -1 -8.4682 1128.3671 174.6474 1241.0000 347.3613 1.5799 0.4083 1.5703 6.0042 1.5999 7.4104 -7.8072 0.0559
Pedestrian -1 -1 -8.0641 761.7499 168.3437 772.5887 195.5247 1.7953 0.5681 0.7062 10.4224 1.4971 48.0103 -7.8520 0.0557
Cyclist -1 -1 -2.7348 71.8036 171.7775 160.0607 244.2340 1.7670 0.6203 1.7189 -12.3904 1.7405 18.0618 -3.3294 0.0552
Pedestrian -1 -1 -6.2137 700.7637 175.5447 711.4113 201.6132 1.8099 0.6189 0.6994 6.7014 1.9994 50.5439 -6.0832 0.0519
Pedestrian -1 -1 -5.1199 797.0140 154.2495 853.5722 251.4378 1.9216 0.7095 1.1548 4.3674 1.5534 14.8841 -4.8407 0.2330
Pedestrian -1 -1 -2.7850 337.6752 190.3462 370.2129 265.2965 1.4692 0.5083 0.4688 -5.2015 1.8273 14.5228 -3.1238 0.2224
Pedestrian -1 -1 -5.4186 450.0551 169.0723 489.8171 240.1784 1.8285 0.6488 0.8285 -3.7518 1.7310 19.0663 -5.6110 0.1134
Cyclist -1 -1 -2.8236 299.8539 181.2537 390.1620 268.9080 1.7312 0.4457 1.6532 -5.3801 1.9031 14.5466 -3.1727 0.1085
Cyclist -1 -1 -7.4740 595.3281 173.6559 617.1614 211.3012 1.6101 0.4010 1.5906 -0.1977 1.6460 31.7094 -7.4807 0.1039
Cyclist -1 -1 -8.2387 598.7691 172.7119 620.7819 207.0074 1.6245 0.4857 1.6386 -0.0618 1.6174 35.0275 -8.2410 0.0869
Pedestrian -1 -1 -5.9336 640.1005 168.8771 654.1502 204.7836 1.8332 0.6078 0.5499 1.8776 1.6299 37.2247 -5.8841 0.0795
Cyclist -1 -1 -5.9553 276.9370 182.3430 383.5454 271.6320 1.7092 0.6161 1.8613 -5.5447 1.9005 14.2281 -6.3213 0.0694
Cyclist -1 -1 -7.5515 641.3948 173.8136 658.7910 205.7914 1.6144 0.4679 1.5230 2.0391 1.6647 37.2689 -7.4978 0.0661
Pedestrian -1 -1 -3.0815 320.6166 184.4108 351.5003 266.0416 1.5863 0.5079 0.5473 -5.5275 1.8224 14.4368 -3.4417 0.0637
Pedestrian -1 -1 -2.2533 190.4412 176.1035 319.1746 374.0000 1.6598 0.6047 0.8085 -3.0530 1.6890 6.1015 -2.7010 0.0628
Cyclist -1 -1 -6.5161 771.5483 158.9249 866.4786 250.8936 1.8785 0.5932 1.8144 4.2904 1.5937 15.0691 -6.2447 0.0606
Cyclist -1 -1 -4.3325 324.1312 183.3449 377.2370 271.4477 1.6682 0.4948 1.4766 -5.2691 1.8909 14.5874 -4.6740 0.0535
Pedestrian -1 -1 -4.2789 423.2694 175.7487 458.0679 248.2336 1.7682 0.6158 0.6856 -4.2760 1.8418 18.0307 -4.5092 0.0534
Pedestrian -1 -1 -8.1864 632.0063 171.2599 648.7780 207.4112 1.7517 0.6596 0.6016 1.4460 1.6742 35.3450 -8.1464 0.0525
Pedestrian -1 -1 -8.1325 301.3789 185.6615 338.0818 267.3977 1.5834 0.5836 0.4405 -5.8629 1.8457 14.4413 -8.5124 0.0506
Car -1 -1 -4.4147 423.5062 185.1699 562.9122 271.3114 1.4585 1.7076 4.0495 -2.2920 1.7497 14.9532 -4.5651 0.9563
Car -1 -1 -4.4159 603.5335 179.7648 671.1588 222.8194 1.4359 1.5119 3.5990 1.0317 1.7094 26.6368 -4.3783 0.9345
Car -1 -1 -4.3758 524.8209 178.8739 617.0562 239.1105 1.5656 1.5768 3.6417 -1.0949 1.7579 21.1159 -4.4278 0.9252
Car -1 -1 -4.6099 849.1136 165.4926 874.4657 184.5107 1.5583 1.6351 4.0600 21.3953 0.9548 61.3067 -4.2758 0.1789
Car -1 -1 -8.0163 820.9321 165.8825 853.0791 189.0628 1.6992 1.6737 4.1756 17.2502 1.1879 55.0751 -7.7145 0.1534
Car -1 -1 -4.0882 0.0000 188.7348 319.1261 374.0000 1.5607 1.5515 3.2107 -3.6847 1.7139 5.3349 -4.6702 0.1376
Car -1 -1 -8.5493 649.2216 161.8322 700.8166 192.3373 2.5356 1.9116 4.6389 5.5526 1.6192 62.4250 -8.4614 0.1343
Car -1 -1 -7.3205 107.3414 192.4434 358.3381 305.2784 1.4124 1.6843 4.2651 -5.9623 1.7971 11.9864 -7.7739 0.1040
Car -1 -1 -7.6382 805.4800 166.1441 843.2537 190.2880 1.6522 1.7766 4.0167 15.3238 1.1927 51.5642 -7.3512 0.0901
Car -1 -1 -5.0865 879.5851 166.9556 938.2664 197.1885 1.6370 1.6694 4.1558 16.9290 1.3173 41.1571 -4.6991 0.0881
Car -1 -1 -5.1900 634.1494 179.3250 681.0954 201.8301 1.5310 1.6541 4.2205 3.3930 2.0232 52.6511 -5.1265 0.0668
Car -1 -1 -4.6842 802.4315 173.3493 835.3306 202.9395 1.5680 1.6708 4.1363 11.7362 1.5971 40.5342 -4.4047 0.0653
Car -1 -1 -4.8030 799.0588 176.2756 840.9982 207.5440 1.4518 1.6266 4.1456 10.4243 1.6334 36.1681 -4.5250 0.0595
Car -1 -1 -4.3791 542.6915 174.7316 610.8022 215.0122 1.5595 1.6428 3.9785 -1.3600 1.6436 30.2754 -4.4242 0.0524
