Pedestrian -1 -1 -5.0348 837.7620 141.4278 900.6865 268.0706 1.7136 0.5992 0.8020 3.6575 1.1853 9.9743 -4.6915 0.8574
Pedestrian -1 -1 -5.2621 542.4255 145.4492 586.9406 233.5784 1.7389 0.6150 0.7314 -0.8726 1.0477 14.4269 -5.3191 0.7074
Pedestrian -1 -1 -4.2515 503.9767 144.1521 546.1172 234.4939 1.7435 0.5832 0.6993 -1.6311 1.0424 14.0736 -4.3622 0.6696
Pedestrian -1 -1 -5.4465 1003.4786 126.7348 1172.0707 358.9901 1.7751 0.7525 0.8943 3.9320 1.3646 5.9080 -4.8817 0.6464
Pedestrian -1 -1 -2.4422 645.4592 139.8270 678.7158 201.9649 1.7895 0.6158 0.7591 1.6446 0.6185 20.8484 -2.3625 0.3571
Car -1 -1 -4.4509 0.0000 89.1811 269.5352 369.0000 1.7746 1.6302 4.1518 -3.2245 1.5064 4.3095 -5.0570 0.3191
Pedestrian -1 -1 -7.0169 352.7881 157.0516 374.4933 196.5871 1.9125 0.6238 0.7953 -11.8627 0.7784 34.7025 -7.3415 0.1669
Pedestrian -1 -1 -7.5848 338.3754 152.0570 359.3315 197.6092 1.9073 0.6753 0.6876 -10.8783 0.7166 29.9716 -7.9276 0.1423
Pedestrian -1 -1 -4.8863 1040.5924 147.0989 1071.5520 212.2966 1.8577 0.6721 0.5308 13.0438 0.9063 20.5183 -4.3253 0.1278
Pedestrian -1 -1 -6.7886 352.5175 154.5342 362.1527 196.7366 1.8254 0.4890 0.1838 -10.8191 0.7025 30.8146 -7.1211 0.1275
Pedestrian -1 -1 -7.0801 373.5477 161.5240 386.0450 195.7756 1.7414 0.5303 0.3309 -11.5521 0.7768 36.2142 -7.3844 0.1218
Pedestrian -1 -1 -3.3008 503.5139 155.5733 509.0740 191.1777 1.8172 0.4238 0.2190 -5.0888 0.5451 36.3216 -3.4368 0.0989
Pedestrian -1 -1 -8.0058 870.8029 141.5878 896.6857 198.9170 1.7232 0.6513 0.5883 8.4762 0.5539 21.6099 -7.6350 0.0803
Pedestrian -1 -1 -3.2964 248.3868 140.9521 259.5565 176.5265 1.8229 0.5811 0.4370 -18.2258 -0.2080 36.6746 -3.7519 0.0767
Pedestrian -1 -1 -5.8630 253.5734 148.3200 266.9088 187.0475 1.8151 0.5573 0.3702 -16.3154 0.3071 33.4222 -6.3112 0.0734
Pedestrian -1 -1 -7.7534 375.8728 151.1749 389.6909 185.2628 1.8433 0.6578 0.6367 -12.1458 0.2577 38.6107 -8.0537 0.0692
Pedestrian -1 -1 -3.6079 419.1347 161.5270 429.3057 198.4849 1.7938 0.4975 0.2904 -8.8673 0.8731 34.6011 -3.8547 0.0673
Pedestrian -1 -1 -7.7622 325.3753 158.7152 341.5831 201.0941 1.8132 0.6162 0.4233 -11.7490 0.8813 30.5380 -8.1240 0.0582
Car -1 -1 -4.1870 329.0963 146.9279 384.0727 171.5309 1.5617 1.6225 4.3188 -17.0763 -0.6481 48.8167 -4.5193 0.0538
Car -1 -1 -2.6029 0.0000 139.4589 48.4591 180.8663 1.5314 1.6664 4.1378 -24.3730 0.0138 27.3422 -3.3229 0.0531
Car -1 -1 -7.9728 563.4393 139.6992 598.3746 167.6120 1.5444 1.6654 4.0520 -1.5276 -0.8265 43.2166 -8.0056 0.0529
Pedestrian -1 -1 -3.6772 649.6282 148.8492 673.6913 201.7309 1.6077 0.5772 0.5195 1.7137 0.6458 21.8694 -3.5980 0.0522
Pedestrian -1 -1 -6.5421 501.5883 158.8838 520.3023 210.0164 1.4657 0.5675 0.4095 -2.7817 0.8464 20.6073 -6.6722 0.0522
Car -1 -1 -7.5531 383.7568 147.6283 423.4208 170.7493 1.5683 1.6364 4.1165 -14.6950 -0.7430 51.7959 -7.8258 0.0519
Pedestrian -1 -1 -3.5232 334.2152 151.9345 345.1286 187.9503 1.8845 0.5620 0.3573 -14.0232 0.3900 37.3241 -3.8777 0.0518
Pedestrian -1 -1 -4.9131 477.9138 137.6292 507.9178 213.4811 1.8192 0.5804 0.8189 -2.8131 0.7913 17.4423 -5.0679 0.5933
Pedestrian -1 -1 -5.7092 635.1884 141.1666 667.4153 194.5332 1.8515 0.6432 0.9418 1.6090 0.4871 25.0688 -5.6438 0.5125
Pedestrian -1 -1 -4.0969 390.1361 143.0913 419.3981 200.3449 1.7621 0.6345 0.6311 -6.3090 0.6111 22.1651 -4.3682 0.4722
Pedestrian -1 -1 -4.7980 272.6925 139.8917 317.5426 254.2932 1.7994 0.6214 0.6731 -5.1229 1.1611 11.5644 -5.2028 0.4533
Pedestrian -1 -1 -2.2526 240.2651 142.8853 292.1404 251.8956 1.8095 0.5952 0.5407 -5.8521 1.1855 12.1223 -2.6901 0.4421
Pedestrian -1 -1 -5.6503 438.5359 139.6721 474.9999 210.2260 1.7548 0.5218 0.7430 -3.8082 0.7397 17.9776 -5.8532 0.4414
Pedestrian -1 -1 -4.1159 461.9402 141.8073 494.7038 208.5051 1.7218 0.5904 0.6459 -3.3812 0.7233 18.6684 -4.2899 0.3816
Pedestrian -1 -1 -2.3777 591.6877 141.1157 621.4572 193.1776 1.8246 0.6827 0.8217 0.0236 0.4446 25.3104 -2.3746 0.3279
Pedestrian -1 -1 -3.8591 400.0710 145.9746 430.5125 199.9630 1.7292 0.5925 0.7595 -6.2364 0.6236 23.1260 -4.1169 0.3230
Pedestrian -1 -1 -5.0294 425.2610 137.2542 459.3492 213.3179 1.7919 0.6007 0.7569 -3.9895 0.7734 17.1355 -5.2518 0.3111
Pedestrian -1 -1 -6.9799 354.9682 143.1408 390.1233 200.9397 1.7617 0.6593 0.8080 -7.2874 0.6233 22.0688 -7.2923 0.3030
Pedestrian -1 -1 -4.5260 377.2892 142.4155 403.2752 198.9085 1.7948 0.6674 0.7932 -6.9789 0.5851 22.8919 -4.8158 0.2774
Pedestrian -1 -1 -7.6833 113.4977 142.2944 166.0381 252.5822 1.7808 0.6309 0.6310 -7.8181 1.1643 11.8301 -8.2529 0.2149
Pedestrian -1 -1 -4.3074 628.0245 149.1870 651.3418 194.9193 1.6930 0.6310 0.7571 1.2807 0.5340 26.6536 -4.2579 0.2091
Pedestrian -1 -1 -4.2690 453.2481 142.0426 478.9554 196.1937 1.8158 0.6171 0.7056 -4.7684 0.5265 24.1279 -4.4594 0.2065
Pedestrian -1 -1 -4.9235 505.4705 146.9459 519.1724 179.9490 1.8553 0.6368 0.7203 -5.2852 -0.0316 40.2087 -5.0511 0.1919
Pedestrian -1 -1 -4.9848 533.5856 146.1000 548.2390 177.9488 1.8085 0.6527 0.7897 -3.7046 -0.1485 40.7114 -5.0727 0.1858
Pedestrian -1 -1 -5.4494 241.9599 158.4877 263.8888 205.7846 1.6791 0.5521 0.4428 -12.6962 0.8979 25.4388 -5.9054 0.1802
Pedestrian -1 -1 -4.8279 423.9630 143.8452 445.8213 199.9186 1.7484 0.5990 0.7177 -5.4488 0.6058 22.4851 -5.0602 0.1618
Cyclist -1 -1 -8.2832 608.7914 146.1805 640.3652 190.9440 1.6938 0.5698 1.7177 0.7218 0.3954 27.6556 -8.2553 0.1606
Pedestrian -1 -1 -8.0540 430.3883 162.5914 473.9132 252.9911 1.5155 0.6637 0.4179 -2.6832 1.2157 12.1772 -8.2633 0.1592
Pedestrian -1 -1 -4.1996 294.4502 143.0628 327.6667 205.7014 1.7640 0.6748 0.5906 -8.4497 0.7100 20.2467 -4.5872 0.1556
Cyclist -1 -1 -2.8880 599.7285 145.4707 649.1374 193.1689 1.7590 0.6886 1.7445 0.7054 0.4674 26.6479 -2.8597 0.1552
Cyclist -1 -1 -4.1019 343.2369 150.6250 409.4961 227.6501 1.5912 0.5057 1.6741 -5.0167 0.9744 15.4809 -4.4071 0.1517
Cyclist -1 -1 -5.0130 620.1820 148.9657 647.9302 193.7262 1.6365 0.5743 1.6814 1.0543 0.4838 26.7367 -4.9720 0.1437
Pedestrian -1 -1 -4.7313 312.0508 142.6638 336.0352 203.2576 1.7797 0.6590 0.8502 -8.4995 0.6687 21.2852 -5.1039 0.1398
Cyclist -1 -1 -4.8441 543.4084 144.9183 562.0925 187.5265 1.6948 0.5538 1.6416 -2.1788 0.2797 28.9844 -4.9161 0.1368
Pedestrian -1 -1 -3.9912 569.7995 147.5020 586.9931 188.6153 1.8265 0.5971 0.4910 -1.2196 0.3607 31.7910 -4.0271 0.1340
Cyclist -1 -1 -8.1758 626.9952 147.6202 654.5670 193.4260 1.7003 0.5345 1.7334 1.3298 0.4801 27.1523 -8.1254 0.1317
Pedestrian -1 -1 -3.4836 538.4291 144.9813 557.2109 187.2354 1.8347 0.6364 0.6486 -2.5434 0.2927 31.1241 -3.5622 0.1297
Pedestrian -1 -1 -7.5984 67.7149 154.8241 93.7553 202.7319 1.6958 0.6292 0.5565 -18.8597 0.7872 25.4016 -8.2290 0.1288
Cyclist -1 -1 -4.7280 245.7316 155.8427 263.6754 204.0385 1.6786 0.5620 1.5923 -12.6545 0.8201 25.4634 -5.1822 0.1202
Pedestrian -1 -1 -7.7033 651.2225 152.1802 669.6941 196.8888 1.6368 0.5957 0.6374 2.0325 0.6002 26.2627 -7.6249 0.1096
Pedestrian -1 -1 -7.4046 309.1802 165.3656 351.0180 246.1728 1.5175 0.6142 0.4424 -5.2999 1.2337 13.5249 -7.7681 0.1079
Pedestrian -1 -1 -7.3855 607.1927 148.9701 629.6459 194.7823 1.6996 0.6672 0.5545 0.4767 0.5301 26.6317 -7.3657 0.1077
Cyclist -1 -1 -4.5526 567.0959 143.4299 580.5177 174.0621 1.7372 0.5258 1.6491 -1.8258 -0.3837 41.3044 -4.5942 0.1064
Pedestrian -1 -1 -3.0346 530.0670 149.3074 542.8294 190.1718 1.8770 0.5799 0.5294 -3.1967 0.4444 32.7697 -3.1289 0.1059
Pedestrian -1 -1 -7.9113 363.1906 155.5350 392.9340 227.3751 1.5407 0.5976 0.4400 -5.0138 1.0057 15.4755 -8.2164 0.1045
Cyclist -1 -1 -4.7081 418.1579 140.3361 437.8433 198.2840 1.7732 0.5864 1.6733 -5.6652 0.5445 22.5182 -4.9490 0.1041
Cyclist -1 -1 -4.2206 363.5568 153.6810 420.9305 227.1705 1.5392 0.5080 1.6136 -4.7238 0.9778 15.6506 -4.5060 0.0998
Cyclist -1 -1 -6.4297 558.5596 144.4114 589.5589 175.7225 1.7994 0.6131 1.7358 -1.8188 -0.2817 41.2389 -6.4713 0.0986
Cyclist -1 -1 -7.4102 339.7206 150.7928 392.9294 225.3063 1.5651 0.4653 1.6077 -5.3078 0.9415 15.6780 -7.7283 0.0959
Pedestrian -1 -1 -4.2231 622.6247 152.5392 645.4871 195.0443 1.6115 0.6516 0.6499 1.0924 0.5516 27.2509 -4.1815 0.0941
Cyclist -1 -1 -6.2456 348.4616 151.6146 428.8044 226.6500 1.6095 0.5944 1.6727 -4.8120 0.9902 15.6625 -6.5358 0.0933
Pedestrian -1 -1 -4.4392 430.6889 142.1084 463.7958 213.8338 1.7493 0.6026 0.8375 -3.9770 0.8133 17.6792 -4.6544 0.0930
Cyclist -1 -1 -7.6047 31.4242 142.3723 54.6680 179.7403 1.7247 0.4627 1.6456 -26.6435 -0.0368 33.5136 -8.2696 0.0923
Pedestrian -1 -1 -7.8923 92.2315 139.7571 111.1521 185.8986 1.8401 0.6031 0.6852 -20.4240 0.2155 28.6513 -8.5041 0.0918
Cyclist -1 -1 -5.3681 227.0090 144.7249 329.8290 253.4448 1.7269 0.5458 1.8847 -5.5675 1.1590 11.9151 -5.7929 0.0887
Pedestrian -1 -1 -7.4897 388.9462 159.2543 418.1133 221.1491 1.4437 0.5484 0.4231 -4.8058 0.9485 16.7283 -7.7623 0.0858
Pedestrian -1 -1 -4.6618 472.1788 146.3805 496.1563 212.0271 1.6684 0.5763 0.7334 -3.1729 0.8016 18.3667 -4.8278 0.0846
Cyclist -1 -1 -4.5261 300.3553 149.9985 331.5045 209.1284 1.6254 0.5336 1.5882 -8.3061 0.7873 20.2670 -4.9074 0.0829
Cyclist -1 -1 -2.4126 366.9747 154.7128 479.1175 250.3902 1.5822 0.7580 1.8938 -3.2648 1.1561 12.4664 -2.6605 0.0826
Cyclist -1 -1 -8.1796 602.2759 148.0497 630.5860 191.9513 1.6609 0.5847 1.7257 0.4037 0.4335 27.6599 -8.1631 0.0820
Pedestrian -1 -1 -5.9530 304.2056 178.7321 367.0204 289.2446 1.3656 0.4297 0.6376 -3.4567 1.3441 8.9593 -6.3074 0.0801
Pedestrian -1 -1 -4.4272 445.2909 194.8096 477.3123 270.3372 1.0870 0.3369 0.5118 -2.1892 1.3063 10.5476 -4.6240 0.0789
Cyclist -1 -1 -4.7368 448.2694 141.6703 473.7052 211.0115 1.7013 0.6046 1.6952 -3.7700 0.7489 18.2410 -4.9349 0.0787
Pedestrian -1 -1 -6.8156 546.1805 143.3905 571.3690 188.4117 1.8114 0.6494 0.8119 -1.9202 0.3186 28.9449 -6.8789 0.0763
Cyclist -1 -1 -7.2992 379.0329 142.6974 424.3668 198.2173 1.7382 0.5918 1.7332 -6.6384 0.5550 23.0503 -7.5738 0.0751
Cyclist -1 -1 -2.9389 609.5912 149.0345 659.4395 194.2134 1.6882 0.6590 1.8034 1.0993 0.5127 26.9594 -2.8966 0.0739
Cyclist -1 -1 -3.0828 602.8838 148.5380 652.1285 196.2204 1.7316 0.6874 1.7798 0.8091 0.5711 26.1000 -3.0501 0.0739
Pedestrian -1 -1 -6.8577 650.6766 147.0252 677.1240 196.6583 1.7062 0.6198 0.6971 2.0267 0.5557 24.7437 -6.7749 0.0738
Cyclist -1 -1 -4.8904 615.4057 150.2164 640.2900 196.0021 1.6324 0.6159 1.7535 0.7988 0.5530 26.1210 -4.8581 0.0730
Pedestrian -1 -1 -7.4999 458.3583 158.9361 478.6366 200.1802 1.6123 0.5941 0.6664 -5.4332 0.7695 28.0169 -7.6874 0.0730
Cyclist -1 -1 -2.9522 610.3488 145.0157 662.3373 194.5063 1.7610 0.6537 1.7959 1.1113 0.4986 25.6845 -2.9074 0.0730
Pedestrian -1 -1 -3.7255 631.6152 149.5483 656.9086 196.3592 1.6895 0.6202 0.7014 1.4091 0.5726 25.9634 -3.6699 0.0727
Pedestrian -1 -1 -3.6748 656.9631 147.7182 679.9432 195.8478 1.7433 0.6518 0.5932 2.3026 0.5562 26.0315 -3.5856 0.0724
Pedestrian -1 -1 -5.5944 156.0154 161.1319 178.6555 213.9041 1.6586 0.5816 0.3143 -13.9785 1.0501 22.5319 -6.1414 0.0723
Cyclist -1 -1 -4.8549 588.6486 142.2612 613.2345 194.5072 1.7782 0.6215 1.7751 -0.1902 0.4770 24.9880 -4.8603 0.0722
Cyclist -1 -1 -3.0137 514.7656 146.8692 544.1215 178.4532 1.8037 0.6291 1.6151 -4.3609 -0.1188 40.7559 -3.1173 0.0710
Pedestrian -1 -1 -3.4955 334.2678 167.6867 384.3307 263.3706 1.4224 0.4420 0.6138 -3.8292 1.2323 10.8758 -3.8229 0.0704
Cyclist -1 -1 -4.3374 378.8194 144.8397 415.3957 201.6430 1.7253 0.5514 1.6071 -6.5728 0.6425 22.3010 -4.6179 0.0695
Cyclist -1 -1 -4.3525 72.7926 145.2896 108.7160 190.3706 1.6469 0.5680 1.5791 -19.4032 0.3608 26.6658 -4.9737 0.0690
Cyclist -1 -1 -6.3725 583.8389 143.9943 632.0106 194.2481 1.7907 0.6178 1.6936 0.0662 0.4901 25.5734 -6.3678 0.0690
Pedestrian -1 -1 -7.8506 581.5538 151.3605 598.8138 190.7782 1.6346 0.7158 0.5264 -0.6453 0.4264 29.5894 -7.8701 0.0685
Cyclist -1 -1 -7.8925 259.7463 145.4323 291.2977 256.0782 1.7526 0.4336 1.7385 -5.6902 1.1975 12.0733 -8.3208 0.0681
Pedestrian -1 -1 -5.6065 573.2914 154.2791 593.0811 198.4464 1.5648 0.5992 0.4309 -0.8144 0.6361 25.4182 -5.6361 0.0680
Cyclist -1 -1 -5.4196 276.5797 160.3262 405.4622 298.4801 1.6185 0.5815 1.6810 -3.4089 1.3826 8.9493 -5.7699 0.0676
Pedestrian -1 -1 -3.9118 632.2545 151.4415 656.0908 196.9595 1.6242 0.5810 0.6396 1.3900 0.5876 25.6580 -3.8563 0.0675
Pedestrian -1 -1 -3.7567 452.6731 146.1883 485.4375 212.7466 1.6578 0.5620 0.6078 -3.5064 0.8035 18.0245 -3.9434 0.0674
Pedestrian -1 -1 -4.4497 625.8961 149.0342 647.3781 195.7917 1.6558 0.6245 0.6529 1.1101 0.5418 25.4436 -4.4046 0.0671
Cyclist -1 -1 -4.5260 62.9026 149.7707 86.1627 184.5956 1.7205 0.6268 1.7228 -26.8949 0.2025 35.8435 -5.1633 0.0668
Pedestrian -1 -1 -7.7065 537.5386 153.8703 556.4521 197.2285 1.5461 0.6224 0.4260 -2.1166 0.5968 25.4453 -7.7864 0.0658
Cyclist -1 -1 -4.5234 571.6581 143.2686 586.2173 173.6242 1.7338 0.5500 1.6783 -1.5378 -0.4134 41.6509 -4.5579 0.0654
Pedestrian -1 -1 -6.2144 665.2675 148.3916 683.1359 196.3660 1.6552 0.5890 0.5838 2.3912 0.5477 24.7328 -6.1172 0.0652
Pedestrian -1 -1 -3.7289 677.5702 147.1645 705.8578 197.6605 1.7572 0.5839 0.8058 3.0380 0.5974 25.0464 -3.6077 0.0648
Pedestrian -1 -1 -3.3788 335.7450 183.0400 393.2668 296.2573 1.3362 0.4479 0.5837 -3.0157 1.3692 8.7048 -3.6992 0.0646
Pedestrian -1 -1 -8.2663 637.1176 152.0720 660.7457 196.5804 1.6509 0.6925 0.6331 1.6223 0.5967 26.6419 -8.2042 0.0646
Pedestrian -1 -1 -3.1930 408.7237 143.9527 414.6237 173.5932 1.8533 0.5348 0.3339 -12.2183 -0.4392 44.6583 -3.4561 0.0641
Cyclist -1 -1 -5.7461 442.9871 157.3217 487.8387 200.3659 1.6836 0.6260 1.6734 -5.6015 0.7773 28.2330 -5.9378 0.0632
Cyclist -1 -1 -7.6950 500.4446 155.3134 518.1038 195.0146 1.6410 0.5050 1.5252 -4.0771 0.6001 29.9934 -7.8266 0.0631
Cyclist -1 -1 -6.4064 587.4668 142.0445 640.1545 193.6967 1.8047 0.5977 1.8102 0.2733 0.4614 25.1011 -6.3935 0.0628
Cyclist -1 -1 -8.0115 581.6875 148.8055 601.0102 189.0150 1.6253 0.5523 1.6485 -0.6053 0.3444 29.4388 -8.0297 0.0627
Pedestrian -1 -1 -2.5843 447.6136 148.7845 482.9611 218.2147 1.6334 0.5657 0.6303 -3.4001 0.8876 17.0103 -2.7758 0.0624
Cyclist -1 -1 -7.3087 319.1530 146.5905 369.2679 211.3326 1.6478 0.4732 1.6234 -6.9621 0.7851 18.8384 -7.6550 0.0617
Pedestrian -1 -1 -8.0805 597.4896 145.8391 620.0256 196.2282 1.7453 0.6686 0.6268 0.0960 0.5450 24.8688 -8.0746 0.0614
Pedestrian -1 -1 -5.3403 289.2271 150.3669 341.2319 256.0799 1.6756 0.5313 0.6144 -4.7997 1.1984 11.5959 -5.7211 0.0611
Pedestrian -1 -1 -5.9037 661.2696 148.8857 683.0122 196.4151 1.6558 0.5716 0.5972 2.3457 0.5547 25.0222 -5.8094 0.0604
Cyclist -1 -1 -4.5510 370.4125 142.0831 398.0247 197.8369 1.7382 0.5850 1.6834 -7.1739 0.5408 22.9169 -4.8482 0.0596
Cyclist -1 -1 -4.6070 539.3687 145.5802 550.6951 175.5476 1.6920 0.4899 1.5662 -3.4801 -0.2924 40.9703 -4.6889 0.0582
Pedestrian -1 -1 -3.8769 348.3386 186.1632 410.2623 295.5124 1.2694 0.4291 0.5795 -2.7939 1.3416 8.6039 -4.1782 0.0573
Cyclist -1 -1 -4.5697 454.6062 139.0084 487.9741 212.0615 1.7770 0.5876 1.7772 -3.4425 0.7680 18.0983 -4.7523 0.0572
Pedestrian -1 -1 -5.5849 573.7430 154.5427 593.5602 194.9844 1.5594 0.6712 0.4485 -0.8624 0.5588 27.6661 -5.6136 0.0568
Cyclist -1 -1 -8.0955 639.5975 145.9475 665.3019 194.4545 1.7190 0.5260 1.7934 1.6977 0.4948 25.9850 -8.0289 0.0561
Cyclist -1 -1 -6.1733 568.3829 144.6045 623.2208 196.3183 1.7835 0.6135 1.8659 -0.3466 0.5458 24.7818 -6.1850 0.0560
Cyclist -1 -1 -8.0248 529.3266 148.4853 547.9573 190.2829 1.6553 0.4882 1.6287 -2.7445 0.3877 28.8514 -8.1165 0.0558
Cyclist -1 -1 -7.5788 50.8815 137.4087 80.9609 177.4118 1.7236 0.5995 1.7713 -24.0528 -0.1417 31.5423 -8.2232 0.0556
Pedestrian -1 -1 -5.9471 453.1010 157.3487 474.4753 202.2682 1.4705 0.6336 0.5156 -4.7226 0.7129 23.4957 -6.1408 0.0556
Pedestrian -1 -1 -3.2969 607.5406 148.9705 628.2808 195.5746 1.6925 0.5758 0.6815 0.4405 0.5477 26.0086 -3.2781 0.0547
Pedestrian -1 -1 -2.9086 549.4089 148.0451 563.3419 187.6760 1.7959 0.5827 0.5155 -2.2464 0.3254 32.3701 -2.9751 0.0546
Cyclist -1 -1 -3.1020 383.7379 145.8172 439.3646 198.8839 1.7142 0.6003 1.7461 -6.3969 0.5941 23.3245 -3.3640 0.0544
Cyclist -1 -1 -2.8495 360.6559 143.6367 419.8922 198.7496 1.7297 0.6376 1.6929 -6.8589 0.5731 22.5119 -3.1391 0.0542
Cyclist -1 -1 -7.5607 51.3330 151.7184 78.8723 186.5534 1.7071 0.5843 1.8509 -27.1971 0.2968 35.6179 -8.2065 0.0540
Pedestrian -1 -1 -2.5832 424.0108 147.7479 451.4015 198.3696 1.6737 0.5896 0.6880 -5.6542 0.5911 23.7675 -2.8116 0.0540
Pedestrian -1 -1 -3.4913 450.6545 152.6728 466.4968 196.9881 1.7695 0.5674 0.4618 -5.9507 0.6586 28.5949 -3.6923 0.0539
Pedestrian -1 -1 -5.8382 401.9109 146.8794 434.6828 201.5495 1.7078 0.6108 0.8238 -5.9624 0.6578 22.4646 -6.0920 0.0536
Cyclist -1 -1 -5.8273 396.2596 145.1168 454.3312 198.9239 1.6942 0.5771 1.7333 -5.8071 0.5804 22.7258 -6.0719 0.0528
Cyclist -1 -1 -6.4396 559.7444 143.9484 590.7394 175.1285 1.8110 0.6148 1.7525 -1.7685 -0.3203 41.7017 -6.4795 0.0527
Pedestrian -1 -1 -7.8906 161.1205 147.4725 181.2980 189.9719 1.6930 0.6782 0.5778 -17.5710 0.3775 28.5933 -8.4345 0.0524
Cyclist -1 -1 -5.7779 264.3083 150.8047 344.0894 216.3675 1.6211 0.7489 1.7179 -7.6621 0.8872 17.9497 -6.1728 0.0523
Pedestrian -1 -1 -3.6358 581.0424 144.8888 606.1857 195.6337 1.7671 0.6291 0.6731 -0.4377 0.5272 25.0598 -3.6509 0.0522
Cyclist -1 -1 -7.6462 27.0821 141.6370 48.2132 179.0688 1.7270 0.4388 1.6661 -26.9130 -0.0694 33.5290 -8.3158 0.0521
Cyclist -1 -1 -6.1840 318.9437 150.2838 401.0368 224.9653 1.6061 0.6319 1.6659 -5.4563 0.9566 15.7009 -6.5100 0.0520
Pedestrian -1 -1 -5.7163 291.4010 155.8848 328.3387 218.9777 1.5773 0.6282 0.6304 -7.5652 0.9623 18.0409 -6.1050 0.0520
Cyclist -1 -1 -5.6312 255.8504 156.5218 371.2538 257.2118 1.6129 0.5971 1.8010 -4.9312 1.2292 11.8530 -6.0140 0.0518
Pedestrian -1 -1 -4.2528 581.7814 151.4136 604.8073 197.6665 1.6352 0.6393 0.5725 -0.4502 0.6072 25.3929 -4.2682 0.0513
Pedestrian -1 -1 -7.3224 265.7530 138.7804 302.0299 214.0440 1.8034 0.6097 0.5517 -7.8705 0.8041 17.2505 -7.7413 0.0508
Cyclist -1 -1 -6.7335 545.7656 141.6399 577.4427 174.9149 1.8783 0.6559 1.7120 -2.5161 -0.3282 40.8524 -6.7924 0.0505
Cyclist -1 -1 -3.8220 0.0000 152.2737 59.5982 207.4371 1.7347 0.5658 1.6577 -18.8864 0.8473 23.1040 -4.4986 0.0504
Cyclist -1 -1 -4.2419 396.2966 143.5173 435.2147 197.5995 1.7357 0.5598 1.6533 -6.3193 0.5491 23.5594 -4.4984 0.0503
Cyclist -1 -1 -7.8688 235.1684 151.6757 258.3716 218.9903 1.5793 0.4892 1.5422 -8.8564 0.9034 17.3862 -8.3304 0.0503
Cyclist -1 -1 -7.7564 495.2195 154.0663 510.2374 194.6111 1.6700 0.4757 1.5714 -4.3450 0.5815 29.9184 -7.8971 0.0502
Car -1 -1 -4.5807 23.5242 139.8228 83.6361 177.8167 1.6209 1.6308 4.1633 -25.4207 -0.1323 32.6873 -5.2347 0.5356
Car -1 -1 -7.5873 149.5444 149.1115 269.0387 215.2259 1.4315 1.5570 3.8332 -9.5807 0.7522 17.3519 -8.0818 0.1364
Car -1 -1 -8.2750 580.7314 151.1309 653.2524 190.5031 1.4429 1.5639 3.4699 0.3772 0.3668 27.8146 -8.2595 0.1280
Car -1 -1 -3.0099 129.1365 147.2119 252.2672 186.2714 1.5451 1.5850 4.2566 -17.1837 0.2285 29.5099 -3.5303 0.1163
Car -1 -1 -4.5179 107.9098 153.6195 191.3768 201.1085 1.4599 1.6026 3.9442 -15.2776 0.6338 23.8648 -5.0792 0.0916
Car -1 -1 -5.6316 291.6655 154.3575 452.7979 215.5362 1.4179 1.4689 3.7057 -5.8590 0.8124 17.6965 -5.9438 0.0907
Car -1 -1 -4.3657 72.4334 142.2506 147.4800 176.7173 1.4886 1.6275 3.8970 -23.0774 -0.1880 33.0879 -4.9680 0.0864
Car -1 -1 -4.6734 402.1495 141.4556 431.4529 168.4404 1.5932 1.6653 4.0451 -12.1583 -0.8183 45.8261 -4.9288 0.0824
Car -1 -1 -7.7019 67.4585 154.0677 135.8108 192.1610 1.3473 1.5619 3.6620 -19.1514 0.4127 26.9942 -8.3113 0.0814
Car -1 -1 -7.8969 509.6778 154.5624 549.3534 189.1824 1.4486 1.5983 3.8537 -3.4484 0.3635 31.6092 -8.0024 0.0685
Car -1 -1 -7.7766 58.8696 150.3580 104.1610 180.3208 1.4739 1.5856 3.8062 -27.2281 -0.0097 36.8412 -8.4069 0.0681
Car -1 -1 -4.3456 96.8644 144.5099 165.4299 175.4931 1.4989 1.6119 4.0736 -24.7534 -0.2777 37.0670 -4.9282 0.0645
Car -1 -1 -2.0854 0.0000 145.5105 66.0103 193.4134 1.5249 1.6580 4.1956 -20.6313 0.4113 24.0141 -2.7865 0.0635
Car -1 -1 -8.2597 619.3518 145.7882 695.4127 188.5750 1.5936 1.6207 3.9323 1.9950 0.3010 28.4579 -8.1884 0.0585
Car -1 -1 -2.5090 177.5918 157.6086 305.7973 198.8574 1.4717 1.6066 4.1046 -13.5322 0.6552 26.3566 -2.9763 0.0578
Car -1 -1 -4.1498 142.2380 159.2434 265.6288 209.1550 1.4612 1.6214 3.8306 -12.7255 0.8392 22.6586 -4.6535 0.0521
Car -1 -1 -2.9231 0.0000 134.5368 185.6498 246.6798 1.5813 1.6106 3.7519 -9.1272 0.9336 11.4936 -3.5785 0.0520
