Car -1 -1 -7.7652 655.3401 178.7711 677.1581 196.6264 1.4644 1.5640 3.7137 4.8692 1.9923 62.4382 -7.6882 0.3327
Car -1 -1 -3.8165 1043.3688 148.3280 1240.0817 207.9346 1.5519 1.6249 4.2601 14.3771 0.9130 19.7071 -3.1934 0.3141
Cyclist -1 -1 -7.3560 0.0000 169.3986 46.8995 238.5317 1.7972 0.4853 1.7994 -16.2115 1.7071 19.6861 -8.0384 0.3070
Car -1 -1 -6.2937 296.9342 179.9394 369.2895 204.9544 1.5094 1.6454 4.2316 -17.6376 1.9755 45.9523 -6.6585 0.2447
Pedestrian -1 -1 -3.8783 951.4595 160.1750 1012.6229 279.9874 1.8188 0.5568 0.6456 5.7682 1.6260 11.3089 -3.4180 0.2020
Pedestrian -1 -1 -3.8789 124.8051 162.3431 170.0550 247.5986 1.9768 0.6279 0.6518 -11.0247 1.7328 17.1275 -4.4441 0.1526
Car -1 -1 -6.5638 820.4840 171.9579 912.5667 204.2662 1.5702 1.6483 4.0265 12.6997 1.5263 36.0016 -6.2277 0.1420
Cyclist -1 -1 -8.1573 1010.4445 170.8204 1050.4958 231.9921 1.6039 0.4346 1.7397 11.4722 1.5503 19.8152 -7.6395 0.1416
Car -1 -1 -2.6084 193.1410 160.9499 288.3777 191.4597 1.6424 1.7215 4.4231 -20.3785 1.0013 39.8409 -3.0787 0.1315
Pedestrian -1 -1 -5.9206 692.3933 172.6711 707.0530 198.1320 1.8891 0.5156 0.9689 6.6845 1.8753 53.9904 -5.7985 0.1305
Pedestrian -1 -1 -3.5493 907.2122 162.2659 956.1736 246.8525 1.8830 0.6164 0.8360 7.2361 1.6470 16.3707 -3.1405 0.1296
Car -1 -1 -2.6505 178.7660 154.5615 273.0520 186.8068 1.6365 1.6452 4.0218 -19.9227 0.7078 37.4519 -3.1365 0.1050
Pedestrian -1 -1 -6.3076 758.4174 162.3274 802.7744 260.0115 1.8687 0.4730 0.8284 3.2744 1.6670 14.1165 -6.0853 0.0902
Car -1 -1 -8.0100 835.4145 163.5631 863.1786 184.0246 1.7647 1.7112 4.1888 21.3035 0.9631 64.4320 -7.6922 0.0893
Car -1 -1 -6.2815 778.2062 171.0272 846.3215 194.9163 1.5325 1.6286 4.2586 13.2934 1.4150 47.6419 -6.0113 0.0892
Pedestrian -1 -1 -7.4824 66.7614 167.5647 89.5180 215.2786 1.8337 0.6104 0.3905 -20.6779 1.6301 27.9968 -8.1142 0.0863
Pedestrian -1 -1 -4.2303 1067.2135 139.0588 1085.9597 169.8663 1.7474 0.6132 0.7830 26.7820 -0.1739 41.4746 -3.6600 0.0725
Pedestrian -1 -1 -4.8486 757.7686 171.4112 779.2368 225.2143 1.9116 0.6314 0.9498 5.6872 1.8600 26.1332 -4.6374 0.0685
Car -1 -1 -7.5547 434.9974 176.0369 478.0162 206.1740 1.9312 1.7004 4.1404 -10.3602 2.1557 48.8271 -7.7631 0.0657
Car -1 -1 -5.0974 998.8240 133.8923 1054.3990 161.6865 1.6706 1.6930 4.1816 27.1997 -0.7664 47.3111 -4.5781 0.0614
Pedestrian -1 -1 -7.8288 346.9854 169.8773 364.4333 217.4227 2.0158 0.6884 0.8028 -10.9907 1.8893 31.0797 -8.1664 0.0581
Car -1 -1 -4.5984 1012.8633 155.1331 1089.2708 209.3454 1.5607 1.6454 3.9765 13.9761 1.0503 22.8493 -4.0554 0.0541
Car -1 -1 -5.3814 1071.7400 133.1161 1153.1108 163.6026 1.5788 1.6613 3.9378 28.1345 -0.5469 40.6125 -4.7786 0.0521
Cyclist -1 -1 -3.0788 365.7487 179.4366 421.1017 235.5129 1.8306 0.6509 1.7397 -7.2879 2.0556 24.1880 -3.3690 0.3577
Pedestrian -1 -1 -4.7063 467.1033 182.5683 481.8384 220.5451 1.7087 0.6575 0.7941 -6.2646 2.1606 33.1431 -4.8922 0.3496
Cyclist -1 -1 -7.3221 448.2391 180.1668 480.5992 223.5570 1.8584 0.5696 1.8226 -6.5181 2.1940 32.1801 -7.5209 0.3234
Pedestrian -1 -1 -6.8969 436.1872 184.9136 466.7280 228.4541 1.6517 0.7389 0.9097 -6.2571 2.1338 28.2803 -7.1133 0.3027
Cyclist -1 -1 -7.5566 1220.2784 137.5111 1241.0000 186.9544 1.7399 0.5901 1.6929 22.7245 0.4959 26.0912 -6.8455 0.1715
Cyclist -1 -1 -7.2096 1222.7744 133.5984 1241.0000 185.1159 1.8052 0.6790 1.7321 22.9069 0.4294 25.7918 -6.4889 0.1523
Pedestrian -1 -1 -4.3207 428.4311 190.9889 445.9695 224.3079 1.4214 0.5552 0.6067 -7.5830 2.2213 31.4972 -4.5556 0.1464
Pedestrian -1 -1 -6.2619 1222.9557 140.1456 1241.0000 190.0229 1.7677 0.6288 0.5288 22.3828 0.6082 25.9831 -5.5563 0.1035
Pedestrian -1 -1 -6.3231 518.9039 183.7448 530.1418 206.8458 1.6757 0.5667 0.7973 -6.3106 2.4806 53.0041 -6.4416 0.0854
Pedestrian -1 -1 -3.9851 0.0000 214.9010 48.3530 330.5265 1.3729 0.4895 0.4442 -7.4580 1.9089 8.9707 -4.6643 0.0749
Cyclist -1 -1 -4.7553 427.8035 185.5183 440.4345 224.0120 1.6237 0.4737 1.5410 -7.7932 2.1952 31.7712 -4.9945 0.0649
Pedestrian -1 -1 -6.9934 456.6137 179.6640 478.6841 221.6381 1.8325 0.6052 0.7518 -6.3817 2.1401 32.1400 -7.1884 0.0618
Cyclist -1 -1 -7.5527 0.0000 199.9769 58.6739 344.0259 1.5868 0.4257 1.5265 -7.4785 1.9557 9.0334 -8.2300 0.0590
Cyclist -1 -1 -7.6326 520.7063 184.1655 530.3161 206.7249 1.6247 0.3930 1.4821 -6.2872 2.4747 53.4820 -7.7495 0.0578
Cyclist -1 -1 -3.1644 398.6850 185.4587 442.1281 229.2426 1.7268 0.6240 1.6892 -7.7426 2.2475 29.2959 -3.4211 0.0547
Car -1 -1 -2.5713 0.0000 202.4873 240.1788 302.3450 1.3972 1.5960 4.1110 -8.4396 1.9076 11.5321 -3.1924 0.9299
Car -1 -1 -2.6199 46.4425 184.4979 297.6203 274.8506 1.6238 1.6497 3.8767 -8.4232 1.8636 14.0312 -3.1526 0.9179
Car -1 -1 -3.3436 249.3336 184.0439 406.4476 245.4448 1.6056 1.6576 4.0781 -8.3422 1.9639 21.3236 -3.7127 0.8596
Car -1 -1 -4.5682 479.5864 185.3129 513.0292 211.5410 1.4861 1.5796 3.1301 -6.9246 2.2720 43.9537 -4.7240 0.7677
Car -1 -1 -2.6092 160.5387 185.7688 362.5008 259.7211 1.6078 1.6867 4.0038 -8.2001 1.9311 17.0626 -3.0516 0.7250
Car -1 -1 -3.3235 341.7817 189.0973 439.3583 228.1604 1.4301 1.5849 3.5502 -8.9157 2.1212 29.1954 -3.6178 0.5683
Car -1 -1 -2.2022 0.0000 201.8775 48.1146 350.3573 1.4863 1.5771 3.8047 -9.2094 1.8771 8.6774 -3.0019 0.4339
Car -1 -1 -3.1609 323.9211 187.2717 420.5536 236.6211 1.5147 1.6263 2.9740 -7.9850 2.0220 24.1402 -3.4776 0.3260
Car -1 -1 -8.2527 410.4143 184.6519 480.3486 222.0594 1.5625 1.6830 4.1945 -7.7922 2.1493 33.7149 -8.4786 0.2337
Car -1 -1 -7.8527 1224.1090 137.8548 1241.0000 183.5137 1.5653 1.7050 3.8220 23.8744 0.3651 26.7318 -7.1290 0.1409
Car -1 -1 -4.8231 519.8042 183.7503 549.8798 207.8118 1.5262 1.6060 4.2717 -5.2870 2.3162 50.0707 -4.9282 0.0922
Car -1 -1 -7.9129 381.5701 187.7165 425.6788 225.4093 1.4859 1.6597 4.0883 -9.3558 2.1981 32.3853 -8.1925 0.0899
Car -1 -1 -4.8093 502.1996 182.7212 527.8781 204.4336 1.5260 1.5766 3.5532 -7.2102 2.2951 54.3547 -4.9410 0.0689
Car -1 -1 -4.8591 487.2740 183.2074 521.6458 208.2067 1.5362 1.6732 4.2757 -7.1731 2.2650 48.5234 -5.0055 0.0661
Car -1 -1 -4.5612 541.8154 180.6907 575.8421 205.5616 1.5510 1.6611 4.2816 -3.4293 2.1022 48.5834 -4.6318 0.0642
Car -1 -1 -3.8804 232.3921 187.4018 364.0647 238.0354 1.4612 1.6009 4.0195 -10.3783 1.9929 24.2241 -4.2816 0.0524
