Pedestrian -1 -1 -8.4174 420.1356 158.5760 504.9121 286.6079 1.7703 0.7975 1.0338 -2.1581 1.4676 10.4260 -8.6138 0.8028
Pedestrian -1 -1 -3.5056 1204.5906 165.1995 1223.0000 209.2490 1.8383 0.6933 0.5307 25.8359 1.2000 29.9237 -2.7971 0.2705
Pedestrian -1 -1 -6.4284 499.5805 168.4622 510.2334 192.1771 1.7326 0.8291 0.6661 -7.3816 0.8531 52.1484 -6.5664 0.1979
Pedestrian -1 -1 -5.1145 0.0000 163.8176 27.8211 231.9065 1.6677 0.5478 0.5296 -14.9365 1.2594 17.6826 -5.8052 0.1698
Cyclist -1 -1 -8.1921 873.0295 174.0014 904.9045 229.4012 1.6652 0.3986 1.6204 8.8091 1.4701 22.0694 -7.8157 0.1529
Car -1 -1 -4.2943 588.0054 170.5139 628.8561 192.9681 1.7193 1.6668 4.2670 0.3286 0.9546 56.4240 -4.2868 0.1409
Pedestrian -1 -1 -4.3820 610.2944 165.9551 623.0735 193.4573 1.8152 0.6424 0.7517 0.7775 0.8552 47.1284 -4.3639 0.1375
Pedestrian -1 -1 -4.0653 172.1382 206.6637 205.5121 279.1932 1.0516 0.3072 0.3044 -6.2546 1.4485 10.5447 -4.5857 0.1280
Pedestrian -1 -1 -8.3795 913.7236 170.8055 938.3935 223.9313 1.9086 0.5452 0.6878 11.6658 1.5606 25.7717 -7.9575 0.1049
Pedestrian -1 -1 -5.6468 736.2012 196.4192 831.6033 369.0000 1.4618 0.4208 0.4778 1.1629 1.5784 4.8386 -5.4235 0.0999
Car -1 -1 -7.0563 322.4873 166.7807 366.5101 183.7054 1.5985 1.5890 4.0735 -25.3362 0.3026 68.9605 -7.4050 0.0978
Pedestrian -1 -1 -8.1852 802.0579 160.6703 818.3433 200.1998 2.0016 0.6780 0.4786 10.4445 0.9977 36.0585 -7.9039 0.0951
Pedestrian -1 -1 -3.4624 396.5041 167.0664 407.1786 189.5633 1.7349 0.5383 0.6621 -15.7783 0.6989 54.9352 -3.7388 0.0864
Pedestrian -1 -1 -5.6612 400.6208 164.9298 413.1864 187.8517 1.7966 0.4811 0.8305 -15.6219 0.5762 55.7882 -5.9309 0.0835
Car -1 -1 -5.3354 1027.0686 170.2627 1118.1637 204.0225 1.5218 1.6278 3.9447 22.2610 1.0605 33.8790 -4.7568 0.0791
Pedestrian -1 -1 -5.1293 875.7349 159.0335 894.4892 201.5268 2.0020 0.7186 0.4181 13.2623 0.9908 33.5360 -4.7542 0.0762
Pedestrian -1 -1 -7.0441 26.1797 149.6901 55.4000 207.6618 1.8428 0.6002 0.4447 -18.1767 0.8637 22.7390 -7.7096 0.0742
Cyclist -1 -1 -7.4412 107.1564 154.7372 141.4887 201.6757 1.7130 0.3961 1.7463 -18.1580 0.7730 26.6971 -8.0309 0.0724
Pedestrian -1 -1 -3.0905 651.2087 165.6523 662.4131 191.7813 1.8542 0.5428 0.7712 3.7025 0.8006 50.4908 -3.0161 0.0720
Pedestrian -1 -1 -8.3397 1082.2159 170.2834 1120.3580 230.1020 1.9210 0.7685 0.7246 16.1767 1.5932 23.1116 -7.7340 0.0710
Pedestrian -1 -1 -5.6190 309.9592 165.0256 325.8070 191.3658 1.8751 0.5931 0.8748 -20.6016 0.7735 50.7406 -6.0006 0.0681
Pedestrian -1 -1 -6.2163 888.4123 163.9669 899.3531 201.4003 1.8986 0.6109 0.4808 14.7906 1.0602 36.2404 -5.8302 0.0654
Pedestrian -1 -1 -3.2023 9.3726 205.5378 67.9526 323.9706 1.2136 0.3452 0.4807 -6.1854 1.4953 7.6553 -3.8599 0.0647
Car -1 -1 -8.0738 592.1432 173.1767 632.8743 200.3650 1.5281 1.6113 3.8058 0.3843 1.1166 41.7686 -8.0630 0.0618
Pedestrian -1 -1 -5.9789 488.8954 169.6620 497.1909 189.4550 1.7080 0.6169 0.5510 -9.6992 0.7727 61.3583 -6.1331 0.0555
Cyclist -1 -1 -4.4379 725.8342 167.3444 744.5663 201.3842 1.7504 0.5673 1.5661 6.8390 1.0741 37.1867 -4.2559 0.0548
Car -1 -1 -8.1108 430.5634 165.5803 462.6812 186.1367 1.6733 1.6596 4.1338 -13.4093 0.4588 59.7734 -8.3286 0.0547
Pedestrian -1 -1 -5.3761 467.9671 169.4175 477.5872 190.5817 1.7884 0.5508 0.6023 -11.2357 0.8519 60.1541 -5.5580 0.0534
Pedestrian -1 -1 -3.3977 893.7007 160.9463 907.3856 195.0143 1.8517 0.7552 0.5172 16.2169 0.7890 38.8404 -3.0034 0.0525
Pedestrian -1 -1 -4.9980 0.0000 145.8532 23.5215 222.5256 1.8114 0.6457 0.5428 -14.6266 0.9932 17.1237 -5.6937 0.0501
Car -1 -1 -2.3394 0.0000 160.5794 7.2108 279.1125 1.5823 1.6270 4.2035 -11.5719 1.3167 10.3018 -3.1656 0.0501
Pedestrian -1 -1 -4.5858 269.6026 153.4080 294.0130 206.8446 1.8683 0.6978 0.7581 -11.5361 0.9214 25.1852 -5.0086 0.6654
Pedestrian -1 -1 -4.4250 240.3354 160.0812 284.7411 233.9685 1.7621 0.7248 1.0038 -8.4591 1.2754 17.4137 -4.8681 0.6077
Pedestrian -1 -1 -5.7055 157.2879 151.9903 202.1711 215.0642 1.8473 0.6482 0.9451 -12.6903 1.0126 21.0526 -6.2393 0.5206
Pedestrian -1 -1 -4.4433 214.4760 154.5690 239.8986 203.5772 1.7548 0.6329 0.7678 -13.7877 0.8265 25.7591 -4.9276 0.4740
Pedestrian -1 -1 -7.6245 196.6069 152.3404 226.9866 215.4777 1.8566 0.5940 0.9582 -11.8887 1.0288 21.3324 -8.1247 0.4423
Pedestrian -1 -1 -3.9541 118.6122 151.0041 173.6090 236.8239 1.8587 0.6158 0.8463 -10.2771 1.2202 15.7880 -4.5199 0.3532
Pedestrian -1 -1 -7.6257 144.5892 149.5579 173.8020 209.5206 1.8412 0.5967 0.8425 -14.0260 0.8914 22.2046 -8.1806 0.3275
Pedestrian -1 -1 -6.2133 432.6287 169.8734 449.7207 205.9655 1.6377 0.6434 0.7201 -7.5383 1.1557 32.4566 -6.4376 0.3236
Pedestrian -1 -1 -8.1297 440.6028 166.8220 460.0144 206.7632 1.8505 0.7748 0.5330 -7.2807 1.2170 33.1759 -8.3420 0.2989
Pedestrian -1 -1 -4.4037 233.9267 150.9744 259.3586 201.1542 1.8021 0.6448 0.6943 -13.0930 0.7420 25.7851 -4.8665 0.2719
Pedestrian -1 -1 -3.9187 246.5313 151.1973 275.3734 201.9174 1.8100 0.5639 0.7667 -12.5255 0.7645 25.6878 -4.3654 0.2538
Pedestrian -1 -1 -5.5678 181.0645 160.7295 202.5559 213.8554 1.6633 0.5246 0.3228 -13.1372 1.0446 22.4254 -6.0895 0.2047
Pedestrian -1 -1 -8.0548 376.1323 165.3231 400.1276 216.5271 1.6802 0.6294 0.7726 -7.3036 1.1824 23.6901 -8.3482 0.1750
Cyclist -1 -1 -4.4881 621.8723 167.9801 642.7542 213.8801 1.7243 0.5033 1.4221 1.0350 1.2542 27.3128 -4.4490 0.1693
Pedestrian -1 -1 -6.1689 224.8022 162.5266 235.9811 203.3482 1.7782 0.5241 0.3754 -16.5047 0.9954 31.1105 -6.6505 0.1643
Cyclist -1 -1 -2.0779 105.7145 150.5060 173.5140 235.1244 1.8181 0.4878 1.7540 -10.4663 1.1740 15.8197 -2.6511 0.1564
Pedestrian -1 -1 -7.6574 285.9396 172.1575 303.4194 206.1896 1.7929 0.7483 0.5973 -16.5227 1.3535 37.6204 -8.0664 0.1502
Pedestrian -1 -1 -5.9716 6.9850 160.3631 24.9953 214.8149 1.6534 0.4944 0.2853 -18.1535 1.0423 21.7520 -6.6579 0.1353
Cyclist -1 -1 -6.7898 829.1908 158.1703 865.6851 191.0397 1.8028 0.6725 1.8196 13.4477 0.5782 39.2717 -6.4606 0.1254
Cyclist -1 -1 -5.2491 603.6429 169.8730 633.7036 214.7816 1.6884 0.4970 1.4342 0.4887 1.2891 27.3291 -5.2297 0.1252
Cyclist -1 -1 -7.0362 149.4034 152.3447 212.0812 215.6490 1.8109 0.4664 1.7570 -12.6843 1.0058 21.1345 -7.5681 0.1241
Cyclist -1 -1 -5.7925 222.5203 169.4919 267.3309 204.9647 1.7054 0.7532 1.8018 -17.5232 1.1764 34.3917 -6.2582 0.1239
Cyclist -1 -1 -5.8526 130.3954 154.0251 201.4661 210.8685 1.7509 0.6022 1.8108 -13.7911 0.9357 22.1832 -6.4003 0.1176
Pedestrian -1 -1 -4.3795 1032.9304 163.7506 1053.5564 200.9003 1.8983 0.7204 0.6990 22.6861 1.0426 36.6301 -3.8272 0.1152
Cyclist -1 -1 -7.4264 186.3943 167.9736 213.5245 205.8475 1.6031 0.3728 1.6363 -17.6290 1.0731 30.7583 -7.9405 0.1106
Cyclist -1 -1 -3.3005 612.0396 167.9582 649.9493 213.4436 1.7337 0.5345 1.3953 0.9696 1.2559 27.3000 -3.2637 0.1100
Pedestrian -1 -1 -7.2682 230.0680 171.6923 249.8559 206.1495 1.6755 0.7428 0.4398 -17.9019 1.2474 34.6411 -7.7397 0.1095
Cyclist -1 -1 -4.8309 616.7846 169.8772 634.5356 214.5449 1.6865 0.5114 1.5207 0.7646 1.2856 27.4753 -4.8017 0.1083
Pedestrian -1 -1 -6.2697 469.7838 169.6149 484.1685 197.9200 1.7397 0.5407 0.8688 -7.9340 1.0707 43.7934 -6.4459 0.1079
Pedestrian -1 -1 -5.8234 169.8933 160.4600 195.7731 213.7404 1.6536 0.5400 0.5109 -13.3043 1.0319 22.2310 -6.3544 0.1066
Pedestrian -1 -1 -2.4420 225.7247 153.9903 248.6203 201.3076 1.7789 0.5477 0.5496 -14.0256 0.7825 26.9097 -2.9156 0.0973
Pedestrian -1 -1 -3.2432 110.5061 156.5959 152.7440 237.6005 1.7610 0.5802 0.7353 -10.6411 1.2417 15.8282 -3.8239 0.0966
Pedestrian -1 -1 -8.3893 830.8760 158.8955 847.2710 191.2551 1.7812 0.6404 0.6140 12.9897 0.5921 39.2864 -8.0706 0.0929
Cyclist -1 -1 -5.8013 3.9579 158.6199 82.6422 216.8267 1.6570 0.6319 1.6978 -16.3707 1.0345 20.5916 -6.4636 0.0912
Cyclist -1 -1 -5.8284 213.3062 150.5161 270.1517 199.5791 1.7813 0.6005 1.7772 -13.3679 0.6929 25.9826 -6.2965 0.0895
Pedestrian -1 -1 -5.4549 223.6034 165.0800 239.9328 204.7531 1.7181 0.5293 0.3574 -16.3493 1.0505 30.9297 -5.9351 0.0874
Cyclist -1 -1 -5.6663 175.0193 152.1831 245.5207 211.4379 1.7623 0.6658 1.8241 -12.0084 0.9204 21.4639 -6.1680 0.0842
Pedestrian -1 -1 -6.4446 224.2310 154.9519 247.0811 203.6948 1.7727 0.6647 0.6547 -13.7054 0.8438 26.1758 -6.9199 0.0827
Pedestrian -1 -1 -7.1121 620.3381 167.9481 640.3050 205.5470 1.7357 0.7097 0.6084 1.1635 1.1565 33.1063 -7.0756 0.0792
Cyclist -1 -1 -4.4025 229.5883 170.7513 252.3617 206.1539 1.6980 0.5557 1.5068 -17.8722 1.2306 34.7000 -4.8726 0.0789
Cyclist -1 -1 -4.4469 256.2935 149.3550 289.8696 204.8202 1.8822 0.6165 1.7859 -11.7113 0.8256 24.9256 -4.8792 0.0770
Pedestrian -1 -1 -4.6331 417.3730 175.5540 430.2117 210.7335 1.2694 0.4211 0.4085 -6.6286 1.0912 25.7503 -4.8802 0.0714
Pedestrian -1 -1 -3.0130 1021.6583 161.6576 1034.6659 200.6115 2.0044 0.6093 0.5082 21.9954 1.0350 36.7786 -2.4762 0.0705
Pedestrian -1 -1 -6.4996 14.0381 159.3454 29.7695 214.0658 1.6651 0.4815 0.2802 -17.9938 1.0217 21.7742 -7.1811 0.0693
Cyclist -1 -1 -7.4132 231.2629 170.7327 260.4015 205.5383 1.6566 0.6089 1.6685 -17.5252 1.1919 34.4947 -7.8778 0.0686
Pedestrian -1 -1 -8.8034 843.3037 160.3433 858.5009 192.1216 1.7453 0.6325 0.5268 13.6293 0.6384 39.2292 -8.4698 0.0643
Cyclist -1 -1 -4.0917 217.9110 152.1001 261.3595 201.4356 1.7482 0.5189 1.6989 -13.4072 0.7421 25.9330 -4.5618 0.0625
Pedestrian -1 -1 -5.5891 222.4057 163.8061 245.4676 205.7597 1.5579 0.6309 0.4743 -13.9937 0.9382 26.6150 -6.0663 0.0618
Cyclist -1 -1 -6.3695 346.0212 160.9121 403.7033 215.7562 1.7456 0.6996 1.7457 -7.5735 1.1224 23.1635 -6.6795 0.0609
Pedestrian -1 -1 -5.2104 187.1487 169.5839 205.8208 207.6111 1.6222 0.5530 0.4459 -17.6544 1.1568 30.5152 -5.7286 0.0598
Pedestrian -1 -1 -4.0754 232.3828 153.7520 256.4157 200.5260 1.7536 0.5454 0.6297 -13.7263 0.7510 26.8643 -4.5410 0.0595
Pedestrian -1 -1 -3.1117 620.5830 175.5128 632.2319 211.8577 1.3781 0.4346 0.4328 0.7908 1.1892 27.0392 -3.0810 0.0593
Cyclist -1 -1 -7.6628 423.6538 168.0761 443.9027 210.1689 1.6539 0.5099 1.5304 -6.9317 1.1659 28.5557 -7.8965 0.0580
Cyclist -1 -1 -4.0526 122.5897 151.6813 179.0134 211.7629 1.8071 0.5349 1.7256 -14.2320 0.9406 22.1506 -4.6152 0.0567
Pedestrian -1 -1 -4.0854 189.1570 156.5405 215.7121 205.2573 1.7453 0.5963 0.6042 -14.6386 0.8872 25.6643 -4.5965 0.0557
Cyclist -1 -1 -7.8190 908.4526 168.5641 916.8631 199.1180 1.5755 0.3521 1.7027 16.2193 0.9602 37.3025 -7.4103 0.0554
Cyclist -1 -1 -8.1142 962.9857 165.1913 981.0673 196.1505 1.6274 0.4458 1.6590 19.7116 0.8228 38.0236 -7.6377 0.0553
Pedestrian -1 -1 -7.2746 281.9751 172.2119 301.3627 206.3302 1.7864 0.7999 0.4876 -16.5555 1.3526 37.3272 -7.6872 0.0553
Pedestrian -1 -1 -8.0913 240.2359 172.6788 256.4050 206.6763 1.6177 0.5913 0.5188 -17.1886 1.2457 34.0324 -8.5535 0.0551
Cyclist -1 -1 -5.9315 401.7519 166.0424 444.8922 213.2473 1.7133 0.5458 1.4374 -6.7080 1.1888 26.0091 -6.1792 0.0546
Cyclist -1 -1 -6.8513 240.5952 168.3959 280.4577 205.2774 1.7343 0.6511 1.6351 -16.6264 1.1653 34.1149 -7.2993 0.0546
Cyclist -1 -1 -8.0544 953.3489 167.0379 965.4267 196.3070 1.5957 0.3095 1.4684 19.6757 0.8619 39.2957 -7.5918 0.0543
Cyclist -1 -1 -7.9315 895.0756 165.9510 905.3143 195.0654 1.5692 0.3937 1.5888 16.2314 0.7852 38.9254 -7.5377 0.0535
Cyclist -1 -1 -7.4559 428.9711 167.5839 454.9783 209.6688 1.6596 0.4940 1.4674 -6.6203 1.1505 28.6476 -7.6788 0.0535
Pedestrian -1 -1 -5.2805 222.8801 174.9064 241.8946 206.8113 1.5321 0.6017 0.5787 -18.1253 1.2637 34.3584 -5.7604 0.0529
Pedestrian -1 -1 -6.4585 973.7433 162.2476 986.9124 197.9073 1.8391 0.8162 0.4695 19.5800 0.8979 36.9248 -5.9729 0.0522
Cyclist -1 -1 -4.7490 437.3031 165.0576 452.7960 203.9698 1.7248 0.6301 1.7144 -7.3264 1.0405 32.2487 -4.9684 0.0521
Pedestrian -1 -1 -7.2166 427.7552 169.8204 444.8643 208.3553 1.5116 0.5168 0.4108 -6.7136 1.0929 28.0253 -7.4473 0.0511
Cyclist -1 -1 -7.8616 628.0882 167.2626 639.6276 205.3036 1.7376 0.5264 1.6479 1.3237 1.1332 33.1287 -7.8203 0.0506
Cyclist -1 -1 -7.1511 174.9699 160.7206 222.6966 208.6331 1.6608 0.4833 1.7210 -14.5950 0.9754 25.3986 -7.6653 0.0504
Car -1 -1 -8.3733 959.9678 182.3626 1065.3571 230.6061 1.5221 1.6655 3.3113 13.7359 1.5902 24.0948 -7.8593 0.9414
Car -1 -1 -7.7753 524.7562 169.8019 583.9227 221.9512 1.5641 1.6210 3.8609 -1.6127 1.2435 23.1462 -7.8421 0.9246
Car -1 -1 -3.7911 1016.5703 189.2598 1209.3881 247.1744 1.4779 1.6305 4.1178 13.6578 1.7272 19.2054 -3.1793 0.8810
Car -1 -1 -7.9672 600.0436 173.3432 636.9843 202.7602 1.4647 1.5401 3.5386 0.6472 1.1085 37.0383 -7.9482 0.8157
Car -1 -1 -8.6027 1040.1237 186.1728 1181.9094 234.2464 1.4129 1.6610 3.7423 16.4031 1.6151 23.2117 -7.9924 0.6285
Car -1 -1 -5.3942 1098.2253 186.2457 1223.0000 232.6659 1.4449 1.5621 3.7861 19.1146 1.6589 24.3907 -4.7343 0.5482
Car -1 -1 -7.5383 459.0482 167.0415 501.3613 196.7966 1.8303 1.5785 3.7738 -7.9792 1.0025 45.4728 -7.7090 0.3013
Car -1 -1 -4.5961 272.0598 170.4045 311.9818 200.2010 1.5671 1.5916 3.6791 -17.2993 1.0363 39.1765 -5.0071 0.2574
Car -1 -1 -7.0453 227.7355 174.7571 307.0662 204.6990 1.4310 1.5368 3.5245 -16.9940 1.1567 35.7134 -7.4842 0.1981
Car -1 -1 -6.6213 612.4341 173.7897 717.9933 209.3807 1.4966 1.6954 4.3057 2.6026 1.2146 31.0919 -6.5370 0.1641
Car -1 -1 -8.2502 802.0015 160.6350 857.5478 189.5738 1.5977 1.6518 3.9942 12.9794 0.5011 41.1001 -7.9447 0.1419
Car -1 -1 -5.1410 952.9487 166.0640 1017.7333 197.7877 1.6147 1.6791 3.6402 20.2630 0.8801 37.8567 -4.6514 0.1117
Car -1 -1 -7.8920 732.4598 173.2227 765.7599 201.5399 1.4493 1.6120 3.6101 7.7050 1.0770 38.0987 -7.6924 0.1112
Car -1 -1 -8.2318 1208.0363 187.3330 1223.0000 237.2354 1.5431 1.7758 4.0030 22.9676 1.8026 24.6483 -7.4867 0.1029
Car -1 -1 -4.7154 440.4387 172.3416 481.7512 210.0516 1.4717 1.5893 3.8631 -6.0573 1.1535 29.6442 -4.9131 0.1019
Car -1 -1 -3.1081 523.2333 173.6926 633.9988 213.9375 1.5076 1.6403 4.1496 -1.0199 1.2528 27.3101 -3.1432 0.0833
Car -1 -1 -7.6161 437.6197 171.2975 486.0473 203.5419 1.5179 1.5573 3.5301 -7.0633 1.0849 35.0815 -7.8113 0.0777
Car -1 -1 -7.2080 158.2761 169.6730 248.8369 203.2986 1.4364 1.6127 3.7961 -18.1888 0.9741 32.1945 -7.7161 0.0539
Car -1 -1 -4.6123 422.3686 167.7145 457.2753 196.2185 1.7166 1.7447 4.0113 -10.3927 0.9467 44.6796 -4.8375 0.0502
