Pedestrian -1 -1 -7.0782 951.2086 169.8651 968.8627 201.6233 1.9323 0.5718 0.8107 21.4577 1.7501 44.3071 -6.6302 0.2363
Pedestrian -1 -1 -5.2364 1112.5498 163.6763 1155.8384 242.1987 1.8266 0.5497 0.7054 12.4046 1.6128 17.1612 -4.6192 0.2332
Cyclist -1 -1 -4.6952 677.2988 174.9458 688.3405 211.0699 1.6952 0.5059 1.7562 3.4843 1.7986 34.8650 -4.5970 0.1644
Pedestrian -1 -1 -4.8633 606.1075 164.0270 627.2939 221.2155 2.0668 0.6813 0.6746 0.1955 1.7475 26.4593 -4.8567 0.1203
Pedestrian -1 -1 -4.3106 518.4133 143.8132 535.6653 179.4410 1.8251 0.6678 0.7005 -4.3358 0.3371 37.3927 -4.4254 0.1024
Car -1 -1 -4.7258 808.4709 173.3437 836.2588 203.1766 1.8486 1.6625 3.7662 13.7062 1.8815 46.8145 -4.4431 0.0921
Pedestrian -1 -1 -7.1685 533.0935 177.1683 560.8525 229.4039 1.7129 0.6625 0.6549 -2.1590 1.8600 24.1930 -7.2573 0.0914
Pedestrian -1 -1 -6.3833 323.7449 143.4231 334.7013 185.7586 1.7935 0.5425 0.3855 -12.0673 0.5464 30.8961 -6.7529 0.0910
Pedestrian -1 -1 -4.2694 427.5284 188.3939 452.4900 242.2948 1.5265 0.5265 0.5354 -4.9779 1.9839 20.9345 -4.5007 0.0850
Pedestrian -1 -1 -4.6075 550.5463 185.9167 574.7139 241.9325 1.5768 0.6197 0.8119 -1.4164 1.9628 20.9226 -4.6751 0.0839
Pedestrian -1 -1 -8.1308 670.5593 171.9144 689.2593 215.9101 1.8848 0.6564 0.6365 2.9848 1.8443 31.2842 -8.0372 0.0781
Cyclist -1 -1 -7.9164 1016.6964 170.6281 1031.5093 209.8670 1.7397 0.4635 1.8054 18.8320 1.6407 32.9027 -7.4008 0.0710
Car -1 -1 -4.7298 901.4028 177.1470 937.9225 208.9935 1.4771 1.5894 3.8904 15.4146 1.7043 36.1346 -4.3299 0.0658
Pedestrian -1 -1 -5.6927 938.7944 169.1318 953.0328 195.4942 1.9185 0.5441 0.7762 24.6345 1.6473 52.9826 -5.2599 0.0623
Car -1 -1 -4.8142 993.4745 170.4583 1030.7865 198.8996 1.6286 1.5966 3.3990 23.9883 1.4911 43.1931 -4.3105 0.0580
Pedestrian -1 -1 -6.7609 188.3452 145.6626 216.1997 196.2457 1.8140 0.6440 0.6641 -14.9226 0.8386 26.3297 -7.2723 0.0566
Pedestrian -1 -1 -4.8226 1081.7001 166.0785 1109.0070 230.5040 1.8151 0.5549 0.8654 13.9588 1.6239 20.8394 -4.2395 0.0560
Pedestrian -1 -1 -8.2215 1098.4189 158.7522 1137.0048 232.0052 1.8889 0.6213 0.6880 13.3168 1.5250 19.0125 -7.6182 0.0560
Pedestrian -1 -1 -3.0503 541.9495 147.0037 551.2144 180.4308 1.7777 0.5117 0.4499 -3.4321 0.4026 38.6289 -3.1384 0.0544
Pedestrian -1 -1 -5.9292 757.7224 174.3145 769.8475 198.2900 1.7125 0.7118 0.6505 11.0689 1.8186 52.0710 -5.7213 0.0529
Car -1 -1 -7.7388 326.4873 139.3774 377.4191 176.1143 1.5143 1.6578 4.0150 -11.3698 0.1341 31.8835 -8.0787 0.0504
Car -1 -1 -8.0277 437.4199 186.8242 511.6470 240.5142 1.4362 1.6132 3.8689 -4.3484 1.9118 22.4859 -8.2173 0.0501
Cyclist -1 -1 -4.5899 313.5891 176.1399 342.1436 244.2992 1.6576 0.4868 1.5856 -7.2508 1.7451 18.4551 -4.9598 0.1133
Pedestrian -1 -1 -3.4254 501.6896 150.5911 513.1727 175.6865 1.7641 0.6384 0.6530 -7.3026 0.1988 51.1451 -3.5666 0.1064
Pedestrian -1 -1 -4.3400 435.4683 168.1907 470.7363 245.9134 1.9185 0.6429 0.7484 -4.0075 1.8031 18.2307 -4.5541 0.1054
Pedestrian -1 -1 -5.7746 256.5229 172.6530 314.5791 286.1331 1.7620 0.5966 0.6353 -5.2287 1.7586 11.5294 -6.1924 0.0984
Pedestrian -1 -1 -2.8737 210.3759 182.3679 248.8711 261.6078 1.6523 0.5632 0.6009 -8.1965 1.8603 15.4650 -3.3544 0.0963
Pedestrian -1 -1 -6.0020 316.9839 176.0948 368.0462 267.8061 1.7534 0.5560 0.8143 -5.2781 1.8179 14.1224 -6.3542 0.0869
Pedestrian -1 -1 -8.7287 723.3326 174.3963 739.5127 207.0038 1.8410 0.6306 0.6616 6.9021 1.9298 41.2373 -8.5646 0.0862
Pedestrian -1 -1 -2.4127 0.0000 172.7970 91.2073 331.4901 1.7081 0.6159 0.9192 -6.5613 1.7072 8.1029 -3.0775 0.0861
Cyclist -1 -1 -6.4779 207.7995 171.3624 349.3119 290.5421 1.7404 0.6675 1.9360 -5.2498 1.7183 11.3702 -6.9022 0.0763
Cyclist -1 -1 -4.6541 499.3089 145.7091 508.8736 171.0569 1.7598 0.5723 1.7103 -7.5251 -0.1297 51.0959 -4.7997 0.0738
Pedestrian -1 -1 -2.7416 70.8195 165.0365 162.7241 311.2560 1.7575 0.5549 0.7932 -6.2001 1.6632 9.0195 -3.3305 0.0735
Pedestrian -1 -1 -2.0205 53.9005 169.6722 125.1371 303.8123 1.7794 0.5195 0.7727 -7.2572 1.7369 9.9856 -2.6366 0.0734
Pedestrian -1 -1 -5.6154 217.9659 176.3614 268.2379 280.9703 1.7180 0.5129 0.5587 -6.2405 1.7784 12.1781 -6.0807 0.0664
Pedestrian -1 -1 -5.4184 231.1136 168.7967 294.2610 291.2742 1.8041 0.5508 0.6952 -5.3561 1.7441 11.0220 -5.8619 0.0660
Cyclist -1 -1 -6.1047 497.2160 148.7767 520.8995 173.5531 1.7384 0.5463 1.5840 -7.1521 0.0488 50.9294 -6.2436 0.0629
Pedestrian -1 -1 -5.9002 426.4164 170.7561 460.3196 235.3745 1.9263 0.6327 0.8256 -5.0974 1.8635 21.8864 -6.1270 0.0625
Cyclist -1 -1 -8.1294 793.5541 177.4772 812.7556 208.1615 1.7264 0.6127 1.7558 11.1272 1.9993 41.7463 -7.8712 0.0616
Pedestrian -1 -1 -6.2005 324.3719 171.3548 373.6773 268.1938 1.8068 0.5767 0.8443 -5.0500 1.7786 13.8503 -6.5447 0.0602
Pedestrian -1 -1 -2.8011 168.3499 170.0164 233.7016 298.3462 1.7691 0.5445 0.6637 -5.8627 1.7297 10.2706 -3.3092 0.0547
Pedestrian -1 -1 -6.2650 282.7747 170.4752 321.3416 274.4101 1.8083 0.5780 0.6231 -5.5661 1.7666 12.9379 -6.6644 0.0529
Pedestrian -1 -1 -5.7113 0.0000 157.1210 89.6501 319.9870 1.8178 0.5868 0.9610 -6.8019 1.6419 8.3906 -6.3772 0.0526
Pedestrian -1 -1 -3.1369 402.3900 179.8222 443.2066 262.7315 1.6823 0.5909 0.8108 -3.9642 1.8315 15.0915 -3.3903 0.0526
Cyclist -1 -1 -7.9689 322.8022 178.8277 354.2505 271.4601 1.6577 0.3750 1.6958 -5.2833 1.7791 13.8607 -8.3274 0.0503
Car -1 -1 -4.3442 610.1428 186.4589 798.4164 307.8696 1.4887 1.6417 3.9265 1.6120 1.7439 11.4371 -4.2091 0.9384
Car -1 -1 -4.5869 758.8406 183.6104 839.0674 247.7121 1.4763 1.6251 3.9492 5.1335 1.7981 19.4691 -4.3336 0.9212
Car -1 -1 -4.3918 562.5609 187.2355 698.9547 273.3823 1.4339 1.5650 4.2440 0.5417 1.7782 15.0268 -4.3577 0.9154
Car -1 -1 -4.4804 662.4672 186.7718 748.6530 246.9678 1.4335 1.5352 3.9735 2.7330 1.8658 20.2971 -4.3494 0.5074
Car -1 -1 -4.4114 726.5131 185.6046 792.7505 227.5173 1.4031 1.4411 3.6637 5.6726 1.9196 27.2948 -4.2094 0.4665
Car -1 -1 -7.6002 794.7001 179.0172 840.1840 206.7309 1.5162 1.6547 3.9166 12.2279 1.8970 42.5186 -7.3225 0.1774
Car -1 -1 -3.7479 895.1114 176.5697 951.7736 198.9761 1.5405 1.6210 3.3575 22.1536 1.8092 51.1101 -3.3414 0.1764
Car -1 -1 -5.0754 885.6672 171.7229 918.8279 188.3720 1.5244 1.5649 4.0186 27.5114 1.4206 68.0893 -4.6931 0.1279
Car -1 -1 -7.9114 494.9307 148.1365 521.3810 171.6275 1.6369 1.6803 3.9755 -7.4891 -0.0933 52.6140 -8.0521 0.1022
Car -1 -1 -4.7136 802.4225 176.5268 836.2998 207.4059 1.5330 1.6491 4.1724 11.1395 1.7405 38.5846 -4.4351 0.0808
Car -1 -1 -4.2758 505.7055 144.3330 553.3437 169.2259 1.6492 1.6869 4.2580 -5.6347 -0.2670 50.7580 -4.3858 0.0627
Car -1 -1 -4.9369 463.5679 146.9076 500.7253 170.7742 1.6119 1.6794 4.3490 -9.1936 -0.1554 51.4671 -5.1129 0.0572
Car -1 -1 -4.5095 724.7367 178.3639 775.1680 210.7120 1.5208 1.7038 4.3809 7.2105 1.8216 37.0724 -4.3194 0.0570
Car -1 -1 -8.0464 760.4660 180.0860 802.3297 208.1907 1.5133 1.6203 3.9566 9.8562 1.9530 41.8911 -7.8175 0.0542
Car -1 -1 -4.5031 766.8528 178.9164 817.9042 211.4560 1.4430 1.5864 4.1444 8.8673 1.7556 35.0310 -4.2577 0.0500
