Pedestrian -1 -1 -2.9770 798.3523 160.8533 814.4826 207.5718 1.7937 0.5034 0.5313 7.9472 1.0014 27.9200 -2.7072 0.0871
Pedestrian -1 -1 -4.1295 0.0000 224.0887 31.4791 283.0841 0.9735 0.2970 0.3628 -10.1116 1.7167 12.3301 -4.8115 0.0852
Cyclist -1 -1 -7.9354 866.2380 156.2436 889.7572 224.1833 1.6611 0.4096 1.6285 7.0362 1.0441 18.4026 -7.5801 0.0843
Pedestrian -1 -1 -5.3336 220.2256 173.5023 237.9632 206.8495 1.8529 0.5468 0.7542 -20.9061 1.4087 40.3284 -5.8142 0.0820
Car -1 -1 -4.2696 403.6464 164.2497 444.5522 195.4232 2.7094 1.8581 4.4787 -15.9104 1.2099 64.8120 -4.5144 0.0757
Cyclist -1 -1 -8.1961 511.0191 172.7054 531.1461 206.0170 1.6630 0.5002 1.6171 -4.1219 1.2241 36.6962 -8.3122 0.0702
Pedestrian -1 -1 -3.3699 765.0065 163.4014 778.5986 188.9214 1.8648 0.4793 0.8830 12.5186 0.5422 52.7305 -3.1428 0.0643
Pedestrian -1 -1 -4.0837 700.0450 161.8962 718.3908 199.2069 1.8408 0.5805 0.7471 5.3793 0.8738 35.9103 -3.9411 0.0639
Car -1 -1 -4.6982 420.1400 174.8669 440.8828 195.3745 1.5480 1.5285 4.0179 -13.3658 1.0472 56.3506 -4.9350 0.0632
Cyclist -1 -1 -8.5332 987.6165 127.8089 1028.0305 171.0954 1.7038 0.4995 1.6671 16.6792 -0.4403 29.5544 -8.0279 0.0592
Car -1 -1 -4.4927 690.5104 170.2153 729.6653 195.5499 1.5656 1.6672 4.1691 7.1049 0.8683 46.6358 -4.3473 0.0585
Pedestrian -1 -1 -8.7394 668.4730 170.3564 688.6942 211.0625 1.6803 0.6435 0.5627 3.2127 1.2206 30.0788 -8.6390 0.0538
Car -1 -1 -5.4197 1152.2880 109.5575 1237.0000 160.7556 1.5639 1.6364 3.8348 21.7772 -0.7895 25.4280 -4.7213 0.0506
Cyclist -1 -1 -7.7040 126.6601 178.4153 142.1350 215.8215 1.6262 0.3493 1.5871 -20.8268 1.4924 32.0227 -8.2820 0.3759
Pedestrian -1 -1 -7.9743 131.4640 169.6188 149.6581 211.9267 1.9532 0.6383 0.6828 -21.5899 1.4049 33.6293 -8.5466 0.1982
Cyclist -1 -1 -7.8314 122.4940 175.8182 135.0284 216.1097 1.7517 0.4340 1.6744 -21.1009 1.5050 32.0553 -8.4149 0.1152
Pedestrian -1 -1 -3.4538 1025.1735 133.5014 1082.6675 259.9436 1.8023 0.5805 0.5570 6.6073 1.1188 10.5852 -2.9120 0.1152
Pedestrian -1 -1 -8.0810 378.7645 173.9406 398.8132 216.6804 1.7098 0.6727 0.5463 -8.6472 1.4078 29.1416 -8.3721 0.1139
Pedestrian -1 -1 -6.0116 122.0153 174.6555 145.4636 215.8213 1.7923 0.6411 0.7231 -20.6420 1.4946 31.6902 -6.5903 0.1083
Cyclist -1 -1 -8.2983 957.0858 139.6666 975.9023 167.0104 1.6933 0.3998 1.6428 23.4649 -0.9482 46.1833 -7.8352 0.1051
Pedestrian -1 -1 -3.4810 814.4028 130.6360 928.7237 316.1564 1.8436 0.5207 0.9806 2.7116 1.3389 7.4014 -3.1468 0.1015
Pedestrian -1 -1 -3.7494 1099.0536 122.1406 1201.0439 280.0490 1.8434 0.5467 0.8110 6.5500 1.1511 8.6670 -3.1220 0.0892
Cyclist -1 -1 -5.0353 1136.4045 103.1926 1237.0000 302.6251 1.9587 0.6217 1.7752 6.5975 1.1903 7.9954 -4.3667 0.0883
Pedestrian -1 -1 -7.8777 196.7018 174.8688 214.1844 214.9059 1.7741 0.6733 0.5311 -17.7825 1.4805 32.2292 -8.3835 0.0832
Cyclist -1 -1 -5.2644 951.1532 138.0003 973.3807 165.5849 1.7019 0.4476 1.6878 23.1868 -1.0421 46.1744 -4.8059 0.0809
Cyclist -1 -1 -8.1229 210.6095 182.6570 226.3858 214.6837 1.5810 0.2995 1.5342 -19.2939 1.6405 36.1659 -8.6151 0.0763
Pedestrian -1 -1 -7.7386 1129.4351 126.0154 1149.8732 166.5241 1.7475 0.6657 0.5741 23.7714 -0.6707 31.7479 -7.1046 0.0733
Pedestrian -1 -1 -3.5670 1012.6540 137.7106 1075.9302 258.4503 1.7773 0.5637 0.6347 6.6526 1.1334 10.8881 -3.0344 0.0727
Cyclist -1 -1 -8.2427 1015.5711 137.5198 1035.3882 167.4858 1.6604 0.4022 1.5792 24.4087 -0.8228 41.3703 -7.7172 0.0725
Cyclist -1 -1 -8.4269 1142.3524 124.3441 1177.4464 163.4344 1.6898 0.4284 1.6364 25.3530 -0.8419 32.6554 -7.7753 0.0720
Pedestrian -1 -1 -3.4884 1048.2896 135.0901 1112.6505 268.4293 1.7999 0.5273 0.5962 6.6195 1.1741 10.0190 -2.9218 0.0682
Pedestrian -1 -1 -4.0781 0.0000 221.4724 30.7754 282.9354 1.0222 0.2967 0.3280 -10.1227 1.7190 12.3396 -4.7602 0.0676
Cyclist -1 -1 -8.2929 1135.3062 120.8887 1170.3064 161.1810 1.7255 0.5082 1.8538 25.0537 -0.9515 32.6895 -7.6475 0.0669
Pedestrian -1 -1 -6.8588 159.5145 186.9369 180.6325 217.0576 1.7574 0.5473 0.9270 -25.6013 2.0843 42.6406 -7.4020 0.0647
Cyclist -1 -1 -8.3956 1006.3840 134.4179 1031.0839 165.0887 1.7045 0.4632 1.6083 24.1489 -0.9687 41.5957 -7.8770 0.0646
Pedestrian -1 -1 -3.4960 1089.3278 129.7529 1173.9218 281.4517 1.8179 0.5257 0.7028 6.5380 1.1984 8.9517 -2.8844 0.0613
Pedestrian -1 -1 -3.4311 1169.5927 121.7832 1237.0000 304.9151 1.8052 0.5466 0.7257 6.3995 1.2172 7.4729 -2.7454 0.0573
Cyclist -1 -1 -5.2967 1127.6311 123.9276 1165.3617 163.8243 1.7222 0.4971 1.7012 24.7272 -0.8241 32.6369 -4.6569 0.0525
Cyclist -1 -1 -8.4208 1148.2006 126.6469 1185.1744 164.7279 1.6466 0.4957 1.6583 25.6601 -0.7820 32.6555 -7.7634 0.0512
Pedestrian -1 -1 -3.2818 942.0385 133.5089 1056.0073 336.5251 1.7996 0.4847 0.8645 3.6480 1.3749 6.7384 -2.8073 0.0503
Car -1 -1 -7.0974 432.1547 174.1225 525.9577 216.7255 1.5277 1.5875 3.5141 -4.6673 1.2635 27.6615 -7.2681 0.9509
Car -1 -1 -4.2686 329.2553 180.0074 389.7273 208.8389 1.4478 1.5443 3.8462 -12.7532 1.3731 38.0725 -4.5948 0.7862
Car -1 -1 -7.5615 567.8380 171.4120 606.7017 194.9630 1.4786 1.5660 3.6894 -0.8794 0.8453 47.0846 -7.5850 0.6970
Car -1 -1 -4.7499 596.2812 170.9012 618.9311 191.4206 1.5722 1.6205 4.1404 0.4799 0.7600 57.1338 -4.7464 0.2321
Car -1 -1 -2.9941 0.0000 178.2922 118.6817 217.0942 1.5310 1.6249 4.0250 -22.6960 1.4048 30.0226 -3.6423 0.1924
Car -1 -1 -6.5985 150.9591 188.5314 224.2245 215.8903 1.5662 1.5822 3.5690 -25.2662 2.0144 43.9306 -7.1230 0.1600
Car -1 -1 -5.2592 959.8345 119.8639 1052.2198 161.2589 1.5296 1.6318 3.8029 16.9706 -0.9102 30.3746 -4.7579 0.1237
Car -1 -1 -8.0947 1057.3704 127.7781 1122.4795 162.8747 1.4718 1.6519 3.9603 23.3816 -0.9510 34.5431 -7.5078 0.1166
Car -1 -1 -7.7888 481.7707 173.1623 501.1218 189.1792 1.4943 1.6053 3.9239 -10.5060 0.7161 69.0446 -7.9442 0.1071
Car -1 -1 -8.2312 933.8311 138.5345 984.1121 163.9382 1.5115 1.6537 3.8184 23.5445 -1.2076 47.4278 -7.7772 0.1051
Car -1 -1 -7.8728 1.5907 170.3561 52.6114 213.1338 1.7877 1.6957 3.8363 -25.6616 1.3223 32.0352 -8.5492 0.0999
Car -1 -1 -7.2626 1195.9161 122.2722 1237.0000 373.0000 1.5540 1.6211 4.2142 6.8877 1.2121 5.1292 -6.3614 0.0966
Car -1 -1 -7.9125 176.7400 173.4463 223.7283 214.7015 1.8131 1.6708 4.2060 -18.9283 1.4594 33.7904 -8.4249 0.0927
Car -1 -1 -2.5088 257.8025 181.5474 371.3614 221.4557 1.4397 1.5139 3.8265 -10.8337 1.4419 27.1245 -2.8906 0.0781
Car -1 -1 -4.4674 549.1069 169.8717 576.0669 189.2598 1.8145 1.6687 4.1255 -3.6794 0.7259 69.4086 -4.5250 0.0763
Car -1 -1 -6.1237 51.8569 190.1779 137.3611 219.7408 1.5856 1.6796 3.7772 -28.8648 2.1006 41.0412 -6.7387 0.0761
Car -1 -1 -7.4402 0.0000 188.7898 21.4155 325.8807 1.5556 1.6034 4.0497 -10.3738 1.6855 10.5597 -8.2099 0.0710
Car -1 -1 -6.5322 624.1494 172.3438 673.2158 193.9304 1.5825 1.6478 3.3579 3.5371 0.9112 53.7842 -6.4718 0.0700
Car -1 -1 -4.7072 507.9731 172.2064 526.2317 189.3528 1.6147 1.7105 4.2640 -8.1611 0.7392 69.8624 -4.8279 0.0590
Car -1 -1 -5.0166 1100.5143 125.4474 1175.8116 161.9145 1.4608 1.6612 3.8636 24.6268 -0.9601 33.1249 -4.3857 0.0562
Car -1 -1 -7.6429 123.4323 179.3093 184.3387 214.2795 1.5361 1.6298 3.9957 -20.9238 1.4402 33.7096 -8.2000 0.0522
Car -1 -1 -8.2345 998.6052 133.0479 1057.4923 163.1735 1.5854 1.6400 3.8406 25.0269 -1.1301 42.2804 -7.7074 0.0517
