Car -1 -1 -8.0794 728.6269 182.5204 887.3872 293.1767 1.4956 1.6191 3.9811 3.0466 1.6843 12.1039 -7.8397 0.9700
Car -1 -1 -7.9677 690.1703 180.9305 773.2188 249.0172 1.5137 1.6166 3.9564 2.9584 1.7433 18.5277 -7.8127 0.9220
Car -1 -1 -8.3482 811.3533 182.6109 1241.0000 374.0000 1.5499 1.7211 4.4837 2.9554 1.6526 5.3645 -7.8689 0.9078
Car -1 -1 -4.4451 371.3987 194.8434 457.0891 250.2861 1.4719 1.6052 3.9288 -6.0876 2.2231 22.6890 -4.7050 0.9073
Car -1 -1 -7.9109 636.7208 179.8807 665.2393 205.8029 1.6521 1.6965 4.1220 2.7196 2.1507 49.1668 -7.8565 0.8281
Cyclist -1 -1 -6.6992 776.3077 173.2947 810.7936 209.4575 1.9252 0.6593 1.6782 9.8506 1.9489 38.8908 -6.4535 0.1251
Pedestrian -1 -1 -8.0925 712.7953 176.4489 726.5778 209.5457 1.7964 0.6178 0.6154 5.9746 1.9949 39.5696 -7.9443 0.0979
Pedestrian -1 -1 -3.4183 438.6731 180.2659 444.6502 209.8221 1.9873 0.4469 0.2832 -11.4443 2.4922 48.9125 -3.6474 0.0805
Car -1 -1 -7.6896 387.8242 182.1794 429.9711 213.9011 1.6950 1.7300 3.9171 -11.6248 2.2611 41.7911 -7.9597 0.0612
Car -1 -1 -5.1560 674.1430 180.0522 731.9749 209.3184 1.5607 1.6206 4.3180 5.2975 2.0015 41.9156 -5.0317 0.0610
Pedestrian -1 -1 -6.5536 344.3454 175.1176 365.2354 228.2292 2.0764 0.6393 0.6358 -10.1936 2.1675 28.6902 -6.8926 0.0553
Pedestrian -1 -1 -6.6828 887.0932 176.1256 925.8375 244.1008 1.6446 0.4803 0.7512 7.2264 1.7258 17.7278 -6.3023 0.0546
Pedestrian -1 -1 -7.5758 699.6056 160.5373 727.3994 224.2431 1.9992 0.6833 0.8342 3.2793 1.6124 23.1628 -7.4376 0.0533
Pedestrian -1 -1 -3.6227 515.6683 175.8434 527.3599 202.4299 2.0091 0.5124 0.7310 -6.7781 2.2385 55.0370 -3.7451 0.0518
Car -1 -1 -5.0370 684.1282 180.6527 727.8005 206.4070 1.5931 1.7288 3.8427 6.2895 2.1330 47.9276 -4.9078 0.0514
Car -1 -1 -7.5751 340.5264 179.8341 377.5178 209.2270 2.2255 1.7188 4.1464 -20.0612 2.8043 57.7526 -7.9084 0.0510
Cyclist -1 -1 -5.1244 875.5812 172.1742 913.1657 228.0961 1.6438 0.4721 1.5552 8.6004 1.6235 21.9961 -4.7568 0.0504
Pedestrian -1 -1 -8.0570 787.2444 174.1247 805.9064 215.1636 1.7245 0.6677 0.5498 7.8723 1.7786 30.6269 -7.8083 0.3723
Cyclist -1 -1 -6.6551 1118.3772 143.7958 1220.8472 225.0353 1.7837 0.6650 1.7152 12.6248 1.1454 16.3958 -6.0077 0.2117
Cyclist -1 -1 -6.8132 782.4101 173.9121 825.5154 216.0043 1.7482 0.6639 1.6542 8.1625 1.7935 30.5370 -6.5550 0.1693
Pedestrian -1 -1 -7.9586 1122.2753 161.0053 1157.1095 231.5399 1.5774 0.5883 0.4958 12.0501 1.3121 16.4973 -7.3366 0.1422
Cyclist -1 -1 -3.2694 769.4359 172.9892 810.2812 214.8439 1.7639 0.6505 1.6210 7.6285 1.7694 30.8241 -3.0296 0.1161
Cyclist -1 -1 -8.3842 1099.5166 156.1501 1169.6902 230.8417 1.5995 0.5029 1.6459 11.7529 1.2415 16.2930 -7.7682 0.1104
Cyclist -1 -1 -4.6116 788.7702 172.4093 806.9776 214.7744 1.7364 0.5849 1.6828 7.8975 1.7179 30.4645 -4.3609 0.0976
Pedestrian -1 -1 -5.0739 1104.1448 157.5250 1144.1774 230.8090 1.6608 0.6083 0.5125 11.8209 1.3131 16.6742 -4.4659 0.0965
Cyclist -1 -1 -8.5992 1108.2366 152.8504 1194.4750 229.6815 1.6383 0.5779 1.6464 12.0831 1.2115 16.2369 -7.9683 0.0866
Cyclist -1 -1 -5.7568 1073.5850 156.8047 1159.6166 232.1650 1.6788 0.5723 1.5708 11.7830 1.3210 16.9058 -5.1567 0.0855
Pedestrian -1 -1 -8.0326 795.3135 170.0569 817.5009 213.6977 1.8020 0.7464 0.8984 8.1890 1.6862 30.2711 -7.7715 0.0798
Cyclist -1 -1 -3.2672 759.1827 170.1836 802.8842 213.5042 1.8092 0.6649 1.7285 7.1861 1.6974 30.5531 -3.0390 0.0778
Cyclist -1 -1 -2.8202 339.0795 192.5582 366.2268 218.1026 1.7577 0.6409 1.6735 -18.0394 3.1460 50.5079 -3.1620 0.0740
Cyclist -1 -1 -4.9384 779.1265 172.9164 801.2685 215.0848 1.7564 0.5712 1.5821 7.6494 1.7589 30.8515 -4.6982 0.0651
Cyclist -1 -1 -3.7398 1092.1566 155.4910 1186.6787 228.8216 1.6106 0.6222 1.6494 11.7964 1.2290 16.1779 -3.1186 0.0543
Cyclist -1 -1 -4.6472 790.0142 168.9443 806.1420 214.3333 1.7822 0.5304 1.6951 7.5800 1.6283 29.2186 -4.3964 0.0528
Pedestrian -1 -1 -3.1770 341.8835 192.7105 351.1532 218.4429 1.7539 0.6962 0.5827 -18.3924 3.1491 50.2771 -3.5264 0.0515
Cyclist -1 -1 -5.4558 1122.4418 161.9305 1241.0000 315.1150 1.6540 0.5173 1.6525 6.9714 1.5358 8.6354 -4.7938 0.0515
Car -1 -1 -4.5570 491.1253 189.6810 524.0298 215.1765 1.4487 1.4864 3.7551 -6.4335 2.5507 45.3793 -4.6976 0.7444
Car -1 -1 -7.7581 424.1528 191.0986 455.9712 217.7172 1.4666 1.5639 3.5155 -10.3889 2.6290 44.1333 -7.9884 0.4787
Car -1 -1 -4.4540 503.7646 187.1558 540.0370 210.5006 1.4975 1.5937 3.8988 -6.1907 2.5450 50.8227 -4.5751 0.3494
Car -1 -1 -4.4088 339.9077 193.0324 377.8165 216.4692 1.5206 1.5172 3.7825 -18.0864 3.0286 52.0205 -4.7422 0.3040
Car -1 -1 -6.6408 1171.6260 110.8804 1241.0000 233.6631 1.6935 1.7186 4.4251 11.9968 0.8384 11.6550 -5.8534 0.2202
Car -1 -1 -7.3988 453.8294 191.5020 507.7855 220.2465 1.4186 1.5750 3.4676 -7.1343 2.4991 39.9364 -7.5750 0.1977
Car -1 -1 -7.6002 757.6838 168.7508 788.1806 187.0607 1.5817 1.6890 4.1107 14.5831 1.2270 64.5463 -7.3793 0.1964
Car -1 -1 -5.1594 1062.9958 183.4575 1241.0000 320.0888 1.4516 1.4943 3.5351 7.6826 1.6236 9.8389 -4.5116 0.1260
Car -1 -1 -4.4423 446.4489 188.5267 484.1011 212.3073 1.5527 1.6403 4.0252 -10.3902 2.7247 51.9026 -4.6394 0.0894
