Car -1 -1 -7.5004 119.7432 174.4038 160.7726 195.1449 1.7071 1.6523 3.9793 -39.8111 0.8174 61.2861 -8.0747 0.1100
Pedestrian -1 -1 -5.3557 934.9930 163.1917 991.6492 274.0071 1.8250 0.5294 0.7298 5.9929 1.4625 12.2485 -4.9101 0.1086
Cyclist -1 -1 -4.7301 708.1248 173.3511 721.3364 211.5607 1.8723 0.6196 1.7588 5.3344 1.2911 36.1368 -4.5851 0.0739
Car -1 -1 -3.9889 0.0000 192.5031 58.8145 261.9532 1.5025 1.6395 3.9428 -16.0699 1.7044 17.9367 -4.7123 0.0695
Pedestrian -1 -1 -4.4643 942.2961 161.2787 983.2229 259.8461 1.8870 0.5833 0.6742 6.9664 1.4289 14.2075 -4.0166 0.0682
Car -1 -1 -4.8264 518.4179 179.5864 540.9585 197.0709 1.6430 1.6906 4.3272 -7.6238 1.1142 69.8457 -4.9352 0.0653
Car -1 -1 -4.3561 539.9091 179.8666 572.4111 197.3426 1.6492 1.7495 4.3784 -5.0036 1.1445 70.1826 -4.4274 0.0649
Cyclist -1 -1 -7.8882 721.0151 173.7030 732.9458 210.5383 1.7813 0.5181 1.7490 5.8721 1.2247 35.6627 -7.7267 0.0639
Car -1 -1 -7.4259 119.8693 166.7131 170.0011 194.0741 2.1270 1.7682 4.3259 -37.3756 0.6888 58.1474 -7.9954 0.0600
Car -1 -1 -7.8995 90.1566 169.4194 118.9310 191.5409 1.7048 1.7027 4.2190 -40.3547 0.4876 57.5894 -8.5088 0.0594
Pedestrian -1 -1 -4.6530 859.6770 167.5337 891.2736 254.2123 1.8862 0.6288 0.6811 5.9421 1.5015 16.0798 -4.3051 0.0523
Pedestrian -1 -1 -4.8619 898.3147 172.2283 933.0369 256.2407 1.7630 0.5854 0.6863 6.5741 1.4907 15.4895 -4.4675 0.0508
Cyclist -1 -1 -7.9196 676.9318 180.7708 695.8892 235.9948 1.6283 0.4637 1.6189 2.3520 1.4974 22.0141 -7.8150 0.3018
Cyclist -1 -1 -5.4344 628.4465 179.2734 664.4717 222.4402 1.6891 0.5737 1.5333 1.5053 1.4568 28.9076 -5.3833 0.1327
Cyclist -1 -1 -7.5814 640.1260 180.5938 655.0005 212.3291 1.6444 0.4028 1.4881 2.0786 1.4051 38.0181 -7.5277 0.0889
Cyclist -1 -1 -7.5710 518.5494 178.0868 533.5298 206.5355 1.7062 0.4737 1.6363 -5.0179 1.2788 43.9603 -7.6844 0.0874
Cyclist -1 -1 -8.0767 514.1843 178.6214 528.8514 207.0314 1.6921 0.5289 1.6631 -5.2769 1.2995 43.6866 -8.1966 0.0814
Cyclist -1 -1 -8.0003 423.3069 179.4458 432.9258 202.4934 1.6340 0.4383 1.6357 -12.9730 1.2251 51.8051 -8.2448 0.0666
Cyclist -1 -1 -5.1260 645.9513 178.2885 674.8120 222.4771 1.7237 0.5599 1.5901 2.0608 1.4536 28.8833 -5.0560 0.0657
Cyclist -1 -1 -6.2928 655.1379 179.1986 710.2844 234.9656 1.6650 0.6347 1.6433 2.2251 1.4856 21.8530 -6.1932 0.0598
Cyclist -1 -1 -6.9558 0.0000 182.1941 107.1195 282.3691 1.7556 0.5008 1.7235 -10.4440 1.7028 13.4950 -7.6051 0.0590
Pedestrian -1 -1 -8.7215 668.5969 183.7796 696.3479 234.7827 1.5060 0.5343 0.6364 2.2023 1.4638 21.6408 -8.6219 0.0587
Cyclist -1 -1 -8.3012 650.5117 177.4436 688.7924 234.3156 1.6893 0.5360 1.5907 1.8478 1.4586 22.1910 -8.2196 0.0586
Cyclist -1 -1 -4.2589 516.5419 179.4868 539.5126 214.6989 1.7256 0.5436 1.4991 -4.0207 1.4450 36.0252 -4.3697 0.0567
Cyclist -1 -1 -7.1318 0.0000 190.6151 58.9768 286.9814 1.5943 0.4255 1.6784 -10.7273 1.6972 12.8341 -7.8180 0.0559
Cyclist -1 -1 -8.0238 637.2761 182.2314 649.6686 213.1391 1.6029 0.4008 1.5178 1.8513 1.4483 38.0583 -7.9760 0.0540
Pedestrian -1 -1 -3.5506 103.6762 192.4831 158.0172 298.6952 1.6067 0.5772 0.5287 -7.5524 1.7250 11.3057 -4.1289 0.0523
Car -1 -1 -7.8649 574.7822 182.6771 604.3629 209.5025 1.4564 1.6069 3.7056 -1.0901 1.3187 40.9101 -7.8919 0.9456
Car -1 -1 -7.7169 436.7641 187.7701 504.1852 236.7997 1.4494 1.6081 4.1597 -4.4500 1.5409 23.5876 -7.9018 0.9122
Car -1 -1 -7.2607 21.2161 190.1424 270.8121 291.1416 1.5114 1.7220 4.1822 -8.1088 1.6159 13.0951 -7.8063 0.8301
Car -1 -1 -7.7407 481.9876 182.8977 522.8575 215.3921 1.4884 1.5700 3.4502 -5.0674 1.3824 34.6768 -7.8851 0.7216
Car -1 -1 -7.8157 433.4462 183.0182 462.6535 208.4673 1.4744 1.5881 3.7041 -9.6778 1.3472 43.6100 -8.0332 0.5005
Car -1 -1 -7.0659 0.0000 196.8324 51.5287 310.7115 1.4968 1.5033 3.7044 -11.3312 1.7164 11.7046 -7.8239 0.4757
Car -1 -1 -7.1411 0.0000 198.3913 49.8296 375.0000 1.5081 1.5410 4.0290 -7.8339 1.6784 7.2031 -7.9500 0.4168
Car -1 -1 -7.5380 386.0212 184.0197 444.7787 217.3856 1.4521 1.5462 3.6814 -8.8390 1.4002 33.1673 -7.7968 0.4020
Car -1 -1 -2.9027 315.7361 187.7861 483.3561 244.2274 1.4973 1.5837 4.2276 -5.7447 1.5722 20.0203 -3.1790 0.2612
Car -1 -1 -4.8817 519.6935 179.8558 549.0076 202.2309 1.6167 1.5725 3.7594 -5.5639 1.2296 53.9632 -4.9844 0.2371
Car -1 -1 -4.8074 458.2368 179.3084 486.0136 202.3475 1.5912 1.5924 3.9644 -9.8232 1.1833 51.7720 -4.9944 0.2291
Car -1 -1 -7.6892 500.5668 180.7543 536.8828 206.6081 1.5472 1.6354 3.9263 -5.5544 1.2804 45.0155 -7.8117 0.1741
Car -1 -1 -8.5583 1015.0117 202.5212 1240.0000 375.0000 1.4927 1.6228 3.9432 2.9978 1.6002 2.3918 -7.7162 0.1389
Car -1 -1 -7.9938 662.7180 184.7261 717.0724 222.8858 1.4759 1.6550 4.1982 3.3016 1.4571 29.9277 -7.8854 0.0771
Car -1 -1 -4.8148 620.4328 179.1135 650.2286 204.8737 1.6470 1.5790 3.9762 1.7756 1.2570 47.9975 -4.7785 0.0735
Car -1 -1 -4.6130 435.7597 182.4698 479.5187 216.2478 1.5295 1.6628 4.1085 -7.2134 1.4053 34.6805 -4.8170 0.0664
Car -1 -1 -4.9451 633.5426 180.8676 677.3493 209.3223 1.5656 1.6525 3.9490 2.6766 1.3265 41.6364 -4.8818 0.0639
Car -1 -1 -4.7828 642.4092 181.4454 682.8854 214.8123 1.5709 1.6974 4.4365 2.6564 1.3936 36.0640 -4.7103 0.0600
