Car -1 -1 -4.2832 234.3076 195.1706 408.7095 283.0418 1.4132 1.6629 4.2852 -5.7630 1.9419 14.9106 -4.6467 0.9700
Car -1 -1 -8.1922 773.1280 183.6320 1030.3895 333.6017 1.4348 1.6499 3.9730 3.3015 1.6013 9.1790 -7.8582 0.9651
Car -1 -1 -4.3957 439.1593 186.4191 509.0831 227.2034 1.4866 1.6291 4.1538 -5.5815 2.0893 29.9075 -4.5792 0.9580
Car -1 -1 -8.0502 722.4183 177.2276 846.8046 267.2175 1.5506 1.6237 4.0565 3.3223 1.6517 14.6767 -7.8329 0.9530
Car -1 -1 -4.4298 365.1274 191.3815 454.7426 249.1906 1.4352 1.5441 3.5966 -5.7298 2.0177 20.8861 -4.6950 0.9483
Car -1 -1 -4.0870 0.0000 204.4364 222.1388 374.0000 1.4448 1.6346 3.9629 -5.9586 1.8628 7.5530 -4.7381 0.9339
Car -1 -1 -4.8980 679.6427 181.5088 744.8954 229.9754 1.4748 1.5219 3.6210 3.3402 1.7901 24.4636 -4.7646 0.9208
Car -1 -1 -7.9824 650.3043 179.6668 688.5119 209.7500 1.5061 1.5840 3.6206 3.1099 1.8897 38.8077 -7.9036 0.7942
Car -1 -1 -8.0274 665.3465 181.9526 720.8160 220.0981 1.4433 1.6258 4.0142 3.3744 1.8514 30.3359 -7.9183 0.4915
Car -1 -1 -8.1397 645.1838 178.5934 686.2487 205.9898 1.5940 1.5768 3.5973 3.3724 1.9647 44.7114 -8.0654 0.1844
Car -1 -1 -4.6019 341.1427 176.1694 375.6566 200.2469 1.3868 1.5515 4.1375 -15.4476 1.6003 44.3501 -4.9355 0.1471
Pedestrian -1 -1 -6.3697 828.4196 178.9366 847.5428 232.6722 1.5536 0.6131 0.4825 6.6734 1.7357 21.2909 -6.0706 0.1338
Car -1 -1 -8.5175 1033.7513 139.3569 1240.2107 225.3694 1.7461 1.6772 4.0482 11.8731 1.0658 16.7146 -7.9083 0.1189
Pedestrian -1 -1 -7.7191 691.4608 171.7126 703.7243 199.5228 1.8853 0.7441 0.7198 5.9618 1.8076 49.3559 -7.6001 0.1127
Cyclist -1 -1 -4.5308 437.5924 178.0895 460.8176 229.6667 1.7956 0.5328 1.6453 -5.8538 1.9909 26.1205 -4.7497 0.1124
Pedestrian -1 -1 -5.4398 677.4053 166.1782 696.5557 209.4384 2.0217 0.5902 0.6927 3.6033 1.7094 34.1740 -5.3362 0.0904
Car -1 -1 -4.6406 469.8075 183.5641 510.2433 217.1648 1.4868 1.6590 4.2935 -5.8900 2.0471 35.5524 -4.8041 0.0866
Car -1 -1 -4.6819 459.1928 176.1608 483.3476 198.4151 1.5401 1.6111 3.8657 -10.1046 1.7901 52.5751 -4.8712 0.0807
Car -1 -1 -8.3499 567.2013 176.5472 602.3243 196.2316 1.7866 1.6611 3.9124 -2.4432 2.1472 68.3875 -8.3859 0.0702
Cyclist -1 -1 -7.1716 333.9760 182.0608 373.5096 225.0116 1.6700 0.6425 1.6064 -10.4290 2.0545 29.2900 -7.5112 0.0582
Cyclist -1 -1 -4.6530 205.6528 175.2525 237.9374 239.2012 1.8214 0.7409 1.7748 -11.6405 1.8961 21.5846 -5.1428 0.0540
Car -1 -1 -7.7823 272.1384 164.5553 298.4378 191.8278 2.2726 1.7622 4.4034 -28.1051 1.5808 62.4946 -8.2036 0.0540
Pedestrian -1 -1 -3.2958 784.7015 163.0940 794.8269 191.9117 1.8716 0.6910 0.5415 11.7306 1.2374 47.2284 -3.0541 0.0533
Car -1 -1 -5.2380 724.6498 175.0668 782.4558 200.8563 1.4935 1.5891 4.1888 8.7314 1.6363 44.4088 -5.0455 0.0518
Cyclist -1 -1 -4.7247 273.1483 178.3320 290.7105 220.2486 1.6747 0.6451 1.6533 -13.6663 1.9084 29.9439 -5.1499 0.1666
Pedestrian -1 -1 -7.9007 123.4963 183.9431 153.0582 252.7470 1.7457 0.6208 0.6502 -12.4058 2.0427 18.8956 -8.4755 0.0966
Pedestrian -1 -1 -5.9258 72.5235 179.9402 121.3161 260.8885 1.8323 0.6546 0.7430 -11.9946 2.0011 16.8144 -6.5381 0.0891
Cyclist -1 -1 -4.6889 165.2262 190.1352 188.6445 257.4308 1.6448 0.4809 1.6602 -11.3862 2.1176 18.9092 -5.2250 0.0783
Cyclist -1 -1 -2.1350 132.4181 183.9406 197.3977 252.9783 1.7330 0.6055 1.7729 -11.7692 2.0346 18.9883 -2.6839 0.0754
Cyclist -1 -1 -3.8773 804.1941 173.1923 840.0049 212.9556 1.7927 0.6103 1.5809 9.7076 1.8082 33.1608 -3.5955 0.0732
Cyclist -1 -1 -8.1696 802.0941 176.0408 823.4407 214.5214 1.7236 0.4709 1.5870 9.2918 1.8737 33.2544 -7.9000 0.0690
Cyclist -1 -1 -4.5166 305.9745 183.7434 333.1697 237.1526 1.6437 0.5089 1.6261 -9.4494 2.0093 23.3966 -4.8970 0.0688
Cyclist -1 -1 -4.9171 808.2731 177.2969 827.0155 214.0321 1.6495 0.5286 1.5167 9.5491 1.8594 33.3623 -4.6413 0.0635
Cyclist -1 -1 -7.6839 150.3316 170.6848 162.8355 198.7843 1.6862 0.3816 1.5874 -27.7432 1.5557 44.1037 -8.2428 0.0584
Pedestrian -1 -1 -4.8467 195.9118 179.1012 226.7226 257.1291 1.8538 0.5660 0.7686 -9.8325 2.0109 17.6964 -5.3478 0.0570
Cyclist -1 -1 -5.1004 1170.0848 171.3261 1241.0000 311.1227 1.5060 0.4606 1.5857 7.2487 1.4892 8.5986 -4.4173 0.0557
Cyclist -1 -1 -5.5909 91.7344 187.1577 180.7240 253.9650 1.6706 0.7099 1.9212 -12.3179 2.0503 18.7051 -6.1670 0.0546
Cyclist -1 -1 -4.6793 260.7717 175.7495 278.4417 219.9019 1.7391 0.5930 1.7072 -13.9214 1.8605 29.4391 -5.1178 0.0513
Cyclist -1 -1 -4.1546 450.9736 182.2446 469.5520 207.2088 1.5818 0.5161 1.4143 -9.7877 2.2035 47.0382 -4.3591 0.0510
Car -1 -1 -3.8347 992.2122 153.4906 1241.0000 269.4057 1.5995 1.6366 4.1960 8.2277 1.3320 10.8989 -3.2014 0.8522
Car -1 -1 -4.6092 503.3104 181.9178 536.2671 208.1904 1.5130 1.6305 4.0697 -5.6163 2.1039 45.0181 -4.7331 0.6327
Car -1 -1 -6.9833 1182.1442 167.1182 1241.0000 308.9690 1.3910 1.5254 4.0527 9.0690 1.3345 8.0838 -6.1588 0.4771
Car -1 -1 -1.8911 132.1679 174.3428 181.8863 198.8374 1.4619 1.5865 3.5767 -28.3203 1.5581 45.0269 -2.4500 0.3293
Car -1 -1 -4.5781 521.5078 178.6123 550.2370 202.0896 1.6836 1.6455 4.0416 -5.6181 2.1369 54.7923 -4.6803 0.2844
Car -1 -1 -5.7835 5.3472 188.0315 179.7698 243.6767 1.4988 1.5547 3.8496 -14.9661 1.9604 20.9675 -6.3976 0.2132
Car -1 -1 -5.2156 750.7247 174.9204 817.4334 206.2627 1.5592 1.6366 4.1500 9.1449 1.6753 38.4061 -4.9840 0.2009
Car -1 -1 -3.8593 1082.1282 154.6701 1241.0000 374.0000 1.5265 1.5987 3.7680 4.7251 1.4638 3.5744 -2.9754 0.1538
Car -1 -1 -4.7080 523.6693 182.9819 546.5981 205.2178 1.4392 1.5312 3.5149 -5.2317 2.1690 50.1875 -4.8118 0.1413
Car -1 -1 -4.3096 86.5443 184.2091 197.1496 233.8123 1.4204 1.5248 4.1820 -15.3548 1.8299 23.8505 -4.8767 0.1172
Car -1 -1 -4.7461 105.5422 196.2318 194.2299 273.9846 1.4537 1.5676 3.6916 -10.7037 2.0562 16.6392 -5.3108 0.0960
Car -1 -1 -4.4021 210.0367 180.7209 288.7596 223.1179 1.4890 1.5418 4.1931 -14.0886 1.8215 28.3392 -4.8600 0.0904
Car -1 -1 -7.5142 165.5719 166.4854 221.6650 195.0820 1.6937 1.7503 4.0970 -25.8655 1.3162 44.9078 -8.0344 0.0884
Car -1 -1 -4.7696 495.3181 181.9402 523.7286 205.3878 1.4689 1.6751 4.0993 -6.9004 2.1138 49.0602 -4.9090 0.0844
Car -1 -1 -4.6830 459.2740 178.8838 484.1966 201.6080 1.5537 1.6661 4.0129 -10.0666 2.0103 52.5664 -4.8717 0.0797
Car -1 -1 -4.4456 167.4691 188.3179 261.0715 248.4721 1.5492 1.5274 3.6099 -11.7189 2.0512 21.5060 -4.9397 0.0790
Car -1 -1 -3.4888 428.5673 183.9406 504.3558 208.6636 1.4328 1.6943 4.3531 -9.0301 2.1573 45.3248 -3.6848 0.0770
Car -1 -1 -2.4411 0.0000 194.1271 143.8204 252.7169 1.4195 1.5640 3.8915 -14.7440 2.0048 18.9877 -3.0947 0.0729
Car -1 -1 -4.8305 557.2534 179.0796 588.2084 203.4087 1.5973 1.6825 4.1818 -2.6913 2.0535 50.7035 -4.8838 0.0647
Car -1 -1 -4.9724 784.8247 180.4332 840.0800 214.6019 1.4911 1.5492 3.9369 9.5175 1.8722 34.3365 -4.7048 0.0618
Car -1 -1 -4.8845 534.6930 176.6081 572.1355 204.5436 1.6715 1.6814 4.1723 -3.6888 1.9222 46.0032 -4.9645 0.0554
Car -1 -1 -5.2273 723.5161 177.6490 780.4988 203.4792 1.4774 1.5647 4.1821 8.6208 1.7865 44.3278 -5.0370 0.0508
