Car -1 -1 -7.3000 369.8720 180.4024 518.9611 250.7402 1.4593 1.5918 4.1471 -3.9307 1.6670 17.6663 -7.5164 0.9702
Pedestrian -1 -1 -5.2743 796.8634 153.9503 833.9403 220.3340 1.9920 0.6271 1.0600 6.2743 1.4244 22.2487 -5.0034 0.2001
Pedestrian -1 -1 -6.3536 561.2220 163.0375 577.7413 199.7307 1.9125 0.5971 0.8268 -2.1732 1.4006 37.9566 -6.4108 0.1407
Car -1 -1 -4.9070 1100.8215 160.4113 1137.5531 180.6859 1.5313 1.6052 3.9609 39.8843 0.5912 56.6337 -4.2960 0.1381
Car -1 -1 -5.5679 899.5242 166.0785 957.5064 184.8087 1.4835 1.6817 4.3202 26.1580 0.9465 59.4596 -5.1555 0.1226
Car -1 -1 -7.5211 562.8677 158.0420 687.6821 240.9649 1.9099 1.8425 4.7703 0.5207 1.5684 19.1752 -7.4952 0.0956
Car -1 -1 -8.7904 1217.4275 152.8072 1241.0000 210.3410 1.6222 1.6723 3.7775 21.3690 1.0567 22.3522 -8.0342 0.0905
Cyclist -1 -1 -4.7039 117.2958 178.6722 130.8478 216.6768 1.8228 0.5380 1.9053 -24.1682 2.1191 35.8399 -5.2939 0.0718
Pedestrian -1 -1 -4.1240 854.6856 162.2377 868.4130 189.8634 1.8657 0.5552 0.7614 17.1135 1.1484 49.1800 -3.7912 0.0687
Car -1 -1 -7.8456 1073.6852 157.8438 1104.1447 181.9968 1.5543 1.6488 4.0211 32.2009 0.5880 48.5607 -7.2629 0.0678
Car -1 -1 -8.6693 933.6343 160.8148 994.6104 183.0632 1.6277 1.6885 4.1331 26.9053 0.7466 55.0193 -8.2167 0.0674
Car -1 -1 -8.5098 900.1956 169.0668 944.6003 186.3560 1.6300 1.6348 4.3760 30.3795 1.2726 70.3474 -8.1039 0.0649
Car -1 -1 -4.3262 284.5423 184.8211 337.1533 211.8302 1.6005 1.6493 4.3008 -19.3666 2.4125 46.8196 -4.7168 0.0648
Pedestrian -1 -1 -6.5161 489.9512 179.1913 502.8949 204.5575 1.8150 0.5441 0.8221 -8.2538 2.2770 52.2375 -6.6725 0.0634
Car -1 -1 -4.9151 593.7980 173.6893 623.9963 194.9028 1.6754 1.6737 4.1599 -0.1557 1.7463 59.3654 -4.9181 0.0602
Car -1 -1 -4.3487 604.0267 174.5722 660.8283 204.1968 1.4349 1.6323 3.9798 1.1815 1.5286 37.3480 -4.3178 0.0590
Car -1 -1 -7.1066 246.1167 174.2351 291.3799 194.1629 1.8192 1.6438 3.9213 -32.2631 1.9537 68.2808 -7.5467 0.0581
Car -1 -1 -4.0702 0.0000 189.6550 32.9967 226.0571 2.0036 1.7182 4.0725 -37.3995 3.0701 43.7259 -4.7749 0.0551
Car -1 -1 -4.8340 250.5152 187.2439 291.3364 216.7578 1.4506 1.5561 4.0053 -18.6982 2.2828 39.6311 -5.2726 0.0532
Pedestrian -1 -1 -5.4230 135.7133 173.3317 150.4297 213.1642 1.8632 0.5157 0.2944 -22.0722 1.8857 34.0471 -5.9948 0.0508
Car -1 -1 -4.6863 0.0000 190.7160 29.0094 219.3038 1.7588 1.7474 4.1463 -40.8667 3.0321 49.2750 -5.3762 0.0507
Car -1 -1 -7.2707 1147.8910 150.1547 1241.0000 374.0000 1.5508 1.6511 4.2297 5.1310 1.4737 3.3358 -6.3163 0.0502
Pedestrian -1 -1 -8.2705 791.3773 163.0079 809.7972 200.8012 1.8554 0.6198 0.7817 9.4273 1.3718 35.8593 -8.0158 0.2443
Cyclist -1 -1 -4.5492 451.0245 178.3031 465.7988 207.6979 1.7094 0.5971 1.6992 -9.0905 2.0414 43.1411 -4.7561 0.1399
Cyclist -1 -1 -4.6356 167.8762 181.4281 192.5256 241.1382 1.6716 0.5013 1.5406 -12.6825 1.9331 21.2315 -5.1688 0.1383
Cyclist -1 -1 -4.6198 158.2892 183.4151 181.4667 242.6331 1.6087 0.4181 1.5738 -12.6545 1.9229 20.6856 -5.1634 0.0892
Cyclist -1 -1 -4.3884 141.5776 178.5339 183.4747 238.5728 1.6940 0.5660 1.6102 -13.2754 1.8686 21.3667 -4.9390 0.0839
Pedestrian -1 -1 -7.3041 783.5118 164.4675 800.0576 198.1803 1.8875 0.6982 0.6001 10.2556 1.4176 40.8561 -7.0603 0.0727
Cyclist -1 -1 -4.5465 445.3530 176.7519 460.0117 206.4644 1.7341 0.5916 1.6596 -9.4409 1.9716 43.1760 -4.7609 0.0726
Pedestrian -1 -1 -5.2430 351.4724 179.0061 373.5367 220.3293 1.7409 0.6654 0.6380 -10.6740 2.0088 30.9943 -5.5724 0.0714
Cyclist -1 -1 -5.3702 133.2778 178.0558 190.6227 238.0031 1.7155 0.6179 1.5588 -13.2819 1.8729 21.3108 -5.9222 0.0630
Cyclist -1 -1 -4.3785 174.5007 174.9985 215.0232 236.0289 1.7429 0.5662 1.5434 -12.3837 1.8088 21.4728 -4.8965 0.0566
Cyclist -1 -1 -4.3273 134.8971 183.8353 180.4163 243.5679 1.6123 0.5010 1.6905 -12.9818 1.9399 20.6725 -4.8825 0.0545
Car -1 -1 -3.8830 21.4815 189.1165 202.4265 263.6644 1.4644 1.4984 3.2916 -11.4175 1.8810 16.7242 -4.4749 0.9677
Car -1 -1 -7.7846 719.5626 168.1731 753.6769 198.9811 1.6431 1.6230 4.0661 7.1383 1.3932 40.6503 -7.6124 0.7986
Car -1 -1 -4.2310 358.7705 181.0763 441.6610 220.9448 1.4799 1.5889 4.0405 -8.6049 1.8436 29.8041 -4.5102 0.7047
Car -1 -1 -4.3623 0.0000 202.8771 44.5529 239.2814 1.5340 1.4765 3.7476 -29.6934 3.1044 35.7362 -5.0521 0.5378
Car -1 -1 -4.5648 503.5558 180.7606 537.9675 204.6753 1.4408 1.6110 4.3238 -5.8069 1.9804 47.0942 -4.6873 0.3259
Car -1 -1 -4.5718 536.8536 179.6837 561.3084 198.1127 1.5225 1.5858 4.0408 -5.3262 2.1400 63.2010 -4.6559 0.3235
Car -1 -1 -4.2127 411.0017 180.3954 468.0296 208.1612 1.4820 1.5265 3.8963 -9.8292 1.9396 41.7249 -4.4430 0.2897
Car -1 -1 -4.7925 135.1339 190.5002 209.6011 246.2427 1.3457 1.5297 3.7949 -12.6391 1.8993 20.6636 -5.3360 0.2029
Car -1 -1 -4.7818 516.5604 177.2193 549.2955 204.6738 1.4980 1.6228 3.9238 -4.5744 1.7650 42.1037 -4.8898 0.1106
Car -1 -1 -4.7444 765.2836 169.6880 802.4477 202.7634 1.4981 1.5947 3.9193 8.2815 1.3544 34.7601 -4.5128 0.0934
Car -1 -1 -4.7514 381.6214 183.2383 412.8513 209.4768 1.4109 1.6133 3.9689 -12.6414 2.0549 42.6287 -5.0384 0.0865
Car -1 -1 -4.4137 418.2090 180.4619 492.3259 221.3703 1.4090 1.6322 4.1511 -5.9022 1.7243 27.7892 -4.6215 0.0654
Car -1 -1 -7.6857 361.7971 182.2255 412.9316 217.3810 1.4540 1.5964 3.8845 -10.1380 1.9081 32.9528 -7.9823 0.0635
Car -1 -1 -4.7417 398.9040 181.7556 432.0579 211.8418 1.4210 1.5415 3.7517 -10.1290 1.9057 37.2917 -5.0055 0.0508
