Pedestrian -1 -1 -8.4240 709.6193 169.1461 727.4698 202.4686 1.9235 0.7097 0.8023 6.3034 1.7092 42.1617 -8.2771 0.5438
Pedestrian -1 -1 -3.2503 626.7700 161.5123 686.9453 276.5724 1.8512 0.4799 0.9383 0.7071 1.6684 11.8728 -3.1936 0.1559
Pedestrian -1 -1 -4.0114 1074.6864 131.3703 1097.7242 175.2695 1.7404 0.5601 0.5326 19.0596 0.0955 28.9508 -3.4336 0.1196
Pedestrian -1 -1 -7.7986 270.9653 180.4440 289.5352 227.1993 1.7594 0.6099 0.7107 -12.7154 2.0555 27.7365 -8.2252 0.1117
Pedestrian -1 -1 -6.5428 1222.3721 152.8427 1241.0000 224.1976 1.7158 0.4985 0.3260 15.2155 1.2343 17.6457 -5.8397 0.1058
Pedestrian -1 -1 -6.0886 565.3881 175.4430 583.5081 207.8753 1.7521 0.5472 0.8993 -1.9753 1.8942 39.3681 -6.1390 0.1042
Pedestrian -1 -1 -6.1097 573.5160 169.0497 590.7721 203.6594 1.9925 0.5712 0.9168 -1.6509 1.7732 41.8834 -6.1494 0.0963
Pedestrian -1 -1 -3.6236 1090.6700 157.2622 1117.7910 217.2357 1.7462 0.5545 0.4527 14.5414 1.2920 21.3094 -3.0315 0.0954
Pedestrian -1 -1 -5.2535 1200.5552 146.3201 1241.0000 239.4640 1.7388 0.5238 0.6964 11.8051 1.2431 13.8535 -4.5585 0.0810
Car -1 -1 -7.8486 828.6053 174.4153 907.3351 242.9427 1.4861 1.6460 4.1522 6.3521 1.5296 17.9812 -7.5149 0.0722
Car -1 -1 -7.6749 494.6447 172.6739 520.4769 191.9605 1.7301 1.6511 4.1845 -9.4751 1.7136 66.8480 -7.8154 0.0720
Cyclist -1 -1 -4.2253 255.9765 180.8566 292.7208 231.1904 1.6741 0.4888 1.5415 -11.6714 1.9601 25.0302 -4.6580 0.0711
Car -1 -1 -5.5438 1210.6720 109.5026 1241.0000 158.1637 1.4772 1.6145 3.7702 23.2647 -0.5496 25.0293 -4.8002 0.0709
Pedestrian -1 -1 -7.8718 303.0270 182.7210 315.8854 220.0215 1.6555 0.5268 0.5263 -13.6030 2.1051 32.5532 -8.2651 0.0685
Cyclist -1 -1 -5.4698 1019.2993 160.7166 1091.5820 236.7358 1.6098 0.4002 1.5556 9.8399 1.3525 16.0819 -4.9292 0.0663
Car -1 -1 -4.8262 590.9806 173.7074 612.7501 190.9488 1.5704 1.5809 4.2088 -0.8186 1.6533 68.1234 -4.8385 0.0611
Pedestrian -1 -1 -4.2292 1038.6581 134.4258 1058.7192 180.2940 1.7768 0.5340 0.4301 17.1533 0.2879 28.2896 -3.6886 0.0571
Car -1 -1 -4.3881 195.8335 183.9622 283.2684 233.8466 1.5636 1.6030 3.8064 -13.0200 1.9867 25.5046 -4.8562 0.0561
Pedestrian -1 -1 -8.7214 772.4963 165.7470 790.1272 202.6983 1.8193 0.7097 0.5196 8.4942 1.4691 35.9456 -8.4916 0.0549
Pedestrian -1 -1 -7.9321 483.2730 176.8445 496.5742 210.5374 1.8065 0.6758 0.4654 -6.5409 2.0239 39.0662 -8.0974 0.0509
Car -1 -1 -8.5027 1036.3971 122.9608 1144.6676 163.5036 1.5414 1.6580 4.0822 20.1154 -0.4226 30.4923 -7.9236 0.0503
Pedestrian -1 -1 -5.4341 321.3755 174.8297 342.1083 211.5517 1.8860 0.5976 0.8460 -14.5261 1.9898 37.5678 -5.8011 0.1808
Pedestrian -1 -1 -6.8099 808.7046 154.8192 871.5896 277.7607 1.8511 0.6528 0.6985 3.5266 1.5793 11.2622 -6.5149 0.1785
Pedestrian -1 -1 -5.4077 311.3940 172.9600 328.6741 212.7025 1.8984 0.5393 0.5624 -14.0405 1.9033 34.8390 -5.7885 0.1330
Pedestrian -1 -1 -4.7795 302.4398 171.6930 319.1487 214.2255 1.9605 0.6753 0.7242 -14.0318 1.9067 33.7326 -5.1712 0.1152
Pedestrian -1 -1 -5.3605 861.0628 136.4687 943.5887 278.8798 2.0100 0.6592 1.0071 4.2807 1.4961 10.7586 -4.9921 0.1146
Cyclist -1 -1 -4.4823 571.5707 174.4227 587.6072 201.5261 1.7511 0.6794 1.7481 -2.0324 1.8564 47.6460 -4.5252 0.0573
Pedestrian -1 -1 -4.8811 833.7991 147.5247 892.9903 280.4115 1.8882 0.6692 0.9584 3.7077 1.5280 10.7772 -4.5591 0.0564
Pedestrian -1 -1 -6.4514 506.9942 174.7956 517.1874 199.9951 1.6786 0.6148 0.5839 -6.6156 1.8099 48.5030 -6.5866 0.0534
Cyclist -1 -1 -7.6198 409.3470 181.9108 417.5226 199.2274 1.5842 0.3952 1.5293 -18.4287 2.4419 67.5861 -7.8854 0.0527
Car -1 -1 -4.5530 492.5741 180.8979 539.4346 214.0367 1.4480 1.6297 3.8091 -4.4605 1.8526 34.3921 -4.6815 0.9381
Car -1 -1 -3.0851 488.7300 177.6403 551.5089 200.9774 1.5388 1.6833 4.1390 -6.0882 1.8698 48.9568 -3.2086 0.6649
Car -1 -1 -4.1588 544.3425 178.6444 594.5541 202.8801 1.4966 1.5771 3.7332 -2.6608 1.8940 47.5362 -4.2149 0.2832
Car -1 -1 -7.7320 272.5085 168.9496 320.1310 215.9901 2.1488 1.6677 3.7271 -15.1824 1.9702 34.9827 -8.1390 0.2588
Car -1 -1 -4.6629 382.4966 181.2126 405.8670 198.8475 1.4068 1.7184 4.0264 -18.4649 2.1471 61.7684 -4.9526 0.1551
Car -1 -1 -4.3201 400.2974 179.8623 432.5517 196.7339 1.5192 1.5615 3.9915 -18.4311 2.2072 68.7816 -4.5812 0.0965
