Pedestrian -1 -1 -4.6600 7.3779 156.6789 50.6869 257.1897 1.8841 0.6105 0.7774 -11.3266 1.5806 14.0189 -5.3304 0.1665
Cyclist -1 -1 -8.1159 722.4506 160.6931 739.0463 193.9790 1.7230 0.4440 1.6704 6.3451 1.0932 38.2031 -7.9529 0.1276
Pedestrian -1 -1 -8.0963 1154.6766 132.2594 1212.7570 246.1388 1.9546 0.6623 0.6554 10.1199 1.2575 12.8176 -7.4394 0.0975
Cyclist -1 -1 -2.7046 162.3732 177.2496 272.9588 269.9327 1.6818 0.6742 1.6944 -7.3718 1.7662 13.5121 -3.1962 0.0881
Cyclist -1 -1 -4.3188 0.0000 140.1985 77.3074 347.0195 2.0143 0.8205 1.7902 -6.8171 1.6959 8.0030 -5.0081 0.0582
Car -1 -1 -5.1682 659.0867 170.6361 715.1678 197.8534 1.5088 1.6227 4.0697 4.4099 1.3856 42.1886 -5.0651 0.0524
Pedestrian -1 -1 -5.7910 494.5902 173.2808 502.3269 203.3298 1.7288 0.4511 0.2607 -6.4937 1.7534 41.7754 -5.9447 0.0512
Pedestrian -1 -1 -4.7658 505.4076 169.0673 523.5372 212.7176 1.8876 0.7529 0.6400 -4.2277 1.7235 31.5853 -4.8983 0.3875
Pedestrian -1 -1 -7.9205 548.9308 166.4078 562.6316 200.9199 1.8425 0.6972 0.5929 -2.9611 1.4981 38.8638 -7.9965 0.2733
Cyclist -1 -1 -2.8534 732.9543 159.7559 777.7037 202.3309 1.8342 0.6977 1.8111 6.3617 1.2696 31.8144 -2.6583 0.2462
Pedestrian -1 -1 -4.7325 412.4857 173.8824 430.0925 223.5871 1.7850 0.6082 0.6725 -6.9366 1.8228 26.3346 -4.9880 0.1719
Pedestrian -1 -1 -4.0052 943.6392 147.8656 1038.9761 301.3615 1.8281 0.5456 0.9990 4.7158 1.5302 9.0380 -3.5385 0.1334
Pedestrian -1 -1 -5.7113 96.0123 153.8094 111.3401 183.2509 1.7195 0.5729 0.5086 -29.8122 0.6069 42.4368 -6.3209 0.1333
Pedestrian -1 -1 -3.6240 836.6399 144.3607 935.8317 299.5059 1.8865 0.5125 1.0509 3.4139 1.5397 9.0981 -3.2767 0.1054
Pedestrian -1 -1 -7.2784 985.8325 138.5699 1080.4452 294.7682 1.8451 0.5689 1.0157 5.2271 1.4398 9.0115 -6.7676 0.0882
Pedestrian -1 -1 -5.5583 964.6110 153.7860 1062.1737 314.8322 1.7802 0.5537 0.8401 4.6563 1.5691 8.4664 -5.0710 0.0812
Cyclist -1 -1 -7.4530 97.0863 152.1056 118.7993 181.2937 1.6918 0.4448 1.6449 -29.7146 0.4889 42.6712 -8.0584 0.0797
Cyclist -1 -1 -4.2594 119.3095 141.1495 152.7825 181.6815 1.6928 0.5040 1.7039 -20.3938 0.3684 31.0123 -4.8372 0.0767
Pedestrian -1 -1 -4.9592 572.4843 165.3362 584.7092 195.0837 1.8562 0.6209 0.6806 -2.0140 1.3868 45.4379 -5.0036 0.0767
Pedestrian -1 -1 -3.1922 1173.1278 132.7320 1241.0000 287.6506 1.8303 0.5241 0.8718 7.5261 1.3560 8.9934 -2.5118 0.0735
Pedestrian -1 -1 -4.7361 794.1848 156.7087 834.5479 269.0634 1.7958 0.6168 0.7758 3.3265 1.5374 11.9826 -4.4726 0.0735
Pedestrian -1 -1 -4.1814 913.3135 147.3036 1003.5066 311.1212 1.8059 0.5841 0.9035 4.0254 1.5239 8.4520 -3.7513 0.0704
Pedestrian -1 -1 -6.3693 761.2324 168.4069 810.3507 254.9928 1.7052 0.5626 0.9125 3.4807 1.6173 14.5531 -6.1401 0.0683
Pedestrian -1 -1 -6.0040 993.7214 146.5784 1095.2926 312.7448 1.8272 0.5808 0.9019 5.0290 1.5380 8.4599 -5.4837 0.0680
Pedestrian -1 -1 -7.7042 444.2624 176.9345 462.1511 217.7037 1.6753 0.6640 0.4652 -6.5496 1.8458 29.9529 -7.9182 0.0675
Pedestrian -1 -1 -2.9629 586.9352 165.5302 601.0516 191.4709 1.8291 0.5465 0.9199 -1.1652 1.3124 51.2183 -2.9859 0.0672
Pedestrian -1 -1 -5.2210 562.9105 164.4461 577.9146 195.6894 1.8183 0.6693 0.6080 -2.3649 1.3287 42.4285 -5.2767 0.0626
Pedestrian -1 -1 -5.5740 89.7916 151.6847 106.7639 182.8045 1.8083 0.6077 0.5469 -30.0004 0.5779 42.2545 -6.1885 0.0623
Pedestrian -1 -1 -6.6968 890.1434 146.7409 994.9816 301.0220 1.8698 0.5638 1.0513 4.0837 1.5530 9.0274 -6.2852 0.0619
Pedestrian -1 -1 -7.4314 342.4024 173.6859 362.7083 221.2285 1.8409 0.6114 0.4633 -10.1048 1.8734 28.2028 -7.7729 0.0610
Cyclist -1 -1 -7.4809 92.6343 150.3688 115.3392 179.8930 1.7093 0.4697 1.8110 -29.9732 0.4072 42.7091 -8.0900 0.0599
Pedestrian -1 -1 -6.5618 133.2840 143.9046 149.7197 185.7085 1.7714 0.6038 0.4434 -20.1330 0.5444 30.9398 -7.1348 0.0578
Cyclist -1 -1 -4.8740 733.1177 164.7553 748.1890 199.6140 1.6405 0.4651 1.5490 6.2406 1.2591 34.7347 -4.6981 0.0567
Pedestrian -1 -1 -6.7793 122.9558 142.3924 140.7856 184.7286 1.8107 0.6041 0.4046 -20.7053 0.5076 31.1816 -7.3616 0.0547
Cyclist -1 -1 -7.7056 72.5483 141.2020 96.3206 183.3215 1.7327 0.5583 1.7424 -22.3065 0.4303 30.5848 -8.3317 0.0544
Pedestrian -1 -1 -4.1510 1007.1810 142.5303 1101.3358 301.1413 1.8126 0.5757 0.9219 5.3053 1.4658 8.7135 -3.6197 0.0540
Cyclist -1 -1 -7.7837 523.4688 168.2815 535.3530 202.2804 1.6361 0.4643 1.7296 -4.0089 1.4157 35.5951 -7.8955 0.0532
Pedestrian -1 -1 -5.6275 598.6022 166.9135 609.3739 190.3504 1.7094 0.6454 0.5028 -0.4709 1.2758 53.0358 -5.6366 0.0531
Pedestrian -1 -1 -5.4131 940.4572 151.9211 1037.4252 313.8127 1.7868 0.5804 0.8613 4.3578 1.5555 8.4508 -4.9520 0.0523
Cyclist -1 -1 -2.6854 71.5080 137.3236 124.8534 182.4450 1.8403 0.6518 1.6885 -21.2240 0.3909 29.8823 -3.2988 0.0518
Pedestrian -1 -1 -6.0951 606.9786 166.0350 615.3645 188.5147 1.7647 0.5110 0.5771 0.0662 1.2291 56.9473 -6.0943 0.0510
Cyclist -1 -1 -2.8612 510.5432 165.9379 548.2025 203.6579 1.8102 0.6459 1.7083 -3.9570 1.4780 35.0880 -2.9731 0.0509
Pedestrian -1 -1 -6.3843 1171.8075 133.2836 1241.0000 289.0958 1.7801 0.5247 0.8440 7.2730 1.3277 8.6936 -5.7046 0.0503
Cyclist -1 -1 -4.1209 107.4310 140.4483 147.6993 181.1608 1.6930 0.5277 1.7791 -20.6756 0.3451 30.8951 -4.7067 0.0503
Car -1 -1 -4.3316 130.8430 175.6839 429.5079 350.6081 1.6820 1.7996 4.4473 -3.8175 1.7266 9.2353 -4.7143 0.9222
Car -1 -1 -7.7370 662.1159 168.1330 702.8461 201.2871 1.4872 1.5514 3.2735 3.4278 1.2752 34.1317 -7.6382 0.9182
Car -1 -1 -4.0882 0.0000 175.3746 256.8450 374.0000 1.7345 1.7129 4.3145 -3.7403 1.7559 3.9795 -4.8098 0.7254
Car -1 -1 -4.5295 614.7797 167.5769 647.4028 191.7813 1.5867 1.5651 3.8139 1.4483 1.2405 49.3284 -4.5006 0.2987
Car -1 -1 -4.5153 0.0000 191.7278 108.6463 374.0000 1.5162 1.5533 3.5567 -6.8591 1.7778 8.0770 -5.2032 0.1906
Car -1 -1 -2.0453 38.8466 142.6767 137.6885 181.3883 1.5312 1.6928 4.0643 -21.9062 0.3373 30.2187 -2.6684 0.1317
Car -1 -1 -7.7157 557.0159 165.3839 590.4177 192.1601 1.6763 1.7084 3.4995 -2.3577 1.2083 46.9885 -7.7659 0.1289
Car -1 -1 -4.9285 459.2048 177.4812 510.3415 212.2539 1.4892 1.5703 3.7037 -5.8967 1.7162 33.4466 -5.1021 0.1213
Car -1 -1 -4.5477 601.2844 168.6962 630.7183 189.6920 1.5302 1.6058 3.9611 0.4630 1.2269 54.6772 -4.5396 0.0988
Car -1 -1 -4.6148 720.2704 161.4837 744.0612 180.4480 1.6560 1.7049 4.4569 11.0792 0.6628 65.3800 -4.4478 0.0896
Car -1 -1 -7.9303 646.2974 164.7148 666.5561 181.4357 1.5265 1.5976 3.9567 4.3181 0.7832 67.8612 -7.8672 0.0834
Car -1 -1 -7.6295 64.1445 148.9922 115.4853 176.7980 1.5797 1.6781 3.7736 -31.0032 0.2238 43.0560 -8.2507 0.0818
Car -1 -1 -7.2762 1213.7725 125.8563 1241.0000 374.0000 1.6398 1.6569 4.2505 6.9893 1.3687 5.1639 -6.3689 0.0770
Car -1 -1 -4.4181 83.5351 147.1467 141.6963 175.8289 1.5763 1.6944 3.9368 -28.7560 0.1632 41.7868 -5.0180 0.0679
Car -1 -1 -6.3683 499.9168 169.6180 564.3140 193.3744 1.5282 1.6409 4.0988 -5.1911 1.3197 47.6146 -6.4767 0.0569
