Cyclist -1 -1 -7.6113 149.7683 158.4019 172.2995 193.2747 1.7125 0.5515 1.7707 -22.6499 1.0025 36.3600 -8.1653 0.1328
Pedestrian -1 -1 -4.6532 194.7594 172.7298 228.8243 267.0721 1.8917 0.5772 0.6077 -8.2478 1.8889 14.8656 -5.1526 0.1150
Pedestrian -1 -1 -2.1799 68.4346 201.3628 146.5372 334.5964 1.5753 0.4532 0.7578 -6.3383 1.9453 9.0255 -2.7787 0.1133
Cyclist -1 -1 -4.5105 456.3473 175.9299 470.0215 205.1816 1.6336 0.4525 1.6152 -8.4273 1.8127 41.2725 -4.7111 0.1133
Pedestrian -1 -1 -5.8504 669.7658 175.7606 703.5724 235.8050 1.6545 0.6111 0.7651 2.1178 1.7382 20.3838 -5.7492 0.0890
Pedestrian -1 -1 -3.5627 241.8611 181.4942 283.6381 268.3855 1.7361 0.5501 0.6069 -7.2258 1.9192 14.9071 -4.0076 0.0848
Pedestrian -1 -1 -6.8919 441.6561 172.1764 455.0737 213.2989 1.8861 0.5365 0.3650 -7.5264 1.8547 33.4095 -7.1123 0.0794
Car -1 -1 -4.7820 616.6740 175.2867 650.0818 204.9223 1.6115 1.6343 4.0823 1.2662 1.7586 41.6471 -4.7523 0.0666
Car -1 -1 -7.1448 0.0000 197.7450 73.8455 374.0000 1.5400 1.6164 4.0324 -7.1374 1.8398 6.6171 -7.9479 0.0615
Pedestrian -1 -1 -8.3647 423.3472 169.3127 445.1095 215.7331 1.9397 0.6227 0.7247 -7.5053 1.7914 30.6273 -8.6035 0.0562
Pedestrian -1 -1 -5.9097 442.2411 175.4025 460.1909 213.8621 1.7989 0.6678 0.6305 -7.5591 1.9206 34.1780 -6.1262 0.0528
Pedestrian -1 -1 -6.5164 560.6556 173.1339 577.5649 202.6199 1.8482 0.5443 0.9676 -2.6218 1.8657 45.6327 -6.5739 0.4759
Pedestrian -1 -1 -5.3002 638.1071 177.1320 659.9534 217.5534 1.6211 0.5700 0.7513 1.5491 1.7985 29.5042 -5.2489 0.3217
Cyclist -1 -1 -2.9619 569.8904 174.0269 601.1108 203.0692 1.7605 0.7208 1.8152 -1.5332 1.8329 44.2644 -2.9968 0.2041
Cyclist -1 -1 -8.0224 814.0807 166.8798 847.7369 238.2489 1.6513 0.5027 1.6208 5.2958 1.5128 17.5289 -7.7343 0.1722
Pedestrian -1 -1 -4.4212 1128.9199 137.2253 1240.3665 330.3448 1.7591 0.6625 0.8256 5.5820 1.4343 7.0837 -3.7744 0.0911
Cyclist -1 -1 -8.0527 803.1108 173.1871 835.3766 240.1210 1.5675 0.4406 1.5963 5.0686 1.5757 17.7177 -7.7792 0.0908
Cyclist -1 -1 -7.9836 826.6828 166.4448 860.1481 238.5846 1.6741 0.5560 1.6241 5.6199 1.5250 17.5919 -7.6799 0.0826
Pedestrian -1 -1 -6.4303 600.8211 174.3316 608.6047 196.0121 1.8209 0.8376 0.5413 -0.4747 1.9467 61.1186 -6.4385 0.0648
Cyclist -1 -1 -3.5867 794.3689 169.9150 870.7734 238.8114 1.6227 0.6613 1.6414 5.3197 1.5532 17.4471 -3.2962 0.0643
Cyclist -1 -1 -7.6157 608.4175 176.3586 618.3723 199.5310 1.6116 0.3492 1.5665 0.2151 1.8640 51.2264 -7.6120 0.0623
Pedestrian -1 -1 -3.5339 1049.2189 136.2035 1150.0007 296.9731 1.8114 0.5396 0.8315 5.6665 1.3982 8.4698 -2.9608 0.0620
Pedestrian -1 -1 -3.6681 1097.5983 162.4206 1197.9598 314.1325 1.4958 0.5080 0.6555 5.4351 1.3927 7.3959 -3.0537 0.0537
Pedestrian -1 -1 -3.4627 1023.8137 144.2875 1074.5697 284.4810 1.7605 0.5766 0.3934 5.6436 1.4014 9.3831 -2.9356 0.0520
Cyclist -1 -1 -8.0087 648.7246 175.6488 666.3483 221.4030 1.6773 0.4206 1.5915 1.7478 1.7861 27.3621 -7.9463 0.0514
Pedestrian -1 -1 -3.4552 1037.6107 135.8922 1127.0291 290.1732 1.7952 0.5555 0.7676 5.6538 1.3648 8.7581 -2.8977 0.0512
Cyclist -1 -1 -4.7583 563.0192 173.2921 573.4681 202.1862 1.7758 0.5748 1.6834 -2.6584 1.8035 45.2390 -4.8171 0.0508
Car -1 -1 -4.5532 421.6975 188.0903 485.8900 235.4608 1.3298 1.4626 3.6045 -5.0048 1.8597 23.2738 -4.7633 0.9511
Car -1 -1 -4.5039 319.7978 189.7797 442.2230 274.6100 1.4232 1.5804 4.0941 -4.6519 1.8255 15.0544 -4.7993 0.9459
Car -1 -1 -4.6088 455.0333 180.9444 502.8459 222.3283 1.5479 1.5530 3.7233 -5.3665 1.9016 29.6511 -4.7868 0.5959
Car -1 -1 -7.7351 571.0643 177.0271 603.1309 203.1812 1.5667 1.5878 3.9179 -1.4489 1.8435 45.8881 -7.7670 0.3414
Car -1 -1 -7.3198 49.7063 186.8524 236.5572 266.7870 1.5205 1.6967 4.1081 -10.4760 1.8810 16.5251 -7.8778 0.2399
Car -1 -1 -4.5974 523.8575 172.9597 549.6237 193.3794 1.7878 1.8192 4.5354 -6.6298 1.7974 65.4754 -4.6983 0.2111
Car -1 -1 -5.0363 709.3310 160.0078 859.7234 263.1883 1.7144 1.6278 3.8328 3.1390 1.5006 13.9819 -4.8208 0.1810
Car -1 -1 -4.5266 494.2366 178.8160 523.3473 197.8707 1.5098 1.6591 4.3127 -8.5019 2.0295 60.7374 -4.6654 0.0928
Car -1 -1 -4.8578 596.2202 175.6478 620.7226 194.5206 1.5701 1.5901 3.7682 -0.1862 1.8199 62.5964 -4.8611 0.0679
Car -1 -1 -5.0203 806.8402 176.9781 914.6575 240.3042 1.3759 1.5085 3.2947 5.9236 1.4854 17.5494 -4.7005 0.0556
Car -1 -1 -7.6960 1241.0000 119.9006 1241.0000 374.0000 1.5533 1.5942 4.0260 6.6586 1.3627 4.1594 -6.7150 0.0520
