Cyclist -1 -1 -4.6228 512.6528 173.5497 533.3703 222.0460 1.7398 0.6077 1.8069 -3.2666 1.7663 26.8242 -4.7434 0.9148
Pedestrian -1 -1 -3.5794 1151.4491 155.2885 1171.9468 211.9338 1.8434 0.4755 0.3667 18.1095 1.2715 23.7518 -2.9342 0.3610
Pedestrian -1 -1 -7.6078 972.0422 164.5481 986.1052 203.2825 1.7243 0.5154 0.2573 16.5227 1.3543 32.3860 -7.1400 0.1539
Pedestrian -1 -1 -7.0386 1164.0236 159.9279 1187.9043 203.6728 1.8283 0.6072 0.5175 23.8621 1.2877 30.4827 -6.3794 0.1182
Pedestrian -1 -1 -4.1675 1161.0387 158.4780 1177.9015 198.3139 1.8556 0.5248 0.3425 26.2550 1.1857 33.9167 -3.5132 0.1158
Pedestrian -1 -1 -3.6795 1008.8126 161.1185 1023.6100 200.5766 1.8167 0.5134 0.3887 18.8058 1.2761 33.4827 -3.1718 0.0929
Pedestrian -1 -1 -7.9470 930.5641 155.2687 946.5775 193.8874 1.9366 0.6683 0.7683 16.6467 1.0545 36.6548 -7.5240 0.0901
Pedestrian -1 -1 -6.6056 667.5112 173.4554 677.2235 197.2915 1.7478 0.7654 0.4974 4.5805 1.7923 53.3587 -6.5209 0.0831
Pedestrian -1 -1 -8.1280 964.3590 158.5652 984.5308 198.7542 1.9169 0.7057 0.6906 17.5412 1.2351 34.8208 -7.6650 0.0785
Pedestrian -1 -1 -5.3927 151.0979 149.4909 171.1132 192.9220 1.8034 0.5151 0.4980 -18.8835 0.8330 30.2861 -5.9464 0.0770
Pedestrian -1 -1 -5.2760 133.5335 149.4690 149.2801 193.8753 1.7857 0.4785 0.2462 -19.0609 0.8450 29.2845 -5.8490 0.0758
Car -1 -1 -7.1886 155.8300 142.0631 245.5927 176.5580 1.5293 1.6600 3.8335 -19.2232 0.1639 34.0095 -7.6998 0.0752
Pedestrian -1 -1 -3.0362 687.2888 169.5703 697.6562 194.5428 1.9128 0.4845 0.7475 6.3264 1.6610 55.5856 -2.9239 0.0727
Pedestrian -1 -1 -6.5919 654.6034 171.4726 666.4559 192.9892 1.8569 0.4516 0.9323 4.3590 1.7374 62.5983 -6.5231 0.0690
Pedestrian -1 -1 -8.3826 1137.8778 155.8169 1160.5243 198.0728 1.9821 0.7320 0.4464 25.4423 1.1826 34.1066 -7.7460 0.0604
Pedestrian -1 -1 -4.5391 1221.5914 153.1854 1241.0000 195.4279 1.9199 0.6922 0.6208 28.6661 1.0256 33.2573 -3.8322 0.0604
Pedestrian -1 -1 -7.4910 1062.4335 164.6825 1081.6833 201.9747 1.7770 0.6770 0.4198 22.2280 1.3873 34.7776 -6.9265 0.0557
Pedestrian -1 -1 -2.9547 702.5159 170.3145 713.2223 194.7940 1.8682 0.4571 0.7432 7.4866 1.6741 55.3983 -2.8214 0.0547
Cyclist -1 -1 -2.4571 142.1103 155.1758 199.0643 205.4089 1.7809 0.6398 1.7448 -15.8840 1.1538 26.0189 -3.0008 0.5656
Pedestrian -1 -1 -7.1507 133.4966 153.0809 166.3000 207.7275 1.8493 0.6963 0.6481 -15.8462 1.1798 24.7863 -7.7148 0.2937
Pedestrian -1 -1 -4.7210 1067.0397 143.8980 1093.9840 209.4501 1.9686 0.6802 0.8154 14.4146 1.0987 22.1947 -4.1513 0.2668
Pedestrian -1 -1 -4.2057 1013.2108 154.4187 1038.8779 208.8712 1.9078 0.6390 0.4805 14.7565 1.2616 25.6772 -3.6894 0.2106
Pedestrian -1 -1 -5.5236 194.6738 159.3830 213.8785 208.0502 1.7767 0.5512 0.3288 -15.0274 1.2846 26.6485 -6.0330 0.1635
Cyclist -1 -1 -8.1401 678.3342 177.8412 691.0488 203.4260 1.5901 0.3762 1.5623 4.7168 1.9130 45.9575 -8.0390 0.1111
Pedestrian -1 -1 -5.6709 624.0615 175.3278 638.1673 201.3765 1.6892 0.6822 0.6519 1.3530 1.8528 47.3466 -5.6430 0.1021
Pedestrian -1 -1 -4.0668 1143.6558 148.2326 1166.8704 210.4938 1.8053 0.4936 0.2471 15.9633 1.0911 21.1934 -3.4281 0.0927
Pedestrian -1 -1 -5.7488 708.7239 170.3879 727.3531 203.0734 1.8242 0.6549 0.8228 6.0691 1.6862 40.7819 -5.6026 0.0893
Pedestrian -1 -1 -4.6682 172.5705 160.0795 201.0462 237.6086 1.8697 0.5795 0.5528 -10.4718 1.5613 17.7796 -5.1942 0.0887
Pedestrian -1 -1 -8.1356 1214.8900 132.1662 1241.0000 203.8224 1.9481 0.6787 0.5067 17.2212 0.8416 19.9859 -7.4317 0.0801
Cyclist -1 -1 -2.7243 159.7431 155.6422 217.4917 205.4150 1.7938 0.6674 1.7029 -15.4633 1.1732 26.4281 -3.2494 0.0790
Pedestrian -1 -1 -7.9830 86.7347 160.4063 115.7647 214.4995 1.7757 0.7248 0.6006 -17.0764 1.3668 24.1521 -8.5934 0.0769
Cyclist -1 -1 -7.3509 182.9280 159.6242 220.9596 207.2277 1.7184 0.5161 1.6114 -15.2114 1.2405 26.8539 -7.8622 0.0704
Pedestrian -1 -1 -8.0148 115.7799 158.0903 142.0558 207.9785 1.7513 0.6924 0.6231 -17.2438 1.2327 25.7932 -8.5995 0.0700
Cyclist -1 -1 -7.4818 152.8328 157.3820 189.9794 207.3295 1.7377 0.5516 1.7202 -15.8255 1.1991 25.9966 -8.0243 0.0685
Cyclist -1 -1 -7.2168 184.6768 160.1218 226.5674 207.6350 1.6992 0.4805 1.6137 -14.9509 1.2436 26.6351 -7.7242 0.0668
Pedestrian -1 -1 -5.6792 131.0880 154.9785 170.3345 209.6693 1.8307 0.6947 0.8876 -15.6445 1.2320 24.5173 -6.2424 0.0654
Cyclist -1 -1 -7.3928 283.7507 149.0003 304.3985 176.6403 1.6681 0.4668 1.6728 -19.4600 0.2282 44.3914 -7.8038 0.0646
Pedestrian -1 -1 -6.2343 152.2321 157.0732 160.6614 203.1709 1.7923 0.4777 0.2560 -17.8476 1.1784 28.3240 -6.7925 0.0609
Cyclist -1 -1 -6.5653 705.7894 172.8990 737.4067 203.9814 1.8103 0.6943 1.7133 6.5292 1.8127 42.4817 -6.4143 0.0591
Pedestrian -1 -1 -7.4168 705.8416 178.4911 719.7917 205.5709 1.5681 0.5711 0.6981 6.0091 1.9026 42.4155 -7.2776 0.0562
Cyclist -1 -1 -5.8627 69.0903 159.0244 136.2960 211.9365 1.7507 0.7064 1.7200 -17.1659 1.2928 24.3813 -6.4711 0.0562
Cyclist -1 -1 -7.5325 281.8204 146.5715 298.2466 174.6992 1.7008 0.4326 1.6247 -19.7406 0.1113 44.4582 -7.9482 0.0559
Cyclist -1 -1 -8.2572 1149.1663 169.3889 1241.0000 374.0000 1.6661 0.5030 1.6453 4.6285 1.6441 5.3913 -7.5753 0.0525
Cyclist -1 -1 -2.8071 479.4511 173.9634 507.9326 202.1634 1.7270 0.6630 1.6137 -7.2353 1.7962 44.6921 -2.9671 0.0521
Pedestrian -1 -1 -4.1682 1150.2229 144.6345 1178.3223 207.7896 1.8232 0.5349 0.3781 16.1929 1.0082 21.1481 -3.5216 0.0520
Car -1 -1 -8.0010 631.4064 178.7819 679.3033 212.4255 1.4454 1.6211 4.2864 2.0262 1.7424 33.9832 -7.9426 0.9545
Car -1 -1 -6.7740 885.6348 182.5146 1199.1915 297.6324 1.5015 1.5452 3.5616 5.9735 1.6506 10.3533 -6.2638 0.9471
Car -1 -1 -2.7681 127.5672 179.0566 377.3169 263.1913 1.5353 1.6382 4.1152 -6.9612 1.6661 14.2774 -3.2149 0.9320
Car -1 -1 -6.9065 977.6792 183.9297 1241.0000 346.6916 1.4899 1.6306 3.9711 6.2364 1.6205 7.6263 -6.2406 0.9280
Car -1 -1 -2.9132 371.2749 181.0173 491.4397 219.5111 1.4368 1.6237 4.2895 -6.9382 1.7641 28.1230 -3.1533 0.9186
Car -1 -1 -6.7529 853.1108 182.9671 1108.1337 272.8510 1.4806 1.5496 3.7598 6.4264 1.6720 12.8726 -6.2998 0.9053
Car -1 -1 -3.5268 783.0570 179.2714 998.2056 254.7167 1.5164 1.5674 4.0105 5.8645 1.6614 15.4908 -3.1721 0.8986
Car -1 -1 -2.5235 0.0000 183.2539 293.9413 302.9488 1.4653 1.5152 3.9874 -6.6684 1.6181 9.7986 -3.1088 0.8971
Car -1 -1 -6.6532 741.8831 182.1809 920.6017 241.7121 1.4108 1.5386 4.0590 5.4956 1.6596 18.3299 -6.3671 0.8966
Car -1 -1 -2.5140 0.0000 188.7751 213.8941 361.2805 1.4502 1.5906 4.0848 -6.5180 1.6306 7.2183 -3.2302 0.8843
Car -1 -1 -6.5669 743.2650 172.8363 885.0766 233.2218 1.6610 1.6474 3.5911 5.7309 1.6602 20.7026 -6.3012 0.8228
Car -1 -1 -2.8567 403.6455 181.4157 508.3562 216.6275 1.4354 1.5409 4.1019 -6.5697 1.8114 30.7863 -3.0657 0.7760
Car -1 -1 -7.0872 1118.1328 182.0828 1241.0000 374.0000 1.5020 1.6200 4.1035 6.2534 1.5798 5.2026 -6.2384 0.7501
Car -1 -1 -7.9856 620.9481 176.9118 651.1973 199.7852 1.4738 1.5755 3.6989 1.7047 1.7604 49.0891 -7.9516 0.3964
Car -1 -1 -5.9502 212.2817 166.9772 411.3041 251.8250 1.8688 1.6846 3.9560 -6.8788 1.7390 16.8319 -6.3332 0.2963
Car -1 -1 -4.8141 678.1823 177.0144 709.2466 202.2555 1.5526 1.5989 4.0338 5.3849 1.8355 47.0766 -4.7014 0.2752
Car -1 -1 -3.3633 440.7895 177.3712 512.0844 203.2252 1.5188 1.6552 4.0580 -8.2687 1.8068 44.4905 -3.5464 0.1774
Car -1 -1 -4.8400 705.2802 177.0942 740.9822 202.8377 1.4796 1.6380 4.0967 6.8467 1.7513 44.2180 -4.6878 0.1725
Car -1 -1 -2.9299 443.6306 174.9853 523.3358 204.0527 1.6386 1.7128 4.2786 -7.3147 1.7644 41.7505 -3.1027 0.1279
Car -1 -1 -4.2714 249.1666 147.1300 303.7664 173.3274 1.5206 1.6011 3.6282 -20.1698 0.0272 43.7046 -4.7015 0.1011
Car -1 -1 -7.8881 738.3445 174.8931 773.8741 207.6231 1.4990 1.5573 3.6481 7.0420 1.6036 35.2106 -7.6928 0.0985
Car -1 -1 -4.6726 365.8890 179.3698 403.4160 212.8274 1.4629 1.5498 3.9264 -10.7492 1.7927 34.4608 -4.9731 0.0949
Car -1 -1 -7.8353 433.2835 177.6315 466.9876 208.6537 1.4898 1.6155 3.6547 -8.2425 1.7488 37.2028 -8.0522 0.0827
Car -1 -1 -4.7927 613.8780 175.1994 639.9822 198.2032 1.6385 1.6194 4.0564 1.1994 1.8201 53.8877 -4.7710 0.0540
