Car -1 -1 -4.1341 22.4232 189.7138 300.8581 322.8354 1.5610 1.6527 3.9158 -6.5010 1.8636 10.9661 -4.6591 0.9607
Car -1 -1 -7.8592 590.7390 180.4631 656.3726 243.2771 1.5557 1.6655 3.5731 0.3088 1.7863 20.0990 -7.8450 0.9335
Car -1 -1 -4.3883 412.4597 183.5800 491.9818 227.9698 1.5208 1.7510 4.2131 -6.0513 1.9688 27.9698 -4.6000 0.9059
Car -1 -1 -4.2968 213.5928 178.7144 326.8016 242.8139 1.7971 1.6788 4.1119 -10.5655 1.9978 22.6769 -4.7287 0.5647
Car -1 -1 -7.7539 640.2158 177.2867 663.4877 196.7993 1.5602 1.6002 3.5906 3.5079 1.9429 60.4538 -7.6967 0.4249
Pedestrian -1 -1 -6.3929 825.1251 173.2474 838.5618 200.2186 1.8616 0.5183 0.8393 15.3828 1.8888 50.1445 -6.0974 0.3533
Pedestrian -1 -1 -5.0015 62.0352 181.1659 85.4475 226.4653 1.7955 0.6223 0.5774 -21.7275 2.1362 29.1764 -5.6374 0.2059
Car -1 -1 -7.9154 1027.9950 180.5427 1241.0000 374.0000 1.5004 1.5975 3.7410 4.4072 1.5859 6.0429 -7.3092 0.1186
Cyclist -1 -1 -7.7932 862.6200 179.3304 871.2551 205.7183 1.6606 0.4336 1.6260 16.5821 2.0865 46.6497 -7.4542 0.1160
Pedestrian -1 -1 -4.7208 475.9436 183.7470 497.0726 241.2737 1.6247 0.5945 0.7759 -3.6427 1.9476 20.9768 -4.8914 0.1057
Car -1 -1 -5.0617 839.6233 176.5432 931.8555 225.1830 1.4904 1.5530 4.1747 9.1886 1.6262 24.5174 -4.7077 0.1021
Car -1 -1 -4.2961 598.4899 175.4757 631.6935 192.2857 1.5666 1.6805 4.1946 0.5122 1.8296 70.2062 -4.2892 0.0854
Pedestrian -1 -1 -7.4190 721.9092 170.2891 738.1715 206.9164 1.9281 0.7318 0.4502 6.3452 1.7927 38.3737 -7.2569 0.0790
Pedestrian -1 -1 -3.4389 678.2369 171.5049 688.4434 194.9687 1.8074 0.6862 0.6126 5.6597 1.7032 55.9757 -3.3390 0.0760
Cyclist -1 -1 -6.4059 617.5233 176.0642 644.7587 206.2560 1.8120 0.6155 1.5870 1.2426 2.0082 43.7678 -6.3783 0.0674
Cyclist -1 -1 -8.1015 914.3502 170.8976 932.7934 203.8348 1.8082 0.5062 1.8457 17.5787 1.7005 40.5630 -7.6957 0.0644
Pedestrian -1 -1 -7.2936 828.7676 176.5416 842.9728 204.7829 1.7655 0.6264 0.6168 14.2588 2.0008 45.6600 -6.9932 0.0634
Pedestrian -1 -1 -6.0138 689.6953 173.4160 699.7203 195.3723 1.7665 0.8352 0.6092 6.8526 1.8122 58.5790 -5.8983 0.0633
Car -1 -1 -4.8276 576.9592 178.3856 611.8205 205.7726 1.5974 1.6971 4.2256 -1.0599 1.9605 45.1875 -4.8514 0.0599
Car -1 -1 -2.8457 612.2557 179.2889 675.1890 202.8444 1.5522 1.6874 4.0240 2.3019 2.0093 49.8174 -2.8003 0.0570
Car -1 -1 -4.0411 411.8429 184.1655 485.2357 214.6808 1.4571 1.6065 4.0793 -8.5248 2.0909 38.2593 -4.2593 0.0563
Car -1 -1 -2.4087 279.3378 171.0510 349.1303 198.8717 1.6581 1.5997 3.9114 -18.2382 1.5504 44.4184 -2.7965 0.0533
Pedestrian -1 -1 -5.3004 59.5390 169.2743 83.7813 218.4888 2.0134 0.6239 0.5166 -22.3489 1.8667 29.9001 -5.9382 0.0517
Cyclist -1 -1 -7.9063 891.4553 178.0046 900.1424 204.2816 1.6637 0.4291 1.7201 18.5441 2.0047 46.9150 -7.5325 0.0513
Car -1 -1 -5.3021 924.3366 181.9153 1007.1398 213.9647 1.5175 1.7226 4.3733 18.4501 2.0198 37.7397 -4.8510 0.0506
Car -1 -1 -7.9027 451.4773 184.9921 509.3269 239.8721 1.5372 1.6283 3.9289 -4.2908 1.9630 23.2364 -8.0840 0.0502
Cyclist -1 -1 -3.4197 21.3094 189.9832 118.4061 262.0899 1.6076 0.6675 1.7622 -13.0560 2.0421 17.4162 -4.0558 0.1732
Cyclist -1 -1 -2.3468 332.5850 182.0010 367.5936 220.0004 1.7616 0.6042 1.6256 -12.4260 2.2050 34.3759 -2.6916 0.0776
Cyclist -1 -1 -3.8205 335.0934 186.0653 369.0584 224.5853 1.6798 0.5519 1.4187 -11.7308 2.2925 32.7289 -4.1625 0.0650
Cyclist -1 -1 -6.6347 614.4231 177.2288 641.5941 206.5601 1.7628 0.6411 1.5321 1.0638 2.0331 44.0777 -6.6113 0.0524
Car -1 -1 -4.2624 355.8869 185.0200 430.7868 222.6166 1.5290 1.6423 4.1018 -9.8219 2.1198 32.8962 -4.5508 0.8526
Car -1 -1 -4.0978 32.0349 192.3333 239.4481 270.9869 1.4185 1.6321 4.4339 -10.5101 1.9214 16.3858 -4.6611 0.7676
Car -1 -1 -4.5740 523.0185 179.7722 558.8405 206.0552 1.5714 1.7319 4.1921 -4.4237 2.0363 46.3920 -4.6690 0.6898
Car -1 -1 -3.6123 0.0000 188.8110 75.5268 237.4562 1.4735 1.6052 3.7558 -21.2627 2.0765 25.2382 -4.3074 0.6222
Car -1 -1 -7.2285 688.4863 180.3449 795.1771 231.2259 1.4705 1.6135 3.5397 4.2380 1.7298 23.1955 -7.0507 0.6122
Car -1 -1 -4.2806 462.7883 182.6668 511.4216 206.2729 1.3798 1.5731 3.8851 -7.8102 2.0332 45.9854 -4.4483 0.5774
Car -1 -1 -7.7619 1018.2202 173.0480 1241.0000 374.0000 1.5405 1.6438 3.7984 4.5907 1.5422 5.7217 -7.1113 0.5487
Car -1 -1 -7.3299 746.1039 178.6468 879.3931 251.7038 1.4894 1.4619 3.4316 4.7058 1.6370 16.7075 -7.0608 0.4530
Car -1 -1 -4.2605 606.1692 180.3971 658.6418 206.9673 1.5412 1.6416 4.1735 1.4271 2.0383 45.3483 -4.2298 0.2674
Car -1 -1 -6.2870 0.0000 193.3415 92.1280 266.9869 1.4073 1.5694 4.0060 -14.6176 1.9367 16.7514 -6.9967 0.2168
Car -1 -1 -3.7198 144.0944 185.8064 259.3685 220.3645 1.4001 1.7233 4.4087 -18.7876 2.0407 33.3488 -4.2297 0.2162
Car -1 -1 -7.8731 1018.7451 175.1926 1148.2670 282.8507 1.4647 1.5467 3.7152 7.6209 1.5094 11.8940 -7.3151 0.1523
Car -1 -1 -4.0597 417.3401 181.9266 478.8909 206.4983 1.4130 1.6557 4.0377 -10.1307 2.0095 45.2822 -4.2789 0.1500
Car -1 -1 -3.9326 46.5425 187.6052 192.9164 238.9303 1.4362 1.5376 4.0440 -15.8613 1.9609 23.5473 -4.5203 0.1143
Car -1 -1 -3.9936 246.0250 185.3851 338.8065 220.7453 1.4138 1.5924 3.9792 -14.2416 2.0151 32.5019 -4.4039 0.0955
Car -1 -1 -4.2369 0.0000 193.5575 14.2138 302.4740 1.5090 1.6231 4.2702 -12.9470 1.9512 13.1414 -5.0047 0.0906
Car -1 -1 -9.3047 0.0000 0.0000 1241.0000 374.0000 1.5282 1.5906 3.7648 4.6694 1.5062 1.9662 -8.1851 0.0839
Car -1 -1 -5.8303 296.3281 187.3539 383.9141 217.7875 1.4122 1.5907 3.7002 -13.2352 2.1423 35.3761 -6.1862 0.0833
Car -1 -1 -3.9945 358.1774 184.2329 425.4574 210.2975 1.5165 1.7540 4.2706 -13.9609 2.2827 46.3009 -4.2861 0.0781
Car -1 -1 -3.7822 232.7284 185.1012 330.0544 215.5038 1.4098 1.7410 4.4795 -17.1313 2.0908 37.7575 -4.2058 0.0740
Car -1 -1 -4.7858 596.7546 180.7190 633.2564 210.3428 1.4757 1.6665 4.2203 0.1823 1.9268 39.2539 -4.7817 0.0608
Car -1 -1 -4.7794 180.5622 187.6381 239.1068 235.5063 1.4514 1.5365 3.7724 -14.0234 2.0067 25.1156 -5.2845 0.0596
Car -1 -1 -4.2435 301.3738 189.2772 372.5655 223.4696 1.3696 1.4985 3.6965 -12.3161 2.1565 32.6650 -4.6018 0.0530
Car -1 -1 -8.8823 0.0000 0.0000 1241.0000 374.0000 1.5260 1.6164 3.7327 2.7363 1.5813 1.0569 -7.7712 0.0524
Car -1 -1 -4.6787 139.0394 186.5928 191.0056 227.8473 1.4554 1.6284 3.8316 -17.7937 2.0448 28.9013 -5.2267 0.0509
