Pedestrian -1 -1 -6.0633 786.1323 157.6038 860.5421 294.8269 1.7810 0.6210 0.8616 2.9333 1.4842 9.6573 -5.7758 0.8267
Cyclist -1 -1 -4.1541 0.0000 126.9483 215.3697 369.0000 1.8384 0.6675 1.6913 -3.1748 1.5813 4.2608 -4.7580 0.8091
Pedestrian -1 -1 -8.6163 828.3243 159.5710 903.9294 287.5112 1.7323 0.5498 0.8834 3.6589 1.4493 10.0889 -8.2767 0.7284
Car -1 -1 -4.2620 408.6663 171.8084 441.6610 188.1476 1.5103 1.5912 3.6908 -17.0625 0.7068 67.3238 -4.5074 0.1392
Pedestrian -1 -1 -7.8918 328.9430 159.7670 340.9608 193.8031 1.9455 0.6278 0.5999 -15.6011 0.7605 40.8132 -8.2525 0.0985
Car -1 -1 -7.6176 371.6177 173.2078 435.1092 215.0548 1.4925 1.5331 3.5267 -7.6509 1.2327 27.0060 -7.8888 0.0917
Pedestrian -1 -1 -5.2027 741.0571 200.7333 831.2217 369.0000 1.4220 0.4101 0.4767 1.1591 1.5678 4.7965 -4.9783 0.0907
Pedestrian -1 -1 -7.8972 778.1258 171.9407 793.4748 214.8872 1.7770 0.5970 0.5557 7.5361 1.4230 29.5882 -7.6488 0.0857
Car -1 -1 -4.0767 241.8923 149.5129 292.9557 171.5126 1.6585 1.6624 4.0097 -27.2207 -0.7538 57.1701 -4.5168 0.0836
Pedestrian -1 -1 -4.0354 173.4680 211.7378 203.8865 280.8410 1.0003 0.2847 0.2687 -6.2485 1.4727 10.5292 -4.5560 0.0832
Cyclist -1 -1 -7.3650 426.8216 169.1217 455.3945 212.1882 1.6954 0.4612 1.5275 -6.6505 1.2477 28.6314 -7.5890 0.0741
Car -1 -1 -7.8807 52.1890 181.6945 163.3053 263.4456 1.3229 1.5378 3.9382 -9.5794 1.3496 13.5454 -8.4833 0.0720
Pedestrian -1 -1 -3.2267 500.4784 170.2453 508.2792 194.0091 1.7350 0.7095 0.5108 -7.4023 0.9863 52.0239 -3.3655 0.0692
Pedestrian -1 -1 -5.8870 311.9406 160.4731 321.6073 193.2295 1.8742 0.5201 0.3403 -16.6081 0.7284 40.7168 -6.2697 0.0673
Car -1 -1 -7.9187 486.7374 176.1074 532.4871 215.5620 1.4301 1.5352 3.5619 -3.7939 1.2711 27.5246 -8.0524 0.0664
Pedestrian -1 -1 -4.8883 376.0836 167.4271 400.3653 217.7304 1.6506 0.6517 0.7933 -7.3042 1.2219 23.7016 -5.1816 0.0656
Pedestrian -1 -1 -3.3957 736.7327 161.0225 751.2939 188.3833 1.9022 0.6235 0.8708 9.7273 0.5481 49.4919 -3.2011 0.0636
Pedestrian -1 -1 -4.5816 416.9746 180.6449 430.1188 214.3926 1.2168 0.4086 0.4408 -6.6344 1.2224 25.7385 -4.8290 0.0602
Pedestrian -1 -1 -6.3242 641.7628 163.8373 654.2676 187.5616 1.9406 0.4995 1.0060 3.5428 0.5776 58.0949 -6.2619 0.0589
Pedestrian -1 -1 -5.8588 399.4624 162.7963 412.8352 185.9068 1.8149 0.4970 0.8912 -15.6945 0.4246 55.8381 -6.1295 0.0588
Pedestrian -1 -1 -5.4925 1018.1035 160.6116 1035.8380 196.4935 1.8535 0.5392 0.5833 21.9853 0.8263 36.8710 -4.9570 0.0572
Car -1 -1 -5.1018 893.9584 173.3987 958.6363 204.7464 1.5650 1.6840 4.0429 16.8614 1.2106 37.3472 -4.6794 0.0552
Pedestrian -1 -1 -3.3442 610.9936 165.5761 620.0441 194.0202 1.8843 0.6336 0.4866 0.6970 0.8957 47.1951 -3.3278 0.0522
Car -1 -1 -4.5341 381.1617 164.5314 406.9698 183.1553 1.7769 1.6900 4.3102 -20.7249 0.2532 69.6927 -4.8200 0.0511
Pedestrian -1 -1 -4.8794 876.1920 161.5635 894.6437 205.0608 2.0448 0.7451 0.4660 13.2785 1.1548 33.5438 -4.5040 0.0511
Car -1 -1 -2.4402 0.0000 161.5320 2.8679 263.7594 1.5587 1.6480 4.1181 -12.9755 1.2699 11.8346 -3.2562 0.0510
Pedestrian -1 -1 -6.2050 461.0402 166.5478 477.2269 203.8428 1.8292 0.5599 0.7447 -6.7407 1.1451 34.9976 -6.3918 0.0506
Car -1 -1 -4.5551 553.6858 172.7054 579.5577 190.4463 1.4326 1.5622 3.9070 -3.1630 0.8031 59.1214 -4.6066 0.0505
Pedestrian -1 -1 -5.1538 478.2899 155.8807 543.8420 260.5584 1.8526 0.8617 1.0096 -1.8063 1.4172 13.1710 -5.2851 0.7778
Pedestrian -1 -1 -4.6714 322.7520 161.3436 354.5701 233.5117 1.8179 0.7296 1.0088 -6.9597 1.3357 18.4028 -5.0254 0.7465
Pedestrian -1 -1 -5.4710 277.1394 157.6593 327.6836 234.6909 1.8834 0.6609 1.0055 -7.6523 1.3253 17.7920 -5.8688 0.6884
Pedestrian -1 -1 -4.7881 311.7729 154.5840 337.1702 214.9355 1.8724 0.6815 1.0238 -8.9861 1.0687 22.5453 -5.1606 0.6789
Pedestrian -1 -1 -4.5008 206.8563 153.0225 243.2099 223.3939 1.8746 0.6632 1.0779 -10.4726 1.1429 19.4433 -4.9861 0.6333
Pedestrian -1 -1 -4.1652 233.9358 154.0608 275.5866 222.1152 1.8456 0.6508 0.9227 -9.7678 1.1289 19.6652 -4.6179 0.5787
Pedestrian -1 -1 -4.6244 337.6689 157.0683 362.1017 216.5232 1.8050 0.6256 1.0147 -7.9766 1.0939 22.0345 -4.9652 0.5519
Pedestrian -1 -1 -4.5265 273.2054 159.0528 303.3753 223.6356 1.7778 0.6089 0.9522 -8.9840 1.1877 19.9956 -4.9410 0.3871
Cyclist -1 -1 -6.9793 375.2337 169.3556 409.2133 202.6557 1.7093 0.6096 1.7186 -11.1912 1.1374 37.1770 -7.2676 0.3479
Pedestrian -1 -1 -5.5560 0.0000 158.1904 28.3817 229.9316 1.7644 0.5316 0.6389 -14.9848 1.2161 17.6662 -6.2487 0.3154
Pedestrian -1 -1 -3.3490 1204.7988 166.0758 1223.0000 210.9373 1.8702 0.7230 0.5636 25.8206 1.2691 29.9281 -2.6409 0.2896
Pedestrian -1 -1 -8.9433 909.8571 164.6002 936.9014 222.5398 2.0779 0.5940 0.7063 11.5929 1.5079 25.8184 -8.5243 0.2400
Pedestrian -1 -1 -5.7368 293.9151 152.5306 332.2003 215.2410 1.8674 0.6206 0.8781 -8.8794 1.0348 21.4310 -6.1224 0.2096
Cyclist -1 -1 -4.7197 271.4265 170.1779 282.0607 201.3106 1.5744 0.4894 1.6587 -17.0170 1.0526 36.6114 -5.1497 0.2040
Pedestrian -1 -1 -4.4658 27.8925 165.0124 61.8231 221.3622 1.6031 0.6425 0.5977 -16.2834 1.1628 20.5182 -5.1272 0.2029
Cyclist -1 -1 -8.2676 871.4468 173.9880 906.0025 229.7487 1.6713 0.3577 1.6465 8.7807 1.4764 22.0215 -7.8915 0.1861
Pedestrian -1 -1 -4.2189 277.7460 153.2183 313.1434 212.9200 1.8448 0.6331 0.9831 -9.8160 1.0021 22.3654 -4.6253 0.1798
Pedestrian -1 -1 -3.2931 430.5588 170.9082 449.1119 208.4139 1.6977 0.6506 0.7406 -7.6036 1.2637 32.4442 -3.5194 0.1681
Pedestrian -1 -1 -3.6106 1183.4221 164.2621 1212.2905 210.1335 1.9574 0.5984 0.7665 25.5812 1.2647 30.5476 -2.9170 0.1523
Pedestrian -1 -1 -5.6434 7.3086 163.0041 28.2906 218.3092 1.6842 0.4727 0.2662 -18.1162 1.1517 21.7742 -6.3282 0.1409
Cyclist -1 -1 -4.4088 621.2406 169.9908 643.6698 215.6322 1.7149 0.4633 1.4202 1.0407 1.3203 27.3128 -4.3695 0.1375
Pedestrian -1 -1 -5.5816 0.0000 153.1614 40.4587 226.6539 1.7987 0.5940 0.6501 -14.6632 1.1299 17.6078 -6.2652 0.1254
Pedestrian -1 -1 -8.1318 442.9813 167.9134 461.8847 208.9697 1.9013 0.7408 0.5661 -7.1795 1.3186 33.1672 -8.3413 0.1226
Cyclist -1 -1 -7.9474 618.1287 171.3399 633.0318 215.6563 1.6758 0.4376 1.5227 0.7639 1.3296 27.5104 -7.9183 0.1213
Pedestrian -1 -1 -5.0535 801.8388 158.9326 819.2157 198.7880 2.0161 0.7238 0.5009 10.4547 0.9252 36.0374 -4.7718 0.1204
Pedestrian -1 -1 -3.4535 954.6756 166.8177 968.7667 199.2537 1.7713 0.6915 0.5040 19.6542 1.0243 38.9916 -2.9883 0.1004
Cyclist -1 -1 -8.1556 963.7000 167.8323 981.5664 198.9208 1.6323 0.3858 1.6067 19.7058 0.9673 37.9489 -7.6784 0.0981
Pedestrian -1 -1 -8.5260 830.8338 160.2314 846.9622 192.9388 1.7989 0.6323 0.5703 12.9738 0.6843 39.2654 -8.2075 0.0943
Cyclist -1 -1 -2.5672 599.3585 171.2162 637.7852 216.4247 1.7058 0.5490 1.4113 0.4902 1.3557 27.2999 -2.5477 0.0923
Pedestrian -1 -1 -3.3467 855.2826 161.3465 870.4522 198.0382 1.8673 0.6203 0.6173 13.2299 0.8927 36.3337 -2.9986 0.0899
Pedestrian -1 -1 -4.8538 618.5955 179.3706 630.9686 214.3169 1.3248 0.4205 0.3978 0.7250 1.2822 27.0248 -4.8256 0.0869
Cyclist -1 -1 -3.3021 611.4656 168.6853 651.5819 215.6759 1.7736 0.5729 1.4610 0.9801 1.3279 27.0607 -3.2646 0.0846
Pedestrian -1 -1 -5.9372 0.0000 144.3266 23.9342 223.1755 1.8619 0.6025 0.6071 -14.5810 1.0080 17.0828 -6.6325 0.0833
Cyclist -1 -1 -7.1722 367.9406 168.7274 397.2838 202.2491 1.7198 0.4859 1.7324 -11.6922 1.1160 37.1684 -7.4728 0.0788
Cyclist -1 -1 -3.5114 0.0000 159.2858 72.8997 219.2374 1.6628 0.5131 1.6675 -16.5211 1.0747 20.4593 -4.1812 0.0779
Pedestrian -1 -1 -6.9607 877.2672 175.2380 908.9373 229.5235 1.6302 0.5856 0.6786 8.7653 1.4724 21.6112 -6.5789 0.0767
Pedestrian -1 -1 -3.2088 349.5445 161.6594 376.3128 226.5055 1.7269 0.5458 0.6550 -6.6179 1.2255 19.2065 -3.5337 0.0757
Cyclist -1 -1 -6.7500 828.8995 159.8038 866.1082 192.5503 1.7987 0.6604 1.8571 13.4569 0.6620 39.2905 -6.4208 0.0752
Pedestrian -1 -1 -5.1744 836.4519 161.6917 852.9723 198.3345 1.8694 0.6230 0.5534 12.3168 0.9100 36.3888 -4.8490 0.0748
Pedestrian -1 -1 -6.0947 492.1394 173.1981 504.4821 197.1143 1.6836 0.5937 0.7664 -7.5550 1.1696 50.0873 -6.2417 0.0725
Pedestrian -1 -1 -6.5464 231.9737 168.5139 253.6338 205.9255 1.7927 0.5993 0.8112 -17.6281 1.2185 34.3743 -7.0147 0.0674
Cyclist -1 -1 -4.6622 666.7983 168.8536 683.6140 221.4341 1.7379 0.4988 1.5236 2.3741 1.3532 24.1597 -4.5639 0.0672
Cyclist -1 -1 -8.1453 871.6149 176.2933 903.5496 233.2968 1.6725 0.4281 1.6901 8.5787 1.5494 21.6052 -7.7708 0.0671
Cyclist -1 -1 -7.9093 907.3657 167.5610 917.2665 199.4409 1.6486 0.3816 1.7054 16.2461 0.9796 37.4286 -7.5012 0.0666
Pedestrian -1 -1 -7.8982 938.0850 163.4248 959.1847 220.0447 2.0486 0.6666 0.6436 12.6034 1.4310 26.0090 -7.4502 0.0654
Pedestrian -1 -1 -8.1869 896.5688 166.2036 916.5308 204.3369 1.9455 0.7412 0.7489 15.5315 1.2163 36.4708 -7.7858 0.0649
Pedestrian -1 -1 -4.0751 379.9734 168.2640 398.2588 202.1416 1.7629 0.6203 0.7095 -11.3814 1.1263 37.2319 -4.3676 0.0646
Cyclist -1 -1 -6.5110 371.0565 166.7957 408.7321 202.5058 1.8191 0.7134 1.7600 -11.1982 1.1211 36.7636 -6.8024 0.0619
Pedestrian -1 -1 -6.0315 970.2632 164.9351 985.0422 199.4754 1.7802 0.6874 0.5287 19.4184 0.9781 36.8737 -5.5487 0.0609
Pedestrian -1 -1 -6.7354 868.8071 170.2431 905.1157 228.1843 1.7869 0.6694 0.8485 8.7982 1.4708 22.1717 -6.3609 0.0600
Pedestrian -1 -1 -4.8523 611.9725 178.8559 626.7120 215.5721 1.3859 0.5015 0.4637 0.5148 1.3240 26.9477 -4.8317 0.0597
Cyclist -1 -1 -6.8537 272.1253 166.8973 309.4530 202.4095 1.7629 0.6519 1.6427 -15.9866 1.0878 35.9632 -7.2669 0.0596
Pedestrian -1 -1 -5.1428 668.0928 175.9386 686.2211 219.9139 1.4600 0.4581 0.4534 2.3894 1.3088 23.7628 -5.0422 0.0594
Cyclist -1 -1 -4.1202 665.1785 169.2536 703.3520 221.3255 1.7163 0.5178 1.5465 2.6755 1.3459 24.0623 -4.0093 0.0592
Pedestrian -1 -1 -8.7772 842.4288 160.8730 858.2516 193.0009 1.7647 0.6139 0.5760 13.6036 0.6868 39.2463 -8.4443 0.0581
Pedestrian -1 -1 -8.0870 621.0632 172.2384 637.9862 209.9765 1.6918 0.6188 0.7169 1.0873 1.3216 32.1093 -8.0518 0.0580
Cyclist -1 -1 -8.1888 880.2408 173.9530 914.6517 230.3176 1.6791 0.4483 1.6792 9.0065 1.4843 21.9128 -7.8024 0.0565
Pedestrian -1 -1 -8.2565 823.9232 159.0099 839.7657 197.6710 1.9682 0.6632 0.4142 11.6048 0.8743 36.2319 -7.9474 0.0529
Pedestrian -1 -1 -8.1426 267.1326 167.1182 283.1511 200.3909 1.6931 0.6182 0.5485 -16.9943 1.0123 36.3897 -8.5744 0.0523
Pedestrian -1 -1 -2.1607 0.0000 154.6936 20.3313 227.1843 1.7455 0.5832 0.6134 -14.9593 1.1245 17.3907 -2.8601 0.0521
Pedestrian -1 -1 -6.7502 0.0000 157.0980 24.2442 226.3158 1.7207 0.5873 0.5067 -15.2300 1.1392 17.9256 -7.4438 0.0517
Pedestrian -1 -1 -3.2108 312.1629 156.8144 344.6718 216.5079 1.7998 0.6268 0.8947 -8.5628 1.0859 21.7910 -3.5783 0.0516
Pedestrian -1 -1 -5.8578 449.3441 163.5698 461.3584 185.1628 1.7952 0.5630 0.8243 -12.5049 0.3876 59.1470 -6.0632 0.0512
Cyclist -1 -1 -7.8119 616.3954 170.9798 629.0358 211.0596 1.7074 0.4863 1.6119 0.7578 1.3020 30.9405 -7.7860 0.0512
Pedestrian -1 -1 -5.3394 917.0051 170.4227 945.7355 224.0331 1.8972 0.5962 0.7747 11.7140 1.5408 25.4598 -4.9114 0.0510
Cyclist -1 -1 -8.2513 603.0295 170.9102 627.9724 210.9415 1.6987 0.4972 1.6241 0.4219 1.2919 30.8485 -8.2361 0.0508
Pedestrian -1 -1 -4.0654 866.1650 166.9777 884.2971 206.4093 1.8710 0.6423 0.4986 12.9542 1.2295 33.9527 -3.7025 0.0504
Car -1 -1 -8.5399 1031.4670 186.0471 1155.0389 232.5914 1.4255 1.5903 3.4456 16.3050 1.6270 23.8684 -7.9453 0.9515
Car -1 -1 -8.4108 957.1229 184.3604 1067.5037 232.8475 1.5159 1.6413 3.5073 13.7602 1.6579 24.1766 -7.8975 0.9296
Car -1 -1 -5.3800 1097.1882 186.1720 1223.0000 234.4276 1.5145 1.6189 3.7542 19.1644 1.7265 24.5174 -4.7214 0.8895
Car -1 -1 -7.9502 600.4770 173.8802 635.8813 203.2972 1.4647 1.5277 3.3829 0.6313 1.1353 36.9504 -7.9316 0.8420
Car -1 -1 -7.7476 599.0533 173.1907 633.4129 199.8324 1.4932 1.6240 3.7967 0.6938 1.0836 41.6126 -7.7293 0.2570
Car -1 -1 -7.5807 459.9544 168.3858 500.2782 196.6092 1.7415 1.6086 3.7126 -8.0018 0.9941 45.5569 -7.7516 0.2014
Car -1 -1 -6.7149 820.6629 160.9883 898.1901 190.1748 1.6096 1.6456 3.7816 14.3372 0.5337 39.9780 -6.3713 0.1990
Car -1 -1 -4.7890 601.5338 171.6330 644.8582 208.5794 1.5654 1.6489 4.0056 0.7404 1.1899 31.9997 -4.7644 0.1443
Car -1 -1 -4.2323 587.5140 170.8539 630.8741 192.4945 1.6562 1.6699 4.2715 0.3888 0.9179 56.3888 -4.2237 0.1275
Car -1 -1 -4.6322 439.0534 164.5159 462.9811 183.9032 1.6067 1.6838 3.9806 -13.1652 0.2820 60.6780 -4.8429 0.1070
Car -1 -1 -4.4790 733.7816 172.6369 778.1515 201.9448 1.4890 1.5347 3.6020 8.1127 1.0897 37.8779 -4.2681 0.0977
Car -1 -1 -8.3202 952.9378 167.2932 1016.7803 197.8759 1.5700 1.6711 3.3765 20.3247 0.8921 38.0034 -7.8309 0.0905
Car -1 -1 -6.7973 681.7830 170.3505 745.2401 194.8755 1.5215 1.5627 3.7274 6.9360 0.8919 45.2539 -6.6445 0.0822
Car -1 -1 -6.9211 868.0365 178.6863 1004.7065 229.4891 1.5151 1.5732 3.6844 10.3462 1.4613 22.2333 -6.4894 0.0821
Car -1 -1 -4.5102 348.5839 171.6075 394.9158 202.6541 1.5751 1.6117 3.7985 -12.4366 1.1241 37.8481 -4.8234 0.0806
Car -1 -1 -3.9824 156.4370 168.3193 253.4440 204.0390 1.5210 1.6820 3.8666 -18.1137 1.0025 32.1789 -4.4890 0.0695
Car -1 -1 -5.1629 891.6757 170.6873 956.8243 201.4169 1.5474 1.6557 3.7791 16.8378 1.0534 37.5166 -4.7426 0.0603
Car -1 -1 -2.3134 0.0000 152.2567 22.1723 222.0843 1.5533 1.6482 4.3318 -16.5727 0.9253 16.6748 -3.0841 0.0546
Car -1 -1 -7.7532 428.2420 174.1660 468.4462 206.2098 1.4814 1.5649 3.4553 -7.6108 1.1888 34.4923 -7.9667 0.0544
