Pedestrian -1 -1 -3.3039 1165.8502 112.2183 1241.0000 366.0226 1.9689 0.6410 0.8516 5.2183 1.4982 6.0875 -2.6195 0.1936
Pedestrian -1 -1 -3.2398 213.4412 159.1266 280.1045 282.1102 1.9081 0.5525 0.9157 -5.9304 1.6948 11.6719 -3.7013 0.1280
Pedestrian -1 -1 -3.9820 709.4916 163.2091 731.8359 203.6555 1.8998 0.6000 0.9103 5.2377 1.4465 34.4124 -3.8327 0.0856
Pedestrian -1 -1 -6.0184 517.2139 168.9513 532.3442 196.5271 1.8917 0.5607 0.9238 -5.9164 1.6237 49.8420 -6.1363 0.0793
Pedestrian -1 -1 -7.1545 637.4410 177.3351 651.5934 202.7178 1.5175 0.6039 0.6129 2.0562 1.7914 43.7194 -7.1083 0.0674
Pedestrian -1 -1 -4.8039 444.0362 166.6194 460.5544 208.1639 1.9203 0.6806 0.8671 -7.4475 1.6318 33.8679 -5.0192 0.0673
Car -1 -1 -7.7075 536.3339 171.5123 560.4097 191.0274 1.6929 1.6207 3.7192 -5.5015 1.5762 64.4977 -7.7926 0.0657
Pedestrian -1 -1 -5.6305 178.8342 165.0980 261.0829 290.5692 1.8452 0.5195 0.9864 -5.9633 1.7308 10.9474 -6.1196 0.0647
Car -1 -1 -4.7631 627.5594 174.3950 648.7481 191.7975 1.4829 1.6560 4.2629 2.4432 1.6239 64.0047 -4.7254 0.0635
Car -1 -1 -7.4507 510.3622 175.0023 555.6443 197.7840 1.5624 1.6560 4.4340 -5.5516 1.7249 52.2928 -7.5563 0.0549
Cyclist -1 -1 -4.5238 583.0765 175.7899 590.8563 193.1613 1.5163 0.4374 1.3922 -2.0610 1.7792 63.9478 -4.5562 0.0546
Pedestrian -1 -1 -5.9716 165.1917 160.0793 214.2169 279.4339 1.8718 0.5826 0.5289 -6.8330 1.6712 11.6558 -6.4923 0.0537
Pedestrian -1 -1 -5.5563 322.6987 166.7915 373.1889 260.0149 1.9045 0.5919 0.8089 -5.5565 1.7803 15.1654 -5.9025 0.0529
Cyclist -1 -1 -6.2795 482.4860 171.1118 516.5179 205.5142 1.8138 0.7995 1.7799 -5.9409 1.7217 38.5690 -6.4317 0.3697
Cyclist -1 -1 -8.2995 679.2977 174.6792 700.3272 205.0456 1.6208 0.4768 1.6453 4.3178 1.7225 39.4707 -8.1919 0.2273
Cyclist -1 -1 -6.2628 468.9952 172.1526 504.6672 209.2469 1.7478 0.6272 1.6633 -5.9093 1.7145 34.4312 -6.4320 0.1237
Pedestrian -1 -1 -7.8436 489.6306 177.2261 501.4933 208.5353 1.6010 0.6005 0.5580 -5.9533 1.8286 37.3044 -8.0012 0.0911
Pedestrian -1 -1 -2.8383 697.6028 171.0195 712.7971 204.3407 1.7614 0.6598 0.6387 5.0526 1.6641 38.5737 -2.7096 0.0733
Pedestrian -1 -1 -6.5211 477.0815 179.0332 492.7339 211.4812 1.5789 0.6488 0.6273 -6.2302 1.8879 35.6923 -6.6932 0.0656
Cyclist -1 -1 -6.6198 487.2983 171.3145 522.4792 206.7741 1.8322 0.6252 1.7217 -5.5656 1.7524 37.9578 -6.7648 0.0642
Pedestrian -1 -1 -5.5466 425.2869 167.8858 442.0888 213.8511 1.9185 0.5403 0.4404 -7.4847 1.7109 30.4583 -5.7860 0.0630
Cyclist -1 -1 -2.7402 670.4520 170.8141 704.9964 204.6575 1.8082 0.6600 1.7499 4.1881 1.6989 39.2638 -2.6352 0.0600
Pedestrian -1 -1 -3.2694 696.7297 173.5639 709.6254 204.4059 1.6646 0.5997 0.6228 5.0285 1.7032 39.2560 -3.1435 0.0569
Cyclist -1 -1 -7.6346 699.1375 171.5055 713.6039 202.4822 1.6547 0.4374 1.6553 5.2308 1.5824 39.3960 -7.5040 0.0544
Cyclist -1 -1 -7.6686 433.9723 176.5501 451.2627 213.8180 1.6124 0.4658 1.5937 -7.4989 1.7811 32.1841 -7.8961 0.0541
Car -1 -1 -7.6248 349.2044 185.9770 507.8332 300.1824 1.4746 1.5906 3.9583 -2.7929 1.7240 11.7506 -7.8541 0.9741
Car -1 -1 -8.1928 727.4864 184.6208 959.9545 333.9806 1.4711 1.5838 3.7013 2.6696 1.6535 9.3069 -7.9231 0.9736
Car -1 -1 -8.0946 698.2938 167.0938 834.5244 272.8192 1.7610 1.6548 3.7550 2.7933 1.6647 13.9328 -7.9018 0.9552
Car -1 -1 -7.9378 647.9844 175.9200 690.7006 211.4514 1.4806 1.5755 3.7893 2.5576 1.6256 32.2939 -7.8601 0.9442
Car -1 -1 -4.5755 485.9487 181.3924 557.9862 233.9450 1.4420 1.6561 4.4092 -2.7134 1.7370 22.7391 -4.6936 0.9322
Car -1 -1 -8.4538 859.0836 205.9528 1241.0000 374.0000 1.3767 1.5626 3.8759 2.7874 1.6470 3.9453 -7.8744 0.9011
Car -1 -1 -4.6692 557.0175 174.9461 583.0198 198.7949 1.5553 1.6107 3.9562 -2.7331 1.7040 49.3925 -4.7246 0.4878
Car -1 -1 -4.8099 633.8495 173.6125 665.9636 199.7492 1.5694 1.6146 4.1658 2.4403 1.6192 45.5653 -4.7571 0.4375
Car -1 -1 -4.6440 571.4075 172.9432 592.1682 191.0444 1.5857 1.6054 4.0698 -2.5460 1.5937 65.2846 -4.6832 0.3279
Car -1 -1 -4.9525 620.5913 171.1360 648.3734 189.1766 1.5768 1.5755 4.0897 2.1555 1.4264 65.2288 -4.9200 0.2325
Car -1 -1 -6.1072 404.8197 171.5473 494.5299 209.0952 1.7608 1.7045 3.9827 -7.7088 1.6992 34.7701 -6.3242 0.1481
Car -1 -1 -4.9096 779.8712 173.1369 866.3525 237.2548 1.6038 1.5541 3.7263 5.7372 1.6121 19.9830 -4.6346 0.1292
Car -1 -1 -4.5632 504.3241 176.0379 537.0581 199.4163 1.4573 1.5775 3.8891 -5.8660 1.6751 47.4766 -4.6858 0.1061
Car -1 -1 -4.7404 697.3732 173.7120 728.4430 203.2127 1.5673 1.5997 4.0449 5.7012 1.6177 40.5527 -4.6022 0.0764
Car -1 -1 -7.9811 665.7866 177.0301 701.0336 204.1152 1.4369 1.5170 3.6221 4.0575 1.6827 40.6767 -7.8829 0.0717
