Car -1 -1 -8.0116 668.9967 177.6919 739.1090 226.9968 1.4036 1.6060 3.6886 2.8329 1.5685 22.7794 -7.8901 0.9772
Car -1 -1 -8.1496 730.6376 180.2621 925.8018 303.7507 1.4486 1.5953 3.8302 2.9076 1.5775 10.6404 -7.8910 0.9664
Car -1 -1 -8.3886 835.1650 193.0838 1241.0000 374.0000 1.3948 1.5626 3.5188 2.9457 1.5895 5.1640 -7.8956 0.9359
Car -1 -1 -7.9855 635.9918 168.5759 666.9732 194.6034 1.6957 1.6067 3.7802 2.7430 1.4166 48.9532 -7.9303 0.3411
Pedestrian -1 -1 -8.0888 1201.3026 151.1223 1241.0000 257.4374 1.8263 0.6112 0.8252 11.0220 1.4527 12.8998 -7.3934 0.1640
Pedestrian -1 -1 -7.5612 780.4004 169.4608 804.7079 221.6111 1.6840 0.6175 0.6461 5.9594 1.5741 23.7348 -7.3188 0.1298
Pedestrian -1 -1 -5.1005 917.7879 153.5892 939.0970 197.0156 1.9741 0.7489 0.5261 14.5499 1.0981 33.0718 -4.6896 0.1245
Pedestrian -1 -1 -8.1712 1116.2880 144.7437 1184.2594 272.7292 1.8791 0.6325 0.7116 8.1822 1.4661 11.0288 -7.5461 0.1013
Pedestrian -1 -1 -2.9688 1074.5013 153.3613 1135.3105 280.1855 1.8001 0.6121 0.6558 7.2756 1.5231 10.6887 -2.3846 0.1003
Cyclist -1 -1 -6.5173 336.3519 161.0283 373.9844 197.7189 1.8459 0.6698 1.7138 -13.1189 1.2507 37.0467 -6.8557 0.1001
Pedestrian -1 -1 -8.1675 773.0746 158.3093 785.5579 184.2720 1.7894 0.6730 0.6555 11.7188 0.7867 50.0852 -7.9392 0.0962
Pedestrian -1 -1 -7.9686 935.8699 157.1349 965.2855 222.2025 1.9000 0.7061 0.7593 10.1089 1.4407 21.5406 -7.5355 0.0939
Pedestrian -1 -1 -3.7096 1176.0011 151.8076 1193.3856 195.2103 1.9212 0.4974 0.4010 25.6058 0.9893 32.2059 -3.0425 0.0898
Car -1 -1 -4.6139 540.4271 168.6659 564.6974 190.8145 1.7388 1.5563 4.3280 -4.6729 1.4097 58.8253 -4.6932 0.0857
Pedestrian -1 -1 -6.2603 249.6591 150.7251 273.1817 220.3935 1.8928 0.6107 0.5718 -9.7050 1.2913 19.9987 -6.7072 0.0830
Pedestrian -1 -1 -7.8055 1134.6643 162.0975 1149.3783 202.8952 1.8406 0.5239 0.3680 24.1873 1.3550 32.8606 -7.1755 0.0799
Pedestrian -1 -1 -8.0995 835.6461 164.8682 856.3066 209.9212 1.8126 0.6543 0.6674 9.5607 1.4910 29.3841 -7.7883 0.0706
Pedestrian -1 -1 -4.0313 1050.9583 157.9156 1102.1311 250.6906 1.8564 0.5062 0.7812 9.5146 1.5572 14.8033 -3.4696 0.0612
Car -1 -1 -7.9915 880.9976 169.4843 945.6167 216.4162 1.5691 1.6327 3.6920 10.8421 1.4561 26.1143 -7.6024 0.0594
Car -1 -1 -7.6255 544.1198 166.8196 570.7507 184.2750 1.6178 1.6390 4.1824 -5.0156 1.0582 69.0646 -7.6979 0.0550
Cyclist -1 -1 -8.1329 766.2091 166.5000 790.9164 206.5180 1.6839 0.5851 1.7130 7.2390 1.4163 31.2329 -7.9077 0.0533
Pedestrian -1 -1 -8.0804 996.5558 161.2221 1018.4840 202.4863 1.7935 0.7199 0.6283 17.4492 1.2877 31.7606 -7.5822 0.2376
Pedestrian -1 -1 -3.4606 527.8932 170.3452 546.3388 201.2155 1.7869 0.4671 0.9754 -4.2971 1.6414 42.1782 -3.5620 0.2223
Pedestrian -1 -1 -4.0458 985.4023 157.8034 1002.2810 195.6478 1.7502 0.5724 0.3978 17.8897 1.0538 33.7107 -3.5618 0.1658
Cyclist -1 -1 -7.1989 123.6851 127.1023 168.8872 175.9678 1.7512 0.4800 1.6810 -17.1901 0.1113 26.7163 -7.7662 0.1545
Pedestrian -1 -1 -1.8113 124.5242 129.9974 153.0393 179.0703 1.7740 0.6999 0.8548 -17.4390 0.2244 26.6314 -2.3865 0.1467
Cyclist -1 -1 -8.3330 724.5815 172.0928 747.5661 207.5021 1.6530 0.4632 1.4435 5.9669 1.6171 34.4408 -8.1634 0.1379
Cyclist -1 -1 -4.6382 721.1516 170.9779 734.9883 205.2402 1.7062 0.5877 1.5395 5.9801 1.6125 36.7477 -4.4786 0.1297
Pedestrian -1 -1 -4.4960 746.9363 159.8127 761.5255 195.8309 1.9426 0.6593 0.6406 7.8274 1.2389 39.3404 -4.3014 0.1270
Cyclist -1 -1 -4.7230 645.8818 172.3016 657.0336 204.5076 1.6703 0.5699 1.3963 2.1466 1.6414 38.1322 -4.6677 0.1174
Cyclist -1 -1 -4.7286 996.4879 162.5160 1013.2613 201.5744 1.6667 0.6075 1.7703 17.3032 1.2253 31.7154 -4.2333 0.1089
Cyclist -1 -1 -7.0075 992.0989 159.2084 1038.3745 201.0644 1.8031 0.6945 1.7501 17.7061 1.2150 31.6112 -6.5012 0.0887
Cyclist -1 -1 -5.5434 122.9006 131.1083 175.1387 177.7056 1.7103 0.6266 1.6563 -17.2483 0.1778 26.9353 -6.1085 0.0814
Pedestrian -1 -1 -3.6941 511.9366 172.8219 527.2324 202.0080 1.6992 0.5428 0.7141 -5.3545 1.6970 42.4423 -3.8193 0.0811
Pedestrian -1 -1 -8.1921 972.3107 155.8226 992.3568 194.6041 1.8163 0.7265 0.4661 17.5368 1.0183 34.0718 -7.7204 0.0797
Pedestrian -1 -1 -8.3178 1008.2979 155.4580 1032.5433 196.1018 1.8137 0.7792 0.5615 18.4372 1.0371 32.4967 -7.8058 0.0747
Pedestrian -1 -1 -5.5941 536.4961 171.4548 552.5455 201.6280 1.7456 0.5909 0.7242 -3.8647 1.6643 42.1899 -5.6853 0.0723
Cyclist -1 -1 -7.6072 112.8913 127.8231 141.8288 175.1239 1.7516 0.5177 1.6919 -18.4911 0.0838 27.6027 -8.1930 0.0709
Cyclist -1 -1 -5.3834 730.8546 172.4513 757.9705 207.3749 1.6127 0.4557 1.4442 6.2941 1.5938 34.0627 -5.2027 0.0653
Cyclist -1 -1 -7.5622 100.7635 127.5652 131.7701 173.6444 1.6907 0.4739 1.7817 -18.7719 0.0287 27.3956 -8.1584 0.0652
Pedestrian -1 -1 -5.7922 358.7723 165.5322 400.4173 242.8401 1.7258 0.5697 0.7212 -5.2998 1.5620 16.4529 -6.0997 0.0606
Cyclist -1 -1 -5.4708 965.0929 156.5694 999.9159 193.9116 1.7227 0.5254 1.5657 17.5529 0.9711 34.1115 -4.9992 0.0589
Cyclist -1 -1 -5.2905 736.5886 165.5710 762.7654 198.8851 1.7808 0.5730 1.6862 7.5881 1.3912 39.4578 -5.1023 0.0572
Pedestrian -1 -1 -5.8511 101.7959 132.1340 130.6974 179.1622 1.7640 0.6111 0.7159 -18.8051 0.2363 27.4247 -6.4477 0.0557
Cyclist -1 -1 -2.4176 0.0000 132.2178 50.1823 199.3080 1.8227 0.6362 1.7909 -16.6579 0.7184 19.9514 -3.1067 0.0556
Cyclist -1 -1 -4.1340 137.2165 130.0847 179.6595 176.8187 1.6889 0.5055 1.6746 -16.8673 0.1430 26.9178 -4.6894 0.0551
Cyclist -1 -1 -4.1433 530.3140 171.6319 553.9023 202.0946 1.7509 0.5721 1.6655 -4.0106 1.6804 42.3434 -4.2376 0.0551
Pedestrian -1 -1 -4.4381 125.0966 162.5014 213.7614 329.8223 1.7896 0.6506 0.8412 -5.0388 1.6786 8.2080 -4.9748 0.0542
Pedestrian -1 -1 -4.9335 115.1974 133.0917 137.4548 179.7421 1.7810 0.6237 0.4955 -18.7753 0.2627 27.9428 -5.5207 0.0541
Cyclist -1 -1 -4.3788 114.3117 130.1645 147.6237 177.1407 1.6826 0.4985 1.6861 -17.7672 0.1532 26.7231 -4.9610 0.0536
Pedestrian -1 -1 -5.0659 172.4142 166.2735 252.1367 315.3493 1.7244 0.6706 0.6548 -4.9134 1.6480 8.8143 -5.5623 0.0524
Pedestrian -1 -1 -7.6453 328.5041 170.2474 367.8138 264.8765 1.6532 0.5653 0.5157 -4.7275 1.6074 12.8996 -7.9906 0.0521
Cyclist -1 -1 -7.3418 487.1117 177.4274 513.6848 217.6250 1.5447 0.3871 1.4414 -4.3837 1.7306 28.6384 -7.4928 0.0516
Cyclist -1 -1 -2.7977 297.6103 152.1999 325.1280 177.1119 1.6578 0.5548 1.6107 -20.0299 0.2830 48.3309 -3.1887 0.0515
Cyclist -1 -1 -7.4757 96.7779 129.2041 130.5909 175.6792 1.7259 0.4544 1.7392 -19.0735 0.1046 27.6936 -8.0744 0.0514
Car -1 -1 -7.9484 647.3101 171.4003 689.7648 208.3667 1.6250 1.6039 3.8021 2.6314 1.5608 33.6325 -7.8716 0.9163
Car -1 -1 -2.6465 143.3238 172.4106 394.0668 262.8817 1.5831 1.6310 3.9698 -6.3523 1.5751 13.5673 -3.0774 0.8973
Car -1 -1 -5.8406 313.5527 175.1978 470.1241 229.2789 1.5050 1.6533 4.1153 -6.4363 1.5775 21.3057 -6.1310 0.8826
Car -1 -1 -5.5899 0.0000 162.8195 232.3254 373.4332 1.6638 1.6444 3.8156 -5.8256 1.5842 6.5482 -6.2969 0.8634
Car -1 -1 -2.4586 0.0000 159.7087 259.5701 312.9400 1.6819 1.6461 3.8449 -6.6633 1.5373 8.8403 -3.0903 0.8571
Car -1 -1 -2.9175 368.2223 169.5069 498.5615 217.5771 1.6808 1.7313 4.3051 -6.3593 1.5634 26.1218 -3.1545 0.7515
Car -1 -1 -5.6387 36.1394 182.1115 348.3438 287.0004 1.4288 1.5538 4.0292 -6.3443 1.5836 11.0496 -6.1500 0.7194
Car -1 -1 -2.8785 422.8933 177.3600 516.3619 211.0411 1.4050 1.5124 3.7046 -6.0772 1.6052 31.2231 -3.0696 0.3969
Car -1 -1 -3.1041 426.0903 172.4446 521.7014 208.1267 1.6050 1.6558 4.2707 -6.3245 1.5863 33.5888 -3.2892 0.3477
Car -1 -1 -7.9531 642.6647 170.0917 680.0070 201.5157 1.6381 1.6402 4.0484 2.7322 1.4938 39.6618 -7.8853 0.2653
Car -1 -1 -7.5691 280.1003 173.7216 400.6712 247.9921 1.5419 1.6392 3.7310 -6.2209 1.5643 16.9374 -7.9165 0.2480
Car -1 -1 -4.5742 492.7097 173.9235 528.7760 201.6942 1.5694 1.6222 3.7129 -5.8743 1.6353 42.7773 -4.7102 0.2286
Car -1 -1 -8.1725 615.2659 170.0524 647.1785 188.2665 1.5329 1.6015 3.9964 1.7880 1.2968 62.8666 -8.1445 0.2109
Car -1 -1 -7.9494 760.0445 155.1619 784.3881 174.2690 1.5591 1.6339 3.8656 13.6312 0.1152 60.8941 -7.7302 0.1851
Car -1 -1 -2.4457 406.3016 178.5075 507.9738 215.4622 1.3909 1.5276 3.9766 -6.2595 1.6323 29.2521 -2.6551 0.1482
Car -1 -1 -4.4056 286.5369 146.9041 332.4868 172.7597 1.6059 1.6413 3.9209 -19.4815 -0.0067 46.8534 -4.7977 0.1365
Car -1 -1 -7.3014 0.0000 133.9022 122.6301 189.6431 1.5149 1.6927 3.5541 -16.4648 0.4560 21.4595 -7.9499 0.1077
Car -1 -1 -7.5559 97.1667 128.5743 180.5771 171.4606 1.5293 1.6522 3.7576 -18.1408 -0.0581 27.8936 -8.1282 0.1041
Car -1 -1 -8.2286 980.0012 157.4646 1048.0304 190.3293 1.4588 1.5921 3.5111 18.8371 0.7754 33.8707 -7.7249 0.0798
Car -1 -1 -5.0294 727.0707 154.2209 761.4360 173.0706 1.5537 1.6747 4.1229 11.3967 0.0175 61.6299 -4.8475 0.0770
Car -1 -1 -7.5955 331.7823 148.2975 371.9255 173.9867 1.7335 1.6790 4.0360 -18.1374 0.0761 50.7701 -7.9370 0.0672
Car -1 -1 -6.5993 0.0000 195.1617 0.0000 374.0000 1.5025 1.5817 3.7666 -5.0252 1.6262 2.0468 -7.7362 0.0666
Car -1 -1 -4.6260 333.4834 146.9205 366.5736 173.2319 1.6303 1.6758 4.0238 -16.8706 0.0231 46.8678 -4.9698 0.0648
Car -1 -1 -6.2706 721.6588 175.0169 809.4485 204.3683 1.4321 1.6384 4.2645 7.8415 1.5454 36.6575 -6.0620 0.0623
