Cyclist -1 -1 -8.1145 934.4164 170.8279 971.0677 240.4376 1.6749 0.4055 1.6606 8.5794 1.6259 18.2143 -7.6812 0.2317
Cyclist -1 -1 -8.3146 1166.2048 178.7932 1241.0000 313.1957 1.5599 0.3757 1.7366 7.8233 1.6439 9.3414 -7.6336 0.1206
Pedestrian -1 -1 -5.0232 95.5787 152.1266 121.3558 207.6208 1.9050 0.6328 0.4461 -17.5297 1.1931 25.1550 -5.6270 0.1111
Pedestrian -1 -1 -6.2530 114.8999 156.7201 127.7789 210.3471 1.7227 0.5015 0.3305 -15.9461 1.2041 23.4787 -6.8445 0.0958
Cyclist -1 -1 -7.7519 1021.8080 179.2555 1036.8311 212.3148 1.6838 0.5268 1.6242 21.9793 2.0268 37.8786 -7.2300 0.0740
Car -1 -1 -7.5661 137.5901 139.3994 214.1906 180.0462 1.5231 1.6209 3.7862 -17.4274 0.2692 29.0720 -8.1022 0.0660
Car -1 -1 -8.0587 1048.0106 164.1301 1089.1459 192.2539 1.9990 1.7404 4.2099 33.9478 1.3786 53.5627 -7.4965 0.0649
Cyclist -1 -1 -8.0875 951.5899 162.9921 992.9504 236.8208 1.7881 0.5404 1.7230 9.1493 1.5490 18.3755 -7.6325 0.0594
Pedestrian -1 -1 -5.6525 984.4348 158.0264 1021.3986 232.8766 1.8917 0.5481 0.6389 10.0966 1.5166 18.6421 -5.1632 0.0552
Car -1 -1 -3.8235 1102.1971 185.5251 1229.8539 225.2577 1.4882 1.5999 3.8462 21.8064 2.0025 28.4401 -3.1749 0.0520
Car -1 -1 -6.2006 978.4550 180.8089 1066.7914 211.5487 1.6303 1.7063 4.2534 23.4665 2.1046 41.1522 -5.6860 0.0520
Car -1 -1 -7.8423 990.4960 162.3818 1024.7806 204.5413 2.4917 1.7925 4.6755 24.8415 1.8725 45.1210 -7.3422 0.0519
Car -1 -1 -4.9198 541.0941 177.1667 569.8223 197.0033 1.5719 1.5958 4.0061 -4.6140 1.9446 60.2552 -4.9963 0.0504
Pedestrian -1 -1 -6.1289 1083.7859 186.0646 1101.9629 217.4268 1.7434 0.6931 0.7647 27.4386 2.5042 41.0558 -5.5437 0.1713
Cyclist -1 -1 -7.7964 933.0378 179.1652 942.1165 208.4411 1.6698 0.3956 1.6923 19.1991 2.0474 42.3597 -7.3740 0.1679
Pedestrian -1 -1 -7.3877 1148.3274 170.6888 1209.5299 263.6289 1.6113 0.5567 0.8266 10.1458 1.5735 12.9399 -6.7343 0.1283
Cyclist -1 -1 -8.5051 737.8450 178.7201 776.8309 227.2198 1.6174 0.4679 1.5654 5.0548 1.8274 25.0629 -8.3091 0.1155
Pedestrian -1 -1 -5.2129 746.7784 188.1008 786.8754 269.4496 1.3613 0.4663 0.5599 2.6647 1.6330 12.5362 -5.0094 0.1129
Cyclist -1 -1 -3.1595 773.9371 174.4085 808.1083 207.1413 1.8194 0.6002 1.8541 10.1499 1.9077 40.6515 -2.9170 0.1119
Pedestrian -1 -1 -5.5661 745.3474 193.2794 779.0464 270.7935 1.2767 0.3886 0.4080 2.5414 1.6329 12.3124 -5.3684 0.1086
Cyclist -1 -1 -8.2591 728.2728 172.9430 788.8428 275.4139 1.6737 0.4111 1.6324 2.5139 1.6751 12.6281 -8.0682 0.1058
Cyclist -1 -1 -8.1849 753.1798 178.6637 778.2599 227.2676 1.6274 0.4124 1.3973 5.3478 1.8346 25.0505 -7.9777 0.1020
Pedestrian -1 -1 -5.0276 730.1930 194.2850 746.3313 231.1908 1.1560 0.3759 0.4873 4.0703 1.8522 23.1808 -4.8568 0.1009
Cyclist -1 -1 -8.3771 751.3714 174.8930 841.9725 300.6091 1.6016 0.4197 1.6809 2.5064 1.6322 10.0856 -8.1416 0.0919
Pedestrian -1 -1 -5.1180 790.2548 189.0110 806.4148 223.6208 1.2122 0.4079 0.4616 6.6789 1.7949 25.7739 -4.8679 0.0883
Cyclist -1 -1 -8.3005 778.7542 177.7539 809.9076 224.2602 1.6317 0.4521 1.5867 6.6598 1.8156 26.3112 -8.0559 0.0872
Cyclist -1 -1 -7.9177 794.6454 178.2632 809.9380 223.9559 1.6025 0.4306 1.5695 6.9567 1.8055 26.3090 -7.6626 0.0825
Pedestrian -1 -1 -7.8674 928.6808 174.2392 941.4770 208.2211 1.9124 0.6518 0.7084 18.4749 1.9919 41.0976 -7.4481 0.0824
Pedestrian -1 -1 -4.7655 708.7115 191.8776 722.8464 231.8366 1.1660 0.3924 0.4255 3.1009 1.7386 21.5014 -4.6250 0.0784
Pedestrian -1 -1 -5.1129 759.5978 192.3372 776.1977 227.9974 1.1924 0.4012 0.4714 5.3538 1.8661 24.6902 -4.9026 0.0776
Cyclist -1 -1 -2.4516 141.7886 138.3232 188.9649 179.1880 1.7593 0.6135 1.7690 -19.4419 0.2724 31.4904 -3.0010 0.0767
Pedestrian -1 -1 -8.1935 533.0039 179.2511 547.1403 210.2413 1.5805 0.5304 0.6860 -3.6654 1.9155 37.3951 -8.2910 0.0756
Cyclist -1 -1 -8.4889 1200.7415 171.7575 1241.0000 253.4001 1.7024 0.4362 1.5737 13.7390 1.6792 15.8455 -7.7843 0.0756
Cyclist -1 -1 -8.5789 677.3955 177.0790 727.3571 232.4030 1.5950 0.4804 1.7034 2.7184 1.7271 21.7678 -8.4572 0.0752
Pedestrian -1 -1 -5.6459 771.0648 188.2507 822.5345 293.1814 1.3882 0.4816 0.5038 2.5302 1.6086 9.9954 -5.4062 0.0751
Pedestrian -1 -1 -5.0650 720.3030 195.3422 745.9062 256.1701 1.2277 0.3852 0.4676 2.5073 1.7041 15.0264 -4.9039 0.0663
Pedestrian -1 -1 -4.8244 738.7877 192.9444 752.9128 230.7139 1.1854 0.3924 0.4757 4.3107 1.8371 23.1634 -4.6435 0.0610
Cyclist -1 -1 -4.0937 792.6955 175.4919 830.6060 224.1920 1.7063 0.5346 1.5301 7.2401 1.8037 26.0457 -3.8261 0.0604
Cyclist -1 -1 -7.9463 62.0196 146.6279 171.1328 374.0000 1.7542 0.6467 2.0727 -4.5946 1.5518 6.5675 -8.5382 0.0599
Cyclist -1 -1 -7.7834 829.9041 179.8841 844.2119 223.7784 1.5933 0.4124 1.6076 8.5452 1.8668 27.2779 -7.4836 0.0597
Cyclist -1 -1 -8.0185 1221.8251 177.4854 1241.0000 213.1119 1.8672 0.5052 1.9488 33.5922 2.1237 39.0329 -7.3120 0.0594
Cyclist -1 -1 -7.9195 1219.3763 179.3237 1233.2987 214.0484 1.8190 0.4403 1.8798 33.2779 2.1764 39.0129 -7.2175 0.0576
Cyclist -1 -1 -8.2931 815.2224 180.1607 846.1414 223.9188 1.5847 0.4758 1.5928 8.2661 1.8685 27.2283 -8.0020 0.0574
Cyclist -1 -1 -8.6443 1215.2087 167.2946 1241.0000 251.0634 1.7093 0.4476 1.6791 13.9833 1.5956 15.5762 -7.9226 0.0550
Pedestrian -1 -1 -5.3465 764.6084 187.7558 814.6313 290.4646 1.4009 0.4716 0.5216 2.4958 1.6196 10.2707 -5.1159 0.0546
Cyclist -1 -1 -3.6550 706.7585 172.9451 761.3809 232.7494 1.7419 0.5582 1.5320 3.6551 1.7444 21.5417 -3.4900 0.0525
Cyclist -1 -1 -2.6044 152.7791 137.2614 198.1089 178.1253 1.7856 0.5858 1.6460 -19.1995 0.2300 31.8232 -3.1436 0.0523
Pedestrian -1 -1 -4.9690 748.1479 195.7586 781.1486 271.9190 1.3099 0.4461 0.5494 2.6980 1.7273 12.8695 -4.7681 0.0520
Cyclist -1 -1 -7.7135 763.6406 176.7152 782.5865 226.7453 1.6779 0.4471 1.4804 5.6329 1.8160 25.0890 -7.4959 0.0505
Cyclist -1 -1 -7.0754 533.6353 176.4519 560.9391 208.8882 1.6657 0.4635 1.5703 -3.3308 1.8586 37.9737 -7.1628 0.0504
Car -1 -1 -7.8487 587.9263 184.5182 640.9611 227.5709 1.3073 1.6787 3.3869 0.1072 1.7311 24.5322 -7.8451 0.9664
Car -1 -1 -2.3469 319.0687 182.2646 490.0327 252.7539 1.4571 1.6161 3.8884 -4.9290 1.7005 17.0218 -2.6252 0.8813
Car -1 -1 -7.8030 591.2248 178.9230 627.1447 209.8779 1.4909 1.6813 3.5206 -0.0388 1.8191 37.2575 -7.8046 0.8172
Car -1 -1 -2.3478 436.3185 176.4398 539.6639 219.1322 1.4973 1.6074 3.8776 -4.7117 1.6420 27.3911 -2.5171 0.7550
Car -1 -1 -7.9916 0.0000 180.1979 249.9108 374.0000 1.4820 1.5881 3.3779 -4.7525 1.5677 6.6643 -8.5928 0.4942
Car -1 -1 -8.4062 462.3475 172.1812 541.8269 214.4486 1.6864 1.6480 3.6965 -4.6880 1.6593 30.7319 -8.5568 0.4604
Car -1 -1 -4.2024 0.0000 177.0327 211.8174 284.6318 1.5134 1.5814 3.9740 -8.6146 1.5965 12.3568 -4.8013 0.4331
Car -1 -1 -2.2716 498.6310 172.5073 561.4023 205.4119 1.7927 1.6589 3.5446 -4.6233 1.7735 41.1309 -2.3833 0.3549
Car -1 -1 -4.8633 600.7825 177.6982 624.2194 194.4392 1.4435 1.5705 3.7428 0.1760 1.8949 65.3185 -4.8611 0.3370
Car -1 -1 -2.3743 362.4628 164.2159 524.5901 241.1649 1.9281 1.7030 4.4175 -4.6963 1.7113 19.9428 -2.6032 0.2706
Car -1 -1 -7.9463 1207.2490 183.4021 1241.0000 214.8900 1.5901 1.5502 3.5953 33.9605 2.1972 39.6366 -7.2420 0.1762
Car -1 -1 -8.6085 980.0458 191.1670 1241.0000 374.0000 1.4538 1.6238 3.9956 3.4001 1.5859 3.2084 -7.8396 0.1318
Car -1 -1 -8.3987 488.1075 178.8330 550.2313 208.8396 1.4930 1.5654 3.7775 -4.9466 1.8292 38.6492 -8.5256 0.1095
Car -1 -1 -4.9317 534.2901 178.1024 568.1359 200.7448 1.4276 1.4833 3.7197 -4.0135 1.7939 48.4131 -5.0144 0.1052
Car -1 -1 -6.7982 0.0000 180.4557 0.0000 374.0000 1.5492 1.5868 3.8292 -4.3777 1.5905 2.0024 -7.8883 0.1002
Car -1 -1 -4.8045 629.4061 175.1167 649.7241 190.9061 1.4476 1.5611 4.0755 2.7718 1.6697 68.8233 -4.7647 0.0916
Car -1 -1 -6.6490 1151.7682 174.8977 1241.0000 270.8219 1.4913 1.5898 2.9661 11.4193 1.5301 12.5384 -5.9224 0.0902
Car -1 -1 -2.4048 534.7185 175.3530 575.4833 192.6743 1.5149 1.5559 3.5537 -5.0042 1.7466 65.3001 -2.4813 0.0831
Car -1 -1 -5.8634 146.3016 139.9546 253.6442 174.9152 1.4966 1.5947 3.8024 -18.0749 0.0879 31.8587 -6.3759 0.0805
Car -1 -1 -8.0420 1061.0717 186.3476 1107.3811 215.1974 1.5438 1.5898 3.7434 27.8609 2.3771 42.5449 -7.4660 0.0746
Car -1 -1 -4.0694 525.1273 179.1628 574.9443 200.5259 1.4674 1.5970 3.9394 -4.3824 1.9478 52.8897 -4.1521 0.0610
Car -1 -1 -4.9007 719.9634 174.5552 761.0149 205.9018 1.7800 1.6787 4.0300 7.7233 1.8864 43.2188 -4.7256 0.0598
Car -1 -1 -4.5658 911.3848 183.3294 951.2908 212.5689 1.6150 1.6325 4.1102 19.4112 2.2791 43.5851 -4.1499 0.0597
Car -1 -1 -4.4791 643.7167 176.9100 671.7286 196.2897 1.6657 1.6247 4.0948 4.3188 2.0439 65.1324 -4.4136 0.0556
Car -1 -1 -7.7567 828.8652 183.1554 878.7308 223.5823 1.4027 1.5033 3.6123 9.4583 1.8300 27.9885 -7.4346 0.0530
