Pedestrian -1 -1 -5.3291 308.8616 177.6964 362.9112 258.1080 1.8660 0.7045 1.1171 -6.6705 1.9867 17.4208 -5.6903 0.3356
Pedestrian -1 -1 -3.2122 138.0380 175.0776 151.0612 204.8205 1.8990 0.6190 0.6656 -30.0836 2.0437 46.5825 -3.7832 0.1452
Pedestrian -1 -1 -6.5704 481.8114 180.2853 497.2556 207.4234 1.6067 0.5349 0.7963 -7.2757 2.0572 43.3599 -6.7361 0.1391
Pedestrian -1 -1 -2.6264 202.3784 175.2842 217.0860 204.6128 1.8817 0.5633 0.6361 -25.8955 2.0394 46.6246 -3.1312 0.1340
Pedestrian -1 -1 -5.7009 494.0071 173.1726 509.4535 200.7857 1.7915 0.6928 0.7429 -7.1282 1.8123 47.2938 -5.8501 0.1327
Car -1 -1 -5.7278 153.6902 179.6996 211.6024 197.4922 1.6323 1.6358 4.4923 -40.1041 2.2828 67.7281 -6.2609 0.1251
Pedestrian -1 -1 -3.3901 1151.2003 145.7137 1241.0000 374.0000 1.8446 0.5280 0.9461 5.2259 1.6282 6.1808 -2.7123 0.1202
Pedestrian -1 -1 -6.4326 43.4820 178.7827 59.6522 209.3327 1.9371 0.5147 0.7547 -35.9253 2.3215 46.3759 -7.0891 0.0851
Pedestrian -1 -1 -4.6917 376.6431 171.1900 386.9533 201.3126 1.9326 0.6208 0.7914 -14.8187 1.8255 46.7587 -4.9973 0.0721
Car -1 -1 -5.4286 134.4254 183.7591 189.1806 202.9443 1.6376 1.7514 4.3504 -40.2369 2.6383 64.7514 -5.9830 0.0664
Car -1 -1 -5.8710 233.5319 175.5643 292.8477 193.6842 1.6894 1.6736 4.8064 -32.8903 1.9497 68.4644 -6.3175 0.0658
Pedestrian -1 -1 -5.2048 765.5552 170.3486 799.1991 241.4236 1.8963 0.6544 0.6613 4.6402 1.8292 19.6557 -4.9772 0.0629
Car -1 -1 -5.9226 422.6781 173.5093 470.8753 190.3883 1.5878 1.6383 4.1915 -15.6251 1.6512 69.0605 -6.1446 0.0590
Pedestrian -1 -1 -3.8490 0.0000 167.7592 36.5230 246.0055 1.8110 0.6191 0.6944 -14.2334 1.6927 17.0957 -4.5357 0.0563
Pedestrian -1 -1 -8.3185 696.0757 173.6463 713.3351 207.4669 1.7915 0.6759 0.6967 5.0361 1.8342 38.6819 -8.1905 0.0561
Pedestrian -1 -1 -5.3182 674.5912 171.9301 689.0538 203.9040 1.7922 0.5838 0.5870 4.0270 1.7401 40.8415 -5.2211 0.0545
Car -1 -1 -4.5696 0.0000 187.4276 0.0000 216.4820 1.5318 1.6983 4.1540 -41.3022 2.4321 42.4082 -5.3387 0.0529
Cyclist -1 -1 -4.5544 472.2389 167.1763 496.6935 221.1638 2.0535 0.6762 1.7771 -4.9601 1.8373 28.3385 -4.7267 0.2030
Pedestrian -1 -1 -3.3954 32.5058 259.0638 113.4294 374.0000 1.2207 0.3766 0.3509 -3.6083 1.8208 4.7694 -4.0172 0.1611
Pedestrian -1 -1 -4.0493 27.7122 268.0846 135.8333 374.0000 1.1469 0.3661 0.4370 -3.4320 1.7875 4.6283 -4.6609 0.1529
Cyclist -1 -1 -4.5373 0.0000 182.5712 132.9277 374.0000 1.7281 0.5098 1.5936 -3.3665 1.7976 4.3569 -5.1667 0.0761
Cyclist -1 -1 -4.3406 0.0000 188.7674 113.2595 374.0000 1.7124 0.5102 1.5791 -3.6597 1.8270 4.3797 -5.0076 0.0743
Cyclist -1 -1 -5.4814 0.0000 204.4865 203.8805 374.0000 1.6273 0.4478 1.4933 -3.5834 1.8533 4.8025 -6.0968 0.0741
Cyclist -1 -1 -4.1839 13.9329 173.9095 231.8832 374.0000 1.7897 0.5257 1.5706 -3.3864 1.7981 5.1065 -4.7466 0.0646
Cyclist -1 -1 -7.7086 0.0000 185.6170 121.9893 374.0000 1.7210 0.4855 1.7520 -3.9637 1.8279 5.1714 -8.3384 0.0567
Pedestrian -1 -1 -2.6064 0.0000 207.4653 81.0207 374.0000 1.5553 0.5000 0.6827 -3.9139 1.7875 4.5500 -3.2885 0.0532
Cyclist -1 -1 -6.1759 463.1610 169.4687 507.0141 219.2815 1.9306 0.6627 1.6367 -4.9409 1.7991 28.3484 -6.3474 0.0501
Car -1 -1 -4.2425 163.7611 188.8908 242.0863 225.4869 1.3718 1.4728 3.4042 -17.0403 2.0833 30.2927 -4.7514 0.8528
Car -1 -1 -7.4610 234.6506 179.9430 290.5094 207.3567 1.5118 1.6144 3.8841 -20.5671 1.9515 42.7992 -7.9068 0.8297
Car -1 -1 -7.5477 284.7745 180.0262 332.7373 206.6315 1.4700 1.5751 3.7122 -17.8486 1.9143 42.8172 -7.9407 0.5947
Car -1 -1 -3.6521 0.0000 216.9945 146.6010 374.0000 1.4731 1.5847 3.7719 -4.0244 1.7642 2.7854 -4.5724 0.1206
Car -1 -1 -4.2223 0.0163 196.7181 157.8533 265.5347 1.3513 1.5069 3.6127 -12.6281 1.9879 17.3680 -4.8439 0.0885
Car -1 -1 -4.3482 273.0525 186.1956 343.1428 222.6554 1.4099 1.5610 3.7163 -12.9879 2.0204 31.1558 -4.7405 0.0810
