Pedestrian -1 -1 -6.5126 966.8934 173.7774 982.0816 199.5611 1.9035 0.5938 0.8956 27.0872 1.9724 53.6881 -6.0480 0.2741
Pedestrian -1 -1 -2.5039 591.0760 155.7511 621.2288 218.1490 1.9708 0.6194 0.7511 -0.1714 1.4303 23.2611 -2.5118 0.1821
Pedestrian -1 -1 -5.9198 577.0352 159.4654 610.3857 221.7915 1.8776 0.6148 0.8631 -0.5457 1.4740 22.1700 -5.9448 0.1184
Car -1 -1 -7.7758 865.1532 158.9251 887.1833 180.9193 1.9932 1.6254 4.1548 24.9456 0.7306 67.6159 -7.4239 0.1062
Pedestrian -1 -1 -4.0303 1155.6249 168.5281 1207.1403 265.4224 1.9422 0.5935 0.5864 11.6741 1.8552 14.8190 -3.3734 0.1025
Pedestrian -1 -1 -6.4512 1103.9086 169.8369 1124.3761 209.0367 1.9678 0.6291 0.7551 25.5728 1.8161 36.6662 -5.8464 0.0870
Pedestrian -1 -1 -3.9024 386.0749 150.3644 425.1071 225.5970 1.8723 0.6197 0.7347 -5.2681 1.3123 18.4310 -4.1775 0.0825
Car -1 -1 -5.2733 896.4506 172.5393 938.0261 189.0139 1.5327 1.6145 4.3270 29.4705 1.5031 69.3925 -4.8735 0.0797
Pedestrian -1 -1 -6.8701 830.8087 169.9325 847.3961 200.7270 1.8623 0.6295 0.7395 13.9462 1.6853 44.0406 -6.5658 0.0709
Car -1 -1 -5.1549 998.7950 170.5489 1037.7562 187.8542 1.5826 1.5858 4.0997 38.4487 1.3715 68.0862 -4.6429 0.0694
Pedestrian -1 -1 -5.6995 334.6011 136.8009 433.4787 303.5686 1.9075 0.6262 0.9480 -2.7656 1.4949 8.6862 -6.0000 0.0627
Cyclist -1 -1 -7.4262 169.4042 162.0807 224.7702 237.4796 1.5775 0.4259 1.6041 -9.1277 1.3518 15.9131 -7.9400 0.0608
Pedestrian -1 -1 -8.4893 1080.7222 164.8341 1122.8275 233.8802 2.0252 0.6736 0.8365 14.6588 1.7897 21.5967 -7.8999 0.0584
Pedestrian -1 -1 -4.7555 0.0000 143.9479 48.7970 277.8288 1.8390 0.6042 0.5968 -8.4980 1.4417 10.3348 -5.4311 0.0564
Pedestrian -1 -1 -3.8305 1188.9009 173.2739 1241.0000 272.5036 1.8973 0.5838 0.6627 11.8176 1.9054 14.0909 -3.1437 0.0550
Pedestrian -1 -1 -8.0616 1206.9773 170.8737 1241.0000 282.7124 1.8871 0.6199 0.5269 10.7945 1.8534 12.5535 -7.3637 0.0533
Car -1 -1 -7.9076 1029.2465 186.4687 1099.2780 249.5132 1.5263 1.4474 2.1753 12.0569 1.9153 19.3311 -7.3575 0.4243
Pedestrian -1 -1 -7.8544 841.3162 172.7413 857.2888 211.5574 1.7872 0.7002 0.7324 11.1250 1.7818 33.6791 -7.5385 0.4169
Pedestrian -1 -1 -6.3717 852.9205 171.2980 871.8481 208.7858 1.8829 0.6374 0.8518 12.7752 1.8044 36.6521 -6.0393 0.3920
Pedestrian -1 -1 -8.9102 1085.0044 178.4784 1114.8828 220.5664 1.7956 0.7981 0.7887 21.3135 2.0447 31.4569 -8.3196 0.3024
Pedestrian -1 -1 -7.8854 1101.9755 179.6073 1120.2521 226.1474 1.7727 0.5599 0.5932 19.3958 2.0382 27.9997 -7.2851 0.2170
Cyclist -1 -1 -5.5854 0.0000 167.1974 212.3874 321.7593 1.6184 0.7691 1.9055 -5.6290 1.5589 8.0346 -6.1814 0.1540
Pedestrian -1 -1 -3.4322 1021.2584 191.3485 1044.5621 235.0711 1.3530 0.4507 0.5270 13.3371 1.9454 22.8447 -2.9101 0.1484
Cyclist -1 -1 -7.6275 720.4955 174.9848 751.0948 240.1180 1.6815 0.4723 1.6202 3.3671 1.7413 19.5212 -7.4601 0.1466
Cyclist -1 -1 -7.6839 821.6452 169.9639 841.4432 212.2309 1.7172 0.5025 1.8077 9.2495 1.5995 30.2355 -7.3903 0.1461
Cyclist -1 -1 -4.6887 1019.8422 185.4528 1037.4631 237.4791 1.5889 0.4657 1.5091 13.4042 2.0066 23.1734 -4.1705 0.1458
Cyclist -1 -1 -3.9661 1012.4294 180.0642 1065.7394 236.2812 1.7356 0.5901 1.5129 13.5726 1.9693 22.9082 -3.4375 0.1365
Pedestrian -1 -1 -7.7397 522.2755 156.6793 556.9432 250.3897 1.8786 0.6156 0.9157 -1.4984 1.5540 14.9269 -7.8389 0.1305
Pedestrian -1 -1 -2.3129 399.5654 158.2713 463.0629 273.7070 1.8628 0.6537 0.8220 -3.0600 1.6272 12.1433 -2.5555 0.1176
Pedestrian -1 -1 -4.3532 452.8801 153.5929 493.5016 234.7677 1.9009 0.6531 1.0079 -3.3475 1.4495 17.4488 -4.5406 0.1127
Pedestrian -1 -1 -3.9581 468.7262 168.4530 514.1812 255.9721 1.7019 0.5800 0.6979 -2.4287 1.6160 14.4825 -4.1221 0.1110
Cyclist -1 -1 -4.0429 34.3368 161.5187 204.8788 332.3823 1.6631 0.5517 1.7707 -5.3456 1.5524 7.9299 -4.6209 0.1038
Pedestrian -1 -1 -5.8894 478.9625 160.7566 518.5052 234.3718 1.7987 0.6248 0.7983 -2.8255 1.5028 18.0279 -6.0433 0.0901
Pedestrian -1 -1 -7.1255 427.8429 159.2261 456.4349 231.8747 1.7789 0.6166 0.3506 -4.2315 1.4449 17.9693 -7.3541 0.0843
Pedestrian -1 -1 -6.3289 92.2188 167.5844 150.6241 329.6664 1.6745 0.5616 0.5051 -5.3626 1.6198 7.8302 -6.9140 0.0806
Cyclist -1 -1 -2.3654 421.7483 152.7968 489.8209 232.2120 1.8780 0.5196 1.7846 -3.8594 1.4034 17.7601 -2.5769 0.0761
Pedestrian -1 -1 -7.2458 865.1562 174.9010 884.0627 208.6704 1.8299 0.6732 0.7415 14.5013 1.9435 39.6479 -6.8980 0.0754
Pedestrian -1 -1 -4.8245 0.0000 160.5723 62.5549 290.4887 1.6556 0.5997 0.6746 -7.8026 1.4988 9.6455 -5.4913 0.0740
Cyclist -1 -1 -7.6136 844.9612 173.0267 866.4690 212.9556 1.8029 0.5678 1.6764 11.3566 1.8108 33.4468 -7.2895 0.0733
Cyclist -1 -1 -8.8224 1079.1055 179.6536 1131.4495 224.6645 1.6824 0.5305 1.6703 19.2239 1.9552 28.1076 -8.2279 0.0688
Cyclist -1 -1 -7.7204 42.3886 165.8270 121.1407 329.1878 1.6249 0.4576 1.7459 -5.9073 1.5547 8.0563 -8.3377 0.0644
Pedestrian -1 -1 -7.1388 595.3276 155.2639 640.9260 243.0164 1.9679 0.7141 0.7893 0.1382 1.5731 16.7127 -7.1316 0.0628
Pedestrian -1 -1 -6.5234 1113.5823 180.4125 1141.1597 234.7287 1.7796 0.5740 0.6273 17.2461 2.0360 24.1281 -5.9093 0.0618
Cyclist -1 -1 -7.2182 474.4729 168.4258 560.1667 292.6909 1.7497 0.4090 1.6228 -1.4281 1.6871 10.9682 -7.3459 0.0595
Cyclist -1 -1 -5.6554 356.7869 161.8293 470.5950 276.4784 1.8022 0.6371 1.7863 -3.3094 1.6286 11.9566 -5.9207 0.0577
Cyclist -1 -1 -7.2129 494.4027 168.7303 563.2977 257.4507 1.7429 0.4704 1.7601 -1.7154 1.6616 15.0533 -7.3254 0.0563
Cyclist -1 -1 -5.1651 996.1573 177.4531 1038.5032 233.9467 1.7502 0.5457 1.5744 13.0737 1.9035 23.2850 -4.6595 0.0548
Pedestrian -1 -1 -5.5640 339.7866 137.9327 429.8102 303.6088 1.8884 0.6567 0.8006 -2.7597 1.4901 8.6872 -5.8638 0.0536
Pedestrian -1 -1 -5.5582 1083.6655 177.7776 1106.3768 222.9683 1.7640 0.5040 0.5503 19.1553 1.9609 28.5675 -4.9728 0.0535
Cyclist -1 -1 -5.7230 0.0000 147.1427 211.7050 323.9749 1.7502 0.7406 1.9075 -5.3903 1.4954 7.5528 -6.3266 0.0535
Cyclist -1 -1 -7.3618 47.6872 161.7656 178.3831 327.2707 1.6835 0.4582 1.6929 -5.6293 1.5704 8.2038 -7.9485 0.0532
Pedestrian -1 -1 -5.4973 470.2913 159.9944 508.2466 234.7219 1.7881 0.6506 0.6496 -3.0141 1.4801 17.7186 -5.6640 0.0519
Cyclist -1 -1 -3.3177 1084.6121 174.9333 1141.8846 224.1533 1.8684 0.5665 1.7524 19.5025 1.9507 28.0617 -2.7158 0.0514
Pedestrian -1 -1 -8.1464 194.8326 157.5002 241.5056 276.3706 1.8428 0.5571 0.4290 -6.3174 1.6045 11.5344 -8.6382 0.0509
Pedestrian -1 -1 -6.0261 1092.7925 177.1438 1113.2278 225.2259 1.8688 0.5892 0.5374 19.4362 2.0404 28.5113 -5.4331 0.0509
Cyclist -1 -1 -7.9482 1079.1558 175.0884 1107.0648 232.5563 1.7505 0.5554 1.8060 15.3196 1.8243 22.9790 -7.3667 0.0509
Pedestrian -1 -1 -6.7623 1166.0007 181.7129 1217.7250 255.9026 1.7146 0.5515 0.7870 13.7274 1.9285 17.1021 -6.0951 0.0500
Car -1 -1 -7.6032 730.8610 183.9373 849.3290 267.5951 1.4798 1.5868 3.6466 3.8595 1.7445 15.2697 -7.3612 0.9752
Car -1 -1 -7.1150 74.0974 180.1032 586.3759 374.0000 1.5692 1.5580 3.4247 -1.7114 1.6418 5.3730 -7.4111 0.9533
Car -1 -1 -4.2675 515.9179 178.0758 754.5350 340.6704 1.5930 1.5841 3.6552 0.4688 1.6735 9.1814 -4.2198 0.9323
Car -1 -1 -7.9836 1074.8352 198.0738 1241.0000 374.0000 1.4446 1.4989 3.2141 5.2075 1.7375 6.6191 -7.3394 0.8759
Car -1 -1 -4.5605 873.1260 174.3126 926.6617 212.1632 1.5969 1.6817 4.0173 13.1710 1.6672 32.7666 -4.1819 0.8160
Car -1 -1 -7.9517 1022.1557 189.2629 1101.2490 250.4811 1.4554 1.5219 2.7699 12.1196 1.9362 19.5779 -7.4049 0.7802
Car -1 -1 -6.0330 733.5118 173.4576 836.4671 214.8150 1.5665 1.5830 3.7410 6.9634 1.5917 28.9452 -5.7998 0.7102
Car -1 -1 -7.6913 901.8026 180.4973 945.4388 209.9716 1.4896 1.6118 3.8049 17.1916 1.9299 39.5585 -7.2845 0.6529
Car -1 -1 -4.6310 1011.5220 181.4190 1042.6182 205.3837 1.6019 1.6188 4.1656 30.0310 2.2442 51.9599 -4.1099 0.4838
Car -1 -1 -6.8383 1009.6651 185.6963 1171.9807 235.6499 1.4884 1.6952 3.9893 15.0767 1.9106 22.8473 -6.2615 0.1816
Car -1 -1 -4.7809 930.2244 174.5349 951.7507 190.5203 1.4716 1.5880 4.0252 31.6193 1.6372 69.0427 -4.3534 0.1549
Car -1 -1 -6.7042 0.0000 187.6987 178.3516 374.0000 1.4850 1.5439 3.4529 -5.0957 1.6232 4.8461 -7.4873 0.1008
Car -1 -1 -6.4558 0.0000 0.0000 1241.0000 374.0000 1.5634 1.6159 3.7715 -3.1225 1.5595 1.3799 -7.5379 0.0908
Car -1 -1 -7.8431 852.4188 176.3608 884.0461 208.1301 1.7003 1.6232 3.6698 14.6652 1.9092 41.0598 -7.5029 0.0738
Car -1 -1 -5.1193 1053.2629 179.3861 1108.9996 204.3802 1.5736 1.7044 3.9469 31.6236 2.0322 48.6047 -4.5457 0.0733
Car -1 -1 -6.5126 0.0000 0.0000 1241.0000 374.0000 1.5659 1.6259 3.7612 -1.5068 1.5343 -0.0005 -7.8962 0.0661
Car -1 -1 -4.4629 606.1180 180.2217 716.2642 258.4792 1.4965 1.5544 3.9383 1.2287 1.6843 16.3095 -4.3901 0.0603
