Pedestrian -1 -1 -5.2687 980.2527 170.4320 1019.2742 239.2983 1.8652 0.5725 0.8729 10.7413 1.7993 19.9978 -4.7826 0.2020
Cyclist -1 -1 -8.2527 747.1586 172.9221 766.8595 205.4830 1.7917 0.4573 1.6982 8.2209 1.7953 40.5853 -8.0547 0.1153
Pedestrian -1 -1 -4.3728 946.7263 158.6139 1013.1742 296.7614 1.9302 0.7011 0.6294 5.3530 1.7309 10.5518 -3.9156 0.0993
Cyclist -1 -1 -4.6020 498.7462 177.4288 512.7014 207.3064 1.7458 0.6461 1.7043 -6.2833 2.0255 43.2880 -4.7457 0.0817
Cyclist -1 -1 -6.7077 950.8845 151.4012 1003.5167 199.1340 1.8289 0.6228 1.7161 14.1876 1.0066 27.9916 -6.2430 0.0809
Pedestrian -1 -1 -3.6790 806.7980 156.7191 868.0604 263.2182 1.9818 0.6621 0.9102 4.3053 1.6813 13.8579 -3.3848 0.0766
Pedestrian -1 -1 -6.2084 625.3102 174.8916 631.3026 195.9128 1.6988 0.7658 0.4333 1.4668 1.8657 58.7912 -6.1840 0.0755
Pedestrian -1 -1 -5.7830 211.9804 158.9768 299.4607 307.0026 1.8592 0.6333 0.8187 -4.6538 1.6846 9.3996 -6.2322 0.0738
Car -1 -1 -4.3942 582.5631 172.8836 624.7056 200.7154 1.8222 1.6778 4.1509 -0.4182 1.8241 49.4786 -4.4031 0.0678
Pedestrian -1 -1 -3.3976 743.7213 173.0827 751.1460 191.8606 1.7260 0.6113 0.5354 12.6728 1.7470 66.6535 -3.2109 0.0611
Pedestrian -1 -1 -5.0268 765.7421 177.4847 788.1774 225.9428 1.7201 0.5726 0.7861 5.9898 1.8901 26.1101 -4.8045 0.0566
Car -1 -1 -4.8165 761.9510 178.6377 805.5527 214.6396 1.6412 1.6552 4.1415 8.5019 1.9447 35.7440 -4.5855 0.0566
Pedestrian -1 -1 -7.3706 533.3657 175.0989 549.0519 215.1145 1.8858 0.6282 0.4026 -3.3147 1.9933 34.3424 -7.4667 0.0540
Cyclist -1 -1 -7.8769 605.2157 177.5201 612.2144 203.3384 1.6225 0.4135 1.4496 -0.1199 1.9266 46.3380 -7.8800 0.0524
Pedestrian -1 -1 -4.3796 1077.7794 162.7877 1133.3734 278.9480 1.8961 0.6134 0.6166 8.3281 1.7314 12.2083 -3.7929 0.0508
Pedestrian -1 -1 -4.3713 930.4958 161.0807 976.9890 249.1770 1.9752 0.6831 1.0156 7.9457 1.7109 16.7792 -3.9366 0.3244
Pedestrian -1 -1 -4.4943 964.4898 164.7215 1021.7739 301.2433 1.8749 0.6159 0.6085 5.4360 1.7629 10.3398 -4.0230 0.2921
Pedestrian -1 -1 -7.9541 814.6014 169.4438 830.5330 210.8274 2.0142 0.6928 0.5958 10.4063 1.8479 35.4740 -7.6716 0.2260
Pedestrian -1 -1 -5.0711 950.7488 178.2759 981.5911 240.2897 1.6864 0.5564 0.6933 9.8427 1.8396 20.0567 -4.6214 0.1577
Cyclist -1 -1 -3.4485 1013.8793 184.6506 1179.6135 313.8898 1.6669 0.6133 1.7885 6.5834 1.8377 9.9323 -2.8778 0.1399
Pedestrian -1 -1 -5.3795 1171.2350 210.0898 1226.9585 311.4605 1.2270 0.3719 0.4032 7.3527 1.7060 9.0846 -4.7157 0.0786
Pedestrian -1 -1 -5.5027 1131.3406 154.5441 1215.7589 277.4149 1.9313 0.6184 0.9188 9.1689 1.6432 11.8404 -4.8565 0.0719
Pedestrian -1 -1 -4.6009 1091.7534 156.2452 1139.6376 276.3707 1.9467 0.5952 0.7072 8.4667 1.6772 12.1550 -4.0045 0.0692
Cyclist -1 -1 -5.4094 937.1442 172.7005 1069.0970 308.9469 1.7373 0.5513 1.8445 5.4033 1.7351 10.1608 -4.9336 0.0610
Pedestrian -1 -1 -5.0547 986.7969 173.7698 1021.8393 242.8294 1.8495 0.6099 0.7819 10.7419 1.8748 19.7669 -4.5639 0.0593
Pedestrian -1 -1 -8.0820 915.4815 167.9330 948.7301 236.5503 1.8640 0.6814 0.7696 8.8868 1.7301 20.0417 -7.6707 0.0537
Pedestrian -1 -1 -5.0104 1080.8715 196.0148 1143.8300 308.9857 1.4835 0.5862 0.4917 6.8403 1.8120 9.9255 -4.4217 0.0512
Car -1 -1 -4.5389 629.0726 176.8349 667.1298 202.9626 1.5790 1.7556 4.2054 2.4724 1.8478 46.5348 -4.4866 0.8688
Car -1 -1 -5.4964 0.0000 0.0000 1241.0000 374.0000 1.5325 1.5948 3.6686 2.5539 1.6754 1.8689 -4.6307 0.8122
Car -1 -1 -6.9831 0.0000 205.9901 314.9901 374.0000 1.4913 1.6274 3.7554 -2.7552 1.6920 2.4417 -7.7757 0.6311
Car -1 -1 -5.4953 1101.5385 185.5278 1241.0000 374.0000 1.5761 1.6421 4.1638 5.9411 1.7099 5.5413 -4.7022 0.0684
Car -1 -1 -4.7375 655.7852 176.2229 673.7764 193.1281 1.5034 1.5581 4.0162 5.0419 1.8255 67.0237 -4.6631 0.0672
