Pedestrian -1 -1 -5.3394 551.3197 159.7206 581.5208 213.0651 1.7594 0.6491 0.8341 -1.2098 1.0415 24.2207 -5.3939 0.6259
Pedestrian -1 -1 -7.5338 398.7809 158.7164 412.7587 196.9108 1.8621 0.5536 0.4378 -9.6113 0.7516 35.2537 -7.8030 0.1394
Cyclist -1 -1 -8.1137 457.4591 161.1575 478.7564 205.3738 1.6573 0.3902 1.6488 -5.1821 0.8952 27.7513 -8.3016 0.1136
Pedestrian -1 -1 -4.4578 329.8784 150.4603 354.1455 200.2582 1.9312 0.6967 0.9108 -10.2486 0.7278 28.3435 -4.8067 0.1038
Pedestrian -1 -1 -3.6000 527.3248 162.5638 540.1229 185.9372 1.8606 0.5568 0.8649 -5.4118 0.3531 57.6452 -3.6980 0.0999
Pedestrian -1 -1 -5.3924 993.4291 144.0153 1042.0367 228.3988 1.8387 0.5590 0.7998 9.2765 1.0225 16.0936 -4.8816 0.0895
Pedestrian -1 -1 -5.5448 683.7327 157.1980 698.6364 189.9049 1.8966 0.6324 0.5965 5.2576 0.4875 42.0873 -5.4261 0.0857
Car -1 -1 -3.1214 317.7824 167.2312 409.4647 202.9770 1.4635 1.5331 3.6308 -10.1260 0.8796 30.6805 -3.4426 0.0843
Car -1 -1 -3.4924 558.4800 170.0830 617.9352 194.1039 1.6022 1.5915 3.7646 -0.9009 0.8407 49.3422 -3.5155 0.0837
Pedestrian -1 -1 -4.8379 766.2961 155.1655 788.2412 208.3502 1.8126 0.6274 0.8771 6.0747 0.9155 24.9511 -4.6065 0.0759
Pedestrian -1 -1 -6.7027 384.5784 170.0266 393.4983 201.5932 1.7868 0.4882 0.3148 -12.1104 1.1375 40.9483 -6.9935 0.0759
Cyclist -1 -1 -7.7255 382.7851 158.8415 408.5538 217.4232 1.8491 0.5977 1.7793 -6.7708 1.1343 23.5987 -8.0070 0.0737
Pedestrian -1 -1 -4.7349 741.4589 155.0487 760.0825 207.0007 1.8506 0.6344 0.8510 5.3879 0.9088 26.0618 -4.5381 0.0722
Car -1 -1 -6.5572 0.0000 0.0000 1237.0000 373.0000 1.5290 1.5838 3.7988 -4.0421 1.6530 1.7363 -7.6748 0.0665
Pedestrian -1 -1 -3.8662 1101.0081 165.4563 1192.2025 308.6507 1.4928 0.4262 0.6717 5.8081 1.3262 7.7346 -3.2437 0.0643
Cyclist -1 -1 -7.7963 712.1816 165.0847 725.1980 202.4765 1.5993 0.4849 1.6126 5.1429 0.8975 31.5641 -7.6411 0.0629
Car -1 -1 -4.0717 535.7719 164.7649 577.9174 182.4445 1.5946 1.7114 4.2944 -4.0877 0.0849 67.0571 -4.1371 0.0572
Pedestrian -1 -1 -8.1646 326.5612 169.8331 338.3236 202.8947 1.7556 0.5177 0.3143 -14.3958 1.1363 38.4282 -8.5258 0.0566
Pedestrian -1 -1 -5.0803 1039.3447 149.0394 1078.2560 228.7458 1.7469 0.5411 0.6237 10.2026 1.0360 16.0998 -4.5279 0.0566
Pedestrian -1 -1 -5.3222 1119.5715 139.4368 1162.3835 223.1959 1.8031 0.5920 0.4570 11.7448 0.8982 15.6981 -4.6929 0.0564
Pedestrian -1 -1 -5.5942 653.6771 163.1767 661.7365 190.1205 1.8356 0.4953 0.3069 3.8662 0.5873 49.2243 -5.5211 0.0559
Cyclist -1 -1 -3.7651 383.1995 172.5974 408.2184 197.8701 1.6650 0.5554 1.5887 -13.7658 1.0785 48.1221 -4.0472 0.0550
Pedestrian -1 -1 -7.7262 345.0090 167.8729 358.0697 205.3212 1.8207 0.5643 0.3569 -12.2396 1.1584 35.1585 -8.0639 0.0527
Pedestrian -1 -1 -3.5224 724.5189 157.6739 742.8051 207.3020 1.8245 0.5594 0.4935 4.8950 0.9490 26.7332 -3.3481 0.0515
Car -1 -1 -7.1598 1166.2026 152.6148 1237.0000 245.3068 1.4823 1.6069 4.0940 12.3686 1.0210 12.5162 -6.3959 0.0505
Pedestrian -1 -1 -8.0803 486.5380 162.0357 554.5504 302.0648 1.7050 0.6509 1.0521 -1.1196 1.4687 9.3521 -8.2021 0.9171
Pedestrian -1 -1 -3.5018 790.0198 161.2404 899.6912 344.6497 1.6656 0.5353 0.8454 2.2392 1.4823 6.8158 -3.2015 0.8486
Pedestrian -1 -1 -8.5274 845.9763 153.9651 992.3286 373.0000 1.6406 0.6433 0.7443 2.2303 1.4583 5.2259 -8.1478 0.8394
Pedestrian -1 -1 -5.9938 609.4533 161.6968 711.8013 327.7977 1.6835 0.4998 0.9936 0.5871 1.4835 7.6883 -5.9262 0.7671
Pedestrian -1 -1 -6.5603 615.0598 162.0427 663.9275 262.5702 1.7412 0.6813 0.7085 0.6294 1.4048 12.8555 -6.5179 0.7290
Pedestrian -1 -1 -5.2135 647.7095 160.9806 718.0090 307.8779 1.6972 0.5518 0.7502 0.9314 1.4608 8.7529 -5.1165 0.7213
Pedestrian -1 -1 -5.7839 565.2717 157.7534 627.6558 272.3654 1.7936 0.6469 0.8083 -0.1217 1.4227 11.7160 -5.7997 0.6580
Pedestrian -1 -1 -4.9953 608.7769 160.7178 632.7739 209.8440 1.7826 0.6381 0.9679 0.6870 1.0289 26.6154 -4.9748 0.5665
Pedestrian -1 -1 -7.9892 713.1476 161.4261 771.2756 288.7769 1.6796 0.6584 0.9056 1.8817 1.4155 9.9400 -7.8125 0.5228
Pedestrian -1 -1 -5.8215 499.7345 166.1768 545.5727 261.8598 1.6733 0.5956 0.6234 -1.4576 1.4060 12.9482 -5.9369 0.4775
Pedestrian -1 -1 -3.7691 885.4350 157.3584 930.9616 228.7681 1.6572 0.5663 0.8161 7.2345 1.0975 17.0409 -3.3783 0.4397
Pedestrian -1 -1 -4.9815 495.8252 162.5984 539.9848 257.5195 1.8175 0.6826 0.7800 -1.7047 1.4562 14.2450 -5.1040 0.3987
Pedestrian -1 -1 -2.7694 109.3921 176.3145 271.3202 373.0000 1.5635 0.6653 0.8196 -2.9612 1.5298 5.1552 -3.2759 0.3828
Pedestrian -1 -1 -3.9750 122.0432 155.5473 191.9394 260.8729 1.8535 0.6484 0.9046 -8.1575 1.3974 13.1457 -4.5269 0.3794
Pedestrian -1 -1 -4.1276 709.2020 159.6868 724.0275 199.4259 1.8995 0.5690 0.4211 5.5494 0.8571 34.6832 -3.9751 0.3625
Pedestrian -1 -1 -4.2827 693.8533 159.1637 715.5314 202.5280 1.7820 0.7011 0.6242 4.2910 0.8644 29.9706 -4.1468 0.3524
Pedestrian -1 -1 -5.3141 89.3521 163.0525 154.4770 271.1665 1.7505 0.5631 0.7854 -8.0753 1.4524 12.0383 -5.9003 0.3408
Pedestrian -1 -1 -5.0792 665.4556 160.8061 727.9507 289.0554 1.6921 0.5895 0.8331 1.2583 1.4197 9.9539 -4.9624 0.3180
Pedestrian -1 -1 -4.3162 667.8802 157.8217 696.6444 215.7471 1.7985 0.6796 0.7345 2.5386 1.0638 22.7891 -4.2116 0.2707
Pedestrian -1 -1 -7.5322 473.5215 155.8451 499.5633 209.5187 1.8171 0.6802 0.7716 -3.9792 0.9490 24.7540 -7.6950 0.2550
Cyclist -1 -1 -4.8631 379.3755 179.0099 416.9362 264.0652 1.5093 0.4415 1.5798 -3.8950 1.4657 13.5569 -5.1433 0.2407
Pedestrian -1 -1 -8.1875 347.1475 161.8927 397.6470 257.1510 1.7732 0.7426 0.6905 -4.4663 1.4088 13.8709 -8.4990 0.2075
Pedestrian -1 -1 -8.6177 634.6576 157.8418 658.3024 202.0552 1.7875 0.6504 0.7225 1.8316 0.8314 29.5282 -8.5612 0.2025
Cyclist -1 -1 -7.9779 507.7638 162.4964 548.0504 263.8979 1.7048 0.4883 1.8183 -1.3987 1.3860 13.0182 -8.0883 0.1667
Pedestrian -1 -1 -7.4573 562.0318 161.1940 577.0186 194.1213 1.8365 0.6362 0.6715 -1.7995 0.7041 40.4895 -7.5064 0.1647
Pedestrian -1 -1 -5.7129 605.3558 163.9461 621.6968 192.9001 1.7966 0.6366 0.8101 0.7626 0.7074 45.0615 -5.7010 0.1615
Cyclist -1 -1 -8.4589 878.7964 157.9412 948.3428 229.6317 1.5967 0.5820 1.7686 7.2780 1.0726 16.9248 -8.0635 0.1536
Pedestrian -1 -1 -2.9996 911.3632 161.0018 945.0808 232.6914 1.5908 0.5605 0.6317 7.3989 1.1365 16.3443 -2.5857 0.1535
Pedestrian -1 -1 -8.1801 623.4622 159.0984 646.3649 207.4012 1.7702 0.6743 0.6539 1.2195 0.9496 26.7347 -8.1400 0.1533
Pedestrian -1 -1 -7.8038 686.5689 170.9180 708.8129 228.2938 1.5462 0.5844 0.4621 2.6006 1.2615 19.6363 -7.6791 0.1335
Cyclist -1 -1 -7.8437 331.9979 160.1789 380.4286 300.9833 1.6889 0.5556 1.7119 -3.2863 1.4338 9.5159 -8.1736 0.1235
Cyclist -1 -1 -3.3258 871.5343 158.6039 958.1428 228.5257 1.5857 0.6874 1.7555 7.2662 1.0670 16.8125 -2.9286 0.1178
Pedestrian -1 -1 -4.4602 288.5443 174.4617 327.4690 263.5567 1.6363 0.5303 0.6745 -5.5724 1.5076 13.5629 -4.8488 0.1138
Pedestrian -1 -1 -4.0614 386.4477 190.3871 427.7592 262.5367 1.3101 0.5627 0.4954 -3.6805 1.4814 13.4612 -4.3289 0.1128
Cyclist -1 -1 -7.8602 923.3895 158.5056 950.6169 232.4770 1.5881 0.5229 1.7653 7.5752 1.0950 16.3345 -7.4372 0.1113
Pedestrian -1 -1 -5.5125 66.5432 172.7219 129.9161 273.4081 1.6315 0.5606 0.6622 -8.4199 1.4899 11.9700 -6.1207 0.1085
Cyclist -1 -1 -3.2828 662.5215 162.2919 719.8022 216.4609 1.7164 0.7234 1.7421 2.8492 1.1082 23.1451 -3.1668 0.1034
Pedestrian -1 -1 -4.6221 934.5742 154.9239 966.0792 230.6779 1.6750 0.5890 0.7598 7.9116 1.0879 16.3596 -4.1831 0.1027
Cyclist -1 -1 -7.9161 918.2845 152.9796 936.7700 213.8284 1.7205 0.3739 1.6409 9.5571 0.9146 21.1453 -7.5012 0.0997
Cyclist -1 -1 -7.9656 361.6961 165.0287 405.1064 261.4712 1.7285 0.5955 1.7711 -4.2531 1.4339 13.8053 -8.2646 0.0986
Pedestrian -1 -1 -4.8131 765.8625 158.9940 787.6110 210.2275 1.7559 0.6418 0.9095 6.0954 0.9850 25.1118 -4.5824 0.0953
Cyclist -1 -1 -3.5118 879.0130 161.7045 966.9235 231.4817 1.5642 0.6271 1.7272 7.3032 1.1210 16.4481 -3.1050 0.0943
Cyclist -1 -1 -4.8438 374.1266 168.5855 405.7215 240.3463 1.6676 0.5378 1.5102 -5.1998 1.3681 17.4923 -5.1339 0.0932
Cyclist -1 -1 -5.3794 110.5561 159.1669 205.6567 260.4652 1.7842 0.4907 1.7800 -8.1875 1.3914 13.1889 -5.9314 0.0870
Pedestrian -1 -1 -8.0063 393.1658 175.7334 418.2917 229.7081 1.4786 0.5980 0.5515 -5.4981 1.3211 20.0522 -8.2758 0.0870
Pedestrian -1 -1 -2.7941 325.5441 160.8868 409.4381 294.3351 1.7005 0.5652 0.9125 -3.1103 1.4385 9.4505 -3.1097 0.0862
Cyclist -1 -1 -3.6100 657.3326 162.3995 715.5929 217.9062 1.7004 0.6502 1.7136 2.6471 1.1157 22.6099 -3.4999 0.0861
Cyclist -1 -1 -5.2447 673.5436 165.7947 718.1123 228.9817 1.6740 0.5241 1.4901 2.5532 1.2584 19.8181 -5.1235 0.0858
Pedestrian -1 -1 -5.6924 301.4395 169.5796 381.2115 296.4879 1.6437 0.5777 0.8307 -3.5444 1.4900 9.6841 -6.0405 0.0829
Cyclist -1 -1 -8.1666 456.3254 164.8841 479.3527 207.7488 1.5926 0.3877 1.5907 -5.1422 0.9756 27.4791 -8.3549 0.0822
Cyclist -1 -1 -3.9490 0.0000 145.4317 265.5079 373.0000 1.7301 0.6995 1.6250 -3.2490 1.5223 5.0218 -4.5064 0.0819
Pedestrian -1 -1 -8.1539 393.6319 166.8715 422.2448 222.9746 1.7084 0.7039 0.6251 -6.0449 1.2634 22.3262 -8.4205 0.0809
Pedestrian -1 -1 -4.5851 857.6966 156.9445 887.1873 228.2067 1.7048 0.5957 0.7541 6.6292 1.1179 17.6568 -4.2359 0.0807
Cyclist -1 -1 -5.9630 462.4483 158.4001 516.0116 209.5969 1.7192 0.6013 1.7071 -3.8557 0.9439 24.5549 -6.1222 0.0728
Pedestrian -1 -1 -7.7594 656.5735 161.9753 675.6493 206.0970 1.7094 0.6817 0.7940 2.5300 0.9533 28.2812 -7.6760 0.0703
Cyclist -1 -1 -7.9076 810.4329 158.9080 828.0813 216.8378 1.6320 0.3918 1.5956 6.3443 0.9960 21.0588 -7.6234 0.0689
Pedestrian -1 -1 -6.2871 48.5452 157.9533 101.6743 284.3500 1.7979 0.6085 0.6210 -7.8411 1.4636 10.6469 -6.9157 0.0680
Cyclist -1 -1 -7.7121 387.5411 166.3210 409.1246 217.8196 1.6520 0.4671 1.6654 -6.7718 1.1655 23.9000 -7.9905 0.0661
Pedestrian -1 -1 -7.3241 620.5413 164.0552 634.8293 201.3981 1.7776 0.5701 0.3844 1.2494 0.9474 34.5079 -7.2932 0.0635
Cyclist -1 -1 -8.6382 753.4092 162.0706 802.1288 215.6627 1.6193 0.4816 1.6037 5.4784 1.0327 22.5131 -8.4072 0.0631
Pedestrian -1 -1 -3.6043 670.3246 157.0168 683.4092 199.7153 1.7986 0.5030 0.3651 3.1899 0.7676 30.5579 -3.5062 0.0622
Cyclist -1 -1 -8.1850 913.5900 157.4634 953.9172 217.4511 1.6033 0.4768 1.6961 9.2254 0.9614 20.0648 -7.7641 0.0622
Pedestrian -1 -1 -7.7168 434.1110 163.5734 469.4851 251.5968 1.7319 0.5992 0.8245 -3.0643 1.3797 14.5660 -7.9260 0.0618
Pedestrian -1 -1 -6.8946 646.1591 162.2868 659.3240 202.0028 1.7656 0.5580 0.3264 2.2876 0.9118 32.2581 -6.8294 0.0587
Cyclist -1 -1 -7.9588 678.4485 162.9425 705.7464 216.8056 1.6727 0.6846 1.6850 2.8781 1.0969 23.1550 -7.8416 0.0580
Cyclist -1 -1 -5.5805 323.3464 159.4919 416.9140 260.1378 1.8334 0.5253 1.7718 -4.4477 1.4331 13.6635 -5.8951 0.0572
Pedestrian -1 -1 -8.1066 644.1414 167.5142 663.3805 207.8491 1.5722 0.6475 0.5065 2.0389 1.0274 28.3094 -8.0404 0.0556
Pedestrian -1 -1 -5.7075 674.4758 160.4408 691.5543 204.1666 1.7359 0.5457 0.4609 3.2602 0.9002 28.8750 -5.6010 0.0556
Pedestrian -1 -1 -2.8631 688.5831 168.1685 713.9117 217.1663 1.5702 0.5667 0.6919 3.2282 1.1434 23.4176 -2.7328 0.0554
Cyclist -1 -1 -7.6577 406.2847 166.5924 435.6545 225.4512 1.7021 0.5500 1.6649 -5.4445 1.2715 21.6192 -7.9067 0.0548
Pedestrian -1 -1 -4.8622 715.2524 159.7434 732.6688 202.2343 1.9080 0.6891 0.6208 5.5373 0.9313 32.5711 -4.7002 0.0538
Pedestrian -1 -1 -7.9023 398.2231 168.2274 417.9276 217.8628 1.6440 0.6059 0.6865 -6.5475 1.2048 24.2132 -8.1688 0.0538
Cyclist -1 -1 -4.5976 391.0272 164.6936 414.8266 238.4515 1.7396 0.4054 1.4719 -4.9151 1.3437 17.7007 -4.8700 0.0538
Cyclist -1 -1 -4.5629 270.0219 167.0888 313.8182 261.8455 1.6605 0.5135 1.6588 -5.8135 1.4086 13.4553 -4.9692 0.0531
Cyclist -1 -1 -7.6550 574.9211 156.5465 617.2363 275.7570 1.8272 0.3877 1.6860 -0.1098 1.4454 11.8748 -7.6697 0.0529
Cyclist -1 -1 -4.8534 392.3735 171.9901 433.2155 262.4101 1.6165 0.5174 1.6485 -3.6589 1.4471 13.7018 -5.1152 0.0522
Pedestrian -1 -1 -2.7082 57.7667 162.4122 127.9817 269.5176 1.7810 0.5047 0.8454 -8.7141 1.4642 12.2686 -3.3212 0.0520
Car -1 -1 -4.5343 461.0469 171.6161 551.1200 233.6199 1.4855 1.6811 4.2608 -2.4751 1.2493 19.3784 -4.6649 0.8814
Car -1 -1 -6.8898 905.3370 147.7236 1073.1262 209.5353 1.7048 1.6836 4.0756 11.1849 0.7737 20.9023 -6.4087 0.1643
Car -1 -1 -3.2553 338.8511 173.4362 469.6734 218.4816 1.4604 1.6157 4.2001 -6.8364 1.1994 24.8253 -3.5264 0.1502
Car -1 -1 -7.9933 601.1833 164.4809 635.0067 190.7653 1.6378 1.6468 3.9320 1.0483 0.5774 46.8127 -7.9760 0.1307
Car -1 -1 -7.7389 644.7791 165.1410 681.0178 193.3987 1.5125 1.6466 3.6065 3.4924 0.6371 40.3789 -7.6581 0.1128
Car -1 -1 -2.5135 284.8571 175.7525 437.4625 228.4439 1.4583 1.6294 4.1113 -7.1291 1.2998 21.2728 -2.8383 0.0819
Car -1 -1 -4.4962 596.4484 168.6660 642.5443 199.5013 1.4677 1.5449 3.8969 0.9576 0.8571 36.2659 -4.4749 0.0816
Car -1 -1 -8.1384 695.8723 168.6359 774.0743 214.3217 1.4569 1.5601 4.0337 4.5175 1.0471 24.9992 -7.9666 0.0796
Car -1 -1 -3.4882 542.2288 171.9117 624.2252 200.4197 1.4741 1.6223 4.1032 -0.9854 0.9785 38.6541 -3.5185 0.0644
Car -1 -1 -7.7561 703.2229 164.1461 772.3115 222.5369 1.5295 1.6182 4.0774 4.0376 1.0755 20.9996 -7.5736 0.0613
Car -1 -1 -8.0085 656.1456 171.8214 720.4121 216.7928 1.4332 1.5907 3.8453 2.8940 1.1252 24.8483 -7.8989 0.0594
Car -1 -1 -4.9098 491.7023 172.8337 617.7772 267.5986 1.5188 1.5686 3.9921 -1.0786 1.3806 13.6482 -4.9927 0.0580
Car -1 -1 -7.2985 555.8818 166.7269 615.9341 194.0234 1.5170 1.6598 4.0184 -0.8553 0.6961 42.0746 -7.3236 0.0573
