Pedestrian -1 -1 -5.2606 649.5548 179.5602 673.5527 223.8253 1.5475 0.5169 0.7951 1.7960 1.7918 25.8402 -5.1927 0.3182
Cyclist -1 -1 -4.5071 448.1676 181.1469 460.3041 205.7381 1.6792 0.5202 1.5864 -10.9482 2.2696 50.6011 -4.7195 0.3158
Cyclist -1 -1 -4.6789 129.0169 191.1452 151.9287 256.4310 1.6823 0.4686 1.6026 -12.9562 2.2057 19.8531 -5.2512 0.1507
Pedestrian -1 -1 -5.9238 623.7634 174.8990 634.3080 198.4006 1.7517 0.7275 0.5750 1.4053 1.9065 54.3020 -5.8985 0.0862
Pedestrian -1 -1 -7.6884 207.9193 178.8927 229.7506 228.3922 1.9082 0.6849 0.4528 -15.3387 2.1468 28.2198 -8.1826 0.0690
Car -1 -1 -2.3943 0.0000 173.5306 72.2136 221.3730 1.5360 1.6002 4.0677 -20.5913 1.5591 24.0820 -3.0963 0.0644
Car -1 -1 -6.5401 1018.3674 122.5256 1241.0000 374.0000 1.7582 1.6627 4.2423 6.0743 1.4263 6.4625 -5.8086 0.0631
Car -1 -1 -4.6557 496.3352 179.7922 521.8760 200.8400 1.5143 1.7080 4.3145 -7.7629 2.0699 55.5948 -4.7942 0.0588
Car -1 -1 -4.6184 459.4850 183.1049 485.4989 204.7119 1.5644 1.6212 4.0595 -10.7247 2.3942 56.3278 -4.8061 0.0507
Car -1 -1 -4.5977 493.5196 178.8623 543.2700 217.8414 1.5878 1.7186 4.3138 -4.0590 1.8739 32.2248 -4.7225 0.9307
Car -1 -1 -4.6430 541.4374 178.9802 565.7948 199.1906 1.4786 1.6193 3.8744 -4.3643 1.9695 55.9113 -4.7210 0.6539
Car -1 -1 -4.6340 535.6030 177.3650 564.2994 201.0922 1.6041 1.7372 3.9962 -4.2806 1.9386 51.5448 -4.7169 0.0918
Car -1 -1 -4.5443 511.5125 178.5715 543.9281 201.0643 1.5325 1.6748 4.0931 -5.9507 1.9633 52.3118 -4.6574 0.0529
