Pedestrian -1 -1 -3.6626 1121.4509 164.1429 1136.2545 192.3858 1.7607 0.6269 0.5089 32.5511 1.2174 45.3196 -3.0431 0.2610
Pedestrian -1 -1 -4.6217 95.3730 174.4984 117.7981 228.2074 2.1047 0.6782 0.6152 -20.0874 2.1709 28.7367 -5.2276 0.1842
Pedestrian -1 -1 -2.8611 46.2244 197.7788 72.6828 234.6026 1.6872 0.7080 0.8324 -26.1199 2.8845 34.1897 -3.5099 0.1144
Cyclist -1 -1 -5.1411 1125.2765 176.6844 1153.8246 211.9345 1.6568 0.4895 1.5902 25.5720 1.8463 34.9210 -4.5135 0.1134
Pedestrian -1 -1 -3.7506 932.9124 144.7681 1028.3010 295.4769 1.8708 0.5265 0.9678 4.7034 1.5219 9.2911 -3.2955 0.0915
Pedestrian -1 -1 -5.5558 178.5247 187.8178 195.5835 217.6471 1.8691 0.7054 0.6292 -27.0120 2.8319 46.0296 -6.0842 0.0874
Pedestrian -1 -1 -6.5132 1229.5474 174.1552 1241.0000 209.8418 1.7441 0.7565 0.4999 31.0872 1.8090 35.7464 -5.8019 0.0778
Pedestrian -1 -1 -3.0024 224.3229 179.4002 234.4973 204.1202 1.9061 0.6647 0.6153 -29.7071 2.4201 56.2729 -3.4864 0.0752
Pedestrian -1 -1 -4.9674 758.2899 162.8803 787.9644 231.7181 1.9630 0.6268 0.9222 4.7002 1.6783 21.0485 -4.7514 0.0743
Pedestrian -1 -1 -4.3730 819.6044 166.1615 838.8588 210.7766 1.8675 0.6583 0.4849 9.2518 1.5871 30.5925 -4.0825 0.0685
Pedestrian -1 -1 -7.6291 1010.8175 170.9485 1031.9891 217.9249 1.7597 0.5912 0.5636 15.5982 1.6881 27.4361 -7.1172 0.0649
Car -1 -1 -7.3508 1045.6151 170.2349 1241.0000 374.0000 1.4541 1.6139 4.2855 4.1512 1.4477 2.7642 -6.4157 0.0629
Pedestrian -1 -1 -5.4440 268.5974 181.0819 288.0382 213.4441 1.9142 0.6709 0.8435 -19.9819 2.4141 43.3950 -5.8735 0.0624
Car -1 -1 -4.9160 633.1548 176.1951 657.7794 192.5699 1.5112 1.5672 4.1096 3.3700 1.8433 69.6208 -4.8682 0.0610
Car -1 -1 -4.7764 720.1318 166.8649 745.7800 191.7990 1.8595 1.7001 3.8840 9.4496 1.4125 55.8277 -4.6099 0.0589
Car -1 -1 -4.5367 361.0814 180.7942 403.1038 208.9781 1.5536 1.7115 4.0119 -13.5745 2.0502 43.0558 -4.8407 0.0574
Pedestrian -1 -1 -5.8128 702.6716 168.9870 711.4499 188.1212 1.7983 0.6029 0.6169 9.1588 1.4345 68.2341 -5.6802 0.0547
Pedestrian -1 -1 -8.6173 888.5160 168.0994 909.4246 211.4220 1.7362 0.6123 0.4991 11.6736 1.5453 29.2628 -8.2416 0.0536
Car -1 -1 -7.3654 1144.3284 175.0406 1233.6638 208.7809 1.5809 1.7072 4.1490 28.5519 1.6935 35.6279 -6.6942 0.0525
Car -1 -1 -5.5086 1061.9512 196.5763 1134.6124 225.5223 1.5436 1.4929 3.6059 29.3471 3.0378 43.5388 -4.9193 0.0516
Pedestrian -1 -1 -7.8411 622.7379 175.8020 633.9314 203.7422 1.7033 0.6809 1.0162 1.1026 1.8874 44.6165 -7.8171 0.0503
Pedestrian -1 -1 -7.8966 1012.6679 165.3765 1033.3242 215.2455 1.9330 0.6791 0.5301 16.1817 1.6429 28.3588 -7.3830 0.0501
Pedestrian -1 -1 -7.3508 48.2280 195.1605 74.9622 230.5910 1.6398 0.7481 0.7408 -26.1356 2.7142 34.3427 -7.9978 0.1309
Cyclist -1 -1 -4.8141 182.9519 192.5090 193.0909 218.5786 1.6035 0.4101 1.5228 -27.0727 2.8825 46.2275 -5.3417 0.1173
Cyclist -1 -1 -6.8919 785.4682 168.2508 815.2415 197.0998 1.8147 0.6691 1.7726 12.1033 1.5248 46.0072 -6.6366 0.1168
Cyclist -1 -1 -3.8708 1000.2328 175.5930 1033.4491 208.4052 1.8038 0.6513 1.5850 22.6469 1.9581 40.2371 -3.3618 0.0574
Pedestrian -1 -1 -2.3263 162.6717 195.0141 186.7861 236.5731 1.5314 0.6079 0.4954 -16.5292 2.3815 27.3309 -2.8662 0.0542
Car -1 -1 -4.1397 57.1833 199.8443 184.5934 247.9837 1.3994 1.6899 4.2123 -17.1240 2.4310 25.4684 -4.7270 0.9154
Car -1 -1 -4.4840 236.7825 188.1608 283.4950 215.4026 1.4494 1.6414 3.9299 -20.7422 2.4025 42.8435 -4.9327 0.2743
Car -1 -1 -4.4508 587.2014 180.0319 629.4879 205.9043 1.5285 1.7150 4.0281 -0.0890 2.0073 45.9954 -4.4533 0.2016
Car -1 -1 -4.2370 187.9178 192.0833 244.5880 218.8070 1.6492 1.7227 4.1109 -27.0100 3.0257 49.5864 -4.7339 0.1429
Car -1 -1 -7.9237 179.4554 186.3154 207.6355 209.8563 1.7844 1.7185 4.3768 -34.4598 2.9392 59.6143 -8.4462 0.1296
Car -1 -1 -4.7755 637.5696 176.2508 673.3239 208.6676 1.6941 1.7072 4.3693 2.4502 1.8941 40.3544 -4.7158 0.1182
Car -1 -1 -4.5019 29.4582 190.8842 92.1505 227.1714 1.5781 1.6459 4.0574 -27.1478 2.5255 35.7388 -5.1482 0.1122
Car -1 -1 -4.6204 179.2138 193.3437 219.7984 223.8087 1.5900 1.7027 4.4431 -24.5626 2.8848 43.2290 -5.1348 0.1042
Car -1 -1 -4.8944 775.9509 172.3584 810.7345 196.5756 1.5469 1.5837 3.7074 12.1152 1.5149 47.9884 -4.6489 0.0991
Car -1 -1 -6.6105 950.4808 180.0612 1036.3140 208.3139 1.5312 1.6808 3.9549 21.5861 1.9500 40.8215 -6.1276 0.0810
Car -1 -1 -4.1899 120.6652 193.1909 191.0780 223.8578 1.5879 1.6644 4.0723 -26.4727 2.8342 42.1630 -4.7480 0.0784
Car -1 -1 -3.9848 0.0000 203.5755 53.8326 257.5791 1.4750 1.6592 3.7550 -20.6514 2.5664 23.7504 -4.6951 0.0700
Car -1 -1 -4.5413 57.0528 190.5242 105.8184 221.9801 1.5995 1.5949 3.8819 -30.0997 2.6578 41.1348 -5.1701 0.0616
Car -1 -1 -7.8884 673.7405 180.6455 705.9983 209.6463 1.4905 1.6367 3.8244 4.3580 1.9446 40.1076 -7.7815 0.0533
