Car -1 -1 -4.4296 830.3659 182.2687 926.5453 236.3754 1.4309 1.6486 4.2514 8.2360 1.7470 22.0481 -4.0771 0.9265
Car -1 -1 -4.3694 745.9720 181.6522 873.5336 251.9315 1.4320 1.6532 4.2459 4.8964 1.6717 17.4688 -4.1013 0.9235
Car -1 -1 -4.4982 899.6217 182.3311 967.7728 221.6673 1.3607 1.5810 4.2389 12.6586 1.7592 28.1860 -4.0806 0.8699
Cyclist -1 -1 -2.0241 28.9724 161.8952 74.5583 212.2786 1.8852 0.7026 1.7278 -21.4761 1.4748 27.6972 -2.6791 0.2902
Pedestrian -1 -1 -6.3551 906.9962 171.0341 920.9218 203.4353 1.8408 0.7218 0.6840 17.4176 1.7371 41.4437 -5.9602 0.2321
Pedestrian -1 -1 -8.0058 846.4361 165.9558 864.4980 210.8038 2.0152 0.6964 0.5658 11.0987 1.7050 32.7604 -7.6824 0.1024
Car -1 -1 -7.6032 241.8119 146.4364 285.6126 174.9990 1.7439 1.6300 3.7694 -22.0788 0.1307 46.0601 -8.0480 0.1006
Pedestrian -1 -1 -4.5085 0.0000 153.8622 29.8235 219.3980 1.8607 0.6558 0.7665 -17.4249 1.3212 20.9780 -5.1955 0.0945
Pedestrian -1 -1 -4.9419 0.0000 181.2331 10.3010 217.4171 1.7221 0.4850 0.3050 -29.2825 2.1288 34.7584 -5.6383 0.0932
Car -1 -1 -4.8221 1212.6511 169.0410 1241.0000 194.0904 1.5935 1.6242 3.8559 41.3150 1.3506 47.9494 -4.1141 0.0883
Pedestrian -1 -1 -4.9985 788.6059 164.2504 810.3287 214.9655 1.9989 0.7196 0.5100 7.4896 1.6595 28.7062 -4.7464 0.0800
Pedestrian -1 -1 -7.0820 1224.7681 160.3140 1241.0000 197.4998 1.8535 0.7216 0.5977 31.5445 1.2281 36.3498 -6.3715 0.0788
Cyclist -1 -1 -7.8540 1230.0558 165.8223 1238.6653 198.0112 1.6997 0.3422 1.5732 33.5400 1.3281 38.8096 -7.1453 0.0696
Pedestrian -1 -1 -3.7119 134.3758 174.2727 147.2731 202.2807 1.7807 0.5365 0.4796 -30.0977 1.8719 46.2361 -4.2865 0.0683
Pedestrian -1 -1 -5.2595 173.1098 174.9331 189.8470 212.0635 1.7515 0.5436 0.4276 -20.4785 1.8513 34.4147 -5.7931 0.0605
Pedestrian -1 -1 -3.4115 1206.7303 163.1463 1241.0000 244.7096 1.8459 0.5723 0.6860 14.3126 1.6259 16.7323 -2.7130 0.0602
Cyclist -1 -1 -4.4450 767.4497 176.7677 794.5027 225.0090 1.7061 0.5869 1.5370 6.2353 1.8538 26.4655 -4.2168 0.0575
Car -1 -1 -4.9439 1084.4666 180.8701 1162.9904 222.4271 1.3571 1.5217 3.5435 18.5277 1.6697 26.2345 -4.3348 0.0559
Car -1 -1 -4.4400 809.8198 181.3074 883.8387 223.5730 1.4058 1.6056 4.0826 8.8817 1.7470 27.0023 -4.1261 0.0557
Pedestrian -1 -1 -7.3498 253.2733 171.6564 272.7467 217.2924 1.7984 0.5675 0.4144 -13.8238 1.7509 28.6579 -7.7959 0.0544
Pedestrian -1 -1 -2.7727 264.3041 156.5055 277.4731 183.2204 1.7779 0.5664 0.6367 -22.7414 0.6896 48.3240 -3.2106 0.0533
Car -1 -1 -4.4983 888.9747 179.0863 943.2859 212.2581 1.4809 1.6311 4.0166 14.9035 1.8022 35.1188 -4.1005 0.0532
Cyclist -1 -1 -2.0862 229.6947 168.5377 267.6755 214.7327 1.8492 0.6261 1.7284 -14.8855 1.6761 29.6262 -2.5484 0.0503
Pedestrian -1 -1 -4.4563 732.0118 181.9987 756.9678 232.2529 1.5963 0.6304 0.7691 4.3503 1.9009 23.5755 -4.2769 0.0500
Pedestrian -1 -1 -5.3336 300.7682 165.7760 350.2193 256.9302 1.6935 0.5962 0.6845 -5.5093 1.5617 13.8415 -5.7064 0.2347
Pedestrian -1 -1 -6.1323 265.4321 163.8920 315.0861 273.5109 1.7410 0.5778 0.6628 -5.2824 1.5984 11.8247 -6.5447 0.2062
Pedestrian -1 -1 -7.6857 1056.9022 171.3668 1071.0000 203.4103 1.7126 0.5672 0.5181 24.4640 1.6328 38.9455 -7.1286 0.1902
Pedestrian -1 -1 -3.5553 548.9352 167.6363 591.0180 241.8513 1.7519 0.5348 0.8758 -1.0217 1.6284 17.4698 -3.6137 0.1547
Cyclist -1 -1 -7.0971 427.2903 166.6188 510.8781 263.0011 1.7410 0.5302 1.7413 -2.7360 1.6281 13.9105 -7.2886 0.1244
Pedestrian -1 -1 -5.0961 252.7211 165.3719 288.4762 236.5256 1.7370 0.6295 0.6056 -8.5414 1.5540 18.0507 -5.5328 0.0940
Cyclist -1 -1 -5.5677 232.7542 160.7857 358.3378 274.3425 1.7495 0.5938 1.9606 -5.1537 1.5633 11.6965 -5.9750 0.0895
Pedestrian -1 -1 -6.2924 310.9234 164.2174 357.9725 270.7289 1.6934 0.5669 0.7068 -4.5835 1.5558 11.8637 -6.6542 0.0872
Cyclist -1 -1 -7.1269 290.4224 166.9321 370.2785 259.8169 1.6711 0.4362 1.6510 -5.3755 1.5642 13.8301 -7.4917 0.0858
Pedestrian -1 -1 -3.4945 559.7387 168.1795 601.7231 244.1554 1.7497 0.5699 0.8450 -0.7460 1.6418 17.0434 -3.5385 0.0843
Pedestrian -1 -1 -3.5425 634.1023 165.5246 663.4697 229.6795 1.9035 0.6198 0.6990 1.1206 1.6857 21.8194 -3.4927 0.0832
Pedestrian -1 -1 -5.2117 432.1342 158.5088 478.1327 248.6692 1.8312 0.5974 0.8800 -3.3161 1.5396 15.1833 -5.4239 0.0828
Pedestrian -1 -1 -2.9230 550.6818 171.5550 586.6677 241.0551 1.7322 0.5179 0.8197 -1.0945 1.6995 18.3035 -2.9828 0.0803
Pedestrian -1 -1 -5.7374 345.2819 165.9083 404.5309 269.5200 1.7069 0.6000 0.7560 -4.0427 1.5922 12.2657 -6.0501 0.0793
Pedestrian -1 -1 -4.8600 286.5840 160.4235 331.4649 271.5249 1.7321 0.5836 0.6437 -4.9291 1.5380 11.6753 -5.2519 0.0762
Pedestrian -1 -1 -5.9963 408.0941 170.1003 458.3860 263.5226 1.6668 0.6239 0.7479 -3.2782 1.6174 13.2027 -6.2358 0.0711
Pedestrian -1 -1 -4.7142 649.1782 165.8812 670.8563 229.4333 1.8646 0.6351 0.7972 1.4445 1.6597 21.5870 -4.6491 0.0671
Cyclist -1 -1 -7.9321 274.9494 165.6219 305.2420 277.8157 1.7123 0.3316 1.6209 -5.3021 1.6016 11.8046 -8.3465 0.0662
Cyclist -1 -1 -4.9488 1056.4995 169.6180 1077.5494 203.4770 1.7828 0.5980 1.5724 24.5461 1.6121 38.8328 -4.3889 0.0612
Pedestrian -1 -1 -3.2933 497.5149 167.5035 537.7809 248.6171 1.7376 0.5585 0.8002 -2.0837 1.6227 15.8357 -3.4229 0.0607
Pedestrian -1 -1 -3.9832 452.1834 157.9247 505.0771 251.6806 1.8066 0.6292 0.8588 -2.6739 1.5186 14.4339 -4.1639 0.0598
Pedestrian -1 -1 -4.9960 507.8497 164.4857 546.5496 251.4032 1.7688 0.6164 0.7649 -1.7984 1.5982 15.1563 -5.1130 0.0588
Pedestrian -1 -1 -6.9138 389.5862 167.3558 442.5759 266.0096 1.6687 0.5942 0.6777 -3.4527 1.5754 12.6550 -7.1756 0.0588
Pedestrian -1 -1 -5.8371 301.2090 167.3123 349.3990 260.4374 1.6686 0.5171 0.6621 -5.2586 1.5690 13.2102 -6.2097 0.0582
Pedestrian -1 -1 -3.4579 246.1326 168.0525 295.6812 273.0179 1.7298 0.5114 0.6380 -5.8320 1.6504 12.2955 -3.8930 0.0582
Pedestrian -1 -1 -4.5923 193.7182 169.3462 223.9999 245.0896 1.6828 0.5248 0.6650 -9.1816 1.6045 16.4367 -5.0952 0.0567
Pedestrian -1 -1 -6.3364 349.8433 164.6479 392.0927 265.5283 1.7540 0.5596 0.6905 -4.3421 1.6110 12.9313 -6.6549 0.0565
Pedestrian -1 -1 -3.3221 198.8019 170.2415 246.0658 247.5680 1.6356 0.5903 0.8179 -8.5103 1.5801 15.7473 -3.8108 0.0561
Pedestrian -1 -1 -7.2789 64.3948 170.1689 116.6568 258.2503 1.7141 0.5530 0.7006 -10.4101 1.6616 14.4034 -7.8962 0.0553
Cyclist -1 -1 -7.3981 473.2042 171.9865 515.9505 233.6057 1.6857 0.5226 1.6757 -3.3261 1.6617 20.6165 -7.5568 0.0543
Cyclist -1 -1 -7.1929 398.4779 162.1800 476.4990 264.1895 1.7983 0.5008 1.6810 -3.2669 1.6098 13.5880 -7.4252 0.0537
Pedestrian -1 -1 -3.0092 549.2755 173.1868 587.8656 243.0468 1.7153 0.5330 0.9009 -1.0795 1.7235 18.0177 -3.0691 0.0536
Cyclist -1 -1 -5.0393 1047.5940 171.9763 1070.9132 204.2114 1.7146 0.6208 1.4960 24.3421 1.6676 39.1775 -4.4871 0.0504
Car -1 -1 -4.5764 1027.1586 175.7946 1076.0146 205.3006 1.4492 1.6721 4.0719 23.2332 1.6123 37.9676 -4.0311 0.6919
Car -1 -1 -4.6413 975.0256 177.6017 1011.3530 205.5333 1.4378 1.5424 3.2894 20.9963 1.7097 39.5602 -4.1569 0.5104
Car -1 -1 -5.0281 1233.0272 169.8642 1241.0000 211.2876 1.5155 1.6023 4.1916 26.4834 1.4058 28.6375 -4.2871 0.1810
Car -1 -1 -4.6967 1110.6276 174.6908 1150.9009 205.2255 1.4810 1.6165 3.9373 26.9002 1.5809 37.3081 -4.0761 0.1405
Car -1 -1 -4.8390 1105.2271 173.8866 1164.5422 210.5289 1.5585 1.6497 4.1962 23.9113 1.6088 33.0541 -4.2174 0.0930
