Car -1 -1 -7.3976 465.2999 178.0750 583.9417 235.6791 1.4587 1.6221 4.4718 -2.3933 1.6282 21.0814 -7.5100 0.9623
Car -1 -1 -7.6300 636.0304 174.5040 708.5410 223.0214 1.4281 1.5906 3.5372 2.0356 1.4855 23.2967 -7.5446 0.9560
Car -1 -1 -7.7835 726.3962 170.6028 754.8442 193.7237 1.4446 1.5672 3.8869 8.5368 1.3036 47.1568 -7.6059 0.8018
Pedestrian -1 -1 -5.3171 796.6723 154.5787 834.5897 220.0506 1.9629 0.6282 1.0610 6.2781 1.4147 22.2365 -5.0460 0.2371
Pedestrian -1 -1 -6.2780 855.2535 163.8247 867.8007 191.1426 1.8466 0.5418 0.8029 17.1053 1.2360 49.1629 -5.9453 0.2060
Pedestrian -1 -1 -7.5040 791.9397 162.8156 809.0480 200.0136 1.8237 0.6146 0.7179 9.4246 1.3313 35.8448 -7.2492 0.1421
Cyclist -1 -1 -4.5917 562.5225 168.2884 578.1589 203.6841 1.8090 0.5931 1.9371 -2.1099 1.5754 37.8622 -4.6475 0.1090
Car -1 -1 -7.9857 1098.8071 158.3970 1132.5521 179.6863 1.6210 1.6422 4.1536 39.9813 0.5199 57.1610 -7.3779 0.0988
Car -1 -1 -8.4126 945.7508 162.4567 996.0918 184.0222 1.5872 1.5865 3.9322 27.4865 0.8216 55.1377 -7.9524 0.0971
Car -1 -1 -5.5851 899.6387 165.5795 958.2371 184.4039 1.4889 1.6819 4.3385 26.1608 0.9132 59.3869 -5.1722 0.0912
Pedestrian -1 -1 -6.7895 668.8793 167.0713 678.9546 189.1756 1.8801 0.6319 0.6318 5.4479 1.3880 61.7884 -6.7022 0.0819
Car -1 -1 -8.7835 1217.3542 153.4801 1241.0000 210.5213 1.6057 1.6767 3.8146 21.3661 1.0600 22.3337 -8.0269 0.0766
Car -1 -1 -7.8955 1074.3757 156.4460 1107.3622 181.3167 1.5974 1.6650 3.9064 32.2061 0.5432 48.4459 -7.3116 0.0709
Car -1 -1 -7.7718 533.1578 174.8956 557.2735 196.3433 1.6620 1.6201 3.9970 -5.2274 1.8323 58.2974 -7.8613 0.0660
Pedestrian -1 -1 -7.1534 783.5001 163.7071 800.6157 197.8325 1.9114 0.7470 0.5723 10.2772 1.3988 40.8846 -6.9092 0.0645
Car -1 -1 -4.6434 205.7252 184.8856 256.4122 223.4752 1.4405 1.6135 3.7727 -15.8655 1.9790 30.2642 -5.1229 0.0589
Car -1 -1 -5.2670 901.5231 169.1373 942.9989 186.1503 1.6046 1.6104 4.4299 30.3729 1.2538 70.3642 -4.8613 0.0574
Pedestrian -1 -1 -7.1938 157.9024 176.2684 197.9258 252.1382 1.7913 0.6290 0.5378 -10.4466 1.8746 17.3692 -7.7289 0.0550
Pedestrian -1 -1 -6.6505 967.3782 162.5947 979.6102 184.3248 1.8108 0.4804 0.7943 30.4033 0.9556 60.4055 -6.1863 0.0543
Car -1 -1 -4.6045 98.4497 192.6210 159.0357 234.3355 1.4348 1.5820 4.0821 -19.3345 2.2902 29.0582 -5.1876 0.0536
Car -1 -1 -4.6468 388.3329 180.8401 420.4556 208.6223 1.6595 1.7175 4.3040 -13.2889 2.2013 46.6954 -4.9230 0.0525
Pedestrian -1 -1 -5.3710 351.2868 179.9503 374.3403 221.6599 1.7559 0.6298 0.7173 -10.6597 2.0649 30.9924 -5.7001 0.1243
Pedestrian -1 -1 -6.2512 692.8869 170.1986 704.1033 194.4305 1.7268 0.5391 0.7826 6.3174 1.5373 51.7445 -6.1307 0.0968
Cyclist -1 -1 -4.7222 453.2874 180.1610 463.9150 208.7882 1.6619 0.6055 1.5692 -9.0935 2.1069 43.1427 -4.9291 0.0651
Car -1 -1 -4.4913 444.9574 182.8082 489.5420 212.0506 1.4140 1.5344 3.6707 -7.5027 1.9637 38.0093 -4.6854 0.7118
Car -1 -1 -7.7259 688.9591 171.7709 716.8408 192.6591 1.4889 1.5727 3.8869 6.8926 1.4114 53.5101 -7.5988 0.2780
Car -1 -1 -3.9230 10.3816 193.7519 233.8965 264.8534 1.3431 1.6744 4.6150 -11.5562 1.9199 17.4916 -4.5001 0.1967
Car -1 -1 -6.1311 451.5311 182.1328 528.3823 207.4371 1.4688 1.6881 4.3535 -7.2080 2.0376 43.3890 -6.2952 0.1864
Car -1 -1 -3.9414 311.6877 183.8117 427.3484 228.8811 1.4614 1.6225 4.1446 -8.8218 1.9002 26.6934 -4.2580 0.1731
Car -1 -1 -4.0189 200.3971 186.6085 352.8255 240.9693 1.4178 1.7432 4.6268 -10.2464 1.8939 22.5275 -4.4417 0.1047
Car -1 -1 -4.9261 430.7650 181.0494 486.4470 216.8647 1.4468 1.5923 4.1545 -6.8981 1.8396 32.3858 -5.1348 0.0833
Car -1 -1 -4.8720 499.1056 179.6926 544.7966 210.5150 1.4643 1.7014 4.2143 -4.6772 1.8413 37.5435 -4.9955 0.0827
Car -1 -1 -6.5804 0.0000 187.6419 199.8559 255.2738 1.4990 1.6260 4.0089 -13.3255 1.9302 18.9777 -7.1862 0.0808
Car -1 -1 -4.5804 493.1244 178.8981 539.6259 212.8589 1.4473 1.6239 4.0072 -4.3204 1.7442 33.4714 -4.7082 0.0654
Car -1 -1 -4.6623 390.5086 181.0902 433.4839 218.0207 1.4882 1.6394 4.2427 -8.8465 1.8826 32.3265 -4.9278 0.0653
