Pedestrian -1 -1 -7.9357 774.3408 178.7356 788.5304 213.0510 1.8143 0.6829 0.6967 9.1477 2.1325 38.6795 -7.7058 0.0789
Cyclist -1 -1 -4.5875 811.1389 180.5924 823.8630 208.0656 1.7180 0.5749 1.8044 13.3723 2.2275 46.5945 -4.3102 0.0750
Car -1 -1 -4.9500 698.6951 181.5635 727.5281 199.6252 1.6231 1.7207 4.5192 9.8581 2.4890 69.4242 -4.8100 0.0690
Cyclist -1 -1 -4.5862 728.3450 175.4450 747.1385 222.4203 1.7657 0.5249 1.6373 4.9348 1.8693 28.0761 -4.4147 0.0689
Car -1 -1 -4.8928 787.1746 175.9337 819.4625 200.0922 1.7128 1.6529 3.7782 14.2879 1.9496 53.6003 -4.6341 0.0658
Cyclist -1 -1 -3.0461 823.7059 166.1389 856.8925 198.4043 1.9270 0.6806 1.8629 13.9340 1.5257 43.7705 -2.7402 0.0639
Car -1 -1 -4.8349 1069.7847 173.4880 1103.7174 196.0154 1.6534 1.6762 3.9876 36.4178 1.7035 55.2363 -4.2548 0.0581
Car -1 -1 -4.4326 0.0000 196.3579 45.8563 232.4197 1.5292 1.6428 4.1434 -29.6443 2.7653 35.7282 -5.1217 0.0550
Car -1 -1 -4.7795 659.5289 180.1233 679.7888 198.7654 1.6827 1.6355 4.3222 5.6541 2.3994 68.9941 -4.6985 0.0546
Car -1 -1 -4.6551 20.3031 188.3290 54.6714 211.6915 1.5208 1.6993 4.1485 -41.2792 2.6837 52.0515 -5.3233 0.0522
Car -1 -1 -4.7215 99.5608 187.0011 125.1980 206.9149 1.5041 1.6992 4.1230 -41.2546 2.7182 59.7642 -5.3238 0.0513
Cyclist -1 -1 -2.0783 55.5804 177.6126 94.4322 219.3895 1.7827 0.6718 1.6085 -23.4556 1.9949 31.5753 -2.7134 0.0507
Pedestrian -1 -1 -7.4103 193.9149 181.5671 245.4450 281.9757 1.6456 0.5888 0.5376 -6.6206 1.7955 12.1561 -7.9003 0.3611
Cyclist -1 -1 -6.3452 1108.9189 187.4264 1190.0920 251.5265 1.7320 0.7272 1.8120 15.3478 2.1649 20.6523 -5.7137 0.2789
Pedestrian -1 -1 -4.6234 1123.1036 193.9896 1151.0592 250.8761 1.5697 0.5974 0.6431 15.0536 2.1878 20.6738 -4.0016 0.2652
Cyclist -1 -1 -5.5166 1104.0426 184.4109 1170.9037 249.4915 1.7893 0.5367 1.6531 15.2713 2.1393 21.0057 -4.8954 0.1307
Cyclist -1 -1 -7.7746 814.7198 177.8182 840.1821 249.8175 1.7702 0.5142 1.6767 5.6077 1.9048 18.7352 -7.4891 0.1175
Cyclist -1 -1 -7.7307 700.8962 175.5315 729.8134 245.9560 1.7329 0.5523 1.6394 2.6917 1.8051 18.6831 -7.5908 0.0730
Pedestrian -1 -1 -3.6942 694.7838 181.3620 716.9364 244.1082 1.5706 0.4836 0.3592 2.3961 1.7912 18.4356 -3.5679 0.0725
Cyclist -1 -1 -6.7384 681.1891 175.7022 756.9875 245.6695 1.7179 0.7285 1.7702 2.7245 1.7926 18.3837 -6.5945 0.0691
Cyclist -1 -1 -4.3170 192.2596 174.5553 264.5189 279.8180 1.6813 0.5170 1.5799 -6.5509 1.7120 12.3595 -4.7960 0.0646
Cyclist -1 -1 -5.8857 1075.3618 187.1299 1151.9604 250.7068 1.7464 0.5883 1.7443 14.6577 2.1815 21.1126 -5.2861 0.0637
Pedestrian -1 -1 -5.6429 226.4550 173.1647 243.4747 202.7715 1.8726 0.5630 0.7810 -23.9328 1.8922 45.9840 -6.1206 0.0629
Pedestrian -1 -1 -5.5337 917.5597 171.4547 937.3405 206.3372 2.0120 0.7669 0.7297 18.4857 1.9310 42.1050 -5.1230 0.0557
Cyclist -1 -1 -5.8573 165.6505 178.5772 276.0452 280.5856 1.6602 0.4036 1.5971 -6.5198 1.7573 12.0226 -6.3454 0.0536
Cyclist -1 -1 -7.6937 722.2261 171.4065 755.8591 244.8874 1.8053 0.5932 1.7550 3.3024 1.7695 18.6534 -7.5221 0.0530
Cyclist -1 -1 -8.0967 677.3297 173.9403 710.9006 244.7228 1.7610 0.4583 1.7311 2.1296 1.7905 18.8669 -7.9870 0.0512
Pedestrian -1 -1 -4.3960 74.7420 180.0844 96.8278 219.8333 1.7073 0.6133 0.6335 -22.9444 2.0269 31.5303 -5.0212 0.0511
Car -1 -1 -7.8966 554.2617 182.4527 597.8708 220.1227 1.3706 1.5884 3.6957 -1.4683 1.7835 29.1425 -7.9471 0.9666
Car -1 -1 -7.8061 506.4244 180.0195 537.6721 207.4204 1.4489 1.5920 3.5899 -4.9911 1.8739 40.9693 -7.9270 0.9245
Car -1 -1 -6.9280 899.9818 195.5210 1009.7232 239.5847 1.4750 1.4936 3.4078 12.5159 2.3362 26.3443 -6.4897 0.7965
Car -1 -1 -7.2556 1041.5276 197.8911 1145.4738 241.4271 1.5335 1.4700 3.9218 19.0409 2.5707 28.4752 -6.6718 0.7198
Car -1 -1 -8.0682 680.4061 183.1682 769.9073 246.2594 1.5091 1.6303 3.7354 2.9984 1.8193 19.8038 -7.9210 0.3678
Car -1 -1 -7.2741 0.0000 183.6409 39.0380 240.2307 1.4668 1.6182 4.1185 -19.4103 1.8228 21.6773 -7.9983 0.1524
Car -1 -1 -6.0079 1114.6766 195.8426 1241.0000 259.6012 1.5508 1.6575 2.6849 15.9943 2.2460 20.2563 -5.3474 0.1437
Car -1 -1 -2.9951 790.5057 174.8760 862.0586 201.7103 1.5936 1.5917 4.0567 13.3467 1.7229 44.6642 -2.7069 0.1335
Car -1 -1 -4.2551 154.4345 184.1031 235.8283 216.8041 1.4490 1.7532 4.3156 -20.4407 2.0397 35.6966 -4.7721 0.0938
Car -1 -1 -7.0205 1117.9957 208.1702 1241.0000 245.9715 1.4181 1.7054 4.1550 23.6668 2.9328 29.9485 -6.3574 0.0929
Car -1 -1 -2.7342 0.0000 188.1714 256.2845 282.3344 1.4544 1.5206 3.4669 -8.2837 1.7420 12.5213 -3.3092 0.0824
Car -1 -1 -7.4285 274.4868 179.6141 322.5609 204.4002 1.6070 1.6440 3.7258 -21.4180 2.0898 49.6837 -7.8338 0.0705
Car -1 -1 -4.1127 336.5208 177.7404 386.3468 198.7163 1.6259 1.7053 4.3672 -20.4059 2.0433 59.3473 -4.4428 0.0703
Car -1 -1 -4.1223 53.1699 184.6702 173.2850 224.7560 1.4247 1.7338 4.5984 -20.0297 1.9421 29.3064 -4.7178 0.0683
Car -1 -1 -4.8871 788.6056 180.9586 821.1007 206.6761 1.7792 1.6467 3.8978 14.2915 2.3991 53.1989 -4.6266 0.0679
Car -1 -1 -3.4839 1004.0309 173.7056 1083.4652 199.7645 1.5362 1.6691 3.7894 26.2278 1.5890 43.7972 -2.9476 0.0624
Car -1 -1 -4.1865 904.2374 173.7900 964.3458 200.5342 1.5757 1.6316 3.9349 19.9642 1.6354 44.4520 -3.7673 0.0601
