Car -1 -1 -4.7398 542.6884 176.1367 560.5836 192.2773 1.5006 1.6135 4.2663 -5.7218 1.8296 70.1870 -4.8212 0.0785
Car -1 -1 -4.8439 758.1287 177.6244 795.3479 205.4261 1.5036 1.5878 3.8470 9.5469 1.7921 41.6934 -4.6208 0.0757
Car -1 -1 -5.0553 623.1212 174.5779 654.2794 193.7558 1.6138 1.5151 3.8403 2.4534 1.7692 63.1439 -5.0170 0.0690
Car -1 -1 -6.5025 1025.9969 192.9530 1091.6368 214.0709 1.4675 1.6894 3.9172 33.6917 3.0203 54.3160 -5.9503 0.0635
Car -1 -1 -4.1110 40.7210 183.0912 176.1291 235.9405 1.5427 1.7074 3.9656 -16.4180 1.9085 23.8168 -4.7095 0.0568
Pedestrian -1 -1 -4.8068 402.5623 171.9681 411.6426 196.7956 1.8769 0.5899 0.8447 -15.5094 1.8096 55.0461 -5.0805 0.0523
Car -1 -1 -4.7017 832.4834 177.8267 854.0617 196.3989 1.4596 1.6549 4.1722 19.4335 1.8892 60.1457 -4.3910 0.0510
Car -1 -1 -4.8508 524.0521 175.8015 552.5621 196.1597 1.4993 1.6455 4.0889 -5.6228 1.7365 55.9510 -4.9508 0.0505
Cyclist -1 -1 -4.8449 645.7592 172.4295 662.7006 209.4676 1.7315 0.5827 1.7288 2.0710 1.7114 34.6155 -4.7862 0.0818
Pedestrian -1 -1 -6.0949 487.7767 164.3801 552.5468 286.4925 1.7521 0.5108 0.8681 -1.3696 1.6302 10.6346 -6.2212 0.0650
Pedestrian -1 -1 -5.5703 669.7953 178.5630 688.0806 215.8317 1.5166 0.5193 0.5467 2.8082 1.7555 29.8541 -5.4781 0.0638
Cyclist -1 -1 -4.3448 673.1077 174.6382 695.9592 215.1696 1.6561 0.4688 1.4500 3.0950 1.7326 30.3015 -4.2446 0.0607
Car -1 -1 -4.4142 243.6893 178.2522 450.0505 310.5490 1.5632 1.6308 4.3163 -3.7121 1.6606 10.8806 -4.7364 0.9496
Car -1 -1 -7.8392 583.2596 174.4931 620.4147 210.8019 1.5982 1.6461 4.4846 -0.3983 1.6807 34.2074 -7.8513 0.9371
Car -1 -1 -4.5929 484.7348 178.2482 536.8378 215.9073 1.4830 1.7338 4.2169 -4.2488 1.7314 31.1432 -4.7279 0.9265
Car -1 -1 -7.3464 166.8166 178.1149 238.2640 211.3656 1.5509 1.7052 3.2747 -20.1831 1.8237 35.8131 -7.8567 0.9034
Car -1 -1 -4.6585 532.8972 174.5254 559.5346 198.8132 1.5947 1.6213 3.8343 -4.3795 1.7138 49.5869 -4.7466 0.6484
Car -1 -1 -7.3986 316.9266 176.6920 361.7991 198.2057 1.5374 1.6378 3.8333 -20.3243 1.8363 54.2602 -7.7557 0.5953
Car -1 -1 -4.4652 348.5293 172.9724 381.5681 193.8453 1.6562 1.6249 4.0711 -20.1324 1.6660 59.3677 -4.7911 0.4075
Car -1 -1 -4.9924 1177.0612 195.3550 1236.2028 222.9536 1.4719 1.7099 4.1093 36.5343 2.9236 44.3356 -4.3071 0.0865
Car -1 -1 -4.3425 2.3337 174.9461 91.3088 215.7082 1.6486 1.7125 4.0309 -24.5583 1.7462 31.5807 -4.9995 0.0848
Car -1 -1 -6.6523 664.1817 176.9240 774.8502 214.5566 1.5280 1.6832 4.3698 4.6181 1.7093 30.8826 -6.5058 0.0703
