Pedestrian -1 -1 -7.0297 791.4830 165.1508 806.0201 191.4587 1.9268 0.4846 0.9676 13.9104 1.3623 53.2877 -6.7760 0.2483
Cyclist -1 -1 -3.6536 119.1009 174.1930 160.3838 208.3732 1.6959 0.6183 1.6733 -23.9770 1.7655 36.7543 -4.2285 0.1583
Pedestrian -1 -1 -6.0168 523.8074 183.8577 537.5460 207.0665 1.6263 0.5480 0.8557 -5.6595 2.4122 51.2165 -6.1268 0.1321
Cyclist -1 -1 -2.1962 194.2154 174.7905 225.7997 207.6326 1.8241 0.6813 1.7297 -22.6742 1.9352 40.8319 -2.7006 0.1236
Pedestrian -1 -1 -5.8181 328.8534 169.9146 339.3215 205.1643 1.8361 0.5079 0.3189 -14.5120 1.6827 37.8527 -6.1821 0.1195
Pedestrian -1 -1 -5.5699 83.5407 169.2298 100.5087 222.4414 1.9310 0.4764 0.2549 -19.0194 1.7992 26.4335 -6.1890 0.1148
Pedestrian -1 -1 -5.2059 795.4861 198.9630 834.7053 280.8007 1.3137 0.4661 0.4567 3.3611 1.7588 12.0334 -4.9411 0.1107
Pedestrian -1 -1 -5.5840 438.3041 173.7528 455.1718 206.2300 1.9760 0.6263 0.7958 -10.0771 2.0315 44.3860 -5.8064 0.1074
Pedestrian -1 -1 -7.3385 997.6291 149.7115 1026.6941 204.0441 1.7410 0.5762 0.6674 13.0716 0.9991 23.5406 -6.8371 0.1062
Car -1 -1 -4.6310 1062.2686 166.1860 1088.5879 185.0925 1.6096 1.6368 4.0068 40.9687 1.0416 63.5176 -4.0604 0.1021
Cyclist -1 -1 -7.1921 367.0945 185.3461 401.0801 227.6491 1.6248 0.3968 1.6127 -9.1160 2.1413 29.0251 -7.4943 0.0978
Pedestrian -1 -1 -3.4960 1012.5472 156.8180 1028.5032 203.4666 1.7330 0.4816 0.3741 15.3542 1.1369 27.0718 -2.9850 0.0890
Cyclist -1 -1 -6.5237 209.1206 172.0656 251.4826 212.5697 1.9261 0.7247 1.7034 -18.5272 1.8883 35.1460 -7.0059 0.0876
Car -1 -1 -5.8879 0.0000 186.1230 101.0473 261.3127 1.5055 1.6055 4.0387 -14.2160 1.8309 16.3223 -6.5964 0.0861
Pedestrian -1 -1 -7.4074 1204.6799 156.3547 1227.7391 204.3308 1.7970 0.5304 0.4447 22.9395 1.1787 27.3605 -6.7152 0.0795
Pedestrian -1 -1 -7.7799 368.4882 174.2470 384.9535 218.5214 2.0077 0.6671 0.7462 -10.7671 2.0724 33.1889 -8.0917 0.0773
Pedestrian -1 -1 -3.0011 855.6509 167.3400 868.8085 205.9749 1.8845 0.6420 0.5306 12.4060 1.6152 35.6005 -2.6688 0.0753
Car -1 -1 -4.8266 352.2468 172.7811 383.4432 198.2636 1.7201 1.6261 4.1305 -17.1534 1.7149 50.9204 -5.1502 0.0729
Pedestrian -1 -1 -6.3661 444.1126 175.6487 460.9785 209.3660 1.9231 0.7468 0.8938 -9.1443 2.0863 41.7237 -6.5810 0.0727
Pedestrian -1 -1 -6.1030 1212.5131 145.6094 1241.0000 222.5729 1.9076 0.6026 0.5825 15.6759 1.2320 18.3007 -5.4029 0.0699
Pedestrian -1 -1 -4.8941 178.5129 192.4781 210.4761 268.9733 1.6065 0.5085 0.5873 -9.1185 2.0449 15.7409 -5.4123 0.0694
Pedestrian -1 -1 -5.8944 690.1844 176.6341 703.9473 203.8017 1.7680 0.5967 0.7286 5.7013 2.0189 47.5160 -5.7762 0.0691
Car -1 -1 -7.7034 213.8855 176.4791 244.2788 197.1917 1.6375 1.6472 4.0017 -31.6349 1.9493 59.9608 -8.1872 0.0688
Pedestrian -1 -1 -5.2640 135.5001 167.3534 152.7004 216.5993 1.9603 0.5211 0.2618 -18.7767 1.7411 29.0139 -5.8343 0.0685
Pedestrian -1 -1 -3.9300 26.1923 185.3887 84.6652 282.5460 1.8094 0.5780 0.6864 -10.7359 2.0574 13.9142 -4.5781 0.0680
Pedestrian -1 -1 -4.6581 284.6852 199.4773 305.8271 254.0685 1.4030 0.4841 0.6145 -8.4547 2.1278 19.2789 -5.0669 0.0678
Pedestrian -1 -1 -5.9934 0.0000 172.1922 20.5441 213.1259 1.8951 0.5498 0.7324 -28.2083 1.8642 33.8014 -6.6850 0.0675
Cyclist -1 -1 -8.1712 795.4725 172.1511 817.3093 211.1952 1.7279 0.4477 1.6823 8.8688 1.6965 32.7846 -7.9098 0.0647
Pedestrian -1 -1 -2.1861 422.9322 173.4038 438.7501 205.7318 1.9673 0.5766 0.8214 -11.0634 2.0013 44.4131 -2.4293 0.0603
Car -1 -1 -4.6738 649.6606 176.4199 667.9486 194.3941 1.6549 1.6051 3.9888 4.6930 2.0074 69.3199 -4.6069 0.0578
Pedestrian -1 -1 -6.0060 993.9995 156.4337 1007.5591 204.1488 1.8037 0.5193 0.3287 14.8907 1.1827 27.5767 -5.5156 0.0570
Car -1 -1 -8.1827 692.2251 177.5885 732.2217 201.1133 1.5188 1.6095 3.6308 6.9068 1.8546 49.2967 -8.0448 0.0551
Pedestrian -1 -1 -7.6576 338.7940 184.0502 361.8617 231.2742 1.7289 0.6756 0.7726 -9.7744 2.1550 27.0521 -8.0017 0.0534
Pedestrian -1 -1 -5.6487 704.4630 175.4370 714.2695 195.3170 1.7656 0.6821 0.5791 8.8801 1.9983 64.6445 -5.5132 0.0527
Pedestrian -1 -1 -6.1128 971.0896 155.6311 997.7646 215.8199 1.8179 0.6381 0.6347 11.4929 1.2974 22.2387 -5.6415 0.0523
Pedestrian -1 -1 -7.6668 782.6859 162.3516 802.0591 210.4570 1.8897 0.6063 0.8540 7.2532 1.4769 28.8590 -7.4235 0.0515
Car -1 -1 -7.0833 1192.5248 186.1338 1241.0000 372.5806 1.5730 1.6765 4.3302 8.6290 1.7225 7.1816 -6.2274 0.0510
Cyclist -1 -1 -3.3701 898.2161 167.9839 999.2002 251.0304 1.6477 0.6724 1.7673 6.8679 1.5508 14.8185 -2.9444 0.5088
Pedestrian -1 -1 -4.1162 1167.7789 173.3934 1241.0000 331.0151 1.6677 0.5490 0.7359 6.6845 1.6737 8.0073 -3.4393 0.4237
Pedestrian -1 -1 -3.1250 1101.1873 152.2238 1144.6033 241.3830 1.8927 0.5728 0.7619 11.1537 1.4545 15.7721 -2.5187 0.1928
Pedestrian -1 -1 -7.7350 900.9521 165.1852 932.8839 246.3648 1.7380 0.5921 0.5119 6.6768 1.5735 15.8159 -7.3430 0.1855
Pedestrian -1 -1 -4.8284 1025.9376 164.2771 1063.7665 250.1276 1.7091 0.5711 0.7733 8.8742 1.5381 14.8332 -4.2986 0.1694
Cyclist -1 -1 -8.4341 850.0995 163.6884 898.1409 224.6544 1.7029 0.4526 1.6891 7.6226 1.4466 21.0283 -8.0914 0.1489
Cyclist -1 -1 -8.2017 1088.8025 159.7801 1143.5729 242.8967 1.7397 0.4142 1.7152 11.1280 1.4658 15.9846 -7.6026 0.1480
Cyclist -1 -1 -4.0710 1161.0454 164.7071 1241.0000 337.1315 1.7588 0.5920 1.7251 6.9112 1.6754 7.8420 -3.3679 0.1378
Pedestrian -1 -1 -3.2450 903.8459 162.7990 941.0015 230.9937 1.7814 0.5659 0.8509 8.2716 1.5184 19.2431 -2.8452 0.1220
Cyclist -1 -1 -5.2133 887.4235 164.7119 915.8800 205.2389 1.6402 0.4572 1.4313 12.0445 1.3103 29.9395 -4.8346 0.1081
Cyclist -1 -1 -6.2662 732.4708 170.7772 789.0589 224.4931 1.6833 0.7543 1.7502 4.7897 1.6179 23.1676 -6.0655 0.1053
Pedestrian -1 -1 -5.1656 1012.6708 165.2043 1054.1453 243.5160 1.7360 0.5514 0.7101 9.5418 1.5661 16.3675 -4.6462 0.1043
Pedestrian -1 -1 -4.7771 194.5286 177.8777 219.9703 242.0756 1.8987 0.6298 0.7369 -12.2727 2.0542 21.8949 -5.2831 0.1007
Cyclist -1 -1 -3.4894 751.1899 181.0390 782.6447 212.7460 1.6849 0.6150 1.5421 8.4312 2.1313 38.9646 -3.2785 0.0967
Pedestrian -1 -1 -4.6814 238.2731 179.1718 260.5554 238.8935 1.8372 0.6014 0.9048 -11.4571 2.0416 22.8460 -5.1420 0.0938
Pedestrian -1 -1 -5.5982 1095.2925 176.3029 1150.9666 280.8907 1.5933 0.5377 0.4821 7.9885 1.6486 11.3192 -4.9966 0.0930
Pedestrian -1 -1 -5.8765 1011.4365 160.5488 1032.2537 206.6839 1.7196 0.5497 0.5090 15.5151 1.2606 27.2625 -5.3640 0.0925
Pedestrian -1 -1 -3.2199 919.8999 163.9148 933.6613 209.8582 1.6369 0.4740 0.4152 11.3652 1.3181 25.9986 -2.8123 0.0917
Pedestrian -1 -1 -3.4840 982.5294 166.6187 1028.4329 245.8178 1.7024 0.5259 0.7465 8.6109 1.5680 15.8242 -2.9941 0.0902
Cyclist -1 -1 -8.3312 883.0496 163.9518 912.4148 205.1597 1.6565 0.4448 1.5772 11.8288 1.2983 29.8119 -7.9573 0.0771
Pedestrian -1 -1 -4.2542 1174.9279 150.5579 1224.3152 236.4763 1.8656 0.6112 0.6981 13.0936 1.3812 16.0925 -3.5804 0.0758
Pedestrian -1 -1 -8.2870 741.7182 167.7806 772.0284 223.7014 1.7797 0.6589 0.8689 4.7209 1.6179 23.4630 -8.0916 0.0747
Cyclist -1 -1 -7.8040 928.7500 158.6018 961.6179 246.8505 1.7948 0.5746 1.7558 7.2029 1.5047 15.5870 -7.3789 0.0728
Cyclist -1 -1 -8.1565 903.1871 165.1881 938.3903 231.5532 1.7002 0.3737 1.6615 8.2550 1.5035 19.3298 -7.7589 0.0725
Pedestrian -1 -1 -6.2268 628.7192 178.7969 640.2778 203.3524 1.7372 0.5459 0.7960 1.7198 2.1636 51.5020 -6.1942 0.0714
Cyclist -1 -1 -6.7015 194.9802 178.9383 265.0641 241.6430 1.8359 0.7264 1.7674 -11.7280 2.0307 22.2210 -7.1825 0.0708
Cyclist -1 -1 -8.4772 990.3017 159.3117 1072.7395 248.0485 1.7165 0.4921 1.8003 8.5894 1.4542 14.8787 -7.9627 0.0708
Pedestrian -1 -1 -8.0120 888.7847 164.4606 907.1306 205.4041 1.6792 0.6313 0.5113 11.8886 1.3347 29.9095 -7.6374 0.0703
Pedestrian -1 -1 -3.1802 900.6567 164.8490 925.2391 219.4176 1.6956 0.5915 0.6900 9.5248 1.4465 22.8165 -2.7898 0.0701
Cyclist -1 -1 -3.6447 679.2636 178.7048 711.9694 212.1376 1.7335 0.6099 1.6282 4.4955 2.0478 38.2084 -3.5291 0.0688
Cyclist -1 -1 -4.8640 901.0029 164.1539 920.3416 205.2958 1.6460 0.4883 1.6094 12.3236 1.2976 29.7061 -4.4746 0.0675
Pedestrian -1 -1 -5.0094 299.6577 178.3492 326.1441 231.1777 1.8411 0.6624 0.8292 -10.6665 2.0412 25.7870 -5.3984 0.0671
Cyclist -1 -1 -8.0368 1033.8956 167.0020 1074.6124 252.2431 1.6510 0.3933 1.6734 9.0525 1.5374 14.8280 -7.4981 0.0647
Cyclist -1 -1 -2.9865 326.0659 172.9175 357.5306 203.8590 1.8692 0.6504 1.7221 -16.4098 1.8729 44.0809 -3.3412 0.0646
Pedestrian -1 -1 -4.6251 784.0659 163.8539 801.9060 212.0606 1.8866 0.6194 0.8705 7.2504 1.5341 28.7499 -4.3811 0.0636
Cyclist -1 -1 -8.4482 837.2374 166.1724 887.1202 225.9024 1.6824 0.5419 1.6517 7.3323 1.4939 21.1919 -8.1200 0.0636
Cyclist -1 -1 -8.2840 888.4788 169.9332 935.9745 233.8659 1.6149 0.4614 1.7425 7.9240 1.5408 19.1060 -7.8969 0.0635
Cyclist -1 -1 -4.8197 834.2011 162.7426 859.1395 218.6684 1.8843 0.6314 1.7690 8.2164 1.5433 25.2410 -4.5090 0.0628
Cyclist -1 -1 -7.7482 346.2527 179.7595 366.6988 228.5197 1.7860 0.5521 1.7790 -9.7371 2.0589 27.6206 -8.0846 0.0594
Cyclist -1 -1 -7.7708 911.8956 165.3109 941.2062 247.3280 1.7098 0.4727 1.6285 6.9231 1.5522 15.8717 -7.3670 0.0585
Cyclist -1 -1 -3.6656 894.3491 164.7818 989.6480 246.6589 1.6937 0.6733 1.7419 6.9945 1.5264 15.3510 -3.2459 0.0574
Pedestrian -1 -1 -8.0362 223.2379 181.2315 252.4823 242.8065 1.8679 0.6831 0.7841 -11.6797 2.1354 22.5477 -8.5097 0.0565
Cyclist -1 -1 -3.4854 976.0294 161.3510 1082.0065 247.2363 1.7135 0.5921 1.7901 8.5312 1.4837 14.8379 -2.9728 0.0545
Cyclist -1 -1 -3.1490 844.7491 163.6076 909.2795 224.1387 1.7038 0.6901 1.7275 7.6747 1.4433 20.9228 -2.8025 0.0535
Cyclist -1 -1 -5.0530 1184.4027 166.3558 1241.0000 344.0898 1.7411 0.4912 1.6342 6.8720 1.6771 7.9196 -4.3574 0.0532
Pedestrian -1 -1 -8.1771 733.5099 183.7691 749.6760 212.3094 1.5586 0.6903 0.7179 7.2755 2.1713 40.1177 -7.9996 0.0528
Pedestrian -1 -1 -4.8922 1016.0865 159.4192 1033.4189 206.9983 1.7653 0.5031 0.3685 15.4871 1.2665 27.0274 -4.3768 0.0524
Cyclist -1 -1 -7.8722 632.4079 179.6292 638.0430 202.4317 1.6045 0.3749 1.5404 1.7847 2.0998 52.0039 -7.8386 0.0521
Cyclist -1 -1 -8.1603 858.9991 160.6012 897.4703 223.1752 1.7706 0.5398 1.7822 7.8518 1.4236 21.3178 -7.8124 0.0518
Pedestrian -1 -1 -3.1171 1103.1637 171.6587 1146.4597 279.2883 1.6701 0.5321 0.5547 8.2007 1.6512 11.5741 -2.5133 0.0508
Cyclist -1 -1 -8.2332 933.2947 164.3874 971.1389 219.6556 1.6438 0.5135 1.5293 10.4781 1.3917 22.2377 -7.7984 0.0504
Cyclist -1 -1 -4.5541 101.0586 187.2818 138.2201 259.8625 1.7483 0.5073 1.8184 -12.7234 2.1402 18.6823 -5.1457 0.0503
Cyclist -1 -1 -8.5838 868.7606 165.0228 929.1935 231.0789 1.7450 0.5073 1.7470 7.9164 1.5378 19.9673 -8.2120 0.0502
Car -1 -1 -4.6877 538.0240 181.4779 565.3621 206.7413 1.4682 1.6169 3.9563 -3.6594 2.0338 45.3310 -4.7682 0.7327
Car -1 -1 -6.1221 432.9020 181.2246 501.3154 206.1501 1.6031 1.6867 4.2430 -9.4823 2.1695 47.9342 -6.3167 0.3747
Car -1 -1 -6.8178 723.1662 180.5072 807.0541 211.3891 1.4942 1.5971 3.9427 7.9045 1.9010 36.9876 -6.6094 0.1632
Car -1 -1 -6.5854 331.2061 174.3103 408.8300 200.7512 1.5928 1.6785 4.3571 -15.1793 1.6885 45.6305 -6.9051 0.1465
Car -1 -1 -4.4682 16.2862 192.4606 139.4809 267.7581 1.5678 1.5773 3.8629 -13.2921 2.1186 18.1960 -5.0923 0.1247
Car -1 -1 -8.1911 1091.9766 170.8829 1151.8464 198.7162 1.5239 1.6139 3.8433 29.3733 1.4157 41.5743 -7.5796 0.1225
Car -1 -1 -7.0129 850.7169 170.6205 998.7931 224.8157 1.5189 1.6250 4.0224 9.3767 1.4560 21.6367 -6.6094 0.1105
Car -1 -1 -7.7477 620.5900 178.7626 647.5350 201.6308 1.5929 1.5962 3.8361 1.7816 2.0456 53.3092 -7.7150 0.0832
Car -1 -1 -6.2362 731.6265 184.0769 800.3766 212.6266 1.5057 1.5656 3.6803 8.6758 2.1504 40.2422 -6.0259 0.0701
Car -1 -1 -5.3296 542.8089 181.0906 606.9758 209.9311 1.4937 1.6288 3.9218 -2.0579 1.9799 40.5798 -5.3805 0.0607
Car -1 -1 -7.5007 738.8754 175.0965 819.0889 224.0204 1.5053 1.5104 3.5203 5.6929 1.5863 24.2594 -7.2735 0.0576
Car -1 -1 -4.9372 1010.3930 175.0854 1127.9451 244.2743 1.4709 1.5744 3.6160 10.8811 1.5306 17.4310 -4.3872 0.0516
