Cyclist -1 -1 -6.4862 627.4387 167.3631 736.6469 269.2040 1.7184 0.5823 1.8103 1.1859 1.6255 12.5658 -6.3955 0.9662
Pedestrian -1 -1 -5.7613 377.1547 173.2506 391.1257 200.7745 1.8747 0.5630 0.7317 -15.5279 1.9018 49.5099 -6.0640 0.1414
Pedestrian -1 -1 -3.3539 1060.0732 158.6123 1081.1829 200.6000 1.9619 0.6256 0.7233 21.7429 1.2962 34.1329 -2.7909 0.0950
Pedestrian -1 -1 -3.8875 1025.6313 161.2992 1038.1962 185.1194 1.8823 0.5341 0.6803 33.5069 0.9689 57.3511 -3.3612 0.0891
Pedestrian -1 -1 -3.1617 614.5869 174.7633 618.7675 197.7670 1.7748 0.5998 0.3116 0.4896 1.9236 56.0215 -3.1534 0.0748
Car -1 -1 -7.8157 1038.0922 159.6474 1061.0270 179.5783 1.7972 1.6784 4.1355 40.9675 0.6060 67.2499 -7.2706 0.0730
Car -1 -1 -4.6604 815.4046 175.4586 848.3391 203.9547 1.6472 1.7324 4.1889 13.6516 1.8153 44.3855 -4.3644 0.0664
Pedestrian -1 -1 -7.7450 472.9698 178.9442 485.1049 208.4947 1.6751 0.6161 0.6732 -7.5492 2.0273 41.4059 -7.9246 0.0643
Pedestrian -1 -1 -4.2093 48.1507 214.9529 86.6916 280.4174 1.0821 0.3367 0.4948 -9.4765 1.8291 12.5392 -4.8465 0.0633
Car -1 -1 -8.1513 969.9188 162.5431 1015.2761 190.8458 1.9527 1.7328 4.1422 27.4619 1.2410 51.9778 -7.6678 0.0603
Car -1 -1 -4.9921 1241.0000 165.8775 1241.0000 196.6952 1.4709 1.6342 4.0296 41.1593 1.1376 36.5790 -4.1520 0.0515
Pedestrian -1 -1 -4.3764 323.7005 215.6962 344.1980 259.0644 0.9315 0.3091 0.4110 -6.2172 1.9009 16.1214 -4.7396 0.0513
Pedestrian -1 -1 -2.8978 622.4202 178.2658 638.7361 210.3200 1.6775 0.5678 0.7509 1.0544 1.9670 38.2611 -2.8711 0.4284
Cyclist -1 -1 -3.7530 0.0000 183.8255 103.5612 288.3374 1.5999 0.5034 1.6439 -9.5206 1.7965 12.0859 -4.4097 0.1705
Cyclist -1 -1 -7.8804 1198.7704 169.4267 1215.3771 205.7319 1.6899 0.5580 1.6146 28.4118 1.5301 34.3954 -7.1945 0.1499
Pedestrian -1 -1 -5.4619 368.3775 171.4335 380.7137 194.2572 1.7977 0.5974 0.7246 -18.7143 1.6855 57.2679 -5.7766 0.1418
Cyclist -1 -1 -7.3712 89.8051 178.0549 159.5817 268.3333 1.6947 0.4517 1.6209 -9.7454 1.8047 14.4695 -7.9556 0.1322
Cyclist -1 -1 -5.0366 368.6309 176.8314 388.9570 208.5012 1.8158 0.5579 1.9235 -13.6779 2.0552 42.5455 -5.3462 0.1164
Cyclist -1 -1 -4.1956 5.5349 185.2833 90.8947 285.1504 1.5931 0.3997 1.6472 -9.7860 1.8237 12.5628 -4.8473 0.1162
Pedestrian -1 -1 -6.4106 344.5195 177.2602 357.8366 205.1367 1.7564 0.5855 0.7314 -16.5439 2.0398 46.0234 -6.7542 0.0994
Cyclist -1 -1 -6.9088 326.2180 180.0328 401.8020 255.1486 1.6113 0.4900 1.6569 -5.6326 1.7828 16.4505 -7.2344 0.0834
Pedestrian -1 -1 -5.5095 335.2197 171.8791 346.8442 196.0081 1.8789 0.5124 0.6934 -21.1104 1.8027 56.5591 -5.8655 0.0820
Pedestrian -1 -1 -4.0566 373.2950 196.2621 398.4155 248.5233 1.1977 0.3883 0.4245 -5.3435 1.7589 17.0418 -4.3566 0.0770
Pedestrian -1 -1 -5.6179 380.9347 170.1924 387.6751 193.7693 1.8535 0.4092 0.3247 -17.8475 1.6439 56.9724 -5.9205 0.0751
Cyclist -1 -1 -7.2858 160.3024 180.1932 223.1390 258.3313 1.6473 0.4352 1.5699 -9.3842 1.8195 16.1557 -7.8052 0.0750
Cyclist -1 -1 -5.0789 617.2963 176.2673 638.4756 210.2608 1.7537 0.5985 1.5619 0.8995 1.9382 38.2286 -5.0561 0.0739
Cyclist -1 -1 -8.0457 469.8562 176.6777 482.2780 206.3925 1.6895 0.4177 1.5772 -7.8464 1.9163 42.0439 -8.2295 0.0734
Pedestrian -1 -1 -7.9918 443.6185 170.9660 457.3773 204.7576 1.9093 0.6691 0.7634 -9.1565 1.8024 41.2434 -8.2093 0.0728
Cyclist -1 -1 -8.0086 346.8484 179.2243 357.0766 204.4526 1.5766 0.3932 1.4852 -16.5649 1.9909 46.2137 -8.3513 0.0720
Cyclist -1 -1 -7.4436 373.0633 170.1337 385.8404 192.2981 1.7460 0.3984 1.5202 -18.4300 1.5314 57.6156 -7.7521 0.0714
Pedestrian -1 -1 -8.1841 426.5355 174.6181 441.9914 206.5293 1.8113 0.7043 0.6058 -10.1329 1.9134 41.4494 -8.4227 0.0662
Cyclist -1 -1 -6.9980 320.0756 177.6271 392.4029 254.8130 1.6763 0.4872 1.6552 -5.8648 1.7914 16.6129 -7.3330 0.0609
Pedestrian -1 -1 -5.5047 6.4245 185.3521 73.8659 283.4438 1.6643 0.4552 0.8513 -9.9885 1.8868 12.5886 -6.1654 0.0576
Cyclist -1 -1 -7.5426 371.5896 172.8164 381.4972 193.4940 1.6365 0.2922 1.5600 -18.7501 1.6332 57.8840 -7.8548 0.0573
Cyclist -1 -1 -2.5067 451.6937 173.0472 482.0253 204.9353 1.8177 0.6203 1.6824 -8.3256 1.8287 41.7746 -2.7026 0.0559
Pedestrian -1 -1 -6.0842 390.3290 170.2374 398.9699 192.5502 1.8087 0.6757 0.5528 -17.5889 1.5963 58.8513 -6.3736 0.0504
Car -1 -1 -6.3478 511.7197 180.1967 614.5900 217.2251 1.5151 1.7002 4.3144 -2.0996 1.8427 31.0966 -6.4153 0.8527
Car -1 -1 -4.5830 656.9764 179.5822 692.2863 207.9612 1.7654 1.7941 4.5581 4.3572 2.2395 48.4521 -4.4944 0.8503
Car -1 -1 -4.5958 677.5009 180.5337 704.5638 202.8765 1.6175 1.6277 4.0595 6.2814 2.2350 55.8816 -4.4850 0.1274
Car -1 -1 -8.0842 279.4081 175.7497 320.7049 199.9646 1.6096 1.7605 4.1740 -21.8384 1.8215 50.6893 -8.4893 0.1135
Car -1 -1 -4.7780 715.6228 181.6489 741.1927 201.3838 1.4364 1.7038 3.9792 9.1937 2.1489 56.4151 -4.6178 0.1076
Car -1 -1 -4.5200 644.8901 179.5513 686.2099 207.9572 1.5955 1.7172 4.3306 3.4005 2.0245 43.9357 -4.4438 0.0783
Car -1 -1 -5.5802 482.7645 183.6544 548.0721 208.9050 1.4316 1.5863 3.8381 -5.8292 2.1165 44.0723 -5.7114 0.0696
Car -1 -1 -7.9913 589.7206 179.0136 628.7371 209.7523 1.5796 1.6376 3.8187 -0.1284 1.9369 39.8871 -7.9951 0.0649
Car -1 -1 -7.2720 361.6881 170.8827 404.4270 192.1136 1.6698 1.6399 3.5371 -18.4369 1.5144 58.6732 -7.5754 0.0615
Car -1 -1 -7.1303 0.0000 186.5520 78.9194 314.4846 1.5227 1.6293 3.9941 -10.4291 1.7701 11.0332 -7.8755 0.0603
Car -1 -1 -4.4606 602.1832 183.8716 643.4166 209.8304 1.4533 1.5770 4.0688 0.8028 2.1643 44.4098 -4.4432 0.0524
