Pedestrian -1 -1 -4.8843 688.7570 173.3851 704.7223 214.7564 1.9600 0.6528 0.6643 4.1079 1.9853 34.5415 -4.7676 0.1958
Pedestrian -1 -1 -7.8938 998.0417 189.8522 1041.1312 278.4718 1.5919 0.6691 0.7044 7.6548 1.9231 13.6041 -7.3915 0.1667
Pedestrian -1 -1 -4.2547 1176.6990 159.9172 1241.0000 365.4413 1.8427 0.5567 0.7005 5.8550 1.7264 6.8681 -3.5707 0.1616
Pedestrian -1 -1 -5.7551 254.3579 165.4151 312.0929 273.2232 2.0110 0.6493 0.7874 -6.3031 1.8719 13.8238 -6.1763 0.1408
Pedestrian -1 -1 -8.4191 699.7339 178.8904 725.3325 230.3821 1.8899 0.7430 0.5987 3.7902 2.1191 27.0085 -8.2820 0.1235
Pedestrian -1 -1 -2.3397 318.9135 187.7201 362.6167 269.7726 1.8085 0.6232 0.7023 -6.2023 2.1569 16.4929 -2.6948 0.1202
Pedestrian -1 -1 -5.3156 1019.8036 212.2295 1070.7538 290.8883 1.2493 0.4482 0.6340 7.2503 1.9290 12.1267 -4.7884 0.0841
Pedestrian -1 -1 -2.8422 558.4698 185.0076 564.5056 209.1956 1.7304 0.4574 0.3147 -3.5350 2.6127 52.1374 -2.9101 0.0821
Pedestrian -1 -1 -5.4480 961.5180 171.6305 973.5361 194.9923 1.7910 0.6391 0.5316 27.5500 1.6969 55.6593 -4.9909 0.0743
Pedestrian -1 -1 -5.0022 1080.7158 219.7099 1205.4742 374.0000 1.4118 0.5290 0.6432 3.6758 1.7678 5.1003 -4.4061 0.0713
Car -1 -1 -4.4915 561.0986 182.7190 594.5300 210.5572 2.0079 1.6839 4.3318 -2.4772 2.8035 55.9377 -4.5362 0.0703
Pedestrian -1 -1 -7.7117 909.8358 176.4189 933.8950 228.9944 1.8325 0.6926 0.7450 11.0704 1.9617 25.7148 -7.3100 0.0689
Car -1 -1 -6.9051 967.2405 194.7303 1041.6711 221.0869 1.6075 1.7393 3.9881 25.6121 3.0650 46.9686 -6.4092 0.0680
Pedestrian -1 -1 -6.2948 873.5895 166.8819 911.9170 285.9978 1.9045 0.5997 0.5736 4.6047 1.8088 11.9163 -5.9355 0.0662
Car -1 -1 -4.9143 663.7055 190.8002 698.5378 216.2708 1.6280 1.6157 4.3973 5.0041 2.9674 51.5925 -4.8189 0.0657
Pedestrian -1 -1 -6.7651 728.4498 168.6170 757.8328 233.3027 2.0970 0.7664 0.6749 4.3494 1.9594 23.8580 -6.5878 0.0606
Pedestrian -1 -1 -4.8845 759.4384 168.7950 786.2740 232.1297 2.0550 0.7185 0.8960 5.3327 1.9230 23.8755 -4.6682 0.0563
Pedestrian -1 -1 -4.9342 454.6550 179.3324 478.7876 240.6294 2.0526 0.6477 0.8190 -4.9707 2.2793 24.7747 -5.1309 0.0531
Pedestrian -1 -1 -5.3659 1018.0565 233.7356 1111.8070 374.0000 1.2491 0.4675 0.4924 3.7926 1.7890 6.1302 -4.8345 0.0513
Pedestrian -1 -1 -4.4156 755.1908 179.0868 791.8701 263.1624 1.8500 0.6550 0.6480 3.6646 1.9951 16.3855 -4.2005 0.0502
Cyclist -1 -1 -2.9193 409.0887 192.8914 473.0884 252.9019 1.7730 0.6274 1.7934 -5.1502 2.3885 21.8522 -3.1489 0.4013
Pedestrian -1 -1 -4.3254 726.0775 189.3616 752.9031 242.9861 1.6124 0.5752 0.7751 3.9878 2.1372 22.4725 -4.1530 0.3834
Pedestrian -1 -1 -8.6324 945.9150 183.3011 976.4072 232.2534 1.8314 0.6833 0.8047 13.4285 2.2393 27.6964 -8.1859 0.3375
Pedestrian -1 -1 -8.1404 549.8485 184.6522 562.4145 214.1590 1.9374 0.6670 0.6941 -3.6309 2.7320 48.1716 -8.2158 0.2510
Cyclist -1 -1 -7.8071 0.0000 108.7523 87.3410 374.0000 1.9531 0.4866 1.7604 -3.6727 1.6259 4.5418 -8.4592 0.1741
Pedestrian -1 -1 -2.2455 24.0460 152.4741 147.1878 337.6225 1.8154 0.5405 0.9844 -5.4763 1.6153 7.4705 -2.8615 0.1339
Pedestrian -1 -1 -5.8655 965.5348 189.0533 1073.9669 374.0000 1.5806 0.4539 0.5776 3.0016 1.7098 5.4006 -5.3826 0.1210
Pedestrian -1 -1 -5.7271 156.8591 157.1327 259.9656 314.8041 1.9068 0.6091 0.9532 -5.0778 1.7164 9.0571 -6.2261 0.1159
Pedestrian -1 -1 -5.6328 664.6996 180.2393 675.6901 202.1716 1.8222 0.6169 0.6888 5.0402 2.4480 60.7156 -5.5509 0.1157
Cyclist -1 -1 -8.4105 707.9198 189.2114 751.4817 242.8220 1.6069 0.5809 1.6495 3.7533 2.1485 23.0321 -8.2520 0.1083
Car -1 -1 -4.2522 410.5908 198.4713 490.3324 251.3016 1.4589 1.5467 2.3535 -4.9801 2.3061 22.5429 -4.4679 0.1044
Pedestrian -1 -1 -5.5349 398.2177 190.4146 430.9491 254.0797 1.8670 0.6186 0.7312 -5.9637 2.4092 21.8482 -5.7990 0.1008
Pedestrian -1 -1 -5.5629 93.7967 148.3892 208.2239 325.0334 1.8907 0.6242 0.8972 -5.1940 1.6285 8.1043 -6.1184 0.0999
Cyclist -1 -1 -8.0649 538.3350 186.3072 551.6190 216.8019 1.7795 0.4493 1.7238 -3.9877 2.6121 43.7800 -8.1558 0.0934
Pedestrian -1 -1 -8.5220 538.0059 181.3051 555.5369 216.2519 2.1148 0.6935 0.8587 -3.9338 2.6420 44.4806 -8.6103 0.0915
Pedestrian -1 -1 -5.4073 535.8783 184.9894 552.2277 217.0585 1.8928 0.7908 0.5824 -4.0051 2.6312 43.4394 -5.4994 0.0894
Pedestrian -1 -1 -5.4640 0.0000 170.4307 90.8304 321.5333 1.7473 0.6095 0.6140 -6.8460 1.7190 8.6951 -6.1163 0.0880
Pedestrian -1 -1 -4.7762 87.5225 148.7424 167.3134 337.8628 1.8990 0.6716 0.7966 -5.2576 1.6566 7.7654 -5.3560 0.0776
Cyclist -1 -1 -5.1793 711.4879 185.4496 752.8903 243.8063 1.7156 0.5831 1.6485 3.7356 2.1227 22.4636 -5.0176 0.0713
Pedestrian -1 -1 -3.3345 862.0340 189.2483 931.8899 336.9534 1.5688 0.5094 0.6283 3.1230 1.7579 8.0333 -2.9775 0.0701
Cyclist -1 -1 -5.2691 839.1644 179.8264 964.0916 354.0262 1.7056 0.4237 1.6872 3.1094 1.7910 8.0030 -4.9123 0.0593
Pedestrian -1 -1 -7.5506 152.7631 156.8970 223.9912 287.7801 1.9102 0.6978 0.9075 -6.4861 1.6770 11.0488 -8.0714 0.0561
Cyclist -1 -1 -3.0419 710.0732 185.7288 766.8883 243.0055 1.7108 0.6586 1.6770 3.9325 2.1187 22.3367 -2.8708 0.0516
Pedestrian -1 -1 -4.9429 721.2277 194.7670 741.0617 241.4316 1.4259 0.4746 0.6593 3.7615 2.1259 22.7165 -4.7818 0.0507
Cyclist -1 -1 -8.3185 850.9114 178.7000 991.5418 350.3394 1.6939 0.6461 1.8739 3.3689 1.7674 8.1476 -7.9405 0.0505
Pedestrian -1 -1 -3.4634 871.0853 190.7610 947.3497 344.0005 1.5756 0.5341 0.6137 3.1483 1.7750 7.7663 -3.0928 0.0501
Car -1 -1 -4.5328 495.2590 191.1169 555.8600 238.9561 1.6362 1.6998 3.7243 -3.2522 2.3944 28.0524 -4.6479 0.9061
Car -1 -1 -2.3711 7.4180 193.1011 329.7657 310.0961 1.4401 1.5856 4.0959 -6.4472 1.7710 10.5567 -2.9086 0.5410
Car -1 -1 -7.8212 653.3619 188.6574 679.3764 216.6407 1.6633 1.5745 3.6011 3.6598 2.7310 46.8828 -7.7445 0.4366
Car -1 -1 -7.6021 406.3899 199.6897 483.0130 253.6322 1.4774 1.5887 3.4510 -5.2841 2.4069 23.2501 -7.8239 0.4118
Car -1 -1 -4.6179 537.7128 197.6369 579.6954 233.3187 1.4607 1.6188 4.2659 -2.4449 2.7254 34.6781 -4.6886 0.1440
Car -1 -1 -4.4656 568.5201 185.7793 597.5561 206.8711 1.7018 1.6243 3.9099 -2.3372 2.8646 62.8480 -4.5032 0.0809
Car -1 -1 -7.7776 659.9505 177.2071 682.9429 201.9913 2.0475 1.6859 4.0403 5.3270 2.4371 62.4863 -7.6934 0.0807
Car -1 -1 -4.4688 558.8726 184.4682 591.7568 211.9928 1.9692 1.5930 4.0985 -2.6593 2.8989 55.6133 -4.5170 0.0768
Car -1 -1 -4.5690 540.3762 184.8569 575.7244 213.8681 1.6902 1.6868 3.9860 -3.2830 2.4855 45.7790 -4.6408 0.0681
Car -1 -1 -7.5136 0.0000 161.9513 76.5355 374.0000 1.6818 1.6871 3.9005 -4.9534 1.6438 4.6212 -8.3050 0.0561
Car -1 -1 -7.5221 327.8328 196.1717 428.8345 257.2669 1.5694 1.7091 4.0377 -7.0162 2.3505 22.1355 -7.8263 0.0545
