Pedestrian -1 -1 -6.1998 1068.7506 161.8218 1075.6121 211.8468 1.9214 0.4698 0.1884 17.8642 1.4974 27.9583 -5.6364 0.0924
Pedestrian -1 -1 -7.9299 153.2549 167.5186 166.7047 198.4916 1.8432 0.6389 0.6651 -27.1027 1.5254 43.3966 -8.4856 0.0858
Pedestrian -1 -1 -3.0648 1077.9338 164.5447 1107.0303 234.2457 1.8153 0.5589 0.6073 12.7879 1.5986 19.1983 -2.4848 0.0615
Car -1 -1 -7.6847 254.1706 175.0345 282.2169 193.3145 1.7064 1.7538 4.3650 -33.2516 1.9254 70.2480 -8.1256 0.0615
Cyclist -1 -1 -7.2350 92.3098 175.4413 131.6366 217.1161 1.7068 0.4520 1.7198 -21.0873 1.8190 30.5219 -7.8356 0.0603
Car -1 -1 -4.5724 153.3938 173.3724 196.6183 202.6226 1.5876 1.5954 3.7978 -24.8711 1.6185 41.2955 -5.1118 0.0568
Car -1 -1 -4.8386 165.9017 164.0573 196.3264 185.4978 1.7530 1.7025 4.2305 -36.4190 1.0335 61.1872 -5.3737 0.0564
Car -1 -1 -5.4085 405.3759 176.2834 454.7198 197.5455 1.5252 1.6070 3.6691 -13.5231 1.7900 54.0463 -5.6528 0.0538
Car -1 -1 -7.2674 325.1223 174.0790 367.3994 191.7873 1.6348 1.7129 4.3017 -25.2663 1.7559 69.2206 -7.6164 0.0514
Pedestrian -1 -1 -4.6405 132.6174 174.9469 149.3711 208.8432 1.7018 0.6685 0.6580 -23.9102 1.8094 36.7314 -5.2144 0.1208
Cyclist -1 -1 -4.8075 648.7611 172.2114 661.2473 207.3532 1.6373 0.4581 1.3961 2.0936 1.6070 34.3224 -4.7477 0.1174
Cyclist -1 -1 -2.6872 633.9735 170.7644 667.0570 206.2494 1.6481 0.6071 1.4419 1.8730 1.5507 34.1275 -2.6334 0.1084
Cyclist -1 -1 -2.2532 113.4902 171.8526 150.8224 206.9783 1.7592 0.6478 1.7170 -24.3459 1.7087 36.7039 -2.8357 0.0864
Cyclist -1 -1 -4.5414 652.4294 171.0160 668.0767 207.1431 1.6817 0.5056 1.4613 2.3587 1.5959 34.3573 -4.4740 0.0668
Pedestrian -1 -1 -6.5861 606.3180 173.3884 627.0126 217.9263 1.6288 0.6230 0.6087 0.1986 1.6486 26.7833 -6.5795 0.0589
Cyclist -1 -1 -3.6148 647.3621 170.6767 683.3337 207.2472 1.6970 0.6634 1.5644 2.5737 1.5956 34.0908 -3.5407 0.0509
Car -1 -1 -7.8244 568.5031 171.7619 612.1136 214.6186 1.6245 1.6533 4.5086 -0.7859 1.5828 29.6065 -7.8513 0.9123
Car -1 -1 -4.2211 183.6738 176.5840 253.8524 205.6797 1.5006 1.6766 4.0556 -21.4996 1.7163 39.7627 -4.7142 0.9081
Car -1 -1 -4.2621 23.6648 171.8675 115.6575 210.0804 1.5848 1.6979 3.9663 -23.8955 1.5436 32.0311 -4.8992 0.1769
Car -1 -1 -4.2317 232.2245 177.0953 285.2940 201.1089 1.4709 1.6334 3.5258 -22.6616 1.7551 46.6147 -4.6822 0.1471
Car -1 -1 -5.3475 655.5018 172.0702 702.0098 193.6246 1.6440 1.5971 4.0048 5.3777 1.5840 57.1617 -5.2545 0.1311
Car -1 -1 -4.6211 0.0000 164.7507 6.1097 191.1441 1.6437 1.7150 4.1909 -40.8106 1.1387 47.1388 -5.3320 0.1227
Car -1 -1 -7.5795 0.0000 168.8733 37.4403 211.9786 1.6006 1.7409 4.0809 -24.7692 1.4525 29.0106 -8.2817 0.1135
Car -1 -1 -4.6738 461.4877 174.9554 479.7073 190.7829 1.4534 1.5562 3.9748 -13.3043 1.6599 68.8941 -4.8641 0.0967
Car -1 -1 -8.0244 638.3053 174.7317 681.7734 206.6767 1.4780 1.5165 3.6900 2.3701 1.5751 35.5220 -7.9588 0.0794
Car -1 -1 -7.5031 0.0000 163.6853 50.9643 189.9545 1.6778 1.5937 3.8864 -39.1136 1.0919 48.1817 -8.1824 0.0633
Car -1 -1 -2.1931 94.5628 176.6622 168.5690 206.2413 1.4653 1.5263 3.3643 -24.8293 1.6693 37.3949 -2.7762 0.0586
Car -1 -1 -4.2271 154.7836 175.2072 218.0820 203.7507 1.5511 1.5672 3.7307 -24.2674 1.6920 41.4179 -4.7545 0.0546
