Cyclist -1 -1 -7.8914 1123.1459 165.1474 1141.6455 216.5259 1.6064 0.4046 1.7926 16.8967 1.3651 23.4192 -7.2727 0.1780
Pedestrian -1 -1 -4.5106 730.9198 168.5274 743.2267 198.6139 1.8759 0.6382 0.6950 7.9679 1.6058 45.4281 -4.3385 0.1256
Pedestrian -1 -1 -5.6878 0.0000 176.4753 5.4473 223.9682 1.9343 0.4450 0.1928 -25.1565 2.0840 29.6539 -6.3870 0.1145
Pedestrian -1 -1 -7.1125 1138.3906 153.3046 1204.2032 255.7949 1.7410 0.6111 0.6796 9.7514 1.4086 12.6192 -6.4663 0.0890
Pedestrian -1 -1 -7.7251 802.7693 172.9891 818.2234 211.7861 1.6575 0.5742 0.6004 8.6329 1.6631 31.2165 -7.4583 0.0796
Car -1 -1 -8.1401 757.7092 166.3424 789.8595 185.0490 1.6618 1.7143 4.3461 14.9859 1.0830 66.3218 -7.9191 0.0712
Car -1 -1 -4.2210 248.5427 180.8305 327.3216 218.2669 1.6228 1.6781 4.0857 -15.2312 2.0245 34.2720 -4.6366 0.0567
Car -1 -1 -4.6766 118.5496 189.6377 162.2954 223.8488 1.4843 1.6528 4.2414 -23.2403 2.3679 35.7529 -5.2498 0.0548
Car -1 -1 -4.5538 152.1943 192.6777 182.7288 214.8744 1.7675 1.6294 4.3915 -39.2112 3.5891 63.9751 -5.1021 0.0542
Car -1 -1 -4.6363 551.8896 175.3154 572.6646 192.4283 1.5978 1.6965 4.2861 -4.6275 1.8441 70.1372 -4.7023 0.0539
Cyclist -1 -1 -7.9122 720.2239 169.5253 733.3019 205.7998 1.8257 0.5572 1.7797 5.9769 1.6579 37.2290 -7.7548 0.3865
Cyclist -1 -1 -8.6687 748.3486 172.9186 777.5659 203.0860 1.6712 0.5892 1.6634 8.6067 1.6746 40.8247 -8.4628 0.1102
Pedestrian -1 -1 -8.0244 849.4566 164.2267 871.1967 212.4164 1.8275 0.6847 0.6581 9.5738 1.5000 27.7421 -7.6959 0.0916
Cyclist -1 -1 -7.6331 852.7227 167.3641 877.8406 213.3846 1.7141 0.5898 1.5556 9.7607 1.5093 27.6912 -7.2980 0.0912
Pedestrian -1 -1 -8.4551 854.1244 157.8018 887.4354 216.0253 1.9353 0.6542 0.9228 8.8041 1.4347 24.5133 -8.1146 0.0854
Cyclist -1 -1 -7.7752 66.8307 189.4160 78.2855 220.8838 1.6155 0.3696 1.5175 -28.7576 2.5174 38.5643 -8.4128 0.0635
Car -1 -1 -4.0697 0.0000 198.0025 128.5847 254.7343 1.4098 1.4555 3.8234 -16.4195 2.2270 21.5410 -4.7152 0.9148
Car -1 -1 -4.3108 276.3028 186.1227 344.3984 218.1932 1.4795 1.6871 4.3066 -15.4035 2.2038 37.2392 -4.7008 0.8757
Car -1 -1 -4.4988 397.7318 181.3517 433.9462 205.1259 1.5641 1.6700 3.9296 -13.6790 2.1869 50.9050 -4.7604 0.8208
Car -1 -1 -4.4844 164.1618 186.1147 210.2167 214.8789 1.6594 1.6477 4.0190 -26.7930 2.5402 45.7825 -5.0116 0.1417
Car -1 -1 -4.6759 77.4815 182.7203 112.5700 210.8319 1.6120 1.6308 3.5946 -31.8859 2.2495 44.6934 -5.2929 0.1373
Car -1 -1 -1.8457 147.2769 197.0516 181.5345 216.2883 1.5691 1.6475 3.9439 -40.5997 3.8365 65.6782 -2.3978 0.1073
Car -1 -1 -4.7138 134.8593 188.8108 167.1175 216.8834 1.5058 1.5639 3.8538 -27.4272 2.5033 43.0733 -5.2782 0.0882
Car -1 -1 -4.5953 295.2632 183.8183 331.1313 209.2840 1.5184 1.6970 4.0534 -19.3451 2.2666 47.0790 -4.9835 0.0842
Car -1 -1 -4.1637 184.2772 191.2915 234.2272 214.1333 1.8998 1.7792 4.7811 -36.7961 3.6572 66.3580 -4.6686 0.0666
Car -1 -1 -5.1226 10.2764 190.6584 81.3589 222.1621 1.5370 1.6078 3.8444 -30.2830 2.5309 38.6664 -5.7838 0.0650
Car -1 -1 -4.8879 347.9440 180.7926 388.4072 209.8389 1.6771 1.6842 4.2443 -15.2133 2.1987 45.1668 -5.2114 0.0599
