Pedestrian -1 -1 -3.5461 1178.2661 149.2896 1241.0000 285.4283 1.7383 0.6300 0.5934 8.0042 1.4371 9.5966 -2.8664 0.2141
Pedestrian -1 -1 -8.3894 790.4539 169.2529 807.8392 206.3161 1.9095 0.6749 0.5759 9.8004 1.7236 37.5436 -8.1365 0.1119
Car -1 -1 -4.6124 473.6923 181.9947 495.3790 198.5107 1.4898 1.6556 4.1421 -12.0835 2.3976 69.5617 -4.7841 0.1045
Car -1 -1 -5.3798 341.6097 186.4739 416.8539 217.3312 1.4906 1.6416 4.0587 -12.3039 2.2471 38.2747 -5.6892 0.0745
Pedestrian -1 -1 -4.2335 1046.2234 158.4154 1096.4070 256.5059 1.7032 0.5462 0.5990 8.2007 1.4522 12.9160 -3.6786 0.0595
Car -1 -1 -4.6037 0.0000 174.7114 19.2654 200.6715 1.6510 1.6851 4.1525 -40.9896 1.7809 48.3940 -5.3039 0.0557
Pedestrian -1 -1 -4.9050 794.7623 169.7211 810.7672 207.5138 1.8527 0.6348 0.7344 9.5086 1.6988 35.7587 -4.6477 0.0547
Pedestrian -1 -1 -4.1139 1130.1260 155.5741 1194.3279 279.5020 1.7217 0.4887 0.5883 7.8609 1.4813 10.3518 -3.4786 0.0532
Pedestrian -1 -1 -8.4677 983.1180 159.9462 1026.7740 235.6218 1.7739 0.6025 0.7353 9.4165 1.4710 17.3156 -7.9773 0.0524
Car -1 -1 -7.5148 1241.0000 130.6713 1241.0000 374.0000 1.5878 1.6491 4.2043 7.1716 1.3706 5.1352 -6.5925 0.0516
Pedestrian -1 -1 -5.9911 260.6216 185.5681 271.3948 208.1009 1.7756 0.5271 0.6510 -27.4452 2.7942 57.5155 -6.4349 0.0506
Pedestrian -1 -1 -6.7150 772.3625 173.0516 789.2461 203.7910 1.8303 0.6666 0.7790 10.2286 1.8420 43.3723 -6.4854 0.4125
Pedestrian -1 -1 -4.5049 878.2965 169.3622 901.8176 223.4146 1.7514 0.6055 0.6541 9.1988 1.6379 23.8178 -4.1411 0.1129
Cyclist -1 -1 -4.8935 778.6874 175.2695 793.9242 204.5541 1.6996 0.5507 1.8512 10.4537 1.8463 42.9696 -4.6569 0.0954
Cyclist -1 -1 -4.5289 68.4866 191.2069 88.8234 227.3528 1.7562 0.5137 1.8034 -27.2136 2.7184 36.9185 -5.1609 0.0862
Pedestrian -1 -1 -4.3962 888.6954 169.2324 915.3906 227.1688 1.7395 0.5707 0.7065 8.9053 1.6305 22.1181 -4.0187 0.0804
Cyclist -1 -1 -7.8129 634.3124 177.6405 643.3037 205.2436 1.7297 0.5126 1.6615 1.8220 2.0425 46.3564 -7.7744 0.0799
Pedestrian -1 -1 -6.1548 79.0758 191.2327 101.8826 225.3213 1.7394 0.7361 0.8848 -27.3381 2.7187 37.9261 -6.7762 0.0767
Pedestrian -1 -1 -5.8421 242.5332 191.4025 258.6989 218.0394 1.6938 0.5746 0.7620 -23.2345 2.8987 46.5871 -6.3027 0.0535
Cyclist -1 -1 -7.6176 55.7067 196.6987 71.4486 226.5359 1.6236 0.3627 1.5494 -31.3029 3.0139 41.2972 -8.2632 0.0525
Pedestrian -1 -1 -7.7751 871.8469 166.7219 892.7042 220.8099 1.8565 0.6408 0.5692 9.4487 1.6457 25.1586 -7.4203 0.0506
Car -1 -1 -4.3290 277.7930 190.1182 346.7244 224.7371 1.4342 1.6257 3.9309 -13.9049 2.2903 33.8240 -4.7167 0.9516
Car -1 -1 -6.8033 628.1931 178.9590 699.4020 204.9637 1.5797 1.7006 4.2806 3.4274 1.9856 46.3183 -6.7304 0.2384
Car -1 -1 -7.3369 236.4375 190.1178 286.8735 215.4429 1.5475 1.5441 3.4228 -23.2695 2.7438 48.2509 -7.7845 0.1195
Car -1 -1 -4.6772 25.4794 195.2687 66.0072 228.8462 1.7103 1.6946 4.0141 -32.5960 3.0718 41.7111 -5.3376 0.1151
Car -1 -1 -4.3479 259.4895 193.6539 304.2410 217.0196 1.5160 1.5997 4.1404 -23.9288 3.0958 52.6954 -4.7726 0.0846
Car -1 -1 -4.1632 96.7388 194.1364 186.5573 228.6860 1.4894 1.7536 4.3030 -23.2388 2.6134 35.9475 -4.7339 0.0709
Car -1 -1 -7.5594 736.8683 177.1751 779.6626 202.2956 1.5154 1.6280 3.9379 9.5356 1.8055 46.3758 -7.3584 0.0700
Car -1 -1 -4.3706 93.1839 192.0240 153.8028 221.9603 1.5600 1.6448 4.2277 -28.7546 2.7548 42.7327 -4.9602 0.0600
