Pedestrian -1 -1 -4.6243 423.2027 181.0717 441.5391 220.7237 1.5916 0.6693 0.7073 -7.3083 1.9321 29.5280 -4.8654 0.3759
Pedestrian -1 -1 -5.7159 0.0000 162.9852 53.0407 292.9106 1.8584 0.5674 0.7280 -8.8504 1.7169 10.6439 -6.3974 0.1460
Cyclist -1 -1 -8.2533 869.2953 163.2799 932.7045 244.4984 1.6828 0.6581 1.7129 6.2887 1.4842 15.8154 -7.8819 0.0973
Pedestrian -1 -1 -4.4152 728.6074 166.8026 741.3009 198.7533 1.8537 0.5657 0.6603 7.2879 1.5023 42.2847 -4.2461 0.0892
Pedestrian -1 -1 -3.9398 937.8887 147.5098 1004.5801 266.1064 1.9428 0.6770 0.7594 6.0784 1.5273 12.2677 -3.4900 0.0780
Pedestrian -1 -1 -3.0017 850.8773 157.4352 873.3538 215.2331 1.8688 0.5947 0.6244 8.2479 1.3699 23.7358 -2.6715 0.0778
Pedestrian -1 -1 -3.5617 805.0129 163.6210 821.2641 206.2564 1.8441 0.5392 0.5058 8.8264 1.4444 31.5124 -3.2915 0.0728
Cyclist -1 -1 -8.1783 863.8632 172.9957 886.7904 212.7728 1.6353 0.4370 1.5245 11.1362 1.6411 30.4357 -7.8311 0.0721
Pedestrian -1 -1 -5.0573 1089.7383 127.8106 1187.0515 301.5252 1.9675 0.6592 0.9201 6.2801 1.4570 8.7020 -4.4487 0.0718
Pedestrian -1 -1 -8.0553 826.6345 163.8243 844.5930 204.2866 1.8427 0.6688 0.6564 10.3404 1.4311 33.2181 -7.7565 0.0662
Car -1 -1 -7.7517 734.3654 173.0995 765.1354 198.2655 1.5772 1.6051 3.8432 9.1686 1.5937 47.3326 -7.5619 0.0595
Pedestrian -1 -1 -4.7816 756.8548 161.6404 773.4731 203.8211 1.9739 0.7275 0.5769 7.2882 1.4488 34.1014 -4.5733 0.0583
Car -1 -1 -4.6166 529.6011 178.5873 561.9813 205.5825 1.5982 1.6877 3.6317 -4.0263 1.9725 45.3135 -4.7052 0.0542
Cyclist -1 -1 -7.6136 232.5901 180.4555 272.6359 250.9077 1.6828 0.5199 1.6792 -9.0903 1.8845 18.2987 -8.0693 0.0529
Car -1 -1 -5.7465 555.5117 179.7411 611.0181 199.8488 1.6452 1.6100 4.5936 -2.3395 2.2547 62.0782 -5.7845 0.0528
Car -1 -1 -7.4352 579.2569 176.1810 615.4722 196.7831 1.8211 1.6783 4.4972 -1.1500 2.1406 66.9510 -7.4527 0.0525
Car -1 -1 -8.2010 815.0444 166.7898 862.0092 191.3486 1.5745 1.6644 4.1799 15.2245 1.1854 48.3826 -7.8982 0.0516
Pedestrian -1 -1 -6.1750 627.9247 172.6837 643.9437 203.5076 1.8529 0.5575 0.9160 1.5381 1.8424 43.7148 -6.1406 0.5828
Pedestrian -1 -1 -5.9901 706.0715 167.1179 732.0491 220.4470 1.8386 0.7031 0.7326 3.7879 1.6406 25.3502 -5.8442 0.4800
Pedestrian -1 -1 -5.3869 713.8972 166.4691 744.6332 219.4625 1.8645 0.5515 1.0548 4.2413 1.6396 25.9812 -5.2276 0.4043
Pedestrian -1 -1 -6.0843 839.7438 168.0708 857.9273 204.1800 1.8151 0.6801 0.7620 12.1270 1.5743 36.7525 -5.7684 0.2656
Pedestrian -1 -1 -5.6505 502.2797 174.5262 517.7911 202.6836 1.8796 0.5579 0.8761 -6.7751 1.9931 48.6713 -5.7885 0.2293
Pedestrian -1 -1 -6.4177 687.4080 174.7231 702.7323 203.2656 1.6570 0.5785 0.8190 4.9389 1.7668 42.2237 -6.3026 0.1850
Cyclist -1 -1 -3.4271 695.2620 173.0440 725.0508 203.6594 1.7038 0.6112 1.5494 5.5915 1.7143 40.5786 -3.2916 0.1630
Cyclist -1 -1 -7.9947 836.9205 167.2457 850.7007 201.6384 1.7413 0.4384 1.6990 12.0733 1.4570 37.4052 -7.6852 0.1364
Pedestrian -1 -1 -7.2082 729.1161 174.4160 748.0437 206.2655 1.6328 0.6690 0.7236 6.6489 1.7149 37.5310 -7.0347 0.1260
Pedestrian -1 -1 -3.5120 740.4424 167.3915 758.2244 204.4557 1.8658 0.5816 0.7249 7.0393 1.5905 36.6730 -3.3244 0.1148
Cyclist -1 -1 -8.5161 1162.0864 143.1597 1211.4044 188.2805 1.7270 0.5781 1.7195 22.6895 0.5902 28.4785 -7.8484 0.1058
Cyclist -1 -1 -7.8435 845.0726 167.7906 852.9947 201.5988 1.7049 0.3775 1.6184 12.2925 1.4493 37.2130 -7.5272 0.1021
Pedestrian -1 -1 -4.8091 714.8109 189.6515 732.8518 240.8216 1.2358 0.4001 0.3951 2.7496 1.6540 17.7702 -4.6590 0.0901
Cyclist -1 -1 -8.4307 693.6595 176.0478 716.4339 207.4881 1.6130 0.4447 1.4874 4.9498 1.7841 37.9409 -8.3025 0.0886
Pedestrian -1 -1 -3.7392 1198.3104 139.4008 1231.9561 189.9060 1.8635 0.7051 0.6853 22.5940 0.6289 27.0053 -3.0478 0.0786
Cyclist -1 -1 -8.3735 697.8656 173.2551 737.8137 232.0874 1.6614 0.4212 1.5866 3.1014 1.6734 21.2024 -8.2310 0.0769
Cyclist -1 -1 -3.5357 623.1697 172.5682 651.9446 203.4532 1.8389 0.5527 1.6482 1.6267 1.8216 43.5090 -3.4991 0.0764
Cyclist -1 -1 -3.7088 1162.6902 143.8359 1225.9622 187.8701 1.7031 0.7720 1.8037 22.9225 0.5805 28.3865 -3.0345 0.0728
Cyclist -1 -1 -8.4780 687.0980 173.1133 738.3557 244.7429 1.7092 0.4563 1.5202 2.4917 1.7157 18.0013 -8.3436 0.0697
Cyclist -1 -1 -7.7132 474.9485 181.7113 486.0988 209.1602 1.6016 0.4471 1.5564 -7.8163 2.1436 43.3931 -7.8908 0.0673
Cyclist -1 -1 -8.3771 1192.9933 111.7848 1241.0000 178.0219 1.6839 0.4448 1.6665 16.2360 0.1311 19.2020 -7.6824 0.0663
Pedestrian -1 -1 -5.4301 705.7156 180.3449 729.0991 235.6590 1.4503 0.4317 0.4459 2.8222 1.6536 19.3052 -5.2879 0.0625
Cyclist -1 -1 -7.7874 471.1445 178.7023 479.4453 207.6269 1.6954 0.3863 1.6070 -8.1417 2.0539 43.4447 -7.9720 0.0584
Pedestrian -1 -1 -4.8065 712.6127 184.8829 731.0621 232.0640 1.3202 0.4719 0.5075 3.1386 1.6676 20.5910 -4.6582 0.0556
Cyclist -1 -1 -6.8380 827.6229 168.7955 864.9069 202.9669 1.7240 0.6776 1.7153 12.0523 1.5190 36.9375 -6.5253 0.0545
Cyclist -1 -1 -5.0164 692.5228 175.9382 708.4572 206.2016 1.6684 0.4789 1.4383 5.0572 1.8452 40.6806 -4.8942 0.0543
Cyclist -1 -1 -4.6006 699.3071 174.8781 710.0786 204.8812 1.6620 0.4489 1.4537 5.3263 1.7784 40.8320 -4.4723 0.0518
Pedestrian -1 -1 -3.7560 1201.6063 110.8873 1241.0000 181.0126 1.8143 0.6237 0.8204 16.2044 0.2108 19.0129 -3.0574 0.0516
Car -1 -1 -4.1626 0.0000 188.3134 318.9548 374.0000 1.5636 1.6273 3.8994 -5.0562 1.7843 8.3539 -4.6934 0.9709
Car -1 -1 -8.2318 780.6913 138.5657 1228.4939 374.0000 1.8197 1.6974 4.2341 2.7784 1.6167 6.3949 -7.8400 0.9567
Car -1 -1 -4.4011 309.5619 189.5895 439.6178 271.0598 1.4513 1.5478 3.7674 -4.9465 1.8548 15.5186 -4.7055 0.9470
Car -1 -1 -8.0640 736.6727 172.7485 901.4273 296.7129 1.6446 1.6520 3.8996 3.0663 1.6429 11.5550 -7.8121 0.9460
Car -1 -1 -4.5561 510.1497 175.6749 553.1231 211.0322 1.7560 1.6524 4.0528 -4.1316 1.9132 38.2281 -4.6635 0.9200
Car -1 -1 -5.4814 1159.5814 140.7600 1241.0000 187.7025 1.6663 1.7102 3.8300 23.3639 0.5268 27.5838 -4.7838 0.3073
Car -1 -1 -8.7615 0.0000 0.0000 1241.0000 374.0000 1.5192 1.5589 3.5786 2.7414 1.5879 1.1782 -7.6847 0.2813
Car -1 -1 -8.1134 683.8082 176.5611 723.8651 202.1182 1.4643 1.5384 3.5461 5.6071 1.6983 43.7407 -7.9872 0.2699
Car -1 -1 -4.8352 1156.4376 140.2230 1241.0000 236.4754 1.5232 1.6614 4.2147 11.5286 1.0065 13.6416 -4.1442 0.2152
Car -1 -1 -7.0300 737.0278 175.7664 865.3562 225.0056 1.4175 1.5744 3.8388 5.9493 1.5147 22.5626 -6.7760 0.2027
Car -1 -1 -6.7681 696.6899 176.2038 779.3459 204.7929 1.4635 1.6014 4.0855 6.8114 1.6491 38.6516 -6.5954 0.1618
Car -1 -1 -6.7943 0.0000 203.3412 17.5067 374.0000 1.4706 1.5822 3.9289 -5.3034 1.6966 3.3315 -7.7675 0.1370
Car -1 -1 -6.6302 707.2931 180.6043 897.1524 241.7927 1.4676 1.6836 4.4264 4.8301 1.6788 18.6279 -6.3812 0.0950
Car -1 -1 -4.6905 537.2289 176.7677 559.2906 199.8066 1.6626 1.5853 3.8243 -4.6788 1.9696 54.6936 -4.7759 0.0940
Car -1 -1 -6.5586 700.5353 174.7304 776.5444 202.1626 1.4964 1.6384 3.9006 7.1474 1.6041 40.5125 -6.3857 0.0858
Car -1 -1 -4.1405 155.3766 191.4420 300.7367 257.5277 1.4383 1.5755 3.6515 -9.7534 1.9675 18.6610 -4.6167 0.0818
Car -1 -1 -4.7213 1145.1328 108.1352 1225.7583 169.2141 1.5139 1.6262 3.7935 15.9226 -0.1119 20.1220 -4.0584 0.0776
Car -1 -1 -8.0002 444.9385 181.0715 481.7076 208.0339 1.5271 1.6476 3.9684 -9.0849 2.0559 44.3196 -8.2016 0.0735
Car -1 -1 -4.3488 567.0743 175.9050 611.2479 200.5882 1.6458 1.6889 4.3449 -1.4501 1.8711 51.0153 -4.3776 0.0691
Car -1 -1 -8.3474 507.2992 175.6283 557.8676 201.1886 1.7114 1.7023 4.3371 -5.5567 1.9162 51.0744 -8.4556 0.0636
Car -1 -1 -3.1175 731.3215 178.9839 821.3107 211.9689 1.3946 1.5847 3.8200 7.3661 1.6783 32.1992 -2.8952 0.0586
Car -1 -1 -5.0287 1207.3500 95.7931 1241.0000 161.7518 1.5154 1.6557 3.9822 17.7943 -0.3329 19.4585 -4.2948 0.0513
Car -1 -1 -7.5171 1224.6724 144.8612 1241.0000 374.0000 1.5625 1.6565 4.3339 5.6713 1.4681 3.8474 -6.5777 0.0502
