Pedestrian -1 -1 -4.6836 199.3713 171.0057 225.3943 241.9878 1.7904 0.5653 0.7709 -10.3314 1.7435 18.6712 -5.1832 0.6683
Pedestrian -1 -1 -8.5725 576.6924 171.4754 595.7922 207.3221 1.8613 0.6404 0.7933 -1.2902 1.7894 37.9733 -8.6068 0.2708
Cyclist -1 -1 -6.6668 722.0030 173.1863 759.5390 211.4649 1.7843 0.6638 1.6160 6.1408 1.7999 34.1329 -6.4909 0.2568
Cyclist -1 -1 -3.7524 843.2443 170.6676 910.8112 233.6456 1.6645 0.7083 1.6111 7.2056 1.6064 19.6226 -3.4060 0.2463
Pedestrian -1 -1 -5.7008 543.3782 170.2947 561.6003 204.1613 1.9830 0.6351 0.8702 -3.4416 1.8329 42.7372 -5.7812 0.2235
Car -1 -1 -6.5003 808.6998 172.4411 898.1320 202.5338 1.5161 1.6439 4.1280 12.5075 1.4950 37.3808 -6.1802 0.2141
Cyclist -1 -1 -6.0605 293.7784 174.8703 341.2279 220.6459 1.7897 0.6274 1.6508 -11.6610 1.8709 28.6914 -6.4437 0.1797
Pedestrian -1 -1 -8.3973 521.1311 173.7271 539.9239 212.0530 1.8734 0.6749 0.6729 -3.9802 1.9170 35.7635 -8.5079 0.1498
Pedestrian -1 -1 -3.9805 0.0000 209.4855 26.9893 281.5158 1.1501 0.3591 0.4197 -10.0695 1.7680 11.9591 -4.6695 0.1407
Pedestrian -1 -1 -3.3704 797.3024 174.8406 811.1302 200.9516 1.9071 0.5454 0.8795 14.2418 2.0536 53.0309 -3.1099 0.1406
Pedestrian -1 -1 -7.8786 52.4314 174.5950 74.1044 222.4863 1.8330 0.6584 0.7219 -21.3682 1.9018 28.1393 -8.5236 0.1163
Pedestrian -1 -1 -5.1716 64.0241 177.5721 77.3204 209.7310 1.7512 0.4928 0.3250 -29.6887 2.0122 39.6699 -5.8110 0.1052
Cyclist -1 -1 -4.2412 0.0000 144.6836 74.8084 374.0000 1.8691 0.5578 1.9526 -5.8551 1.6456 6.7300 -4.9378 0.0967
Car -1 -1 -7.9201 715.7430 175.3454 740.4891 197.2061 1.6211 1.6210 4.0684 9.1175 1.8217 56.0866 -7.7602 0.0946
Cyclist -1 -1 -7.3085 150.5533 179.9369 180.7764 215.2055 1.7065 0.5044 1.6441 -22.2324 2.0683 36.0651 -7.8578 0.0885
Pedestrian -1 -1 -7.0102 725.2070 168.6375 747.8759 212.9295 1.8508 0.6261 0.7105 5.3225 1.6743 30.6037 -6.8402 0.0785
Pedestrian -1 -1 -7.7174 788.9037 177.7668 820.1071 251.4968 1.5992 0.5886 0.7096 4.3057 1.7119 16.1491 -7.4623 0.0747
Pedestrian -1 -1 -2.6799 204.1961 162.1239 216.6952 192.6825 1.8430 0.5328 0.4759 -24.2826 1.1955 43.7913 -3.1837 0.0688
Pedestrian -1 -1 -6.8143 809.0949 166.3705 829.6684 201.7169 1.8959 0.8681 0.7335 11.3366 1.5479 39.2143 -6.5353 0.0682
Pedestrian -1 -1 -3.8168 801.0908 172.8080 814.3112 199.5450 1.9121 0.6858 0.6282 14.2270 1.9085 52.0406 -3.5518 0.0678
Cyclist -1 -1 -2.1099 96.4981 174.2308 137.6752 218.3468 1.7844 0.6319 1.6916 -20.4503 1.8424 29.8684 -2.7063 0.0656
Cyclist -1 -1 -2.5451 534.5409 175.6735 566.5582 208.2551 1.7393 0.6071 1.6886 -3.2807 1.8953 39.3140 -2.6283 0.0628
Cyclist -1 -1 -7.9869 557.1210 175.3437 567.9389 206.3441 1.6842 0.3833 1.6485 -2.6869 1.8254 40.1808 -8.0538 0.0625
Pedestrian -1 -1 -7.5259 397.8537 167.8064 415.8800 206.8957 1.9864 0.7190 0.6504 -10.4553 1.7296 37.0108 -7.7997 0.0622
Pedestrian -1 -1 -6.5560 745.2997 177.1572 788.6436 250.7270 1.6404 0.6101 0.8292 3.5204 1.7403 16.4595 -6.3499 0.0611
Cyclist -1 -1 -4.8604 962.7657 170.6559 984.6583 213.6357 1.7306 0.5781 1.5482 15.0043 1.6418 29.8778 -4.3994 0.0599
Pedestrian -1 -1 -8.0146 1186.3143 167.7621 1241.0000 275.8103 1.5912 0.5754 0.5747 9.1659 1.5159 11.0184 -7.3343 0.0598
Pedestrian -1 -1 -6.5566 16.5959 164.5408 31.6791 212.4163 1.9644 0.5037 0.3641 -24.3220 1.6230 29.9005 -7.2352 0.0594
Pedestrian -1 -1 -5.7562 615.4605 175.4288 628.0621 197.1209 1.7443 0.5486 0.8645 0.9287 1.9547 58.5867 -5.7409 0.0586
Pedestrian -1 -1 -6.3091 342.8572 169.2238 356.1964 208.8913 1.9477 0.5825 0.6082 -12.9693 1.7692 35.8105 -6.6546 0.0567
Car -1 -1 -7.3797 724.5679 177.5601 818.7112 225.9709 1.5155 1.5958 3.8719 5.6123 1.6911 24.9760 -7.1618 0.0565
Car -1 -1 -4.6274 331.4369 180.1153 383.3430 221.7826 1.5049 1.6145 4.1312 -10.1277 1.8189 29.0273 -4.9606 0.0562
Car -1 -1 -4.8256 649.9048 176.8492 686.2342 205.2813 1.5935 1.6806 4.2853 3.3896 1.8446 43.2221 -4.7484 0.0561
Pedestrian -1 -1 -4.3540 56.7188 177.2643 88.4591 236.3158 1.7392 0.5929 0.5934 -16.1827 1.8736 21.6724 -4.9896 0.0553
Cyclist -1 -1 -7.5517 507.7441 174.6921 534.8466 223.4764 1.7578 0.5351 1.6625 -3.3418 1.8283 26.9288 -7.6746 0.0548
Pedestrian -1 -1 -3.6294 1199.1902 140.3686 1241.0000 255.6904 1.8999 0.5743 0.7183 10.5244 1.3644 12.2426 -2.9316 0.0531
Pedestrian -1 -1 -3.4256 874.5347 159.4755 898.4459 210.6571 1.9155 0.6798 0.6807 10.4362 1.4145 27.3689 -3.0653 0.0527
Cyclist -1 -1 -7.3670 645.0559 171.5760 687.7645 229.2627 1.8536 0.6052 1.9136 1.8603 1.8122 24.1554 -7.2919 0.8582
Cyclist -1 -1 -4.2377 0.0000 169.3640 98.4160 374.0000 1.7368 0.4984 1.7335 -5.6884 1.7073 6.9341 -4.9062 0.7797
Pedestrian -1 -1 -7.8190 948.6846 171.9541 977.4668 244.6213 1.6127 0.5717 0.7917 8.0245 1.5924 16.4962 -7.3740 0.7449
Cyclist -1 -1 -6.8704 835.4346 177.1715 911.4384 236.3703 1.5486 0.8428 1.7700 7.0918 1.6692 19.5895 -6.5285 0.5703
Pedestrian -1 -1 -4.1249 1048.7676 166.5336 1094.3018 257.2058 1.6655 0.5021 0.5544 8.6397 1.5491 13.5967 -3.5693 0.5287
Pedestrian -1 -1 -5.3259 278.4727 168.9312 315.7432 229.6794 1.8826 0.6515 0.9604 -9.9736 1.7608 22.8898 -5.7329 0.4967
Pedestrian -1 -1 -5.0700 276.9861 172.9943 298.8658 225.5952 1.7288 0.5163 0.5255 -10.7983 1.7333 24.0846 -5.4877 0.2903
Pedestrian -1 -1 -7.9829 48.9135 177.7892 73.5584 224.5764 1.7779 0.6731 0.7519 -21.3630 1.9728 28.0289 -8.6298 0.2892
Pedestrian -1 -1 -3.6383 1094.7041 151.9510 1162.3406 261.3586 1.8426 0.5988 0.7538 8.9059 1.4902 12.4909 -3.0306 0.2664
Pedestrian -1 -1 -3.2997 1040.6718 168.1167 1088.4337 253.7087 1.6412 0.4902 0.7219 8.8797 1.5500 14.1993 -2.7508 0.2305
Cyclist -1 -1 -3.3057 851.6866 174.4443 925.7694 240.4367 1.6035 0.6095 1.6440 6.8835 1.6439 18.0126 -2.9468 0.2146
Cyclist -1 -1 -4.3651 519.9880 180.0355 540.6812 213.4828 1.6045 0.5288 1.5397 -3.9799 1.9683 35.7705 -4.4757 0.1940
Cyclist -1 -1 -5.5506 1106.8240 146.8054 1241.0000 276.2935 1.8654 0.6850 1.9020 8.9033 1.4899 11.3928 -4.9002 0.1892
Cyclist -1 -1 -3.0411 719.7858 165.7655 776.6974 223.8058 1.8651 0.6562 1.7856 4.5057 1.6371 23.7528 -2.8566 0.1487
Cyclist -1 -1 -7.5726 728.8152 175.3210 746.7487 208.9276 1.7093 0.5089 1.5726 6.6336 1.8405 37.6368 -7.4001 0.1437
Pedestrian -1 -1 -3.7919 1019.9882 174.1645 1064.5950 249.7943 1.5506 0.5375 0.5965 8.9907 1.5783 15.1067 -3.2642 0.1419
Pedestrian -1 -1 -4.4072 1142.7648 150.6606 1206.9178 270.5813 1.8380 0.6358 0.6904 8.9588 1.4975 11.5179 -3.7590 0.1270
Cyclist -1 -1 -5.3716 1088.8655 150.6125 1197.3254 267.5442 1.8378 0.4574 1.7916 8.9256 1.4879 12.2448 -4.7537 0.1096
Cyclist -1 -1 -7.0415 964.8090 164.7372 1010.5172 209.9244 1.8195 0.6837 1.6464 15.4512 1.4924 29.6103 -6.5650 0.1093
Cyclist -1 -1 -3.3681 805.7050 170.8874 843.8338 206.3637 1.7864 0.6432 1.7582 10.8762 1.6871 36.7062 -3.0827 0.0924
Pedestrian -1 -1 -8.1471 964.8128 168.4491 983.6169 211.9173 1.7694 0.5963 0.4043 14.9041 1.5898 29.6199 -7.6853 0.0921
Pedestrian -1 -1 -8.0403 808.6774 174.1577 826.0181 206.5587 1.6344 0.6938 0.9043 10.5632 1.7017 36.9164 -7.7642 0.0914
Pedestrian -1 -1 -7.0432 850.2982 176.7982 888.1203 236.7646 1.5698 0.6515 0.7001 6.9104 1.6779 19.3871 -6.7063 0.0855
Pedestrian -1 -1 -8.1045 747.1875 161.9596 777.5195 230.9160 1.9337 0.6566 0.8453 4.3068 1.6279 20.6716 -7.9027 0.0849
Cyclist -1 -1 -3.8153 729.4301 172.0747 761.1619 207.5834 1.8208 0.6515 1.5644 7.0232 1.7805 37.6543 -3.6328 0.0843
Cyclist -1 -1 -6.2828 734.0836 171.7399 812.8133 250.4925 1.7410 0.6465 1.7168 3.6613 1.7160 16.4496 -6.0685 0.0834
Cyclist -1 -1 -6.2559 942.5154 167.6130 985.1566 212.0651 1.8038 0.6319 1.5727 14.6260 1.5908 29.9212 -5.8055 0.0789
Pedestrian -1 -1 -4.4305 0.0000 198.7877 19.5526 285.4774 1.3460 0.4645 0.5662 -10.0706 1.7813 11.7666 -5.1273 0.0775
Cyclist -1 -1 -5.1745 539.9505 178.2407 560.9164 208.7534 1.6212 0.5090 1.5331 -3.2985 1.9209 39.4016 -5.2580 0.0761
Cyclist -1 -1 -6.5601 0.0000 182.7594 101.3562 286.1413 1.6224 0.5133 1.6654 -9.7941 1.8023 12.3046 -7.2220 0.0759
Cyclist -1 -1 -7.7604 768.1753 166.4697 807.6541 251.3695 1.8197 0.7266 1.7081 4.0084 1.6826 16.3909 -7.5256 0.0737
Pedestrian -1 -1 -4.2404 0.0000 198.0866 36.9748 280.5395 1.3217 0.4237 0.4089 -9.9110 1.7481 11.9592 -4.9216 0.0728
Pedestrian -1 -1 -8.0169 786.6534 171.1997 818.8860 248.7850 1.7083 0.5686 0.8431 4.3012 1.6715 16.3321 -7.7647 0.0699
Cyclist -1 -1 -4.8399 724.9180 175.2862 738.7198 207.9770 1.6794 0.5297 1.4520 6.3546 1.8094 37.9112 -4.6757 0.0692
Pedestrian -1 -1 -6.1309 738.8875 170.5172 765.3933 226.2350 1.7868 0.6278 0.7655 4.5970 1.7115 23.5625 -5.9413 0.0690
Pedestrian -1 -1 -3.1263 1188.6012 161.3436 1239.7520 273.7505 1.6962 0.5995 0.6021 9.4083 1.5222 11.3107 -2.4457 0.0677
Cyclist -1 -1 -8.2878 1017.2913 171.7954 1075.2031 252.8040 1.6112 0.3519 1.6789 9.1050 1.5898 15.2033 -7.7574 0.0669
Pedestrian -1 -1 -5.7830 1124.4331 156.3450 1189.6138 260.7789 1.7489 0.5602 0.7241 9.4354 1.4721 12.5299 -5.1493 0.0647
Cyclist -1 -1 -8.1371 961.7224 169.2795 987.9162 212.5272 1.7328 0.5382 1.5655 14.9723 1.5893 29.7285 -7.6750 0.0630
Cyclist -1 -1 -3.5687 1103.5677 145.8868 1241.0000 271.2488 1.8744 0.7535 1.9144 8.9700 1.4709 11.3714 -2.9139 0.0613
Cyclist -1 -1 -7.6759 107.1763 179.6856 130.6122 221.1970 1.6539 0.5205 1.6130 -20.3590 1.9443 29.8673 -8.2703 0.0607
Cyclist -1 -1 -3.3597 719.1400 173.0763 749.7408 207.0842 1.7715 0.6019 1.4891 6.4968 1.7830 37.9287 -3.1919 0.0569
Cyclist -1 -1 -7.5894 115.2573 179.1627 140.4218 220.1816 1.6415 0.4532 1.6375 -20.0657 1.9108 29.9842 -8.1753 0.0569
Cyclist -1 -1 -8.2430 811.3734 171.7176 834.4006 207.3300 1.7723 0.5071 1.7146 10.8010 1.7154 36.7871 -7.9601 0.0567
Cyclist -1 -1 -4.6029 729.6764 176.3396 744.5770 212.5878 1.6726 0.5420 1.4881 5.9975 1.8415 34.2367 -4.4315 0.0561
Cyclist -1 -1 -8.5600 858.7855 173.9282 919.3211 242.2369 1.6282 0.5178 1.5548 6.9000 1.6559 18.0430 -8.2009 0.0520
Cyclist -1 -1 -7.7465 520.5776 179.4669 533.8865 215.2473 1.6496 0.4604 1.6255 -3.9774 1.9718 34.3803 -7.8614 0.0513
Car -1 -1 -2.6566 327.5221 181.8293 426.3696 214.1668 1.4385 1.5933 4.1538 -10.9544 1.8738 33.8765 -2.9675 0.8036
Car -1 -1 -6.5181 805.3165 174.9466 890.0057 204.8947 1.5069 1.6171 3.8953 12.2228 1.6179 37.3985 -6.2050 0.2162
Car -1 -1 -4.3573 154.1965 179.2395 237.2089 220.9151 1.5316 1.6072 4.0217 -16.7337 1.8091 29.2780 -4.8728 0.2000
Car -1 -1 -4.6143 493.4836 180.6940 533.8925 214.3498 1.5181 1.6002 3.7649 -4.7049 1.9226 35.3437 -4.7461 0.1760
Car -1 -1 -4.8206 713.6569 176.6645 739.7203 197.8498 1.5644 1.5815 3.8036 8.9800 1.8696 55.9171 -4.6626 0.1586
Car -1 -1 -7.7982 721.5175 179.8774 756.2503 211.5365 1.4371 1.4952 3.5622 6.3387 1.8009 35.5024 -7.6235 0.1509
Car -1 -1 -5.6211 129.6597 184.4706 221.5857 215.8448 1.4799 1.5637 3.7382 -21.5486 2.0719 35.7849 -6.1600 0.1489
Car -1 -1 -2.4133 427.6527 180.6019 538.7957 223.7549 1.5097 1.6660 4.1379 -4.9383 1.8260 27.6830 -2.5888 0.1234
Car -1 -1 -6.8499 0.0000 190.1629 89.3130 308.0028 1.4507 1.5580 3.8171 -10.8054 1.7760 11.5286 -7.5914 0.1140
Car -1 -1 -7.6575 529.7810 179.2666 578.6511 212.5828 1.5072 1.6737 3.8467 -2.7181 1.8396 35.4251 -7.7341 0.0940
Car -1 -1 -4.1466 0.0000 183.3949 82.5065 374.0000 1.5443 1.5910 4.0806 -5.9702 1.6562 5.5112 -4.9478 0.0936
Car -1 -1 -7.8676 853.8290 179.6970 914.5023 238.4732 1.4519 1.4468 2.5816 7.3623 1.6516 19.6216 -7.5142 0.0702
Car -1 -1 -7.7148 726.7202 176.7450 775.1434 214.5160 1.5437 1.6176 3.6602 6.2361 1.7262 31.8936 -7.5240 0.0691
Car -1 -1 -4.7058 367.2423 180.3901 400.5916 210.9038 1.4479 1.5652 3.8109 -11.7078 1.8587 37.3026 -5.0082 0.0644
Car -1 -1 -4.8781 531.4893 179.5094 569.9778 208.3638 1.5077 1.5717 3.6213 -3.4097 1.8994 40.5498 -4.9620 0.0558
Car -1 -1 -5.0681 429.1047 182.1661 493.3222 216.5368 1.4760 1.6658 4.0907 -7.1795 1.9469 34.3390 -5.2732 0.0504
