Cyclist -1 -1 -4.6613 313.0695 175.3246 329.4790 219.4185 1.8107 0.5451 2.0294 -12.3547 1.9195 30.7964 -5.0403 0.0798
Car -1 -1 -4.2734 250.0390 171.9785 291.9825 196.0587 2.0846 1.7419 4.2800 -30.3132 2.0086 64.6055 -4.7108 0.0575
Cyclist -1 -1 -4.5528 433.5960 178.3005 446.3677 203.9799 1.7181 0.5778 1.7881 -11.7051 2.0989 49.5742 -4.7839 0.0568
Car -1 -1 -4.6822 703.5978 179.3603 723.9000 199.6860 1.6412 1.6074 3.6833 8.8366 2.2127 61.4629 -4.5405 0.0537
Cyclist -1 -1 -4.6055 926.8358 187.5970 962.0483 274.6401 1.6621 0.5020 1.6814 6.8767 1.9841 14.9191 -4.1821 0.5891
Cyclist -1 -1 -4.7318 911.8771 177.1307 941.7468 272.0105 1.8054 0.5017 1.7320 6.3861 1.8976 14.7078 -4.3305 0.1371
Cyclist -1 -1 -4.7420 245.3946 181.0842 258.8270 215.9761 1.6527 0.5471 1.5064 -17.5769 2.0646 35.3449 -5.2007 0.1351
Cyclist -1 -1 -7.8244 721.6351 175.1526 746.1506 255.9268 1.6566 0.4886 1.6965 2.6613 1.7092 15.7272 -7.6609 0.1291
Cyclist -1 -1 -4.4546 896.1505 185.6779 948.8616 279.3802 1.6582 0.5042 1.8077 5.9772 1.9200 13.8772 -4.0567 0.1194
Cyclist -1 -1 -8.0638 831.5829 179.7890 876.3513 272.6806 1.6886 0.4487 1.7866 4.7074 1.8332 14.1643 -7.7502 0.1189
Cyclist -1 -1 -4.8834 844.3326 178.1949 887.3184 269.9419 1.6817 0.4738 1.8350 4.9812 1.7941 14.2790 -4.5551 0.1054
Cyclist -1 -1 -7.9460 865.1757 182.6886 902.4635 276.8518 1.7013 0.5024 1.7433 5.2863 1.9060 14.1328 -7.5959 0.0940
Cyclist -1 -1 -4.9077 815.6946 175.7407 857.7405 267.9035 1.6943 0.4355 1.7661 4.3886 1.7545 14.2207 -4.6152 0.0929
Cyclist -1 -1 -4.3365 305.0498 182.1412 324.2080 209.1536 1.6387 0.4936 1.7772 -18.5573 2.2327 45.2767 -4.7237 0.0886
Cyclist -1 -1 -7.7550 882.6375 180.9488 918.5743 276.3104 1.7213 0.4966 1.7732 5.6340 1.8890 14.0795 -7.3827 0.0789
Cyclist -1 -1 -2.1165 227.0612 176.9096 260.9012 215.3996 1.8269 0.7062 1.6728 -17.8730 2.0284 35.1464 -2.5841 0.0775
Cyclist -1 -1 -4.5010 916.1079 185.5552 956.6725 271.4101 1.7093 0.4667 1.6661 6.9364 1.9947 15.4173 -4.0864 0.0756
Cyclist -1 -1 -7.1608 0.0000 158.2658 128.7336 341.1818 1.8487 0.5476 1.7526 -6.4013 1.7010 8.1803 -7.8093 0.0745
Pedestrian -1 -1 -4.0085 885.7202 174.5548 940.0243 268.5917 1.8189 0.5969 0.8492 6.0028 1.8537 14.4338 -3.6226 0.0730
Pedestrian -1 -1 -3.1481 835.7803 171.4223 872.0087 260.0271 1.7673 0.5962 0.6895 4.9347 1.7384 14.7803 -2.8328 0.0629
Pedestrian -1 -1 -3.0624 852.7811 177.0936 895.6789 269.8586 1.7982 0.5942 0.7682 5.2430 1.8853 14.4535 -2.7220 0.0618
Cyclist -1 -1 -4.7021 303.1094 180.4117 311.7581 208.7528 1.7276 0.4822 1.7757 -19.0596 2.2122 45.3829 -5.0979 0.0606
Pedestrian -1 -1 -2.8167 797.9210 172.9805 840.0919 256.3105 1.7288 0.5120 0.7417 4.4055 1.7312 15.3907 -2.5439 0.0594
Pedestrian -1 -1 -3.2298 746.2551 168.5422 784.1042 249.4702 1.7758 0.5407 0.7792 3.4120 1.6809 16.1464 -3.0262 0.0593
Cyclist -1 -1 -4.7396 299.7443 180.0886 308.3340 207.7699 1.6970 0.4523 1.8014 -19.3851 2.1633 45.6242 -5.1396 0.0592
Pedestrian -1 -1 -3.0640 841.3635 173.5960 878.7819 271.5932 1.7905 0.5551 0.6294 4.6517 1.8045 13.5670 -2.7414 0.0551
Pedestrian -1 -1 -4.2824 802.4218 175.0466 842.4988 266.3867 1.7364 0.5409 0.6386 4.1164 1.7804 14.1550 -4.0060 0.0540
Pedestrian -1 -1 -7.4466 903.0161 188.1306 947.2444 276.1174 1.5870 0.5752 0.6018 5.8749 1.8829 13.5747 -7.0471 0.0518
Cyclist -1 -1 -4.6900 729.5088 189.6601 738.7137 215.8586 1.6041 0.5493 1.4538 7.8699 2.6914 45.9267 -4.5221 0.0516
Car -1 -1 -8.5339 898.6880 193.5035 1241.0000 374.0000 1.4635 1.6551 4.1571 3.0978 1.6280 3.6646 -7.8719 0.2157
Car -1 -1 -2.2573 0.0000 170.3845 104.1998 337.3520 1.6846 1.7556 4.4251 -8.6718 1.6593 8.3677 -3.0446 0.1172
Car -1 -1 -3.9004 713.6790 189.9119 771.0139 214.9094 1.4759 1.4909 3.5887 8.4911 2.6105 46.3993 -3.7212 0.0942
Car -1 -1 -5.3264 631.8197 176.8343 685.9208 200.6469 1.5604 1.6443 4.1756 3.3198 1.8493 50.2288 -5.2613 0.0826
Car -1 -1 -7.2645 294.1443 180.2649 354.6438 206.6554 1.6129 1.6946 4.1243 -18.7688 2.1233 47.5269 -7.6390 0.0688
