Pedestrian -1 -1 -7.9513 640.9675 167.2565 651.3211 195.7567 1.8875 0.6140 0.8049 2.3792 1.5165 48.2031 -7.9027 0.1746
Pedestrian -1 -1 -2.3609 227.7923 143.8166 341.3717 333.7235 1.8042 0.6372 0.8457 -3.3400 1.5280 7.3034 -2.7770 0.0893
Pedestrian -1 -1 -5.8309 573.3189 164.0726 584.2512 185.9247 1.8107 0.5495 0.7462 -2.6285 1.0828 60.1882 -5.8746 0.0852
Pedestrian -1 -1 -5.8160 59.7877 168.2341 81.1102 204.6544 1.8179 0.6020 0.6600 -27.2298 1.5870 36.3677 -6.4554 0.0833
Car -1 -1 -5.1132 792.3021 169.4737 835.1214 193.9664 1.6247 1.5852 3.5073 13.9528 1.4002 49.7049 -4.8414 0.0760
Car -1 -1 -5.0506 971.1039 168.7031 1023.8838 195.8685 1.5883 1.6184 3.9401 23.6567 1.3453 44.2565 -4.5627 0.0708
Cyclist -1 -1 -7.8456 555.9214 163.6208 579.1527 260.0978 1.7261 0.4153 1.7294 -0.8610 1.5606 13.7835 -7.9078 0.0688
Pedestrian -1 -1 -5.0404 873.1588 166.1746 896.3819 211.4598 1.9358 0.7427 0.7238 11.8386 1.6500 31.2168 -4.6816 0.0678
Car -1 -1 -4.6594 256.6003 169.2261 287.3043 193.9660 1.6228 1.6791 4.3419 -23.2469 1.3845 49.6564 -5.0954 0.0673
Pedestrian -1 -1 -3.4156 602.3786 168.7087 612.2522 194.8005 1.8353 0.5994 0.5574 -0.2226 1.5434 51.1179 -3.4203 0.0661
Car -1 -1 -4.9148 402.8562 173.8710 440.0301 198.6358 1.5268 1.5870 3.8400 -12.2800 1.5953 46.7273 -5.1707 0.0632
Car -1 -1 -4.7913 685.7214 166.5763 707.2205 184.1758 1.5678 1.6333 4.1498 7.9022 1.0083 66.3803 -4.6735 0.0582
Car -1 -1 -4.9251 1241.0000 169.1738 1241.0000 195.7890 1.4603 1.6306 4.0179 41.1565 1.2580 41.7220 -4.1503 0.0567
Car -1 -1 -7.4434 90.6527 164.2770 155.8583 197.3606 1.9980 1.8422 4.3566 -30.8817 1.4797 45.8822 -8.0333 0.0531
Car -1 -1 -4.3756 139.9289 172.1292 212.3406 208.0640 1.5381 1.6381 3.8558 -19.7436 1.5068 32.9359 -4.9123 0.0530
Car -1 -1 -9.5656 1241.0000 192.3758 1241.0000 374.0000 1.5376 1.5825 3.6499 6.3286 1.6520 2.2652 -8.3796 0.0527
Car -1 -1 -7.8453 870.2861 159.9380 895.0528 183.8366 1.7516 1.7075 4.2726 20.8333 0.8046 55.1827 -7.4862 0.0522
Car -1 -1 -4.5577 407.5196 174.1913 436.3705 193.6759 1.4495 1.5731 3.9661 -14.5850 1.5568 56.0104 -4.8115 0.0522
Car -1 -1 -4.5530 1117.6321 163.8081 1153.3011 185.7660 1.6297 1.6128 4.0204 40.4418 0.9580 55.5421 -3.9263 0.0513
Car -1 -1 -7.5204 440.1800 170.7416 475.7539 189.0941 1.5148 1.6764 4.2611 -12.9917 1.3402 61.7766 -7.7271 0.0503
Pedestrian -1 -1 -3.7791 758.1014 165.9747 775.1736 194.8298 1.8331 0.5297 0.9395 10.0111 1.3958 46.2741 -3.5677 0.3961
Pedestrian -1 -1 -8.2072 366.1629 165.2480 383.3232 198.7144 1.8070 0.6287 0.8773 -12.9184 1.3960 39.4989 -8.5216 0.3758
Cyclist -1 -1 -7.8752 597.3243 170.9680 604.8250 202.5182 1.6389 0.3615 1.5552 -0.5161 1.5406 38.2638 -7.8891 0.3382
Cyclist -1 -1 -3.1194 349.1223 158.7330 428.8149 235.6902 1.8240 0.7754 1.8329 -5.4569 1.4890 17.7219 -3.4144 0.3148
Pedestrian -1 -1 -3.5662 427.7687 163.3383 448.5251 198.3165 1.8429 0.5872 0.9179 -9.2146 1.3412 38.5287 -3.7997 0.2920
Cyclist -1 -1 -8.2234 587.9839 170.8664 605.8715 202.3340 1.6298 0.4050 1.5667 -0.7385 1.5266 38.1723 -8.2431 0.2872
Pedestrian -1 -1 -6.3115 376.9969 165.0830 386.8951 197.4177 1.7911 0.4802 0.5136 -12.7693 1.3603 40.2787 -6.6169 0.2165
Cyclist -1 -1 -5.4803 47.1085 171.7862 122.1360 233.3043 1.6348 0.6670 1.6932 -14.3508 1.6061 19.6527 -6.1047 0.1789
Cyclist -1 -1 -7.7946 379.1563 164.3424 388.6667 194.2247 1.7268 0.4394 1.6166 -13.3579 1.2346 42.5326 -8.0974 0.1596
Pedestrian -1 -1 -5.8760 152.8291 171.5996 169.8126 198.8688 1.8388 0.5298 0.8377 -30.4840 1.7539 48.9767 -6.4305 0.1128
Pedestrian -1 -1 -4.7548 501.1756 167.5029 521.3950 227.7641 1.7439 0.5546 0.8813 -2.9773 1.5888 21.3639 -4.8922 0.1071
Cyclist -1 -1 -4.9590 756.9329 167.7891 773.1777 195.2004 1.7215 0.6100 1.7210 9.8818 1.4031 46.1866 -4.7499 0.0932
Pedestrian -1 -1 -8.3901 450.1444 164.4613 466.6579 197.5290 1.8249 0.6183 0.7262 -8.5044 1.3614 40.2951 -8.5971 0.0916
Pedestrian -1 -1 -5.0616 474.8800 163.6534 491.8475 199.3932 1.8121 0.6379 0.7567 -6.5476 1.3453 37.0701 -5.2356 0.0902
Pedestrian -1 -1 -8.3191 390.4322 167.1402 428.0592 236.9527 1.6886 0.6652 0.6829 -5.0403 1.5501 17.9286 -8.5899 0.0878
Pedestrian -1 -1 -6.4288 135.9723 170.8727 144.1362 198.6931 1.7451 0.6516 0.3426 -29.7467 1.6205 45.6181 -7.0041 0.0810
Pedestrian -1 -1 -5.1960 144.4552 169.1202 158.5023 197.7830 1.8143 0.5529 0.5760 -29.3001 1.5776 46.0551 -5.7602 0.0789
Cyclist -1 -1 -4.3721 63.3009 167.4241 108.7862 233.0870 1.7423 0.5026 1.6165 -14.5403 1.5979 19.9912 -4.9948 0.0787
Pedestrian -1 -1 -2.5309 372.2015 164.1961 390.8180 195.6338 1.8107 0.5755 0.8572 -13.3227 1.3118 41.9616 -2.8368 0.0755
Cyclist -1 -1 -7.0565 969.3344 162.5036 996.2327 188.4745 1.8349 0.6002 1.8027 26.5925 1.1033 51.5311 -6.5826 0.0746
Cyclist -1 -1 -4.0294 1132.8250 168.4482 1173.9137 205.1666 1.7577 0.7101 1.6630 26.3782 1.5465 35.0869 -3.3891 0.0712
Cyclist -1 -1 -7.6331 598.4936 169.6816 613.7308 202.9483 1.7260 0.4790 1.5658 -0.2374 1.5611 38.2525 -7.6398 0.0698
Cyclist -1 -1 -4.8092 429.2624 165.8246 442.5616 198.9075 1.7307 0.5307 1.6908 -9.3663 1.3627 38.6330 -5.0458 0.0640
Pedestrian -1 -1 -3.7895 366.1567 160.2593 414.4816 236.1823 1.8286 0.6230 0.9713 -5.5107 1.5250 17.9545 -4.0837 0.0629
Pedestrian -1 -1 -4.5158 73.4117 181.9577 103.5084 233.3661 1.3592 0.5538 0.6021 -14.2115 1.6111 19.6031 -5.1368 0.0579
Cyclist -1 -1 -8.4368 578.0984 169.3026 603.5350 202.3235 1.7116 0.5263 1.6450 -1.0643 1.5272 38.2242 -8.4649 0.0577
Pedestrian -1 -1 -5.5269 21.0602 170.6002 38.1102 198.3956 1.7721 0.6162 0.5917 -37.3007 1.6281 46.3321 -6.2020 0.0575
Cyclist -1 -1 -4.4888 369.1467 165.8724 386.5273 197.3791 1.7154 0.5533 1.7174 -12.9502 1.3350 40.1639 -4.7990 0.0545
Cyclist -1 -1 -7.6879 86.8775 168.3355 117.0918 230.5663 1.6720 0.4288 1.5850 -14.2513 1.5503 20.1944 -8.2964 0.0532
Pedestrian -1 -1 -4.8502 379.5417 159.0592 413.8235 236.5780 1.8277 0.6781 0.9431 -5.2561 1.5022 17.5814 -5.1371 0.0530
Pedestrian -1 -1 -3.0083 379.5842 161.4795 393.2311 193.6041 1.8918 0.5865 0.7022 -13.3075 1.2217 42.8381 -3.3079 0.0526
Cyclist -1 -1 -8.0875 481.1047 166.9228 497.2045 199.7784 1.6533 0.4583 1.5990 -6.2658 1.3545 37.1329 -8.2538 0.0510
Car -1 -1 -3.1935 433.7176 170.1000 514.9008 203.0996 1.5299 1.6303 3.7536 -6.5831 1.4019 34.6858 -3.3801 0.8647
Car -1 -1 -8.3330 729.8053 167.0100 776.5833 192.9382 1.7770 1.7465 3.7201 10.1362 1.3762 51.4813 -8.1400 0.4685
Car -1 -1 -4.9227 922.8674 161.4485 963.9392 188.4271 1.8510 1.7986 4.3142 23.8420 1.0682 51.8057 -4.4937 0.4228
Car -1 -1 -8.2227 697.7969 167.1154 741.0658 192.8644 1.7284 1.6706 3.9613 7.5825 1.3429 50.5476 -8.0750 0.4106
Car -1 -1 -8.4175 770.4380 165.9526 825.2555 190.5569 1.6768 1.7254 4.3367 13.3092 1.2062 51.5023 -8.1662 0.3674
Car -1 -1 -5.3693 71.6170 173.5760 139.2976 196.9917 1.5190 1.6332 3.9658 -33.7760 1.5684 48.2680 -5.9774 0.3218
Car -1 -1 -7.9599 566.4744 172.2362 603.8254 201.6389 1.5209 1.6264 3.8527 -1.4395 1.4886 39.3440 -7.9967 0.2618
Car -1 -1 -2.4609 0.0000 168.8369 34.2503 244.2695 1.5098 1.6323 4.0370 -15.0892 1.4291 15.4264 -3.2266 0.1489
Car -1 -1 -4.0310 955.0792 164.5225 1013.2566 187.9361 1.6629 1.5884 4.0501 27.3479 1.0709 52.7881 -3.5555 0.1393
Car -1 -1 -8.3766 1089.3881 172.2707 1170.7745 204.6118 1.5539 1.6074 3.8949 26.2870 1.5255 36.6822 -7.7589 0.0999
Car -1 -1 -7.8262 260.8893 168.9669 313.2018 214.8726 1.5895 1.6716 3.9909 -12.1182 1.4546 27.1475 -8.2427 0.0887
Car -1 -1 -8.0835 812.7247 164.6864 843.4954 182.8956 1.4940 1.6087 4.0574 18.4527 0.8236 61.2723 -7.7925 0.0876
Car -1 -1 -7.8765 976.6503 160.9635 1002.5944 186.1819 1.9253 1.7174 3.9914 30.0581 1.0172 57.2564 -7.3954 0.0800
Car -1 -1 -7.1907 0.0000 175.0337 130.5128 241.0307 1.4737 1.6590 4.0426 -14.3688 1.5347 18.2695 -7.8502 0.0776
Car -1 -1 -7.4469 362.0479 162.5979 417.7634 194.2366 1.8356 1.7248 4.2041 -13.3946 1.2403 44.0480 -7.7407 0.0548
Car -1 -1 -2.2945 0.0000 162.7751 9.7185 255.9953 1.5493 1.6096 4.0645 -13.4388 1.3815 12.9003 -3.0900 0.0510
