Cyclist -1 -1 -6.4386 259.7597 179.7703 354.5082 268.7547 1.7083 0.4732 1.7166 -6.1667 1.8542 14.6029 -6.8322 0.2781
Pedestrian -1 -1 -3.3493 1094.0098 159.5193 1136.3459 245.8902 1.7660 0.5091 0.6299 10.5145 1.4930 15.1081 -2.7509 0.1770
Pedestrian -1 -1 -1.9279 61.6356 194.7942 116.9372 294.3361 1.5200 0.5461 0.6051 -8.4158 1.8841 11.5881 -2.5453 0.1595
Pedestrian -1 -1 -6.6813 619.8882 168.6675 630.8073 188.7843 1.8607 0.4857 0.8974 1.4063 1.4732 67.1310 -6.6608 0.1574
Pedestrian -1 -1 -3.4128 688.8784 167.6762 728.2408 234.5519 1.8604 0.5373 0.9939 2.7326 1.7161 20.4082 -3.2825 0.1422
Cyclist -1 -1 -7.5014 288.5083 176.4207 310.7033 211.4408 1.6735 0.4042 1.8077 -15.3317 1.8535 35.5784 -7.9059 0.0986
Pedestrian -1 -1 -3.6551 1214.6532 155.0444 1241.0000 247.1400 1.7612 0.5756 0.6236 12.3345 1.4203 14.1409 -2.9485 0.0826
Pedestrian -1 -1 -4.7598 330.2280 188.3100 356.5644 257.4702 1.4971 0.5277 0.5521 -6.0172 1.8501 16.1358 -5.1119 0.0791
Pedestrian -1 -1 -6.0113 97.1617 167.7371 125.4268 236.2160 1.9185 0.6126 0.5163 -14.2722 1.7749 20.5881 -6.6116 0.0755
Pedestrian -1 -1 -6.3901 776.4965 168.4346 816.0443 249.3641 1.7662 0.5651 0.7931 4.0900 1.6695 16.0812 -6.1463 0.0753
Cyclist -1 -1 -7.6211 726.0186 168.4683 738.9108 194.9835 1.6564 0.4469 1.6371 7.7652 1.3822 45.9167 -7.4550 0.0722
Pedestrian -1 -1 -3.9517 189.5531 177.6417 216.2446 228.9736 1.8841 0.6129 0.6146 -15.2337 2.0649 26.9262 -4.4626 0.0713
Cyclist -1 -1 -8.9499 982.8533 171.9741 1042.3091 228.9011 1.6156 0.4380 1.4880 11.7681 1.5903 21.2162 -8.4499 0.0711
Car -1 -1 -4.2137 883.9372 176.5680 973.2554 219.9576 1.4706 1.5236 3.4819 11.6448 1.6148 26.4111 -3.8030 0.0623
Pedestrian -1 -1 -4.9364 1165.9457 141.0988 1223.1091 254.8128 1.9005 0.6007 0.7945 10.0901 1.3694 12.5462 -4.2708 0.0622
Pedestrian -1 -1 -8.3027 688.2673 161.9589 717.9219 223.7161 1.9672 0.6516 0.8479 2.9767 1.6198 23.4890 -8.1790 0.0614
Pedestrian -1 -1 -7.0651 1188.4187 156.2815 1241.0000 242.0978 1.7643 0.5416 0.7339 12.6622 1.4233 15.1386 -6.3784 0.0586
Pedestrian -1 -1 -5.9388 723.8804 168.2303 731.0515 195.4859 1.7777 0.4631 0.3281 7.6746 1.4758 47.3422 -5.7794 0.0512
Car -1 -1 -4.6314 498.8731 175.5038 526.5416 196.8647 1.4432 1.6249 4.1148 -6.9169 1.6392 51.3667 -4.7649 0.0504
Pedestrian -1 -1 -4.7721 984.8837 168.1764 1006.4971 220.4888 1.7453 0.6057 0.6298 13.0348 1.5890 24.4849 -4.2884 0.0501
Pedestrian -1 -1 -2.2715 306.2690 178.7758 324.6157 221.3607 1.7558 0.5935 0.3993 -12.3721 2.0063 30.2043 -2.6576 0.2076
Cyclist -1 -1 -8.3472 720.5895 173.6227 740.5531 203.8844 1.6225 0.3702 1.5809 6.5586 1.6651 39.5334 -8.1845 0.1516
Cyclist -1 -1 -2.8648 294.3092 175.5176 340.0446 219.5048 1.8164 0.6515 1.6626 -12.3104 1.9294 30.2583 -3.2485 0.1481
Pedestrian -1 -1 -7.7969 704.0300 171.6277 716.0149 203.4123 1.7827 0.6404 0.5938 5.6234 1.7136 40.8210 -7.6615 0.1392
Pedestrian -1 -1 -5.0614 710.2031 167.0207 727.5146 202.9133 1.8495 0.6368 0.8571 5.6388 1.5486 37.6627 -4.9144 0.1379
Cyclist -1 -1 -7.4595 248.6600 181.0922 271.6057 218.6484 1.6111 0.3283 1.5969 -15.6011 1.9867 32.1131 -7.9088 0.1148
Pedestrian -1 -1 -6.8508 759.5214 172.7582 775.0966 199.4320 1.5644 0.5683 0.7054 9.2730 1.5584 42.7056 -6.6389 0.1142
Pedestrian -1 -1 -4.6875 690.8712 167.3065 704.1641 201.5094 1.9229 0.7339 0.6909 4.9335 1.6107 40.9586 -4.5689 0.1110
Pedestrian -1 -1 -5.6962 496.0668 177.6884 517.5002 214.2765 1.6384 0.6288 0.7429 -4.7425 1.8613 32.8713 -5.8389 0.0889
Pedestrian -1 -1 -3.8486 242.6366 168.4641 292.4207 248.0826 1.8892 0.6134 0.9243 -8.4274 1.7848 17.6685 -4.2882 0.0873
Cyclist -1 -1 -4.4573 722.5796 171.1660 735.6371 196.8637 1.6089 0.4472 1.5524 7.5609 1.5029 45.9754 -4.2957 0.0863
Cyclist -1 -1 -7.8198 642.1370 173.1771 648.7346 193.7723 1.6028 0.4712 1.5104 2.7728 1.6283 56.9491 -7.7717 0.0793
Pedestrian -1 -1 -5.9043 300.1517 175.0146 318.0879 220.9909 1.8917 0.6281 0.4913 -12.5643 1.9823 30.0348 -6.2977 0.0789
Pedestrian -1 -1 -7.7065 734.5402 171.5965 748.2608 201.0617 1.6766 0.6650 0.8289 7.5334 1.6047 41.5541 -7.5288 0.0769
Pedestrian -1 -1 -8.4635 887.5847 166.1584 906.0674 200.3948 1.6962 0.7372 0.4433 14.2883 1.3642 36.0487 -8.0893 0.0759
Pedestrian -1 -1 -5.3410 474.3380 178.3453 493.9198 217.5595 1.6476 0.6858 0.4589 -5.4215 1.8851 30.8362 -5.5141 0.0704
Pedestrian -1 -1 -6.2105 653.1396 170.4598 667.5875 202.6077 1.8233 0.5583 0.7868 2.8449 1.6872 41.2550 -6.1426 0.0698
Cyclist -1 -1 -4.4011 305.0251 178.9538 329.2620 221.2365 1.7251 0.5141 1.4887 -12.3772 1.9884 30.4190 -4.7848 0.0671
Pedestrian -1 -1 -5.9508 724.5239 174.4155 741.7718 204.5583 1.6098 0.6154 0.7617 6.6249 1.6950 39.0344 -5.7844 0.0654
Cyclist -1 -1 -2.8795 14.8773 190.4345 69.3228 236.2011 1.7475 0.7405 1.5622 -22.6027 2.4620 28.6918 -3.5424 0.0646
Cyclist -1 -1 -8.1318 636.5489 173.1963 647.4255 194.1263 1.6288 0.4451 1.5593 2.4937 1.6559 56.9874 -8.0887 0.0642
Cyclist -1 -1 -8.0500 730.0463 174.2896 741.6935 204.1158 1.6012 0.3363 1.5116 6.8585 1.6811 39.5686 -7.8801 0.0629
Cyclist -1 -1 -4.1704 345.4424 178.6198 380.7432 224.1062 1.6668 0.5738 1.5078 -9.4186 1.8921 27.4395 -4.4985 0.0622
Pedestrian -1 -1 -5.9171 642.3492 171.3223 654.8373 194.8885 1.7224 0.5126 0.7872 2.8126 1.6101 53.1287 -5.8649 0.0606
Pedestrian -1 -1 -3.0818 727.5665 166.9067 742.3156 206.3230 1.9129 0.5678 0.6815 6.0863 1.6240 35.3712 -2.9133 0.0593
Cyclist -1 -1 -8.0315 643.5681 172.9476 652.6987 194.3879 1.5716 0.4245 1.4581 2.8014 1.5784 53.6465 -7.9800 0.0591
Pedestrian -1 -1 -5.8548 659.6824 167.8435 679.3127 201.4926 1.8976 0.6987 0.9101 3.3628 1.6147 41.2164 -5.7745 0.0550
Cyclist -1 -1 -7.6360 745.1542 171.3750 759.4030 201.0894 1.6761 0.4579 1.6771 8.1652 1.5924 41.5610 -7.4437 0.0533
Pedestrian -1 -1 -7.6638 680.1854 166.7309 694.8990 201.7506 1.9704 0.7342 0.5879 4.3692 1.6256 40.9852 -7.5588 0.0530
Cyclist -1 -1 -7.9526 730.8994 170.3457 741.4543 201.2520 1.7541 0.4359 1.6569 7.2657 1.6115 41.7936 -7.7822 0.0522
Car -1 -1 -2.8061 289.1676 174.2758 447.7926 245.9124 1.7832 1.7465 3.5625 -6.2851 1.8219 18.9016 -3.1235 0.9421
Car -1 -1 -2.8881 423.6363 175.7772 521.9095 214.1227 1.7301 1.7240 4.2125 -6.4033 1.8704 33.7074 -3.0749 0.8943
Car -1 -1 -8.1596 795.2068 158.1936 863.2954 202.4510 2.1286 1.9988 4.6982 11.1145 1.4232 37.0691 -7.8709 0.8755
Car -1 -1 -2.7944 353.1204 181.6662 481.7204 231.6142 1.5440 1.5861 3.7477 -6.2903 1.8435 23.5973 -3.0527 0.7850
Car -1 -1 -2.8779 390.2252 182.4876 504.8553 221.4026 1.4715 1.6134 4.1600 -6.4333 1.8654 28.6259 -3.0976 0.7676
Car -1 -1 -8.1912 845.5861 169.0934 904.6221 198.5108 1.4695 1.6320 4.1274 13.8800 1.2813 38.1139 -7.8448 0.6556
Car -1 -1 -6.1845 463.1195 179.1446 536.8944 206.5763 1.4532 1.6271 3.8569 -6.0213 1.8058 39.5556 -6.3350 0.5270
Car -1 -1 -3.0061 408.3999 179.5404 498.1376 216.9890 1.5526 1.6030 3.6059 -6.7589 1.8499 31.1857 -3.2183 0.4742
Car -1 -1 -7.8574 514.9565 176.4089 542.3945 203.8760 1.5466 1.5569 3.5494 -4.8848 1.7671 42.9610 -7.9704 0.3167
Car -1 -1 -2.6586 0.0000 193.6155 74.1541 235.0415 1.4960 1.7102 4.4670 -24.3223 2.3590 28.6872 -3.3574 0.2884
Car -1 -1 -4.8810 767.6332 170.0859 807.3713 198.1460 1.5406 1.5845 3.8457 10.1397 1.3883 41.5878 -4.6439 0.2847
Car -1 -1 -7.9291 643.2774 171.5441 668.1802 193.0535 1.5764 1.5816 4.0645 3.4174 1.4801 54.9230 -7.8676 0.2236
Car -1 -1 -8.1369 545.6738 173.7444 577.3999 192.9584 1.5113 1.5810 3.8172 -4.0231 1.5864 59.0103 -8.2050 0.1917
Car -1 -1 -4.8360 750.2526 167.1179 775.2202 186.1148 1.5447 1.5859 3.8005 12.7749 1.0780 60.6283 -4.6296 0.1866
Car -1 -1 -4.3861 132.5741 180.1731 176.6098 204.1366 1.6411 1.5526 3.8862 -33.2591 2.1968 52.7476 -4.9466 0.1024
Car -1 -1 -4.9918 526.3199 173.5778 560.3285 193.4095 1.4928 1.5940 4.0662 -5.3009 1.5516 56.6569 -5.0850 0.0734
Car -1 -1 -4.2321 106.7392 184.9998 196.7484 225.2646 1.5589 1.6447 3.9201 -19.7159 2.1174 31.1736 -4.7924 0.0642
Car -1 -1 -6.3198 650.6652 170.1259 725.5836 201.3070 1.7647 1.7378 4.2335 4.4517 1.6100 41.8477 -6.2150 0.0619
Car -1 -1 -4.3833 45.5504 190.6211 134.4296 232.6171 1.4914 1.6849 4.2240 -21.3845 2.2808 29.8045 -5.0017 0.0611
