Cyclist -1 -1 -7.4428 0.0000 175.1842 117.3707 374.0000 1.8142 0.5738 1.8228 -5.3117 1.8384 6.6557 -8.0973 0.2251
Pedestrian -1 -1 -4.8908 710.1707 165.2717 729.3758 211.5352 1.9400 0.6705 0.8135 4.6179 1.6217 30.6733 -4.7433 0.2081
Pedestrian -1 -1 -5.3745 1117.7218 109.9418 1241.0000 374.0000 1.9474 0.6592 1.0317 4.7414 1.4834 5.8349 -4.7172 0.1278
Pedestrian -1 -1 -3.6010 743.1788 151.5866 838.0261 316.3188 1.8483 0.5339 0.9387 2.0513 1.6094 8.4629 -3.3725 0.1208
Cyclist -1 -1 -8.3342 905.1249 161.7625 1007.5958 295.9471 1.6739 0.5062 1.7001 4.6193 1.5352 9.8634 -7.9085 0.0932
Pedestrian -1 -1 -2.6479 0.0000 166.8988 113.6314 374.0000 1.8602 0.6275 0.8767 -5.3111 1.8077 6.7000 -3.2992 0.0929
Pedestrian -1 -1 -4.6658 788.3577 168.3976 817.8159 248.1513 1.7588 0.6158 0.8150 4.3405 1.6602 16.3920 -4.4122 0.0914
Pedestrian -1 -1 -8.1906 467.3003 179.2725 486.2818 223.1475 1.7142 0.5869 0.5697 -5.3443 1.9727 28.6986 -8.3736 0.0867
Pedestrian -1 -1 -4.1720 949.7619 163.0757 1030.3147 303.7151 1.6844 0.5619 0.8265 4.7356 1.5670 9.1002 -3.7062 0.0837
Pedestrian -1 -1 -5.5755 61.2349 177.9145 170.8453 360.2195 1.8647 0.6310 0.7403 -5.3476 1.9213 7.7573 -6.1635 0.0787
Pedestrian -1 -1 -8.3911 662.8303 166.9503 691.3826 226.5433 1.8793 0.6411 0.7084 2.1073 1.6929 23.2126 -8.3025 0.0706
Pedestrian -1 -1 -3.5506 748.7101 159.8439 794.6970 244.9418 1.9413 0.5611 0.8955 3.7122 1.6442 16.8226 -3.3380 0.0705
Pedestrian -1 -1 -4.0967 849.3877 166.7714 903.5420 268.8235 1.7246 0.6080 0.6859 4.6113 1.6215 12.6392 -3.7553 0.0604
Cyclist -1 -1 -7.8295 657.3628 172.4929 676.3879 228.1654 1.7260 0.5756 1.7648 1.7980 1.7145 23.2760 -7.7541 0.0599
Cyclist -1 -1 -8.0467 725.7716 169.0630 747.2537 216.3752 1.7283 0.4652 1.7426 4.7169 1.5896 27.2348 -7.8776 0.0583
Cyclist -1 -1 -8.3114 824.5927 165.0548 896.0937 270.0034 1.7603 0.4932 1.7052 4.4094 1.6292 12.9808 -7.9918 0.0576
Pedestrian -1 -1 -3.9254 697.3705 169.0695 717.5043 210.0559 1.8751 0.6255 0.6833 4.4770 1.7017 33.4663 -3.7942 0.0560
Pedestrian -1 -1 -2.8459 381.9124 184.8582 419.7091 255.7701 1.7626 0.5572 0.7936 -5.3537 2.0717 18.3149 -3.1272 0.0544
Pedestrian -1 -1 -6.8738 921.4532 163.4377 999.2831 294.7588 1.6958 0.5471 0.7594 4.6169 1.5739 9.6471 -6.4402 0.0524
Pedestrian -1 -1 -6.8655 1001.4600 162.8448 1111.9951 325.8724 1.6837 0.5326 0.8573 4.7162 1.5800 7.7404 -6.3359 0.0502
Car -1 -1 -4.6164 501.0345 184.7989 556.2875 229.3574 1.4533 1.6374 4.2278 -2.9854 1.9318 26.7983 -4.7270 0.9385
Car -1 -1 -7.3498 628.2742 173.9005 679.7874 199.3664 1.5361 1.5803 3.8921 2.8018 1.6052 45.7600 -7.2894 0.1404
Car -1 -1 -6.2157 536.2233 175.8888 583.0264 191.7170 1.4524 1.5695 4.2599 -4.6943 1.7385 67.3022 -6.2854 0.1332
Car -1 -1 -4.7100 640.0938 178.2575 671.7312 208.7030 1.4911 1.5797 3.9323 2.3815 1.7909 38.0649 -4.6485 0.1077
Car -1 -1 -7.8920 631.4766 172.7129 652.2260 191.3458 1.5455 1.6151 4.1111 2.6789 1.5335 61.9078 -7.8493 0.0717
Car -1 -1 -4.5110 534.3573 176.0962 571.0449 201.4597 1.5601 1.6001 4.0904 -3.7209 1.7808 47.0533 -4.5899 0.0676
Car -1 -1 -4.7835 616.9370 172.8306 637.3066 189.4844 1.4739 1.5725 4.0034 1.5141 1.4715 65.8955 -4.7609 0.0625
