Car -1 -1 -7.8355 572.6428 172.9270 664.2372 260.5750 1.6595 1.7378 4.4835 0.1669 1.6610 15.9297 -7.8263 0.9576
Cyclist -1 -1 -8.3289 817.4438 157.8299 886.2027 244.4932 1.8840 0.6499 2.0028 5.5095 1.5571 16.7269 -8.0167 0.9006
Pedestrian -1 -1 -3.9075 421.4294 170.5074 443.2231 208.2326 1.9242 0.6131 0.9308 -9.2355 1.8042 37.3600 -4.1486 0.2912
Car -1 -1 -7.8995 593.6469 172.5831 615.9028 192.2412 1.6022 1.6819 4.2282 -0.4983 1.5798 60.9640 -7.9080 0.2729
Pedestrian -1 -1 -3.6264 638.1940 169.9714 648.7499 190.9357 1.8112 0.5235 0.7603 2.8859 1.5619 62.7365 -3.5810 0.1900
Pedestrian -1 -1 -8.2046 411.6694 186.3092 427.0123 215.7738 1.3881 0.5757 0.5031 -9.2113 2.0419 34.7027 -8.4626 0.1826
Pedestrian -1 -1 -6.3314 658.4064 172.2431 673.4197 204.7120 1.7856 0.6023 0.8000 3.0581 1.7517 39.9921 -6.2561 0.1785
Pedestrian -1 -1 -3.8457 1004.8895 162.9865 1043.5129 231.9763 1.7206 0.5826 0.6215 10.4714 1.4742 18.3405 -3.3343 0.1167
Pedestrian -1 -1 -4.4907 331.0829 167.5790 349.3201 209.7165 1.9932 0.6763 0.7161 -12.9477 1.7434 34.5305 -4.8472 0.1043
Pedestrian -1 -1 -5.1197 1022.5652 160.3394 1060.5990 228.7961 1.7394 0.6037 0.7282 11.1428 1.4211 18.7314 -4.5904 0.0915
Car -1 -1 -2.4738 0.0000 152.7001 227.0208 302.1729 1.6983 1.6554 4.3669 -7.4829 1.4690 9.0455 -3.1506 0.0776
Car -1 -1 -4.7102 516.4882 176.7984 534.2932 194.1170 1.5858 1.6476 4.4976 -8.1600 1.9779 69.4571 -4.8271 0.0684
Car -1 -1 -5.0160 820.3680 177.9791 894.2958 218.1868 1.4337 1.6424 3.7808 9.4962 1.6467 28.1192 -4.6940 0.0651
Cyclist -1 -1 -8.2710 776.5921 172.5948 792.3615 198.7067 1.6801 0.3662 1.6411 11.3875 1.6631 47.2649 -8.0364 0.0646
Pedestrian -1 -1 -6.4355 420.0601 174.6571 431.2284 200.7093 1.8557 0.6166 0.6924 -13.2854 1.9861 51.8731 -6.6853 0.0633
Pedestrian -1 -1 -7.7648 1181.2675 160.5106 1211.8872 230.6218 1.7149 0.5527 0.5430 14.6113 1.4127 18.0358 -7.0922 0.0613
Cyclist -1 -1 -7.3655 28.4010 93.0621 264.3656 374.0000 2.0207 0.5820 1.6633 -3.0384 1.5773 4.8515 -7.9015 0.0612
Car -1 -1 -2.7162 371.3012 175.5142 521.8420 229.5993 1.6106 1.7347 4.3312 -5.1928 1.6995 22.9021 -2.9372 0.0609
Car -1 -1 -4.8422 557.4980 176.7471 588.0845 202.7135 1.5633 1.4840 3.5887 -2.4361 1.8210 45.9091 -4.8954 0.0607
Pedestrian -1 -1 -8.5214 1001.2538 157.3183 1041.8275 225.3045 1.8111 0.6060 0.7780 11.1499 1.3970 19.6533 -8.0122 0.0579
Pedestrian -1 -1 -5.0643 1088.1935 159.4330 1122.8625 228.4016 1.6912 0.5477 0.5697 12.3267 1.3618 18.0353 -4.4727 0.0544
Pedestrian -1 -1 -4.5066 770.8403 170.1585 784.3146 200.2705 1.8701 0.6756 0.8074 10.4932 1.7024 45.3198 -4.2810 0.0508
Pedestrian -1 -1 -5.0377 739.5926 161.5370 756.4547 201.5656 1.9069 0.6223 0.6444 6.6004 1.3675 34.7354 -4.8519 0.0506
Car -1 -1 -4.9982 577.0750 178.1579 642.1022 216.7932 1.4998 1.6614 4.1414 -0.1396 1.7425 30.8413 -5.0033 0.0504
Cyclist -1 -1 -7.8286 539.6096 174.3732 549.5823 215.7121 1.6637 0.3743 1.5731 -2.7481 1.7280 29.8938 -7.9201 0.2737
Cyclist -1 -1 -8.0315 531.0101 172.1220 546.9384 214.6326 1.7121 0.3864 1.5448 -2.9904 1.6823 29.8554 -8.1310 0.1650
Pedestrian -1 -1 -7.2005 533.1474 176.5705 552.3090 217.0662 1.6241 0.5900 0.5075 -2.7825 1.7771 29.3778 -7.2947 0.1045
Pedestrian -1 -1 -8.2031 485.2949 179.4670 502.5662 211.9356 1.6096 0.7477 0.4540 -5.8803 1.9455 36.3044 -8.3630 0.0887
Cyclist -1 -1 -7.4304 537.0032 171.5973 565.6860 215.1451 1.7521 0.5687 1.6247 -2.4604 1.7012 29.8903 -7.5124 0.0872
Pedestrian -1 -1 -6.6043 187.1827 147.3146 297.7364 374.0000 1.7759 0.6280 0.6270 -3.0037 1.5867 5.7813 -7.0658 0.0813
Cyclist -1 -1 -8.3284 797.6099 173.3351 815.7596 200.6902 1.6990 0.3986 1.6407 12.4103 1.7297 45.6878 -8.0652 0.0795
Pedestrian -1 -1 -5.8929 410.3423 181.7897 428.5220 214.6209 1.5443 0.6723 0.6328 -9.1540 1.9761 34.5175 -6.1507 0.0776
Pedestrian -1 -1 -5.0399 129.9486 138.6415 263.5110 374.0000 1.8025 0.6437 0.7027 -3.0170 1.5798 5.1649 -5.5474 0.0646
Pedestrian -1 -1 -8.6238 804.4011 173.9297 819.5646 201.7043 1.7243 0.6831 0.6113 12.6341 1.7921 45.2596 -8.3537 0.0530
Pedestrian -1 -1 -5.9400 329.2002 160.7471 407.3590 307.4979 1.7216 0.4725 0.7808 -2.9624 1.5792 8.7099 -6.2596 0.0511
Car -1 -1 -7.9608 591.6523 178.7779 627.5266 207.5501 1.4208 1.5257 3.4814 -0.1015 1.7489 38.1905 -7.9640 0.4981
Car -1 -1 -4.2940 479.9314 178.9128 538.8881 208.2979 1.4283 1.5497 4.1114 -5.2875 1.7669 38.1648 -4.4312 0.3522
Car -1 -1 -7.5107 174.1123 176.5747 347.4180 282.3718 1.5664 1.5907 3.5238 -5.9518 1.6407 12.6374 -7.9433 0.2010
Car -1 -1 -4.7414 400.2005 181.9901 433.7556 212.3377 1.3903 1.5177 3.7212 -9.7763 1.8744 36.2591 -5.0034 0.1439
Car -1 -1 -7.1628 0.0000 124.0136 275.7895 374.0000 1.7756 1.5928 3.7129 -3.7762 1.6030 4.4112 -7.8416 0.1414
Car -1 -1 -7.0684 794.5573 175.1104 860.9289 199.7319 1.5212 1.6784 4.1332 14.0444 1.6720 46.6139 -6.7779 0.1384
Car -1 -1 -7.8995 521.3338 176.8323 563.6620 215.5227 1.5377 1.6248 4.2508 -3.0345 1.7225 31.3526 -7.9957 0.1165
Car -1 -1 -6.7832 752.7420 175.7870 817.6125 199.4909 1.5018 1.6616 3.8054 11.4450 1.6992 47.3341 -6.5478 0.1053
Car -1 -1 -4.1946 452.4496 178.8824 529.5293 215.2274 1.4742 1.6050 4.0207 -5.2595 1.7606 32.1489 -4.3559 0.0685
Car -1 -1 -4.2114 429.5114 179.0620 506.5087 214.3829 1.4979 1.6515 4.3239 -6.5810 1.8076 33.7213 -4.4031 0.0625
Car -1 -1 -4.8829 581.0598 177.1463 637.6828 216.8292 1.5169 1.6828 4.0838 -0.1431 1.7091 30.2051 -4.8882 0.0536
