Pedestrian -1 -1 -4.4844 82.2769 170.9309 96.3160 201.6811 1.8466 0.5359 0.7422 -31.6225 1.7309 43.7761 -5.1073 0.1173
Cyclist -1 -1 -8.2458 1111.6377 172.2363 1166.5725 249.1401 1.6169 0.3698 1.6313 11.6536 1.6036 16.0068 -7.6258 0.1076
Pedestrian -1 -1 -4.2859 967.3003 164.5634 997.3038 220.6045 1.8740 0.6087 0.8703 12.6660 1.5964 24.6372 -3.8164 0.0919
Pedestrian -1 -1 -3.0425 192.8659 171.3025 209.1438 217.7323 1.9645 0.6811 0.5416 -17.5820 1.8985 30.9496 -3.5557 0.0822
Pedestrian -1 -1 -7.0103 105.9612 171.7895 126.0424 204.7075 1.8336 0.6035 0.7117 -27.8376 1.7740 40.6107 -7.6083 0.0730
Car -1 -1 -5.7237 237.6140 172.6715 291.3175 191.4386 1.7121 1.6190 4.2850 -32.0250 1.6951 66.8729 -6.1690 0.0720
Pedestrian -1 -1 -3.3414 316.5198 170.2540 334.9934 210.6246 1.9192 0.6181 0.7201 -13.7337 1.7953 34.7562 -3.7154 0.0709
Pedestrian -1 -1 -7.7367 175.9031 174.2042 186.6174 203.0836 1.7933 0.5385 0.3475 -26.8295 1.8779 45.0972 -8.2710 0.0576
Pedestrian -1 -1 -6.1331 928.5646 177.7688 947.5345 206.5963 1.5208 0.5048 0.8610 17.5388 1.7869 38.6617 -5.7106 0.0561
Pedestrian -1 -1 -5.2952 591.8564 172.7913 602.0637 194.0289 1.7565 0.6457 0.5645 -1.1118 1.7510 60.0913 -5.3140 0.0556
Car -1 -1 -5.2187 808.4455 173.7828 868.9538 199.8106 1.5812 1.7076 4.5347 14.5868 1.6437 46.3983 -4.9163 0.0536
Car -1 -1 -4.7467 690.5645 175.5706 711.9830 194.3914 1.4482 1.5667 3.9938 7.3014 1.6746 58.1716 -4.6229 0.0517
Car -1 -1 -7.9080 785.5707 170.6166 811.1259 195.8942 2.0213 1.8061 4.4514 15.6098 1.8421 60.0570 -7.6553 0.0509
Cyclist -1 -1 -7.4623 376.2653 175.4570 393.4948 202.3652 1.7054 0.5262 1.5118 -14.5823 1.8763 46.6580 -7.7639 0.0504
Pedestrian -1 -1 -3.4662 342.6963 148.5886 440.0096 314.5027 1.9388 0.6067 1.0184 -2.7728 1.6549 8.9736 -3.7587 0.2490
Cyclist -1 -1 -6.1931 591.2208 168.1006 635.7394 215.0006 1.9222 0.6466 1.7999 0.1081 1.7271 29.9780 -6.1902 0.2006
Pedestrian -1 -1 -6.6006 962.5483 168.9089 982.2098 205.1758 1.8459 0.6086 0.7484 18.5784 1.6448 37.0801 -6.1397 0.1490
Pedestrian -1 -1 -3.0754 291.1084 146.3235 390.5867 347.2656 1.8140 0.4608 0.8544 -2.5914 1.5742 6.8544 -3.4254 0.1357
Cyclist -1 -1 -7.6682 152.3263 175.6572 179.0761 229.6266 1.7341 0.4637 1.6286 -14.8812 1.8308 24.1153 -8.2164 0.1105
Cyclist -1 -1 -7.4508 157.9377 176.0263 198.4409 229.2593 1.6845 0.5339 1.6581 -14.2615 1.7925 23.7909 -7.9861 0.0805
Pedestrian -1 -1 -5.7423 622.7170 174.3087 633.7786 192.8769 1.7180 0.5785 0.8559 1.6813 1.8543 67.3066 -5.7178 0.0759
Cyclist -1 -1 -2.2057 142.2090 173.6155 191.3726 229.2997 1.7956 0.5603 1.5782 -14.6930 1.8211 23.8404 -2.7532 0.0646
Pedestrian -1 -1 -5.1269 139.5610 173.6810 173.3821 232.0721 1.7892 0.6963 0.6467 -14.2466 1.8153 22.5924 -5.6845 0.0638
Pedestrian -1 -1 -7.6145 907.7809 173.6242 931.6038 222.5890 1.6666 0.6352 0.6094 10.6870 1.6935 25.0064 -7.2154 0.0609
Pedestrian -1 -1 -7.1651 920.0970 170.0266 948.9271 222.9271 1.7821 0.6359 0.6466 11.0755 1.6866 24.7366 -6.7491 0.0555
Cyclist -1 -1 -7.8683 619.5580 173.6146 625.4619 190.8442 1.6227 0.5381 1.5865 1.1698 1.6958 68.8189 -7.8518 0.0521
Car -1 -1 -8.7604 798.3107 175.9249 864.9816 203.3743 1.4808 1.3568 3.5494 12.5631 1.6635 41.1774 -8.4667 0.9157
Car -1 -1 -7.9960 662.3856 175.0769 686.0098 191.8190 1.4398 1.5825 3.7326 5.6832 1.6440 64.4663 -7.9088 0.3630
Car -1 -1 -7.8701 620.0557 175.0602 637.0876 191.1317 1.4818 1.5594 3.8964 1.7334 1.6985 69.0180 -7.8455 0.2246
Car -1 -1 -6.4540 797.8726 176.6753 891.5745 207.8935 1.4967 1.7061 4.2108 11.5988 1.6931 36.0045 -6.1453 0.1171
Car -1 -1 -5.5777 810.9536 176.0379 883.8804 200.7393 1.4686 1.6444 4.3611 14.9558 1.6804 45.7753 -5.2642 0.0655
Car -1 -1 -2.0628 70.8567 180.5835 187.8497 230.2900 1.4762 1.5676 3.8098 -15.7309 1.7449 23.5171 -2.6474 0.0640
Car -1 -1 -5.1361 885.0765 177.4978 959.3276 211.8166 1.4294 1.5736 3.9357 13.9519 1.6515 32.5742 -4.7351 0.0535
