Pedestrian -1 -1 -5.5639 517.7531 168.1953 536.7665 201.3230 1.9187 0.5639 0.9785 -4.7501 0.9331 42.1456 -5.6758 0.2647
Pedestrian -1 -1 -7.7848 0.0000 143.0824 166.7502 375.0000 1.6876 0.7113 0.6510 -2.6955 1.5034 3.6080 -8.3914 0.0987
Pedestrian -1 -1 -4.2939 1069.3448 163.7766 1141.0480 315.5543 1.7431 0.5385 0.5447 5.9108 1.4970 8.6290 -3.7087 0.0917
Car -1 -1 -2.7730 278.1119 169.7143 419.2099 223.2290 1.9051 1.7979 4.5625 -9.5298 1.3534 26.5509 -3.1147 0.0724
Pedestrian -1 -1 -3.4543 469.1902 168.8410 497.3208 218.5393 1.8181 0.5809 0.8966 -4.6783 1.2192 26.7632 -3.6260 0.0666
Pedestrian -1 -1 -4.0262 852.5587 168.1597 897.5547 260.9179 1.8197 0.5855 0.6308 5.3430 1.4853 14.5156 -3.6802 0.0633
Pedestrian -1 -1 -7.2332 741.9941 170.9094 775.8638 233.5021 1.7545 0.6166 0.7763 4.2944 1.3536 20.6396 -7.0312 0.0584
Car -1 -1 -8.0151 723.2678 190.0889 902.5803 319.3402 1.4131 1.6378 4.2924 2.5898 1.4976 10.2304 -7.7741 0.0564
Car -1 -1 -4.7261 633.3350 180.7977 677.6745 221.4330 1.4436 1.5742 4.1139 1.7546 1.2868 27.6299 -4.6637 0.0554
Car -1 -1 -8.1071 593.7437 176.0661 626.3491 197.9730 1.6261 1.5900 3.8628 0.1190 0.9471 55.4283 -8.1053 0.0536
Car -1 -1 -6.5929 631.5309 177.5408 715.2883 206.0875 1.4818 1.6225 4.1777 3.4697 1.0836 38.5636 -6.5043 0.0534
Pedestrian -1 -1 -5.7779 445.6265 180.0147 461.2998 208.0095 1.5983 0.6481 0.6515 -8.9240 1.3015 41.4452 -5.9890 0.3613
Pedestrian -1 -1 -7.2776 115.4982 170.7989 146.7433 221.6445 1.7302 0.6460 0.6534 -16.4738 1.2398 24.7905 -7.8593 0.1629
Cyclist -1 -1 -3.0637 453.3509 172.0601 505.7572 221.4064 1.7855 0.6627 1.8515 -4.7409 1.3097 26.4316 -3.2397 0.1588
Pedestrian -1 -1 -6.8329 460.9473 171.7861 490.5648 220.8533 1.7810 0.6413 0.8723 -4.9297 1.2937 26.6220 -7.0146 0.1122
Pedestrian -1 -1 -4.6516 476.4874 172.1242 493.6830 220.3681 1.7841 0.5876 0.8521 -4.6507 1.3001 27.0395 -4.8207 0.0860
Pedestrian -1 -1 -7.2019 477.8392 170.7838 503.9851 222.3723 1.8467 0.6810 0.6574 -4.2961 1.3303 26.1833 -7.3633 0.0814
Pedestrian -1 -1 -7.2835 453.4641 173.3677 478.6551 223.6084 1.8016 0.7088 0.5618 -5.1987 1.3769 26.1693 -7.4780 0.0757
Pedestrian -1 -1 -6.7406 447.8040 172.3403 474.0151 220.8779 1.7880 0.6327 0.7622 -5.5505 1.3139 26.9644 -6.9420 0.0745
Cyclist -1 -1 -7.0118 109.7332 172.9085 165.9020 221.4111 1.6216 0.6162 1.6305 -16.2946 1.2103 24.9010 -7.5865 0.0644
Car -1 -1 -7.5945 304.5271 189.5799 444.4760 282.5906 1.4111 1.5259 3.3173 -4.0268 1.4989 12.7528 -7.8947 0.9716
Car -1 -1 -7.4992 238.5282 184.7692 347.0488 239.7197 1.4226 1.6184 3.7346 -8.8924 1.4112 20.5161 -7.9038 0.9270
Car -1 -1 -7.8440 561.7664 177.3126 600.3483 214.0074 1.5658 1.6465 3.5156 -1.2277 1.2287 32.4535 -7.8819 0.9159
Car -1 -1 -7.3477 0.0000 193.6605 363.1159 375.0000 1.5089 1.5507 3.7738 -3.1931 1.5922 5.1667 -7.8785 0.9045
Car -1 -1 -7.3676 0.0000 182.0264 145.6215 246.9804 1.4027 1.5215 3.7240 -13.0194 1.3339 17.4767 -8.0006 0.7677
Car -1 -1 -7.3693 50.5060 183.6385 263.8478 276.5626 1.4607 1.5436 4.1761 -8.1523 1.4361 13.4256 -7.9063 0.4764
Car -1 -1 -2.5789 267.9219 178.1207 353.6334 210.7574 1.4912 1.5092 3.4655 -14.0098 1.1672 33.8874 -2.9685 0.3951
Car -1 -1 -7.4505 208.1130 180.5567 289.9002 223.8576 1.4843 1.4884 3.3143 -13.0894 1.3248 26.3364 -7.9080 0.3220
Car -1 -1 -4.4812 403.6723 180.3799 451.5286 211.2396 1.4756 1.5417 3.6365 -9.0460 1.2445 36.1995 -4.7247 0.2074
Car -1 -1 -2.7528 285.5853 166.7638 424.0746 220.3775 1.9136 1.7954 4.5049 -9.3537 1.2552 26.6765 -3.0872 0.1183
Car -1 -1 -6.3182 445.8541 179.2830 516.3132 205.0441 1.4767 1.6814 4.0212 -7.5200 1.1368 42.4478 -6.4928 0.1024
Car -1 -1 -4.5836 473.3351 176.5740 527.2792 219.2587 1.6329 1.6811 4.0521 -4.3789 1.3025 29.5408 -4.7299 0.0919
Car -1 -1 -7.3434 0.0000 170.5720 42.3840 200.1077 1.8828 1.6960 4.0232 -39.8904 0.9495 47.9570 -8.0347 0.0727
Car -1 -1 -4.4573 374.4373 177.3538 439.5809 218.1841 1.5738 1.6146 4.0606 -8.2550 1.2709 29.7491 -4.7260 0.0688
