Car -1 -1 -7.5966 299.5501 197.2803 441.6937 295.0751 1.4087 1.5603 3.5492 -4.2249 1.9135 13.1090 -7.9034 0.9753
Car -1 -1 -8.2506 788.1028 178.4858 1137.8578 374.0000 1.5279 1.5685 3.5113 2.8821 1.5950 6.8735 -7.8700 0.9695
Car -1 -1 -8.0131 684.4728 180.2923 772.6442 250.6935 1.4726 1.5297 3.2021 2.6506 1.6645 17.0394 -7.8623 0.9424
Pedestrian -1 -1 -6.3764 568.8703 177.0017 577.2695 197.2974 1.7604 0.4954 0.6888 -3.2494 2.1240 63.0009 -6.4281 0.1721
Pedestrian -1 -1 -7.9963 439.6803 174.4423 453.8384 215.0907 1.8961 0.5853 0.5052 -7.7402 1.9714 34.0238 -8.2188 0.1347
Pedestrian -1 -1 -6.1286 581.4030 176.9969 589.0377 197.3000 1.7677 0.5851 0.5867 -2.1953 2.1326 63.2781 -6.1636 0.1111
Pedestrian -1 -1 -5.8644 612.3836 176.3309 620.7105 196.0416 1.8044 0.6346 0.5593 0.5838 2.1270 66.6012 -5.8561 0.1054
Pedestrian -1 -1 -3.5952 804.0784 134.0547 901.1227 289.3972 1.9505 0.5619 1.0606 3.0957 1.4631 9.4151 -3.2878 0.1044
Pedestrian -1 -1 -4.8082 698.3531 153.6808 726.3926 227.8562 2.0113 0.6716 1.0301 2.7907 1.4911 20.0932 -4.6729 0.0963
Cyclist -1 -1 -8.0547 696.4553 172.1603 710.4164 202.6620 1.7016 0.4775 1.5828 5.2725 1.6626 41.0599 -7.9283 0.0720
Car -1 -1 -6.8405 684.2557 176.5736 748.9005 200.8559 1.5231 1.6437 3.9137 6.9500 1.7744 47.2673 -6.6959 0.0704
Car -1 -1 -9.2245 0.0000 0.0000 1241.0000 374.0000 1.5072 1.6124 3.7172 3.7231 1.5402 1.0447 -7.9992 0.0646
Pedestrian -1 -1 -4.5205 96.5092 192.0560 146.3736 314.9122 1.7343 0.4967 0.6310 -7.2829 2.0289 10.6935 -5.1072 0.0638
Pedestrian -1 -1 -8.0007 742.0462 169.0568 762.6652 215.5168 1.8354 0.7009 0.7789 5.6533 1.6851 28.9091 -7.8101 0.0621
Car -1 -1 -4.9596 578.0567 177.6382 613.6383 199.8819 1.5560 1.6572 4.2181 -1.1273 1.9267 53.6967 -4.9809 0.0617
Pedestrian -1 -1 -8.3007 935.3354 163.4385 960.6968 214.9476 1.9317 0.6995 0.5507 12.7572 1.5783 27.3391 -7.8687 0.0615
Car -1 -1 -4.5291 613.6989 177.2221 652.1968 205.1380 1.6302 1.6726 4.1795 1.4478 1.9160 45.0492 -4.4977 0.0581
Pedestrian -1 -1 -4.9890 853.1002 163.4201 875.4453 215.5275 1.9362 0.6352 0.6562 9.5190 1.5854 27.1563 -4.6558 0.0562
Car -1 -1 -4.6005 652.5564 176.7067 687.4585 204.7471 1.5935 1.6493 4.3331 3.6647 1.8399 43.9179 -4.5183 0.0535
Pedestrian -1 -1 -7.9448 655.7216 166.5802 669.2564 205.1670 1.9938 0.6349 0.7786 2.6981 1.6693 37.6771 -7.8744 0.0533
Pedestrian -1 -1 -8.5107 717.1632 166.0722 736.6795 206.1831 1.9068 0.6248 0.7085 5.5898 1.5841 34.7617 -8.3531 0.0529
Car -1 -1 -7.0360 1027.8448 151.5733 1241.0000 240.1895 1.6859 1.6955 4.3742 11.1435 1.2808 14.8268 -6.4013 0.0515
Cyclist -1 -1 -7.8197 773.0157 177.2922 788.3617 220.1453 1.6001 0.5297 1.7141 6.5924 1.7777 28.0238 -7.5916 0.2515
Pedestrian -1 -1 -4.2946 363.4735 175.8414 402.1663 249.4079 1.8355 0.6816 0.7924 -5.8567 1.9134 18.4698 -4.5982 0.2466
Cyclist -1 -1 -8.4316 1002.9525 170.9849 1074.3181 253.9350 1.6296 0.4508 1.6141 8.8148 1.5926 14.9935 -7.9093 0.2394
Cyclist -1 -1 -8.5142 991.5072 172.1829 1068.8907 253.8718 1.5908 0.4623 1.6310 8.5777 1.5774 14.8913 -8.0007 0.1778
Cyclist -1 -1 -7.9050 781.9421 176.1504 798.1075 220.0812 1.6281 0.5092 1.6710 6.8662 1.7585 27.7400 -7.6655 0.1757
Pedestrian -1 -1 -7.7186 338.3315 183.1326 366.7940 251.5462 1.6977 0.5968 0.6837 -6.6151 1.9655 18.4198 -8.0594 0.1396
Cyclist -1 -1 -3.7367 760.3158 177.0019 806.1439 219.6117 1.6106 0.6412 1.6552 6.6732 1.7746 27.9837 -3.5057 0.0957
Cyclist -1 -1 -8.2864 1010.8585 167.5758 1072.3832 250.9173 1.6731 0.4516 1.6550 9.0816 1.5669 15.3301 -7.7606 0.0871
Pedestrian -1 -1 -4.3880 764.8475 176.0831 786.4341 219.9671 1.6817 0.6232 0.7335 6.4301 1.8097 28.1958 -4.1667 0.0764
Cyclist -1 -1 -3.3234 744.4846 176.2807 793.8019 221.3365 1.6831 0.7146 1.7254 5.9840 1.8148 27.3960 -3.1113 0.0644
Pedestrian -1 -1 -8.2353 748.2569 175.3176 772.2081 220.5936 1.6986 0.6597 0.7535 5.6849 1.7938 27.5463 -8.0346 0.0630
Cyclist -1 -1 -3.0608 340.8674 179.0441 412.7307 252.3669 1.8387 0.5013 1.7285 -6.0433 2.0018 18.6090 -3.3713 0.0611
Cyclist -1 -1 -4.9612 753.9623 176.4206 779.6827 220.8450 1.6423 0.5715 1.6267 5.9457 1.7826 27.6304 -4.7521 0.0599
Pedestrian -1 -1 -7.6964 668.9310 173.5943 678.6766 198.9647 1.8378 0.6159 0.6473 4.6297 1.8919 52.6771 -7.6097 0.0520
Cyclist -1 -1 -8.6246 968.5767 169.7359 1056.3026 252.8612 1.6256 0.5799 1.6715 8.2658 1.5644 14.9938 -8.1297 0.0504
Car -1 -1 -7.6654 419.1323 182.1602 499.2358 242.7780 1.6362 1.6416 4.2094 -4.5799 1.9501 22.2407 -7.8668 0.9632
Car -1 -1 -7.9399 647.5098 178.7028 689.1950 215.0671 1.5341 1.5683 3.6472 2.5629 1.8150 32.8600 -7.8634 0.8994
Car -1 -1 -4.5819 490.4916 183.3529 531.3149 216.0038 1.4993 1.5595 3.6979 -4.9561 2.0523 36.1762 -4.7176 0.8437
Car -1 -1 -4.6070 522.5058 182.0941 550.2861 204.9554 1.5394 1.5989 3.8674 -5.3068 2.2310 52.0889 -4.7085 0.5493
Car -1 -1 -6.9664 1009.0660 165.5235 1241.0000 245.1043 1.5279 1.7084 4.0014 10.6091 1.3869 14.8504 -6.3559 0.4096
Car -1 -1 -6.6405 766.4953 180.6896 877.8704 219.3818 1.4325 1.5814 3.8389 8.1488 1.7468 28.0313 -6.3610 0.2197
Car -1 -1 -4.6801 684.5403 172.2906 710.2500 199.4774 1.8533 1.6911 4.1249 6.2234 1.8146 51.3542 -4.5607 0.1189
Car -1 -1 -8.4218 686.9401 181.0159 773.2148 220.5722 1.4309 1.5538 3.9055 4.7043 1.7831 29.0674 -8.2636 0.0780
Car -1 -1 -4.9898 540.0748 176.8587 581.2722 204.6684 1.7639 1.6975 4.1250 -3.4044 2.0459 48.6354 -5.0598 0.0713
Car -1 -1 -4.6292 855.4166 176.8751 962.3991 268.3812 1.4963 1.6287 4.1453 5.9427 1.5876 14.2099 -4.2413 0.0567
