Pedestrian -1 -1 -4.8841 1125.1313 174.5537 1151.0452 228.4759 1.8935 0.6579 0.5542 18.7965 1.9548 25.7552 -4.2596 0.3055
Pedestrian -1 -1 -4.0744 986.5881 168.1887 1016.4116 222.7776 1.9390 0.6933 0.6570 14.1028 1.7730 26.0834 -3.5840 0.2022
Pedestrian -1 -1 -4.1979 794.4999 164.5527 828.0890 225.4321 1.9926 0.7169 0.9427 6.7069 1.7206 24.2039 -3.9314 0.1303
Cyclist -1 -1 -7.7222 193.8898 170.2309 205.4960 198.6046 1.5975 0.3775 1.5415 -23.5788 1.4495 41.4103 -8.2372 0.0908
Cyclist -1 -1 -7.9034 764.0079 176.7336 771.6684 201.0760 1.6839 0.4402 1.7227 11.1387 1.9631 51.0821 -7.6904 0.0673
Pedestrian -1 -1 -7.8360 703.7830 174.6038 718.1252 214.6883 1.9781 0.6994 0.6791 5.0039 2.0662 36.0306 -7.6998 0.0657
Car -1 -1 -4.7369 145.3355 171.1291 168.5473 189.8560 1.6318 1.6761 4.0843 -40.8803 1.4812 65.0381 -5.2963 0.0657
Car -1 -1 -7.7740 266.0499 164.3104 292.7327 186.0092 1.7399 1.7044 3.9291 -27.4745 1.0545 59.9923 -8.2020 0.0649
Pedestrian -1 -1 -6.5814 700.0786 175.1183 710.8491 213.2203 1.9884 0.5571 0.4156 4.9870 2.1083 38.0010 -6.4525 0.0645
Pedestrian -1 -1 -5.4376 701.5253 162.8549 742.6834 232.7867 1.9442 0.6795 0.9861 3.1535 1.6659 20.6578 -5.2890 0.0643
Car -1 -1 -4.9713 1210.8698 178.7750 1241.0000 233.4722 1.6036 1.6812 4.0160 21.4234 1.8164 23.7952 -4.2450 0.0623
Car -1 -1 -5.1771 1097.7615 174.9573 1171.9468 204.2091 1.6328 1.7286 4.4730 31.0914 1.7646 42.9577 -4.5543 0.0612
Pedestrian -1 -1 -6.9380 512.3084 179.3429 525.6515 204.7773 1.7290 0.6018 0.6885 -6.3058 2.1801 49.7379 -7.0639 0.0599
Car -1 -1 -4.9131 1077.2513 177.6648 1121.1290 203.9833 1.6225 1.6579 3.6905 31.9344 1.9506 47.2418 -4.3220 0.0564
Pedestrian -1 -1 -4.1121 1061.8397 172.2112 1085.3015 220.6453 2.1088 0.6570 0.5827 20.4054 2.0805 31.8319 -3.5468 0.0513
Car -1 -1 -4.7428 703.1390 181.3177 750.7063 223.9818 1.4602 1.6494 4.2075 4.3798 1.8111 27.7526 -4.5886 0.0504
Pedestrian -1 -1 -5.8746 386.9720 176.5971 404.5950 206.2255 1.8200 0.5889 0.8871 -13.3190 2.0536 44.7543 -6.1626 0.3449
Pedestrian -1 -1 -5.2508 1208.0178 177.5687 1237.1235 224.5480 1.8678 0.6342 0.6825 24.6975 2.0606 29.1522 -4.5535 0.3139
Pedestrian -1 -1 -8.0222 151.0758 161.9867 176.1933 213.3079 1.9039 0.6814 0.8270 -16.9378 1.5005 27.3036 -8.5733 0.2845
Pedestrian -1 -1 -3.4369 1102.5363 174.4956 1141.5266 252.8716 1.7840 0.4946 0.6181 11.8379 1.8226 16.7673 -2.8311 0.2342
Cyclist -1 -1 -3.7709 1150.6658 179.4314 1241.0000 267.0731 1.6079 0.6279 1.8532 11.3585 1.7353 13.6545 -3.0883 0.1998
Cyclist -1 -1 -4.8187 1031.0109 183.9715 1058.5179 243.9498 1.6619 0.5101 1.5815 12.6631 1.9998 21.1236 -4.2856 0.1746
Pedestrian -1 -1 -8.1852 1225.2566 184.6947 1241.0000 227.6063 1.7261 0.5702 0.5049 25.6160 2.2163 29.5510 -7.4765 0.1727
Pedestrian -1 -1 -3.0177 1117.7705 163.6189 1158.9192 256.5402 1.8996 0.5596 0.6397 11.0572 1.7105 15.1731 -2.3978 0.1632
Pedestrian -1 -1 -4.2470 252.7567 159.7081 280.0273 208.9636 1.9730 0.6949 0.8455 -14.0054 1.4461 29.3332 -4.6891 0.1452
Cyclist -1 -1 -6.5446 1039.1580 182.6954 1115.0906 242.9740 1.6872 0.6212 1.7463 13.4751 1.9801 20.9357 -5.9798 0.1080
Pedestrian -1 -1 -4.6137 98.7861 158.9528 123.9974 211.2152 1.8612 0.6872 0.6726 -18.1129 1.3658 26.1560 -5.2147 0.0998
Cyclist -1 -1 -3.9466 1023.2665 183.0908 1086.1565 242.7458 1.6969 0.6009 1.6545 13.0148 2.0046 21.2017 -3.4030 0.0886
Cyclist -1 -1 -7.3489 945.3602 182.7557 984.1982 229.0844 1.8080 0.7014 1.6653 14.3440 2.2196 29.2519 -6.8977 0.0853
Cyclist -1 -1 -7.2516 884.2485 183.6341 928.5315 231.7182 1.8282 0.7151 1.8369 11.7093 2.2672 28.5986 -6.8674 0.0843
Pedestrian -1 -1 -7.9961 1179.0021 178.4879 1203.6165 223.1919 1.8357 0.7119 0.6630 24.2890 2.0749 30.2123 -7.3243 0.0837
Pedestrian -1 -1 -5.1037 1177.0405 185.9117 1224.5146 268.0551 1.5111 0.4826 0.6527 11.2121 1.7670 13.7747 -4.4316 0.0780
Cyclist -1 -1 -4.7285 1023.0646 180.9168 1043.3274 242.9772 1.7465 0.4762 1.5956 12.4496 1.9936 21.3295 -4.2069 0.0766
Pedestrian -1 -1 -5.1459 108.7168 161.9038 135.4623 210.1422 1.8443 0.6456 0.6573 -18.9996 1.4254 28.0335 -5.7373 0.0721
Pedestrian -1 -1 -7.8208 341.4937 173.0615 367.6490 237.4959 1.7729 0.6673 0.8352 -7.2463 1.7786 20.3544 -8.1592 0.0686
Cyclist -1 -1 -8.0450 1041.8195 181.1769 1075.9717 245.3855 1.7318 0.5161 1.5955 12.6940 1.9778 20.5156 -7.4981 0.0656
Cyclist -1 -1 -7.0216 382.6751 176.8619 418.1482 216.1548 1.7151 0.5077 1.6114 -9.4635 1.8997 32.4806 -7.3033 0.0643
Cyclist -1 -1 -8.1325 934.0650 188.0507 959.5518 229.3840 1.6038 0.5002 1.6458 13.6992 2.2422 29.4743 -7.7020 0.0642
Pedestrian -1 -1 -7.9687 371.5215 170.0972 390.9376 217.3249 1.8687 0.6605 0.7771 -9.2545 1.7593 29.0390 -8.2750 0.0636
Cyclist -1 -1 -3.7790 1193.6836 177.4861 1241.0000 224.3350 1.8718 0.6121 1.7666 24.7765 2.0616 29.2571 -3.0818 0.0606
Pedestrian -1 -1 -6.7630 941.1242 195.9111 962.5553 231.9203 1.4175 0.5573 0.5877 13.7226 2.3553 29.0670 -6.3266 0.0587
Cyclist -1 -1 -7.7910 134.5921 165.4124 149.1145 206.3242 1.6479 0.3982 1.6330 -19.4174 1.3478 29.8722 -8.3634 0.0581
Pedestrian -1 -1 -8.0393 1070.7587 178.7059 1103.6997 242.8730 1.7903 0.6484 0.7851 13.6347 1.9619 20.7065 -7.4643 0.0554
Cyclist -1 -1 -8.3034 1015.5349 184.7746 1045.2599 221.9196 1.6511 0.4905 1.7082 19.4586 2.2186 33.4996 -7.7816 0.0521
Cyclist -1 -1 -3.7735 1018.4229 183.0064 1063.0632 221.2569 1.7389 0.6520 1.7267 19.9079 2.2148 33.4301 -3.2409 0.0509
Cyclist -1 -1 -7.5901 382.8540 177.9447 404.5356 216.6081 1.6829 0.5198 1.6568 -9.7612 1.9175 32.4615 -7.8804 0.0504
Car -1 -1 -6.6457 725.4349 183.2022 928.2960 259.9415 1.4367 1.5374 3.6411 4.2727 1.6601 14.6783 -6.3687 0.9264
Car -1 -1 -2.7699 121.7102 178.0253 353.5089 253.9316 1.5300 1.6507 4.1671 -7.9905 1.6494 15.6961 -3.2343 0.9243
Car -1 -1 -2.4301 0.0000 186.1452 140.6983 343.9301 1.4761 1.6348 3.9621 -7.6716 1.6365 7.8141 -3.1892 0.8613
Car -1 -1 -5.6700 0.0000 179.7105 244.2021 293.3425 1.5269 1.4915 3.9750 -7.7735 1.6342 10.5534 -6.2930 0.8363
Car -1 -1 -2.9084 220.6788 172.5934 377.3915 236.1165 1.7231 1.6418 3.8500 -8.8484 1.7157 20.7007 -3.3081 0.7954
Car -1 -1 -8.0994 455.4138 179.8815 490.1352 203.1494 1.6135 1.6615 3.7230 -10.1996 2.1522 53.3050 -8.2880 0.7625
Car -1 -1 -6.6015 694.1421 183.0949 866.0364 248.2988 1.4386 1.5295 3.6806 3.9235 1.6952 17.1566 -6.3813 0.7101
Car -1 -1 -7.1912 1020.5795 186.7938 1241.0000 374.0000 1.4985 1.6612 4.0675 4.6308 1.5922 3.8916 -6.3566 0.5835
Car -1 -1 -2.8043 172.6317 174.2867 351.2245 242.6150 1.6173 1.5957 3.7167 -8.6636 1.6550 18.1061 -3.2452 0.4995
Car -1 -1 -6.0531 268.5192 174.4260 396.3268 230.5653 1.7303 1.5964 3.5838 -8.9295 1.7830 23.3234 -6.4154 0.4200
Car -1 -1 -7.5156 1020.9219 185.7887 1089.8799 220.8535 1.5043 1.6234 3.7936 21.0550 2.1487 34.1314 -6.9673 0.3573
Car -1 -1 -7.7481 339.1426 169.2760 391.5570 217.0821 1.8852 1.6956 3.8129 -10.3102 1.7438 30.4981 -8.0718 0.2891
Car -1 -1 -3.6039 393.7995 180.4796 455.0843 205.0445 1.5471 1.5753 3.6593 -12.4411 2.0768 48.3492 -3.8548 0.2097
Car -1 -1 -7.8961 125.6732 162.7288 160.5969 192.2303 1.8637 1.7781 3.9811 -30.9369 1.2238 47.7201 -8.4688 0.2014
Car -1 -1 -7.9123 1148.5894 185.9994 1204.0325 227.4642 1.6452 1.6911 3.5438 24.8398 2.2595 31.7979 -7.2543 0.2000
Car -1 -1 -7.9093 368.7262 177.0482 399.2317 204.7216 1.6634 1.6452 3.9274 -14.5209 1.9437 46.1427 -8.2129 0.1399
Car -1 -1 -5.3403 961.6837 186.2745 1019.8893 211.0629 1.5928 1.6694 3.8200 26.5762 2.5702 50.5525 -4.8593 0.1094
Car -1 -1 -7.8711 872.1541 189.8579 916.5254 229.5255 1.4310 1.6141 4.1379 11.7749 2.1936 30.1523 -7.5028 0.0852
Car -1 -1 -1.9344 0.0000 185.1572 0.0000 374.0000 1.5058 1.5514 3.9474 -7.2284 1.6168 5.2257 -2.8546 0.0765
Car -1 -1 -5.8829 0.0000 0.0000 1241.0000 374.0000 1.5174 1.6342 3.8543 3.7204 1.6360 1.0823 -4.6671 0.0691
Car -1 -1 -5.6371 0.0000 164.2168 58.0779 208.9986 1.4256 1.5687 3.7769 -20.8379 1.1504 23.8772 -6.3492 0.0611
Car -1 -1 -4.6643 431.2915 179.3282 461.5789 205.3253 1.5331 1.6734 4.3295 -10.4052 1.9656 45.9610 -4.8861 0.0558
Car -1 -1 -7.8278 937.8198 189.3043 980.4660 227.8532 1.4284 1.5312 3.6847 14.7099 2.1670 30.4224 -7.3819 0.0557
Car -1 -1 -4.5417 89.2700 171.1319 155.9010 209.3379 1.4960 1.6496 4.0391 -20.5009 1.4283 30.4328 -5.1306 0.0529
