Car -1 -1 -7.9889 652.9773 173.9920 708.6844 218.1376 1.7266 1.7394 4.4737 2.8765 1.7781 30.6092 -7.8967 0.9442
Car -1 -1 -7.9396 645.3331 178.6830 677.6671 206.2115 1.4855 1.5466 3.5152 2.8831 1.8345 41.4574 -7.8712 0.5497
Pedestrian -1 -1 -7.5633 276.5854 162.2190 302.7440 214.9590 1.9079 0.7534 0.5345 -11.7674 1.5229 26.4144 -7.9789 0.4280
Pedestrian -1 -1 -3.1314 632.1304 173.2517 642.0231 194.1054 1.7977 0.5326 0.8517 2.3231 1.8321 62.4989 -3.0948 0.2158
Car -1 -1 -5.5375 1146.1860 177.8307 1239.1796 206.2047 1.5222 1.6488 4.1455 33.4696 1.8241 41.6445 -4.8643 0.2122
Pedestrian -1 -1 -3.3769 1130.9663 166.3351 1148.9517 203.2150 1.9390 0.5578 0.6556 28.1007 1.5959 38.3184 -2.7481 0.1721
Car -1 -1 -7.8117 548.8368 175.3149 567.6121 192.7214 1.5271 1.5522 3.7225 -4.7132 1.7573 65.7165 -7.8834 0.1215
Cyclist -1 -1 -7.2074 797.5935 175.4011 834.0621 216.9142 1.8183 0.6437 1.7761 9.2343 1.9355 32.4946 -6.9335 0.1168
Pedestrian -1 -1 -6.4526 1186.3855 179.1231 1200.8939 217.7645 1.8120 0.7334 0.4160 27.7746 2.1142 34.3931 -5.7780 0.1100
Car -1 -1 -7.8523 772.3719 167.3201 790.6464 185.0000 1.5666 1.5797 3.8831 15.6647 1.0760 66.0068 -7.6205 0.0956
Car -1 -1 -5.0819 1164.3527 189.2093 1241.0000 232.0009 1.4998 1.6870 3.8030 23.9912 2.2025 28.9415 -4.3954 0.0872
Car -1 -1 -4.6589 317.1727 171.5814 347.7991 196.1802 1.6701 1.8065 4.1375 -19.6888 1.5834 51.2346 -5.0243 0.0869
Pedestrian -1 -1 -5.9656 738.1843 175.1921 750.6269 199.7119 1.8308 0.5486 0.7909 10.1026 2.0082 54.3874 -5.7834 0.0817
Car -1 -1 -8.1240 735.3091 167.1070 764.7213 185.0464 1.5849 1.6133 4.0097 12.7089 1.0769 65.8090 -7.9343 0.0773
Cyclist -1 -1 -5.3207 1071.4706 161.6771 1110.1447 199.5765 1.7697 0.6380 1.7713 22.9818 1.2475 34.5851 -4.7384 0.0750
Car -1 -1 -7.9519 394.7031 161.2302 426.9223 190.4888 2.0479 1.8562 4.3550 -14.6624 1.2340 52.8675 -8.2214 0.0749
Cyclist -1 -1 -3.0963 883.0264 170.4155 933.7462 219.7374 1.8476 0.6084 1.7751 11.3969 1.7560 27.6768 -2.7100 0.0737
Pedestrian -1 -1 -7.4287 1205.0707 151.3263 1241.0000 250.9670 1.8880 0.5882 0.5794 12.0478 1.4798 14.0624 -6.7311 0.0706
Cyclist -1 -1 -4.1437 36.5417 125.2464 79.8635 173.1600 1.7385 0.4550 1.6745 -20.6939 0.0108 27.0334 -4.7923 0.0680
Pedestrian -1 -1 -7.7195 783.1984 170.5870 800.7804 213.4193 1.9236 0.6828 0.7705 8.2559 1.8215 32.8879 -7.4763 0.0664
Car -1 -1 -4.3815 0.0000 121.0780 73.3874 166.2632 1.5243 1.6104 4.2074 -22.0326 -0.2698 27.2495 -5.0566 0.0632
Car -1 -1 -4.9306 741.9889 178.7976 778.2141 203.2089 1.5033 1.5565 3.6270 9.7296 1.9064 47.1480 -4.7288 0.0618
Pedestrian -1 -1 -6.6745 1176.1477 174.2677 1194.7047 207.4500 1.8396 0.6669 0.6021 32.2072 1.9193 40.4387 -6.0058 0.0543
Car -1 -1 -8.0723 774.8179 173.3192 817.3409 200.0711 1.6073 1.6978 4.2786 11.6597 1.6378 45.5916 -7.8239 0.0541
Car -1 -1 -7.8739 1119.3955 174.6760 1155.6559 202.6612 1.5868 1.6572 3.7795 31.4977 1.7007 43.2003 -7.2475 0.0532
Car -1 -1 -4.7265 777.3795 181.6922 798.5803 203.7581 1.6219 1.5543 4.2370 14.0165 2.3481 57.0673 -4.4874 0.0529
Car -1 -1 -4.5802 709.3473 180.2215 744.7736 207.9854 1.5146 1.5923 3.6731 6.8808 1.9676 42.4041 -4.4210 0.0517
Pedestrian -1 -1 -7.5145 1012.5249 183.9125 1039.1754 235.4540 1.7713 0.6301 0.6706 14.6211 2.1680 25.4504 -6.9988 0.3575
Cyclist -1 -1 -5.3473 706.0565 176.1562 771.6906 254.8966 1.6188 0.5248 1.6503 2.7343 1.6946 15.7606 -5.1797 0.3237
Cyclist -1 -1 -2.8036 384.5578 174.9581 458.7310 241.8171 1.7191 0.6203 1.7812 -4.9879 1.7752 18.9598 -3.0581 0.1791
Car -1 -1 -5.3721 713.0410 184.3329 844.1833 261.0501 1.4200 1.5058 2.4257 3.4286 1.6841 15.1987 -5.1553 0.1782
Pedestrian -1 -1 -3.4630 762.3616 173.2158 781.4746 220.0226 1.8102 0.6792 0.5415 6.2965 1.8243 28.2767 -3.2468 0.1704
Pedestrian -1 -1 -3.6108 958.1553 158.3185 1017.8049 256.3131 1.9707 0.5715 0.9236 7.6864 1.6781 14.7967 -3.1406 0.1662
Pedestrian -1 -1 -8.1908 502.0853 176.7208 521.0120 213.1277 1.6963 0.6597 0.8065 -4.7153 1.8822 34.2357 -8.3272 0.1428
Cyclist -1 -1 -8.6877 751.9373 172.5329 795.8287 219.2477 1.7609 0.5807 1.7157 6.3134 1.7485 28.0661 -8.4693 0.1114
Cyclist -1 -1 -3.9772 320.5588 143.2057 351.0428 176.1325 1.7538 0.5496 1.7068 -14.9683 0.1743 39.3263 -4.3387 0.1036
Cyclist -1 -1 -8.6622 741.7396 172.8652 788.5800 225.2678 1.7684 0.5567 1.6732 5.3543 1.7685 25.1970 -8.4559 0.1012
Pedestrian -1 -1 -2.9608 638.5256 175.9358 651.6393 199.4235 1.6716 0.5225 0.8610 2.4893 1.8941 51.7963 -2.9135 0.0970
Pedestrian -1 -1 -2.9584 820.3714 170.7374 846.3262 229.3524 1.8120 0.6695 0.6748 6.9986 1.7462 22.7571 -2.6644 0.0921
Cyclist -1 -1 -7.8858 311.1768 147.9200 320.5052 178.9128 1.7046 0.4325 1.7201 -16.5768 0.3329 40.5582 -8.2716 0.0912
Pedestrian -1 -1 -3.6680 917.6266 157.1722 969.4376 251.9018 1.9444 0.6348 0.7720 6.9477 1.6222 15.1660 -3.2465 0.0898
Pedestrian -1 -1 -5.4422 521.9250 173.3269 537.5724 203.2798 1.7842 0.6267 0.7043 -4.8696 1.8127 43.4619 -5.5535 0.0892
Pedestrian -1 -1 -8.8492 1080.3699 190.2887 1107.0027 238.8649 1.6281 0.5929 0.5235 16.5756 2.2358 24.8000 -8.2663 0.0875
Cyclist -1 -1 -7.5846 302.7631 148.1221 319.4529 179.2899 1.7135 0.4462 1.6310 -16.8065 0.3535 40.5045 -7.9757 0.0827
Pedestrian -1 -1 -7.7503 800.5757 166.0861 825.1024 227.4960 1.9330 0.6908 0.7281 6.4709 1.7196 23.1760 -7.4820 0.0811
Cyclist -1 -1 -2.7997 303.0168 143.2442 338.3284 177.3635 1.8290 0.5511 1.6841 -15.6641 0.2414 38.9869 -3.1795 0.0803
Cyclist -1 -1 -7.3431 160.4986 151.1140 273.8610 312.4795 1.8639 0.5023 1.6641 -4.9854 1.6125 9.1724 -7.8294 0.0770
Pedestrian -1 -1 -5.3221 293.5945 147.2474 312.6638 181.2006 1.8393 0.6646 0.7295 -16.8630 0.4519 39.5630 -5.7227 0.0743
Pedestrian -1 -1 -7.6176 139.3449 158.2455 217.6549 323.5328 1.8134 0.5742 0.9436 -5.0816 1.6528 8.4504 -8.1457 0.0691
Cyclist -1 -1 -5.4902 756.1169 172.0618 799.6546 221.3977 1.8101 0.6353 1.6382 6.2990 1.7807 27.3357 -5.2668 0.0688
Pedestrian -1 -1 -3.8101 282.2173 146.2753 303.9283 180.5878 1.7968 0.6810 0.8070 -16.8584 0.4047 38.2995 -4.2223 0.0643
Pedestrian -1 -1 -8.1968 1067.5237 177.5736 1100.3920 237.8212 1.6712 0.6591 0.4527 13.3153 1.8060 20.3568 -7.6248 0.0641
Pedestrian -1 -1 -4.1439 1201.0444 169.2931 1231.2225 234.5627 1.8096 0.5009 0.4252 17.0073 1.7106 20.3089 -3.4544 0.0589
Pedestrian -1 -1 -6.0856 303.4650 150.3282 319.3677 181.3881 1.7022 0.6672 0.6955 -16.5599 0.4674 39.9367 -6.4765 0.0589
Pedestrian -1 -1 -5.4062 398.2817 172.4679 431.1137 227.8916 1.7133 0.6746 0.7550 -6.2178 1.7011 22.7980 -5.6701 0.0582
Cyclist -1 -1 -6.7804 1035.4054 172.4706 1113.5858 235.3499 1.7334 0.7475 1.7019 13.0076 1.7225 20.3191 -6.2181 0.0575
Cyclist -1 -1 -2.9254 302.6158 143.8145 339.7000 179.1816 1.8763 0.5541 1.7689 -15.5181 0.3354 38.6954 -3.3045 0.0570
Cyclist -1 -1 -4.6563 313.6263 146.8208 325.4960 177.9670 1.6972 0.5157 1.7354 -16.2205 0.2783 40.2216 -5.0374 0.0568
Pedestrian -1 -1 -3.9486 899.0300 175.3210 945.3563 256.4998 1.6912 0.6116 0.6805 6.6373 1.7452 15.4728 -3.5511 0.0544
Pedestrian -1 -1 -8.0520 995.2711 170.3597 1026.1733 236.4820 1.8572 0.6554 0.6428 11.4211 1.7868 20.6695 -7.5539 0.0539
Cyclist -1 -1 -6.8747 1110.8336 186.7044 1177.0769 237.7447 1.7053 0.6174 1.7797 18.1677 2.1845 24.6350 -6.2456 0.0523
Pedestrian -1 -1 -6.2501 544.8528 172.5084 555.6096 196.0508 1.8186 0.6186 0.8137 -4.6698 1.7916 56.0674 -6.3332 0.0519
Cyclist -1 -1 -6.9352 1133.2941 190.1194 1198.4268 241.3265 1.6806 0.6117 1.7154 18.5807 2.2667 24.1981 -6.2870 0.0514
Cyclist -1 -1 -7.6063 784.4152 172.4656 813.2812 225.8265 1.8064 0.6021 1.6433 6.5842 1.7929 25.2909 -7.3552 0.0508
Car -1 -1 -8.1397 728.8661 189.1578 920.8412 308.1928 1.3894 1.6009 4.1441 2.9755 1.6871 11.0925 -7.8854 0.9655
Car -1 -1 -2.5175 0.0000 182.6076 172.4594 374.0000 1.5230 1.6627 3.8259 -6.4573 1.6256 6.5311 -3.2769 0.8668
Car -1 -1 -2.4808 0.0000 155.1631 258.7051 315.5421 1.8224 1.6825 3.8381 -6.8117 1.6211 9.1013 -3.1095 0.8423
Car -1 -1 -2.7890 352.5151 176.4258 484.8862 223.7755 1.5849 1.6657 4.1749 -6.7062 1.7151 25.3357 -3.0457 0.8085
Car -1 -1 -2.8538 391.2022 180.2058 512.0109 218.7622 1.4089 1.5653 4.2543 -6.0649 1.7000 27.6597 -3.0681 0.6442
Car -1 -1 -6.1167 443.0146 173.4548 530.5106 208.7546 1.7740 1.7261 4.2137 -6.3333 1.8054 37.1570 -6.2848 0.6058
Car -1 -1 -2.9811 444.2408 176.0809 517.9678 211.2259 1.6474 1.6395 3.2828 -6.2183 1.8066 34.8218 -3.1569 0.4766
Car -1 -1 -2.7717 409.4816 181.0860 510.3872 217.8027 1.4579 1.5679 3.8314 -6.2984 1.8149 30.2270 -2.9759 0.4141
Car -1 -1 -7.7980 639.1861 175.5960 663.5960 198.2503 1.6025 1.6008 3.8223 3.0706 1.8131 53.5085 -7.7414 0.4090
Car -1 -1 -7.5994 491.0057 173.1664 536.0174 206.4194 1.7725 1.6393 3.6164 -5.3860 1.7905 40.3912 -7.7316 0.3830
Car -1 -1 -7.0287 0.0000 202.7480 44.3530 374.0000 1.4531 1.5234 3.7461 -4.3687 1.6525 2.8701 -7.9751 0.3104
Car -1 -1 -2.8014 497.5392 175.3307 551.6859 196.9910 1.5203 1.5822 3.5572 -6.1786 1.7028 52.0741 -2.9192 0.2796
Car -1 -1 -2.7579 216.7166 185.7066 429.3043 254.3472 1.4552 1.5997 4.2081 -6.4750 1.7623 16.4340 -3.1283 0.2758
Car -1 -1 -5.4673 710.2350 185.2952 875.3809 264.0360 1.4084 1.5943 3.2182 3.7005 1.7022 15.2646 -5.2348 0.2397
Car -1 -1 -2.9792 466.6750 173.1564 538.9003 201.8961 1.7202 1.6947 4.1459 -6.5450 1.7387 44.0852 -3.1261 0.2332
Car -1 -1 -7.0997 1107.2604 190.9889 1241.0000 237.8301 1.4900 1.5582 3.6906 19.3454 2.1408 24.8415 -6.4445 0.2255
Car -1 -1 -5.8596 371.7888 179.5618 513.8104 231.4106 1.5178 1.5690 4.0448 -5.2462 1.7383 22.5889 -6.0858 0.2121
Car -1 -1 -2.6444 165.2388 167.6142 408.7840 262.6418 1.7203 1.6876 4.0241 -6.2419 1.6251 14.0760 -3.0553 0.1849
Car -1 -1 -7.8231 534.4064 173.9763 556.0972 195.5628 1.6644 1.6154 3.8016 -5.1825 1.7570 57.7790 -7.9125 0.1230
Car -1 -1 -7.6155 307.5326 146.8955 354.0259 176.3818 1.5757 1.6094 3.6491 -15.6372 0.1882 40.4708 -7.9821 0.1186
Car -1 -1 -2.8740 324.6789 184.3787 478.9819 241.2921 1.4466 1.5123 3.7226 -5.5718 1.7689 19.4245 -3.1503 0.1049
Car -1 -1 -6.8284 768.8853 182.8908 899.1053 227.8823 1.4648 1.6179 4.1379 7.8039 1.8354 25.3669 -6.5339 0.1016
Car -1 -1 -8.0809 1008.0115 185.1897 1096.8143 239.6026 1.4551 1.5594 3.3171 13.2903 1.8609 21.9373 -7.5428 0.1010
Car -1 -1 -7.9822 1030.0530 188.3798 1098.5194 234.6886 1.4781 1.6093 3.9029 16.5732 2.0946 26.5550 -7.4299 0.0651
Car -1 -1 -4.7366 667.6220 177.7349 692.6680 199.3118 1.4544 1.6749 4.2750 4.9691 1.8195 51.8194 -4.6420 0.0533
Car -1 -1 -6.7287 0.0000 192.1950 0.0000 374.0000 1.5168 1.6228 4.1166 -6.1949 1.6694 3.5692 -7.7437 0.0511
