Pedestrian -1 -1 -3.4684 849.2892 174.1909 889.8915 260.9398 1.7412 0.7013 0.5864 5.2782 1.7690 14.8460 -3.1340 0.4082
Pedestrian -1 -1 -4.6170 946.7356 113.5656 1059.7122 374.0000 1.9855 0.7136 1.0635 3.0676 1.5695 5.6996 -4.1457 0.1151
Cyclist -1 -1 -4.7999 926.1184 171.9418 945.2978 223.2628 1.6035 0.4170 1.5827 10.4862 1.5747 23.3601 -4.3832 0.1060
Car -1 -1 -4.6518 23.5950 196.9787 56.9682 221.8458 1.5772 1.6405 3.9504 -40.9719 3.3826 51.9128 -5.3176 0.1044
Car -1 -1 -4.8853 918.0994 148.5175 953.1940 172.0477 1.6354 1.6506 3.9736 23.5782 -0.0613 52.4238 -4.4647 0.0846
Car -1 -1 -4.3735 817.7423 169.2054 857.5224 191.9601 1.5927 1.6333 3.6846 16.5494 1.3370 52.4667 -4.0698 0.0721
Car -1 -1 -4.7377 681.8256 176.5986 710.7359 205.1341 1.6771 1.6757 4.1420 5.3164 1.9220 45.1067 -4.6216 0.0650
Pedestrian -1 -1 -5.2206 856.0966 195.8316 884.3615 255.4313 1.2605 0.3963 0.4751 5.6185 1.7698 15.7350 -4.8845 0.0582
Car -1 -1 -4.6635 624.1991 181.3784 645.9423 199.8936 1.4727 1.6593 3.9654 2.1345 2.2209 61.3170 -4.6293 0.0538
Pedestrian -1 -1 -4.2788 0.0000 190.3174 26.2171 242.6822 1.8537 0.6337 0.5451 -21.6912 2.4938 26.1151 -4.9670 0.0529
Pedestrian -1 -1 -8.4264 515.3596 173.5964 529.0844 203.3835 1.9766 0.6449 0.6851 -5.9178 2.0265 48.3716 -8.5480 0.0526
Car -1 -1 -4.8100 590.3873 181.6845 625.8931 208.9484 1.4519 1.6646 4.0092 -0.1914 1.9893 41.8515 -4.8151 0.0513
Car -1 -1 -4.1202 156.5989 195.6656 231.2348 228.1352 1.5536 1.6747 3.7964 -22.5623 2.8552 39.2238 -4.6396 0.0502
Pedestrian -1 -1 -7.7954 936.6938 170.7419 960.7744 229.9252 1.7339 0.6237 0.5409 10.0576 1.6718 21.5248 -7.3642 0.0501
Cyclist -1 -1 -7.9313 997.1088 172.4606 1031.3038 251.5187 1.7029 0.5224 1.7945 9.1512 1.6942 16.4676 -7.4324 0.1349
Pedestrian -1 -1 -4.0154 1072.1533 168.0752 1114.2715 257.2729 1.7777 0.5710 0.4288 9.7959 1.6822 14.7159 -3.4380 0.1241
Pedestrian -1 -1 -7.9081 510.3968 177.3219 524.2841 212.2520 1.8574 0.7061 0.6670 -5.0314 2.1002 38.8604 -8.0365 0.1098
Pedestrian -1 -1 -4.1073 1116.0171 163.0641 1171.4915 261.5954 1.8445 0.5813 0.6745 10.2182 1.6609 13.8940 -3.4839 0.1011
Cyclist -1 -1 -8.4045 1039.9998 176.5576 1096.2250 239.3054 1.6240 0.4908 1.6401 12.3572 1.7285 19.5924 -7.8492 0.0667
Pedestrian -1 -1 -6.5635 665.9167 178.3749 674.8392 196.4905 1.6812 0.6311 0.6839 5.6317 2.2008 67.5678 -6.4811 0.0637
Cyclist -1 -1 -8.0155 500.8376 181.3139 515.5738 216.2817 1.7292 0.4822 1.6770 -5.2635 2.1727 36.9757 -8.1564 0.0585
Pedestrian -1 -1 -5.1299 1150.9399 161.0099 1202.1367 254.8204 1.8359 0.5699 0.7007 11.3395 1.6039 14.5282 -4.4775 0.0551
Pedestrian -1 -1 -6.0382 1200.7859 161.7454 1241.0000 258.5770 1.8063 0.5370 0.6601 11.8144 1.5987 13.8842 -5.3441 0.0531
Cyclist -1 -1 -7.9497 1010.0275 168.6825 1050.7643 250.9777 1.7626 0.6059 1.8354 9.4849 1.6729 16.4152 -7.4342 0.0522
Pedestrian -1 -1 -3.1431 1181.5262 149.3899 1237.2450 261.5874 1.9720 0.5756 0.7675 10.8513 1.5593 13.1465 -2.4646 0.0521
Car -1 -1 -7.9582 592.9849 179.7398 646.2640 221.9587 1.5899 1.7479 4.5561 0.2797 1.9011 30.2894 -7.9498 0.8834
Car -1 -1 -4.8987 975.5952 182.0163 1083.1979 253.6416 1.4622 1.5251 3.5474 9.7714 1.7041 17.1466 -4.3888 0.3451
Car -1 -1 -5.0077 496.4284 181.3780 550.0714 215.7521 1.6361 1.6318 4.1594 -4.6280 2.1073 37.6821 -5.1296 0.3428
Car -1 -1 -7.9726 669.1624 176.3072 692.5544 195.8444 1.7636 1.7084 4.1156 6.6187 2.0984 67.9435 -7.8763 0.2224
Car -1 -1 -7.9843 649.7679 176.4037 672.2341 195.4186 1.7468 1.6495 3.8448 4.8271 2.0955 68.9870 -7.9152 0.1654
Car -1 -1 -2.7370 488.4810 180.0399 564.1666 209.0271 1.5937 1.6960 4.0052 -4.8645 2.0229 41.7401 -2.8528 0.0703
