Cyclist -1 -1 -2.7169 529.5674 178.7200 574.0344 217.0543 1.6428 0.7999 1.7825 -2.6057 1.9065 31.8041 -2.7986 0.4430
Pedestrian -1 -1 -4.8859 693.0306 170.1846 708.2794 204.5216 1.9129 0.7274 0.7694 5.0596 1.7638 40.5983 -4.7633 0.2907
Cyclist -1 -1 -7.7681 679.0815 170.4201 684.9749 194.3487 1.7368 0.3043 1.5379 5.2796 1.5599 53.1562 -7.6701 0.2042
Pedestrian -1 -1 -3.2146 675.9584 172.5436 682.9712 197.4707 1.8107 0.7127 0.4583 5.0490 1.7879 52.7735 -3.1202 0.1680
Pedestrian -1 -1 -5.8669 372.0190 168.3559 448.1451 287.1924 1.7587 0.5767 0.9718 -3.1017 1.6919 11.0351 -6.1357 0.1285
Pedestrian -1 -1 -3.7131 941.2869 121.9293 1064.8647 315.0821 1.9638 0.6540 0.9568 4.1177 1.4457 7.7078 -3.2390 0.1220
Pedestrian -1 -1 -5.0639 704.3793 165.3373 725.0018 209.6534 1.9939 0.6968 0.7991 4.7311 1.6554 32.9282 -4.9230 0.1137
Cyclist -1 -1 -7.8672 704.8710 168.2178 714.7594 206.5075 1.7601 0.4338 1.6620 4.6589 1.5467 34.0190 -7.7328 0.0958
Pedestrian -1 -1 -4.9437 541.2057 182.0824 559.9560 217.9667 1.5377 0.6649 0.7434 -2.6492 1.9475 31.6100 -5.0272 0.0893
Pedestrian -1 -1 -3.6539 731.0587 161.6603 759.5314 221.1425 1.9318 0.6548 0.6917 4.4215 1.5679 23.8550 -3.4735 0.0686
Pedestrian -1 -1 -5.5544 41.0381 181.6721 166.9187 374.0000 1.5958 0.4061 0.8184 -4.3520 1.6736 6.1406 -6.1512 0.0658
Pedestrian -1 -1 -3.6222 1133.3843 107.9658 1241.0000 374.0000 1.9365 0.6164 0.7430 4.0413 1.5329 4.8558 -2.9582 0.0574
Pedestrian -1 -1 -3.6988 1065.5487 138.4245 1114.1678 237.6265 1.9326 0.6860 0.5198 9.5144 1.2616 14.4042 -3.1247 0.0555
Cyclist -1 -1 -7.6579 520.0786 177.1066 540.0453 220.2181 1.6753 0.4731 1.7376 -3.2565 1.8517 29.0985 -7.7690 0.0554
Pedestrian -1 -1 -3.4366 909.8148 150.4560 999.6946 306.2654 1.8083 0.6176 0.8304 4.0940 1.5481 8.7341 -3.0121 0.0537
Pedestrian -1 -1 -4.7209 1043.6317 133.3596 1099.0612 281.6474 1.8479 0.5911 0.6079 5.9406 1.3554 9.4040 -4.1720 0.0514
Pedestrian -1 -1 -4.9284 553.2886 182.9573 569.8439 217.3600 1.4746 0.5946 0.6563 -2.1641 1.9218 31.5605 -4.9969 0.0510
Pedestrian -1 -1 -5.4750 351.5787 158.8558 430.1413 291.2885 1.8657 0.5463 1.0362 -3.2935 1.6682 10.6579 -5.7687 0.0510
Car -1 -1 -8.1798 767.9193 183.4782 1092.5363 374.0000 1.4399 1.6309 4.3184 2.8921 1.5857 7.7474 -7.8362 0.9367
Car -1 -1 -6.0034 485.4578 179.7542 576.5190 214.7226 1.4978 1.6575 3.7654 -3.5689 1.8191 32.4910 -6.1125 0.0808
