Car -1 -1 -4.2984 278.6858 184.6972 415.7662 249.9087 1.4779 1.7264 4.6877 -6.9823 1.8391 19.6271 -4.6365 0.9309
Car -1 -1 -7.7824 620.1468 178.3312 671.3900 226.3402 1.6136 1.6142 4.3267 1.3660 1.8353 27.0076 -7.7332 0.9203
Car -1 -1 -4.4919 430.0877 184.3895 503.5114 231.7044 1.4623 1.6394 4.2797 -5.0030 1.9045 25.5163 -4.6842 0.1858
Car -1 -1 -4.8797 721.7936 177.8820 755.8689 203.1019 1.7059 1.7431 4.0102 9.1382 2.0793 51.6172 -4.7059 0.1446
Car -1 -1 -4.8808 553.8474 183.1055 583.6297 204.9931 1.6155 1.6931 4.1415 -3.3548 2.4640 57.5336 -4.9393 0.1013
Pedestrian -1 -1 -3.2463 1133.4513 156.5806 1145.6273 208.1497 1.7811 0.4558 0.2934 18.4384 1.2187 25.1905 -2.6203 0.0959
Car -1 -1 -4.6256 775.3312 171.8257 799.1392 192.0885 1.6201 1.5897 3.9238 14.6906 1.5376 59.8030 -4.3862 0.0815
Cyclist -1 -1 -7.4841 428.6757 178.2625 466.4329 240.9935 1.6889 0.4668 1.6827 -4.6312 1.8484 20.4425 -7.7048 0.0803
Pedestrian -1 -1 -4.4218 1098.1191 150.4675 1124.6150 202.0842 1.8852 0.6546 0.6424 18.5819 1.0673 26.8093 -3.8210 0.0793
Car -1 -1 -4.7734 1033.5853 149.6741 1062.0457 171.6048 1.6897 1.6991 4.0467 35.1415 -0.1046 58.0297 -4.2310 0.0736
Car -1 -1 -4.9114 646.6565 179.7307 673.0980 198.1368 1.5483 1.6172 3.8116 4.3809 2.1787 64.1804 -4.8440 0.0711
Car -1 -1 -4.3331 328.4954 182.5358 379.5690 207.1470 1.4697 1.7623 3.9828 -16.5341 2.1233 46.7073 -4.6719 0.0694
Car -1 -1 -4.6957 304.6516 180.9390 330.8465 205.9384 1.5907 1.5923 3.8845 -19.9893 2.1671 49.3666 -5.0788 0.0667
Car -1 -1 -4.6062 600.4029 183.1560 624.6414 200.8353 1.3690 1.6307 3.8009 0.2151 2.2558 60.1546 -4.6031 0.0593
Pedestrian -1 -1 -2.7805 862.7476 165.3143 887.5072 218.1122 1.9376 0.6668 0.6785 9.8587 1.6606 26.9531 -2.4339 0.0583
Pedestrian -1 -1 -5.3943 78.6324 178.5158 98.3208 216.7078 1.7952 0.6008 0.4662 -24.8807 2.0673 34.3703 -6.0174 0.0577
Pedestrian -1 -1 -6.4766 804.8987 175.2267 819.3312 203.2904 1.8261 0.6340 0.8035 13.2282 1.9826 47.3548 -6.2063 0.0571
Cyclist -1 -1 -7.9396 828.9022 172.1756 847.1652 226.0830 1.7380 0.4341 1.6153 7.5580 1.7158 24.0983 -7.6398 0.0568
Car -1 -1 -4.4925 250.1296 183.0231 296.6531 211.7407 1.7209 1.8562 4.2956 -21.9603 2.4176 47.1601 -4.9264 0.0556
Car -1 -1 -4.7274 625.2690 181.6573 645.4468 199.2664 1.4159 1.6658 3.9995 2.1282 2.1972 62.0471 -4.6938 0.0556
Car -1 -1 -4.5248 330.9708 182.4743 389.7932 221.6447 1.5241 1.6449 4.2366 -10.8070 1.9716 31.3747 -4.8543 0.0521
Pedestrian -1 -1 -7.5740 206.8240 181.5086 221.1579 211.3262 1.8270 0.6598 0.5237 -24.5806 2.3672 44.7289 -8.0743 0.0517
Cyclist -1 -1 -8.3611 1055.0664 149.1404 1076.6357 176.8639 1.7047 0.4198 1.5843 28.4897 0.2463 45.1682 -7.8013 0.1797
Cyclist -1 -1 -8.2786 1057.8700 151.4202 1076.3135 177.9962 1.6418 0.3439 1.6049 28.7120 0.3174 45.3940 -7.7175 0.1294
Pedestrian -1 -1 -8.6924 1061.1306 150.3222 1079.1234 179.1472 1.7839 0.8236 0.5335 28.6751 0.3892 45.0234 -8.1282 0.0744
Pedestrian -1 -1 -8.7222 1058.7126 151.2054 1076.6477 178.9915 1.7308 0.7546 0.6089 28.7284 0.3820 45.3484 -8.1605 0.0728
Cyclist -1 -1 -7.1320 540.7516 177.3238 563.7772 207.5772 1.7147 0.4917 1.4573 -3.3777 1.9781 41.8418 -7.2126 0.0632
Pedestrian -1 -1 -5.7440 1057.8020 149.4734 1072.1689 178.0527 1.7934 0.6779 0.4916 28.7511 0.3259 45.6503 -5.1849 0.0579
Car -1 -1 -4.4680 423.8955 183.1309 489.3417 224.3511 1.5031 1.6776 4.0099 -6.1964 1.9500 29.3616 -4.6748 0.9136
Car -1 -1 -4.4738 472.4807 183.5489 521.6508 214.3624 1.4598 1.6018 4.1798 -5.8908 2.0520 37.8256 -4.6277 0.3777
Car -1 -1 -4.5529 509.5321 182.0753 540.8171 206.4900 1.5041 1.5044 3.5738 -5.5959 2.1359 47.6414 -4.6697 0.3375
Car -1 -1 -4.6017 488.7523 181.8697 533.0472 217.2097 1.5100 1.6264 4.0087 -4.6334 1.9584 33.8858 -4.7371 0.1182
Car -1 -1 -5.3362 1052.8400 147.2317 1122.5457 174.8044 1.6317 1.7276 3.7300 29.4050 0.1151 44.6011 -4.7563 0.1053
Car -1 -1 -4.3169 506.4904 179.6019 558.2336 208.7735 1.5574 1.6283 3.7828 -4.4469 1.9644 41.5121 -4.4235 0.0858
Car -1 -1 -4.4554 465.1631 182.1998 503.5803 205.0278 1.4305 1.6423 3.8210 -8.4808 2.0879 48.8034 -4.6270 0.0814
Car -1 -1 -4.6816 559.6782 181.4662 584.7311 205.9828 1.5297 1.5610 3.7202 -2.5257 2.1273 48.2150 -4.7341 0.0744
Car -1 -1 -7.7453 542.0890 180.4132 569.3158 202.8129 1.5595 1.6037 3.8990 -4.0225 2.1409 53.5439 -7.8204 0.0727
Car -1 -1 -4.5764 486.0156 182.5102 514.9959 203.1111 1.4303 1.6132 4.0402 -8.1879 2.1803 54.0327 -4.7265 0.0602
Car -1 -1 -4.4237 438.4287 180.7464 476.2329 201.7444 1.4224 1.6139 4.0137 -11.0867 2.0189 52.4946 -4.6312 0.0582
Car -1 -1 -4.6767 532.0595 180.3394 559.6564 206.0955 1.5198 1.6067 3.7405 -4.0511 2.0123 45.5959 -4.7653 0.0511
