Cyclist -1 -1 -3.4525 728.6285 176.0214 760.9996 205.8955 1.8212 0.5594 1.8801 8.2702 2.0178 44.4690 -3.2704 0.8570
Pedestrian -1 -1 -5.3371 781.2225 173.6525 804.2967 214.5273 1.8324 0.6240 0.8749 8.2835 1.8690 32.8880 -5.0931 0.5916
Pedestrian -1 -1 -5.9335 540.9714 176.0379 555.6360 205.9748 1.8734 0.5554 0.7808 -3.9317 2.0759 45.6001 -6.0195 0.1887
Pedestrian -1 -1 -3.6270 1168.4691 141.2153 1241.0000 343.5297 1.8996 0.6658 0.8073 6.1451 1.6023 7.1819 -2.9401 0.1315
Car -1 -1 -4.9573 488.7599 181.5302 515.8848 199.3609 1.6214 1.6851 3.9538 -10.4721 2.4869 69.8529 -5.1060 0.1249
Cyclist -1 -1 -4.4248 201.3001 180.0325 225.2464 217.5528 1.6235 0.4934 1.6446 -17.8456 1.9542 32.4049 -4.9249 0.1102
Pedestrian -1 -1 -5.7585 523.1908 176.6864 539.3990 208.9967 1.8194 0.6036 0.7127 -4.5241 2.0399 41.1493 -5.8678 0.1064
Pedestrian -1 -1 -6.3140 1141.2163 153.3451 1226.8441 332.6623 1.8622 0.6551 0.7035 6.2506 1.6593 7.9639 -5.6673 0.0986
Car -1 -1 -4.5019 806.2990 182.0529 844.2322 207.7791 1.5540 1.6293 3.7725 14.0501 2.1802 47.0941 -4.2142 0.0776
Car -1 -1 -4.7720 749.7828 181.1833 776.6561 204.4454 1.5427 1.6329 3.7613 10.8153 2.1569 51.2503 -4.5657 0.0736
Pedestrian -1 -1 -6.3000 851.2193 179.6400 863.8071 206.4852 1.6765 0.5078 0.7420 15.6033 2.1083 45.5949 -5.9728 0.0728
Pedestrian -1 -1 -5.4012 1064.4335 151.6282 1135.9877 274.3357 2.0205 0.6508 0.7929 8.2911 1.6707 12.3102 -4.8203 0.0695
Car -1 -1 -4.6708 754.5695 169.9729 778.3667 196.5069 1.9590 1.6224 4.2711 12.0468 1.7460 55.5414 -4.4587 0.0572
Car -1 -1 -4.7551 703.3530 181.0575 723.0075 199.0273 1.5293 1.5851 3.9003 9.2831 2.2939 65.2645 -4.6149 0.0540
Car -1 -1 -5.1520 768.8063 182.3613 829.4874 212.0928 1.4217 1.5925 3.8031 9.8003 1.9462 37.8100 -4.9008 0.0524
Cyclist -1 -1 -7.9160 863.9814 169.7954 889.4913 245.3498 1.7831 0.4698 1.7547 6.5633 1.7106 17.9361 -7.5713 0.0522
Car -1 -1 -4.8704 600.4576 179.7200 638.3467 207.3197 1.5520 1.6598 4.1243 0.4851 1.9891 43.8106 -4.8600 0.0507
Pedestrian -1 -1 -4.7968 852.2980 183.3387 884.6500 253.1403 1.5663 0.6447 0.6745 5.9282 1.8148 16.7191 -4.4625 0.1673
Pedestrian -1 -1 -7.8003 935.9626 190.6677 966.6889 265.7623 1.4281 0.5278 0.4783 6.6730 1.7871 14.2153 -7.3703 0.1345
Cyclist -1 -1 -3.2538 897.7017 172.2920 999.2004 266.1112 1.7908 0.7331 1.7536 6.6533 1.7798 14.3906 -2.8294 0.1261
Pedestrian -1 -1 -8.1409 868.6588 184.1302 908.2102 256.3376 1.5916 0.6505 0.7421 6.2736 1.8541 16.4206 -7.7829 0.0972
Pedestrian -1 -1 -6.7784 89.4071 172.3781 113.9320 215.5728 1.8878 0.5846 0.6949 -22.5666 1.8667 31.9755 -7.3892 0.0862
Cyclist -1 -1 -5.3529 906.0146 170.6348 986.7607 266.2303 1.7975 0.6018 1.6173 6.6296 1.7554 14.4216 -4.9306 0.0704
Pedestrian -1 -1 -6.9351 647.2759 179.1888 660.9719 204.4175 1.7321 0.5108 0.8067 3.0382 2.1763 50.1948 -6.8756 0.0668
Cyclist -1 -1 -6.0953 284.2594 182.0675 314.3618 209.8857 1.7573 0.5588 1.7014 -19.9774 2.3545 46.3384 -6.5005 0.0630
Pedestrian -1 -1 -5.4152 769.8544 175.2440 807.4702 244.4273 1.8000 0.6005 0.7993 4.7226 1.8653 19.2993 -5.1796 0.0612
Cyclist -1 -1 -3.1611 849.0827 178.3218 937.3764 257.8987 1.7054 0.7136 1.8065 6.2724 1.8326 16.1906 -2.7986 0.0609
Cyclist -1 -1 -3.4949 904.0493 173.5316 1005.6369 260.9627 1.7359 0.6434 1.7558 6.9554 1.7498 14.7221 -3.0621 0.0531
Pedestrian -1 -1 -7.8693 0.0000 179.2058 14.0229 220.8004 1.7480 0.7143 0.5715 -26.0452 2.0238 30.9099 -8.5653 0.0514
Cyclist -1 -1 -7.5803 218.3753 180.2280 233.2125 208.5793 1.6645 0.3785 1.5731 -23.2387 2.1180 43.5911 -8.0678 0.0511
Pedestrian -1 -1 -6.6821 577.8539 176.2637 600.0529 215.6457 1.7127 0.6275 0.7998 -0.9753 1.8653 31.9092 -6.7130 0.0511
Car -1 -1 -7.8919 594.8340 183.8799 650.9235 230.1005 1.3908 1.7374 3.4487 0.3201 1.7884 24.2904 -7.8797 0.9630
Car -1 -1 -7.8349 580.6299 178.5691 619.0012 216.4724 1.6367 1.6888 3.9393 -0.4827 1.9191 33.7245 -7.8497 0.8791
Car -1 -1 -4.4553 423.7558 180.3239 460.9991 203.4730 1.5884 1.6881 4.0267 -12.2594 2.1565 52.8631 -4.6825 0.7189
Car -1 -1 -4.4251 293.1874 183.1815 335.5321 209.0374 1.5982 1.6000 3.7948 -19.6987 2.3150 48.1375 -4.8119 0.3914
Car -1 -1 -5.1365 1082.7007 182.2139 1142.1895 209.0142 1.6455 1.7089 4.0572 33.2691 2.2951 47.9506 -4.5333 0.2497
Car -1 -1 -4.3640 543.1149 180.4194 577.3486 202.2934 1.7549 1.6132 4.1045 -4.2319 2.4235 61.5998 -4.4327 0.1890
Car -1 -1 -4.3703 205.6356 179.4731 255.1480 207.2213 1.5980 1.5401 3.6975 -23.3355 2.0229 44.4146 -4.8519 0.1689
Car -1 -1 -6.5972 917.4511 184.6611 1167.4354 269.2143 1.5123 1.6564 3.9698 8.3999 1.7683 14.4543 -6.0804 0.1686
Car -1 -1 -7.7307 1.1380 179.8817 58.9135 216.5382 1.5271 1.6242 3.3499 -26.1889 1.8625 32.6209 -8.4033 0.1314
Car -1 -1 -5.0416 523.3068 180.7266 558.5674 201.5015 1.4792 1.5320 3.7672 -5.3219 2.1005 54.9446 -5.1382 0.1089
Car -1 -1 -4.5460 834.1636 178.6420 869.3505 202.4083 1.5419 1.6406 4.3107 16.8301 1.9627 50.2139 -4.2248 0.1043
Car -1 -1 -6.5769 857.2032 187.1199 1081.8654 257.9994 1.4487 1.6172 4.2540 7.9030 1.7931 16.3138 -6.1336 0.0856
Car -1 -1 -4.2824 134.8485 183.1126 196.3818 211.1584 1.5065 1.6243 3.7876 -25.9299 2.1340 42.1795 -4.8310 0.0856
Car -1 -1 -4.5028 90.6150 185.9861 141.1693 214.8175 1.5204 1.6533 3.8719 -28.7731 2.3241 42.0713 -5.0999 0.0840
Car -1 -1 -4.5506 480.1020 182.0500 512.8362 205.1256 1.4917 1.6082 4.1663 -7.9140 2.1604 50.3970 -4.7060 0.0828
Car -1 -1 -4.7641 587.1320 182.0718 613.9573 204.1635 1.4716 1.7045 4.4105 -0.7542 2.1670 52.2042 -4.7790 0.0797
Car -1 -1 -7.1104 0.0000 179.8619 31.8935 215.6086 1.4590 1.5981 3.9873 -28.3153 1.7915 32.2533 -7.8269 0.0638
Car -1 -1 -4.8920 628.8961 181.2407 662.7549 204.8963 1.5904 1.7235 4.1456 2.5167 2.2222 52.2145 -4.8446 0.0625
Car -1 -1 -5.1193 1125.3502 183.1112 1190.5673 211.6374 1.6551 1.7707 4.1535 34.5645 2.3360 45.6912 -4.4752 0.0580
Car -1 -1 -4.9673 1056.1445 181.8880 1104.9911 207.8747 1.5916 1.7639 3.9080 31.0726 2.2166 47.8059 -4.3943 0.0555
Car -1 -1 -4.5509 438.7002 179.9732 475.0640 206.3333 1.6215 1.7022 4.1471 -10.0888 2.1121 47.6363 -4.7589 0.0545
Car -1 -1 -4.2432 327.5435 184.2594 381.2069 208.7670 1.4557 1.6116 4.0958 -16.6059 2.2317 46.9800 -4.5815 0.0501
