Car -1 -1 -7.8524 586.7612 172.3253 657.6287 238.6449 1.5334 1.6394 3.5882 0.2553 1.5208 18.4883 -7.8397 0.9587
Cyclist -1 -1 -4.4656 260.7938 167.9958 287.1111 215.9686 1.7882 0.5293 1.6440 -12.9547 1.6068 27.7520 -4.8990 0.1552
Pedestrian -1 -1 -6.1898 562.6392 167.1633 573.7146 191.6417 1.8145 0.5448 0.7771 -3.1440 1.3923 53.7698 -6.2482 0.1260
Cyclist -1 -1 -7.5272 125.7055 173.7576 152.3595 214.3139 1.7016 0.4065 1.7986 -20.4148 1.7416 31.2362 -8.1024 0.1072
Pedestrian -1 -1 -2.2227 96.5247 171.5780 125.9489 216.2300 1.8049 0.6709 0.7590 -20.5032 1.7531 29.6032 -2.8244 0.1049
Cyclist -1 -1 -4.3419 308.5508 171.0020 336.5400 212.2844 1.7718 0.5874 1.6481 -12.6931 1.6920 31.7937 -4.7192 0.1023
Car -1 -1 -7.8702 606.8083 162.1261 625.5061 184.0891 1.9849 1.6706 4.0102 0.5266 1.0151 67.2202 -7.8627 0.0913
Pedestrian -1 -1 -7.9714 161.7531 152.0511 176.4672 183.5161 1.8189 0.6467 0.8017 -25.8391 0.6161 42.2255 -8.5179 0.0846
Car -1 -1 -3.9466 278.4317 155.6932 336.2830 179.4838 1.7959 1.7193 4.2644 -23.7701 0.5002 56.7654 -4.3416 0.0820
Car -1 -1 -4.6350 632.5221 170.9321 653.9018 189.2729 1.6267 1.6392 4.2638 3.0559 1.4560 66.2128 -4.5894 0.0786
Pedestrian -1 -1 -3.6562 1128.8839 150.6743 1155.4052 209.3370 1.8849 0.5809 0.4674 17.2769 1.1719 23.4985 -3.0284 0.0594
Car -1 -1 -4.5240 335.0947 178.0920 387.0543 212.9516 1.4730 1.5495 3.8687 -11.3955 1.7278 33.1209 -4.8532 0.0570
Pedestrian -1 -1 -5.7677 560.6949 168.8821 569.4070 191.7437 1.6701 0.6236 0.3823 -3.3348 1.3796 53.0732 -5.8304 0.0550
Cyclist -1 -1 -8.7286 722.4994 151.2029 829.2581 266.3688 1.8356 0.6318 1.7905 2.7583 1.4902 12.4005 -8.5157 0.0542
Pedestrian -1 -1 -4.3634 133.7071 148.3064 153.7131 181.8504 1.8769 0.6644 0.9575 -26.4697 0.5031 40.9133 -4.9348 0.0536
Car -1 -1 -4.9902 930.3560 176.7433 991.1605 210.6483 1.5246 1.6518 3.7670 16.8404 1.7232 34.8990 -4.5444 0.0530
Car -1 -1 -5.4867 157.3861 152.6891 234.2061 180.4868 1.6120 1.6292 4.0421 -24.8109 0.4423 43.1792 -6.0056 0.0519
Car -1 -1 -7.0315 203.3599 153.3398 274.4176 182.9813 1.9553 1.7521 4.3365 -25.6288 0.6678 49.9336 -7.5036 0.0503
Pedestrian -1 -1 -7.2552 418.1941 175.7017 440.1610 216.0107 1.5945 0.5883 0.6581 -7.3115 1.7103 29.0104 -7.5004 0.2752
Pedestrian -1 -1 -7.6484 598.6617 167.3714 616.9348 208.7159 1.7911 0.7056 0.5402 -0.1368 1.5533 31.5928 -7.6533 0.2367
Cyclist -1 -1 -6.0425 409.8797 171.6498 449.4567 216.2285 1.7860 0.5468 1.4651 -7.3304 1.7374 29.1831 -6.2870 0.1126
Cyclist -1 -1 -3.2438 669.2935 166.0787 708.0034 198.3311 1.6487 0.8202 1.9135 4.0151 1.3021 37.2988 -3.1378 0.1020
Cyclist -1 -1 -7.7540 477.0215 174.9115 484.0782 195.5681 1.5289 0.3708 1.5541 -9.7762 1.6858 54.3512 -7.9314 0.0848
Cyclist -1 -1 -4.4115 412.0272 171.7075 437.4814 217.6081 1.7938 0.5560 1.5497 -7.4729 1.7487 28.9863 -4.6620 0.0769
Cyclist -1 -1 -4.7609 479.2288 172.1302 495.9384 216.3309 1.7131 0.5717 1.7814 -4.9563 1.6847 28.8957 -4.9298 0.0740
Cyclist -1 -1 -7.4663 411.3364 174.4022 442.1981 225.0321 1.6789 0.4646 1.5802 -6.3266 1.7335 24.7908 -7.7141 0.0727
Cyclist -1 -1 -4.8116 604.3072 167.0928 623.8649 208.1977 1.7524 0.6940 1.6307 0.1256 1.5065 31.6050 -4.8083 0.0704
Cyclist -1 -1 -8.0854 1213.8340 164.8251 1241.0000 239.9208 1.7488 0.5199 1.6448 15.2903 1.5615 17.6531 -7.3802 0.0699
Cyclist -1 -1 -8.1619 1191.1306 169.8737 1241.0000 239.0867 1.6344 0.4263 1.7350 14.9737 1.5637 17.9229 -7.4745 0.0679
Cyclist -1 -1 -8.4568 1169.4419 168.6369 1237.5486 238.7351 1.6630 0.4614 1.6133 14.6657 1.5626 17.9391 -7.7800 0.0666
Cyclist -1 -1 -4.7833 592.9374 166.8316 611.4557 208.9111 1.7970 0.6906 1.6917 -0.3959 1.5395 31.6849 -4.7962 0.0652
Cyclist -1 -1 -7.9657 472.9030 173.4224 480.7434 194.8491 1.5888 0.4129 1.5187 -10.0608 1.6320 54.3318 -8.1483 0.0624
Cyclist -1 -1 -6.0408 408.9230 170.5723 450.0336 216.0894 1.7999 0.5767 1.4986 -7.2471 1.7093 28.8214 -6.2854 0.0601
Cyclist -1 -1 -3.2720 668.7206 167.0744 706.6572 201.2896 1.7255 0.7554 1.8389 3.9122 1.4338 36.7900 -3.1673 0.0590
Cyclist -1 -1 -7.5295 251.6254 170.0226 287.3276 231.1331 1.7480 0.4551 1.6503 -10.1675 1.6667 21.4844 -7.9670 0.0567
Pedestrian -1 -1 -8.1547 718.6188 168.1013 750.4148 229.3837 1.6209 0.7112 0.5442 3.2931 1.4949 19.4023 -7.9898 0.0561
Cyclist -1 -1 -8.2407 654.4476 170.2759 668.5300 194.3564 1.5913 0.4073 1.4937 3.4188 1.4206 48.4540 -8.1710 0.0550
Cyclist -1 -1 -8.6870 1153.4712 171.9293 1239.3740 241.3550 1.6228 0.5439 1.7093 14.3301 1.6009 17.7536 -8.0165 0.0518
Pedestrian -1 -1 -3.4633 473.6455 170.9970 494.7597 214.3077 1.7145 0.6547 0.6629 -5.1039 1.6407 29.0088 -3.6364 0.0514
Car -1 -1 -4.1680 122.6720 173.4601 285.8350 244.6016 1.7128 1.7791 4.4871 -10.8749 1.7310 19.6921 -4.6671 0.8942
Car -1 -1 -4.4030 264.9566 176.2174 348.2985 225.8628 1.6277 1.6138 3.9852 -10.8540 1.7581 25.9869 -4.7953 0.7632
Car -1 -1 -7.2989 687.4082 165.2742 813.8655 225.1047 1.5769 1.6706 4.2132 4.1552 1.3768 21.1304 -7.1079 0.5039
Car -1 -1 -7.6235 960.4662 155.3735 1241.0000 374.0000 1.5513 1.6055 3.4923 4.7932 1.4286 6.8320 -7.0324 0.4948
Car -1 -1 -7.0589 663.0295 166.7433 740.4216 197.8652 1.5807 1.6391 4.1431 4.8949 1.2700 38.5539 -6.9339 0.4840
Car -1 -1 -6.9898 654.0884 169.8150 711.4502 191.9868 1.4623 1.6229 3.7469 4.9585 1.2616 49.3245 -6.8905 0.4741
Car -1 -1 -4.5070 438.1555 174.3117 474.3295 196.9149 1.4657 1.5994 4.1226 -10.4471 1.5688 49.1169 -4.7158 0.4673
Car -1 -1 -4.5876 381.6830 178.2784 444.9991 224.6968 1.5379 1.7096 4.4793 -7.2443 1.7566 26.7873 -4.8497 0.2774
Car -1 -1 -4.6235 469.4359 172.1917 495.7366 193.7348 1.6030 1.6464 4.0859 -9.8422 1.5534 55.7942 -4.7976 0.2413
Car -1 -1 -4.5427 490.4915 173.7637 515.2993 190.2669 1.4572 1.5745 4.1064 -9.7853 1.5427 66.0100 -4.6895 0.2298
Car -1 -1 -6.9442 1165.5237 178.5417 1241.0000 241.5064 1.4483 1.6086 4.2601 16.4106 1.5955 17.7369 -6.2063 0.1885
Car -1 -1 -7.5815 584.6264 173.0036 641.6502 208.5657 1.5214 1.6592 3.7329 0.1630 1.5284 32.9078 -7.5771 0.1349
Car -1 -1 -4.7077 171.9675 181.1417 223.1867 222.4794 1.4110 1.5959 4.0756 -15.8262 1.7533 27.6650 -5.2234 0.0912
Car -1 -1 -4.4364 398.9886 174.3477 445.4753 201.5312 1.5198 1.6342 3.9535 -11.0474 1.6117 42.5552 -4.6892 0.0862
Car -1 -1 -7.6277 1241.0000 148.8666 1241.0000 374.0000 1.4844 1.6226 4.1214 6.5511 1.3854 4.5346 -6.6926 0.0823
Car -1 -1 -4.2272 200.1376 181.4596 297.2615 226.2109 1.4482 1.5641 3.6983 -12.9114 1.7795 25.9379 -4.6853 0.0784
Car -1 -1 -8.5081 1168.6135 155.9507 1241.0000 331.9066 1.4599 1.6152 3.8070 8.2200 1.3194 7.9774 -7.7263 0.0624
Car -1 -1 -9.0949 0.0000 0.0000 1241.0000 374.0000 1.4785 1.5657 3.7279 3.7127 1.4555 1.6088 -7.9981 0.0612
Car -1 -1 -2.5487 229.2227 178.1603 335.3885 213.7388 1.5124 1.6410 4.0944 -14.6180 1.7571 32.1684 -2.9724 0.0561
Car -1 -1 -4.6882 394.1826 174.4157 421.3416 197.7951 1.4616 1.6230 4.1482 -13.3365 1.5691 47.6119 -4.9602 0.0552
