Car -1 -1 -7.9524 656.1938 175.6833 703.6981 217.4885 1.7364 1.7090 3.9781 3.0169 1.8703 32.2335 -7.8606 0.9334
Car -1 -1 -8.8667 931.8554 191.9352 1241.0000 374.0000 1.5399 1.6213 3.7158 2.8367 1.6520 2.2763 -8.0342 0.7536
Car -1 -1 -7.9143 646.1912 177.9867 677.0536 205.7602 1.5712 1.6133 3.8293 3.0319 1.8937 43.4506 -7.8456 0.6045
Pedestrian -1 -1 -7.8793 309.0004 162.2030 328.9594 210.4320 1.8879 0.7210 0.6051 -11.6078 1.4706 28.6642 -8.2611 0.4795
Pedestrian -1 -1 -5.5126 1194.6278 176.8267 1241.0000 275.8012 1.6593 0.5472 0.8098 10.7420 1.7305 12.5625 -4.8174 0.2834
Car -1 -1 -7.8295 631.1310 175.8830 649.5123 195.0887 1.6954 1.5971 3.9369 2.7909 1.9821 66.3480 -7.7880 0.1615
Pedestrian -1 -1 -4.9356 927.6543 165.2736 948.9493 217.4196 2.0777 0.7006 0.4278 13.1588 1.7753 29.0269 -4.5143 0.1488
Cyclist -1 -1 -8.6019 745.5646 174.2853 781.7479 217.1049 1.7390 0.5094 1.6212 6.3699 1.8002 30.1835 -8.3965 0.1462
Cyclist -1 -1 -6.4306 1050.5167 162.7472 1095.0836 199.9376 1.8438 0.6596 1.8148 23.3139 1.3425 36.4424 -5.8654 0.1277
Car -1 -1 -6.6469 993.6692 176.6581 1149.7678 224.6131 1.4189 1.5637 3.8217 14.3319 1.5441 22.6641 -6.0893 0.1253
Pedestrian -1 -1 -7.6898 776.2242 172.8751 791.4944 211.9278 1.8584 0.6311 0.5730 8.3271 1.8591 34.7222 -7.4569 0.1168
Car -1 -1 -7.2596 0.0000 130.3711 71.9395 176.2049 1.4869 1.6068 3.3740 -20.7624 0.1084 25.1596 -7.9444 0.1101
Pedestrian -1 -1 -3.7851 917.6119 166.8432 971.9803 250.2269 1.8843 0.5475 1.0168 7.6831 1.7481 16.6829 -3.3610 0.1080
Pedestrian -1 -1 -7.0460 0.0000 181.1598 16.2413 260.4924 1.5978 0.5675 0.4543 -12.7337 1.7713 14.8418 -7.7463 0.1073
Car -1 -1 -7.4752 373.6996 163.2310 416.2218 186.8492 1.7173 1.7454 3.9317 -16.2160 1.0173 54.4996 -7.7633 0.0821
Pedestrian -1 -1 -7.0422 1170.4406 175.3172 1238.0768 268.6904 1.6992 0.6261 0.7527 11.0449 1.7461 13.4920 -6.3676 0.0808
Pedestrian -1 -1 -8.1212 780.8616 166.9668 808.6500 224.4767 1.9552 0.7569 0.7426 6.3246 1.7548 24.9104 -7.8761 0.0790
Car -1 -1 -4.9895 1045.8358 173.6652 1093.5319 202.9973 1.8757 1.6564 3.9733 30.7300 1.9322 48.3972 -4.4269 0.0761
Pedestrian -1 -1 -4.4926 888.1467 166.7182 926.0156 248.7615 1.8814 0.6576 0.8948 6.9940 1.7404 17.1008 -4.1112 0.0718
Car -1 -1 -8.0359 548.9304 173.2054 573.1136 189.8873 1.5156 1.5801 3.9020 -4.6464 1.5493 67.7260 -8.1044 0.0701
Car -1 -1 -4.5517 729.5544 176.5239 763.6296 201.7200 1.6611 1.6746 4.3926 9.5906 1.9302 50.6046 -4.3660 0.0648
Pedestrian -1 -1 -6.6000 16.9247 174.4508 54.5561 250.2209 1.6542 0.6143 0.4947 -12.9008 1.6905 16.1449 -7.2662 0.0624
Pedestrian -1 -1 -4.6796 120.8227 139.1855 142.1295 187.4948 1.8003 0.6464 0.7921 -18.2069 0.5453 27.3959 -5.2617 0.0567
Car -1 -1 -4.6845 332.4616 172.1303 359.2585 196.8413 1.7429 1.7347 4.1145 -19.4337 1.6916 53.1177 -5.0339 0.0561
Pedestrian -1 -1 -5.6623 148.8435 144.8464 175.7074 193.3638 1.8379 0.5937 0.6508 -17.1984 0.7766 27.6516 -6.2145 0.0561
Car -1 -1 -3.2187 1069.2437 188.7398 1181.2837 226.4496 1.5324 1.6618 3.9784 23.0367 2.2859 32.5060 -2.6071 0.0541
Cyclist -1 -1 -6.4658 931.7355 172.9604 997.6290 230.3688 1.7700 0.6940 1.7698 11.1413 1.7732 22.8159 -6.0172 0.0534
Car -1 -1 -3.3373 737.8719 170.8125 783.3181 187.4286 1.5132 1.6183 3.8586 13.8390 1.3270 66.5335 -3.1334 0.0505
Pedestrian -1 -1 -6.5273 529.7488 174.3838 543.7159 203.4247 1.8088 0.6292 0.7440 -4.6469 1.9057 45.4073 -6.6292 0.2051
Pedestrian -1 -1 -8.0286 511.1431 174.7983 526.6959 210.1002 1.7472 0.6376 0.8439 -4.6209 1.8459 36.2632 -8.1550 0.2022
Cyclist -1 -1 -6.0021 404.7563 178.0784 467.7899 236.9071 1.6674 0.6057 1.6688 -5.0585 1.8206 20.8521 -6.2379 0.1764
Cyclist -1 -1 -5.2897 697.7812 179.4517 752.9875 250.0590 1.6334 0.5116 1.6492 2.7558 1.8029 17.7086 -5.1388 0.1586
Pedestrian -1 -1 -4.9660 1048.6808 193.2335 1069.7382 235.5743 1.5302 0.5540 0.4879 16.5680 2.2927 26.6931 -4.4162 0.1540
Cyclist -1 -1 -2.4008 0.0000 130.8102 29.1224 175.1299 1.7629 0.5847 1.7866 -24.5257 0.0902 29.0322 -3.0978 0.1185
Cyclist -1 -1 -6.7815 517.7437 175.9052 552.0276 209.5888 1.7612 0.6362 1.7320 -4.0532 1.9274 38.6161 -6.8858 0.1110
Cyclist -1 -1 -4.1750 0.0000 129.1692 23.7265 172.7964 1.7055 0.5406 1.7080 -24.5360 -0.0027 29.0947 -4.8711 0.0995
Cyclist -1 -1 -7.6821 425.7089 180.4242 458.2358 248.5901 1.6333 0.5167 1.7355 -4.3078 1.8349 18.3650 -7.9100 0.0973
Pedestrian -1 -1 -4.5779 471.6208 183.5395 494.8401 233.3595 1.4869 0.6070 0.7391 -3.9218 1.8192 22.0796 -4.7524 0.0956
Cyclist -1 -1 -2.3161 0.0000 134.1888 41.9162 177.0021 1.7285 0.6377 1.7112 -24.3677 0.1672 29.5656 -3.0010 0.0873
Cyclist -1 -1 -5.0922 1041.6387 191.9562 1074.9462 238.4640 1.6269 0.4692 1.6272 16.5687 2.3577 26.7727 -4.5437 0.0852
Cyclist -1 -1 -3.7488 1033.3545 188.2755 1087.2537 235.6181 1.7192 0.5624 1.6770 16.6360 2.2975 26.7438 -3.1980 0.0829
Cyclist -1 -1 -4.0785 333.8882 143.1817 361.4466 174.6163 1.7471 0.5206 1.7768 -14.9391 0.0976 41.0283 -4.4256 0.0812
Pedestrian -1 -1 -6.0971 641.9999 177.1011 653.1248 199.7655 1.6700 0.5482 0.7381 2.7649 1.9875 53.6501 -6.0464 0.0798
Pedestrian -1 -1 -2.3634 443.0457 183.4970 469.0327 233.7625 1.4873 0.5404 0.5498 -4.7170 1.8154 21.8844 -2.5738 0.0742
Cyclist -1 -1 -2.9392 319.9532 144.4505 355.0121 176.1332 1.7769 0.5980 1.7754 -15.4749 0.1836 40.9019 -3.2988 0.0676
Cyclist -1 -1 -3.6048 1065.9447 187.4160 1128.3463 234.7990 1.7030 0.6118 1.8278 17.8977 2.2480 26.6039 -3.0185 0.0645
Pedestrian -1 -1 -7.7295 476.6580 180.4754 499.1824 229.8031 1.5984 0.6645 0.5911 -4.0672 1.8526 23.7857 -7.8977 0.0634
Cyclist -1 -1 -7.6418 328.7850 142.6784 344.5943 174.0108 1.7430 0.4806 1.7552 -15.5731 0.0641 41.0412 -8.0024 0.0615
Cyclist -1 -1 -2.7134 319.0813 145.9394 352.6379 176.2260 1.7143 0.5794 1.7044 -15.6802 0.1906 41.1871 -3.0751 0.0577
Cyclist -1 -1 -7.4777 244.6391 158.8679 324.7543 291.4629 1.8575 0.4959 1.7435 -4.9608 1.6613 10.9887 -7.8933 0.0566
Cyclist -1 -1 -2.9009 430.3380 179.5144 495.6342 235.8652 1.6653 0.7195 1.8154 -4.4786 1.8700 21.8129 -3.1017 0.0556
Pedestrian -1 -1 -8.4117 1038.8921 178.5683 1067.2552 229.0828 1.9709 0.6964 0.6892 17.4987 2.1997 28.5801 -7.8675 0.0525
Cyclist -1 -1 -8.0808 415.9860 177.2191 445.9077 238.1435 1.6636 0.4621 1.6928 -5.1959 1.7936 20.6844 -8.3245 0.0524
Pedestrian -1 -1 -7.1451 226.7021 163.6028 295.1679 295.2894 1.8162 0.5236 0.7500 -5.0644 1.6883 10.3818 -7.5895 0.0523
Cyclist -1 -1 -7.7072 290.4859 146.9127 304.5934 176.9208 1.6753 0.4959 1.6841 -17.8526 0.2267 41.1598 -8.1142 0.0522
Cyclist -1 -1 -4.1640 0.0000 133.2832 37.3569 176.0530 1.6968 0.4935 1.6972 -24.2792 0.1266 29.4997 -4.8482 0.0516
Cyclist -1 -1 -7.7962 328.1684 144.8911 338.4879 174.8208 1.6767 0.4558 1.6424 -15.8569 0.1099 41.2730 -8.1610 0.0505
Pedestrian -1 -1 -5.4722 416.0060 173.7238 446.2503 224.8820 1.7168 0.6507 0.7750 -6.1721 1.7469 24.7128 -5.7149 0.0502
Car -1 -1 -8.1058 714.8848 188.7782 869.1121 287.2509 1.3936 1.6109 4.1653 3.0047 1.7267 12.9989 -7.8848 0.9662
Car -1 -1 -2.5263 0.0000 181.5998 266.3782 322.8667 1.5047 1.5540 3.8845 -6.4622 1.6183 8.5914 -3.1566 0.9331
Car -1 -1 -5.4667 0.0000 191.2673 205.2221 374.0000 1.4505 1.6125 4.1458 -5.8923 1.6254 5.9425 -6.2255 0.8359
Car -1 -1 -2.6181 8.0781 158.8759 320.5923 287.9034 1.8296 1.6248 3.7822 -6.7092 1.6311 11.0650 -3.1530 0.7496
Car -1 -1 -6.1229 449.9819 171.9479 536.3067 206.4111 1.8248 1.7431 4.3934 -6.3152 1.7766 39.0785 -6.2825 0.6294
Car -1 -1 -2.8415 377.6410 177.1761 495.7190 220.2620 1.5608 1.6397 4.0367 -6.5426 1.7296 27.2807 -3.0752 0.6119
Car -1 -1 -3.0420 452.6103 176.4341 522.8633 209.2034 1.6208 1.5912 3.3908 -6.2303 1.8076 36.7946 -3.2090 0.5393
Car -1 -1 -3.6864 1042.3267 194.4314 1159.3871 235.7781 1.4345 1.4640 3.3007 18.0361 2.2559 26.6755 -3.0977 0.4064
Car -1 -1 -2.5937 427.3070 180.0762 521.1673 215.0756 1.4631 1.5564 3.8663 -6.0905 1.7989 32.1584 -2.7799 0.3364
Car -1 -1 -6.0423 411.4308 178.3917 519.0891 216.8925 1.5186 1.5624 4.0724 -5.9266 1.7520 29.5810 -6.2388 0.3226
Car -1 -1 -2.9636 460.2311 173.2050 535.2637 204.8388 1.7708 1.6378 4.0152 -6.4187 1.7910 41.2777 -3.1173 0.3163
Car -1 -1 -4.5996 636.5186 174.8829 663.0296 197.9624 1.6925 1.5994 3.9685 3.0573 1.8537 55.3684 -4.5452 0.3140
Car -1 -1 -2.7418 282.1542 184.1956 456.1939 246.8348 1.5024 1.5966 3.9494 -6.1864 1.8097 18.6115 -3.0590 0.3103
Car -1 -1 -5.3855 704.7878 183.9960 839.1832 253.8713 1.4435 1.5643 3.0055 3.7037 1.7340 17.1396 -5.1772 0.3007
Car -1 -1 -2.5264 502.0373 176.2315 559.7390 197.8698 1.5621 1.6405 4.1294 -5.9987 1.8243 54.3439 -2.6362 0.2900
Car -1 -1 -7.8946 516.4570 174.4814 544.1669 201.0111 1.6492 1.6363 3.8931 -5.2755 1.7598 47.1516 -8.0058 0.2179
Car -1 -1 -2.8895 361.9646 180.6217 500.8364 227.9272 1.5349 1.5982 4.3161 -6.0393 1.8073 24.5081 -3.1292 0.1575
Car -1 -1 -4.5998 0.0000 133.0979 32.8812 173.0857 1.5640 1.6452 3.8889 -25.5497 0.0088 30.2961 -5.2961 0.1558
Car -1 -1 -6.0027 274.8009 144.3433 359.9850 173.6986 1.6327 1.6426 4.2134 -16.6690 0.0467 41.1629 -6.3853 0.1406
Car -1 -1 -7.7193 541.1226 174.3169 566.9637 195.5909 1.6977 1.6364 3.8438 -4.6310 1.8227 59.8165 -7.7966 0.1342
Car -1 -1 -2.7014 225.2975 178.9663 438.9335 254.9549 1.5629 1.7028 4.0921 -6.1190 1.7068 16.0155 -3.0614 0.0862
Car -1 -1 -7.2988 13.4813 133.0271 115.9970 170.7389 1.4766 1.5770 3.9989 -22.9782 -0.0959 30.5429 -7.9396 0.0787
Car -1 -1 -2.9398 352.0107 184.7295 493.5317 236.5089 1.4421 1.5578 3.8194 -5.5076 1.8078 21.3646 -3.1897 0.0641
Car -1 -1 -6.8789 0.0000 0.0000 1241.0000 374.0000 1.5246 1.6373 3.7240 -2.7185 1.6916 0.9556 -8.0223 0.0596
Car -1 -1 -4.7300 669.5424 178.8873 693.9141 201.4633 1.5632 1.7053 4.2413 5.2329 2.0269 53.3078 -4.6331 0.0588
Car -1 -1 -6.4630 0.0000 197.9724 0.0000 374.0000 1.5289 1.5864 3.7535 -5.0105 1.6695 2.0312 -7.6013 0.0500
