Pedestrian -1 -1 -5.4764 0.0000 193.4353 35.4952 276.7115 1.7247 0.6211 0.5898 -12.9067 2.1751 15.4565 -6.1638 0.3396
Pedestrian -1 -1 -5.6368 760.7451 155.8570 813.8290 242.6971 1.9498 0.6790 0.9905 4.0696 1.5679 16.7987 -5.4039 0.1295
Pedestrian -1 -1 -6.9060 660.8494 170.7358 671.3017 194.1560 1.9298 0.6893 0.5695 4.6284 1.7550 59.8979 -6.8297 0.1185
Pedestrian -1 -1 -7.7356 173.4843 189.6530 199.2452 247.8771 1.6467 0.5906 0.4833 -12.3384 2.1418 20.9411 -8.2628 0.0989
Pedestrian -1 -1 -6.4781 28.5610 175.3291 70.8182 266.5319 1.9352 0.7054 0.6090 -12.3198 1.9907 15.7970 -7.1325 0.0944
Pedestrian -1 -1 -4.6104 196.9209 197.1262 228.8463 266.6137 1.4448 0.5591 0.4359 -8.5919 1.9773 15.5276 -5.1090 0.0872
Pedestrian -1 -1 -8.3765 1177.2976 136.4085 1241.0000 272.9011 1.8383 0.6240 0.7667 8.5048 1.3471 10.1458 -7.6935 0.0760
Car -1 -1 -4.7078 486.3145 180.2431 540.7773 229.0436 1.4728 1.6855 4.0570 -3.3165 1.7455 24.5380 -4.8414 0.0742
Car -1 -1 -2.8047 229.3021 177.2905 324.7956 208.2539 1.5329 1.6620 4.1335 -17.0600 1.7666 37.0309 -3.2340 0.0727
Pedestrian -1 -1 -3.2274 693.2654 166.1415 730.6164 232.0763 1.9075 0.5693 1.0380 2.9357 1.7130 21.1843 -3.0924 0.0724
Pedestrian -1 -1 -7.7097 325.3427 171.1172 355.4671 238.0393 1.8988 0.7250 0.6855 -7.8437 1.8492 20.8833 -8.0653 0.0689
Pedestrian -1 -1 -7.8873 426.1386 181.1628 441.7499 220.1306 1.7605 0.6752 0.6843 -8.1448 2.1473 33.1979 -8.1265 0.0683
Car -1 -1 -4.6396 362.1378 183.1906 407.0490 221.6364 1.5969 1.6831 3.9794 -10.3603 2.1033 33.2418 -4.9399 0.0606
Cyclist -1 -1 -4.1812 0.0000 156.3609 140.2332 374.0000 1.7797 0.6358 1.6948 -3.3528 1.7109 3.8828 -4.8605 0.0599
Cyclist -1 -1 -7.4979 150.1352 190.6233 193.1919 250.0124 1.6326 0.5082 1.7294 -12.9434 2.1782 21.2689 -8.0394 0.0595
Pedestrian -1 -1 -5.1391 674.7153 178.7860 696.2242 222.7313 1.6715 0.6161 0.6442 2.8760 1.9043 27.9566 -5.0384 0.0567
Car -1 -1 -7.9045 675.5921 177.7265 707.2363 208.1865 1.6781 1.6294 4.2107 4.7220 1.9799 42.5870 -7.7954 0.0561
Car -1 -1 -4.3076 487.4446 186.5911 545.8958 217.0718 1.5397 1.6825 4.4171 -5.2540 2.3634 40.9245 -4.4350 0.0559
Pedestrian -1 -1 -5.6310 466.9463 187.8661 483.2942 219.3771 1.6518 0.6082 0.6181 -7.2573 2.4636 38.6245 -5.8161 0.0557
Cyclist -1 -1 -8.2785 764.5467 179.2181 787.6912 213.7204 1.6609 0.4747 1.6610 8.2156 1.9849 35.9125 -8.0560 0.0548
Car -1 -1 -5.8204 359.3099 181.9216 424.6227 208.1753 1.5157 1.5568 3.4311 -13.1425 2.0747 43.4458 -6.1129 0.0540
Car -1 -1 -5.0313 539.4411 186.3410 594.0942 217.1203 1.4402 1.6051 4.2737 -2.3822 2.1937 38.0443 -5.0941 0.0535
Car -1 -1 -7.3484 1239.4146 143.3994 1241.0000 374.0000 1.5415 1.6274 4.2920 7.6878 1.3496 5.8582 -6.4530 0.0504
Pedestrian -1 -1 -8.1527 457.6669 179.5839 472.1488 216.4955 1.8904 0.5698 0.6581 -7.5883 2.2442 37.5334 -8.3514 0.0502
Cyclist -1 -1 -5.7387 0.0000 176.3933 160.7309 311.5303 1.7992 0.6551 1.8893 -7.4687 1.8501 10.0322 -6.3662 0.2994
Pedestrian -1 -1 -5.1468 1188.3157 143.4255 1241.0000 279.2607 1.8145 0.5933 0.7063 8.5353 1.4211 10.0550 -4.4578 0.2943
Cyclist -1 -1 -4.1111 81.9744 190.3157 193.4881 315.3082 1.6429 0.4952 1.6719 -6.9060 1.9187 10.5637 -4.6790 0.2556
Pedestrian -1 -1 -5.6322 0.0000 187.1546 42.5253 272.2918 1.7720 0.6373 0.6748 -12.7954 2.0845 15.4573 -6.3153 0.2504
Cyclist -1 -1 -4.6461 416.6719 178.6570 428.1101 212.6090 1.6502 0.4479 1.6433 -9.4483 1.9480 36.2097 -4.9000 0.1757
Cyclist -1 -1 -4.2812 403.5361 178.7456 432.9567 225.6230 1.6925 0.5166 1.4210 -7.2031 1.9186 26.9823 -4.5402 0.1450
Pedestrian -1 -1 -3.9078 988.4154 161.3450 1045.5054 257.0945 1.7490 0.5689 0.7507 7.5833 1.5385 13.5530 -3.4076 0.1286
Pedestrian -1 -1 -5.0793 1065.1515 159.7086 1117.1001 259.6843 1.7217 0.5745 0.6244 8.4612 1.4950 12.7903 -4.5060 0.1244
Pedestrian -1 -1 -4.9758 961.6754 167.5050 1005.8419 259.3466 1.6659 0.5735 0.6586 6.9109 1.5686 13.4680 -4.5112 0.1166
Cyclist -1 -1 -7.2556 1.2887 181.0215 88.0374 266.9640 1.7467 0.5276 1.8624 -12.3666 1.9358 15.7889 -7.9120 0.1018
Pedestrian -1 -1 -3.6057 1089.5676 155.1619 1156.6865 261.6754 1.7507 0.4947 0.7813 8.5780 1.4596 12.1586 -3.0032 0.1013
Cyclist -1 -1 -3.9644 26.3600 184.1798 171.7696 317.4643 1.6890 0.6309 1.7765 -7.2127 1.8637 10.2252 -4.5669 0.0951
Pedestrian -1 -1 -7.9078 884.5143 164.7124 919.8647 261.7347 1.7259 0.5527 0.7755 5.3168 1.5808 13.2903 -7.5357 0.0866
Pedestrian -1 -1 -5.8700 6.7860 181.1768 57.9608 268.4239 1.8459 0.6187 0.6776 -12.6268 2.0314 15.7240 -6.5385 0.0861
Pedestrian -1 -1 -3.7128 37.8948 171.9691 124.3345 313.3853 1.9006 0.6353 0.7613 -7.4950 1.8884 10.1681 -4.3358 0.0842
Cyclist -1 -1 -7.4058 119.5760 182.1458 209.1427 297.2772 1.7132 0.5064 1.7941 -7.2872 1.8767 11.8019 -7.9493 0.0762
Pedestrian -1 -1 -7.9444 408.8634 174.8689 425.6910 215.9518 1.9218 0.7255 0.5219 -9.1665 2.0179 34.1586 -8.2051 0.0708
Cyclist -1 -1 -5.7804 30.7122 178.8603 196.9327 309.9467 1.7975 0.6907 1.8688 -7.1307 1.8870 10.3597 -6.3716 0.0703
Cyclist -1 -1 -3.0139 395.0134 179.2219 434.4998 226.7601 1.7351 0.5337 1.3583 -7.2845 1.9743 26.7871 -3.2775 0.0692
Pedestrian -1 -1 -5.6319 0.0000 172.1352 73.7085 321.1525 1.8765 0.6811 0.4852 -7.5585 1.8671 9.4291 -6.2941 0.0669
Pedestrian -1 -1 -3.5199 1100.5963 159.1118 1166.8605 265.9015 1.7109 0.5129 0.7438 8.5642 1.4905 11.8958 -2.9081 0.0627
Pedestrian -1 -1 -7.7215 861.0955 165.9316 899.1927 262.4994 1.7357 0.5789 0.7418 4.9799 1.6110 13.4314 -7.3745 0.0622
Cyclist -1 -1 -7.2218 0.0000 189.4024 60.9260 273.6237 1.6774 0.4119 1.7347 -12.7489 2.0547 15.5901 -7.8990 0.0594
Cyclist -1 -1 -3.6152 937.9598 165.1659 1050.2886 257.7037 1.6694 0.5242 1.7874 6.9951 1.5304 13.2797 -3.1402 0.0585
Cyclist -1 -1 -4.9029 389.8373 177.9725 414.8022 225.5600 1.7084 0.5997 1.6195 -7.8117 1.9054 26.9461 -5.1830 0.0558
Cyclist -1 -1 -7.3628 0.0000 185.8835 59.7999 278.2723 1.6659 0.4998 1.8036 -11.6742 1.9390 14.2062 -8.0416 0.0556
Pedestrian -1 -1 -3.5100 1126.4323 155.8141 1198.4420 270.4472 1.7452 0.4764 0.7742 8.5931 1.4855 11.3172 -2.8736 0.0540
Pedestrian -1 -1 -5.4594 428.8311 178.8360 450.8130 218.8424 1.8058 0.6710 0.7241 -7.8693 2.0847 33.1926 -5.6909 0.0530
Cyclist -1 -1 -5.6522 0.0000 180.2239 125.6686 321.4991 1.7913 0.6308 1.8670 -7.6049 1.8918 9.5269 -6.3125 0.0525
Car -1 -1 -4.5554 478.3702 184.3570 544.7515 229.3582 1.3804 1.6670 4.1859 -3.4065 1.8175 25.3255 -4.6884 0.9401
Car -1 -1 -4.3222 127.2294 176.2405 422.9692 362.3658 1.7045 1.6676 4.1369 -3.6952 1.7550 8.7520 -4.7118 0.9227
Car -1 -1 -3.8694 0.0000 211.6747 165.3665 374.0000 1.5197 1.6183 3.8425 -3.8014 1.7806 2.9099 -4.7427 0.5953
Car -1 -1 -7.9348 674.8300 171.8966 707.7131 203.5440 1.7744 1.6007 3.8482 4.6953 1.7204 42.4008 -7.8258 0.2210
Car -1 -1 -7.8529 311.0023 184.3551 372.6271 243.6412 1.5872 1.6297 3.5443 -8.2147 1.9689 22.0164 -8.2065 0.1240
Car -1 -1 -4.5341 516.0448 180.7056 564.6039 215.2850 1.5199 1.6294 4.0874 -3.3327 1.9209 34.7741 -4.6295 0.1227
Car -1 -1 -4.4186 268.6483 181.2165 324.4701 212.9594 1.4556 1.5436 3.6998 -15.6160 1.8952 36.0269 -4.8253 0.1012
Car -1 -1 -2.6563 302.5456 185.3299 428.4002 227.5346 1.4742 1.6704 4.1724 -9.1691 1.9616 27.0471 -2.9806 0.0905
Car -1 -1 -5.0013 979.4626 159.3098 1180.0835 281.5998 1.6152 1.5714 3.8048 7.1937 1.4360 11.5690 -4.4569 0.0838
Car -1 -1 -4.5949 359.9246 180.9731 408.6241 218.9974 1.6029 1.6922 3.9641 -10.4250 2.0023 33.4171 -4.8955 0.0759
Car -1 -1 -4.6061 762.6749 176.3846 786.7119 198.2620 1.7804 1.6163 3.7096 14.0120 2.0904 61.3870 -4.3832 0.0722
Car -1 -1 -4.4387 479.5122 180.2996 537.0601 214.6969 1.5266 1.6715 4.3366 -4.9304 1.9135 35.2629 -4.5771 0.0719
Car -1 -1 -7.7082 626.7527 182.9118 666.2229 213.2188 1.5512 1.6743 3.7785 2.0458 2.1405 40.2832 -7.6584 0.0713
