Pedestrian -1 -1 -7.9967 846.8726 162.6232 873.0466 229.2583 1.9796 0.6303 0.8526 7.5334 1.6753 21.9118 -7.6704 0.2373
Pedestrian -1 -1 -3.7900 755.9485 175.7649 782.3735 224.7452 1.8922 0.6365 0.7910 6.2141 2.0083 28.3844 -3.5773 0.1909
Pedestrian -1 -1 -8.2586 1206.8344 119.5706 1241.0000 196.8421 1.7607 0.6412 0.4624 14.3072 0.5463 16.7549 -7.5603 0.1340
Cyclist -1 -1 -8.0188 727.2136 175.1100 740.7245 207.8813 1.7682 0.4532 1.7299 6.8123 1.8955 39.9167 -7.8515 0.1184
Pedestrian -1 -1 -4.4881 769.0563 169.6853 791.3893 224.9030 2.0018 0.6220 0.9074 6.2578 1.8866 26.7018 -4.2611 0.1164
Pedestrian -1 -1 -4.6920 835.2244 158.7731 861.8202 235.7748 1.9453 0.6415 0.9281 6.1588 1.5893 18.7716 -4.3803 0.0958
Pedestrian -1 -1 -8.0614 1028.6859 140.3933 1067.7520 216.2263 1.7851 0.6841 0.6324 10.5018 1.0207 17.3946 -7.5259 0.0907
Pedestrian -1 -1 -3.4270 709.6095 174.7120 725.6119 207.4394 1.9345 0.7005 0.7781 6.3882 2.0462 43.0954 -3.2814 0.0869
Pedestrian -1 -1 -7.9045 1159.9969 135.5614 1193.4133 209.4214 1.7063 0.5906 0.5071 13.3275 0.8445 17.0457 -7.2493 0.0823
Pedestrian -1 -1 -8.8990 1046.2615 142.8187 1090.4576 218.7759 1.7490 0.6766 0.6297 10.7764 1.0571 17.0512 -8.3434 0.0809
Cyclist -1 -1 -3.1589 765.1829 175.4718 807.7556 217.6935 1.7907 0.7488 1.7690 7.5801 1.9057 31.2278 -2.9236 0.0744
Pedestrian -1 -1 -8.0378 1114.8666 140.2349 1154.4237 215.4876 1.7454 0.6723 0.5106 12.3777 0.9885 17.1081 -7.4197 0.0658
Pedestrian -1 -1 -4.5794 1216.6030 115.6888 1241.0000 195.8294 1.7821 0.6494 0.5875 14.2788 0.5106 16.4831 -3.8741 0.0644
Pedestrian -1 -1 -6.1936 1027.2086 149.6858 1059.9861 231.2257 1.8712 0.6658 0.6114 10.1701 1.3392 17.0065 -5.6626 0.0640
Pedestrian -1 -1 -8.5160 1052.1451 140.7561 1098.2931 218.6835 1.7698 0.6845 0.5819 10.7141 1.0405 16.7105 -7.9540 0.0628
Pedestrian -1 -1 -5.5052 823.8719 163.6118 858.0028 229.4339 1.9561 0.6372 0.7579 6.9647 1.6811 21.9266 -5.2022 0.0628
Pedestrian -1 -1 -7.4614 155.3197 172.8393 205.4612 285.2069 1.8187 0.5639 0.5023 -7.1694 1.8182 11.9658 -7.9918 0.0616
Pedestrian -1 -1 -4.5587 733.8650 168.9480 750.5134 213.8973 2.1197 0.6665 0.8336 6.2880 1.9352 34.5283 -4.3807 0.0613
Pedestrian -1 -1 -5.8025 1031.4954 139.4064 1077.5100 215.2133 1.8030 0.6321 0.7533 10.8155 1.0072 17.6477 -5.2602 0.0541
Pedestrian -1 -1 -8.0013 1140.9652 137.8799 1180.6945 219.2744 1.7986 0.6366 0.5438 12.4070 1.0255 16.3344 -7.3605 0.0533
Pedestrian -1 -1 -4.3371 1004.2827 151.3124 1042.8262 228.7241 1.8579 0.6779 0.5295 10.1179 1.3406 17.7469 -3.8264 0.0518
Pedestrian -1 -1 -5.1842 1175.3280 130.9909 1223.6211 209.3374 1.7456 0.6308 0.6323 13.3739 0.8126 16.4492 -4.5102 0.0506
Car -1 -1 -4.6854 553.7151 185.6651 577.0972 208.1744 1.6938 1.7918 3.9541 -3.6147 2.7693 58.5864 -4.7472 0.2571
Car -1 -1 -7.8800 765.2148 186.5078 803.5510 224.2953 1.5432 1.5784 3.6067 7.8305 2.1998 32.7861 -7.6483 0.0833
Car -1 -1 -7.9104 596.2078 180.9414 620.5050 205.8178 1.8604 1.7078 3.7385 -0.1880 2.5218 57.1234 -7.9142 0.0589
