Pedestrian -1 -1 -3.1312 825.0945 172.1918 854.6024 218.8811 1.7281 0.5755 1.0468 8.5984 1.7033 27.1411 -2.8282 0.4236
Pedestrian -1 -1 -4.4684 189.1969 164.4441 211.2347 211.6165 1.9928 0.6936 0.6043 -17.5668 1.6372 30.8652 -4.9823 0.3940
Car -1 -1 -5.6140 257.5717 175.2290 315.8620 193.9867 1.6148 1.7130 4.6517 -28.6310 1.8293 63.8731 -6.0340 0.0985
Pedestrian -1 -1 -5.0011 527.2073 166.9486 543.8232 204.4222 1.9177 0.6555 0.8007 -3.9049 1.6152 37.4188 -5.1049 0.0837
Car -1 -1 -7.8905 359.2927 170.6640 380.3949 191.6988 1.9370 1.7490 4.4073 -22.9500 1.7351 68.8145 -8.2115 0.0784
Pedestrian -1 -1 -3.0772 766.6859 169.2975 779.7078 197.0957 1.8222 0.5199 0.8085 10.7481 1.5888 47.6610 -2.8571 0.0754
Car -1 -1 -8.7014 770.4186 176.6897 823.4253 199.5199 1.5193 1.5414 3.4225 13.0113 1.7972 50.4851 -8.4510 0.0712
Pedestrian -1 -1 -5.7751 347.9651 169.8975 357.1302 190.3165 1.7850 0.5658 0.5532 -22.6434 1.5262 63.3990 -6.1171 0.0699
Pedestrian -1 -1 -2.9522 930.8241 163.8856 984.4898 252.1087 1.9366 0.5261 1.0181 7.8228 1.7394 16.3506 -2.5137 0.0571
Car -1 -1 -6.9794 895.0434 170.7376 973.5220 200.2337 1.5640 1.6608 3.7340 17.7307 1.4515 39.5704 -6.5613 0.0501
Cyclist -1 -1 -3.7691 296.1263 173.2574 335.0215 210.1954 1.7456 0.6018 1.7216 -14.3102 1.7654 35.0071 -4.1548 0.1528
Cyclist -1 -1 -4.4027 265.7820 177.5462 286.6264 211.3989 1.6610 0.4909 1.5967 -16.8918 1.9031 36.4529 -4.8342 0.1391
Pedestrian -1 -1 -4.4392 784.9919 168.8399 802.3867 204.6059 1.8359 0.6869 0.8088 9.5244 1.6295 37.5578 -4.1932 0.0904
Cyclist -1 -1 -2.3161 252.9011 175.0614 288.3001 210.4633 1.7515 0.6321 1.6990 -17.1567 1.8644 36.3875 -2.7541 0.0783
Cyclist -1 -1 -7.4147 252.8242 177.8900 279.0949 216.4842 1.6207 0.4164 1.5254 -14.9357 1.8439 31.2627 -7.8574 0.0769
Pedestrian -1 -1 -3.9912 285.4367 170.6691 309.1306 211.3402 1.9529 0.6704 0.8415 -15.2697 1.8477 35.1494 -4.3986 0.0667
Pedestrian -1 -1 -5.6984 332.7395 169.8421 353.4700 206.0549 1.8521 0.5649 0.8308 -13.8243 1.6978 37.2737 -6.0515 0.0614
Car -1 -1 -4.0798 65.4294 170.7293 200.8063 229.8251 1.8487 1.6827 4.2186 -16.1959 1.7819 24.7257 -4.6550 0.8909
Car -1 -1 -3.9802 0.0000 180.8807 80.6977 242.0614 1.5221 1.6006 3.3384 -16.8589 1.7643 20.0973 -4.6717 0.8603
Car -1 -1 -4.1332 185.6761 178.8837 275.9092 219.1217 1.5370 1.5236 3.7356 -15.7392 1.8042 30.0764 -4.6120 0.7794
Car -1 -1 -7.5748 247.9455 179.2899 298.3505 208.7939 1.4319 1.4995 3.3788 -17.5219 1.7827 37.5815 -8.0086 0.1717
Car -1 -1 -8.1620 904.0110 152.7051 941.1501 175.5266 1.9635 1.7838 4.3752 27.7929 0.2296 64.3423 -7.7560 0.1591
Car -1 -1 -4.5838 41.3808 153.7521 82.7155 181.8466 1.8771 1.7584 4.2991 -38.3255 0.6005 50.5122 -5.2304 0.0918
Car -1 -1 -4.2453 34.9915 181.9758 132.0423 220.0691 1.3697 1.5437 3.8944 -21.0428 1.7614 28.9663 -4.8694 0.0807
Car -1 -1 -7.3456 288.7469 173.4713 364.5382 209.9823 1.7709 1.7811 4.2826 -14.5890 1.8045 37.3163 -7.7162 0.0782
Car -1 -1 -4.9163 668.3110 173.7083 712.7887 204.6390 1.6167 1.6569 3.9786 4.3564 1.6660 39.8866 -4.8088 0.0764
Car -1 -1 -4.9013 878.2559 155.4655 908.9212 175.0635 1.6839 1.7425 4.3622 25.1999 0.1895 64.2992 -4.5293 0.0683
Car -1 -1 -4.8262 402.7420 177.2996 441.7744 206.2983 1.4809 1.6365 3.9080 -10.3865 1.7377 39.6133 -5.0814 0.0592
Car -1 -1 -7.8538 8.6862 161.0593 41.3929 186.8739 1.7045 1.6968 4.2166 -40.4004 0.9254 49.8162 -8.5327 0.0539
