Pedestrian -1 -1 -4.5248 829.8605 184.2488 844.7830 217.8551 1.3390 0.5004 0.4727 9.1861 1.8065 29.2951 -4.2244 0.0886
Pedestrian -1 -1 -7.3710 657.7995 181.4955 673.5295 211.5883 1.4883 0.5768 0.6020 2.7637 1.9280 36.3281 -7.2963 0.0806
Car -1 -1 -4.6852 568.7841 175.8495 586.6488 192.5799 1.5679 1.6328 4.1994 -3.1469 1.8691 70.4917 -4.7300 0.0671
Car -1 -1 -4.0842 434.1932 176.6139 485.8515 200.7065 1.6808 1.6958 4.0091 -11.0333 1.9690 53.1926 -4.2881 0.0619
Car -1 -1 -7.1675 0.0000 179.5457 131.5907 239.6887 1.5400 1.7406 4.0617 -16.2329 1.7535 20.9933 -7.8197 0.0579
Car -1 -1 -4.0559 431.4435 177.2290 478.5063 197.2217 1.5413 1.5834 4.0843 -12.6032 1.9106 58.7652 -4.2666 0.0569
Pedestrian -1 -1 -5.3257 355.7156 174.5271 370.4480 202.9843 1.7301 0.5751 0.6717 -15.2108 1.8336 44.3472 -5.6546 0.0537
Car -1 -1 -4.5731 1036.6572 185.4853 1065.0231 203.3329 1.5114 1.6583 4.2919 40.5601 2.7115 66.3849 -4.0271 0.0534
Car -1 -1 -4.6889 1097.7897 179.8870 1122.9946 200.9910 1.6405 1.6291 4.0689 41.3490 2.2422 59.6307 -4.0854 0.0527
Car -1 -1 -5.3960 902.0641 183.3329 948.7618 201.1078 1.5886 1.7399 4.3847 30.3436 2.6331 69.5976 -4.9868 0.0516
Cyclist -1 -1 -2.4041 70.6891 171.6184 117.0153 211.9832 1.7917 0.6310 1.7188 -23.2442 1.7366 32.4439 -3.0221 0.0516
Pedestrian -1 -1 -8.2148 669.9998 170.4519 694.7567 227.1533 1.8089 0.6340 0.5764 2.2940 1.7320 23.3800 -8.1190 0.1165
Car -1 -1 -4.3924 255.1424 182.2632 453.5730 297.3718 1.4946 1.7068 4.4173 -3.9829 1.6789 11.9425 -4.7084 0.9576
Car -1 -1 -7.8327 587.1005 175.0934 624.2485 211.1097 1.5611 1.6256 4.5032 -0.1990 1.6728 33.8201 -7.8391 0.9136
Car -1 -1 -7.1681 0.0000 182.8053 88.8033 230.9758 1.5111 1.5306 3.2872 -20.0527 1.8780 24.9726 -7.8396 0.8914
Car -1 -1 -7.3952 245.8890 178.7426 300.1043 206.0167 1.5430 1.6317 3.3340 -20.1678 1.9094 43.2360 -7.8296 0.8875
Car -1 -1 -4.5570 486.7291 175.6282 541.1060 216.2568 1.5977 1.6639 4.2157 -4.0652 1.7240 30.7927 -4.6877 0.8027
Car -1 -1 -4.7424 541.1516 177.0853 565.4475 198.0402 1.4666 1.6675 3.9270 -4.2547 1.7912 53.3676 -4.8220 0.7775
Car -1 -1 -4.3028 287.5764 175.4019 338.0807 200.4243 1.5980 1.5668 4.2882 -20.0067 1.7772 48.6786 -4.6911 0.6038
Car -1 -1 -4.6334 673.8954 181.6899 701.5112 205.0838 1.5497 1.6432 4.2862 5.5810 2.2109 51.7603 -4.5272 0.0975
Car -1 -1 -4.8083 1176.8993 187.8239 1213.7986 211.9888 1.5438 1.6225 4.0338 41.1808 2.6431 50.8675 -4.1311 0.0784
Car -1 -1 -8.1773 424.6575 179.2398 476.5544 208.8353 1.5121 1.6068 4.0136 -8.9031 1.8839 39.9185 -8.3957 0.0659
