Car -1 -1 -4.7166 501.8564 165.5427 546.8683 208.3064 1.5127 1.5880 3.6463 -3.1025 0.9838 26.9127 -4.8281 0.8736
Pedestrian -1 -1 -3.6419 678.1172 157.3883 705.1135 203.6251 1.8213 0.5769 0.9061 3.4354 0.9112 28.2874 -3.5206 0.4185
Pedestrian -1 -1 -5.8799 1119.2405 158.8374 1169.5363 245.5555 1.7818 0.5755 0.6775 11.3659 1.3370 14.9651 -5.2390 0.1412
Car -1 -1 -4.8997 465.7860 167.1022 491.9728 186.2174 1.5361 1.5218 3.4917 -10.4879 0.4594 58.7200 -5.0737 0.1386
Pedestrian -1 -1 -5.3126 1135.0161 243.3438 1223.0000 369.0000 1.1008 0.3789 0.3472 3.6807 1.5231 4.5643 -4.6654 0.1380
Cyclist -1 -1 -8.5141 663.4282 160.1960 694.0082 198.3194 1.6751 0.4806 1.6145 3.2885 0.7832 31.8797 -8.4105 0.0985
Pedestrian -1 -1 -7.8238 440.1316 159.4939 452.6806 192.8757 1.8033 0.6473 0.6608 -8.6647 0.6687 38.5794 -8.0411 0.0899
Pedestrian -1 -1 -7.6404 20.4055 164.0289 37.4541 197.2801 1.8667 0.6102 0.7170 -32.7198 0.9421 40.1505 -8.3185 0.0786
Car -1 -1 -4.3456 113.4490 170.6089 170.7937 197.0683 1.5519 1.5969 4.0523 -28.4749 0.9719 43.6162 -4.9189 0.0748
Pedestrian -1 -1 -5.1573 332.2375 165.8654 354.0621 204.3510 1.6161 0.7193 0.5199 -11.1823 1.0017 30.1286 -5.5073 0.0747
Cyclist -1 -1 -7.3910 156.2708 152.3991 208.3354 219.4783 1.7280 0.4736 1.7306 -11.4221 1.0044 19.0932 -7.9207 0.0718
Car -1 -1 -7.8432 465.0346 167.2705 490.1993 191.6876 1.5835 1.6112 3.6367 -8.5841 0.7256 47.7780 -8.0180 0.0715
Car -1 -1 -7.8699 638.4027 163.9592 664.8282 189.8191 1.6052 1.6384 3.7836 2.9833 0.5786 45.8200 -7.8035 0.0712
Pedestrian -1 -1 -7.9173 665.3140 154.1626 680.0026 192.5964 1.8358 0.6591 0.7566 3.2445 0.5779 34.1606 -7.8216 0.0637
Cyclist -1 -1 -4.6231 663.1138 160.7634 675.2162 192.8322 1.6075 0.4755 1.6345 3.2822 0.6183 36.2893 -4.5318 0.0624
Pedestrian -1 -1 -5.3655 429.0525 159.2192 447.6390 193.2316 1.7829 0.6829 0.6892 -8.8648 0.6675 37.5450 -5.5936 0.0615
Pedestrian -1 -1 -7.5175 489.4680 162.6733 502.1191 190.4431 1.8404 0.6407 0.6978 -7.3003 0.6590 47.2605 -7.6679 0.0570
Pedestrian -1 -1 -6.1699 131.3986 159.8293 140.2208 197.2922 1.8535 0.5498 0.3045 -23.4385 0.8310 35.2953 -6.7501 0.0527
Car -1 -1 -4.9296 595.2993 163.3838 621.9424 181.4756 1.7263 1.7111 4.4623 0.3458 0.0929 69.8255 -4.9228 0.0521
Pedestrian -1 -1 -7.9075 983.3549 155.3517 1010.2724 226.9140 1.9179 0.5835 1.1234 10.7998 1.2442 19.5815 -7.4087 0.6564
Pedestrian -1 -1 -8.5747 988.1182 155.5514 1035.5719 224.8453 1.8914 0.5942 1.0701 11.3870 1.2107 19.8838 -8.0599 0.5491
Pedestrian -1 -1 -4.3166 159.7849 152.5011 183.8793 197.1446 1.9501 0.7292 0.6070 -19.1562 0.7273 31.2387 -4.8602 0.1841
Cyclist -1 -1 -4.4539 327.6893 157.3904 351.6801 198.6368 1.7352 0.5295 1.7846 -11.5140 0.7632 30.6592 -4.8078 0.1791
Pedestrian -1 -1 -8.1573 321.7297 160.6055 342.9800 201.9104 1.7360 0.6930 0.6248 -11.6624 0.9001 30.1766 -8.5206 0.1622
Pedestrian -1 -1 -5.1534 224.8703 161.9643 245.0877 201.0638 1.8731 0.6626 0.6376 -17.9845 0.9853 34.3288 -5.6303 0.1447
Pedestrian -1 -1 -4.6198 28.7645 164.3216 49.6463 207.7751 1.7745 0.6361 0.4196 -23.4060 1.1140 29.2225 -5.2880 0.1353
Cyclist -1 -1 -4.3832 214.4190 165.2731 235.5484 197.7133 1.6513 0.4572 1.6439 -19.8037 0.8764 36.8384 -4.8710 0.1299
Pedestrian -1 -1 -6.2873 203.6269 157.6698 210.0911 196.5358 1.8585 0.4978 0.2700 -19.2182 0.7670 34.0936 -6.7947 0.1281
Cyclist -1 -1 -5.5897 310.6755 158.9547 358.1678 200.5396 1.7362 0.7457 1.8455 -11.5707 0.8369 30.1732 -5.9504 0.1236
Pedestrian -1 -1 -3.9767 140.2090 157.6955 167.3485 201.1784 1.8438 0.6409 0.7581 -19.4262 0.8770 30.4103 -4.5385 0.1198
Pedestrian -1 -1 -7.4200 131.2742 166.2765 153.6272 203.7907 1.7157 0.6741 0.5997 -21.3964 1.0654 32.6806 -7.9934 0.1181
Pedestrian -1 -1 -7.0600 185.9333 157.6309 209.5746 199.1314 1.8256 0.6623 0.6295 -18.1614 0.8198 31.4962 -7.5767 0.1153
Pedestrian -1 -1 -4.1283 242.6902 156.7782 266.6940 199.8705 1.8143 0.7144 0.5800 -14.9358 0.8158 30.1025 -4.5828 0.1050
Pedestrian -1 -1 -5.2328 397.9969 159.2003 417.6046 197.1694 1.7024 0.6266 0.6356 -8.9891 0.7476 32.1476 -5.5010 0.0958
Pedestrian -1 -1 -5.6063 202.4849 160.7043 221.6703 200.1761 1.7209 0.6187 0.4506 -17.3427 0.8581 31.1705 -6.1078 0.0941
Pedestrian -1 -1 -4.1517 325.7742 162.9875 346.6352 201.8940 1.6745 0.6131 0.6200 -11.7288 0.9210 30.7963 -4.5102 0.0889
Cyclist -1 -1 -6.9204 983.7287 162.6763 1035.2079 209.0343 1.8065 0.6972 1.6872 15.9806 1.1122 28.0007 -6.4050 0.0730
Cyclist -1 -1 -7.8383 316.7288 159.8731 332.3494 200.9210 1.7068 0.5891 1.7153 -12.0365 0.8493 30.3056 -8.2108 0.0701
Pedestrian -1 -1 -3.8895 230.9592 165.7922 243.9133 199.4221 1.8675 0.5768 0.3428 -20.5589 1.0509 39.5227 -4.3641 0.0691
Pedestrian -1 -1 -7.5522 279.1262 158.9615 300.9368 201.4503 1.7821 0.7193 0.5268 -13.3660 0.8789 29.9568 -7.9660 0.0685
Pedestrian -1 -1 -7.5462 301.6472 158.3007 322.4355 197.6974 1.7361 0.7024 0.6105 -13.0666 0.7580 31.4903 -7.9340 0.0678
Pedestrian -1 -1 -7.9716 288.3071 160.3632 306.8686 201.2670 1.7218 0.6696 0.5407 -13.1414 0.8744 30.1645 -8.3766 0.0674
Cyclist -1 -1 -4.4901 154.5005 161.1611 177.7977 200.7336 1.6998 0.4959 1.7413 -19.4213 0.8693 31.2756 -5.0393 0.0660
Cyclist -1 -1 -5.1762 984.7853 161.0809 1021.5078 209.0715 1.8606 0.5705 1.7027 15.8720 1.1080 28.2759 -4.6679 0.0645
Cyclist -1 -1 -7.4482 332.1436 158.4606 361.2396 199.6034 1.7354 0.5304 1.7609 -11.2297 0.8060 30.7190 -7.7934 0.0644
Pedestrian -1 -1 -3.4251 360.7650 156.9711 378.4052 200.8390 1.7899 0.5598 0.5594 -9.7628 0.8301 29.2388 -3.7421 0.0638
Pedestrian -1 -1 -7.6795 332.6027 165.5370 353.5906 204.1242 1.6262 0.7580 0.5238 -11.1781 0.9958 30.1209 -8.0295 0.0636
Cyclist -1 -1 -4.5837 166.0689 157.5705 184.6556 196.8285 1.7019 0.4782 1.7624 -19.1862 0.7081 31.5550 -5.1235 0.0618
Cyclist -1 -1 -6.6689 971.3643 159.4001 1023.9081 207.2313 1.8863 0.6889 1.7054 15.6849 1.0544 28.3248 -6.1663 0.0612
Pedestrian -1 -1 -7.3583 653.5673 165.4753 665.9758 190.3535 1.7273 0.6464 0.6265 3.8371 0.6842 49.5288 -7.2797 0.0611
Cyclist -1 -1 -5.3001 974.6269 161.1457 1014.3135 209.0842 1.8647 0.5533 1.6720 15.5710 1.1121 28.3596 -4.8011 0.0610
Cyclist -1 -1 -2.6353 299.2807 161.0216 346.7699 202.4144 1.7217 0.7419 1.7227 -11.9375 0.9117 29.8897 -3.0097 0.0598
Cyclist -1 -1 -2.4011 81.9396 160.0986 129.1471 200.5656 1.7064 0.5597 1.7272 -21.3576 0.8463 30.2063 -3.0097 0.0537
Pedestrian -1 -1 -7.6706 336.3364 159.6500 356.2111 201.5153 1.7812 0.7087 0.5763 -11.1533 0.8943 30.4241 -8.0167 0.0530
Cyclist -1 -1 -4.9084 1000.5161 162.3488 1026.4109 210.2258 1.8390 0.5698 1.6495 16.1490 1.1420 28.0305 -4.3890 0.0513
Pedestrian -1 -1 -6.8701 218.0837 163.6004 238.1984 198.8610 1.8126 0.7396 0.6195 -19.6281 0.9440 36.7964 -7.3547 0.0503
Car -1 -1 -4.6545 524.3629 167.6214 559.6252 197.3862 1.4044 1.5313 3.6916 -3.1116 0.7970 35.2282 -4.7399 0.7153
Car -1 -1 -3.2804 618.7637 167.1925 680.3430 189.0338 1.5199 1.6662 4.1713 3.1338 0.5939 50.1902 -3.2167 0.2090
Car -1 -1 -6.7119 564.7072 167.5831 608.2119 183.0107 1.4688 1.5654 3.9429 -1.7766 0.2389 68.8832 -6.7358 0.1881
Car -1 -1 -7.5083 255.9161 160.0845 325.4935 198.4088 1.6195 1.7066 3.6374 -14.0439 0.7570 31.7480 -7.9191 0.1318
Car -1 -1 -8.1699 959.5558 171.1441 1035.2296 209.9793 1.5014 1.5885 3.9144 16.1814 1.1399 29.4044 -7.6698 0.1223
Car -1 -1 -4.5429 98.3321 165.7681 160.4196 202.2702 1.4919 1.6459 3.5856 -20.7040 0.8900 30.8702 -5.1270 0.0758
Car -1 -1 -7.6396 301.2488 160.7579 358.4559 198.8744 1.5969 1.6297 3.6101 -12.2160 0.7700 31.5286 -8.0039 0.0592
