Pedestrian -1 -1 -4.2536 0.0000 185.4898 24.1600 253.4967 1.7351 0.5463 0.5882 -15.8672 2.0716 18.8875 -4.9455 0.2891
Cyclist -1 -1 -6.3871 635.8777 178.6975 668.2703 212.7867 1.8453 0.7208 1.7075 2.2638 2.1690 39.5971 -6.3311 0.1765
Cyclist -1 -1 -6.9894 953.1793 158.5479 996.6451 200.9669 1.8613 0.6762 1.7016 16.2349 1.2332 32.1925 -6.5262 0.1649
Pedestrian -1 -1 -4.5595 871.8798 146.1546 905.0688 224.1908 1.9875 0.6711 1.0475 7.2884 1.3072 18.9983 -4.1989 0.1525
Pedestrian -1 -1 -7.4720 318.6570 185.5903 333.0558 212.3882 1.6888 0.6728 0.6206 -18.1778 2.5074 46.0811 -7.8462 0.1343
Pedestrian -1 -1 -6.4638 251.1877 185.9272 269.3966 225.1011 1.8095 0.6558 0.6683 -16.5694 2.4355 34.0999 -6.9134 0.0999
Pedestrian -1 -1 -8.1312 1221.1445 159.9956 1241.0000 210.3507 1.7833 0.6811 0.3044 22.3178 1.3276 25.8328 -7.4246 0.0917
Cyclist -1 -1 -3.8699 95.0537 189.4018 149.6527 244.1467 1.7158 0.5578 1.5076 -16.1738 2.2820 23.8979 -4.4600 0.0884
Cyclist -1 -1 -7.6612 634.4283 180.2354 652.5216 219.9518 1.7143 0.4897 1.7488 1.4702 2.0546 32.3884 -7.6170 0.0789
Pedestrian -1 -1 -8.3070 890.2424 166.7439 919.5224 215.7833 1.6796 0.6773 0.7576 10.2097 1.4700 25.1140 -7.9254 0.0726
Cyclist -1 -1 -6.4423 1186.0538 134.3119 1241.0000 179.2429 1.8762 0.6988 1.8098 25.8282 0.2665 30.8902 -5.7504 0.0687
Pedestrian -1 -1 -4.2913 0.0000 166.6698 15.2541 216.8974 1.9389 0.5711 0.3445 -23.6321 1.6999 28.0956 -4.9860 0.0662
Car -1 -1 -4.3140 270.5714 190.4165 336.4585 220.1621 1.4458 1.7587 4.4474 -16.8933 2.4713 39.9208 -4.7123 0.0657
Car -1 -1 -4.6677 476.9167 182.7553 502.5873 206.5898 1.6126 1.6674 4.2438 -8.7995 2.3679 52.8570 -4.8323 0.0603
Pedestrian -1 -1 -8.9209 1164.8677 142.1682 1184.2139 181.1659 1.7882 0.6274 0.4618 26.1066 0.3808 33.4216 -8.2620 0.0577
Car -1 -1 -5.2224 834.6352 171.9476 925.7507 213.5591 1.4591 1.5848 3.7223 10.0562 1.4270 27.2645 -4.8730 0.0536
Pedestrian -1 -1 -7.7314 381.0714 181.8372 392.6463 212.2747 1.8299 0.6068 0.5805 -13.6147 2.3806 43.9182 -8.0308 0.0533
Car -1 -1 -4.9616 580.3822 178.0739 608.4749 197.6596 1.6608 1.5887 3.8948 -1.4447 2.1414 64.3866 -4.9844 0.0512
Pedestrian -1 -1 -4.6667 414.5587 188.3274 431.0656 229.5986 1.5459 0.5813 0.7609 -7.2481 2.1507 27.7834 -4.9201 0.2899
Pedestrian -1 -1 -7.3664 372.0980 185.5197 387.5931 213.9786 1.7325 0.6316 0.7631 -14.3032 2.5252 44.7424 -7.6745 0.1283
Pedestrian -1 -1 -7.0816 355.9675 185.7932 372.0039 214.0266 1.7154 0.6767 0.6527 -15.2684 2.5243 44.6833 -7.4095 0.1212
Pedestrian -1 -1 -7.1853 146.5627 193.1659 178.6871 245.7479 1.6509 0.6446 0.6034 -14.4585 2.3146 23.2511 -7.7368 0.1108
Pedestrian -1 -1 -8.2559 380.0559 183.3288 393.7081 213.7425 1.8176 0.6275 0.5489 -13.5849 2.4594 43.8172 -8.5552 0.0960
Pedestrian -1 -1 -5.8639 399.8680 184.0174 414.2617 211.8514 1.7093 0.6241 0.6671 -12.6753 2.4100 44.9528 -6.1376 0.0910
Cyclist -1 -1 -3.9102 413.9227 182.9328 452.5265 228.5123 1.7144 0.5644 1.4981 -6.9581 2.1199 28.2701 -4.1500 0.0782
Cyclist -1 -1 -8.0119 491.2708 184.2778 500.4335 206.5251 1.6499 0.4219 1.7548 -8.7873 2.5400 55.3348 -8.1691 0.0631
Pedestrian -1 -1 -3.8118 359.1300 183.4822 384.7942 230.1968 1.7413 0.5777 0.7306 -9.1385 2.1540 27.5708 -4.1295 0.0597
Cyclist -1 -1 -7.4771 416.0888 183.9884 442.6244 229.9972 1.7423 0.4895 1.5258 -7.1650 2.1938 28.4935 -7.7219 0.0572
Car -1 -1 -3.4323 656.2774 175.1439 914.1851 255.9760 1.4517 1.6628 4.5744 3.2274 1.4990 14.0032 -3.2112 0.9398
Car -1 -1 -4.6636 553.5229 181.0459 580.9219 207.0811 1.6419 1.6614 3.8497 -2.8802 2.2159 48.6529 -4.7230 0.8061
Car -1 -1 -4.7632 459.5074 184.4629 489.3477 211.2715 1.5644 1.6623 4.2816 -8.7821 2.3465 46.3521 -4.9499 0.6150
Car -1 -1 -4.6139 536.1758 181.2786 562.7398 203.5150 1.6098 1.6709 3.8811 -4.6636 2.2823 55.6675 -4.6976 0.2280
Car -1 -1 -4.7206 487.1616 185.6346 507.6222 206.2970 1.4862 1.5224 3.5285 -8.7933 2.5120 56.0689 -4.8759 0.1819
Car -1 -1 -4.8832 598.7369 180.5184 632.8345 205.9612 1.5928 1.6363 3.9375 0.3136 2.1297 48.4972 -4.8773 0.1708
Car -1 -1 -7.7023 402.9928 184.8655 440.1563 212.1255 1.5923 1.7022 4.0512 -12.0185 2.3944 46.0996 -7.9564 0.0985
Car -1 -1 -4.8870 755.0140 179.8544 825.0805 226.4255 1.3873 1.5650 4.0265 5.8838 1.6415 24.1694 -4.6517 0.0891
Car -1 -1 -7.8674 638.6630 184.3712 667.6017 212.7382 1.4911 1.5835 3.8384 2.4090 2.1839 41.4652 -7.8104 0.0839
Car -1 -1 -5.8735 148.7481 192.4347 284.3034 240.1396 1.4811 1.5832 3.6503 -13.1103 2.1608 24.1163 -6.3671 0.0790
Car -1 -1 -4.7068 595.6329 185.7897 627.9716 216.7904 1.4657 1.6068 4.1388 0.0628 2.1824 37.9193 -4.7058 0.0781
Car -1 -1 -5.0915 687.2109 176.9848 802.2397 238.9478 1.4525 1.5990 4.0636 3.4182 1.5754 19.3544 -4.9200 0.0780
Car -1 -1 -4.6894 442.2592 186.7082 466.4099 209.5050 1.5138 1.6306 4.1047 -11.3672 2.5674 52.7183 -4.9012 0.0686
Car -1 -1 -7.6696 354.6347 186.8825 394.3173 213.8641 1.5818 1.6914 4.2633 -15.2602 2.5353 46.8347 -7.9834 0.0641
