Car -1 -1 -8.6411 1080.3754 184.1368 1241.0000 374.0000 1.4533 1.5726 3.9287 4.6508 1.5483 4.1088 -7.8295 0.1110
Car -1 -1 -7.2818 338.7619 159.3102 391.0973 187.0803 2.0046 1.7421 4.1806 -18.4147 1.0266 54.3251 -7.6073 0.1074
Pedestrian -1 -1 -5.9109 1165.1542 157.5820 1241.0000 288.4317 1.8018 0.5828 0.7545 8.5323 1.5912 10.4082 -5.2387 0.0858
Pedestrian -1 -1 -5.2906 1205.0217 179.9598 1241.0000 269.8020 1.5369 0.5373 0.4491 10.8182 1.6636 12.6382 -4.5947 0.0831
Pedestrian -1 -1 -6.2025 682.5020 182.1158 693.6708 212.0305 1.8897 0.7469 0.6558 4.9760 2.4888 46.2711 -6.0967 0.0812
Cyclist -1 -1 -8.7405 1202.3539 168.0874 1241.0000 257.1782 1.6550 0.4962 1.6705 12.6884 1.5661 14.2686 -8.0244 0.0775
Pedestrian -1 -1 -4.4928 1101.1538 152.2128 1123.1605 201.1942 1.9182 0.6326 0.4667 19.8915 1.1096 28.6474 -3.8909 0.0667
Pedestrian -1 -1 -5.7091 481.3419 185.1669 502.7722 219.0328 1.9144 0.8895 0.8843 -6.8655 2.6374 41.7976 -5.8715 0.0610
Car -1 -1 -7.8463 558.0312 186.5457 579.2468 206.1601 1.5912 1.8070 4.1749 -3.6566 2.8390 63.6392 -7.9039 0.0580
Car -1 -1 -4.4158 496.1226 196.9903 541.2897 225.9177 1.5458 1.6217 4.1168 -5.5861 3.1012 44.3397 -4.5411 0.0572
Car -1 -1 -7.6717 407.5555 191.5482 451.4388 224.2173 1.6417 1.7053 3.9441 -10.1308 2.7455 40.5929 -7.9153 0.0528
Cyclist -1 -1 -5.5970 769.1767 188.2646 808.5270 225.1849 1.7655 0.5442 2.0319 8.9383 2.5612 36.2924 -5.3582 0.3787
Pedestrian -1 -1 -6.0019 754.8438 191.9975 770.0168 222.8422 1.7018 0.6531 0.6870 8.5867 2.7963 40.8157 -5.7968 0.2352
Pedestrian -1 -1 -4.5767 791.1353 176.5144 808.6053 222.8350 2.2133 0.7257 0.7726 9.1850 2.3933 35.0493 -4.3232 0.1522
Pedestrian -1 -1 -4.0104 996.6960 150.2119 1090.2946 308.6191 1.8963 0.6016 0.8585 5.3819 1.6250 9.0669 -3.4898 0.1367
Cyclist -1 -1 -3.0586 734.7827 186.0985 768.6104 219.8352 1.8719 0.6953 1.8400 8.0314 2.6362 41.0757 -2.8676 0.1207
Pedestrian -1 -1 -8.1269 971.5740 176.1835 996.4700 226.1907 1.6895 0.6281 0.5588 12.7811 1.8050 24.7584 -7.6557 0.1142
Pedestrian -1 -1 -3.7882 792.2169 189.7641 809.1453 226.0986 1.7592 0.6583 0.5167 9.3952 2.6054 35.7133 -3.5338 0.0905
Pedestrian -1 -1 -7.6163 729.7943 187.1227 743.6482 219.2708 1.8124 0.6615 0.6047 7.2442 2.6399 41.4495 -7.4453 0.0814
Pedestrian -1 -1 -7.8964 1075.0258 146.7180 1136.5095 312.7363 1.8935 0.5569 0.9139 5.9425 1.5951 8.7645 -7.3169 0.0796
Pedestrian -1 -1 -8.6771 931.2045 175.4815 987.6400 278.2995 1.6413 0.7159 0.4819 5.7017 1.6856 11.8942 -8.2406 0.0718
Pedestrian -1 -1 -5.6487 697.7778 192.1847 714.6745 223.7625 1.7181 0.6749 0.6656 5.3386 2.8105 40.3113 -5.5188 0.0690
Pedestrian -1 -1 -3.4943 981.6219 163.7776 1063.0929 301.5497 1.7715 0.4788 0.8203 5.3986 1.6545 9.5742 -2.9949 0.0679
Pedestrian -1 -1 -4.9039 996.0972 189.6101 1025.7281 245.8727 1.5659 0.6320 0.6201 11.4472 2.0555 20.7055 -4.4057 0.0675
Pedestrian -1 -1 -3.6157 749.0139 183.9070 770.5511 227.7359 2.1894 0.7478 0.8221 7.5859 2.7593 36.7521 -3.4146 0.0664
Pedestrian -1 -1 -4.3749 789.3895 182.1935 807.8217 223.5817 1.9923 0.6870 0.6918 9.2211 2.4567 35.4268 -4.1231 0.0605
Cyclist -1 -1 -4.7608 760.6919 191.3365 771.0450 222.4028 1.6893 0.4916 1.6293 8.8316 2.7629 41.0822 -4.5513 0.0600
Cyclist -1 -1 -4.5999 987.0920 178.7712 1026.4438 277.2559 1.6140 0.4468 1.6544 6.9610 1.7247 12.7302 -4.1101 0.0596
Cyclist -1 -1 -3.4309 740.4756 188.4401 775.3470 221.5950 1.8281 0.6959 1.7983 8.2819 2.7144 40.6142 -3.2319 0.0568
Pedestrian -1 -1 -5.2070 762.3809 190.3419 780.4752 228.7146 1.9157 0.6372 0.7149 8.2004 2.8188 36.8451 -4.9905 0.0563
Cyclist -1 -1 -4.2623 674.3029 190.0682 687.2593 211.1917 1.6470 0.3698 1.6378 5.7028 3.0577 58.3497 -4.1660 0.0561
Cyclist -1 -1 -8.0096 976.6326 173.3517 1000.3694 224.0308 1.6880 0.4786 1.5472 12.9797 1.7054 24.8582 -7.5338 0.0561
Pedestrian -1 -1 -7.7890 798.5367 173.8792 814.7272 219.9645 2.1267 0.6888 0.7176 9.1632 2.1750 33.7672 -7.5269 0.0558
Cyclist -1 -1 -8.6545 765.8904 185.0275 801.4261 224.3810 1.8763 0.5473 1.8584 8.5863 2.4975 35.9076 -8.4224 0.0548
Pedestrian -1 -1 -3.6550 1092.1305 162.9027 1205.2493 310.6442 1.7865 0.5228 1.0097 6.6665 1.6659 9.0381 -3.0358 0.0542
Cyclist -1 -1 -5.0723 745.8846 190.4423 766.3744 222.0521 1.7095 0.5644 1.7169 8.2366 2.7282 40.9091 -4.8758 0.0529
Pedestrian -1 -1 -4.3701 774.6200 178.7483 793.2653 222.4185 2.1113 0.7298 0.6097 8.5088 2.4044 35.4605 -4.1373 0.0525
Cyclist -1 -1 -6.4580 682.9525 191.0176 716.0101 224.0723 1.8171 0.6663 1.7492 4.9740 2.8450 40.4631 -6.3374 0.0504
Car -1 -1 -3.9216 708.2386 197.1844 776.3067 229.8553 1.5324 1.5136 3.4457 6.9114 2.8615 37.8239 -3.7431 0.5144
Car -1 -1 -2.6784 751.4748 173.6746 854.1826 216.2882 1.5689 1.6245 3.5551 7.5094 1.6030 28.4157 -2.4231 0.4889
Car -1 -1 -3.0584 944.8322 185.1482 1114.6713 243.0966 1.4985 1.5721 4.2056 12.2512 1.8919 21.2717 -2.5425 0.4621
Car -1 -1 -4.1304 335.6122 161.4990 388.6798 191.2570 2.1304 1.7663 4.1284 -18.4706 1.3172 53.8757 -4.4594 0.2593
Car -1 -1 -6.3133 718.9183 193.1844 781.8122 221.1636 1.5137 1.5572 3.4950 8.0158 2.7148 41.5964 -6.1250 0.2100
Car -1 -1 -8.4604 641.5256 190.3104 687.3231 211.5799 1.5714 1.6712 4.1468 4.3921 3.0556 59.1469 -8.3873 0.1423
Car -1 -1 -4.1661 856.0253 191.9675 941.5856 231.9182 1.4819 1.6042 3.7956 12.0976 2.3305 30.2582 -3.7899 0.1104
Car -1 -1 -7.9426 554.1747 192.8623 578.2638 212.1717 1.5168 1.7440 4.1604 -3.9025 3.3352 63.3992 -8.0045 0.0960
Car -1 -1 -6.4076 754.9135 192.7078 847.1599 227.5316 1.5489 1.7238 4.0704 9.0166 2.5280 34.4798 -6.1547 0.0960
Car -1 -1 -6.2197 548.9917 187.5860 596.5812 205.4267 1.6159 1.6807 4.3594 -3.4830 3.0145 67.6486 -6.2715 0.0504
