Pedestrian -1 -1 -2.6741 707.0824 185.9188 741.3516 255.4810 1.4265 0.4803 0.5552 2.3967 1.4417 15.1051 -2.5200 0.2154
Pedestrian -1 -1 -6.8257 768.7618 166.3321 798.0620 222.3999 1.7539 0.5588 0.7192 5.5380 1.1633 22.8619 -6.5912 0.1244
Pedestrian -1 -1 -2.9832 459.2386 165.4067 494.6194 233.1724 1.8186 0.6276 0.8620 -3.6096 1.2872 19.6147 -3.1630 0.0809
Pedestrian -1 -1 -6.4110 663.9156 170.5163 671.2074 191.7936 1.7798 0.6792 0.5280 5.0144 0.5504 60.4821 -6.3290 0.0734
Pedestrian -1 -1 -7.6670 0.0000 180.5872 13.5224 235.1661 1.5726 0.5236 0.5074 -17.8505 1.4394 21.0622 -8.3640 0.0667
Pedestrian -1 -1 -8.1392 713.4553 167.1218 731.2152 204.4024 1.8066 0.7265 0.5667 5.5664 0.9300 35.1643 -7.9838 0.0652
Cyclist -1 -1 -6.3527 250.3160 171.9886 303.0875 217.2819 1.7170 0.6974 1.8240 -12.9282 1.2157 27.9934 -6.7820 0.0646
Pedestrian -1 -1 -4.4908 178.7287 181.1346 199.6963 215.6276 1.4803 0.6710 0.6016 -18.2211 1.3053 31.2383 -5.0154 0.0592
Pedestrian -1 -1 -8.3712 697.9084 169.0591 714.2902 201.6573 1.7441 0.6214 0.6817 5.2859 0.8798 38.8938 -8.2375 0.0563
Car -1 -1 -4.5602 15.3209 179.1030 71.2356 214.4943 1.8298 1.7577 4.4011 -30.9703 1.5139 39.5157 -5.2220 0.0561
Pedestrian -1 -1 -7.8853 586.5642 172.3655 597.2311 200.2588 1.7737 0.6624 0.6390 -1.0452 0.9568 46.0493 -7.9083 0.3035
Cyclist -1 -1 -4.6000 588.2605 173.3459 601.1188 199.9484 1.6832 0.6603 1.5499 -0.8616 0.9323 46.2864 -4.6189 0.1160
Cyclist -1 -1 -7.2324 557.0497 175.0774 581.2415 203.4656 1.7485 0.6538 1.6961 -2.4446 1.1242 45.1665 -7.2866 0.0736
Cyclist -1 -1 -4.6140 580.5334 172.6380 594.1666 200.9612 1.7771 0.7084 1.7230 -1.3246 0.9881 45.9885 -4.6431 0.0646
Cyclist -1 -1 -7.7573 555.4696 178.3566 565.3172 204.3015 1.6073 0.4775 1.5109 -3.0068 1.1825 45.2952 -7.8236 0.0507
Car -1 -1 -7.3263 0.0000 195.9896 338.7018 364.6031 1.3952 1.6091 3.6139 -4.5679 1.5428 8.0069 -7.8306 0.9677
Car -1 -1 -7.4740 245.4119 185.6923 362.5444 238.9317 1.3566 1.5905 4.2266 -8.5275 1.3718 20.4769 -7.8643 0.9604
Car -1 -1 -7.8621 583.0251 173.3675 640.0876 228.2913 1.5945 1.6571 3.2838 0.0537 1.2507 22.5164 -7.8601 0.9332
Car -1 -1 -7.7794 486.6981 175.6625 531.2448 212.8826 1.4461 1.5534 3.7772 -4.0835 1.0751 29.8622 -7.9144 0.8688
Car -1 -1 -7.9180 572.6394 175.4395 613.9147 209.8569 1.4481 1.5970 3.7593 -0.7380 1.0369 32.1874 -7.9411 0.5961
Car -1 -1 -7.7619 507.9132 175.7251 540.1789 201.7768 1.4674 1.5624 3.6009 -4.9160 0.9330 42.3087 -7.8772 0.3061
Car -1 -1 -6.8636 241.6945 181.3058 343.7466 218.8152 1.4106 1.4421 3.5480 -12.6338 1.2637 28.9117 -7.2724 0.2878
Car -1 -1 -6.9849 0.0000 198.4816 26.1328 375.0000 1.4687 1.5098 3.9769 -8.4746 1.6431 7.4250 -7.8184 0.2525
Car -1 -1 -7.5117 345.6009 179.1208 422.6406 220.9969 1.4847 1.6168 3.7900 -8.4714 1.2688 27.4164 -7.8089 0.2231
Car -1 -1 -4.0112 0.0000 180.4696 55.1145 220.8120 1.4322 1.5882 3.9996 -23.5272 1.2639 27.5214 -4.7139 0.1169
Car -1 -1 -3.6371 529.4129 174.9867 575.7351 193.0596 1.4959 1.6172 3.5926 -4.7000 0.6494 61.1520 -3.7138 0.1161
Car -1 -1 -4.3711 306.3469 176.0860 359.5203 206.0067 1.7274 1.7655 3.9966 -16.5915 1.2005 43.5177 -4.7336 0.1121
Car -1 -1 -4.6974 543.7048 179.1097 569.8480 202.5813 1.4602 1.6242 4.1914 -3.3188 1.0805 46.8591 -4.7681 0.1062
Car -1 -1 -8.0769 474.6055 174.7006 524.7537 206.1970 1.4983 1.6314 4.1276 -5.5661 0.9983 36.4156 -8.2278 0.0949
Car -1 -1 -7.9145 583.0618 171.3388 611.4727 198.0030 1.6985 1.6397 4.0692 -0.7631 0.8147 47.8826 -7.9307 0.0916
Car -1 -1 -4.0614 98.5447 179.5763 155.1343 202.0144 1.6284 1.6065 3.7259 -36.1303 1.2193 54.0815 -4.6484 0.0777
Car -1 -1 -6.5463 0.0000 208.0538 0.0000 375.0000 1.5077 1.5857 3.7342 -5.0131 1.6367 2.0811 -7.6775 0.0630
Car -1 -1 -4.8081 539.4326 176.1352 572.9337 202.5910 1.4883 1.5921 4.0198 -3.1258 0.9776 42.5546 -4.8814 0.0605
