Pedestrian -1 -1 -7.7667 702.9642 173.4251 722.9765 220.6040 1.7045 0.6735 0.6650 3.8209 1.2787 26.3722 -7.6248 0.1891
Pedestrian -1 -1 -2.1009 131.1584 170.9965 158.9269 224.5231 1.8164 0.5996 0.5712 -15.9981 1.3340 24.7904 -2.6693 0.1128
Pedestrian -1 -1 -5.3617 1079.6003 231.6896 1176.4950 375.0000 1.1843 0.3486 0.4831 3.7411 1.5415 5.2719 -4.7694 0.0982
Car -1 -1 -5.3667 58.5359 171.7470 119.7393 194.3956 1.7149 1.7272 4.0916 -40.3014 0.6952 55.8487 -5.9898 0.0816
Car -1 -1 -2.3812 190.2200 171.8925 281.4844 204.7940 1.5715 1.6548 3.9858 -18.4844 0.9353 35.6892 -2.8562 0.0666
Pedestrian -1 -1 -3.2495 740.3334 174.8085 810.4508 312.3305 1.6652 0.5852 0.7924 2.0352 1.5394 9.0375 -3.0351 0.0628
Pedestrian -1 -1 -4.0838 965.2241 154.8718 1024.9329 277.3195 1.7566 0.5062 0.6377 5.6970 1.3215 10.6815 -3.6050 0.0600
Car -1 -1 -7.4795 0.0000 185.0993 225.4634 298.3383 1.5207 1.7747 4.5983 -8.1638 1.5193 12.0872 -8.0635 0.0588
Pedestrian -1 -1 -2.6970 753.8751 165.0800 794.4174 240.6227 1.8001 0.6047 0.7852 4.0267 1.3205 17.6100 -2.4761 0.1713
Pedestrian -1 -1 -7.3854 740.8594 167.4659 772.2687 232.2956 1.7599 0.6104 0.6908 4.0891 1.2782 19.9743 -7.1866 0.1421
Pedestrian -1 -1 -6.8529 244.0446 178.6101 273.7249 221.9113 1.5395 0.7114 0.6938 -12.6778 1.3048 26.0395 -7.3022 0.1179
Cyclist -1 -1 -7.9761 627.5343 175.9873 640.5417 210.9177 1.5930 0.4174 1.5484 1.1838 1.1723 33.5734 -7.9416 0.0997
Cyclist -1 -1 -7.8075 386.6463 175.3720 393.5521 200.2822 1.6368 0.3730 1.4773 -14.5542 0.9901 47.9960 -8.1007 0.0892
Cyclist -1 -1 -7.7181 389.2620 175.4215 398.7700 200.7634 1.6648 0.4076 1.5115 -14.2926 1.0215 48.0007 -8.0063 0.0835
Car -1 -1 -7.5140 176.5477 193.3309 454.2501 350.8367 1.4076 1.6469 4.3490 -3.2246 1.5319 8.8235 -7.8550 0.9733
Car -1 -1 -7.6297 384.2612 182.0306 507.3763 263.6172 1.5196 1.6383 4.3309 -3.3731 1.4604 15.5660 -7.8399 0.9656
Car -1 -1 -7.8401 555.9666 176.3649 622.4942 238.5347 1.5613 1.6713 3.6042 -0.5379 1.3391 19.8655 -7.8673 0.9348
Car -1 -1 -7.4767 251.0195 180.9741 369.7027 241.8484 1.4702 1.5842 3.9356 -7.8834 1.3679 19.3330 -7.8593 0.9278
Car -1 -1 -7.6927 510.1055 178.1843 557.5351 213.1116 1.4934 1.5627 3.7312 -3.3353 1.1929 32.6457 -7.7941 0.7395
Car -1 -1 -7.6825 458.4816 178.0250 533.3344 230.2953 1.4969 1.6325 4.1830 -3.4685 1.2911 22.6945 -7.8327 0.7272
Car -1 -1 -7.5482 337.9737 179.0926 390.7560 207.1867 1.4049 1.5602 3.7837 -12.7797 1.0988 37.8526 -7.8719 0.7114
Car -1 -1 -4.6959 449.5241 171.1455 477.9298 199.6359 1.6842 1.6527 3.8662 -8.9173 0.8526 44.5449 -4.8927 0.6783
Car -1 -1 -7.2153 0.0000 198.7432 171.4011 337.9876 1.3870 1.6092 3.8552 -7.7438 1.6026 9.4923 -7.8859 0.6537
Car -1 -1 -7.7217 387.2516 180.9228 436.4121 216.8190 1.4611 1.5872 3.6103 -8.4649 1.2865 31.1538 -7.9851 0.6013
Car -1 -1 -7.4231 242.2503 183.3099 324.6700 222.4067 1.3983 1.5480 3.4783 -12.3296 1.3303 27.4582 -7.8418 0.4495
Car -1 -1 -4.4963 379.7625 173.0733 417.0350 197.1230 1.5784 1.6172 4.0544 -14.3155 0.7816 49.2548 -4.7780 0.2123
Car -1 -1 -5.0542 691.0529 178.2216 753.7100 213.6063 1.4470 1.5447 3.6518 4.8863 1.1612 31.3359 -4.9013 0.1648
Car -1 -1 -7.9032 626.3609 177.0144 664.7256 209.4972 1.4948 1.6495 4.3233 1.7594 1.1176 35.2427 -7.8542 0.1586
Car -1 -1 -4.5232 612.0503 175.7081 654.0777 204.6709 1.5102 1.5808 4.0809 1.4168 1.0146 39.6483 -4.4882 0.1086
Car -1 -1 -5.0657 413.8305 172.0216 451.5780 191.8625 1.5388 1.6004 4.1975 -14.1607 0.5156 57.9388 -5.3046 0.0710
Car -1 -1 -7.2726 379.5621 173.4727 432.2997 195.5299 1.5632 1.7018 4.2529 -14.9014 0.7311 53.2299 -7.5445 0.0677
