Pedestrian -1 -1 -5.1241 139.5937 173.8231 173.3304 231.9571 1.7794 0.6772 0.6857 -14.2356 1.8100 22.5737 -5.6817 0.1820
Pedestrian -1 -1 -3.2124 851.7740 165.1194 866.2530 208.9595 1.8361 0.6437 0.5329 10.5125 1.5118 30.5980 -2.8849 0.0781
Pedestrian -1 -1 -6.3967 379.1014 174.1711 386.6196 196.1508 1.7721 0.6147 0.5163 -18.4766 1.8795 58.6066 -6.7011 0.0774
Cyclist -1 -1 -3.1412 866.5696 169.5543 925.7743 220.7048 1.7375 0.6379 1.8952 9.9115 1.6251 25.1498 -2.7703 0.0626
Pedestrian -1 -1 -5.7134 666.7816 173.8046 676.1342 192.2368 1.7050 0.5749 0.6629 5.7045 1.7939 67.2186 -5.6295 0.0619
Pedestrian -1 -1 -6.8827 1172.6099 172.0121 1195.5657 209.6756 1.7857 0.5937 0.6342 27.4246 1.7455 34.5264 -6.2160 0.0509
Car -1 -1 -4.2808 388.4743 175.7260 426.1224 192.5380 1.4618 1.6340 4.3494 -18.4528 1.7325 65.7937 -4.5535 0.0505
Pedestrian -1 -1 -7.8668 955.4439 167.0074 969.8826 201.5047 1.9486 0.7295 0.6409 20.0962 1.6180 41.2010 -7.4162 0.3237
Pedestrian -1 -1 -4.5436 357.0062 146.9208 423.2880 313.7880 1.9414 0.6150 1.0583 -2.7602 1.6394 8.9577 -4.8353 0.2026
Cyclist -1 -1 -3.1058 591.4424 168.9247 635.4865 214.5985 1.8754 0.6408 1.8098 0.1088 1.7138 29.9822 -3.1029 0.1932
Pedestrian -1 -1 -4.1328 81.2743 172.2261 98.5609 203.1285 1.8594 0.5199 0.7596 -31.6056 1.8213 43.8055 -4.7551 0.1472
Pedestrian -1 -1 -2.7309 187.4280 168.1089 209.5430 214.7926 1.9823 0.6144 0.6316 -17.7051 1.7805 30.9769 -3.2467 0.1200
Pedestrian -1 -1 -2.8913 300.6263 160.8676 400.3415 345.1535 1.6887 0.3853 0.8189 -2.5024 1.5785 6.8400 -3.2308 0.0834
Pedestrian -1 -1 -8.9623 906.9097 172.7148 931.6575 224.7313 1.7399 0.6572 0.5398 10.4779 1.7350 24.5539 -8.5639 0.0804
Pedestrian -1 -1 -7.1821 965.8899 165.1470 983.4810 203.4624 1.9480 0.5452 0.6108 18.6901 1.5559 37.0599 -6.7186 0.0776
Pedestrian -1 -1 -6.2118 896.2933 169.9677 911.3978 200.9288 1.8287 0.5861 0.7969 17.4990 1.6579 43.0547 -5.8286 0.0618
Pedestrian -1 -1 -6.9453 103.8174 172.2579 121.6205 204.8335 1.8155 0.6321 0.5530 -27.9969 1.7820 40.5714 -7.5465 0.0603
Pedestrian -1 -1 -7.4996 908.2042 175.3552 933.8031 224.5826 1.6703 0.6402 0.6210 10.7169 1.7581 24.9722 -7.0991 0.0592
Car -1 -1 -8.2377 794.7637 186.7742 1007.8289 313.0393 1.3836 1.5001 3.3296 3.7276 1.6083 9.9705 -7.8906 0.9692
Car -1 -1 -8.5232 1060.5662 185.2879 1241.0000 328.9143 1.4075 1.5941 3.8854 7.7857 1.6020 9.3577 -7.8453 0.8289
Car -1 -1 -7.9964 659.1104 173.0511 681.3322 189.9246 1.5643 1.6033 3.6473 5.6951 1.5833 68.8035 -7.9145 0.3922
Car -1 -1 -7.9488 785.5380 171.0234 812.0969 192.9970 1.7542 1.7397 4.0441 15.5668 1.6077 59.7344 -7.6954 0.0954
Car -1 -1 -4.6434 896.1866 177.5633 957.3477 227.8196 1.4802 1.5917 4.1213 10.4891 1.6500 23.8595 -4.2343 0.0868
Car -1 -1 -7.7999 87.0689 172.2867 129.1201 203.4147 1.7264 1.7861 4.2289 -29.3856 1.6947 42.2875 -8.4044 0.0525
