Pedestrian -1 -1 -7.6568 278.1013 178.6536 314.2616 256.3601 1.5455 0.5578 0.6455 -6.3417 1.5092 14.4361 -8.0609 0.5805
Pedestrian -1 -1 -8.0858 583.0905 168.9220 593.8423 193.7649 1.7296 0.6161 0.6753 -1.1627 0.9236 49.6300 -8.1073 0.1778
Pedestrian -1 -1 -5.9215 560.2150 167.8083 575.2426 195.4626 1.7709 0.5542 0.8265 -2.4112 0.9582 45.6666 -5.9721 0.1346
Pedestrian -1 -1 -5.8797 508.8271 165.1267 521.3157 187.8989 1.9471 0.5016 0.9447 -7.7210 0.6325 60.8255 -6.0036 0.1099
Car -1 -1 -4.4496 59.7737 190.1919 128.0724 226.0826 1.5084 1.6292 3.7733 -23.6865 1.9874 32.8758 -5.0678 0.0982
Pedestrian -1 -1 -3.5715 724.5112 162.6342 736.3668 185.9568 1.8343 0.5636 0.7580 9.9377 0.4292 55.9778 -3.3951 0.0971
Car -1 -1 -6.2971 1158.7262 162.9532 1223.0000 196.8436 1.4657 1.5517 3.5044 27.5157 0.7070 32.2915 -5.5947 0.0958
Pedestrian -1 -1 -6.7242 703.4167 163.6659 711.9838 182.2194 1.7777 0.6264 0.6077 9.9189 0.1646 68.1323 -6.5785 0.0951
Pedestrian -1 -1 -5.6781 587.8073 168.2233 597.3715 186.9122 1.7649 0.5950 0.6937 -1.1568 0.6054 67.2124 -5.6934 0.0693
Pedestrian -1 -1 -5.7531 536.7500 166.6588 553.2589 197.3683 1.8264 0.6259 0.7793 -3.6146 1.0033 42.5014 -5.8355 0.0622
Car -1 -1 -5.1476 496.3827 170.9902 535.1874 191.6732 1.6187 1.6325 3.9122 -7.2699 0.8744 57.4277 -5.2711 0.0602
Pedestrian -1 -1 -4.2077 245.9838 175.4678 263.9140 211.1693 1.8694 0.6047 0.6603 -18.5118 1.6060 37.3663 -4.6627 0.0596
Car -1 -1 -4.5777 333.8244 176.6445 372.3840 203.2316 1.5362 1.6491 4.2030 -15.2949 1.3135 43.0772 -4.9149 0.0586
Pedestrian -1 -1 -8.0858 1153.7946 154.9089 1172.9570 190.9197 1.7507 0.6322 0.5302 27.4163 0.5067 34.7474 -7.4206 0.0579
Pedestrian -1 -1 -8.1806 593.5066 168.8053 602.5149 192.6614 1.8050 0.5690 0.4572 -0.5275 0.9202 53.8070 -8.1887 0.0566
Pedestrian -1 -1 -5.3937 328.7360 175.2595 341.1846 197.3864 1.7755 0.7561 0.5619 -21.8358 1.3549 57.2024 -5.7549 0.0554
Pedestrian -1 -1 -8.0064 128.3611 176.7028 150.7051 220.7293 1.8656 0.6886 0.8480 -20.1101 1.7049 30.5072 -8.5828 0.0511
Cyclist -1 -1 -8.2448 878.7049 156.6037 906.0604 195.2824 1.7815 0.5441 1.8134 13.5670 0.6810 33.4742 -7.8613 0.5149
Cyclist -1 -1 -8.0663 992.7220 156.7586 1024.8333 224.7832 1.6727 0.3551 1.6965 10.3610 1.0892 18.2491 -7.5557 0.3680
Pedestrian -1 -1 -7.4707 789.2668 161.9555 806.4575 195.4254 1.7619 0.6601 0.7297 10.2716 0.7858 37.7100 -7.2051 0.2904
Pedestrian -1 -1 -3.1719 775.5522 159.2691 793.6132 191.7443 1.8459 0.5675 0.9865 10.2880 0.6392 40.5722 -2.9237 0.2261
Cyclist -1 -1 -8.0866 804.0107 163.9517 820.6153 196.6211 1.6477 0.4519 1.6421 10.6728 0.8132 36.4922 -7.8027 0.2067
Pedestrian -1 -1 -8.0123 986.5957 146.5232 1006.2653 186.8221 1.9032 0.7454 0.5315 18.6678 0.2987 33.7672 -7.5094 0.1977
Pedestrian -1 -1 -3.9966 910.5981 159.9447 922.0380 192.3205 1.7239 0.5035 0.2761 16.6860 0.6295 37.9346 -3.5836 0.1715
Pedestrian -1 -1 -3.0841 1162.8318 166.3592 1194.5192 242.7233 1.4908 0.4784 0.4705 11.4254 1.2151 14.1382 -2.4137 0.1391
Pedestrian -1 -1 -4.4314 37.9359 207.2540 61.0223 249.2876 1.1629 0.4022 0.4716 -15.9267 1.9397 20.2282 -5.0892 0.1389
Cyclist -1 -1 -3.8900 1062.2806 153.7400 1143.5745 224.5974 1.6983 0.6267 1.6547 12.1827 1.0572 17.3748 -3.2854 0.1293
Cyclist -1 -1 -8.3725 872.6653 158.0122 902.5591 195.7244 1.7315 0.4983 1.7594 13.2989 0.6992 33.3693 -7.9948 0.1161
Pedestrian -1 -1 -7.5271 774.9061 167.3671 788.4990 196.1718 1.5834 0.5492 0.6643 9.8077 0.8616 39.2938 -7.2827 0.1031
Pedestrian -1 -1 -5.4013 1102.3982 177.6974 1131.1836 233.1199 1.2220 0.3606 0.3798 11.3830 1.1605 15.7919 -4.7846 0.1009
Cyclist -1 -1 -3.4321 1014.1469 148.6607 1060.6882 187.5765 1.7975 0.6240 1.7568 20.2546 0.3270 33.1820 -2.8866 0.1006
Cyclist -1 -1 -6.7948 36.5602 186.0134 106.8631 246.7995 1.6951 0.5064 1.5984 -15.6199 1.8633 20.7004 -7.4323 0.0916
Cyclist -1 -1 -8.0215 1001.8336 155.7468 1032.1992 223.8879 1.6776 0.3844 1.7024 10.5881 1.0685 18.2721 -7.5021 0.0898
Pedestrian -1 -1 -7.2030 921.9545 157.8875 943.2266 192.9722 1.7306 0.6292 0.7662 16.3508 0.6154 35.3344 -6.7713 0.0877
Cyclist -1 -1 -4.0262 34.1732 187.3649 91.5452 247.2628 1.6747 0.4536 1.5427 -15.9001 1.8839 20.7276 -4.6716 0.0874
Cyclist -1 -1 -5.3637 1010.9613 150.1445 1048.6060 188.1610 1.7456 0.5211 1.8213 20.0218 0.3520 33.4005 -4.8261 0.0840
Pedestrian -1 -1 -3.1787 966.7750 152.7880 1007.5171 221.3461 1.7965 0.4896 0.9389 10.1909 1.0706 18.9521 -2.6906 0.0803
Cyclist -1 -1 -7.4683 0.0000 192.5006 36.0985 257.6855 1.6344 0.4046 1.6543 -15.8687 1.9698 18.8908 -8.1572 0.0792
Pedestrian -1 -1 -7.7336 1080.6343 148.0352 1101.5918 189.2568 1.8887 0.7591 0.4013 22.5247 0.4014 32.7963 -7.1345 0.0772
Cyclist -1 -1 -8.0284 981.3437 153.4153 1011.9458 223.4224 1.7672 0.3901 1.7905 10.3309 1.0838 18.7591 -7.5304 0.0727
Pedestrian -1 -1 -7.3739 1061.5857 151.2881 1083.9329 190.4083 1.7917 0.7217 0.4868 21.6849 0.4540 32.8162 -6.7927 0.0722
Pedestrian -1 -1 -4.0529 0.0000 210.0763 21.8946 257.3551 1.2010 0.3807 0.4640 -15.6737 1.9850 18.4968 -4.7459 0.0721
Cyclist -1 -1 -7.0089 774.6962 162.4305 804.6138 194.8540 1.7839 0.5824 1.6478 10.3138 0.7899 39.5339 -6.7539 0.0709
Cyclist -1 -1 -8.8285 1055.6827 158.7189 1135.2638 233.1635 1.6121 0.4149 1.5086 11.0819 1.1408 16.0890 -8.2329 0.0699
Pedestrian -1 -1 -8.5338 800.2553 162.1978 818.4403 197.5861 1.7963 0.6039 0.6794 10.4770 0.8674 36.3201 -8.2536 0.0695
Pedestrian -1 -1 -7.4984 1024.6702 150.9846 1045.8297 188.6166 1.7511 0.6830 0.6130 20.2768 0.3779 33.3588 -6.9548 0.0690
Cyclist -1 -1 -8.3248 1149.4503 157.7160 1214.0522 242.4305 1.6293 0.3245 1.5719 11.6645 1.1915 14.4011 -7.6532 0.0689
Cyclist -1 -1 -8.1843 583.3715 165.4956 593.8431 183.7140 1.7308 0.4780 1.7170 -1.5596 0.3052 68.0614 -8.2053 0.0684
Pedestrian -1 -1 -6.1663 875.1834 155.5835 888.3539 195.8481 1.8757 0.6690 0.5056 13.0352 0.7151 33.3508 -5.7952 0.0675
Cyclist -1 -1 -8.4906 1015.9028 157.3931 1078.9618 225.5904 1.6320 0.4287 1.6595 11.0389 1.0794 17.7653 -7.9409 0.0672
Pedestrian -1 -1 -5.5105 1106.5819 165.3928 1140.2708 222.6778 1.3865 0.4413 0.5025 12.7101 1.0212 17.3988 -4.8866 0.0665
Cyclist -1 -1 -8.3683 1026.7230 155.0705 1080.4324 223.4892 1.6568 0.3688 1.6618 11.3211 1.0414 17.9597 -7.8121 0.0663
Pedestrian -1 -1 -6.9980 905.0907 161.9633 924.3158 194.3298 1.7103 0.6065 0.7183 16.5205 0.7309 37.7576 -6.5870 0.0612
Cyclist -1 -1 -7.5001 0.0000 188.6739 23.8829 256.1850 1.7018 0.4763 1.6614 -16.2191 1.9305 18.8940 -8.1997 0.0605
Pedestrian -1 -1 -7.6665 1073.7296 150.7144 1094.3499 190.0258 1.8017 0.7203 0.4595 22.2137 0.4368 32.8213 -7.0743 0.0595
Cyclist -1 -1 -8.5336 1128.9163 161.2242 1209.4021 243.5943 1.5838 0.3525 1.5775 11.3889 1.2135 14.3871 -7.8731 0.0565
Cyclist -1 -1 -5.0253 771.8563 160.3055 791.5020 192.6326 1.8142 0.5911 1.7145 10.1103 0.6810 40.5548 -4.7811 0.0561
Cyclist -1 -1 -6.3949 791.0639 161.8390 826.4439 196.7102 1.7790 0.6300 1.6947 10.4965 0.8271 36.5233 -6.1157 0.0558
Pedestrian -1 -1 -7.0963 888.7210 156.2217 909.0456 191.2175 1.7943 0.6642 0.7150 15.2352 0.5496 36.7005 -6.7041 0.0557
Cyclist -1 -1 -4.0088 0.0000 188.8794 51.9718 256.5034 1.7106 0.4770 1.5223 -15.6218 1.9433 18.8411 -4.6913 0.0551
Cyclist -1 -1 -5.2307 0.0000 191.6219 35.8232 259.1579 1.7128 0.5209 1.5590 -15.8268 2.0141 18.6189 -5.9253 0.0546
Pedestrian -1 -1 -6.0024 1149.1039 166.0567 1188.8069 246.7326 1.5683 0.5108 0.5009 11.1965 1.2879 14.0975 -5.3405 0.0536
Pedestrian -1 -1 -5.6122 1106.3922 166.8321 1147.8195 233.6674 1.4377 0.4822 0.5524 11.4251 1.1440 15.5405 -4.9864 0.0528
Pedestrian -1 -1 -7.1032 486.3503 171.2277 504.1750 203.8949 1.7364 0.7831 0.5499 -5.9177 1.2437 38.0302 -7.2546 0.0520
Pedestrian -1 -1 -7.9765 898.6625 156.2989 914.4614 192.1799 1.8266 0.6694 0.6698 15.5061 0.5947 36.4076 -7.5753 0.0517
Cyclist -1 -1 -5.2781 979.8980 150.8227 1010.9832 187.2988 1.7093 0.4811 1.6725 18.7274 0.3188 33.9833 -4.7766 0.0514
Cyclist -1 -1 -7.6807 809.3616 163.2149 825.6829 196.9452 1.6946 0.5308 1.6485 10.9241 0.8264 36.3783 -7.3896 0.0511
Cyclist -1 -1 -5.2689 14.1493 189.1982 73.2494 250.6822 1.7029 0.5579 1.6329 -16.1378 1.9593 20.2789 -5.9319 0.0507
Cyclist -1 -1 -8.1737 1095.5438 156.4254 1141.1661 232.2895 1.6510 0.3773 1.4965 11.6628 1.1274 16.1577 -7.5561 0.0507
Pedestrian -1 -1 -5.5903 1047.9347 162.7589 1081.8716 223.4044 1.4827 0.5133 0.4947 11.4022 1.0493 17.5998 -5.0219 0.0506
Cyclist -1 -1 -8.2281 1044.4800 156.8704 1089.5659 224.2063 1.6263 0.3613 1.6579 11.6443 1.0559 17.9245 -7.6584 0.0501
Car -1 -1 -4.5325 423.5168 175.9978 468.5170 205.3585 1.4661 1.6209 3.9707 -8.3437 1.2415 37.3200 -4.7489 0.7558
Car -1 -1 -7.1895 0.0000 203.4037 286.4509 369.0000 1.4636 1.5478 3.7760 -3.1225 1.6343 3.3364 -7.8941 0.7401
Car -1 -1 -4.5465 403.6962 176.5655 430.1574 193.6308 1.4372 1.5973 3.8905 -16.3210 1.1058 61.5564 -4.8027 0.5599
Car -1 -1 -4.5341 0.0000 183.3687 21.5085 213.1106 1.4884 1.5657 3.8614 -32.6483 1.6504 37.8427 -5.2402 0.1803
Car -1 -1 -8.0172 479.0466 172.6955 520.2917 201.1874 1.5393 1.6805 4.1573 -6.0861 1.1178 40.4348 -8.1638 0.1324
Car -1 -1 -4.3653 86.7671 182.3373 137.9198 206.5821 1.5766 1.6262 3.9099 -33.6447 1.7078 48.3923 -4.9682 0.1278
Car -1 -1 -5.4642 769.1309 166.3204 830.6003 190.5481 1.5073 1.6772 3.8538 12.6391 0.6252 46.0846 -5.1965 0.1172
Car -1 -1 -7.8523 1023.9378 158.4068 1066.3276 190.3077 1.4534 1.6608 3.8498 21.3036 0.4470 34.2857 -7.2987 0.1164
Car -1 -1 -4.2878 0.0000 195.8127 16.6993 275.6177 1.5387 1.6313 4.1735 -15.9274 1.9498 16.7287 -5.0376 0.1160
Car -1 -1 -7.8628 587.1393 167.5226 603.9579 183.5450 1.5198 1.5957 3.8638 -0.9130 0.2887 69.0155 -7.8741 0.0902
Car -1 -1 -4.5510 438.6197 176.5541 465.3897 193.1761 1.4134 1.6481 4.1571 -13.4112 1.0778 62.2380 -4.7605 0.0899
Car -1 -1 -4.5394 273.0389 181.9397 321.9286 212.3221 1.4773 1.6264 4.1388 -15.9412 1.5569 36.7884 -4.9435 0.0828
Car -1 -1 -4.5201 33.6245 181.1833 88.8399 209.4982 1.4788 1.6529 4.1137 -30.1085 1.5190 39.2438 -5.1689 0.0731
Car -1 -1 -6.5014 876.0923 162.0771 969.2199 193.0918 1.5550 1.6781 4.1365 16.3823 0.6315 36.6831 -6.0828 0.0607
Car -1 -1 -4.0129 268.5721 181.4068 336.0469 207.0596 1.4677 1.6314 3.8673 -18.2075 1.5252 42.6879 -4.4118 0.0543
