Pedestrian -1 -1 -2.4916 267.7688 171.1557 320.1509 269.2395 1.8682 0.5397 0.7677 -6.2220 1.8356 14.0970 -2.9009 0.1685
Pedestrian -1 -1 -5.8983 454.5462 172.5249 468.6694 214.4429 1.9222 0.6423 0.4320 -6.9168 1.9068 33.4422 -6.1012 0.0792
Cyclist -1 -1 -2.7640 243.8686 153.7211 293.8533 199.1270 1.8586 0.7145 1.7345 -14.1872 1.0751 29.9443 -3.2032 0.0787
Pedestrian -1 -1 -8.3967 690.6608 172.1267 701.7628 204.2642 1.8499 0.5221 0.3708 4.9586 1.8078 41.8107 -8.2800 0.0754
Pedestrian -1 -1 -4.4348 332.4846 184.0444 367.6669 265.2130 1.6970 0.5771 0.5622 -5.6172 1.9412 15.4671 -4.7784 0.0624
Pedestrian -1 -1 -5.7453 240.0744 175.3068 284.6251 268.9398 1.8026 0.5640 0.5837 -6.8945 1.8516 14.2146 -6.1901 0.0615
Car -1 -1 -4.7589 565.3267 177.6949 597.5294 208.6962 1.6541 1.6417 4.0414 -1.7132 1.9445 41.2357 -4.8007 0.0559
Pedestrian -1 -1 -4.4415 163.7886 215.1574 197.3798 295.7033 1.2082 0.3563 0.4026 -6.7842 1.8854 11.3158 -4.9716 0.0546
Pedestrian -1 -1 -3.0108 227.9521 166.9285 262.6113 254.7492 1.9590 0.5564 0.6371 -8.3644 1.8265 16.4620 -3.4748 0.0536
Cyclist -1 -1 -4.4273 244.7066 178.5797 273.7636 228.2172 1.7166 0.5151 1.5754 -12.6502 1.9288 25.9606 -4.8771 0.3041
Pedestrian -1 -1 -2.1685 1.9886 170.3765 115.3549 350.1226 1.8249 0.6028 0.8418 -5.9661 1.7994 7.7480 -2.8084 0.1332
Pedestrian -1 -1 -3.3835 1151.8287 128.3638 1241.0000 374.0000 1.9780 0.6617 0.7027 5.0587 1.6277 6.1229 -2.7172 0.1146
Pedestrian -1 -1 -3.5649 1070.4312 150.4842 1169.5289 342.6479 1.8271 0.5420 0.6319 4.9947 1.6141 7.1794 -2.9771 0.1047
Pedestrian -1 -1 -4.7521 39.9997 169.0179 111.6114 360.8387 1.8448 0.5679 0.9046 -5.5961 1.8076 7.4705 -5.3783 0.1000
Pedestrian -1 -1 -5.0671 71.2137 169.8432 165.3725 351.1936 1.8278 0.6034 0.7932 -5.3377 1.7971 7.7494 -5.6547 0.0858
Cyclist -1 -1 -7.2367 0.0000 201.3309 87.5180 330.1156 1.5126 0.4758 1.5826 -7.8088 1.9241 9.6316 -7.9046 0.0841
Pedestrian -1 -1 -4.2628 163.8105 208.5224 210.2219 294.0885 1.2878 0.4754 0.4562 -6.6768 1.8586 11.3086 -4.7864 0.0578
Car -1 -1 -8.0111 669.6362 181.4807 749.7159 239.4441 1.4440 1.5960 4.2236 2.7006 1.7173 20.7458 -7.8843 0.9706
Car -1 -1 -4.5467 415.7833 188.4940 521.0250 271.2466 1.4411 1.5508 3.7397 -2.8911 1.8104 15.1636 -4.7328 0.9430
Car -1 -1 -7.7696 526.2181 184.2747 566.8973 217.1343 1.3760 1.5617 3.8629 -2.9321 1.9365 33.4931 -7.8569 0.8715
Car -1 -1 -8.0199 645.1343 180.9832 695.9633 217.9886 1.4529 1.5713 3.7215 2.5034 1.8246 31.0957 -7.9410 0.6734
Car -1 -1 -7.9856 643.1639 175.3398 686.5111 212.3248 1.7242 1.6525 3.7448 2.6269 1.8539 35.8131 -7.9136 0.5909
Car -1 -1 -7.7144 458.6533 184.8556 535.2747 242.6337 1.4280 1.6148 4.0225 -3.1840 1.8055 20.6930 -7.8659 0.5618
Car -1 -1 -7.7784 630.2973 176.5872 655.0468 198.4825 1.5652 1.5883 3.6529 2.4518 1.8549 54.1381 -7.7338 0.5438
Car -1 -1 -4.6494 547.0833 180.2492 576.0313 207.6460 1.5579 1.5127 4.2112 -2.9655 2.0330 44.2765 -4.7164 0.4260
Car -1 -1 -7.9580 661.6748 181.1297 718.6196 226.5929 1.4802 1.6208 4.0253 2.7888 1.8039 26.2373 -7.8541 0.3705
Car -1 -1 -7.5533 521.3324 174.1494 552.0326 193.3384 1.5898 1.5954 3.7242 -6.2919 1.7044 62.0305 -7.6543 0.1242
Car -1 -1 -4.1662 0.0000 199.9077 190.3326 319.0456 1.3621 1.6922 4.5111 -8.8051 1.8849 11.6277 -4.8036 0.0637
