Pedestrian -1 -1 -7.9918 931.7065 167.1919 960.8359 235.9265 1.7596 0.6111 0.5672 8.7796 1.2983 18.7622 -7.5603 0.1888
Pedestrian -1 -1 -7.2133 834.1965 163.8904 855.8245 210.0984 1.9351 0.6466 0.5929 10.0388 1.0422 30.5395 -6.8989 0.1008
Pedestrian -1 -1 -5.5144 542.0978 176.3010 555.2811 200.1463 1.7056 0.6506 0.6902 -4.2857 1.0681 51.8877 -5.5968 0.0913
Cyclist -1 -1 -4.8994 701.7149 174.7126 712.4411 197.9587 1.6231 0.4860 1.4624 7.0088 0.8899 50.9342 -4.7638 0.0781
Pedestrian -1 -1 -6.5785 14.1253 177.6500 64.3408 260.4577 1.6478 0.5148 0.6895 -11.7003 1.4974 14.7349 -7.2409 0.0730
Pedestrian -1 -1 -8.3564 846.3864 162.5583 890.4501 238.5540 1.8746 0.6764 0.9434 6.5569 1.3158 18.2521 -8.0168 0.0696
Car -1 -1 -7.8576 492.0552 164.9670 510.7644 185.4848 1.9309 1.7453 4.4472 -10.3691 0.0255 69.9809 -8.0044 0.0682
Pedestrian -1 -1 -4.7626 949.9341 173.4581 979.3455 249.9970 1.6457 0.5414 0.6704 7.8199 1.3930 15.8705 -4.3122 0.0576
Cyclist -1 -1 -7.3816 0.0000 147.0058 56.2919 375.0000 1.7738 0.5096 1.6813 -3.0348 1.6622 2.9807 -8.1319 0.0575
Pedestrian -1 -1 -7.6331 832.3036 170.2867 850.1093 215.4398 1.7734 0.5667 0.5633 9.2547 1.1872 28.6193 -7.3236 0.0556
Cyclist -1 -1 -8.0011 481.9835 175.5346 493.3180 198.8782 1.6099 0.5495 1.6350 -8.4563 0.9424 50.4385 -8.1667 0.0535
Pedestrian -1 -1 -8.2334 917.7483 158.6165 945.8501 216.7529 1.9004 0.6513 0.6525 10.6937 1.0310 23.8362 -7.8164 0.0527
Car -1 -1 -4.0106 103.5343 173.2876 176.3771 199.9263 1.7554 1.7708 4.4341 -32.2493 0.9695 49.6818 -4.5842 0.0526
Pedestrian -1 -1 -2.6633 0.0000 162.9959 40.9323 260.3329 1.8354 0.5714 0.7633 -11.6193 1.4165 13.9129 -3.3497 0.0525
Cyclist -1 -1 -5.7593 608.9637 173.1165 638.4705 204.7473 1.7985 0.6746 1.5799 0.8900 1.1107 41.5714 -5.7384 0.0503
Pedestrian -1 -1 -7.9195 127.8101 173.0255 160.4569 244.8602 1.7029 0.6344 0.5346 -11.3006 1.4141 17.4441 -8.4876 0.1708
Pedestrian -1 -1 -3.7744 687.8516 174.6198 702.8496 203.2425 1.6323 0.6618 0.5778 5.0156 1.0282 41.4258 -3.6552 0.1496
Cyclist -1 -1 -5.9230 96.0966 174.1875 187.3336 245.2411 1.6693 0.6004 1.7509 -11.2766 1.4104 17.3639 -6.4922 0.0766
Cyclist -1 -1 -7.5000 0.0000 163.1894 99.0974 375.0000 1.7300 0.4577 1.6686 -2.7187 1.6652 2.9843 -8.1953 0.0757
Cyclist -1 -1 -7.8003 695.1105 173.0704 703.7427 202.0564 1.6560 0.4220 1.5089 5.3105 0.9623 41.8482 -7.6753 0.0684
Pedestrian -1 -1 -6.3195 578.0518 175.4892 589.1557 197.5022 1.6663 0.5475 0.8247 -1.8606 0.9302 54.7174 -6.3538 0.0630
Pedestrian -1 -1 -5.8754 20.1318 171.9731 65.5300 253.6708 1.7587 0.5613 0.6120 -12.4745 1.4738 15.8229 -6.5350 0.0520
Car -1 -1 -7.3371 74.0864 185.9645 272.5831 275.0284 1.4324 1.5886 3.5089 -7.8783 1.4483 13.3516 -7.8616 0.9700
Car -1 -1 -7.5806 327.0354 177.6301 471.1154 277.7671 1.5645 1.6016 3.3710 -3.6351 1.4462 12.9202 -7.8498 0.9687
Car -1 -1 -7.6860 432.6531 178.0333 511.9065 236.8087 1.5327 1.5830 4.0357 -3.8501 1.3455 20.7738 -7.8673 0.9679
Car -1 -1 -8.0643 695.0815 185.8123 804.3308 256.9224 1.3683 1.5824 3.5295 2.9072 1.3829 15.6499 -7.8843 0.9629
Car -1 -1 -7.9687 641.3197 175.8472 683.4529 207.6480 1.5192 1.6477 4.1611 2.6759 1.0718 36.4544 -7.8964 0.9365
Car -1 -1 -7.6948 481.6423 177.7039 529.9187 213.0395 1.4793 1.5706 3.5865 -4.5042 1.1650 31.9033 -7.8342 0.8705
Car -1 -1 -7.4489 309.4015 179.5187 399.0712 226.8150 1.4194 1.4823 3.4872 -8.1800 1.2486 23.3655 -7.7824 0.7820
Car -1 -1 -7.8658 587.1681 175.9221 611.5751 197.9874 1.4562 1.6115 3.9213 -0.6278 0.8430 49.4207 -7.8788 0.7430
Car -1 -1 -6.9776 0.0000 220.2558 125.2393 375.0000 1.4797 1.6031 3.8136 -3.4140 1.6777 2.0885 -7.9426 0.5122
Car -1 -1 -7.9165 516.8122 177.0186 544.3921 201.1048 1.4141 1.4633 3.3982 -4.7811 0.9330 44.0022 -8.0244 0.4853
Car -1 -1 -4.6234 389.4702 180.4730 432.1439 215.8921 1.4391 1.4500 3.7819 -8.5269 1.2466 31.1971 -4.8884 0.4529
Car -1 -1 -7.6625 430.6624 172.7496 471.6767 201.6386 1.5743 1.5975 3.7806 -8.9251 0.8951 41.0811 -7.8754 0.4257
Car -1 -1 -7.5811 573.4922 175.4603 606.0390 195.6310 1.5282 1.5584 3.9395 -1.3955 0.7892 56.5628 -7.6060 0.2572
Car -1 -1 -4.8084 533.3073 173.2521 559.4957 196.1304 1.6454 1.5674 4.0376 -4.6487 0.7851 53.8266 -4.8945 0.1939
Car -1 -1 -7.7404 697.4506 176.3417 746.5205 214.5936 1.5349 1.6569 3.9629 4.9411 1.1790 30.9763 -7.5840 0.1700
Car -1 -1 -8.0451 683.7490 173.5369 722.1168 200.8985 1.5621 1.6005 3.6096 5.6025 0.8955 42.8911 -7.9165 0.1242
Car -1 -1 -7.7436 404.6896 161.3895 436.9843 187.9549 1.6646 1.6339 3.7998 -12.2127 0.1718 47.0391 -7.9964 0.0923
Car -1 -1 -7.9078 700.5217 177.0947 736.0062 207.2702 1.4872 1.6077 3.7429 5.6627 1.0871 37.3675 -7.7589 0.0898
Car -1 -1 -4.7862 546.9886 172.8591 567.4686 191.2916 1.6361 1.5745 4.0357 -4.6714 0.5394 65.9157 -4.8570 0.0822
Car -1 -1 -4.4418 448.0873 177.9327 518.1902 220.3921 1.4887 1.6116 3.9600 -4.6747 1.2335 27.2563 -4.6104 0.0553
