Pedestrian -1 -1 -7.7930 921.8813 152.1548 947.2362 217.8555 1.8238 0.6143 0.8495 9.1970 1.2489 20.5473 -7.3779 0.6906
Pedestrian -1 -1 -7.9542 868.0309 152.7345 903.1100 227.2685 1.8269 0.7273 0.9634 6.9030 1.3335 18.2436 -7.5983 0.6232
Pedestrian -1 -1 -7.9282 995.5958 159.9895 1035.7484 242.8183 1.7327 0.7053 0.5654 8.6489 1.4633 15.4969 -7.4278 0.2591
Pedestrian -1 -1 -5.7507 578.1886 172.9388 589.6229 193.0448 1.8215 0.5596 0.8803 -2.4023 1.8290 65.8262 -5.7874 0.1525
Car -1 -1 -4.4781 484.1086 175.9621 559.0372 233.4600 1.6077 1.5641 3.2174 -2.6720 1.7096 22.0442 -4.5980 0.1259
Pedestrian -1 -1 -5.1879 583.5345 172.7152 592.6562 193.0832 1.8637 0.5542 0.7577 -2.0412 1.8507 66.4868 -5.2189 0.1068
Pedestrian -1 -1 -3.3937 782.9915 144.8824 851.6526 256.7101 1.9597 0.5275 1.0809 3.6441 1.4692 12.9166 -3.1255 0.1021
Pedestrian -1 -1 -3.2508 867.8577 150.0733 907.9570 231.4555 1.8759 0.5452 0.8223 6.4849 1.3505 16.9976 -2.8926 0.0967
Pedestrian -1 -1 -8.0397 903.4521 158.4576 927.4296 206.4624 1.7747 0.7163 0.6553 11.4067 1.2422 27.0692 -7.6451 0.0813
Pedestrian -1 -1 -5.9235 1053.6367 146.6973 1107.0206 240.7864 1.8312 0.6375 0.7266 9.4109 1.3218 14.5247 -5.3583 0.0793
Car -1 -1 -8.3060 803.0778 172.4908 903.7484 219.0833 1.4050 1.5930 3.8417 7.8458 1.3937 23.7692 -7.9913 0.0708
Car -1 -1 -8.3710 914.0184 154.5011 1011.4539 197.1833 1.5119 1.6254 3.8479 13.2902 0.8615 27.5355 -7.9256 0.0647
Pedestrian -1 -1 -5.5243 158.6608 173.7759 207.4180 256.5951 1.8310 0.6475 0.6972 -9.7224 1.8521 16.3556 -6.0539 0.0632
Pedestrian -1 -1 -5.9169 705.9275 168.2062 718.7079 213.0305 1.7987 0.5454 0.3423 4.1085 1.6119 29.2753 -5.7794 0.0623
Pedestrian -1 -1 -4.9208 816.1210 160.0203 839.5348 213.2322 1.9664 0.6833 0.8185 8.1283 1.4918 27.0990 -4.6329 0.0613
Pedestrian -1 -1 -4.6872 792.2131 160.5101 811.5732 211.3614 1.8748 0.6865 0.7756 7.1574 1.4194 27.0700 -4.4319 0.0594
Cyclist -1 -1 -4.4252 308.1985 178.7975 357.6676 261.5344 1.7475 0.6078 1.5818 -6.2330 1.8871 16.1683 -4.7883 0.0573
Pedestrian -1 -1 -7.4040 544.3977 173.9569 556.0220 204.2688 1.8232 0.5361 0.5060 -3.6601 1.8903 43.7551 -7.4874 0.1217
Cyclist -1 -1 -8.3550 1058.7174 0.0000 1241.0000 374.0000 1.7268 0.5324 1.6898 1.7990 1.4738 1.9290 -7.6772 0.0957
Cyclist -1 -1 -7.8543 545.2514 175.8355 555.6053 205.0055 1.7321 0.6155 1.6057 -3.6560 1.9164 43.8393 -7.9374 0.0892
Cyclist -1 -1 -8.6835 1099.8962 30.0809 1241.0000 374.0000 1.6761 0.5356 1.6372 2.1221 1.4577 1.9379 -7.9253 0.0876
Cyclist -1 -1 -8.0931 632.3231 176.5393 647.2961 209.2565 1.6328 0.4003 1.5808 1.4817 1.8257 37.0076 -8.0539 0.0743
Pedestrian -1 -1 -6.0094 1126.7400 184.1683 1241.0000 374.0000 1.4473 0.4901 0.4214 2.1180 1.4924 2.5763 -5.3760 0.0721
Cyclist -1 -1 -4.4798 627.1249 174.9769 642.5516 204.5427 1.6811 0.5830 1.4347 1.4126 1.8063 41.9053 -4.4468 0.0667
Cyclist -1 -1 -7.8641 898.2423 161.8031 918.3007 217.0744 1.6512 0.5466 1.6141 9.2022 1.3208 22.4066 -7.4794 0.0591
Pedestrian -1 -1 -7.3876 540.7252 178.7242 553.1003 207.8141 1.6656 0.5634 0.4685 -3.6875 2.0078 41.7658 -7.4756 0.0573
Car -1 -1 -7.9768 640.1502 177.0121 683.8073 213.0522 1.5478 1.5840 3.3567 2.2934 1.7481 33.1029 -7.9089 0.9362
Car -1 -1 -6.6289 785.6323 180.3428 1241.0000 334.6034 1.3845 1.5808 4.3318 4.1080 1.4746 7.6451 -6.1526 0.9186
Car -1 -1 -6.3983 677.2036 166.4341 883.1095 249.0674 1.6730 1.7314 4.1507 3.4971 1.5427 15.6759 -6.1836 0.9074
Car -1 -1 -4.0631 0.0000 197.7644 356.9907 374.0000 1.5329 1.6196 3.8872 -2.7920 1.7206 3.4918 -4.7019 0.7815
Car -1 -1 -4.3152 167.5325 192.4930 359.1084 299.1662 1.4277 1.5816 3.6181 -5.6559 1.8084 12.1639 -4.7427 0.6451
Car -1 -1 -4.5879 506.7094 179.2778 566.2441 226.2948 1.5630 1.6724 4.2630 -2.6820 1.8198 26.7253 -4.6876 0.4972
Car -1 -1 -4.1590 0.0000 206.4170 210.2929 374.0000 1.4544 1.5314 3.7528 -5.6425 1.8750 7.1030 -4.8125 0.4233
Car -1 -1 -7.8970 634.1224 174.8849 668.9227 207.8811 1.6447 1.6531 4.0843 2.1140 1.7578 38.2680 -7.8427 0.2973
Car -1 -1 -4.6665 625.1836 172.3859 655.7479 203.7751 1.7976 1.6568 4.1083 1.8403 1.7705 43.4389 -4.6250 0.2057
Car -1 -1 -7.3371 1074.4541 63.3659 1241.0000 374.0000 1.6148 1.6892 4.4594 4.1203 1.4167 2.2166 -6.3140 0.1670
Car -1 -1 -8.2395 855.1458 173.3747 953.4887 220.2327 1.4184 1.6153 3.9302 9.5504 1.4367 23.8571 -7.8634 0.1277
Car -1 -1 -4.5848 520.3159 177.6950 554.9822 205.8792 1.6109 1.6291 3.7641 -4.3825 1.9172 43.7973 -4.6844 0.1148
Car -1 -1 -8.2569 806.7219 170.1455 902.4396 216.8545 1.4063 1.5912 3.7704 7.8561 1.3245 23.6712 -7.9406 0.0528
