Car -1 -1 -4.1313 1047.6788 171.7897 1179.1475 219.0775 1.4816 1.6596 4.0798 16.7997 1.4479 24.1464 -3.5295 0.9287
Car -1 -1 -3.1833 747.7766 168.3455 917.8029 231.4839 1.7342 1.7744 4.5941 6.3927 1.6101 21.2386 -2.8954 0.7955
Pedestrian -1 -1 -6.9393 203.5978 173.7367 216.7982 198.1777 1.7055 0.5999 0.5636 -28.1531 1.7678 50.7549 -7.4437 0.1876
Pedestrian -1 -1 -4.1266 141.2975 205.4340 172.8002 260.6440 1.2289 0.3756 0.5471 -10.5104 1.9939 16.6693 -4.6822 0.1264
Pedestrian -1 -1 -4.4537 296.1207 167.2813 339.8527 250.3713 1.9676 0.7493 1.0366 -7.1762 1.8353 17.6466 -4.8352 0.1166
Cyclist -1 -1 -5.4517 1000.9377 160.2878 1039.8693 195.7338 1.7193 0.5745 1.8651 20.3972 1.1095 35.9713 -4.9396 0.1043
Car -1 -1 -4.7197 844.8341 167.5690 868.7551 189.0087 1.5192 1.6115 4.0515 18.1746 1.1444 53.3024 -4.3931 0.1017
Cyclist -1 -1 -7.7288 336.2342 172.4646 350.9101 211.0242 1.6929 0.4300 1.5366 -12.0256 1.6755 32.4750 -8.0811 0.0853
Car -1 -1 -4.7418 960.5623 166.3853 981.8486 183.2665 1.5322 1.6475 4.3701 33.8943 0.9448 67.8168 -4.2803 0.0821
Car -1 -1 -3.2852 530.3284 176.2876 577.9842 194.6265 1.5019 1.6082 3.8081 -4.7387 1.7964 60.7466 -3.3631 0.0809
Pedestrian -1 -1 -5.9563 0.0000 169.0340 53.1982 327.3914 1.9122 0.5366 0.7797 -7.6497 1.8658 9.1007 -6.6410 0.0791
Cyclist -1 -1 -5.6769 20.1285 183.8417 73.0899 230.5339 1.8049 0.6413 1.5584 -22.2250 2.2430 28.4233 -6.3361 0.0777
Cyclist -1 -1 -2.5656 33.8512 182.0241 91.3066 225.1634 1.7512 0.8093 1.7417 -22.7491 2.1374 29.9514 -3.2110 0.0691
Car -1 -1 -6.3923 621.1163 173.7699 678.9220 195.3861 1.5013 1.6392 3.9307 2.7758 1.5670 51.1173 -6.3388 0.0666
Car -1 -1 -2.7285 0.0000 185.0583 82.0376 209.9342 1.6649 1.7554 4.3896 -40.3218 2.5519 51.0615 -3.3945 0.0647
Cyclist -1 -1 -7.0528 376.0427 177.1397 407.7975 213.0402 1.6153 0.4513 1.5233 -10.1318 1.8181 33.4244 -7.3453 0.0639
Cyclist -1 -1 -7.9953 328.7974 176.6491 337.6004 198.2698 1.6079 0.4056 1.5789 -21.0270 1.8996 54.7269 -8.3608 0.0619
Pedestrian -1 -1 -3.6527 1146.6613 157.4603 1168.7345 190.2081 1.7819 0.5733 0.7838 30.0140 0.9440 39.5972 -3.0078 0.0611
Cyclist -1 -1 -8.3035 416.7237 174.4043 441.2692 208.8226 1.6799 0.5228 1.6560 -9.1022 1.7589 36.0926 -8.5492 0.0608
Car -1 -1 -2.3847 229.2238 178.9476 317.9955 209.1000 1.5010 1.6903 4.2341 -17.7403 1.8339 37.9857 -2.8192 0.0561
Car -1 -1 -4.7562 555.6920 169.7572 584.4110 197.1787 1.7158 1.6946 3.9963 -2.6856 1.5217 47.2200 -4.8131 0.0519
Cyclist -1 -1 -4.4177 161.5771 188.5832 215.0691 268.1608 1.5470 0.5174 1.6206 -8.9104 1.8968 15.2101 -4.9404 0.3415
Cyclist -1 -1 -3.7852 701.0331 172.2310 745.7212 215.5758 1.6951 0.6241 1.7452 4.5015 1.6704 28.9043 -3.6329 0.3159
Cyclist -1 -1 -2.9422 23.0913 186.1296 97.5948 250.6732 1.7151 0.6028 1.5558 -15.2780 2.0946 20.0311 -3.5875 0.3141
Cyclist -1 -1 -5.2943 889.2692 158.4284 927.5624 202.9262 1.9492 0.7166 1.8040 13.4029 1.3170 32.5612 -4.9074 0.1984
Pedestrian -1 -1 -4.0348 1034.0107 160.3250 1049.8412 189.7213 1.8083 0.5430 0.6699 26.7558 1.0373 44.7565 -3.4991 0.1808
Cyclist -1 -1 -7.6794 79.4011 189.6692 145.0736 301.8628 1.5731 0.5392 1.7248 -7.7985 1.8567 11.2835 -8.2735 0.1713
Pedestrian -1 -1 -6.0217 165.9856 171.8271 183.2731 203.7895 1.7768 0.7538 0.6589 -24.5076 1.7194 40.5634 -6.5624 0.1667
Pedestrian -1 -1 -7.1268 905.6634 161.2996 931.8387 202.2823 1.8164 0.7099 0.8326 13.8530 1.3040 32.4787 -6.7272 0.1588
Pedestrian -1 -1 -6.3850 345.6205 167.7889 358.4652 197.3673 1.8008 0.6654 0.6801 -15.9011 1.4921 44.3754 -6.7274 0.1371
Pedestrian -1 -1 -6.1726 160.5336 173.2304 175.8459 204.7755 1.7553 0.6262 0.6688 -24.8836 1.7764 40.5847 -6.7199 0.1331
Pedestrian -1 -1 -8.1627 941.6141 171.5426 960.4659 207.6283 1.5670 0.5678 0.6749 14.9373 1.5098 31.7037 -7.7264 0.1282
Cyclist -1 -1 -8.7283 911.1137 166.3410 954.1161 205.3723 1.6885 0.5841 1.7854 14.3092 1.4064 32.1428 -8.3132 0.1052
Cyclist -1 -1 -7.4584 349.5633 169.7800 368.8471 198.6558 1.7276 0.5124 1.6548 -15.3219 1.5434 44.0107 -7.7918 0.1016
Pedestrian -1 -1 -4.7768 44.7203 194.1375 72.5602 248.2220 1.4459 0.5856 0.4459 -15.2813 2.0442 19.9331 -5.4246 0.0951
Cyclist -1 -1 -7.9905 403.5399 174.3876 413.7999 200.8564 1.5754 0.3898 1.5730 -12.2717 1.6700 43.8366 -8.2622 0.0876
Cyclist -1 -1 -7.6156 114.2579 182.0037 162.9647 267.5104 1.7039 0.4736 1.7101 -10.1185 1.9108 15.4530 -8.1877 0.0842
Cyclist -1 -1 -7.5391 83.6100 184.8292 145.1319 270.5999 1.6572 0.5202 1.8054 -10.4144 1.9238 15.1425 -8.1336 0.0805
Cyclist -1 -1 -7.2741 149.8865 184.5417 208.5029 258.3667 1.6747 0.4379 1.5365 -10.4049 1.9687 17.3919 -7.8068 0.0802
Pedestrian -1 -1 -5.2530 714.8875 173.2284 738.3935 214.2338 1.6299 0.6270 0.7749 4.6666 1.6450 29.1662 -5.0965 0.0739
Pedestrian -1 -1 -5.7681 356.1126 171.0213 370.7536 199.1954 1.7300 0.6160 0.6369 -15.2963 1.6172 44.6673 -6.0965 0.0724
Pedestrian -1 -1 -8.2692 349.8092 167.8281 365.6041 197.5440 1.8062 0.7013 0.6815 -15.5412 1.5004 44.3459 -8.6046 0.0721
Cyclist -1 -1 -7.6560 79.5999 184.0199 127.1053 269.8167 1.6795 0.4832 1.7138 -10.7226 1.9287 15.2366 -8.2612 0.0678
Pedestrian -1 -1 -4.3332 296.0366 185.0322 327.6476 248.7039 1.5444 0.5263 0.6406 -7.4608 1.8525 17.9483 -4.7224 0.0623
Pedestrian -1 -1 -7.4330 155.9972 188.7590 199.8162 267.6173 1.5783 0.5485 0.6777 -8.9989 1.9158 14.9571 -7.9672 0.0609
Pedestrian -1 -1 -5.7137 169.4709 167.6783 182.9480 202.4295 1.9305 0.5349 0.4244 -24.2977 1.6427 40.3567 -6.2529 0.0585
Cyclist -1 -1 -5.4090 142.1389 187.3581 222.0784 266.8904 1.5875 0.5487 1.5964 -9.0214 1.9018 15.1222 -5.9396 0.0584
Pedestrian -1 -1 -4.6262 54.9542 191.9381 80.5534 247.5767 1.4870 0.5149 0.5810 -15.0199 2.0239 19.9287 -5.2658 0.0567
Cyclist -1 -1 -7.6615 146.3164 186.9819 181.7463 260.4928 1.6504 0.4248 1.5659 -10.7353 2.0050 17.3174 -8.2098 0.0562
Pedestrian -1 -1 -5.8633 158.9910 174.3152 175.4999 205.1712 1.7286 0.7523 0.5363 -25.1096 1.8119 40.8669 -6.4115 0.0538
Cyclist -1 -1 -7.1948 48.8847 188.6953 113.7805 250.7746 1.6145 0.5086 1.7126 -14.7169 2.0738 20.0698 -7.8214 0.0531
Cyclist -1 -1 -7.3103 696.7360 172.7443 732.0064 218.2447 1.7215 0.5503 1.7304 4.0382 1.7171 28.1440 -7.1699 0.0526
Pedestrian -1 -1 -4.6621 894.4957 159.1719 911.0538 202.7228 1.9274 0.6500 0.9106 13.1406 1.3215 32.4812 -4.2812 0.0520
Cyclist -1 -1 -3.8518 37.8540 187.5875 107.2238 251.9022 1.7108 0.5569 1.5937 -15.2236 2.1446 20.4170 -4.4864 0.0517
Pedestrian -1 -1 -8.4640 897.2449 165.1912 918.8605 205.9890 1.7802 0.6598 0.5940 13.1095 1.4456 31.8472 -8.0771 0.0517
Pedestrian -1 -1 -5.2192 172.2347 172.5568 190.4312 204.6920 1.7989 0.6561 0.6435 -24.2965 1.7819 40.8361 -5.7533 0.0516
Cyclist -1 -1 -7.2121 175.2650 175.0667 201.0515 204.4501 1.6486 0.3919 1.6080 -24.2434 1.7779 41.4277 -7.7389 0.0516
Cyclist -1 -1 -7.6264 406.2119 174.3787 418.6100 201.5453 1.6180 0.3877 1.5466 -12.0347 1.7120 43.8424 -7.8931 0.0510
Cyclist -1 -1 -4.5159 149.8465 180.7009 193.9668 266.7551 1.7231 0.4980 1.5886 -9.3966 1.8997 15.4311 -5.0555 0.0505
Car -1 -1 -7.9668 1014.2491 186.3596 1241.0000 374.0000 1.4831 1.5750 3.4223 4.0064 1.6220 5.5567 -7.3680 0.9338
Car -1 -1 -4.4682 281.7003 182.9421 438.3564 303.5216 1.5924 1.5686 3.2968 -3.8597 1.7769 11.5150 -4.7856 0.9105
Car -1 -1 -4.9177 373.4953 186.3927 485.9411 264.7136 1.4658 1.6616 4.1233 -4.2871 1.8164 16.4867 -5.1689 0.7919
Car -1 -1 -7.6745 968.8929 181.0158 1153.3190 322.9291 1.5386 1.5852 3.3897 6.1794 1.6697 9.8225 -7.1273 0.6730
Car -1 -1 -3.8502 0.0000 216.2115 182.2736 374.0000 1.4758 1.6040 3.7280 -3.0665 1.7117 2.0171 -4.7785 0.6404
Car -1 -1 -2.5151 0.0000 178.3387 74.9333 208.5342 1.5117 1.6713 3.8738 -30.3563 1.8028 37.3983 -3.1936 0.1731
Car -1 -1 -4.5454 116.8952 175.5042 166.3997 206.9986 1.6276 1.6431 3.9671 -25.7963 1.7814 39.7965 -5.1176 0.1179
Car -1 -1 -6.8387 1007.8787 162.9799 1081.4794 187.9377 1.5508 1.6523 3.6749 27.4513 0.9369 45.6914 -6.3007 0.1106
Car -1 -1 -4.5298 379.0840 172.9690 417.8918 200.0936 1.6023 1.6321 3.8264 -13.0626 1.6094 44.6239 -4.8133 0.1103
Car -1 -1 -4.6475 349.0206 185.6716 413.8624 239.4190 1.4546 1.6683 4.3334 -7.2072 1.9024 22.9269 -4.9493 0.1040
Car -1 -1 -2.8648 443.4468 175.1296 506.1570 199.1293 1.5045 1.6113 3.6622 -8.6982 1.6536 46.3876 -3.0494 0.0996
Car -1 -1 -9.2286 0.0000 0.0000 1241.0000 374.0000 1.5345 1.6338 3.7820 3.7218 1.5979 0.9872 -7.9897 0.0761
Car -1 -1 -5.2729 43.4593 176.9369 128.9684 206.9326 1.5335 1.7082 4.3131 -28.2970 1.7626 38.9259 -5.8984 0.0666
Car -1 -1 -7.6481 0.0000 185.9209 55.3563 263.8307 1.5276 1.7125 4.2034 -14.7283 1.8789 17.1598 -8.3498 0.0615
Car -1 -1 -4.5601 350.0636 183.7972 413.0030 228.1750 1.4633 1.6332 4.0662 -8.4942 1.9045 26.9757 -4.8629 0.0603
Car -1 -1 -7.2785 155.4969 177.2011 224.3375 204.7936 1.5192 1.6354 3.8809 -24.5909 1.7858 42.3305 -7.8023 0.0567
Car -1 -1 -3.1031 412.0111 175.3030 485.1417 199.7596 1.4455 1.6135 4.2834 -9.8408 1.5988 44.0611 -3.3219 0.0519
Car -1 -1 -6.1182 0.0000 194.0911 98.8106 257.2559 1.4891 1.5667 3.6201 -16.2722 2.1137 19.6517 -6.8033 0.0517
