Pedestrian -1 -1 -7.5699 701.4896 159.2310 720.0114 197.6031 1.9262 0.8007 0.5858 5.0792 1.2421 36.6509 -7.4337 0.0899
Pedestrian -1 -1 -5.2838 985.6781 275.7077 1071.0527 374.0000 1.0349 0.3015 0.3257 2.3915 1.6644 4.2425 -4.8012 0.0896
Pedestrian -1 -1 -8.1274 758.8585 167.5680 772.7163 198.5757 1.7544 0.6459 0.5509 8.8387 1.4550 41.1198 -7.9175 0.0765
Cyclist -1 -1 -7.5691 530.0013 157.3734 544.5756 183.9111 1.6374 0.4596 1.6804 -4.6003 0.6819 45.3869 -7.6697 0.0659
Pedestrian -1 -1 -6.9575 1217.5496 162.5193 1241.0000 227.0194 1.7535 0.6341 0.4182 17.2104 1.4722 19.9385 -6.2531 0.0637
Pedestrian -1 -1 -3.6198 287.3841 172.2963 302.8232 224.3583 1.8149 0.5635 0.2705 -11.1481 1.7951 25.4356 -4.0294 0.0623
Pedestrian -1 -1 -7.6069 579.2290 165.7056 595.6754 205.3366 1.8196 0.6399 0.5853 -1.0855 1.4911 33.4824 -7.6396 0.0620
Pedestrian -1 -1 -4.3654 337.1480 197.9901 366.2049 263.5399 1.2232 0.4131 0.3974 -4.9966 1.7112 13.8174 -4.7070 0.0560
Car -1 -1 -7.0349 1070.4406 155.6543 1241.0000 374.0000 1.4775 1.5542 4.2258 4.6670 1.4272 3.2257 -6.1109 0.0552
Pedestrian -1 -1 -8.3483 1220.3225 157.1276 1241.0000 230.4999 1.8366 0.5988 0.4075 15.9202 1.4427 18.3238 -7.6413 0.0518
Pedestrian -1 -1 -4.9393 826.8093 168.0232 881.7180 288.1700 1.6454 0.5951 0.6656 3.3964 1.5789 10.2379 -4.6286 0.0513
Pedestrian -1 -1 -8.4189 701.0775 177.8843 721.4816 222.2364 1.4620 0.5296 0.4275 3.3425 1.6323 24.1587 -8.2838 0.0506
Pedestrian -1 -1 -4.8168 1223.4617 154.7002 1241.0000 215.2395 1.8588 0.5415 0.3950 19.4368 1.3011 22.4707 -4.1104 0.0502
Pedestrian -1 -1 -8.1889 247.6259 172.0945 272.8482 233.1141 1.7874 0.5460 0.4914 -10.4718 1.7648 21.5021 -8.6376 0.0502
Cyclist -1 -1 -7.6766 653.2636 164.9886 683.0468 228.3280 1.7893 0.5579 1.9116 1.6916 1.5668 21.3777 -7.5994 0.8228
Pedestrian -1 -1 -6.5109 515.1191 164.7674 539.4271 209.1071 1.9198 0.7380 0.9188 -3.6855 1.5694 31.7434 -6.6261 0.4539
Pedestrian -1 -1 -3.5077 700.1706 174.8793 741.3774 243.5357 1.5879 0.4884 0.8415 2.5598 1.6364 17.0379 -3.3620 0.4444
Pedestrian -1 -1 -7.3897 682.3204 163.9162 700.0405 201.5476 1.8363 0.6455 0.6565 3.9729 1.3999 35.6596 -7.2801 0.1504
Pedestrian -1 -1 -7.2051 429.9576 178.7030 448.7460 214.7175 1.6317 0.6976 0.4711 -7.8842 1.9031 33.1628 -7.4372 0.1481
Pedestrian -1 -1 -8.1032 689.3184 165.8693 702.5765 195.9776 1.8761 0.6598 0.7584 5.3680 1.4406 45.3794 -7.9866 0.1192
Pedestrian -1 -1 -7.5963 454.8235 168.7681 472.2608 209.1840 1.8542 0.6513 0.6379 -6.8257 1.6664 33.4396 -7.7966 0.1049
Pedestrian -1 -1 -4.4745 415.3740 169.8090 441.3971 227.9195 1.7583 0.6051 0.8056 -5.6385 1.6659 22.2374 -4.7205 0.1044
Pedestrian -1 -1 -5.3111 942.4650 245.2571 1048.3286 374.0000 1.1751 0.3585 0.4305 2.1765 1.6216 4.2119 -4.8637 0.1011
Pedestrian -1 -1 -6.2325 341.1778 170.6243 366.3489 227.5461 1.7738 0.5912 0.7224 -8.1637 1.7041 22.8713 -6.5722 0.1007
Pedestrian -1 -1 -8.2998 721.0771 173.4337 734.6780 209.2785 1.6212 0.5308 0.3066 5.3260 1.6475 32.8627 -8.1411 0.0964
Pedestrian -1 -1 -5.4274 995.2241 225.2840 1126.0664 374.0000 1.2962 0.4203 0.4531 2.4298 1.6067 4.0121 -4.9161 0.0879
Cyclist -1 -1 -7.1977 1207.8448 151.7475 1241.0000 200.9527 1.8308 0.7118 1.6564 23.6599 1.0452 27.3652 -6.4902 0.0835
Cyclist -1 -1 -6.1886 429.1713 170.0529 468.5048 210.3681 1.8441 0.6129 1.7280 -7.4944 1.7157 33.4165 -6.4080 0.0766
Pedestrian -1 -1 -5.6276 982.4603 267.2227 1065.4083 374.0000 1.0889 0.3084 0.3017 2.3776 1.6716 4.2554 -5.1485 0.0733
Pedestrian -1 -1 -7.2840 1218.4622 158.0035 1241.0000 203.3050 1.6906 0.7031 0.4836 23.5620 1.1361 27.3329 -6.5781 0.0724
Cyclist -1 -1 -2.9287 414.2386 174.5994 452.8563 214.7664 1.8254 0.6799 1.6183 -8.1472 1.9063 33.1833 -3.1681 0.0689
Cyclist -1 -1 -4.4595 457.8354 171.9432 477.7835 209.6286 1.7087 0.5226 1.6164 -6.6399 1.6671 33.5380 -4.6539 0.0662
Pedestrian -1 -1 -5.9435 948.0081 204.2622 1083.2852 374.0000 1.3986 0.4338 0.5455 2.1657 1.5861 3.9663 -5.4757 0.0608
Pedestrian -1 -1 -8.0034 670.3645 173.3750 684.9801 208.8127 1.6012 0.5914 0.5171 3.0397 1.6248 32.8846 -7.9126 0.0603
Cyclist -1 -1 -7.8361 468.4550 172.0939 479.6665 207.9355 1.6635 0.4952 1.7312 -6.5119 1.6279 34.3825 -8.0223 0.0584
Cyclist -1 -1 -7.7569 473.3947 165.7838 487.3019 202.7011 1.7315 0.4939 1.7356 -6.2724 1.3996 34.7269 -7.9347 0.0553
Cyclist -1 -1 -6.6510 743.0613 161.8392 782.9995 200.4443 1.8700 0.6646 1.7994 7.4676 1.3362 35.4246 -6.4453 0.0526
Pedestrian -1 -1 -8.3815 705.2423 162.8900 722.5664 198.7825 1.8057 0.7053 0.5199 5.2400 1.3041 36.6730 -8.2411 0.0515
Pedestrian -1 -1 -5.4968 1031.4615 215.5039 1150.8988 374.0000 1.3322 0.4394 0.3772 2.7146 1.5927 4.1762 -4.9531 0.0507
Pedestrian -1 -1 -6.5591 469.2689 168.8190 485.6443 206.7350 1.7698 0.6542 0.6057 -6.3082 1.5811 34.1057 -6.7410 0.0503
Car -1 -1 -2.5274 0.0000 198.5098 257.4161 324.0858 1.4065 1.5425 3.8186 -6.8391 1.7615 9.1990 -3.1532 0.9472
Car -1 -1 -6.8729 1139.5197 158.5152 1241.0000 198.5397 1.4976 1.6099 4.1845 23.2477 0.9608 28.0028 -6.1853 0.0857
Car -1 -1 -7.8776 679.6975 169.6218 712.6055 199.1379 1.4502 1.5897 3.7443 4.3807 1.2911 37.3887 -7.7623 0.0761
Car -1 -1 -5.0306 469.1707 171.6283 526.6262 204.0235 1.4937 1.6529 3.8513 -5.5873 1.4369 35.3590 -5.1866 0.0578
