Cyclist -1 -1 -4.2584 89.3700 183.1944 151.0505 256.7421 1.6949 0.5239 1.7804 -12.0974 1.9629 17.8036 -4.8485 0.5401
Pedestrian -1 -1 -7.1813 382.4512 177.3891 396.9360 207.1183 1.8893 0.6393 0.6272 -14.1959 2.1832 46.3885 -7.4770 0.1698
Pedestrian -1 -1 -5.1545 734.7220 165.5793 754.3910 209.2779 2.0421 0.6285 0.8093 6.3306 1.7019 34.1908 -4.9735 0.1506
Cyclist -1 -1 -2.1497 114.2700 180.9226 161.1589 228.0594 1.7874 0.6251 1.8572 -18.5374 2.1104 28.2477 -2.7264 0.1452
Cyclist -1 -1 -7.6611 169.7930 184.9897 191.5014 229.1493 1.6478 0.4256 1.6063 -16.8176 2.1359 28.2078 -8.1948 0.1115
Pedestrian -1 -1 -5.0756 58.3439 168.5944 118.0702 296.4109 1.9048 0.5032 0.8001 -8.1442 1.8411 11.1845 -5.6939 0.1044
Pedestrian -1 -1 -5.7131 510.7276 172.7137 526.1799 196.8076 1.8744 0.4973 1.1094 -7.2084 1.8632 56.5958 -5.8395 0.0938
Pedestrian -1 -1 -7.9434 203.1705 174.9041 221.0253 216.5797 1.9587 0.6994 0.5523 -18.9994 2.0573 34.3772 -8.4453 0.0899
Car -1 -1 -5.8693 309.0894 186.4208 389.9094 211.6113 1.4281 1.5465 4.2484 -15.4576 2.2500 42.8119 -6.2142 0.0809
Cyclist -1 -1 -4.3019 234.9351 180.2405 264.7085 223.4509 1.7257 0.5106 1.5869 -14.9511 2.0397 29.8965 -4.7623 0.0774
Cyclist -1 -1 -6.7613 1156.7086 163.1797 1217.9561 209.3076 1.8036 0.6570 1.8037 22.9022 1.4250 28.7047 -6.0932 0.0741
Car -1 -1 -5.5116 729.0951 173.6998 783.5267 198.4069 1.7687 1.6364 3.9586 10.8547 1.8341 53.8917 -5.3143 0.0717
Cyclist -1 -1 -2.1859 33.7881 180.8194 85.1773 230.7608 1.8807 0.6766 1.7919 -21.3716 2.1955 27.9540 -2.8342 0.0697
Car -1 -1 -4.4425 707.6124 180.7020 754.8166 206.8508 1.4815 1.7597 4.4872 7.5337 1.9938 44.7286 -4.2773 0.0686
Car -1 -1 -4.4575 426.3929 181.0920 457.9238 201.8089 1.6226 1.6184 3.9275 -13.9579 2.3309 60.0765 -4.6852 0.0653
Car -1 -1 -8.2600 546.9213 178.4834 595.1465 204.7703 1.6471 1.7043 4.2010 -2.6987 2.0424 48.4391 -8.3158 0.0625
Pedestrian -1 -1 -7.0989 685.4556 172.0970 696.8381 193.2408 1.8716 0.4557 0.9890 7.2167 1.8043 64.3621 -6.9881 0.0603
Pedestrian -1 -1 -3.2352 460.9866 174.5546 477.6634 207.9412 1.8861 0.5902 0.8833 -8.0736 1.9839 41.2112 -3.4279 0.0563
Car -1 -1 -5.2503 576.4708 179.9311 641.3743 210.4667 1.5706 1.6828 4.2550 -0.1603 1.9888 40.4144 -5.2548 0.0562
Pedestrian -1 -1 -4.6310 0.0000 202.4608 11.8401 248.2658 1.3974 0.5017 0.5499 -19.3512 2.3503 22.8598 -5.3278 0.1336
Cyclist -1 -1 -4.3030 0.0000 192.1176 30.8075 247.1990 1.6664 0.4894 1.5360 -19.3392 2.3070 23.1986 -4.9924 0.1320
Pedestrian -1 -1 -7.2423 202.5577 189.6307 223.3329 231.4479 1.5006 0.5106 0.4287 -14.5306 2.1180 26.3265 -7.7427 0.1177
Cyclist -1 -1 -2.4804 0.0000 189.8020 42.8019 246.0422 1.7677 0.5811 1.5204 -19.2631 2.3190 23.1763 -3.1683 0.1158
Cyclist -1 -1 -2.2370 0.0000 189.4505 26.6542 247.3812 1.7769 0.6463 1.6291 -19.5382 2.3141 22.8880 -2.9380 0.1025
Cyclist -1 -1 -7.5849 0.0000 191.4637 16.8716 246.3894 1.6501 0.4909 1.7075 -19.6675 2.2695 23.1504 -8.2836 0.0800
Cyclist -1 -1 -7.2773 130.5388 188.5228 173.4573 241.5753 1.5972 0.3595 1.5551 -14.6014 2.1125 22.9636 -7.8386 0.0787
Cyclist -1 -1 -4.0747 176.3045 183.1427 219.2840 234.7818 1.7429 0.4891 1.5484 -14.5750 2.1172 25.4694 -4.5902 0.0739
Pedestrian -1 -1 -4.0011 178.9010 190.6450 202.0699 233.1598 1.4410 0.4709 0.5167 -14.5810 2.0646 25.0035 -4.5247 0.0592
Car -1 -1 -2.9244 351.5083 184.3092 466.5376 222.3481 1.5022 1.6916 4.3482 -8.3312 1.9938 30.0268 -3.1933 0.9349
Car -1 -1 -4.3567 86.0062 187.2337 196.6674 240.4243 1.5217 1.7169 4.1992 -15.5186 2.0458 24.0825 -4.9243 0.2457
Car -1 -1 -7.0995 0.0000 195.7044 66.2469 272.0302 1.4901 1.6522 3.9819 -15.4667 2.1020 17.3117 -7.8211 0.1481
Car -1 -1 -2.7099 0.0000 197.4094 40.0209 251.0430 1.5051 1.5969 4.1364 -20.9568 2.3309 22.8929 -3.4454 0.0850
