Car -1 -1 -8.2319 833.1977 160.7771 870.8175 183.5744 1.7727 1.6153 3.6722 19.3755 0.8333 57.9860 -7.9111 0.1089
Pedestrian -1 -1 -2.7303 456.0302 178.3757 467.2875 199.8800 1.8376 0.4482 0.8404 -12.7947 2.3150 62.1212 -2.9329 0.1035
Pedestrian -1 -1 -4.6819 1023.2787 163.0692 1049.4910 236.2766 1.8840 0.5802 0.6985 11.1910 1.6319 19.0188 -4.1573 0.0735
Car -1 -1 -7.4102 411.2743 180.9662 450.6403 203.1472 1.6718 1.6543 3.6424 -14.3149 2.3428 57.7583 -7.6525 0.0728
Pedestrian -1 -1 -3.7297 947.4487 160.9952 960.4258 190.3963 1.8516 0.5469 0.5271 21.7713 1.1045 45.7496 -3.2882 0.0724
Car -1 -1 -4.8994 711.7790 175.0959 742.4388 196.2552 1.7001 1.7250 4.5203 9.7862 1.8956 60.7421 -4.7408 0.0659
Pedestrian -1 -1 -4.6143 757.4664 168.6424 775.9897 216.6417 1.9172 0.6585 0.8575 6.3301 1.7487 29.3278 -4.4044 0.0643
Pedestrian -1 -1 -6.2310 411.8702 178.3783 429.2751 213.6046 1.9190 0.6795 0.8961 -10.4980 2.2271 39.8628 -6.4874 0.0604
Pedestrian -1 -1 -8.4256 714.5366 170.1638 731.0340 202.1730 1.9591 0.7046 0.7677 6.9428 1.7941 44.6548 -8.2728 0.0578
Pedestrian -1 -1 -4.2578 278.8711 176.5771 312.4156 240.5251 1.9324 0.6594 0.8114 -9.7434 2.0492 22.2731 -4.6663 0.0570
Pedestrian -1 -1 -4.8147 364.8365 192.5525 375.3154 220.6142 1.4054 0.4598 0.5049 -12.3163 2.4219 36.9175 -5.1350 0.0542
Pedestrian -1 -1 -8.0653 807.7356 170.5424 822.0874 202.4832 1.7820 0.6641 0.5969 11.4824 1.6528 40.5747 -7.7919 0.0537
Cyclist -1 -1 -4.3913 352.6895 181.6747 376.7420 219.2198 1.8038 0.5423 1.9786 -12.3031 2.2572 36.1218 -4.7178 0.7174
Pedestrian -1 -1 -7.5821 71.3303 181.5443 102.8140 248.0048 1.8613 0.6060 0.5394 -15.0137 2.1141 20.6584 -8.2047 0.3476
Pedestrian -1 -1 -7.8288 948.6640 169.6504 971.8466 227.1213 1.8266 0.6637 0.7280 11.3175 1.7245 23.4072 -7.3839 0.2210
Pedestrian -1 -1 -8.1381 1017.9888 162.8923 1042.7908 210.3978 1.9234 0.6953 0.7487 17.2288 1.5198 29.6595 -7.6165 0.2204
Cyclist -1 -1 -7.3827 230.7819 193.4219 260.7102 239.0088 1.6156 0.3379 1.5364 -13.6777 2.4079 27.0347 -7.8475 0.2026
Cyclist -1 -1 -4.9035 876.8743 169.0492 897.2149 207.9810 1.7014 0.5516 1.5897 12.3719 1.5348 32.3623 -4.5418 0.1919
Pedestrian -1 -1 -8.0541 878.5853 165.8308 896.9143 206.9019 1.8179 0.6788 0.4878 12.3612 1.5067 32.2320 -7.6913 0.1694
Cyclist -1 -1 -8.0082 431.1421 183.5624 445.7926 220.1794 1.6630 0.4347 1.5777 -8.1446 2.1803 34.0578 -8.2417 0.1571
Cyclist -1 -1 -7.5011 224.5595 192.6314 253.9545 239.1947 1.6404 0.4303 1.6522 -13.8933 2.4029 26.9837 -7.9729 0.1490
Cyclist -1 -1 -7.5723 403.4660 181.2600 414.2611 206.5684 1.7025 0.3045 1.5309 -13.9123 2.2915 49.8144 -7.8436 0.1142
Cyclist -1 -1 -6.8129 862.7968 165.9210 904.3925 207.4779 1.8268 0.6925 1.6066 12.1599 1.5217 32.1964 -6.4552 0.1098
Pedestrian -1 -1 -4.8363 430.6439 187.5689 442.9531 220.3931 1.4959 0.4992 0.4849 -8.0796 2.1848 33.4797 -5.0718 0.1029
Cyclist -1 -1 -4.4725 433.9131 183.1623 452.0135 221.0649 1.7190 0.4908 1.4792 -7.8733 2.2132 33.8706 -4.6997 0.0983
Cyclist -1 -1 -7.9099 466.0790 181.4877 477.7293 221.2284 1.7203 0.4272 1.5248 -6.2432 2.1168 32.3694 -8.0995 0.0797
Pedestrian -1 -1 -8.1492 467.7283 184.9857 483.1953 221.6086 1.5915 0.5517 0.4978 -5.9982 2.1340 31.9345 -8.3339 0.0762
Pedestrian -1 -1 -8.0188 193.4945 191.6660 217.6918 239.5344 1.6961 0.6769 0.6444 -14.8395 2.3960 26.3931 -8.5270 0.0733
Cyclist -1 -1 -4.2857 60.8427 184.1084 107.5014 248.8714 1.7667 0.4915 1.5271 -15.1505 2.1026 20.7568 -4.9103 0.0725
Cyclist -1 -1 -7.7980 188.4902 189.8037 209.6322 246.4110 1.7186 0.4961 1.6513 -13.2859 2.2848 23.2654 -8.3123 0.0689
Cyclist -1 -1 -4.9386 1008.3364 165.9582 1039.8806 209.8804 1.7503 0.7470 1.7261 16.9732 1.4752 29.6862 -4.4239 0.0666
Cyclist -1 -1 -5.5689 50.9259 179.7959 119.6272 245.8681 1.8663 0.5999 1.6068 -15.1865 2.0699 20.8295 -6.1930 0.0660
Cyclist -1 -1 -4.8946 1023.7873 165.4978 1047.8894 208.5542 1.7209 0.5692 1.5680 17.4545 1.4266 29.6730 -4.3676 0.0656
Cyclist -1 -1 -5.0125 882.2194 165.8926 906.4069 205.9925 1.7458 0.5522 1.5893 12.6421 1.4425 32.2259 -4.6421 0.0632
Cyclist -1 -1 -2.9702 445.6393 178.3983 481.8589 220.6036 1.8410 0.6394 1.4827 -6.5009 2.0885 31.9041 -3.1701 0.0613
Cyclist -1 -1 -7.1320 187.6349 192.9994 236.5771 240.4198 1.6309 0.5785 1.7202 -14.6252 2.3953 26.4855 -7.6327 0.0606
Cyclist -1 -1 -2.5543 188.7451 190.4872 244.0045 238.4330 1.7220 0.6709 1.7057 -14.5628 2.3825 26.6283 -3.0509 0.0551
Pedestrian -1 -1 -7.2451 431.4311 187.4552 450.0660 221.1575 1.5199 0.5686 0.6487 -7.8503 2.2017 33.2990 -7.4754 0.0546
Cyclist -1 -1 -8.1748 748.1815 171.9916 758.1949 191.3239 1.5745 0.3401 1.5366 11.7862 1.5039 59.5474 -7.9807 0.0531
Pedestrian -1 -1 -5.4679 0.0000 189.3704 19.7561 254.0522 1.7817 0.5645 0.4171 -17.1351 2.2539 20.3363 -6.1617 0.0530
Pedestrian -1 -1 -6.0663 398.7320 183.1765 412.4507 207.7765 1.6571 0.6715 0.7750 -13.9843 2.3666 49.2617 -6.3419 0.0510
Cyclist -1 -1 -8.2031 420.1594 182.6718 442.3680 220.8253 1.7282 0.5230 1.5184 -8.4359 2.1991 33.8573 -8.4460 0.0504
Car -1 -1 -5.7464 0.0000 200.0703 308.5598 291.9362 1.4674 1.6689 4.4963 -8.0395 1.9861 12.8967 -6.2950 0.9755
Car -1 -1 -6.1832 467.9338 182.6868 526.8638 206.2606 1.5066 1.6550 3.7123 -7.4568 2.1705 47.8140 -6.3375 0.6232
Car -1 -1 -2.9847 478.0946 179.8092 530.5202 202.3107 1.6210 1.5475 3.6328 -7.8048 2.1418 53.2659 -3.1299 0.3273
Car -1 -1 -5.2387 1002.2643 151.5640 1079.0905 187.9244 1.7814 1.7071 3.8079 22.0978 0.7380 37.2580 -4.7070 0.1944
Car -1 -1 -7.3913 318.0226 175.2491 388.4869 217.7928 2.3056 1.9246 4.7521 -14.8217 2.4524 41.8581 -7.7301 0.1496
Car -1 -1 -4.3955 93.5733 194.4378 205.0839 253.8354 1.4284 1.5387 4.0054 -13.3096 2.1207 21.0269 -4.9544 0.1207
Car -1 -1 -4.9642 779.9994 173.4351 825.3109 199.6404 1.5865 1.7698 4.2280 12.1536 1.6249 45.8950 -4.7073 0.1099
Car -1 -1 -6.5337 947.5262 153.9943 1028.3320 181.3342 1.6690 1.6760 4.2098 23.6406 0.5174 45.3383 -6.0557 0.1072
Car -1 -1 -7.7215 522.4272 178.7256 546.7624 197.6401 1.5615 1.6108 3.8523 -6.5468 2.0874 62.7238 -7.8254 0.1053
Car -1 -1 -3.5537 838.5115 168.1465 913.6647 192.0673 1.5545 1.6855 4.3681 17.5820 1.2482 47.8652 -3.2040 0.0951
Car -1 -1 -6.8834 642.5862 179.9316 710.7949 204.9052 1.5287 1.6720 4.2100 4.3173 2.0059 46.9207 -6.7927 0.0869
Car -1 -1 -4.9871 740.8480 170.8374 772.0563 190.9832 1.6232 1.5735 3.7691 12.1285 1.4604 60.0740 -4.7891 0.0810
Car -1 -1 -4.5229 104.2485 144.7603 154.6669 174.4652 1.5885 1.6356 3.9958 -27.0977 0.0859 40.7447 -5.1069 0.0772
Car -1 -1 -7.5633 384.4460 179.2797 425.3825 205.6681 1.7477 1.6935 3.9988 -14.4080 2.2175 50.7794 -7.8387 0.0602
Car -1 -1 -4.5182 553.9304 180.0169 582.2720 198.0220 1.4639 1.6691 4.2555 -3.6229 2.1076 62.6526 -4.5761 0.0539
