Pedestrian -1 -1 -7.6328 61.7111 182.6496 83.1219 219.9769 1.8194 0.7039 0.7597 -26.7920 2.3133 35.9156 -8.2703 0.1714
Cyclist -1 -1 -2.0675 21.6656 185.1063 60.5847 225.4221 1.8562 0.6934 1.7770 -27.0849 2.4497 34.2999 -2.7322 0.0882
Car -1 -1 -5.0474 945.7453 179.4952 990.7655 206.2135 1.7699 1.6240 3.9332 25.1609 2.2566 50.8663 -4.5908 0.0824
Car -1 -1 -4.3320 1062.3888 173.3542 1241.0000 374.0000 1.4805 1.6030 4.2614 4.1014 1.4831 2.8160 -3.4109 0.0793
Car -1 -1 -4.5920 9.5424 203.4169 72.3204 245.5368 1.5158 1.6241 4.4009 -24.8763 2.9522 31.6141 -5.2548 0.0648
Car -1 -1 -4.1135 107.7168 185.9835 176.6181 214.9851 1.6577 1.6676 3.9487 -29.1484 2.5134 45.0458 -4.6853 0.0615
Car -1 -1 -5.1056 434.0070 188.5502 469.4257 207.5987 1.5270 1.6513 3.9433 -13.9535 2.9507 63.3722 -5.3219 0.0605
Pedestrian -1 -1 -6.8583 0.0000 187.9518 27.8437 242.4123 1.8156 0.6767 0.6797 -20.5936 2.3414 24.7171 -7.5478 0.0599
Car -1 -1 -4.7317 1125.2240 189.4675 1166.5444 223.6700 1.5742 1.6152 4.1283 27.7155 2.4858 37.4532 -4.0990 0.0589
Car -1 -1 -4.6487 548.8990 182.1654 569.0118 199.0961 1.5520 1.7090 3.9573 -4.9656 2.4847 70.3099 -4.7193 0.0568
Cyclist -1 -1 -7.2463 486.7609 182.3562 518.4159 223.1976 1.6815 0.5492 1.5614 -4.6321 2.0991 30.9102 -7.3945 0.0557
Car -1 -1 -3.4940 1001.6533 182.2074 1089.6660 212.2200 1.5173 1.6472 3.6566 23.0393 2.0288 38.3375 -2.9568 0.0527
Pedestrian -1 -1 -5.6975 161.7007 184.2120 180.8060 213.7814 1.8422 0.7878 0.7174 -27.8030 2.5673 45.6751 -6.2420 0.0522
Cyclist -1 -1 -8.0938 868.2679 178.2617 900.8862 242.7614 1.6331 0.4207 1.6436 7.2562 1.7834 19.2503 -7.7391 0.0520
Cyclist -1 -1 -4.5697 1219.1620 166.8882 1241.0000 209.7207 1.8277 0.6484 1.8519 27.2709 1.5729 31.6441 -3.8633 0.1237
Pedestrian -1 -1 -4.0353 0.0000 180.1481 29.6132 238.9293 1.9678 0.7276 0.6499 -20.4319 2.2192 24.5658 -4.7239 0.1127
Pedestrian -1 -1 -7.5628 1168.1852 165.3573 1188.9832 208.1973 1.8350 0.6078 0.4436 24.6060 1.5136 31.2821 -6.9012 0.1108
Pedestrian -1 -1 -4.9163 66.7328 181.1324 89.8300 230.4779 1.8853 0.6357 0.5097 -20.7587 2.2121 28.1097 -5.5480 0.1020
Pedestrian -1 -1 -8.8552 1176.9591 167.5072 1201.6487 212.1808 1.9471 0.7006 0.5616 25.5079 1.7137 31.8272 -8.1845 0.0916
Pedestrian -1 -1 -7.7756 1159.7490 173.1142 1177.5475 213.3879 1.7588 0.5907 0.4498 24.6397 1.7701 31.8797 -7.1225 0.0741
Cyclist -1 -1 -7.8693 754.7148 180.8017 759.6608 202.2301 1.6752 0.3591 1.6571 11.7782 2.3219 57.8842 -7.6701 0.0671
Pedestrian -1 -1 -4.2656 43.6083 183.6277 69.5473 233.7211 1.8136 0.6149 0.4680 -20.3971 2.2140 26.5401 -4.9161 0.0667
Cyclist -1 -1 -5.9547 0.0000 182.9315 55.6592 236.4567 1.7727 0.7427 1.7740 -20.3056 2.1279 24.7979 -6.6357 0.0547
Cyclist -1 -1 -7.0801 1166.2654 164.9628 1216.6737 207.3298 1.8351 0.6579 1.8000 25.4894 1.4930 31.6918 -6.4076 0.0536
Pedestrian -1 -1 -4.1759 1190.8303 168.8989 1213.3792 209.8723 1.7555 0.6540 0.3784 25.6274 1.5858 31.2865 -3.4945 0.0529
Car -1 -1 -4.4127 363.5679 190.3554 408.4734 215.5954 1.5691 1.7952 4.2241 -15.4550 2.8303 49.8972 -4.7120 0.8288
Car -1 -1 -4.8983 406.1479 185.7301 431.8764 203.8994 1.5915 1.6556 3.9355 -18.1393 2.8491 68.3563 -5.1571 0.2044
Car -1 -1 -4.6312 742.6450 180.1765 766.3486 201.2187 1.6126 1.6040 3.6751 11.7477 2.2278 58.6663 -4.4350 0.1602
Car -1 -1 -4.7568 776.3622 181.8776 801.4619 201.6300 1.4810 1.7752 4.0181 14.3672 2.2353 58.1996 -4.5165 0.0993
Car -1 -1 -5.0418 1163.0668 185.3266 1241.0000 223.0678 1.5964 1.6604 3.9950 27.8550 2.2230 34.1089 -4.3618 0.0831
Car -1 -1 -5.1466 1081.0624 186.0022 1157.4275 219.8537 1.5923 1.6507 4.1606 26.5468 2.3213 37.8333 -4.5390 0.0566
