Cyclist -1 -1 -7.4321 407.3356 178.6024 420.7903 202.6659 1.5970 0.2953 1.4966 -13.3348 1.9932 49.0114 -7.6968 0.1053
Pedestrian -1 -1 -8.1040 798.5152 164.2786 819.7057 208.2835 1.8227 0.7204 0.6259 8.2867 1.4672 30.2049 -7.8392 0.0960
Pedestrian -1 -1 -8.2036 537.1954 178.2257 549.1529 206.7252 1.6427 0.5246 0.5882 -3.9378 1.9587 42.1101 -8.2968 0.0905
Pedestrian -1 -1 -8.3022 1019.7913 154.4130 1061.1625 238.4488 1.8777 0.6071 0.5981 9.7494 1.4654 16.4441 -7.7754 0.0801
Pedestrian -1 -1 -3.0319 603.4932 169.8379 633.7524 231.8765 1.8498 0.5504 0.8624 0.2168 1.7596 21.8384 -3.0230 0.0727
Pedestrian -1 -1 -8.0090 554.7288 184.7984 567.9427 220.0639 1.4101 0.4551 0.5591 -2.0286 1.9017 29.3921 -8.0780 0.0720
Pedestrian -1 -1 -7.8313 1147.6852 177.4176 1196.3317 282.4395 1.5480 0.5767 0.4695 8.5315 1.6198 11.0300 -7.1864 0.0649
Cyclist -1 -1 -7.7440 416.4165 176.6852 425.8280 203.8099 1.6827 0.4133 1.5215 -12.0093 1.9296 45.7660 -7.9996 0.0616
Pedestrian -1 -1 -3.9099 1097.2104 133.3979 1128.5103 207.5596 1.8609 0.5369 0.3901 12.7696 0.8706 18.4030 -3.3108 0.0605
Car -1 -1 -6.0800 540.9650 180.6579 620.8372 208.8449 1.5007 1.6549 4.2010 -1.6329 1.9478 40.2103 -6.1208 0.0574
Cyclist -1 -1 -8.4357 592.9788 176.4019 622.2687 211.7427 1.7297 0.6214 1.7384 -0.1710 1.9127 36.3891 -8.4409 0.0565
Pedestrian -1 -1 -5.8305 0.0000 175.5033 32.1521 262.6869 1.8615 0.6342 0.5955 -13.2292 1.9206 15.8067 -6.5192 0.0559
Car -1 -1 -4.4044 555.1781 173.6444 590.1966 193.8257 1.6289 1.6972 4.3840 -3.1206 1.6977 60.7543 -4.4559 0.0522
Pedestrian -1 -1 -4.0780 1148.4484 142.8368 1194.4406 231.4922 1.8182 0.5718 0.5097 11.7248 1.2023 15.1444 -3.4288 0.0519
Cyclist -1 -1 -7.9557 505.3020 177.3349 525.1580 221.5338 1.7159 0.5886 2.0687 -3.9061 1.9042 29.3039 -8.0877 0.8205
Pedestrian -1 -1 -5.0570 578.4930 188.7563 598.6799 234.0820 1.3523 0.4316 0.6273 -0.7092 1.8485 22.1586 -5.0895 0.2182
Pedestrian -1 -1 -6.0718 521.8532 171.7995 533.2087 195.6227 1.8489 0.5473 0.7834 -6.4618 1.7668 56.3088 -6.1859 0.1481
Pedestrian -1 -1 -8.1588 679.1887 175.1696 712.4434 245.3195 1.7146 0.6813 0.5727 2.0853 1.7732 18.0053 -8.0463 0.1286
Cyclist -1 -1 -8.4447 547.3108 176.6293 590.8325 230.1322 1.7108 0.5767 1.7347 -1.4278 1.8410 24.0594 -8.5041 0.1228
Cyclist -1 -1 -8.2908 540.8693 179.5538 568.2111 219.5491 1.6081 0.4427 1.7380 -2.3747 1.8960 30.1664 -8.3693 0.0833
Cyclist -1 -1 -2.5959 541.5239 177.5766 595.6666 231.8713 1.7160 0.6175 1.6913 -1.4059 1.8744 23.5882 -2.6556 0.0604
Cyclist -1 -1 -8.2062 563.9896 177.7310 593.8530 230.5227 1.6877 0.4375 1.6823 -1.0992 1.8560 24.0855 -8.2521 0.0574
Cyclist -1 -1 -7.1988 559.1693 175.3572 592.4543 220.1376 1.7944 0.5393 1.5542 -1.4444 1.9002 29.7929 -7.2475 0.0531
Cyclist -1 -1 -7.6458 525.6335 174.1147 534.6586 195.3166 1.6376 0.3941 1.5462 -6.2883 1.7376 56.6127 -7.7563 0.0507
Car -1 -1 -2.7631 12.9419 193.7100 277.7524 279.6819 1.4538 1.6777 3.9642 -8.8192 1.8906 13.9465 -3.3187 0.9692
Car -1 -1 -6.9113 788.3629 182.0535 1193.0759 322.7994 1.4800 1.6723 4.3118 4.5326 1.6089 8.9382 -6.4562 0.9360
Car -1 -1 -3.6025 659.6432 163.7991 916.8845 272.3141 1.8490 1.7321 4.4196 3.2581 1.6944 13.6460 -3.3741 0.9340
Car -1 -1 -2.9353 175.3333 187.5007 329.9559 244.4530 1.4979 1.6244 3.7476 -10.2477 1.9463 20.8605 -3.3872 0.9138
Car -1 -1 -3.0401 296.9654 185.7396 389.6860 219.2393 1.4170 1.6316 3.7989 -12.0646 2.0240 32.7478 -3.3909 0.8361
Car -1 -1 -2.4535 0.0000 210.7811 132.3208 374.0000 1.4274 1.6100 4.1123 -7.1440 1.8343 6.7258 -3.2492 0.6341
Car -1 -1 -6.5262 786.8268 178.9027 1079.5178 285.6202 1.4880 1.5447 3.8832 4.7613 1.5906 11.2293 -6.1355 0.1495
Car -1 -1 -6.8558 798.8041 177.8447 971.9817 237.7183 1.5085 1.6492 4.1882 7.4059 1.6528 19.6459 -6.5010 0.1162
Car -1 -1 -8.0779 304.0360 174.8598 345.4267 202.3568 1.6800 1.6635 3.8550 -18.4289 1.8146 46.4458 -8.4539 0.0948
Car -1 -1 -4.9376 318.6659 180.3871 370.1711 214.1947 1.5465 1.6219 3.6773 -13.2835 1.9414 35.8732 -5.2902 0.0899
Car -1 -1 -8.1859 511.5101 179.8218 563.2895 219.3517 1.5588 1.4489 2.4340 -3.1270 1.8653 30.3588 -8.2882 0.0680
Car -1 -1 -6.5129 577.6245 182.2737 724.7932 230.7856 1.4452 1.6659 4.4544 1.2326 1.7634 23.1812 -6.4613 0.0537
Car -1 -1 -8.0492 789.8074 173.3437 868.8391 230.1520 1.5916 1.6150 3.5902 6.5693 1.6076 22.1073 -7.7647 0.0535
