Car -1 -1 -8.0523 741.0370 186.9275 850.4774 263.0134 1.4063 1.5654 3.8311 3.9188 1.7559 15.9978 -7.8172 0.9609
Car -1 -1 -7.8890 590.1591 184.9427 655.9390 238.5437 1.3404 1.7173 3.3247 0.2510 1.7115 20.4847 -7.8778 0.9594
Car -1 -1 -2.3913 489.3541 177.8781 565.9899 211.4370 1.5024 1.5903 3.4886 -3.9962 1.7539 34.4795 -2.5064 0.8696
Car -1 -1 -7.8664 602.7262 178.8047 639.8962 214.2543 1.5239 1.6297 3.6889 0.4538 1.8149 33.4811 -7.8536 0.7972
Car -1 -1 -4.2300 172.1169 173.0902 264.6123 214.9420 1.4388 1.5573 3.4507 -14.3497 1.4478 26.5573 -4.7214 0.7149
Car -1 -1 -7.9793 671.5388 175.2967 708.8239 206.5929 1.6721 1.6375 3.5953 4.4334 1.8155 40.6457 -7.8720 0.3429
Cyclist -1 -1 -7.9015 671.1962 173.5541 677.3719 196.3318 1.6400 0.3757 1.5007 4.6668 1.6916 52.7533 -7.8141 0.3137
Pedestrian -1 -1 -3.1089 792.0187 167.2924 803.2505 195.8486 1.8705 0.5900 0.7005 12.3578 1.5059 47.6429 -2.8570 0.2066
Pedestrian -1 -1 -5.9014 122.2275 161.9457 145.2421 211.2402 1.7789 0.6505 0.4952 -17.4702 1.3850 26.4063 -6.4814 0.1905
Pedestrian -1 -1 -7.1968 295.0009 158.8324 314.9725 199.2873 1.9148 0.6214 0.6362 -14.6385 1.2509 34.5392 -7.5951 0.1740
Pedestrian -1 -1 -5.8635 832.0173 172.9120 855.4832 219.3638 1.7573 0.5337 0.7024 8.9378 1.7593 27.7303 -5.5554 0.1675
Pedestrian -1 -1 -7.0849 918.8564 170.6730 938.0880 202.7565 1.8123 0.6288 0.7954 18.1458 1.6888 41.1997 -6.6731 0.1513
Car -1 -1 -4.7468 324.0685 161.7086 363.2863 197.4379 1.6219 1.6420 4.0492 -12.9790 1.1157 34.9379 -5.1002 0.1282
Car -1 -1 -7.8871 705.6343 175.1576 724.3712 191.6674 1.4888 1.6037 3.7925 9.7896 1.7106 67.5898 -7.7442 0.1193
Car -1 -1 -4.4071 649.8481 174.7329 685.6622 195.4404 1.5833 1.6700 4.2388 4.6457 1.7397 57.8620 -4.3278 0.1130
Pedestrian -1 -1 -3.6268 964.2729 161.1252 976.8305 210.1498 1.9347 0.4622 0.2595 14.2995 1.4716 28.7096 -3.1691 0.1095
Pedestrian -1 -1 -3.7661 783.0568 168.9336 799.6628 207.6041 1.9457 0.5496 0.6123 9.1763 1.7481 36.6725 -3.5233 0.1072
Pedestrian -1 -1 -4.9907 489.0457 163.2039 509.3611 214.1398 1.9694 0.6290 0.6666 -4.3978 1.5960 28.3321 -5.1438 0.1030
Car -1 -1 -4.4997 287.6851 178.1988 342.5046 210.4177 1.5713 1.7897 4.4233 -15.6021 1.8720 38.2952 -4.8845 0.0944
Car -1 -1 -7.8136 751.9227 173.6966 771.2164 191.4017 1.6518 1.6685 4.0272 14.6404 1.7354 69.6768 -7.6076 0.0890
Pedestrian -1 -1 -7.6071 523.6788 168.2701 539.2943 204.3585 1.9252 0.6479 0.8629 -4.2740 1.6804 38.9634 -7.7161 0.0742
Car -1 -1 -5.0280 851.0498 183.6919 905.0692 214.3816 1.4992 1.5987 3.7438 14.1881 2.1054 38.4856 -4.6779 0.0709
Car -1 -1 -5.1707 1066.2345 173.9774 1241.0000 257.6115 1.5774 1.5861 4.1517 11.7759 1.6051 15.8476 -4.5411 0.0686
Car -1 -1 -5.0685 983.8593 176.7108 1088.6995 229.6496 1.5138 1.5975 3.8254 13.3606 1.6469 22.9443 -4.5473 0.0672
Pedestrian -1 -1 -5.4307 311.7395 170.8637 323.0706 203.8426 1.8808 0.5399 0.2991 -16.8477 1.7670 41.4588 -5.8147 0.0601
Car -1 -1 -6.8288 0.0000 0.0000 1241.0000 374.0000 1.4980 1.5714 3.7928 -3.9764 1.6203 1.8817 -7.9015 0.0600
Car -1 -1 -4.8051 632.3873 175.4371 656.2496 195.2888 1.5446 1.5767 3.8722 2.7306 1.7612 58.6237 -4.7592 0.0561
Pedestrian -1 -1 -3.8035 855.5363 166.4939 866.7870 195.8513 1.9143 0.5652 0.4434 16.4608 1.4993 47.3884 -3.4715 0.0541
Car -1 -1 -5.1662 721.2154 172.7092 757.7817 191.0974 1.7059 1.7376 4.2975 12.3612 1.6922 69.2428 -4.9906 0.0531
Pedestrian -1 -1 -8.6008 859.3260 166.0099 872.1366 194.3027 2.0024 0.6501 0.5652 18.2048 1.5177 51.4541 -8.2629 0.0513
Car -1 -1 -7.4211 195.9539 154.1600 271.3026 192.9331 1.7414 1.7665 3.7269 -17.8367 0.9015 34.3057 -7.8976 0.0508
Car -1 -1 -4.6580 550.9794 179.6226 583.9084 208.4389 1.4788 1.6015 4.3156 -2.3595 1.8759 40.2038 -4.7168 0.0506
Pedestrian -1 -1 -7.5951 680.6369 175.7441 709.0371 226.4834 1.6457 0.7876 0.6861 2.7681 1.7430 23.9176 -7.4820 0.3327
Pedestrian -1 -1 -5.7358 0.0000 159.1339 39.5607 257.8033 1.9028 0.5467 0.6010 -11.8075 1.6379 14.2264 -6.4194 0.2082
Cyclist -1 -1 -7.3554 570.8635 173.9101 588.2637 199.7880 1.6943 0.4559 1.5908 -2.0553 1.7656 48.1215 -7.3983 0.1361
Pedestrian -1 -1 -5.4357 0.0000 158.3159 36.0125 254.8749 1.8802 0.6290 0.4168 -11.9801 1.5968 14.3937 -6.1208 0.1235
Cyclist -1 -1 -3.4866 474.8561 170.0923 528.0788 225.8711 1.8099 0.6729 1.6258 -3.6684 1.7200 24.0949 -3.6367 0.0991
Pedestrian -1 -1 -5.1948 63.0128 155.9804 117.2670 253.6697 1.8911 0.6186 0.7183 -10.4286 1.5641 14.4061 -5.8128 0.0792
Cyclist -1 -1 -7.4081 0.0000 158.5650 61.2009 258.2871 1.8600 0.4492 1.7996 -11.7146 1.5932 14.3856 -8.0826 0.0750
Cyclist -1 -1 -7.7495 702.6011 177.4575 718.3307 220.9248 1.6928 0.4748 1.5485 4.0121 1.8831 29.0788 -7.6145 0.0681
Cyclist -1 -1 -7.4660 0.0000 156.7288 46.8688 253.4379 1.8171 0.4413 1.7058 -11.9705 1.5138 14.4375 -8.1493 0.0651
Pedestrian -1 -1 -5.6417 569.4413 173.4840 583.5735 200.4902 1.7753 0.5401 0.7661 -2.2558 1.8172 47.8891 -5.6889 0.0598
Pedestrian -1 -1 -6.3607 575.7799 173.3188 588.6638 199.2442 1.7085 0.6075 0.8094 -1.8797 1.7393 47.9119 -6.4001 0.0582
Cyclist -1 -1 -7.3575 0.0000 156.4683 76.8733 264.6898 1.8252 0.5029 1.7906 -10.5081 1.5485 13.0938 -8.0240 0.0542
Cyclist -1 -1 -8.0318 693.8389 178.0010 712.6431 220.5238 1.6675 0.4702 1.6305 3.7344 1.8823 29.3214 -7.9070 0.0541
Pedestrian -1 -1 -6.8639 843.6467 175.0366 859.5833 212.2547 1.8539 0.6768 0.4652 12.1372 1.9648 36.3737 -6.5448 0.0529
Car -1 -1 -8.0250 702.6649 176.3237 778.1830 231.8856 1.6234 1.6813 4.2379 4.0832 1.7462 23.4671 -7.8556 0.9190
Car -1 -1 -2.1813 282.4562 183.0982 476.2243 273.3522 1.4370 1.5641 3.8542 -4.4993 1.6563 13.6798 -2.4940 0.8587
Car -1 -1 -2.0939 175.1842 186.0947 416.0216 302.6087 1.3979 1.5699 3.9124 -4.8736 1.6297 10.8556 -2.5074 0.8390
Car -1 -1 -1.8177 37.6193 175.4250 313.3839 374.0000 1.5762 1.6500 3.5849 -4.7564 1.6095 7.5895 -2.3624 0.7670
Car -1 -1 -8.4058 410.2444 178.8309 528.1243 235.3647 1.4796 1.6764 3.7573 -4.2609 1.6714 21.2429 -8.6020 0.6460
Car -1 -1 -4.3333 300.1950 180.4042 392.9385 229.3083 1.4107 1.5252 3.7291 -8.4323 1.6739 23.2878 -4.6775 0.4221
Car -1 -1 -7.2594 0.0000 146.8666 141.4301 273.8649 2.0911 1.7842 4.2345 -11.3281 1.6629 14.0585 -7.9285 0.3590
Car -1 -1 -8.0106 677.6998 181.7482 719.4009 212.9755 1.4181 1.4983 3.4878 4.2727 1.8779 35.5483 -7.8926 0.3241
Car -1 -1 -2.4600 414.6980 176.7007 484.4725 206.3002 1.5087 1.5342 3.4487 -8.6270 1.7220 38.6120 -2.6788 0.2781
Car -1 -1 -2.4420 413.0594 180.4381 531.9163 226.0183 1.4318 1.5766 3.9284 -4.8072 1.7101 24.8604 -2.6316 0.1669
Car -1 -1 -4.7494 855.5389 180.1425 888.3389 208.7853 1.4569 1.5438 3.5199 14.2888 1.8758 39.5842 -4.4059 0.1613
Car -1 -1 -4.4314 373.1330 178.5902 437.9648 217.5728 1.4319 1.5181 3.7276 -8.1565 1.6764 28.9229 -4.7043 0.1418
Car -1 -1 -7.0920 696.3080 180.7911 791.4119 220.2536 1.4807 1.6149 3.8688 5.4760 1.8255 29.5830 -6.9114 0.1152
Car -1 -1 -5.3346 1110.4838 180.8666 1241.0000 374.0000 1.6498 1.6648 3.9626 5.2540 1.7268 4.8668 -4.5417 0.0935
Car -1 -1 -4.3247 553.0026 174.4856 593.9467 196.9809 1.5949 1.6071 4.1160 -2.6994 1.7209 53.6833 -4.3751 0.0899
Car -1 -1 -6.5264 955.4437 171.6505 1108.5826 220.4813 1.5186 1.6362 4.0739 13.7176 1.4809 23.7781 -6.0090 0.0869
Car -1 -1 -4.4420 411.6731 178.2595 466.1873 211.8316 1.4262 1.5178 3.6117 -7.8172 1.6874 33.0770 -4.6727 0.0817
Car -1 -1 -7.2499 0.0000 146.2423 0.0000 271.9318 1.8472 1.7935 3.9656 -13.2354 1.4558 12.7209 -8.0446 0.0809
Car -1 -1 -7.6593 0.0000 182.8091 22.0471 374.0000 1.5741 1.6637 4.0502 -5.9578 1.6812 5.6429 -8.4482 0.0751
Car -1 -1 -4.6181 564.8160 175.4638 593.9804 200.0544 1.6035 1.6140 4.2707 -2.0969 1.7908 49.6862 -4.6605 0.0690
Car -1 -1 -4.5497 536.4073 176.6829 573.2729 204.6880 1.5917 1.5848 4.0964 -3.3256 1.8345 43.6960 -4.6257 0.0683
