Car -1 -1 -8.0670 713.6216 184.1800 846.5668 278.2960 1.4089 1.5707 3.3719 2.8307 1.6376 12.8960 -7.8568 0.9725
Car -1 -1 -7.7266 504.2410 182.7069 569.4462 232.6355 1.3344 1.5189 3.5130 -2.1769 1.6555 21.7619 -7.8259 0.9691
Car -1 -1 -7.8398 589.9389 181.6711 642.7405 224.3704 1.3178 1.6809 3.2761 0.1873 1.6384 24.6070 -7.8331 0.9488
Car -1 -1 -7.7162 526.7198 178.5288 582.0723 219.1775 1.3705 1.5445 3.7763 -2.0406 1.5962 26.7993 -7.7921 0.5071
Car -1 -1 -5.1147 501.9101 168.8198 546.9457 195.2693 1.6370 1.5671 3.6899 -5.6038 1.3871 46.6484 -5.2339 0.2433
Car -1 -1 -4.5531 418.2097 172.4255 445.8144 194.1389 1.7164 1.5831 3.9749 -14.5609 1.6822 59.0809 -4.7940 0.2102
Car -1 -1 -7.4523 253.6509 160.2990 309.4400 195.0665 1.9661 1.6374 3.8212 -19.4136 1.2558 42.7317 -7.8766 0.1541
Pedestrian -1 -1 -5.6223 0.0000 136.9375 127.3897 319.4096 1.9574 0.5579 1.0570 -6.1421 1.5718 8.0314 -6.2595 0.1133
Pedestrian -1 -1 -5.2390 1128.0068 139.5931 1240.4811 311.5936 1.8656 0.6037 0.9587 6.5391 1.5045 8.3383 -4.5916 0.0791
Car -1 -1 -2.3294 529.6458 168.8154 573.5093 190.2582 1.8431 1.7028 3.8321 -5.2192 1.4957 63.9317 -2.4108 0.0758
Pedestrian -1 -1 -7.5364 792.0953 156.8031 833.3021 246.8071 1.9234 0.7087 0.6524 4.4129 1.5801 15.8872 -7.2710 0.0749
Pedestrian -1 -1 -5.6947 1162.1252 130.8867 1241.0000 299.3893 1.9182 0.5765 0.8568 7.2576 1.4402 8.7090 -5.0169 0.0713
Car -1 -1 -4.4631 305.1032 169.4178 354.5361 197.5437 1.6333 1.7739 4.4458 -17.1241 1.4335 44.2125 -4.8308 0.0671
Pedestrian -1 -1 -7.7415 694.6912 180.8260 718.7311 240.2971 1.4876 0.5649 0.4322 2.4177 1.6937 18.3999 -7.6138 0.0647
Pedestrian -1 -1 -4.7211 495.2976 166.3614 507.4145 200.8596 1.8581 0.6450 0.7934 -5.9592 1.5081 39.3047 -4.8710 0.0601
Car -1 -1 -4.1700 571.8466 177.9150 614.5356 198.4592 1.6774 1.7012 4.3248 -1.4334 2.1305 62.3436 -4.1933 0.0600
Pedestrian -1 -1 -3.3885 996.5555 137.6082 1065.8938 270.8331 1.9422 0.5807 0.7797 6.2900 1.4281 10.9010 -2.8774 0.0565
Pedestrian -1 -1 -7.1315 647.0711 170.5624 661.2609 198.8146 1.7454 0.6123 0.6421 2.7212 1.6036 45.0204 -7.0720 0.0546
Car -1 -1 -7.5417 1241.0000 144.9287 1241.0000 374.0000 1.5665 1.5990 4.0486 7.2625 1.4323 4.8274 -6.5856 0.0538
Pedestrian -1 -1 -5.6448 197.3356 162.2536 216.9227 204.2103 1.9061 0.5935 0.5367 -18.5247 1.4242 33.1087 -6.1517 0.0522
Cyclist -1 -1 -2.2098 424.9808 168.6666 458.7785 210.0687 1.8595 0.6052 1.7237 -7.7837 1.6711 33.1936 -2.4388 0.0513
Pedestrian -1 -1 -3.1286 659.6198 165.3721 671.0372 193.3959 2.0007 0.5879 0.8114 3.9467 1.4662 51.8405 -3.0534 0.0512
Cyclist -1 -1 -7.9229 671.5154 171.8130 686.3929 220.4031 1.6970 0.4213 1.5407 2.4280 1.6604 25.9750 -7.8315 0.0507
Pedestrian -1 -1 -3.8641 807.0113 168.5632 847.8602 243.3195 1.7560 0.6796 0.6568 5.1858 1.6549 17.3955 -3.5798 0.5606
Pedestrian -1 -1 -5.7463 853.5683 167.7801 888.3481 235.2329 1.7595 0.6175 0.6507 6.9173 1.6269 19.2689 -5.4072 0.1190
Pedestrian -1 -1 -3.8994 746.9101 164.4931 782.7682 231.7388 1.8525 0.6466 0.7497 4.3152 1.6219 20.3493 -3.6942 0.1061
Pedestrian -1 -1 -5.0228 734.5189 168.3721 765.6433 232.2924 1.8185 0.6624 0.8307 4.0159 1.6907 20.9807 -4.8370 0.1049
Pedestrian -1 -1 -2.1650 448.2964 170.0007 473.1812 214.3633 1.7361 0.6198 0.8165 -5.9918 1.6242 28.7440 -2.3691 0.0876
Cyclist -1 -1 -6.5308 682.9836 169.6448 715.2042 205.7618 1.7350 0.5520 1.4609 4.2803 1.5805 35.0274 -6.4107 0.0848
Cyclist -1 -1 -7.5860 690.6634 171.2940 709.8911 206.5974 1.6865 0.5496 1.5371 4.3822 1.6117 35.2845 -7.4640 0.0700
Cyclist -1 -1 -8.2961 425.9194 172.2705 453.5139 211.7196 1.7605 0.5700 1.6675 -7.8460 1.7342 33.0295 -8.5280 0.0678
Pedestrian -1 -1 -6.0017 756.7947 164.5607 790.3867 230.4355 1.8673 0.6166 0.8127 4.6950 1.6319 20.9178 -5.7846 0.0644
Cyclist -1 -1 -8.0206 687.0831 173.3278 702.0355 207.8824 1.6295 0.4596 1.5600 4.0340 1.6526 34.8383 -7.9068 0.0626
Pedestrian -1 -1 -3.5197 772.0572 161.1940 801.0864 232.4586 1.9052 0.5832 0.5907 4.7464 1.5932 19.6209 -3.2865 0.0576
Pedestrian -1 -1 -4.1650 760.4124 165.6793 793.6318 231.9479 1.8201 0.6055 0.7602 4.6510 1.6227 20.3011 -3.9437 0.0571
Cyclist -1 -1 -7.9250 705.8436 170.7534 729.3595 239.1571 1.7169 0.4861 1.6116 2.7592 1.6639 18.9311 -7.7833 0.0560
Cyclist -1 -1 -7.9184 717.2360 174.3605 739.4468 238.7620 1.6082 0.4521 1.7425 3.0434 1.6493 18.9474 -7.7624 0.0539
Cyclist -1 -1 -7.8669 339.6428 169.9829 351.2354 200.1746 1.7279 0.6153 1.7158 -15.5170 1.5633 42.2051 -8.2174 0.0536
Car -1 -1 -5.2684 239.1419 177.3934 406.6157 266.6450 1.5709 1.5488 3.4349 -5.8732 1.6722 14.5097 -5.6472 0.8455
Car -1 -1 -5.0736 151.5328 185.3652 345.8424 299.3585 1.4725 1.5565 3.7460 -5.9403 1.7047 11.5657 -5.5393 0.8147
Car -1 -1 -5.4160 432.7332 174.8266 524.0712 210.8561 1.5184 1.6881 4.2860 -6.0392 1.6128 32.6369 -5.5980 0.7805
Car -1 -1 -7.8758 652.8702 176.0824 685.4049 205.7664 1.4131 1.5523 3.9287 2.9305 1.5864 36.7906 -7.7974 0.7146
Car -1 -1 -5.2897 353.4009 180.1697 469.7342 231.0731 1.4104 1.5874 3.9448 -6.2767 1.6569 22.4386 -5.5599 0.6846
Car -1 -1 -7.8848 594.0612 174.4123 628.9626 205.8751 1.5067 1.6461 3.6148 -0.0063 1.5893 36.5667 -7.8855 0.5856
Car -1 -1 -4.2651 206.6278 176.1855 287.3729 214.7351 1.4457 1.4943 3.6055 -14.6256 1.5885 29.1850 -4.7263 0.3810
Car -1 -1 -4.8319 340.0905 173.9631 377.3197 199.9767 1.4586 1.6156 4.0314 -14.9824 1.5274 42.8073 -5.1669 0.2828
Car -1 -1 -7.9044 638.8290 174.9729 668.2360 200.3374 1.5527 1.6729 4.2587 2.7381 1.6957 46.6626 -7.8466 0.1549
Car -1 -1 -4.7017 244.3137 184.0420 310.4489 240.2389 1.3709 1.5619 3.9232 -9.4777 1.7220 20.5516 -5.1293 0.0997
Car -1 -1 -4.8945 673.3183 178.3493 749.9905 230.8696 1.4826 1.6241 4.3524 3.0856 1.6747 23.0466 -4.7638 0.0883
Car -1 -1 -4.6567 223.8847 180.9440 280.0115 224.0099 1.3606 1.5585 3.9022 -12.7109 1.6719 25.6857 -5.1124 0.0749
Car -1 -1 -4.2186 300.2857 178.9935 384.2975 218.2040 1.3924 1.5391 3.5949 -10.3747 1.6473 28.1029 -4.5695 0.0745
Car -1 -1 -4.1260 164.6028 177.7865 261.1575 215.7104 1.5068 1.6756 4.0951 -17.1561 1.7351 31.3321 -4.6237 0.0578
