Pedestrian -1 -1 -3.5224 1116.8884 136.1512 1190.9900 266.4315 1.7455 0.5808 0.6469 7.4848 1.2534 10.0275 -2.8955 0.1036
Pedestrian -1 -1 -1.8263 52.8174 170.5626 76.1637 216.7175 1.8282 0.6025 0.6641 -21.9861 1.7371 29.0225 -2.4703 0.0892
Pedestrian -1 -1 -4.9971 646.1296 187.0905 660.8412 220.1397 1.1296 0.4187 0.3844 1.4644 1.6292 25.0991 -4.9402 0.0679
Pedestrian -1 -1 -7.5459 1184.7305 135.3100 1223.8655 229.9697 1.7799 0.5065 0.3298 11.3668 1.0737 13.8696 -6.8698 0.0657
Car -1 -1 -4.2267 139.3508 185.0062 206.3771 212.1466 1.4745 1.6736 4.1708 -26.1307 2.2382 43.2355 -4.7679 0.0633
Pedestrian -1 -1 -8.3365 755.7623 161.1372 779.9422 208.1703 1.7532 0.6023 0.7752 5.9332 1.3162 27.3507 -8.1255 0.0627
Car -1 -1 -2.7844 443.4753 172.9479 510.4392 198.5120 1.5767 1.6505 3.8324 -8.4308 1.5825 45.6575 -2.9663 0.0607
Car -1 -1 -7.1935 0.0000 197.0495 212.8948 374.0000 1.4143 1.6204 3.9839 -6.3705 1.7491 7.9985 -7.8501 0.0606
Car -1 -1 -6.9424 708.5242 164.8973 794.1365 198.4716 1.5867 1.6200 4.0120 6.9688 1.2104 35.7285 -6.7517 0.0598
Pedestrian -1 -1 -6.2577 587.5284 170.2112 596.2625 200.8198 1.7364 0.7369 0.4824 -1.0711 1.5862 41.3021 -6.2839 0.0558
Car -1 -1 -5.0232 624.0506 171.0644 674.9020 200.9027 1.5144 1.6306 3.7782 2.0194 1.4233 38.6565 -4.9719 0.0528
Pedestrian -1 -1 -7.3248 796.8400 162.9142 830.6177 225.3169 1.6321 0.5586 0.7766 5.4129 1.3719 19.3430 -7.0565 0.1914
Pedestrian -1 -1 -6.4756 1074.7430 126.3752 1227.5271 374.0000 1.7891 0.4635 0.8551 4.0556 1.4567 5.5402 -5.8694 0.1658
Pedestrian -1 -1 -7.7786 1214.8048 124.2638 1241.0000 188.6850 1.7727 0.6932 0.5447 17.4391 0.4353 20.2923 -7.0757 0.1326
Cyclist -1 -1 -6.4265 1175.1964 123.5849 1241.0000 187.5114 1.7566 0.7407 1.7381 17.2348 0.4025 20.5947 -5.7365 0.1310
Pedestrian -1 -1 -7.7167 1136.3558 130.7083 1165.6882 187.1454 1.7292 0.6647 0.5727 16.8554 0.4376 22.5446 -7.0808 0.1100
Pedestrian -1 -1 -8.0461 1183.9938 126.2395 1220.9586 189.0641 1.7592 0.7179 0.5650 16.8728 0.4536 20.6217 -7.3671 0.1008
Pedestrian -1 -1 -7.9316 1122.3557 128.9873 1149.7014 186.1527 1.7721 0.6514 0.5664 16.5505 0.4120 22.7787 -7.3092 0.0980
Pedestrian -1 -1 -8.3218 877.8848 158.5415 922.3176 236.1873 1.6611 0.6027 0.8063 6.3153 1.3546 15.8665 -7.9499 0.0939
Pedestrian -1 -1 -3.3226 687.1227 163.7551 700.3779 194.6835 1.8469 0.5839 0.6971 4.9997 1.3033 43.4026 -3.2090 0.0708
Cyclist -1 -1 -4.9205 687.2276 167.2970 700.1068 194.4402 1.6019 0.4384 1.6300 4.9914 1.2736 43.4138 -4.8071 0.0684
Pedestrian -1 -1 -7.8623 705.7006 165.3174 717.1950 194.6789 1.8195 0.7044 0.5246 6.2925 1.3522 45.0189 -7.7246 0.0661
Cyclist -1 -1 -6.9206 1169.1307 121.4523 1241.0000 183.4534 1.7936 0.7351 1.8891 17.6925 0.3063 21.2869 -6.2337 0.0646
Pedestrian -1 -1 -4.1131 883.9202 145.9742 934.2469 238.2666 1.7866 0.6260 0.7373 5.9273 1.2660 14.4330 -3.7310 0.0645
Cyclist -1 -1 -4.2280 0.0000 178.0928 32.6334 218.5122 1.7828 0.4223 1.7157 -27.1396 2.0281 32.9373 -4.9134 0.0640
Pedestrian -1 -1 -4.7460 1156.1478 130.7064 1183.0278 186.9937 1.6993 0.6274 0.6560 17.1852 0.4266 22.2322 -4.0941 0.0593
Cyclist -1 -1 -6.8230 1170.9261 122.7897 1241.0000 185.0026 1.7674 0.6458 1.6879 17.3620 0.3448 20.9407 -6.1374 0.0585
Pedestrian -1 -1 -4.3296 796.2415 157.5844 828.3229 229.0088 1.7672 0.5720 0.6854 5.0811 1.3891 18.2982 -4.0635 0.0564
Pedestrian -1 -1 -4.4876 1113.8809 172.7702 1182.0016 302.8011 1.3876 0.5040 0.5873 5.9696 1.3864 8.0833 -3.8692 0.0558
Pedestrian -1 -1 -7.2004 699.4652 166.6699 709.5668 197.0312 1.6958 0.4814 0.2974 5.2773 1.3501 40.5757 -7.0724 0.0553
Cyclist -1 -1 -8.0567 1194.2433 127.2880 1234.7139 186.1270 1.6707 0.5555 1.7957 17.8631 0.3766 21.4118 -7.3679 0.0553
Pedestrian -1 -1 -7.8511 1173.4628 132.4329 1201.4995 193.6152 1.7368 0.6271 0.4062 16.6211 0.5890 20.8357 -7.1845 0.0529
Pedestrian -1 -1 -4.8053 1162.6179 125.2096 1192.1504 185.9638 1.7857 0.6516 0.4511 16.9076 0.3850 21.5730 -4.1470 0.0515
Car -1 -1 -7.8050 577.1887 168.5044 608.3209 196.9126 1.6255 1.6682 4.3082 -1.0283 1.3763 43.4599 -7.8289 0.7839
Car -1 -1 -4.5029 380.8894 173.7614 447.9910 221.6111 1.5757 1.5716 3.6532 -6.9241 1.6101 25.6958 -4.7640 0.3839
Car -1 -1 -7.8673 1179.5153 126.2248 1241.0000 183.3608 1.5733 1.6460 3.3457 18.1354 0.2890 21.6876 -7.1773 0.3589
Car -1 -1 -4.0149 0.0000 179.1185 61.8702 219.0904 1.7119 1.7584 3.8896 -27.8288 2.0191 33.4648 -4.7049 0.1426
Car -1 -1 -4.4836 346.5455 178.5610 373.3391 194.9130 1.4903 1.6183 3.7260 -23.9130 2.0514 69.0466 -4.8161 0.1318
Car -1 -1 -4.4695 415.3007 171.7532 478.5549 212.0836 1.6422 1.6705 4.4672 -7.0952 1.5971 31.6337 -4.6888 0.1278
Car -1 -1 -4.8669 674.4340 167.5412 709.3151 193.4250 1.6076 1.6766 3.7423 5.2236 1.2773 46.7206 -4.7566 0.1127
Car -1 -1 -7.6091 459.9111 173.7703 502.5282 202.3517 1.5443 1.5736 3.5088 -7.2880 1.5982 40.9061 -7.7847 0.1086
Car -1 -1 -7.4846 428.3331 175.1041 486.9105 208.4624 1.5521 1.6290 3.6533 -7.5263 1.6694 35.7685 -7.6909 0.1045
Car -1 -1 -4.8275 594.0606 172.5980 616.4909 189.0465 1.4286 1.5616 3.9557 -0.4755 1.4061 64.7260 -4.8352 0.0787
Car -1 -1 -7.2290 1210.1714 129.5844 1241.0000 374.0000 1.5573 1.6108 4.1728 6.9523 1.3007 5.1635 -6.3241 0.0744
Car -1 -1 -4.4675 322.7595 173.1486 418.7424 232.5286 1.5560 1.6525 4.2847 -6.9072 1.5652 21.1224 -4.7803 0.0691
Car -1 -1 -4.3393 322.8136 177.0933 355.6122 193.7642 1.5226 1.6089 3.9271 -25.8264 1.9386 68.8814 -4.6970 0.0597
Car -1 -1 -7.5364 1241.0000 126.6880 1241.0000 374.0000 1.4964 1.6015 4.0250 5.7001 1.3668 3.2826 -6.5263 0.0524
