Pedestrian -1 -1 -6.3043 932.1465 165.9619 961.4830 230.0855 1.7834 0.6168 0.7368 9.5095 1.5914 20.4966 -5.8759 0.2536
Cyclist -1 -1 -2.9823 806.5291 161.4921 841.5775 196.5826 1.8620 0.6124 1.7391 11.5103 1.2588 38.9367 -2.6973 0.2455
Pedestrian -1 -1 -4.6213 792.6398 160.2468 811.8488 212.3320 2.0194 0.6557 0.9349 7.5601 1.5303 28.5265 -4.3653 0.1678
Pedestrian -1 -1 -8.1823 1213.7108 145.4379 1241.0000 208.6174 1.8537 0.6364 0.4992 18.4524 1.0490 21.5185 -7.4803 0.1513
Car -1 -1 -2.9820 459.1877 176.6150 528.8578 208.3340 1.7688 1.7137 3.7123 -6.6338 1.9882 41.2984 -3.1408 0.1118
Car -1 -1 -6.2093 508.2897 172.5263 556.0642 190.9270 1.7198 1.7134 4.3868 -7.3634 1.6888 68.3655 -6.3165 0.1078
Pedestrian -1 -1 -8.2710 965.0443 168.7739 1004.3015 238.8177 1.7496 0.6460 0.7248 9.4943 1.6474 18.4019 -7.8018 0.1048
Pedestrian -1 -1 -6.1412 866.6296 164.5103 897.9875 233.1050 1.8569 0.6528 0.7322 7.4982 1.6308 19.9940 -5.7879 0.1038
Car -1 -1 -4.7092 521.3663 180.1119 544.0891 202.1268 1.5820 1.6745 4.5022 -5.9880 2.1655 55.7107 -4.8162 0.0991
Pedestrian -1 -1 -8.1410 987.8125 164.1937 1016.5392 221.6088 1.7460 0.6534 0.5275 12.0474 1.4823 22.2664 -7.6510 0.0975
Car -1 -1 -7.3929 241.5372 167.5885 301.9634 195.0210 1.4341 1.5715 3.5589 -18.4901 1.1585 39.5182 -7.8282 0.0924
Pedestrian -1 -1 -7.8643 361.8807 178.5256 393.9370 265.5527 1.6920 0.5997 0.6661 -4.7162 1.8088 14.4923 -8.1743 0.0756
Pedestrian -1 -1 -5.5240 409.5613 165.7171 420.8265 187.4547 1.7895 0.5719 0.7004 -16.1749 1.2017 59.8175 -5.7872 0.0749
Pedestrian -1 -1 -8.2450 1086.7834 163.1160 1117.4313 220.9988 1.7837 0.6153 0.5790 15.3438 1.4833 22.5791 -7.6545 0.0733
Pedestrian -1 -1 -3.9154 198.1846 179.9200 232.6662 254.0616 1.6807 0.5806 0.4122 -9.1779 1.8466 16.6929 -4.4117 0.0729
Pedestrian -1 -1 -6.7020 1172.4419 146.3115 1192.6309 207.2572 1.8796 0.5252 0.3037 17.8360 1.0607 22.5439 -6.0392 0.0680
Pedestrian -1 -1 -8.3245 1016.3275 154.3994 1050.0524 218.2091 1.9366 0.6911 0.6127 12.9777 1.3762 22.2226 -7.8021 0.0645
Pedestrian -1 -1 -4.8216 872.3576 174.2045 901.7328 243.2256 1.7092 0.6075 0.7929 6.9836 1.7441 18.3451 -4.4639 0.0636
Pedestrian -1 -1 -8.1367 1066.9990 164.1570 1097.4252 223.3875 1.7759 0.6545 0.5159 14.3249 1.5148 21.9738 -7.5655 0.0607
Pedestrian -1 -1 -5.0953 804.0767 168.7414 816.8856 196.4285 1.8343 0.6212 0.6591 13.3476 1.5615 48.1654 -4.8269 0.0584
Pedestrian -1 -1 -8.2050 826.2402 177.2246 853.9968 230.5202 1.5926 0.5734 0.7699 6.9685 1.7281 22.0249 -7.9031 0.0575
Car -1 -1 -8.0061 717.7971 158.4379 743.5369 181.1301 2.0329 1.6910 4.4291 11.1213 0.7411 66.8653 -7.8422 0.0552
Car -1 -1 -6.8477 137.7878 174.5313 213.9078 204.4982 1.8413 1.5827 3.9949 -28.0664 1.9546 46.7140 -7.3864 0.0548
Cyclist -1 -1 -7.4627 196.6317 171.2594 222.3183 208.3824 1.7283 0.4531 1.7077 -19.1574 1.6537 34.4657 -7.9669 0.0536
Pedestrian -1 -1 -3.7642 1176.3619 147.1916 1216.8599 232.5142 1.9116 0.5150 0.5095 13.3018 1.3363 16.4348 -3.0928 0.0524
Pedestrian -1 -1 -8.7002 848.9797 162.7280 862.7368 192.5107 1.9486 0.5960 0.6203 16.1939 1.2858 47.6257 -8.3747 0.0522
Car -1 -1 -4.3476 207.5551 168.0749 267.7967 198.7886 1.5794 1.6270 3.8491 -20.1330 1.3333 39.1040 -4.8205 0.0515
Cyclist -1 -1 -6.3868 489.1219 176.9912 529.8249 220.3957 1.8298 0.6088 1.6781 -4.3663 2.0102 31.0103 -6.5261 0.2528
Pedestrian -1 -1 -8.7029 950.3762 161.5854 1002.8146 256.1519 1.8110 0.5846 0.7155 7.1838 1.5949 14.2602 -8.2452 0.1739
Pedestrian -1 -1 -6.1163 633.7386 179.6521 645.0887 203.7548 1.6476 0.6334 0.6899 2.0051 2.1211 49.9164 -6.0769 0.1285
Cyclist -1 -1 -7.5071 468.2391 177.6118 496.7488 228.8476 1.7790 0.5101 1.5699 -4.6302 1.9556 26.0215 -7.6821 0.0817
Pedestrian -1 -1 -5.8946 968.9562 167.8116 1017.2926 259.2092 1.7430 0.5533 0.6847 7.4837 1.6465 14.1999 -5.4189 0.0749
Pedestrian -1 -1 -3.9129 1115.5670 156.1013 1175.0885 259.7106 1.8472 0.5947 0.6422 9.7330 1.5482 13.2053 -3.2889 0.0665
Cyclist -1 -1 -3.4733 914.8454 170.0643 1025.1791 257.6869 1.6773 0.5952 1.8526 7.0086 1.6236 14.2157 -3.0242 0.0626
Pedestrian -1 -1 -7.7338 785.4321 175.7852 797.7041 204.5045 1.6511 0.6300 0.5663 10.5177 1.8227 41.9366 -7.4902 0.0620
Pedestrian -1 -1 -7.9800 506.6803 179.3612 523.3317 220.5085 1.7483 0.6363 0.6464 -4.1503 2.0328 31.1763 -8.1118 0.0596
Cyclist -1 -1 -4.7019 466.4111 177.1431 481.9553 229.1219 1.8032 0.5339 1.5629 -4.9287 1.9622 25.9820 -4.8881 0.0587
Pedestrian -1 -1 -6.7432 1124.1093 152.0419 1182.1583 254.1682 1.8678 0.5883 0.6762 10.1270 1.4869 13.5436 -6.1121 0.0584
Cyclist -1 -1 -7.9235 456.2624 177.0774 473.3676 228.9256 1.7863 0.4881 1.6078 -5.2534 1.9422 25.8360 -8.1227 0.0557
Pedestrian -1 -1 -5.7681 468.0766 178.0690 492.2277 220.0933 1.7926 0.6314 0.8285 -5.6770 2.0219 31.3215 -5.9465 0.0548
Pedestrian -1 -1 -3.8566 1133.5677 160.1833 1193.0703 263.7870 1.8036 0.5798 0.6113 9.8066 1.5827 12.8731 -3.2172 0.0531
Pedestrian -1 -1 -7.7599 496.4052 178.2589 513.2968 219.3772 1.7612 0.6618 0.7362 -4.6131 1.9989 31.3911 -7.9052 0.0531
Pedestrian -1 -1 -6.1702 1005.1536 160.9606 1042.5225 248.9717 1.8668 0.5051 0.6575 8.9532 1.6142 15.7012 -5.6606 0.0520
Pedestrian -1 -1 -3.5618 985.6716 162.9326 1030.2292 263.2693 1.8027 0.5255 0.5455 7.2420 1.6241 13.2446 -3.0715 0.0517
Car -1 -1 -8.0903 712.3367 185.9336 875.5897 296.9528 1.4429 1.6351 3.7967 2.7244 1.6900 11.7382 -7.8690 0.9761
Car -1 -1 -7.9770 660.4040 177.4879 730.1400 234.9229 1.6153 1.6637 3.9420 2.5273 1.7729 22.5952 -7.8679 0.9696
Car -1 -1 -5.6877 0.0000 183.3741 328.4622 302.5820 1.5069 1.6691 4.2947 -6.5067 1.6687 10.2007 -6.2441 0.9540
Car -1 -1 -2.7441 171.6223 169.8518 409.4146 262.4919 1.8161 1.7348 4.1853 -6.5620 1.7569 15.0295 -3.1498 0.9143
Car -1 -1 -2.8496 336.5477 179.7844 479.4996 232.9363 1.6056 1.6941 4.0566 -6.3853 1.8341 22.9221 -3.1189 0.8330
Car -1 -1 -7.9833 638.5009 177.0573 677.9307 211.4074 1.6961 1.6242 3.3985 2.4423 1.9262 37.8043 -7.9199 0.7933
Car -1 -1 -7.9356 653.3220 181.3767 704.0615 224.0609 1.5200 1.6442 4.1554 2.6058 1.8823 28.6105 -7.8464 0.7362
Car -1 -1 -2.9491 302.4105 188.2965 457.9854 242.7157 1.3896 1.5621 3.8730 -6.3050 1.8379 19.9745 -3.2516 0.6297
Car -1 -1 -2.9122 392.8028 179.6219 494.3846 219.0084 1.6836 1.6413 4.1185 -7.3557 1.9908 31.9570 -3.1372 0.5991
Car -1 -1 -3.0293 486.2078 179.9893 551.2245 203.9194 1.5794 1.6680 4.2205 -6.1922 2.0721 48.9973 -3.1548 0.5073
Car -1 -1 -4.8852 625.0678 177.9344 655.8455 201.9318 1.6263 1.5666 3.7896 2.1147 2.0042 51.7205 -4.8451 0.3891
Car -1 -1 -7.9265 483.5415 182.5642 520.7061 215.1165 1.5333 1.6117 3.9538 -5.6683 2.0639 37.3484 -8.0766 0.2563
Car -1 -1 -2.7200 357.5840 180.9535 482.2160 230.7353 1.6529 1.6559 3.9205 -6.7142 1.9513 25.4687 -2.9758 0.2440
Car -1 -1 -5.7213 261.7604 188.6306 436.0821 252.8260 1.4296 1.4801 3.8414 -6.4427 1.8427 17.7662 -6.0650 0.2373
Car -1 -1 -3.1991 721.2037 176.0255 797.0812 203.8538 1.6102 1.7012 4.3474 8.8255 1.8047 43.1629 -2.9992 0.1318
Car -1 -1 -5.4752 140.5596 178.7159 233.0228 211.9928 1.5520 1.5989 4.0037 -20.8134 1.8504 35.4397 -6.0031 0.1026
Car -1 -1 -6.5908 825.5497 175.5747 902.0852 202.3951 1.5360 1.6384 3.9253 14.8223 1.6988 42.3704 -6.2568 0.0827
Car -1 -1 -4.9144 697.4413 179.0263 738.6991 207.1618 1.4745 1.5313 3.9138 6.0021 1.8393 40.6875 -4.7695 0.0729
Car -1 -1 -8.0309 442.2908 181.5474 490.1939 215.8153 1.5847 1.6860 4.1086 -7.4078 2.0535 36.7142 -8.2291 0.0600
Car -1 -1 -4.2795 585.5701 178.4679 628.9343 200.7985 1.5573 1.6489 4.1237 -0.1877 1.9916 53.6508 -4.2835 0.0556
