Cyclist -1 -1 -6.2314 774.5901 175.2745 826.3391 222.5961 1.6275 0.5882 1.7367 6.6618 1.7142 25.4110 -5.9785 0.1012
Car -1 -1 -2.1922 0.0000 197.6895 80.7663 235.9383 1.5246 1.6102 3.5638 -25.4097 2.6575 31.6603 -2.8646 0.0971
Car -1 -1 -1.6672 0.0000 192.0701 33.0939 219.4344 1.6777 1.7359 4.2078 -40.8463 3.0461 49.2900 -2.3567 0.0794
Pedestrian -1 -1 -4.0110 0.0000 205.6534 39.0298 288.6022 1.3987 0.4704 0.4562 -10.4281 1.9809 12.5831 -4.6927 0.0723
Car -1 -1 -4.0924 538.6544 175.6377 578.1779 192.4692 1.5699 1.6682 4.2767 -5.0074 1.8495 70.3044 -4.1636 0.0711
Car -1 -1 -5.7553 0.0000 194.0974 80.1890 221.6873 1.6723 1.6579 4.2672 -37.0563 3.0765 46.5822 -6.4246 0.0707
Car -1 -1 -4.8793 78.8926 179.2643 117.2033 202.8107 1.7530 1.7939 4.2412 -40.5056 2.2782 57.0169 -5.4950 0.0698
Car -1 -1 -7.9069 54.9953 182.5662 85.4352 207.1095 1.7276 1.6369 3.9801 -40.7972 2.4881 54.4672 -8.5476 0.0622
Car -1 -1 -4.2961 365.1428 179.9347 433.7206 215.9131 1.4848 1.5880 3.7263 -9.4440 1.8226 32.4992 -4.5772 0.0592
Car -1 -1 -4.9939 882.7051 165.3847 913.0038 181.4025 1.5054 1.6243 4.1670 27.8479 0.8031 69.9656 -4.6167 0.0553
Pedestrian -1 -1 -6.5358 649.4878 168.4977 661.2682 191.2496 1.8261 0.5207 0.8453 3.6352 1.4762 58.2482 -6.4741 0.0540
Car -1 -1 -4.4838 132.9683 188.1207 175.6159 214.6052 1.8016 1.7527 4.3771 -34.1610 2.9969 54.1524 -5.0446 0.0532
Pedestrian -1 -1 -6.2650 501.3100 174.9380 512.9080 203.9322 1.6647 0.7083 0.6543 -6.0049 1.7865 41.8757 -6.4070 0.0520
Pedestrian -1 -1 -8.0166 752.3630 179.4175 764.8672 208.8828 1.4937 0.5491 0.5187 7.5721 1.8321 36.9667 -7.8167 0.0514
Car -1 -1 -4.3651 428.4730 178.9168 488.0045 210.7710 1.4611 1.6028 4.1139 -7.5460 1.7819 36.0630 -4.5704 0.0505
Pedestrian -1 -1 -8.3677 486.1018 169.3288 515.8137 226.2920 1.8370 0.6146 0.8818 -3.6484 1.7230 23.8048 -8.5188 0.1040
Pedestrian -1 -1 -7.9034 773.6366 179.5679 830.8201 296.1208 1.5544 0.7325 0.5195 2.5916 1.6501 9.9866 -7.6579 0.0955
Pedestrian -1 -1 -6.6961 771.2761 170.5165 785.5104 196.4682 1.7868 0.6333 0.7715 11.6491 1.6255 50.0599 -6.4692 0.0793
Pedestrian -1 -1 -4.5650 443.1998 173.9848 465.9319 229.6926 1.7114 0.5875 0.7840 -4.9089 1.7471 22.5931 -4.7771 0.0754
Pedestrian -1 -1 -2.6559 638.6378 169.2487 649.4701 188.5880 1.7838 0.4804 0.8823 3.1400 1.4510 66.9841 -2.6096 0.0752
Pedestrian -1 -1 -6.4012 1019.5316 167.9748 1035.1530 205.7711 1.9671 0.5796 0.6447 21.9046 1.7129 37.9453 -5.8814 0.0740
Pedestrian -1 -1 -4.8801 276.5410 171.8362 305.8022 241.0714 1.8376 0.5843 0.9364 -8.7607 1.8103 19.7022 -5.2939 0.0686
Pedestrian -1 -1 -8.0465 525.3395 176.8699 616.6901 374.0000 1.6196 0.5632 0.6982 -0.3723 1.6521 5.4913 -8.1136 0.0659
Pedestrian -1 -1 -4.9976 466.3002 172.5029 491.9403 228.1948 1.7503 0.6050 0.8139 -4.2559 1.7389 23.1757 -5.1778 0.0640
Pedestrian -1 -1 -7.6784 638.0573 185.6801 722.8079 374.0000 1.5834 0.5419 0.7371 0.5030 1.6899 5.5826 -7.5958 0.0623
Cyclist -1 -1 -5.1708 1009.8085 170.9818 1036.9633 204.6523 1.7400 0.5971 1.5869 21.7728 1.6430 38.0974 -4.6553 0.0621
Pedestrian -1 -1 -8.3068 449.5834 173.6043 478.5981 229.6939 1.7340 0.6307 0.7580 -4.6634 1.7579 22.8117 -8.5068 0.0544
Cyclist -1 -1 -8.0558 1012.3388 172.3440 1032.6499 206.4317 1.7290 0.5835 1.6765 21.3777 1.7028 37.4845 -7.5413 0.0510
Cyclist -1 -1 -4.9144 1020.1085 170.7974 1042.7540 205.2148 1.7594 0.6952 1.6683 22.0167 1.6540 37.7862 -4.3906 0.0501
Car -1 -1 -7.8575 526.1730 173.4104 743.3110 374.0000 1.5418 1.5923 3.3044 0.1446 1.5481 6.9453 -7.8396 0.9366
Car -1 -1 -3.6041 1000.9080 176.7402 1148.3667 218.3189 1.5070 1.7220 4.4114 17.5083 1.6602 27.4302 -3.0413 0.9339
Car -1 -1 -7.8703 771.3194 171.2890 795.7885 194.5361 1.5964 1.6261 3.7466 12.3359 1.4887 51.5544 -7.6371 0.2679
Car -1 -1 -3.9122 221.2095 186.4603 276.9097 212.8697 1.9234 1.7644 3.7446 -28.3498 3.0318 56.7312 -4.3741 0.2031
Car -1 -1 -6.0418 532.1182 178.6814 594.5946 203.1016 1.4965 1.5644 3.6944 -2.9778 1.8752 45.8336 -6.1068 0.1804
Car -1 -1 -7.8279 636.7641 170.6419 655.0752 187.4698 1.5622 1.6516 3.8864 3.4379 1.3566 68.9843 -7.7786 0.1531
Car -1 -1 -4.7034 1073.8672 172.7524 1117.6865 206.8954 1.5195 1.6404 4.0573 23.0123 1.5147 34.2508 -4.1161 0.1176
Car -1 -1 -8.0863 987.8790 162.0937 1020.7502 180.2997 1.6014 1.6652 4.3236 35.8692 0.6546 65.7718 -7.5890 0.1098
Car -1 -1 -7.8670 1023.1388 169.6680 1061.0100 204.4786 1.7808 1.6808 3.9807 23.2942 1.6175 39.0553 -7.3328 0.0980
Car -1 -1 -4.6413 0.0000 207.8750 28.0275 243.5671 1.4394 1.6047 4.2704 -29.9463 3.2747 35.6187 -5.3368 0.0785
Car -1 -1 -7.9053 430.7999 181.0861 485.9544 230.6553 1.4903 1.6230 3.6823 -5.2225 1.7904 24.3421 -8.1150 0.0730
Car -1 -1 -4.4265 504.7878 176.8285 542.8539 200.9193 1.5078 1.4963 3.7928 -5.6975 1.7818 47.8121 -4.5449 0.0537
