Cyclist -1 -1 -4.7449 729.3249 167.1727 741.0139 205.8707 1.7031 0.4594 1.6866 5.6098 1.4528 32.6218 -4.5765 0.1556
Pedestrian -1 -1 -5.9882 0.0000 141.4498 86.1113 374.0000 1.7481 0.6942 0.4494 -4.4128 1.5273 5.4718 -6.6436 0.0983
Pedestrian -1 -1 -7.9679 545.9205 167.7938 555.8611 192.3329 1.7550 0.6398 0.6845 -4.2924 1.3928 52.0027 -8.0501 0.0819
Car -1 -1 -4.6906 689.1555 171.4946 721.4751 200.0235 1.4747 1.6620 3.8559 5.1926 1.4041 39.3284 -4.5608 0.0744
Cyclist -1 -1 -6.3193 928.5014 161.5148 989.0602 215.6346 1.7621 0.6773 1.7969 11.6027 1.3926 24.1589 -5.8767 0.0670
Pedestrian -1 -1 -5.8629 8.7315 127.6485 98.7310 295.6667 1.8969 0.5224 0.6815 -6.5714 1.3863 8.4766 -6.5074 0.0668
Car -1 -1 -8.0423 696.0922 163.3432 721.4879 181.8571 1.7299 1.6610 4.1967 9.4678 0.8409 69.5576 -7.9078 0.0652
Pedestrian -1 -1 -3.0571 853.5711 147.6135 949.7985 314.4666 1.7685 0.3802 0.9702 3.1860 1.5007 8.0294 -2.6929 0.0588
Car -1 -1 -2.5142 39.4123 178.8388 284.7324 251.9691 1.3890 1.5792 4.1580 -9.1475 1.5195 14.8183 -3.0595 0.0572
Pedestrian -1 -1 -3.6915 850.5053 151.2712 862.3301 190.6819 1.8834 0.5191 0.3127 11.8318 0.8517 34.7698 -3.3663 0.0569
Pedestrian -1 -1 -6.4420 542.6412 171.8026 556.4620 198.7289 1.6286 0.6850 0.7414 -3.7291 1.5647 44.0640 -6.5263 0.0564
Car -1 -1 -8.2880 795.7412 147.4502 851.9109 177.0171 1.7107 1.6842 4.1255 12.9036 0.2406 43.9126 -8.0040 0.0556
Car -1 -1 -8.1003 642.2942 164.5894 677.0032 187.1583 1.7587 1.7509 4.5316 3.9569 1.1144 58.6131 -8.0335 0.0555
Cyclist -1 -1 -8.2297 511.1570 170.4147 534.6560 206.0029 1.6963 0.5372 1.7415 -4.3102 1.5797 35.2856 -8.3508 0.0529
Pedestrian -1 -1 -8.4717 1174.6132 145.9464 1241.0000 285.1685 1.8622 0.6340 0.7636 8.4164 1.5020 10.0526 -7.7896 0.4470
Cyclist -1 -1 -6.9197 1174.5665 139.6691 1241.0000 199.5175 1.9203 0.6310 1.7373 19.4792 0.8552 23.5092 -6.2340 0.2346
Cyclist -1 -1 -7.1659 527.7265 166.5700 550.5286 195.1296 1.7130 0.4239 1.6696 -4.3567 1.3358 44.0885 -7.2642 0.2037
Pedestrian -1 -1 -7.5565 1173.1761 160.9941 1241.0000 311.4976 1.6495 0.4960 0.8858 6.9409 1.5193 8.3626 -6.8815 0.1722
Pedestrian -1 -1 -7.2761 530.3934 166.1989 547.1542 195.2295 1.7540 0.7950 0.6459 -4.3838 1.3516 44.0635 -7.3750 0.1546
Cyclist -1 -1 -3.3109 922.3584 171.4125 983.1006 219.3318 1.5859 0.7549 1.7551 11.5535 1.5379 24.4754 -2.8750 0.1504
Cyclist -1 -1 -5.1218 511.2389 164.6279 536.1439 202.6115 1.8332 0.5770 1.7406 -4.3236 1.4359 35.7207 -5.2418 0.1367
Pedestrian -1 -1 -5.3626 492.5020 162.1939 518.5848 207.9042 1.8580 0.6477 0.9136 -4.3712 1.4244 29.8798 -5.5071 0.1281
Pedestrian -1 -1 -4.3059 1123.5280 162.6399 1193.2079 288.0825 1.6759 0.5365 0.7306 7.5847 1.5392 10.0564 -3.6743 0.1223
Cyclist -1 -1 -3.4023 981.6292 169.1030 1051.3368 231.2225 1.7302 0.6218 1.6260 11.5285 1.6255 20.5947 -2.8987 0.1134
Pedestrian -1 -1 -4.0199 930.3734 170.5977 958.4578 218.4719 1.6075 0.6575 0.5706 11.3733 1.5315 24.6480 -3.5926 0.1119
Pedestrian -1 -1 -4.3697 1077.2633 158.6326 1151.5557 305.0389 1.7371 0.5319 0.8085 6.2470 1.5680 9.0152 -3.7797 0.1054
Pedestrian -1 -1 -7.4991 220.1292 164.9286 249.6082 221.5143 1.7338 0.6630 0.5482 -11.6986 1.4907 22.4204 -7.9754 0.0972
Cyclist -1 -1 -7.9257 432.8106 169.7827 451.2869 219.4023 1.6702 0.5093 1.6459 -5.9098 1.5666 25.1490 -8.1547 0.0945
Pedestrian -1 -1 -6.0882 396.8066 168.2332 409.6948 194.8474 1.7769 0.5729 0.7357 -13.9240 1.4681 48.4898 -6.3667 0.0892
Pedestrian -1 -1 -4.5666 1152.6183 152.5040 1214.3628 286.5273 1.7758 0.5831 0.7319 7.9136 1.5059 10.0245 -3.9131 0.0847
Pedestrian -1 -1 -3.8301 517.7731 164.7371 537.2830 203.3515 1.8821 0.7003 0.6639 -4.1153 1.4862 35.6506 -3.9446 0.0798
Pedestrian -1 -1 -5.4936 1112.3600 165.0857 1217.1656 318.0714 1.6778 0.5710 0.7833 6.3325 1.5923 8.3430 -4.8619 0.0787
Pedestrian -1 -1 -5.4512 1142.9048 178.7456 1240.5551 317.5053 1.5192 0.5330 0.7086 6.6180 1.5898 8.3071 -4.7964 0.0780
Pedestrian -1 -1 -3.2952 495.4932 169.8154 514.2747 212.1845 1.6997 0.5969 0.6714 -4.3196 1.5775 29.3300 -3.4407 0.0757
Pedestrian -1 -1 -7.6001 1019.1714 154.8918 1080.7528 291.5145 1.7549 0.5561 0.7175 5.8723 1.5239 9.7187 -7.0707 0.0752
Cyclist -1 -1 -5.6471 1043.8799 163.9455 1210.1012 311.9583 1.6572 0.5022 1.6953 6.2818 1.5571 8.9614 -5.0518 0.0723
Pedestrian -1 -1 -7.5472 269.8525 163.7734 298.9661 222.5598 1.7874 0.6559 0.6425 -10.1017 1.5110 22.2946 -7.9685 0.0723
Pedestrian -1 -1 -4.6057 1101.6364 168.0996 1151.3625 286.9473 1.6243 0.5188 0.6701 7.3089 1.5590 10.2843 -4.0020 0.0706
Cyclist -1 -1 -7.3522 453.9048 165.2832 485.1199 213.4213 1.7431 0.3937 1.6655 -5.2831 1.4687 26.9807 -7.5442 0.0692
Cyclist -1 -1 -7.2395 534.4985 169.1449 556.1055 196.7780 1.6647 0.4467 1.6609 -3.9982 1.4410 44.2994 -7.3294 0.0685
Cyclist -1 -1 -7.7982 491.2384 162.7982 507.0686 208.0171 1.8197 0.5558 1.7072 -4.6297 1.4148 29.9129 -7.9508 0.0684
Pedestrian -1 -1 -4.3268 1037.3145 157.3842 1108.0081 296.5787 1.7236 0.5460 0.7349 5.9531 1.5318 9.3723 -3.7758 0.0680
Pedestrian -1 -1 -7.8669 1020.4888 181.6492 1043.4094 232.2361 1.4061 0.5517 0.5345 11.9624 1.6608 20.5506 -7.3465 0.0679
Pedestrian -1 -1 -4.1351 937.3276 166.8557 967.1771 218.1358 1.6898 0.6169 0.7152 11.4430 1.4918 24.2272 -3.6990 0.0650
Pedestrian -1 -1 -6.4611 536.4969 165.2459 550.8813 195.1597 1.7966 0.6549 0.7641 -4.0585 1.3394 43.7522 -6.5534 0.0646
Pedestrian -1 -1 -4.2883 1005.0402 151.4753 1077.1075 293.0798 1.7609 0.5455 0.7775 5.5727 1.4948 9.4216 -3.7685 0.0628
Pedestrian -1 -1 -5.7103 522.7264 168.2132 538.5694 202.9486 1.7295 0.5586 0.5829 -4.0314 1.4981 36.3052 -5.8205 0.0626
Pedestrian -1 -1 -8.2429 1205.5669 141.6045 1241.0000 201.1447 1.8832 0.7580 0.6790 19.7713 0.8945 23.2600 -7.5447 0.0604
Cyclist -1 -1 -2.5958 391.0948 168.4913 443.7295 219.5682 1.7859 0.6323 1.7419 -6.9246 1.6331 25.7771 -2.8562 0.0582
Pedestrian -1 -1 -8.0095 1087.1840 156.0852 1150.3524 295.8170 1.7330 0.5501 0.7459 6.5540 1.5247 9.4031 -7.4160 0.0581
Cyclist -1 -1 -3.3272 1074.5809 161.1514 1241.0000 318.2632 1.6589 0.7741 1.8140 6.4542 1.5350 8.3640 -2.6875 0.0579
Cyclist -1 -1 -8.0746 704.8707 165.0855 718.6184 194.1094 1.6825 0.4704 1.5587 5.9671 1.2319 42.6238 -7.9368 0.0573
Cyclist -1 -1 -7.3186 434.8968 166.7896 475.0048 218.7991 1.8064 0.6163 1.7285 -5.6086 1.5955 25.9779 -7.5296 0.0523
Pedestrian -1 -1 -5.8848 1085.4226 192.4917 1142.2682 304.5150 1.3006 0.3590 0.4673 6.0663 1.5471 8.7740 -5.2962 0.0518
Car -1 -1 -6.6046 803.7449 170.5540 931.7411 217.6265 1.4819 1.5207 3.6276 8.2768 1.4092 23.4987 -6.2704 0.9097
Car -1 -1 -7.9725 648.1558 167.0694 681.7092 193.3755 1.6082 1.6582 4.0820 3.4359 1.2543 46.1874 -7.8991 0.6938
Car -1 -1 -4.6359 677.6470 168.9328 706.3340 191.9059 1.5153 1.6601 4.1529 5.6632 1.2564 49.7879 -4.5236 0.1334
Car -1 -1 -4.7844 626.8947 167.9216 648.0164 185.1578 1.4889 1.5937 3.9692 2.3967 1.0625 64.3384 -4.7475 0.1143
Car -1 -1 -7.4352 393.6841 166.2756 440.0399 193.3566 1.8035 1.6878 3.8459 -13.3808 1.3651 50.0828 -7.6952 0.0907
Car -1 -1 -2.7312 183.8004 171.1434 320.6461 222.1791 1.5611 1.6509 3.5394 -11.3542 1.5085 22.9740 -3.1859 0.0789
Car -1 -1 -8.5732 983.2313 187.3294 1241.0000 374.0000 1.4526 1.6919 4.5407 5.2595 1.6234 6.2278 -7.8958 0.0735
Car -1 -1 -6.7512 703.4308 167.0362 773.1324 193.1169 1.5002 1.6298 3.7406 7.5666 1.1652 42.8265 -6.5778 0.0717
Car -1 -1 -8.3237 1130.4257 150.7594 1241.0000 199.9735 1.5701 1.6713 3.4130 19.6960 0.8649 24.8556 -7.6595 0.0576
Car -1 -1 -2.6170 363.0858 174.7325 476.7827 217.3577 1.4968 1.6485 3.7553 -7.0671 1.5695 26.7432 -2.8733 0.0564
Car -1 -1 -3.2556 477.7789 172.2666 543.2756 196.5268 1.4406 1.5384 3.8114 -6.1226 1.4055 44.0666 -3.3932 0.0529
