Car -1 -1 -8.0643 656.2086 174.4649 756.1771 249.2937 1.6706 1.6684 3.9610 2.2499 1.7156 18.2445 -7.9445 0.9609
Car -1 -1 -7.9274 595.5302 177.3482 619.8437 197.6601 1.4918 1.6096 3.5912 -0.2357 1.8497 55.6641 -7.9320 0.5984
Pedestrian -1 -1 -5.4850 236.4666 170.1762 263.2707 214.9678 1.9702 0.7239 0.7916 -16.1151 1.8521 32.2100 -5.9459 0.2381
Car -1 -1 -8.3741 608.0076 173.3721 641.6262 190.9694 1.6276 1.6043 3.6424 1.3652 1.6782 68.8363 -8.3548 0.1977
Cyclist -1 -1 -1.8415 0.0000 166.2832 38.9161 228.8005 1.7506 0.5571 1.8075 -17.2994 1.5663 20.9540 -2.5255 0.1326
Pedestrian -1 -1 -3.1475 482.6848 173.8518 500.9591 208.7392 1.8184 0.5479 0.9426 -6.2600 1.8711 37.9772 -3.3103 0.1242
Cyclist -1 -1 -8.1191 745.5565 179.1979 782.3033 244.1867 1.6208 0.4921 1.7619 3.9945 1.7960 19.0641 -7.9165 0.1174
Car -1 -1 -2.7580 459.9086 176.5536 513.3185 198.1593 1.6936 1.6863 3.9008 -9.9675 1.9981 58.2205 -2.9271 0.1007
Pedestrian -1 -1 -4.2702 104.5586 166.0326 161.7703 272.6964 1.8403 0.5749 0.7684 -8.5419 1.7223 12.8684 -4.8470 0.0938
Pedestrian -1 -1 -5.8529 648.9095 171.8765 658.5757 193.3810 1.8266 0.6249 0.6217 3.7174 1.7432 61.7090 -5.7934 0.0882
Cyclist -1 -1 -4.4008 75.3670 176.9391 110.8184 229.3430 1.7030 0.4675 1.7197 -17.5605 1.8463 24.4768 -5.0182 0.0851
Pedestrian -1 -1 -7.1248 885.9109 179.6783 942.2559 288.5652 1.6344 0.5517 0.6001 4.6847 1.7441 11.2577 -6.7408 0.0735
Pedestrian -1 -1 -7.5836 78.7824 162.8789 101.7257 208.8480 1.8843 0.6307 0.6163 -21.6284 1.4751 29.9735 -8.2046 0.0692
Pedestrian -1 -1 -4.2546 463.2664 185.5332 482.5446 221.0757 1.3957 0.5405 0.6245 -5.5462 1.9110 28.9719 -4.4426 0.0689
Pedestrian -1 -1 -3.6292 1154.1564 133.8410 1241.0000 374.0000 1.9190 0.6378 0.6591 4.9192 1.6213 5.8742 -2.9573 0.0647
Pedestrian -1 -1 -5.5037 342.6493 159.8251 365.8540 204.3136 1.8962 0.6117 0.7249 -11.0947 1.3406 31.1852 -5.8431 0.0643
Car -1 -1 -5.0620 498.2882 174.6998 542.0867 201.1428 1.7057 1.6323 4.1332 -6.1838 1.8366 49.0633 -5.1872 0.0598
Pedestrian -1 -1 -4.6934 286.0585 170.8186 296.0076 194.6608 1.7218 0.6527 0.4546 -23.2109 1.5745 52.4426 -5.1084 0.0590
Pedestrian -1 -1 -7.2411 251.1881 169.0897 303.1056 261.8404 1.7606 0.6056 0.7409 -6.5542 1.6888 14.1157 -7.6692 0.0579
Pedestrian -1 -1 -4.8536 676.3557 168.9479 686.2380 193.9953 1.8837 0.6580 0.6508 5.3644 1.5896 54.6022 -4.7566 0.0575
Car -1 -1 -4.9031 605.6683 175.3996 638.7556 199.2854 1.6072 1.6093 3.9735 0.7921 1.7945 51.0928 -4.8881 0.0529
Pedestrian -1 -1 -4.4437 695.8887 161.9966 716.2375 209.8585 1.9762 0.6597 0.8019 3.9924 1.5276 30.2895 -4.3144 0.0501
Pedestrian -1 -1 -7.4938 397.7720 173.4069 436.5856 252.1518 1.7209 0.6178 0.7447 -4.3659 1.7333 16.1757 -7.7540 0.3139
Pedestrian -1 -1 -5.7520 496.9605 178.2019 508.9812 201.7959 1.6246 0.4841 0.6751 -7.4761 1.9989 50.1931 -5.8995 0.2428
Cyclist -1 -1 -4.3109 460.8190 179.5908 485.5315 221.4765 1.6436 0.4574 1.4485 -5.5917 1.9241 29.3135 -4.4983 0.1247
Cyclist -1 -1 -8.1398 497.2292 177.6066 509.0820 201.0259 1.6098 0.4207 1.4845 -7.5391 1.9483 50.6692 -8.2872 0.0892
Cyclist -1 -1 -7.3985 463.9196 180.3082 492.4821 221.7885 1.6127 0.5259 1.5073 -5.3534 1.9216 29.1353 -7.5791 0.0669
Cyclist -1 -1 -7.5900 0.0000 205.2217 89.4891 374.0000 1.5481 0.4333 1.5102 -4.7308 1.8441 5.8242 -8.2503 0.0544
Pedestrian -1 -1 -7.9016 373.0623 170.8946 404.6512 252.0816 1.7665 0.6440 0.6721 -4.9990 1.7236 16.1249 -8.1982 0.0511
Car -1 -1 -7.6954 288.6814 178.7365 415.2993 285.7534 1.5956 1.5424 3.5233 -4.4784 1.7151 12.8305 -8.0255 0.7378
Car -1 -1 -2.8655 248.6087 177.7331 445.1112 252.8612 1.6399 1.6724 4.0008 -6.0618 1.7600 16.8394 -3.2066 0.6755
Car -1 -1 -4.8203 416.5836 181.1829 475.5872 228.1390 1.4791 1.5903 4.3471 -5.9951 1.8041 25.8633 -5.0463 0.4654
Car -1 -1 -2.7674 295.9713 174.0737 433.4631 233.7043 1.7438 1.6169 3.6363 -7.4714 1.7822 22.0356 -3.0911 0.4354
Car -1 -1 -2.9283 391.9039 178.2718 472.3073 212.3389 1.5644 1.5832 3.4471 -8.4359 1.8275 34.2379 -3.1686 0.3742
Car -1 -1 -2.5400 0.0000 199.2666 82.2479 374.0000 1.4793 1.5797 4.0022 -6.4815 1.7147 5.1383 -3.4150 0.3733
Car -1 -1 -2.7233 247.2750 178.2578 410.9797 239.5360 1.5726 1.5921 3.8219 -7.5895 1.7256 19.5702 -3.0892 0.3544
Car -1 -1 -7.0589 657.5807 175.1182 724.2275 200.7162 1.5160 1.6552 4.1682 5.0417 1.6630 45.0114 -6.9486 0.3155
Car -1 -1 -4.7285 582.0795 175.8564 600.2504 193.7302 1.5472 1.5700 4.0170 -1.7487 1.8266 65.1827 -4.7556 0.2306
Car -1 -1 -2.9435 399.3618 178.7319 486.4491 210.4836 1.5484 1.6026 4.0389 -8.4086 1.8512 36.3603 -3.1696 0.2031
Car -1 -1 -4.4794 505.5549 177.4506 531.1320 193.7542 1.4975 1.5853 3.8998 -8.8075 1.9524 69.4373 -4.6054 0.2003
Car -1 -1 -4.9551 484.3591 176.9959 519.3412 199.6536 1.5413 1.5821 3.9619 -7.8608 1.8517 51.9944 -5.1048 0.1433
Car -1 -1 -6.0055 380.8546 182.1272 489.3135 218.6529 1.4339 1.5927 4.0503 -7.1788 1.8260 29.6517 -6.2415 0.0902
Car -1 -1 -7.6076 416.3180 175.2008 461.8882 209.1588 1.7585 1.6074 3.5219 -9.3105 1.8920 39.3818 -7.8387 0.0708
Car -1 -1 -2.8023 435.5776 179.8023 509.9092 206.7074 1.5106 1.6339 3.9517 -8.0359 1.9273 42.1897 -2.9898 0.0697
Car -1 -1 -5.0070 441.3116 178.8226 481.2649 200.6312 1.4292 1.6363 4.0535 -10.5080 1.8658 50.6459 -5.2109 0.0555
