Car -1 -1 -7.5497 258.3858 180.6130 460.1470 307.4926 1.4730 1.5907 3.7005 -3.2846 1.4753 10.0619 -7.8542 0.9776
Car -1 -1 -4.6859 465.7881 167.4851 490.1631 191.2437 1.6292 1.6058 3.7087 -9.0268 0.7368 50.4372 -4.8601 0.7203
Pedestrian -1 -1 -6.2835 827.4540 158.0456 839.5868 188.6659 1.7191 0.8572 0.6495 12.9790 0.4586 40.2021 -5.9718 0.1751
Pedestrian -1 -1 -6.8524 756.9500 159.1806 773.8522 187.9555 1.7907 0.5935 0.8493 10.0693 0.4640 44.4234 -6.6292 0.1577
Pedestrian -1 -1 -5.9308 1153.7833 152.1717 1196.9340 232.4447 1.5339 0.5023 0.5204 11.1345 0.9930 13.8642 -5.2636 0.1566
Pedestrian -1 -1 -7.1765 769.9750 163.3048 783.6360 190.8268 1.6602 0.6032 0.5395 10.4524 0.6230 43.0549 -6.9383 0.1514
Pedestrian -1 -1 -3.2844 1049.9952 141.4933 1108.5391 268.5491 1.6851 0.4945 0.5966 6.4576 1.1681 9.7263 -2.7114 0.1205
Pedestrian -1 -1 -5.7118 545.7427 163.8130 559.6894 190.5360 1.8428 0.5580 0.7918 -3.6378 0.6921 49.1919 -5.7833 0.1035
Car -1 -1 -5.1881 435.0814 171.9157 475.4955 192.7306 1.5441 1.5177 3.7015 -11.5328 0.9073 54.3649 -5.3942 0.0997
Pedestrian -1 -1 -6.2213 747.4663 157.4805 761.0336 184.8704 1.8247 0.5723 0.8581 10.0241 0.2912 47.4945 -6.0128 0.0994
Cyclist -1 -1 -4.5465 525.4395 165.0455 538.9130 192.1551 1.7105 0.5741 1.7847 -4.6858 0.7355 45.5215 -4.6466 0.0960
Pedestrian -1 -1 -4.5875 99.7442 198.4930 118.3082 240.4262 1.2828 0.4235 0.4349 -15.5831 1.8546 22.1691 -5.1919 0.0911
Car -1 -1 -4.6576 302.3749 176.8041 333.7268 201.6338 1.4999 1.6067 4.1473 -18.1921 1.2767 44.9315 -5.0382 0.0864
Pedestrian -1 -1 -3.5482 905.3757 153.0635 922.8217 184.1136 1.7817 0.6147 0.7404 17.8558 0.2075 40.8796 -3.1374 0.0829
Car -1 -1 -4.5065 145.0620 176.1114 183.0223 198.9650 1.7077 1.6780 4.1683 -34.2823 1.3797 55.0772 -5.0590 0.0818
Car -1 -1 -7.4009 313.8658 173.3996 363.2390 197.1549 1.5961 1.6206 4.0532 -18.6251 1.1191 49.6026 -7.7563 0.0774
Pedestrian -1 -1 -4.5476 194.8673 166.0196 209.9234 200.0790 1.9760 0.6553 0.7256 -23.6210 1.1360 41.4723 -5.0602 0.0767
Pedestrian -1 -1 -3.1846 834.7667 152.5181 876.3196 228.9682 1.7450 0.4727 0.8902 5.7903 1.1066 16.4922 -2.8512 0.0749
Car -1 -1 -7.1966 1199.6725 130.6851 1223.0000 346.2624 1.5276 1.6209 4.2024 7.6393 1.1751 5.8665 -6.3050 0.0719
Pedestrian -1 -1 -4.4856 26.3191 199.8444 53.3061 250.0175 1.3083 0.4554 0.5379 -15.2530 1.8388 19.0396 -5.1513 0.0716
Cyclist -1 -1 -7.5029 116.8350 181.1667 152.7941 232.9634 1.6538 0.4531 1.6247 -15.6000 1.6770 23.4394 -8.0822 0.0707
Car -1 -1 -4.9657 958.4233 146.9212 1008.7661 175.0690 1.5195 1.6212 3.9729 21.9254 -0.3320 41.1091 -4.4771 0.0693
Pedestrian -1 -1 -4.7844 70.5682 196.6438 90.2014 243.2651 1.3213 0.4285 0.4895 -15.3154 1.7991 20.5893 -5.4150 0.0681
Car -1 -1 -4.3919 427.2130 171.9626 476.3885 198.3692 1.5141 1.6560 4.1931 -9.1953 1.0247 42.7154 -4.6007 0.0677
Car -1 -1 -4.3094 330.7710 177.9735 394.1454 209.4545 1.4908 1.6122 3.8528 -12.1016 1.3713 35.4664 -4.6338 0.0665
Car -1 -1 -4.7925 308.0675 181.2613 348.7033 210.1662 1.4065 1.6632 3.8904 -14.3870 1.4483 36.6284 -5.1622 0.0641
Car -1 -1 -4.8608 750.3238 162.3675 796.0088 193.5613 1.4947 1.6620 4.0812 8.4723 0.6260 35.9826 -4.6298 0.0619
Car -1 -1 -4.2600 79.1620 181.1598 146.6067 207.7070 1.4243 1.5432 3.9750 -27.8347 1.4637 40.1161 -4.8612 0.0618
Car -1 -1 -7.2570 518.0009 167.8563 560.4616 185.6379 1.5296 1.6640 4.2540 -5.8070 0.4419 63.0834 -7.3465 0.0601
Car -1 -1 -7.1117 911.7192 145.8837 982.0195 172.5680 1.5585 1.6260 4.0153 21.1136 -0.5068 43.6846 -6.6625 0.0592
Car -1 -1 -4.1972 126.8859 175.4957 217.8311 210.8761 1.6452 1.7868 4.6441 -21.4210 1.4127 35.2229 -4.7378 0.0571
Pedestrian -1 -1 -5.1852 102.0377 173.3550 115.7490 201.0882 1.8839 0.5678 0.5809 -33.9734 1.3986 48.4177 -5.7922 0.0541
Pedestrian -1 -1 -5.9125 128.0358 176.6453 144.6599 200.3315 1.9471 0.4111 1.0696 -38.7176 1.6302 58.4352 -6.4935 0.0540
Pedestrian -1 -1 -5.9088 747.7484 160.4337 758.2117 187.8490 1.7873 0.6390 0.4727 9.7273 0.4792 46.4928 -5.7021 0.0540
Pedestrian -1 -1 -7.2700 503.9882 167.0712 518.3566 195.1643 1.7632 0.7388 0.5181 -5.9471 0.9204 44.7713 -7.3994 0.0523
Car -1 -1 -7.4853 1223.0000 118.5347 1223.0000 369.0000 1.4777 1.5827 3.9738 5.6191 1.2958 3.2433 -6.4784 0.0521
Pedestrian -1 -1 -3.7506 711.4194 160.8385 720.9797 181.5529 1.8259 0.6191 0.5895 9.8814 0.0927 62.7294 -3.5934 0.0506
Pedestrian -1 -1 -3.8143 262.6191 163.6717 313.5124 243.8542 1.9103 0.6997 0.9051 -7.8369 1.5097 17.4085 -4.2288 0.7443
Pedestrian -1 -1 -5.3992 122.9933 175.4175 173.1031 254.1343 1.7140 0.6184 0.7327 -10.2518 1.6037 15.8042 -5.9638 0.7195
Pedestrian -1 -1 -2.4851 585.0579 157.1163 629.3223 236.0445 1.8431 0.6306 0.8594 0.0097 1.2974 17.0233 -2.4827 0.7119
Cyclist -1 -1 -3.6630 855.4783 152.1350 904.1960 195.6538 1.7491 0.5809 1.8034 11.1789 0.6093 28.8424 -3.2951 0.6506
Pedestrian -1 -1 -2.8044 168.2107 178.1759 209.5294 246.6106 1.6688 0.5376 0.7480 -10.3758 1.6124 17.5749 -3.3281 0.6200
Cyclist -1 -1 -7.8130 895.1887 147.9205 912.8321 200.7887 1.8131 0.5131 1.7947 10.6209 0.6961 25.1693 -7.4163 0.5673
Pedestrian -1 -1 -5.6179 150.7025 177.3283 194.1904 241.0232 1.6404 0.7506 0.6520 -11.4227 1.5590 18.6218 -6.1588 0.5218
Pedestrian -1 -1 -3.3150 1098.1241 138.3608 1128.1871 194.0874 1.8602 0.5929 0.7349 17.2259 0.4538 24.0273 -2.6975 0.5056
Pedestrian -1 -1 -7.4333 375.2526 169.6306 405.3745 227.5971 1.7136 0.6739 0.6131 -6.4836 1.3925 21.2491 -7.7235 0.4349
Cyclist -1 -1 -6.5785 1110.0547 136.4096 1205.7472 208.3898 1.7828 0.6184 1.8296 14.0892 0.6911 18.1227 -5.9244 0.4159
Pedestrian -1 -1 -7.7771 392.0273 152.3914 433.5206 251.0390 1.9509 0.7345 1.1951 -4.0059 1.3953 14.6370 -8.0369 0.3245
Pedestrian -1 -1 -7.9370 300.9635 168.2404 342.2008 252.3714 1.7605 0.7701 0.7962 -6.1923 1.5043 15.3228 -8.3122 0.3200
Pedestrian -1 -1 -3.4409 1078.9928 139.0816 1129.1490 222.1028 1.7984 0.5748 0.7709 11.0276 0.9015 15.7056 -2.8365 0.2887
Cyclist -1 -1 -8.0004 900.4836 151.2103 926.3169 204.9887 1.8056 0.5504 1.8677 10.7283 0.8224 24.7117 -7.5938 0.2106
Pedestrian -1 -1 -4.8078 1198.3929 135.6379 1223.0000 189.6612 1.8084 0.5884 0.8235 20.6864 0.3069 24.1738 -4.1047 0.2102
Pedestrian -1 -1 -9.1510 1114.5927 144.6287 1139.0051 193.6514 1.7082 0.6319 0.5477 18.4522 0.4585 25.0472 -8.5204 0.1460
Pedestrian -1 -1 -8.8266 1012.7473 153.1882 1034.8843 201.2023 1.6217 0.5433 0.4193 14.2924 0.6995 24.1867 -8.2968 0.1409
Cyclist -1 -1 -5.8189 363.1555 166.2920 425.7945 226.9823 1.7598 0.6690 1.6584 -6.2760 1.3481 20.9793 -6.1036 0.1372
Cyclist -1 -1 -4.4477 378.7756 169.7614 411.8650 228.1058 1.6913 0.5621 1.5577 -6.3295 1.3803 21.2801 -4.7310 0.1229
Cyclist -1 -1 -8.2763 991.5428 152.3213 1032.4164 201.7579 1.6447 0.5835 1.6591 13.9732 0.7075 24.3761 -7.7596 0.1212
Pedestrian -1 -1 -3.6266 1092.0957 144.1881 1125.2046 196.7074 1.7423 0.6353 0.6895 16.9222 0.5379 23.8154 -3.0134 0.1059
Cyclist -1 -1 -5.1700 1006.4244 151.1676 1043.3439 201.1996 1.6517 0.4598 1.4978 14.2620 0.6836 24.1057 -4.6397 0.1047
Cyclist -1 -1 -6.8973 910.2557 154.7223 970.0125 204.6122 1.6653 0.7264 1.7427 11.3863 0.8051 24.1109 -6.4594 0.1008
Cyclist -1 -1 -6.9560 981.1946 150.0225 1041.4260 201.6118 1.7272 0.6960 1.7292 13.8362 0.7071 24.1508 -6.4396 0.0958
Pedestrian -1 -1 -4.6030 876.1611 150.9398 896.4784 201.2549 1.7802 0.6033 0.7691 10.1161 0.7346 25.4972 -4.2278 0.0900
Pedestrian -1 -1 -8.8444 918.8313 157.7781 945.5338 205.9310 1.6158 0.6400 0.5706 11.1350 0.8536 24.1380 -8.4154 0.0791
Cyclist -1 -1 -7.9424 912.7602 155.4689 934.4218 205.6561 1.6832 0.5294 1.7011 11.0397 0.8439 24.6034 -7.5237 0.0770
Cyclist -1 -1 -3.9241 1175.5366 136.8948 1223.0000 187.7642 1.7271 0.6977 1.8398 20.8443 0.2469 24.4275 -3.2224 0.0728
Pedestrian -1 -1 -5.1334 1113.0647 144.2430 1146.1715 196.0376 1.6979 0.6601 0.6886 17.4549 0.5096 23.5834 -4.5009 0.0723
Cyclist -1 -1 -8.4174 1086.8282 139.7364 1136.0405 192.3981 1.7282 0.4459 1.8318 17.2179 0.3907 24.1301 -7.8021 0.0678
Cyclist -1 -1 -6.8714 1069.7611 141.2873 1107.7247 175.0730 1.8738 0.6089 1.7051 27.0901 -0.3064 39.6271 -6.2737 0.0671
Cyclist -1 -1 -6.8840 941.4200 154.5051 1003.6407 204.0199 1.6559 0.7253 1.7878 12.4926 0.7868 24.1182 -6.4097 0.0648
Cyclist -1 -1 -7.9134 971.2951 156.1820 990.6856 204.9799 1.5895 0.4723 1.6209 12.6464 0.7977 23.8665 -7.4299 0.0643
Pedestrian -1 -1 -7.7919 965.5188 154.7496 986.4590 203.7180 1.6473 0.6056 0.5091 12.6441 0.7813 24.1596 -7.3134 0.0588
Cyclist -1 -1 -7.1512 156.7883 177.6761 221.3071 247.7835 1.6747 0.4362 1.6318 -10.4385 1.6076 17.7320 -7.6738 0.0586
Pedestrian -1 -1 -4.0910 1097.8998 146.4262 1130.7496 197.7771 1.6747 0.6187 0.6560 16.8591 0.5637 23.4575 -3.4725 0.0535
Pedestrian -1 -1 -5.9601 389.2906 163.0822 430.4187 246.1276 1.7707 0.6071 0.7063 -4.2867 1.3996 15.3993 -6.2245 0.0528
Cyclist -1 -1 -8.6018 1175.1060 137.3873 1223.0000 191.3304 1.7677 0.6341 1.8013 20.4611 0.3552 24.0850 -7.9024 0.0527
Cyclist -1 -1 -8.2913 1069.5796 141.5495 1129.1903 221.1754 1.6902 0.4275 1.6333 11.0020 0.8637 15.8484 -7.6921 0.0525
Cyclist -1 -1 -3.8842 1076.4028 140.6213 1134.7384 188.3621 1.7215 0.6366 1.7902 18.3175 0.2838 25.9286 -3.2732 0.0524
Cyclist -1 -1 -3.9132 1165.1024 138.5896 1219.1106 186.4096 1.8040 0.6131 1.6252 22.4203 0.2232 27.0472 -3.2251 0.0510
Pedestrian -1 -1 -6.2227 404.5470 152.4542 453.5937 242.3763 1.8541 0.6378 0.9697 -3.7584 1.2762 14.9785 -6.4617 0.0509
Pedestrian -1 -1 -7.7233 1185.6165 143.0206 1211.3093 191.7396 1.6721 0.6162 0.6084 20.6983 0.3860 24.6992 -7.0304 0.0507
Cyclist -1 -1 -3.7328 1098.1543 136.5074 1138.1514 169.2730 1.8218 0.5998 1.7964 28.9147 -0.6382 39.8708 -3.1073 0.0500
Car -1 -1 -6.9052 1067.2412 148.6998 1208.8732 190.0728 1.4591 1.6134 3.9226 19.3176 0.3379 25.7759 -6.2662 0.6021
Car -1 -1 -7.9046 1199.0789 133.0345 1223.0000 185.6416 1.7150 1.6683 3.8494 22.2031 0.1679 25.0768 -7.1844 0.2528
Car -1 -1 -3.8405 1063.1932 141.1372 1145.7046 169.1720 1.5221 1.6032 3.6498 28.2883 -0.6580 40.1174 -3.2282 0.2012
Car -1 -1 -5.1163 926.7064 153.1656 1032.6554 203.5624 1.4942 1.5691 3.9898 12.0050 0.6840 23.0095 -4.6392 0.1663
Car -1 -1 -4.3316 243.1434 182.6028 366.5667 256.1891 1.4666 1.4822 3.0076 -6.5716 1.5180 15.6864 -4.7194 0.0578
Car -1 -1 -8.1140 971.9401 157.0251 1053.7360 201.4778 1.4040 1.5703 3.4149 13.8083 0.6628 24.1820 -7.5990 0.0550
Car -1 -1 -5.2676 982.3451 148.0961 1139.9825 212.2424 1.5432 1.6183 4.0763 12.0230 0.7640 19.0500 -4.7103 0.0533
