Pedestrian -1 -1 -5.7524 419.6857 189.2462 436.9255 219.6855 1.5281 0.5992 0.6427 -9.3561 2.3771 37.0067 -5.9989 0.2298
Pedestrian -1 -1 -3.5550 426.5451 189.2862 445.4058 225.5914 1.4667 0.5164 0.6028 -7.2530 2.1559 29.8891 -3.7916 0.1380
Pedestrian -1 -1 -7.7069 403.6094 176.8205 423.1447 222.5326 1.9403 0.7038 0.8016 -8.5238 2.1137 31.1429 -7.9724 0.1087
Car -1 -1 -4.5713 476.5797 183.0316 526.4926 221.2909 1.5820 1.6664 4.3961 -4.9582 2.0813 33.2118 -4.7189 0.0831
Cyclist -1 -1 -4.2582 95.1275 181.1087 211.4786 330.3947 1.7411 0.5636 1.7273 -5.9346 1.8585 9.3999 -4.8090 0.0764
Pedestrian -1 -1 -4.3035 0.0000 203.1516 81.3577 374.0000 1.6071 0.5355 0.8463 -5.5892 1.9151 6.8653 -4.9682 0.0752
Pedestrian -1 -1 -7.7910 448.0740 187.6581 461.3612 220.3714 1.5423 0.5774 0.8313 -7.5436 2.2670 34.8819 -8.0030 0.0682
Pedestrian -1 -1 -5.0619 440.3817 189.8166 456.4746 223.0216 1.4540 0.5239 0.6218 -7.3010 2.2250 32.4091 -5.2823 0.0629
Car -1 -1 -5.5235 1146.7131 183.0289 1241.0000 374.0000 1.5974 1.6340 4.1843 5.9448 1.6968 4.9521 -4.6769 0.0611
Cyclist -1 -1 -8.1227 673.7461 178.3330 691.9949 219.6036 1.7421 0.3664 1.6349 3.1302 1.9875 31.5164 -8.0253 0.0611
Pedestrian -1 -1 -6.2300 407.4128 173.6843 420.0628 214.9145 2.0414 0.5699 0.5810 -9.8505 2.0830 36.0777 -6.4952 0.0586
Car -1 -1 -8.3246 817.2706 196.0302 1241.0000 374.0000 1.5351 1.5909 3.5766 2.7650 1.7602 5.2237 -7.8624 0.0512
Cyclist -1 -1 -4.4907 254.1630 192.6585 303.4024 288.1499 1.6228 0.4748 1.6641 -6.2137 2.0163 13.4827 -4.9157 0.0505
Pedestrian -1 -1 -6.8636 421.9185 188.2056 440.0810 219.4118 1.5630 0.6038 0.6864 -9.2293 2.3606 37.0456 -7.1066 0.2486
Cyclist -1 -1 -4.4835 421.1266 186.9818 436.5186 219.1134 1.5959 0.4313 1.5519 -9.3975 2.3412 37.3017 -4.7291 0.2360
Cyclist -1 -1 -2.4285 398.9824 182.0724 441.0497 225.9902 1.7671 0.5954 1.7176 -7.9328 2.1577 29.9489 -2.6858 0.2201
Cyclist -1 -1 -8.0238 415.6755 180.8204 430.6760 215.9470 1.7548 0.4788 1.6425 -9.6982 2.1754 37.2772 -8.2771 0.1929
Cyclist -1 -1 -3.9884 398.4030 182.6825 432.4866 222.9923 1.6824 0.5112 1.5796 -8.4786 2.1202 31.3365 -4.2510 0.1840
Pedestrian -1 -1 -5.0516 435.1146 186.1198 453.8803 222.5383 1.5870 0.5886 0.7914 -7.4516 2.1894 32.2916 -5.2771 0.0871
Cyclist -1 -1 -7.4205 425.0312 181.1496 449.0568 216.4248 1.7810 0.5448 1.7344 -9.0765 2.2251 37.7576 -7.6553 0.0868
Cyclist -1 -1 -6.3145 417.5680 184.1617 449.0192 218.1317 1.7154 0.6068 1.5597 -9.1691 2.3071 37.2714 -6.5546 0.0822
Pedestrian -1 -1 -7.5084 407.5715 182.2972 427.3137 224.6993 1.7449 0.6546 0.5327 -8.0778 2.1426 30.1166 -7.7688 0.0784
Cyclist -1 -1 -4.1154 438.2867 183.9931 466.0291 222.2549 1.6712 0.4699 1.4980 -7.1957 2.1886 32.7539 -4.3305 0.0701
Cyclist -1 -1 -4.5532 429.9931 181.6231 446.6872 224.3261 1.7289 0.4548 1.4681 -7.2362 2.1055 30.2687 -4.7864 0.0671
Cyclist -1 -1 -2.5351 400.7009 180.8461 438.5377 216.6237 1.7886 0.7656 1.7540 -9.8073 2.2057 37.0255 -2.7927 0.0659
Cyclist -1 -1 -4.8432 421.5869 181.5811 440.0823 224.4104 1.7234 0.5566 1.5168 -7.5432 2.0978 30.1710 -5.0867 0.0651
Cyclist -1 -1 -2.4410 407.3217 179.0486 440.3045 213.9170 1.7726 0.5192 1.7338 -9.7207 2.0995 37.5062 -2.6933 0.0636
Cyclist -1 -1 -6.4768 420.2981 182.1689 456.1867 217.9471 1.7879 0.6505 1.6990 -8.8555 2.2741 37.0410 -6.7103 0.0613
Pedestrian -1 -1 -4.8675 453.5160 185.1580 467.3517 216.8159 1.6075 0.5997 0.7098 -7.7971 2.2526 37.4148 -5.0721 0.0568
Cyclist -1 -1 -7.9085 410.1863 179.3127 426.2689 224.4676 1.8305 0.5598 1.7593 -8.1418 2.1110 30.4377 -8.1682 0.0567
Pedestrian -1 -1 -6.2037 435.0014 177.5844 453.2824 215.2255 1.9532 0.7498 0.8816 -8.7651 2.2048 37.9857 -6.4294 0.0536
Cyclist -1 -1 -7.0150 413.4454 181.5536 450.4313 222.4869 1.7363 0.5329 1.6483 -7.8745 2.1293 31.7909 -7.2564 0.0509
Cyclist -1 -1 -4.6470 608.3690 183.3503 621.2556 217.8809 1.6354 0.5264 1.7545 0.2047 2.1661 35.6097 -4.6420 0.0504
Cyclist -1 -1 -7.7929 446.6674 184.9767 456.8221 219.6293 1.6363 0.3968 1.4900 -7.7936 2.2432 35.3734 -8.0087 0.0503
Car -1 -1 -4.4700 247.6197 194.6893 453.5586 353.4213 1.4937 1.5510 3.6424 -3.0894 1.8279 9.1795 -4.7871 0.9564
Car -1 -1 -7.9739 614.5780 175.5098 673.3381 230.1470 1.8451 1.6883 3.8402 1.1278 1.9498 26.5392 -7.9327 0.9529
Car -1 -1 -7.8088 471.0355 184.6638 523.4811 232.6087 1.5277 1.6897 3.9888 -4.0469 1.9883 26.0862 -7.9618 0.9392
Car -1 -1 -8.4634 818.6365 178.5848 1241.0000 374.0000 1.7046 1.7160 4.5658 2.9248 1.7592 4.5783 -7.9252 0.7739
Car -1 -1 -8.0594 598.9829 184.3554 642.8660 215.4097 1.4527 1.5537 3.5238 0.4729 2.0725 37.0222 -8.0474 0.3424
Car -1 -1 -4.7084 493.7832 184.6999 527.8243 217.5026 1.4855 1.6016 3.9262 -5.0096 2.1133 36.2088 -4.8454 0.2001
Car -1 -1 -7.8797 502.8364 183.8386 532.0513 212.0100 1.5243 1.6076 3.9818 -5.5588 2.2068 42.7624 -8.0087 0.1889
Car -1 -1 -5.4929 1056.3687 194.7296 1241.0000 374.0000 1.4953 1.5556 3.8135 5.7672 1.7400 6.1378 -4.7633 0.1336
Car -1 -1 -4.6290 525.2557 182.1175 547.1562 200.9271 1.4924 1.5233 4.0075 -6.2587 2.3044 61.2536 -4.7309 0.1214
Car -1 -1 -8.0603 392.6190 187.5513 437.3744 218.2411 1.4592 1.5698 3.6432 -10.3973 2.2770 38.1822 -8.3249 0.0795
