Pedestrian -1 -1 -5.0151 1014.0452 170.1761 1054.6897 254.3019 1.8510 0.5998 0.7118 9.5158 1.7918 16.2879 -4.4950 0.1705
Car -1 -1 -4.1904 364.7105 185.1417 404.0503 204.5717 1.7318 1.7101 4.2742 -21.6871 2.9531 69.4583 -4.4923 0.0845
Pedestrian -1 -1 -4.7076 836.4118 162.9058 853.1829 213.3474 2.0052 0.6360 0.8051 9.4447 1.6094 29.1645 -4.3979 0.0601
Cyclist -1 -1 -4.9071 760.8155 172.2981 776.1224 205.2797 1.8139 0.5125 1.7127 8.8580 1.7831 40.5441 -4.6940 0.0586
Cyclist -1 -1 -4.6790 757.0643 173.3860 765.5066 202.3810 1.6725 0.4390 1.5680 8.8711 1.7041 42.4627 -4.4749 0.0566
Cyclist -1 -1 -4.1542 20.3317 200.0194 60.0172 239.3055 1.7350 0.5251 1.9421 -27.0485 3.0609 34.2323 -4.8193 0.6199
Cyclist -1 -1 -8.1391 812.0692 175.0489 832.1994 210.8865 1.6649 0.4485 1.7250 10.0866 1.7721 34.4886 -7.8574 0.1550
Cyclist -1 -1 -7.5573 736.1476 177.0941 748.5449 202.1052 1.7002 0.4013 1.5969 9.1670 1.9991 50.1208 -7.3779 0.1195
Pedestrian -1 -1 -3.6065 857.1372 166.3131 875.4443 225.3111 1.8928 0.5247 0.3611 8.2723 1.6827 23.4322 -3.2717 0.0876
Pedestrian -1 -1 -8.1417 918.1811 167.7250 939.8135 216.0072 1.8095 0.5878 0.6502 12.0628 1.6170 27.3998 -7.7315 0.0862
Cyclist -1 -1 -4.6502 901.9207 173.7187 919.2701 222.2152 1.6849 0.4841 1.6610 10.7728 1.7167 25.9512 -4.2614 0.0563
Cyclist -1 -1 -7.8291 738.3723 175.3480 743.2541 200.5524 1.7361 0.3015 1.6121 9.1598 1.9138 50.6816 -7.6518 0.0560
Pedestrian -1 -1 -6.9989 901.9615 170.1632 931.8948 221.7576 1.7895 0.6639 0.7097 10.7760 1.6958 25.4520 -6.6031 0.0510
Car -1 -1 -8.5786 761.2629 187.7256 929.9863 264.9665 1.4000 1.5965 3.4172 4.9279 1.7620 15.6901 -8.2805 0.9784
Car -1 -1 -4.1487 142.0643 192.5928 233.1495 232.8858 1.4588 1.6209 3.4551 -17.2675 2.3165 29.6039 -4.6731 0.9059
Car -1 -1 -4.2240 272.3696 185.9066 335.4640 217.6146 1.5804 1.6603 3.6220 -16.6708 2.3265 39.3869 -4.6223 0.8766
Car -1 -1 -7.8706 941.7823 184.0748 983.5816 221.0914 1.5028 1.6085 3.9450 15.8851 2.0443 32.7112 -7.4227 0.1145
Car -1 -1 -4.7719 806.4272 175.4124 845.2396 208.1111 1.5301 1.6057 4.0938 10.7538 1.6662 36.2794 -4.4864 0.1126
Car -1 -1 -4.5446 90.3673 201.9556 126.9802 225.5548 1.4813 1.5513 3.9234 -36.5149 3.6869 52.5880 -5.1494 0.1125
Car -1 -1 -3.7820 208.6347 193.3631 276.4288 219.6695 1.4832 1.5751 3.5972 -23.2503 2.8377 45.7018 -4.2506 0.0967
Car -1 -1 -4.5411 358.6191 185.2185 395.4349 212.5243 1.5651 1.5401 3.9840 -14.6143 2.3770 45.3193 -4.8517 0.0893
Car -1 -1 -4.3991 496.1093 180.8087 536.8893 205.5188 1.6230 1.6618 4.1437 -6.5854 2.2090 50.9904 -4.5273 0.0870
Car -1 -1 -4.0504 0.0000 203.5332 78.8291 248.9359 1.4779 1.6430 3.8985 -22.9652 2.7561 28.1054 -4.7310 0.0846
Car -1 -1 -4.3687 104.3577 199.9644 172.6633 234.3797 1.4818 1.6253 4.0320 -23.8551 2.9375 36.6010 -4.9432 0.0790
Car -1 -1 -4.5711 124.7804 199.8669 163.3912 226.3681 1.5389 1.6170 4.0773 -31.3265 3.4384 48.5542 -5.1419 0.0711
Car -1 -1 -4.6078 418.3418 182.8052 453.7707 212.1098 1.6067 1.6322 4.1890 -10.4025 2.2326 43.2246 -4.8430 0.0685
Car -1 -1 -4.7040 470.6643 181.5390 498.8453 208.1817 1.5950 1.7256 4.3842 -8.1711 2.1881 46.9997 -4.8756 0.0683
