Cyclist -1 -1 -4.2648 219.9697 173.0572 252.2796 213.4271 1.8247 0.5097 2.0218 -17.4503 1.8342 33.6408 -4.7403 0.6230
Pedestrian -1 -1 -3.5973 634.6810 169.3514 645.4260 190.1649 1.8734 0.4830 0.8458 2.6987 1.5578 65.3353 -3.5566 0.1609
Car -1 -1 -4.1370 150.3305 183.1468 235.6523 215.4568 1.5246 1.7790 4.3252 -21.6819 2.0931 37.6636 -4.6565 0.1205
Pedestrian -1 -1 -8.0649 657.7360 168.9458 673.9547 205.4164 1.8721 0.7471 0.5025 2.8483 1.6712 37.3381 -7.9899 0.0947
Pedestrian -1 -1 -7.9886 655.7643 168.5151 668.9940 199.4666 1.8143 0.6890 0.7161 3.0586 1.5596 42.6731 -7.9179 0.0731
Cyclist -1 -1 -6.4118 996.3489 159.9104 1049.7279 209.5751 1.8630 0.7446 1.6946 15.8038 1.3772 27.7296 -5.8987 0.0706
Pedestrian -1 -1 -6.5388 1071.6361 162.3160 1088.6799 218.9123 1.7887 0.5177 0.3336 15.0015 1.4553 23.1015 -5.9690 0.0648
Cyclist -1 -1 -5.5940 1041.0885 148.3585 1117.4473 223.4267 1.9020 0.6112 1.6921 12.3866 1.2811 19.1808 -5.0280 0.0618
Car -1 -1 -7.1876 1229.2240 141.3117 1241.0000 339.2932 1.5478 1.5914 4.1572 8.2443 1.3009 6.4821 -6.3051 0.0614
Car -1 -1 -4.2930 252.7831 183.0705 309.6247 207.6160 1.4953 1.7816 4.4449 -21.8358 2.2068 48.0387 -4.7179 0.0601
Pedestrian -1 -1 -8.3816 955.6126 154.0786 991.4825 220.3047 1.8279 0.6369 0.6902 10.1612 1.3094 20.2817 -7.9233 0.0577
Car -1 -1 -4.5187 307.4581 182.4320 372.7313 225.3790 1.4448 1.6073 3.6638 -10.0855 1.8296 27.0738 -4.8725 0.0574
Car -1 -1 -4.7485 322.1349 177.3687 356.0070 208.0468 1.6225 1.6535 4.2307 -15.5078 1.8936 41.0996 -5.1075 0.0539
Pedestrian -1 -1 -5.2852 876.8560 157.7780 908.7805 212.9443 1.8338 0.6572 0.8354 9.5333 1.3324 24.4614 -4.9181 0.0530
Car -1 -1 -4.8383 352.4239 176.6427 387.4928 204.4673 1.7532 1.7094 4.2456 -16.1613 2.0188 48.3680 -5.1594 0.0523
Car -1 -1 -8.5450 1140.4352 155.4935 1241.0000 281.8408 1.4852 1.5888 3.7734 9.7124 1.2808 10.4028 -7.8082 0.0510
Pedestrian -1 -1 -3.4120 537.2485 173.3349 551.5647 210.4312 1.6293 0.6622 0.4736 -2.9624 1.6506 32.0939 -3.5038 0.3370
Cyclist -1 -1 -4.7281 543.2412 172.4511 553.9517 210.5545 1.6628 0.4510 1.4761 -2.7919 1.6450 32.2453 -4.8143 0.1028
Cyclist -1 -1 -2.6601 521.2083 171.0560 561.4525 211.4169 1.7499 0.6572 1.6547 -3.0787 1.6716 31.8985 -2.7560 0.0994
Pedestrian -1 -1 -4.2409 658.7274 200.6531 718.7393 325.1837 1.2478 0.4523 0.5269 0.7899 1.5584 7.7269 -4.1446 0.0601
Pedestrian -1 -1 -4.4903 761.7744 169.4966 773.0291 196.7198 1.7919 0.5876 0.7218 10.4278 1.5706 47.9451 -4.2778 0.0531
Pedestrian -1 -1 -7.7252 842.1794 165.7751 858.3224 209.7176 1.8940 0.6042 0.5549 10.4405 1.5886 31.4806 -7.4082 0.0515
Car -1 -1 -7.8415 549.7625 185.7024 710.0510 327.4558 1.4004 1.6646 3.7154 0.2061 1.6002 9.3530 -7.8218 0.8574
Car -1 -1 -7.7531 580.6240 173.0758 643.4191 228.8193 1.6572 1.6666 3.7979 0.0962 1.6648 23.4423 -7.7498 0.3871
Car -1 -1 -5.5308 813.8984 174.6866 892.9290 203.6495 1.4572 1.5595 4.0297 12.9456 1.5606 38.7150 -5.2108 0.1541
Car -1 -1 -4.9437 759.1559 170.0736 796.7413 193.4469 1.5859 1.6448 4.2587 11.8058 1.3969 51.0905 -4.7182 0.1468
Car -1 -1 -7.4643 719.1257 171.0343 763.3880 193.8703 1.5776 1.6963 4.1528 9.4782 1.4516 52.0520 -7.2855 0.1429
Car -1 -1 -7.9646 644.8557 173.8982 678.0645 199.5877 1.5061 1.6130 3.8387 3.0891 1.5729 44.4120 -7.8961 0.1065
Car -1 -1 -4.6651 168.7964 191.6339 198.7334 217.9858 1.6916 1.6487 3.8980 -30.3689 3.0848 51.4310 -5.1965 0.1029
Car -1 -1 -7.5381 235.4123 178.7852 282.2129 205.3878 1.7009 1.6976 4.0188 -23.8988 2.1221 49.1758 -7.9886 0.0720
Car -1 -1 -4.7690 564.3615 174.2795 584.2550 192.2805 1.6023 1.6029 4.0604 -3.3458 1.7379 66.6645 -4.8193 0.0686
Car -1 -1 -5.1780 801.4847 173.2121 881.7430 210.0929 1.4384 1.6292 3.8335 9.5541 1.4541 30.2045 -4.8749 0.0678
Car -1 -1 -7.9095 640.8623 175.0240 700.7697 230.1020 1.6141 1.6821 3.8602 1.8305 1.6896 23.2461 -7.8326 0.0668
Car -1 -1 -7.2155 0.0000 183.0905 77.7030 240.2949 1.8101 1.8191 4.5292 -21.6948 2.2110 25.9677 -7.9066 0.0642
