Cyclist -1 -1 -4.6217 439.9790 170.7803 475.8039 253.4758 1.7570 0.6299 1.7921 -3.4564 1.7127 16.2571 -4.8287 0.9106
Pedestrian -1 -1 -2.6455 727.2441 156.8294 762.8500 218.0430 1.8439 0.6085 0.8986 4.1153 1.3609 22.2528 -2.4655 0.4040
Pedestrian -1 -1 -4.5824 763.0116 163.2129 786.3311 219.3683 1.6902 0.6100 0.7543 5.0164 1.3997 22.1754 -4.3634 0.0842
Pedestrian -1 -1 -4.2881 1004.3834 149.6233 1036.4365 213.6524 1.8524 0.6385 0.5903 12.0681 1.1800 21.3064 -3.7790 0.0757
Pedestrian -1 -1 -5.3142 1193.3328 164.1567 1241.0000 264.0797 1.4450 0.5179 0.5831 9.1190 1.3189 10.7474 -4.6244 0.0739
Pedestrian -1 -1 -3.2253 284.3058 170.4480 315.7966 236.0863 1.8327 0.5546 0.7824 -8.8891 1.7652 20.5746 -3.6288 0.0693
Pedestrian -1 -1 -4.6532 837.9989 151.1904 862.1812 211.8155 1.9043 0.6989 0.7067 7.6489 1.2235 23.1213 -4.3380 0.0653
Cyclist -1 -1 -4.5190 255.6932 180.4197 290.5081 254.8527 1.6906 0.4652 1.5495 -8.1380 1.8808 17.3604 -4.9519 0.0647
Pedestrian -1 -1 -8.0058 826.3271 160.7194 853.7046 228.3797 1.7315 0.5676 0.7667 5.9619 1.4206 18.8857 -7.7051 0.0560
Pedestrian -1 -1 -5.4508 1180.7216 196.5004 1241.0000 361.6408 1.2709 0.4244 0.5147 5.0277 1.4727 5.8989 -4.7699 0.0545
Car -1 -1 -4.4492 514.5735 175.0447 557.8848 200.7486 1.4460 1.5747 4.0418 -4.3836 1.5829 43.0728 -4.5504 0.0532
Pedestrian -1 -1 -4.8627 1071.0131 153.6709 1106.0249 227.8398 1.8417 0.6464 0.6469 12.1047 1.3651 18.3446 -4.2871 0.1547
Pedestrian -1 -1 -4.3778 0.0000 205.6408 105.5707 374.0000 1.5123 0.5047 0.4330 -2.7054 1.6728 3.2540 -5.0327 0.1270
Cyclist -1 -1 -7.1318 0.0000 138.7795 114.7036 374.0000 1.7873 0.5035 1.7381 -2.7253 1.7021 2.6722 -7.8785 0.1166
Pedestrian -1 -1 -2.1330 0.0000 177.4160 44.2199 374.0000 1.6974 0.6017 0.6853 -2.9652 1.7184 2.9827 -2.8719 0.0948
Cyclist -1 -1 -4.8275 712.4678 166.3786 732.5243 205.4153 1.6972 0.6852 1.7256 4.9726 1.4153 32.2443 -4.6763 0.0864
Cyclist -1 -1 -7.3215 0.0000 156.0677 150.4626 374.0000 1.7701 0.5139 1.6062 -3.0007 1.7064 3.5552 -7.9868 0.0849
Pedestrian -1 -1 -3.4580 1107.4078 150.7556 1144.4120 228.7773 1.8388 0.6034 0.5603 12.3624 1.3177 17.3751 -2.8479 0.0833
Pedestrian -1 -1 -6.3089 643.8458 166.4432 655.9878 192.6033 1.7864 0.5732 0.8173 2.7079 1.3483 49.5698 -6.2550 0.0751
Cyclist -1 -1 -3.9973 0.0000 135.2770 241.3422 374.0000 1.8138 0.5674 1.5479 -2.4657 1.6854 3.2585 -4.6077 0.0682
Cyclist -1 -1 -7.4501 0.0000 163.9200 82.2496 374.0000 1.7460 0.5637 1.6946 -3.3185 1.7128 3.5507 -8.1651 0.0658
Pedestrian -1 -1 -7.9805 1003.6093 159.9813 1033.1348 225.1237 1.7472 0.6314 0.5678 11.1108 1.4017 19.7336 -7.4745 0.0648
Cyclist -1 -1 -7.3683 0.0000 153.4868 229.6111 374.0000 1.7584 0.5731 1.6719 -2.7141 1.6793 3.7974 -7.9572 0.0637
Cyclist -1 -1 -7.6988 709.0536 168.6237 719.2927 195.7175 1.6146 0.3771 1.5966 6.2958 1.3622 43.8173 -7.5574 0.0611
Car -1 -1 -4.4791 467.5884 177.9212 525.6263 212.2970 1.4446 1.6914 4.2572 -5.1697 1.6925 33.1549 -4.6330 0.9476
Car -1 -1 -4.3673 247.4144 184.5159 415.4249 277.8475 1.5010 1.6517 4.4688 -5.3533 1.7696 14.4021 -4.7178 0.9269
Car -1 -1 -7.7875 645.7239 171.6932 685.2678 205.1206 1.5424 1.6714 4.1505 2.7403 1.4885 35.4661 -7.7115 0.9249
Car -1 -1 -2.9109 628.7554 170.8023 692.4354 196.9085 1.5619 1.5682 3.6534 3.0916 1.4388 44.4562 -2.8423 0.2984
Car -1 -1 -7.5564 714.1245 166.8977 767.2650 200.3449 1.5783 1.6072 3.6945 6.5382 1.2969 36.0583 -7.3789 0.2025
Car -1 -1 -8.4069 950.2513 144.3242 1068.1138 191.6695 1.4879 1.6290 4.0330 13.4777 0.5910 24.7366 -7.9130 0.1642
Car -1 -1 -4.7539 719.8394 170.0203 757.6872 206.1494 1.5239 1.5013 3.6192 5.6769 1.4041 32.3267 -4.5820 0.1616
Car -1 -1 -8.4538 604.2489 167.7397 654.0857 192.2316 1.6528 1.6046 3.8504 1.2761 1.3074 50.7454 -8.4291 0.0917
Car -1 -1 -7.2261 1199.0557 125.6611 1241.0000 374.0000 1.6124 1.6144 4.0711 6.8312 1.3317 5.1943 -6.3325 0.0891
Car -1 -1 -3.5542 0.0000 0.0000 1241.0000 374.0000 1.4866 1.6167 3.7554 -3.3691 1.7460 1.6770 -4.5986 0.0883
Car -1 -1 -7.4437 684.6591 169.8459 734.8093 195.1812 1.4935 1.6478 3.9289 6.1791 1.3159 44.6416 -7.3074 0.0583
Car -1 -1 -7.3769 1187.3115 143.6441 1241.0000 374.0000 1.4787 1.6012 4.1352 5.1567 1.3878 3.3063 -6.4161 0.0533
