Car -1 -1 -8.0694 739.7882 182.3391 868.6342 266.2238 1.3837 1.5898 3.9602 3.6318 1.5984 14.3551 -7.8274 0.9629
Car -1 -1 -4.4866 479.2865 178.7949 540.5980 220.4896 1.5967 1.7081 3.9130 -4.1567 1.8620 30.2332 -4.6226 0.9407
Car -1 -1 -8.0077 710.2307 175.0874 795.0015 236.2582 1.5163 1.6505 4.2185 3.8125 1.5851 20.1745 -7.8243 0.9391
Cyclist -1 -1 -7.2455 0.0000 191.4801 60.8916 288.9016 1.6142 0.3928 1.6184 -10.7796 1.9731 13.0906 -7.9245 0.2760
Pedestrian -1 -1 -7.5525 1060.5337 158.8448 1081.1720 202.5828 1.8505 0.6161 0.5361 19.7152 1.2575 30.9364 -6.9897 0.2536
Car -1 -1 -7.8269 293.3293 179.9357 344.1496 234.9089 1.7622 1.5576 3.0143 -10.1793 2.0262 25.2461 -8.2070 0.2185
Pedestrian -1 -1 -7.7000 413.9836 180.4010 430.5392 216.3028 1.7282 0.7044 0.5559 -9.1896 2.0991 35.1760 -7.9542 0.1296
Pedestrian -1 -1 -4.6708 379.6826 186.0936 398.1089 232.5004 1.5342 0.5676 0.7769 -7.5664 1.9927 24.5564 -4.9672 0.1087
Pedestrian -1 -1 -7.4504 785.8893 160.8216 816.5737 225.6190 1.9033 0.7139 0.5984 5.6890 1.5495 21.6483 -7.1974 0.0978
Car -1 -1 -2.5094 470.0963 171.5237 525.8286 194.0396 1.6272 1.6260 3.8951 -8.3841 1.5308 53.7630 -2.6636 0.0918
Pedestrian -1 -1 -6.8538 829.2280 165.4971 844.2261 210.0706 1.8517 0.5104 0.3842 9.4667 1.5458 30.2724 -6.5540 0.0841
Car -1 -1 -7.6621 734.8566 174.1829 759.5362 191.8805 1.6598 1.6153 4.0837 13.3555 1.7928 70.1966 -7.4752 0.0777
Car -1 -1 -4.6798 1067.9186 160.0602 1103.3431 189.6009 1.6071 1.5821 3.8822 27.2140 0.9108 41.2977 -4.1006 0.0717
Pedestrian -1 -1 -5.1429 834.8378 163.3243 857.9138 209.7939 1.8417 0.6339 0.7256 9.4491 1.4638 28.9948 -4.8313 0.0665
Car -1 -1 -7.5376 217.1060 184.7714 258.9323 208.4585 1.6718 1.6963 3.9255 -28.3644 2.6154 55.0800 -8.0115 0.0659
Car -1 -1 -4.4108 267.7271 182.8216 306.7690 202.9636 1.4580 1.6684 3.9972 -25.1876 2.2652 56.3729 -4.8295 0.0597
Cyclist -1 -1 -8.4543 757.8140 170.3056 780.2353 202.8420 1.7216 0.4141 1.4802 8.5351 1.5865 38.9431 -8.2406 0.0573
Car -1 -1 -4.1343 123.3773 180.7767 191.3514 211.7866 1.9246 1.7690 4.2948 -30.0772 2.4757 48.0529 -4.6912 0.0560
Car -1 -1 -6.7880 417.7990 173.4699 480.2672 197.4082 1.6082 1.6448 3.9672 -11.2674 1.6526 50.5013 -7.0067 0.0534
Car -1 -1 -4.9924 733.4073 178.7288 797.6380 214.5595 1.3964 1.5959 4.0910 6.5305 1.6649 30.9075 -4.7867 0.0526
Car -1 -1 -4.4978 531.7651 172.0119 558.8660 190.6251 1.6663 1.6411 4.2086 -5.9710 1.5906 66.7825 -4.5869 0.0519
Car -1 -1 -4.6673 1241.0000 153.6267 1241.0000 374.0000 1.5384 1.5972 4.0281 7.7279 1.4536 4.9015 -3.6888 0.0508
Cyclist -1 -1 -8.0225 560.0581 178.1058 571.3143 205.7494 1.6247 0.4304 1.4922 -2.7111 1.9465 43.4777 -8.0849 0.1321
Pedestrian -1 -1 -3.2132 1123.0209 142.0715 1188.1060 271.3980 1.8735 0.4913 0.7398 8.1351 1.4272 10.8567 -2.5836 0.0803
Pedestrian -1 -1 -8.2030 1191.9164 154.7191 1241.0000 249.1263 1.6348 0.7582 0.6514 10.9708 1.3205 12.9290 -7.5109 0.0787
Pedestrian -1 -1 -8.2440 427.6095 177.1265 441.3035 203.6935 1.7796 0.7060 0.6572 -11.9441 2.0720 48.9589 -8.4825 0.0726
Cyclist -1 -1 -9.0949 1157.7675 152.3507 1241.0000 255.1228 1.6952 0.5787 1.7368 10.8059 1.3567 12.7931 -8.4052 0.0601
Cyclist -1 -1 -8.3011 551.7789 176.8660 570.0934 205.6027 1.6931 0.4912 1.5197 -3.0012 1.9391 43.5119 -8.3701 0.0593
Cyclist -1 -1 -7.5654 562.8170 178.1587 577.1122 205.7115 1.6175 0.4488 1.5151 -2.4397 1.9424 43.4497 -7.6217 0.0593
Cyclist -1 -1 -6.3862 1143.7537 155.4351 1241.0000 250.7866 1.6488 0.7114 1.7516 10.8637 1.3473 13.2501 -5.7107 0.0579
Car -1 -1 -8.7194 1118.2502 160.7113 1241.0000 249.1978 1.5003 1.4829 2.3625 11.1474 1.2941 13.5322 -8.0413 0.0544
Car -1 -1 -3.0560 951.5573 165.1134 1140.2614 230.3157 1.5744 1.6706 4.1807 11.5305 1.3872 19.3133 -2.5249 0.7997
Car -1 -1 -5.8976 250.3354 181.3401 359.7084 216.7858 1.6528 1.7605 4.5586 -14.7596 2.0747 34.9853 -6.2945 0.7952
Car -1 -1 -7.7035 508.3652 178.8615 554.4950 214.0983 1.5984 1.6581 4.1245 -3.8459 1.9115 35.5412 -7.8110 0.5923
Car -1 -1 -3.1418 1051.5426 168.9687 1241.0000 239.8072 1.3710 1.4897 4.1033 12.0890 1.2955 15.7922 -2.4978 0.5907
Car -1 -1 -7.8597 686.5567 172.5567 712.1149 197.6844 1.6135 1.6319 3.8979 5.9366 1.5941 48.3599 -7.7387 0.4422
Car -1 -1 -9.1599 1120.9539 162.5157 1241.0000 256.5620 1.4505 1.5557 3.5509 11.5499 1.2908 13.0360 -8.4463 0.3748
Car -1 -1 -4.5903 527.5031 178.4394 566.1242 209.1405 1.6098 1.6641 4.3118 -3.5543 1.9423 40.8119 -4.6772 0.2200
Car -1 -1 -2.7271 20.5780 187.4602 117.3148 217.5266 1.6146 1.6839 4.0969 -30.8961 2.4755 41.2673 -3.3668 0.1408
Car -1 -1 -7.5220 337.9583 179.8335 371.7751 201.7621 1.9532 1.7031 4.2379 -23.9256 2.6288 67.7455 -7.8605 0.1266
Car -1 -1 -7.6828 353.3255 178.9557 386.5968 202.8585 1.5746 1.5765 3.8559 -16.8139 2.0192 50.5875 -8.0024 0.1230
Car -1 -1 -4.7222 553.9859 177.3860 580.3890 204.0549 1.5581 1.5667 3.8803 -2.7162 1.8518 44.8213 -4.7828 0.0800
Car -1 -1 -7.8623 720.4044 172.2572 747.5939 198.6368 1.6725 1.7039 4.1781 8.1794 1.6343 47.9437 -7.6947 0.0658
Car -1 -1 -4.4895 598.9924 176.1699 638.1296 201.8046 1.5076 1.6268 3.8913 0.5461 1.7239 45.0536 -4.4780 0.0597
Car -1 -1 -4.5159 487.7059 179.4767 532.6244 209.4221 1.5404 1.6972 4.1600 -5.5347 1.9285 40.1845 -4.6524 0.0502
