Car -1 -1 -8.6706 781.5270 176.7668 927.1805 238.0835 1.4226 1.5429 3.4785 6.2262 1.5349 18.8776 -8.3573 0.9663
Car -1 -1 -8.0563 630.7671 174.6463 682.9054 211.4000 1.4900 1.5818 3.4212 1.9271 1.5717 31.2321 -7.9958 0.9373
Car -1 -1 -2.7495 147.2775 149.7594 409.5952 261.0425 2.1055 1.7343 4.4968 -6.5835 1.6683 14.5768 -3.1674 0.4513
Pedestrian -1 -1 -5.0401 787.2391 158.9194 808.4840 207.5802 1.9775 0.6723 0.6425 7.6763 1.4109 29.6688 -4.7897 0.3325
Cyclist -1 -1 -7.0398 944.5439 165.9718 981.3571 204.6864 1.8534 0.6444 1.6074 17.1230 1.5236 35.0912 -6.5896 0.1089
Pedestrian -1 -1 -4.7327 725.0190 164.6238 738.6115 202.3052 1.9019 0.6695 0.5522 6.1599 1.4862 36.7397 -4.5683 0.0935
Car -1 -1 -7.9354 680.5729 159.0596 704.9492 181.1854 1.9012 1.7986 4.3367 7.3032 0.7156 64.1948 -7.8228 0.0882
Pedestrian -1 -1 -7.5089 798.5230 162.6456 810.9049 194.8009 1.8759 0.5777 0.4742 11.4204 1.2801 42.4532 -7.2482 0.0864
Pedestrian -1 -1 -4.1540 0.0000 238.4034 95.0964 374.0000 1.1377 0.3511 0.5249 -4.3442 1.6636 5.5153 -4.7982 0.0853
Car -1 -1 -4.3906 173.3743 155.1674 242.5638 191.3833 1.6498 1.6870 4.1896 -19.4822 0.8438 35.0826 -4.8944 0.0758
Car -1 -1 -2.9078 459.8176 166.5317 524.8743 190.3764 1.7743 1.7613 4.5880 -8.9216 1.3035 54.7343 -3.0689 0.0756
Car -1 -1 -7.3187 274.9621 148.6764 329.8580 175.0682 1.6568 1.6155 3.7529 -20.1153 0.1387 47.2642 -7.7191 0.0745
Pedestrian -1 -1 -5.2388 764.4401 167.9908 788.5637 216.5113 1.7211 0.5693 0.7035 5.9529 1.5483 26.0155 -5.0169 0.0739
Pedestrian -1 -1 -8.2055 711.0867 162.8529 726.5293 198.4651 1.9605 0.6377 0.7242 6.0125 1.4096 40.1406 -8.0583 0.0672
Pedestrian -1 -1 -3.5317 1147.8242 128.9177 1241.0000 374.0000 1.8789 0.4937 0.9066 4.9507 1.5436 5.8653 -2.8558 0.0652
Car -1 -1 -4.7736 410.7075 156.5546 433.8571 177.0595 1.7738 1.7492 4.2851 -16.8899 0.3635 64.7246 -5.0280 0.0613
Car -1 -1 -7.0817 1219.9446 164.7026 1241.0000 245.1662 1.4873 1.5974 3.9431 14.5507 1.3363 14.1550 -6.2931 0.0594
Pedestrian -1 -1 -7.0526 819.3698 166.6534 834.0770 209.5859 1.8218 0.5665 0.2906 9.2468 1.5584 30.9358 -6.7652 0.0583
Car -1 -1 -4.8480 578.8721 174.4380 610.7294 197.5750 1.5495 1.6908 4.1237 -1.1430 1.6654 50.7876 -4.8708 0.0579
Pedestrian -1 -1 -2.9808 1049.5673 161.0900 1124.7761 310.2802 1.7158 0.4480 0.7005 5.6919 1.5802 8.6978 -2.4175 0.0568
Car -1 -1 -3.3894 856.2434 153.1960 941.4041 181.2321 1.6141 1.6690 4.3944 16.9701 0.4820 42.6484 -3.0132 0.0542
Car -1 -1 -7.7144 321.1580 152.1685 355.8515 176.0941 1.5586 1.6564 4.0783 -18.4825 0.2108 49.1731 -8.0723 0.0532
Pedestrian -1 -1 -7.3156 742.6687 159.5316 770.3051 211.9581 1.8772 0.6618 0.8252 5.3079 1.3999 26.3635 -7.1196 0.0502
Car -1 -1 -7.9705 478.4710 174.0717 508.9604 197.5968 1.5648 1.6350 4.0743 -8.1912 1.6533 50.4038 -8.1311 0.0502
Cyclist -1 -1 -6.9387 1132.2981 135.0614 1171.2206 166.4979 1.7627 0.6426 1.7354 30.6854 -0.3638 40.9287 -6.2986 0.1694
Pedestrian -1 -1 -8.3434 690.7927 170.9190 706.5083 199.7480 1.7110 0.6271 0.8119 5.2833 1.5959 43.3153 -8.2233 0.1464
Cyclist -1 -1 -7.6029 486.9317 176.3077 501.0028 206.2978 1.5653 0.3941 1.4576 -6.2350 1.7532 38.5745 -7.7626 0.1212
Pedestrian -1 -1 -5.6048 528.4103 173.5214 539.0740 194.1102 1.6834 0.5488 0.6798 -6.3073 1.7385 59.4372 -5.7104 0.0920
Cyclist -1 -1 -8.2338 694.8733 170.6234 712.0885 199.2165 1.6771 0.4466 1.6254 5.5477 1.5460 43.1642 -8.1072 0.0797
Cyclist -1 -1 -6.8002 1130.8497 133.1891 1172.8004 165.6945 1.8008 0.6438 1.8060 30.4332 -0.4074 40.5937 -6.1601 0.0791
Cyclist -1 -1 -5.3492 1134.1173 135.3489 1165.6281 165.8788 1.6866 0.5136 1.7143 30.7039 -0.4060 41.1102 -4.7109 0.0678
Cyclist -1 -1 -7.6803 687.5632 171.3307 700.9826 200.5185 1.7098 0.5228 1.6530 5.0088 1.6203 43.1345 -7.5659 0.0550
Cyclist -1 -1 -7.4189 401.8716 171.9561 444.6406 234.9255 1.6958 0.5197 1.6418 -5.2775 1.6713 20.2859 -7.6708 0.0523
Cyclist -1 -1 -8.4475 1131.7114 136.0751 1161.6621 167.4765 1.7347 0.5113 1.6741 30.4397 -0.3122 40.9976 -7.8121 0.0522
Pedestrian -1 -1 -7.9809 682.4058 172.1228 695.3340 201.2336 1.7105 0.6692 0.7611 4.6372 1.6672 42.7838 -7.8742 0.0521
Cyclist -1 -1 -7.3917 467.6478 173.5765 492.8639 212.1772 1.6377 0.4193 1.5868 -5.6882 1.6697 31.4628 -7.5695 0.0520
Pedestrian -1 -1 -6.3940 438.2621 172.2898 451.7330 212.3614 1.6945 0.6800 0.4902 -7.1150 1.6704 30.9140 -6.6188 0.0513
Car -1 -1 -2.4993 0.0000 176.3329 262.0386 295.9070 1.5344 1.6357 3.5557 -7.1455 1.5876 10.2053 -3.0982 0.9353
Car -1 -1 -2.8640 352.3709 177.4372 475.5977 217.2599 1.4229 1.6108 4.1352 -7.2630 1.5982 26.8100 -3.1265 0.8269
Car -1 -1 -7.9490 613.1411 174.7730 648.5197 202.5627 1.4815 1.5966 4.2484 1.0942 1.5959 40.9409 -7.9230 0.7686
Car -1 -1 -2.6112 59.6948 177.4450 350.5309 274.7133 1.5197 1.6266 4.0455 -6.7718 1.6029 12.2377 -3.1078 0.7525
Car -1 -1 -2.8533 287.8620 176.2007 433.8878 227.3786 1.4785 1.6107 3.8792 -7.5007 1.5836 21.8408 -3.1808 0.6157
Car -1 -1 -4.6879 493.2582 175.4528 520.7985 200.5256 1.4895 1.6169 4.1646 -6.4829 1.6608 45.4747 -4.8290 0.4676
Car -1 -1 -2.9860 398.7455 176.2402 489.9716 208.7036 1.4618 1.5904 3.9426 -7.6993 1.6236 33.6126 -3.2099 0.4311
Car -1 -1 -2.7589 413.8197 174.0258 500.1518 204.7695 1.5906 1.6838 4.1950 -8.1997 1.6550 38.6147 -2.9671 0.2537
Car -1 -1 -2.5999 393.5055 177.0050 478.8877 211.9283 1.4509 1.5110 3.3190 -7.6145 1.6388 31.4872 -2.8357 0.2090
Car -1 -1 -3.7527 1085.3057 137.7130 1173.9114 166.8726 1.6189 1.6215 3.8841 29.6005 -0.3489 41.2257 -3.1331 0.1707
Car -1 -1 -2.7244 257.5764 178.7770 417.7495 235.6388 1.4657 1.5776 3.7751 -7.4073 1.6344 19.6897 -3.0802 0.1681
Car -1 -1 -6.0387 372.8463 175.5076 484.2704 214.3138 1.5098 1.6331 4.0687 -7.2744 1.6192 29.0018 -6.2827 0.1534
Car -1 -1 -7.8008 525.4035 173.7157 546.2759 192.9090 1.5658 1.5581 3.7595 -6.2618 1.6406 60.9508 -7.9031 0.0923
Car -1 -1 -2.3241 0.0000 173.2401 115.8426 343.7417 1.5580 1.5826 4.2377 -7.7981 1.5621 7.4451 -3.1147 0.0607
Car -1 -1 -5.1962 1140.0559 131.1548 1216.3096 160.9257 1.5687 1.7161 4.1953 32.9292 -0.7315 42.0121 -4.5345 0.0586
Car -1 -1 -4.9880 673.4807 170.4234 717.7522 197.2348 1.6021 1.6816 4.1459 5.2816 1.4566 45.2957 -4.8730 0.0543
Car -1 -1 -2.7400 407.8044 171.6558 496.1744 204.9958 1.6254 1.6760 4.0166 -7.9778 1.5667 36.3730 -2.9548 0.0525
