Pedestrian -1 -1 -7.4417 793.2784 161.0856 805.1148 189.1726 1.7973 0.5679 0.5402 12.5285 0.5550 45.6336 -7.1738 0.1435
Pedestrian -1 -1 -4.9352 838.7391 170.1218 870.2597 234.6228 1.5853 0.5860 0.7764 6.2288 1.3306 17.7958 -4.6024 0.1344
Pedestrian -1 -1 -4.4245 12.7804 165.5666 68.5930 254.3207 1.7324 0.6679 0.8334 -11.4481 1.4413 14.3112 -5.0866 0.1189
Pedestrian -1 -1 -4.1436 369.2447 190.2384 417.0519 274.7124 1.2936 0.4902 0.5854 -3.4160 1.4538 11.2575 -4.4287 0.0860
Pedestrian -1 -1 -4.6937 65.2125 168.6564 90.8000 226.1276 1.6252 0.5744 0.7726 -15.2903 1.2905 20.4750 -5.3259 0.0709
Pedestrian -1 -1 -5.8655 543.3547 160.6206 580.3663 233.8073 1.7851 0.6079 0.7400 -1.1152 1.3006 17.6603 -5.9256 0.0704
Cyclist -1 -1 -8.3390 659.4630 167.4777 689.7549 211.9541 1.7314 0.5291 1.5838 2.7504 1.2247 28.3575 -8.2417 0.0595
Car -1 -1 -2.2301 0.0000 166.4462 0.0000 284.4326 1.5558 1.6162 4.2366 -11.5910 1.3709 10.3077 -3.0569 0.0554
Car -1 -1 -7.8383 408.8584 174.9651 471.7734 231.2698 1.4376 1.5794 3.8651 -4.6745 1.2966 20.1066 -8.0614 0.0531
Car -1 -1 -5.9447 0.7328 172.9222 121.7310 205.7257 1.5111 1.6595 4.3098 -26.0566 1.1622 34.0150 -6.5920 0.0527
Car -1 -1 -3.7943 1105.7078 176.3530 1223.0000 369.0000 1.4964 1.5217 3.7368 5.3486 1.4793 4.1438 -2.9177 0.0522
Car -1 -1 -4.0383 0.0000 173.6485 114.7127 222.3740 1.4850 1.5216 4.0109 -18.5475 1.2765 23.5664 -4.6967 0.0503
Pedestrian -1 -1 -3.8649 941.8061 156.3370 1019.2397 300.8336 1.7293 0.5754 0.6291 4.6199 1.4406 8.8194 -3.3953 0.4890
Cyclist -1 -1 -2.8374 650.3312 140.4431 682.1463 172.3649 1.7575 0.6711 1.6628 3.4406 -0.4659 39.8756 -2.7499 0.1421
Pedestrian -1 -1 -5.2675 842.0767 165.8198 888.9678 261.0245 1.6710 0.5535 0.6095 4.6478 1.4137 12.7662 -4.9246 0.1391
Pedestrian -1 -1 -4.6831 756.2078 171.4142 787.5549 254.3497 1.6150 0.5963 0.8113 3.3209 1.4384 14.2362 -4.4572 0.1342
Pedestrian -1 -1 -5.0793 1176.4163 175.4774 1223.0000 269.6852 1.5456 0.5376 0.6741 10.1286 1.4636 12.0048 -4.3900 0.1294
Pedestrian -1 -1 -4.4890 981.4888 162.1231 1027.7244 269.7366 1.7038 0.5550 0.5603 6.5003 1.4132 11.5878 -3.9877 0.1202
Pedestrian -1 -1 -4.2428 856.6731 161.2901 909.5554 266.0146 1.7027 0.5922 0.6780 4.6487 1.3907 11.9427 -3.8788 0.1082
Pedestrian -1 -1 -4.8959 1161.6564 227.9352 1223.0000 359.0924 1.0870 0.3373 0.5641 5.2797 1.5405 6.4253 -4.2303 0.0982
Pedestrian -1 -1 -4.5807 1103.0972 157.2353 1150.1609 270.5484 1.7879 0.5487 0.6428 8.4940 1.4212 11.5785 -3.9592 0.0955
Pedestrian -1 -1 -8.1196 258.3668 161.8958 303.9562 254.8925 1.7352 0.5888 0.9227 -6.3435 1.3884 13.7357 -8.5416 0.0886
Cyclist -1 -1 -4.8574 668.2051 142.0906 680.8226 173.4659 1.7158 0.4689 1.6883 3.9028 -0.4054 39.9032 -4.7585 0.0883
Pedestrian -1 -1 -4.6230 679.5797 166.1916 711.5868 250.6489 1.6857 0.5927 0.7329 1.8228 1.4005 14.5333 -4.4992 0.0870
Pedestrian -1 -1 -6.0634 1022.9152 159.5958 1069.7909 271.1776 1.7778 0.5523 0.5542 7.2267 1.4451 11.6562 -5.5189 0.0856
Pedestrian -1 -1 -4.8919 1018.4379 206.8022 1100.9419 369.0000 1.2688 0.4046 0.5481 3.2839 1.4758 5.2263 -4.3558 0.0814
Pedestrian -1 -1 -6.4498 1115.3579 154.0935 1178.2026 268.2019 1.8011 0.5801 0.7233 8.8069 1.3847 11.5828 -5.8113 0.0795
Pedestrian -1 -1 -7.7568 1002.7942 161.2050 1044.3120 268.9013 1.7121 0.5436 0.5447 6.8310 1.4058 11.6200 -7.2356 0.0783
Cyclist -1 -1 -8.2527 841.6340 174.0852 922.4845 277.4532 1.5183 0.5631 1.6885 4.3069 1.4245 11.2403 -7.8945 0.0706
Pedestrian -1 -1 -6.3751 823.3723 183.5190 862.4881 256.7696 1.4089 0.4679 0.6860 4.6320 1.4700 13.9285 -6.0592 0.0690
Pedestrian -1 -1 -4.6904 860.5063 195.2252 888.2527 272.1570 1.1806 0.4046 0.4827 4.2421 1.4217 11.2631 -4.3377 0.0680
Pedestrian -1 -1 -5.5118 825.1573 158.6297 881.8163 262.1118 1.7763 0.6569 0.6886 4.3710 1.4013 12.5929 -5.1838 0.0674
Pedestrian -1 -1 -5.0642 776.1414 164.7493 825.5151 265.6359 1.6946 0.5913 0.7722 3.3421 1.4304 12.2878 -4.8034 0.0663
Cyclist -1 -1 -6.2936 657.3763 142.5596 687.8989 174.3345 1.7796 0.6417 1.7113 3.8227 -0.3534 40.1452 -6.1973 0.0647
Pedestrian -1 -1 -4.7799 866.4146 198.0927 895.3368 274.4564 1.1499 0.3868 0.4265 4.2464 1.4311 11.0261 -4.4201 0.0618
Pedestrian -1 -1 -3.8637 1001.2829 165.3681 1050.3180 266.4984 1.7000 0.4700 0.5523 7.1880 1.4460 12.1700 -3.3400 0.0608
Cyclist -1 -1 -8.0249 490.1449 163.2124 536.4795 264.2431 1.7207 0.5483 1.7604 -1.7539 1.4267 12.9642 -8.1543 0.0602
Cyclist -1 -1 -4.1601 946.9613 160.9714 1052.5272 274.6079 1.7482 0.5890 1.9646 6.4563 1.4482 11.6219 -3.6630 0.0602
Pedestrian -1 -1 -4.1083 1059.5895 150.7769 1121.7675 266.7076 1.8289 0.5475 0.6848 7.8684 1.3604 11.5353 -3.5208 0.0601
Pedestrian -1 -1 -4.7218 404.7579 163.2935 433.7108 247.0763 1.7394 0.5845 0.8770 -4.0342 1.3825 15.1781 -4.9746 0.0598
Pedestrian -1 -1 -8.0413 912.2081 159.9851 957.3297 265.5324 1.7250 0.5801 0.6037 5.4973 1.3901 11.9168 -7.6174 0.0592
Pedestrian -1 -1 -4.7191 885.0173 188.8839 919.1360 285.9329 1.3528 0.4438 0.4860 4.2338 1.4780 10.2166 -4.3355 0.0583
Pedestrian -1 -1 -7.6181 523.7962 162.5554 564.1030 259.2917 1.7083 0.5613 0.8075 -1.1540 1.3918 12.9275 -7.7031 0.0582
Pedestrian -1 -1 -6.7829 1041.4771 158.0494 1099.4067 270.0756 1.7932 0.5271 0.6134 7.5756 1.4342 11.6011 -6.2153 0.0579
Pedestrian -1 -1 -4.8083 458.7022 161.0704 491.4426 247.4066 1.7553 0.5971 0.8787 -2.7875 1.3606 14.8790 -4.9878 0.0579
Pedestrian -1 -1 -5.0710 697.8722 169.7083 739.3582 253.2860 1.6536 0.5833 0.8176 2.2657 1.4404 14.4484 -4.9171 0.0559
Pedestrian -1 -1 -4.2851 351.2956 162.7208 396.4142 245.1929 1.7220 0.6464 0.8002 -5.0021 1.3511 15.1984 -4.5950 0.0559
Pedestrian -1 -1 -3.0763 202.6377 163.1273 240.6594 252.1028 1.6929 0.5399 0.6158 -7.5323 1.3627 13.8248 -3.5637 0.0555
Pedestrian -1 -1 -3.1521 575.4200 167.7766 616.9670 249.8520 1.6549 0.5617 0.8383 -0.2304 1.3987 14.5469 -3.1658 0.0542
Pedestrian -1 -1 -5.5946 973.9451 200.2197 1048.7611 337.7331 1.3050 0.4481 0.4762 4.0190 1.5120 7.1021 -5.0968 0.0529
Cyclist -1 -1 -2.4489 220.3125 162.1149 319.4052 257.2477 1.7548 0.5828 1.7534 -6.4649 1.4161 13.5481 -2.8833 0.0526
Pedestrian -1 -1 -4.7109 844.1567 200.4024 869.5091 274.0223 1.1486 0.3802 0.5214 4.0443 1.4815 11.5060 -4.3798 0.0525
Pedestrian -1 -1 -4.6798 857.8700 189.3488 885.7095 269.1073 1.2620 0.4156 0.5551 4.3299 1.4118 11.5973 -4.3296 0.0522
Pedestrian -1 -1 -3.8888 1138.2622 147.9626 1199.0597 252.2280 1.8941 0.5285 0.7158 10.4168 1.3034 13.1390 -3.2286 0.0510
Car -1 -1 -6.2618 652.5919 143.8096 720.3464 171.7054 1.5192 1.6243 3.7542 4.6290 -0.5136 40.2379 -6.1460 0.1230
