Pedestrian -1 -1 -5.9466 8.7557 184.4370 34.5392 230.1198 1.8711 0.6328 0.6542 -24.3078 2.0375 29.4390 -6.6300 0.4145
Car -1 -1 -7.4982 256.0888 160.2084 292.7521 180.8172 1.9040 1.7721 4.3076 -31.4967 0.0292 67.5379 -7.9308 0.0855
Car -1 -1 -7.5447 319.3526 164.7751 351.6710 184.7551 1.8528 1.6875 4.1866 -25.7321 0.3945 67.7015 -7.9045 0.0685
Pedestrian -1 -1 -7.6061 276.5077 174.9607 287.7039 199.8723 1.9454 0.6422 0.7237 -25.3927 1.5128 55.6267 -8.0306 0.0627
Car -1 -1 -7.4730 277.3131 160.5772 315.5077 182.5063 2.0241 1.7980 4.4730 -29.3854 0.1851 67.5212 -7.8799 0.0547
Car -1 -1 -7.1115 117.1309 185.4418 180.6969 211.4041 1.9295 1.7093 4.3528 -35.8397 2.3349 55.7114 -7.6791 0.0500
Pedestrian -1 -1 -5.8354 0.0000 186.2488 19.0733 244.6754 1.8809 0.6066 0.5250 -19.7286 2.0726 23.1903 -6.5320 0.4328
Cyclist -1 -1 -4.4274 414.0804 174.6609 432.6304 205.0812 1.7825 0.5625 1.8986 -10.8873 1.4404 42.3890 -4.6754 0.3769
Pedestrian -1 -1 -8.2800 818.6614 146.9216 837.9926 187.5731 1.9349 0.6381 0.7393 10.7332 0.3368 34.0600 -7.9755 0.2166
Cyclist -1 -1 -3.1327 594.2628 164.5080 617.1221 187.2312 1.7762 0.5448 1.7873 0.0643 0.5261 55.5519 -3.1298 0.2074
Cyclist -1 -1 -3.9838 128.8142 185.1710 180.7928 241.5540 1.7222 0.5259 1.5008 -14.3430 1.8764 22.5106 -4.5432 0.1844
Cyclist -1 -1 -4.1774 120.4230 185.9639 168.0353 241.1726 1.6768 0.5230 1.5871 -14.6294 1.8567 22.4356 -4.7472 0.1778
Pedestrian -1 -1 -6.0871 472.3566 171.0987 481.5219 192.4426 1.6971 0.5755 0.6200 -10.2252 0.9496 56.5133 -6.2634 0.1719
Pedestrian -1 -1 -5.7509 166.7725 179.5029 187.4583 218.2545 1.8281 0.7246 0.5515 -20.4210 1.7812 33.7185 -6.2897 0.1686
Pedestrian -1 -1 -4.1085 870.9531 152.7254 939.3823 283.5647 1.7030 0.5874 0.6648 4.0333 1.3419 9.6308 -3.7217 0.1561
Pedestrian -1 -1 -4.5632 830.3480 163.7062 866.7905 257.2244 1.6059 0.5245 0.6658 4.2820 1.3179 12.5572 -4.2404 0.1480
Pedestrian -1 -1 -5.3312 99.8497 179.5736 121.8451 219.0556 1.9703 0.6899 0.6027 -24.9735 1.9242 35.7116 -5.9358 0.1446
Cyclist -1 -1 -5.8161 122.1991 186.1463 185.2710 240.9244 1.7077 0.6330 1.5788 -14.3860 1.8909 22.5118 -6.3768 0.1338
Pedestrian -1 -1 -2.7051 464.7420 169.6412 478.2672 192.8892 1.8066 0.4794 0.9234 -10.4312 0.9627 55.2919 -2.8888 0.1297
Pedestrian -1 -1 -3.7501 0.0000 207.8308 23.4925 269.1460 1.4556 0.5489 0.5759 -14.9005 2.1438 17.4468 -4.4466 0.1202
Pedestrian -1 -1 -3.6669 776.8640 153.9951 793.9941 185.8887 1.9082 0.6030 0.8086 10.8859 0.3225 42.7034 -3.4173 0.1198
Cyclist -1 -1 -8.2664 714.7884 159.4413 741.6426 203.6265 1.7467 0.4473 1.6571 4.9788 0.9144 28.8085 -8.0954 0.1196
Cyclist -1 -1 -4.3774 171.8017 181.8250 197.4187 218.6713 1.7379 0.4987 1.8013 -20.4249 1.8041 34.3470 -4.9083 0.1187
Pedestrian -1 -1 -3.5096 909.5769 133.7963 1022.3287 314.2789 1.8125 0.5936 0.8961 3.7127 1.3439 7.4322 -3.0612 0.1041
Pedestrian -1 -1 -5.1276 865.6183 145.5405 889.7047 192.8155 1.8910 0.6356 0.8143 11.0355 0.4929 28.7050 -4.7624 0.1001
Pedestrian -1 -1 -6.9340 869.1373 157.9316 922.6312 257.1818 1.6636 0.5964 0.6187 4.9713 1.2857 12.2213 -6.5549 0.0972
Cyclist -1 -1 -5.6786 106.3246 186.9436 171.8460 242.3756 1.7063 0.6648 1.6332 -14.6527 1.9122 22.2034 -6.2538 0.0941
Pedestrian -1 -1 -3.1082 93.2428 183.8844 108.1380 214.4344 1.9009 0.5537 0.7439 -31.7608 2.1162 44.5258 -3.7229 0.0912
Pedestrian -1 -1 -4.8898 1042.1639 170.6942 1140.8140 369.0000 1.5234 0.4696 0.6289 3.4684 1.4575 5.1638 -4.3243 0.0900
Pedestrian -1 -1 -3.4742 128.2742 191.5456 153.4978 241.0260 1.5144 0.5064 0.5269 -14.5850 1.8667 22.1661 -4.0481 0.0840
Pedestrian -1 -1 -3.3599 886.3552 154.8179 904.8650 201.0900 1.7463 0.5897 0.5369 11.0715 0.7773 27.0194 -2.9734 0.0787
Pedestrian -1 -1 -7.5066 784.0045 159.6297 796.6214 185.7736 1.7208 0.6558 0.5700 12.3047 0.3472 46.9604 -7.2502 0.0778
Pedestrian -1 -1 -3.3392 668.4896 161.6782 676.8474 184.2004 1.8098 0.7207 0.5422 5.4821 0.2973 57.2014 -3.2423 0.0771
Cyclist -1 -1 -1.8219 0.0000 195.8236 21.7373 267.5200 1.6841 0.4980 1.8412 -15.2312 2.0831 17.6590 -2.5233 0.0765
Pedestrian -1 -1 -3.7764 1072.3414 143.9249 1223.0000 369.0000 1.6862 0.5933 0.6046 3.6553 1.4508 4.8613 -3.1605 0.0739
Pedestrian -1 -1 -7.9444 861.5974 151.3448 876.5162 185.8847 1.7131 0.6481 0.5896 13.2122 0.2672 35.4380 -7.5886 0.0718
Cyclist -1 -1 -8.0650 803.4161 154.5546 818.6669 185.9632 1.6439 0.4369 1.6861 11.0090 0.2861 37.8632 -7.7825 0.0701
Cyclist -1 -1 -4.2823 107.9473 185.5706 155.9436 242.6397 1.7090 0.5725 1.7402 -14.8827 1.8752 22.2366 -4.8640 0.0692
Pedestrian -1 -1 -3.1501 716.8941 159.0474 739.2083 204.3408 1.8228 0.5888 0.8868 4.9836 0.9597 28.8174 -2.9789 0.0678
Pedestrian -1 -1 -3.4497 802.6492 153.9823 815.4478 188.4449 1.8176 0.5563 0.5077 10.8260 0.4192 37.5767 -3.1696 0.0674
Pedestrian -1 -1 -3.6782 925.1165 139.7065 1038.9502 324.5389 1.7736 0.5852 0.8238 3.7126 1.3826 7.1059 -3.2129 0.0660
Pedestrian -1 -1 -3.5402 1091.0469 135.4034 1223.0000 369.0000 1.7190 0.5844 0.7409 3.6210 1.4524 4.5583 -2.9002 0.0658
Pedestrian -1 -1 -5.5715 412.5508 171.9486 429.5970 204.1807 1.9024 0.6203 0.7651 -10.9806 1.3978 42.1784 -5.8227 0.0625
Cyclist -1 -1 -6.6520 841.3135 148.4321 880.7563 183.7500 1.7616 0.6755 1.7414 12.8729 0.1623 35.6244 -6.3062 0.0621
Pedestrian -1 -1 -6.1358 703.3016 163.6361 711.5519 181.8000 1.6979 0.5861 0.6888 9.6521 0.1214 66.4712 -5.9905 0.0618
Pedestrian -1 -1 -4.7787 843.9886 149.7546 858.0275 186.0045 1.7975 0.6216 0.6458 12.3129 0.2731 35.4532 -4.4453 0.0615
Pedestrian -1 -1 -7.0897 971.2607 120.2637 1096.8114 347.4536 1.8321 0.6217 0.6923 3.6262 1.3468 6.0987 -6.5738 0.0608
Pedestrian -1 -1 -6.6343 505.3421 169.2067 518.4414 200.6722 1.8595 0.6808 0.5772 -5.5711 1.1922 42.2189 -6.7628 0.0573
Pedestrian -1 -1 -5.9297 547.6798 170.0233 562.2283 194.0568 1.6433 0.6427 0.8296 -3.4514 0.9270 48.7696 -5.9981 0.0572
Cyclist -1 -1 -3.5735 863.4150 145.8977 904.4949 181.5846 1.7812 0.6454 1.8247 14.0451 0.0543 35.6657 -3.1995 0.0562
Cyclist -1 -1 -7.4972 179.1228 182.2261 206.2176 219.4543 1.7692 0.5727 1.7247 -20.1700 1.8560 34.5825 -8.0196 0.0558
Pedestrian -1 -1 -3.2725 895.1735 145.6210 995.7031 302.0288 1.7649 0.5112 1.0057 3.9484 1.3718 8.3701 -2.8443 0.0551
Pedestrian -1 -1 -4.2328 1007.9604 161.2515 1113.9280 369.0000 1.5821 0.4905 0.5577 3.4376 1.4445 5.4276 -3.6923 0.0551
Cyclist -1 -1 -8.4131 704.1896 160.4383 736.2532 204.1073 1.7292 0.4868 1.6505 4.6594 0.9350 28.8520 -8.2529 0.0528
Cyclist -1 -1 -4.3592 102.9767 184.3316 146.2650 241.5367 1.7334 0.5703 1.7127 -15.2572 1.8602 22.4445 -4.9481 0.0521
Car -1 -1 -7.7854 541.9741 169.6900 567.7283 191.6203 1.5056 1.5825 3.5690 -3.5365 0.7635 50.3281 -7.8534 0.7196
Car -1 -1 -3.4641 769.7855 159.3216 833.0907 182.1994 1.5184 1.6405 3.8015 13.2581 0.1128 47.8458 -3.1937 0.4050
Car -1 -1 -6.6635 829.3725 152.0591 912.4375 182.0444 1.5038 1.5922 3.6597 13.5889 0.0776 36.2976 -6.3063 0.3391
Car -1 -1 -8.0644 786.8184 155.4276 815.9608 178.2593 2.0891 1.8058 4.3284 18.6829 -0.2206 67.3452 -7.7932 0.2114
Car -1 -1 -4.0964 49.3287 196.1497 176.4061 248.1840 1.4000 1.5470 3.3270 -15.0004 1.9180 21.7114 -4.6926 0.1440
Car -1 -1 -6.3674 890.7150 146.4218 1030.0642 192.9769 1.6290 1.7056 4.4982 13.0572 0.4368 26.3543 -5.9104 0.1249
Car -1 -1 -8.1255 378.5256 174.5952 415.8087 196.9289 1.6045 1.6610 4.0462 -15.5948 1.1803 52.9526 -8.4086 0.1161
Car -1 -1 -7.7509 704.3610 162.7137 725.3247 179.5873 1.5611 1.6037 3.7371 10.5560 -0.0901 67.6459 -7.5950 0.1072
Car -1 -1 -5.5033 13.2232 194.9358 120.0979 226.2864 1.4298 1.5858 4.2527 -26.1037 2.1523 34.3073 -6.1478 0.1041
Car -1 -1 -7.8574 553.6149 166.3372 573.4064 185.8234 1.5865 1.6101 3.8636 -3.4854 0.4334 59.5420 -7.9138 0.0950
Car -1 -1 -7.8929 598.2957 166.5082 619.3486 185.0962 1.4591 1.5703 3.5291 0.2935 0.3608 57.2891 -7.8860 0.0881
Car -1 -1 -5.2167 118.6496 189.6815 187.7184 219.1610 1.5738 1.6776 3.8760 -25.8722 2.1209 40.4533 -5.7806 0.0867
Car -1 -1 -8.0456 657.6154 162.9108 685.5012 182.9407 1.6095 1.6072 3.8314 5.5108 0.1961 58.8002 -7.9508 0.0824
Car -1 -1 -7.5305 142.2359 187.2827 210.5741 220.4561 1.5181 1.6942 4.0982 -21.3906 1.8791 35.4310 -8.0682 0.0761
Car -1 -1 -4.6637 30.1577 194.3201 67.2283 222.9184 1.6796 1.6696 4.1518 -35.9895 2.6175 45.8075 -5.3249 0.0671
Car -1 -1 -4.3795 27.9937 191.7606 90.9644 220.8969 1.5674 1.6839 4.1378 -32.3049 2.2716 41.9858 -5.0302 0.0640
Car -1 -1 -8.1646 820.8090 151.7955 853.0772 175.6597 2.1877 1.6991 4.3180 22.2356 -0.4796 67.8615 -7.8476 0.0591
Car -1 -1 -8.2380 760.9164 156.3206 795.3863 178.2697 2.0020 1.7798 4.0619 16.4001 -0.2184 67.0644 -7.9975 0.0589
Car -1 -1 -4.7811 545.8712 169.9289 577.1516 196.0585 1.5696 1.6843 4.2594 -2.7999 0.9347 44.6935 -4.8415 0.0567
Car -1 -1 -8.2678 958.5914 182.5779 1223.0000 369.0000 1.5094 1.5234 3.5531 4.3578 1.5333 6.0912 -7.6694 0.0523
Car -1 -1 -4.5137 127.9525 185.4154 174.1088 213.3013 1.6883 1.6921 4.2883 -29.4152 2.0236 45.9229 -5.0787 0.0519
Car -1 -1 -4.3660 498.9297 172.0920 539.9008 194.2554 1.5320 1.6354 4.1003 -6.1261 0.9509 51.0569 -4.4830 0.0504
