Pedestrian -1 -1 -7.8577 0.0000 188.7714 12.2304 235.5485 1.7156 0.4910 0.3847 -22.4382 2.0276 26.3443 -8.5558 0.2336
Pedestrian -1 -1 -4.3975 39.5549 204.6736 61.9044 247.0718 1.1748 0.3773 0.4567 -15.8597 1.8749 20.1878 -5.0542 0.1623
Pedestrian -1 -1 -3.4850 725.1097 162.8790 737.1049 187.0544 1.8996 0.4814 0.8184 9.9699 0.5150 55.8627 -3.3077 0.1277
Pedestrian -1 -1 -5.9265 245.5271 172.0727 265.1527 209.0603 1.9442 0.6109 0.7675 -18.5592 1.5013 37.5058 -6.3810 0.1016
Pedestrian -1 -1 -4.5506 135.4030 197.7943 169.2334 284.2270 1.3140 0.3817 0.4221 -7.1663 1.5930 11.1246 -5.1082 0.0993
Car -1 -1 -5.1274 410.9208 176.3333 452.9717 199.8535 1.4974 1.4639 3.3949 -11.4872 1.2322 46.8076 -5.3648 0.0906
Cyclist -1 -1 -4.4900 356.5247 175.2987 366.2070 195.8985 1.6580 0.3859 1.6677 -19.8854 1.2393 57.7561 -4.8182 0.0860
Car -1 -1 -4.5353 154.6923 184.2297 224.0412 224.7393 1.5015 1.7082 4.1539 -16.8840 1.6658 28.8628 -5.0582 0.0759
Pedestrian -1 -1 -5.9260 509.2594 165.6320 521.2126 187.0525 1.8321 0.5008 0.9018 -7.7063 0.5604 60.8230 -6.0495 0.0730
Car -1 -1 -8.1968 498.1753 169.8638 533.1252 190.9995 1.6602 1.6148 3.8936 -7.3080 0.8247 57.6418 -8.3204 0.0717
Pedestrian -1 -1 -4.2307 0.0000 214.7217 17.5231 261.3387 1.1686 0.3994 0.4421 -15.6605 2.0702 18.3625 -4.9269 0.0635
Pedestrian -1 -1 -6.2364 1.0114 175.0591 18.4261 205.8625 1.7994 0.5409 0.7603 -35.1535 1.4817 41.7479 -6.9308 0.0631
Car -1 -1 -4.5775 102.5162 168.7521 134.5546 189.8066 1.6718 1.6413 3.9813 -40.0442 0.7389 58.2888 -5.1751 0.0607
Car -1 -1 -7.0381 1186.5613 147.5585 1223.0000 211.7767 1.4486 1.6077 4.0405 16.4512 0.7059 16.7788 -6.2703 0.0594
Car -1 -1 -7.4493 51.2047 173.4323 113.3102 204.7711 1.8733 1.6587 4.0595 -32.7597 1.4509 44.4290 -8.0796 0.0551
Pedestrian -1 -1 -5.0127 128.0082 176.4783 152.5816 220.9969 1.8892 0.6696 0.8475 -20.0928 1.7187 30.5328 -5.5884 0.0540
Cyclist -1 -1 -6.5591 825.4869 155.3231 952.7437 267.2869 1.7593 0.5981 1.8234 4.5336 1.3641 11.4917 -6.1909 0.9553
Pedestrian -1 -1 -6.1064 602.8324 151.9978 682.2714 305.1460 1.8059 0.5230 0.8995 0.4169 1.4702 8.6927 -6.0584 0.7587
Pedestrian -1 -1 -6.0571 611.5991 141.6842 730.1263 322.6761 1.9117 0.6532 1.2171 0.6980 1.5021 7.9656 -5.9713 0.7096
Pedestrian -1 -1 -5.4623 162.0655 179.5633 234.2803 283.8879 1.6698 0.7321 0.7455 -6.8149 1.6552 11.7789 -5.9736 0.6747
Pedestrian -1 -1 -6.4164 1000.5324 135.6486 1110.9938 296.3847 1.8809 0.6779 1.0659 5.5148 1.3565 8.7980 -5.8708 0.5568
Pedestrian -1 -1 -7.8644 280.6494 179.9167 313.1519 258.0426 1.5474 0.5955 0.7153 -6.3419 1.5362 14.4510 -8.2681 0.4603
Cyclist -1 -1 -8.3520 975.6676 155.6033 1028.5806 222.3344 1.6750 0.4539 1.6778 10.3677 1.0504 18.5872 -7.8487 0.3680
Pedestrian -1 -1 -3.3333 788.5979 162.7036 806.3167 195.5113 1.7347 0.5788 0.8152 10.2433 0.7939 37.7041 -3.0685 0.2934
Pedestrian -1 -1 -3.3332 772.1751 158.9631 791.3504 191.2492 1.8390 0.5338 0.9827 10.1252 0.6124 40.5646 -3.0887 0.2123
Pedestrian -1 -1 -3.1322 875.6372 157.5411 891.5797 197.0414 1.8299 0.5673 0.6896 13.0402 0.7665 33.1472 -2.7589 0.1547
Cyclist -1 -1 -5.1400 852.4341 160.0269 876.1600 193.1945 1.6612 0.5366 1.5640 13.2501 0.6360 36.2130 -4.7903 0.1428
Pedestrian -1 -1 -3.3033 1162.0144 167.5997 1195.5472 241.8419 1.4508 0.4368 0.4507 11.4027 1.1991 14.1171 -2.6332 0.1283
Pedestrian -1 -1 -6.3681 973.6901 154.2956 1014.3747 221.8071 1.7618 0.5828 0.9018 10.3452 1.0783 18.8983 -5.8726 0.1109
Cyclist -1 -1 -5.0077 771.1214 159.2731 791.2457 191.7927 1.8244 0.6453 1.7156 10.0780 0.6337 40.5408 -4.7641 0.1038
Pedestrian -1 -1 -5.7752 1101.4630 159.7978 1136.2863 223.0011 1.5374 0.5433 0.4994 12.7036 1.0341 17.5405 -5.1553 0.0987
Pedestrian -1 -1 -8.5611 773.0399 166.8512 788.2620 195.5941 1.5905 0.5487 0.6285 9.8051 0.8354 39.5290 -8.3181 0.0985
Pedestrian -1 -1 -6.5230 988.8892 134.5656 1077.4073 280.3168 1.9304 0.4484 0.9569 5.8088 1.3225 9.7150 -5.9966 0.0937
Cyclist -1 -1 -8.0462 804.2986 164.4876 819.9145 196.7688 1.6303 0.4672 1.6325 10.6774 0.8218 36.5421 -7.7626 0.0860
Pedestrian -1 -1 -5.3408 616.7796 162.1143 686.4222 306.9512 1.6320 0.4696 0.7549 0.4912 1.4252 8.4112 -5.2827 0.0821
Pedestrian -1 -1 -6.1438 1150.4478 162.6701 1188.0024 243.7890 1.5739 0.4934 0.5258 11.1883 1.2283 14.0791 -5.4817 0.0776
Cyclist -1 -1 -8.7722 1012.2423 157.3089 1088.9729 225.5629 1.6244 0.5646 1.6031 11.0636 1.0728 17.6767 -8.2194 0.0766
Pedestrian -1 -1 -6.2277 562.8140 168.8192 573.4340 196.1028 1.7404 0.6535 0.6458 -2.3727 0.9954 45.4309 -6.2778 0.0762
Pedestrian -1 -1 -8.3018 541.0009 166.4401 553.6464 197.7368 1.8665 0.5703 0.5653 -3.4816 1.0281 42.5543 -8.3811 0.0755
Pedestrian -1 -1 -7.9696 782.1531 160.7516 795.7743 191.9118 1.7651 0.6531 0.9149 10.5334 0.6465 40.5490 -7.7156 0.0743
Pedestrian -1 -1 -5.4949 516.0461 171.7020 531.4748 203.3470 1.7278 0.6323 0.5642 -4.4976 1.2476 39.0283 -5.6070 0.0683
Cyclist -1 -1 -8.4063 992.0848 154.3781 1054.1198 223.3189 1.6885 0.5054 1.7761 10.6898 1.0491 18.2121 -7.8814 0.0673
Cyclist -1 -1 -8.0382 590.9091 168.9655 598.7014 185.6546 1.5867 0.4737 1.5572 -0.9612 0.4899 68.0336 -8.0505 0.0637
Cyclist -1 -1 -8.6292 1088.6406 163.0488 1170.0520 237.0723 1.5356 0.3905 1.6329 11.4080 1.1739 15.5035 -8.0030 0.0637
Pedestrian -1 -1 -5.9932 1092.8140 163.3531 1126.3950 232.5166 1.5069 0.5365 0.4795 11.2026 1.1337 15.7598 -5.3831 0.0622
Pedestrian -1 -1 -5.4597 1104.6134 161.4187 1149.0145 233.8756 1.5617 0.5787 0.5299 11.4151 1.1508 15.5373 -4.8342 0.0582
Cyclist -1 -1 -3.3609 1108.1124 157.1195 1219.3434 246.2673 1.7077 0.6071 1.6521 11.1007 1.2602 14.1683 -2.7055 0.0569
Cyclist -1 -1 -8.2216 767.2684 161.5849 787.2821 193.1249 1.7543 0.5223 1.7125 9.7731 0.7023 40.2092 -7.9833 0.0559
Pedestrian -1 -1 -4.8167 1176.5507 164.4840 1201.3809 219.2386 1.3249 0.4254 0.4239 14.3257 0.9377 17.4024 -4.1353 0.0553
Cyclist -1 -1 -5.0396 586.5180 167.8585 597.1232 185.4842 1.6688 0.5377 1.5818 -1.2449 0.4718 67.7767 -5.0561 0.0543
Pedestrian -1 -1 -8.3785 593.0064 169.2979 603.0724 192.4417 1.7491 0.5827 0.5227 -0.5251 0.9025 53.8093 -8.3865 0.0538
Cyclist -1 -1 -8.5691 759.8966 163.9050 787.3149 195.3039 1.7299 0.5612 1.6408 9.4689 0.8157 39.8110 -8.3357 0.0533
Cyclist -1 -1 -3.6002 1058.0126 162.2685 1155.7316 235.4503 1.5851 0.6443 1.6632 11.1085 1.1905 15.7552 -2.9939 0.0515
Pedestrian -1 -1 -6.5593 583.5287 168.1039 594.1897 193.4825 1.7678 0.5699 0.6161 -1.1342 0.9043 49.6123 -6.5803 0.0503
Car -1 -1 -3.6471 969.4274 159.5880 1101.3431 200.0222 1.5833 1.6695 4.2868 17.2941 0.7647 28.5959 -3.1064 0.7860
Car -1 -1 -7.1842 0.0000 200.7754 287.4369 369.0000 1.4767 1.5379 3.6975 -3.1375 1.6281 3.3956 -7.8833 0.7510
Car -1 -1 -4.4029 443.8057 172.5291 489.9691 199.6877 1.6041 1.6916 3.8950 -8.5033 1.1334 43.7973 -4.5915 0.6285
Car -1 -1 -6.2402 50.7391 179.9385 117.8718 206.9532 1.7278 1.6906 3.5104 -34.4605 1.6920 46.8966 -6.8690 0.2851
Car -1 -1 -8.0498 478.9889 172.2937 520.5811 201.0552 1.5476 1.6294 3.7832 -6.0241 1.1061 40.0993 -8.1960 0.1845
Car -1 -1 -7.8996 624.7363 167.0367 681.0532 220.8982 1.5570 1.5837 3.8811 1.4035 1.1681 22.3939 -7.8360 0.1303
Car -1 -1 -4.8622 584.6399 170.2221 605.9009 185.1307 1.4103 1.5353 3.7072 -0.9482 0.4379 68.8391 -4.8742 0.1240
Car -1 -1 -7.9483 557.9496 170.4583 586.5132 194.3712 1.5319 1.5655 3.6874 -2.2269 0.8887 47.2301 -7.9934 0.1184
Car -1 -1 -4.5610 315.3848 177.4173 357.0125 205.8163 1.6041 1.6855 4.2428 -15.9821 1.4301 42.1869 -4.9189 0.0928
Car -1 -1 -7.9204 280.1069 185.2283 364.8838 256.0963 1.4017 1.5706 3.8215 -6.6482 1.5249 16.3219 -8.2987 0.0754
Car -1 -1 -5.1452 979.2705 166.5372 1112.9003 228.8519 1.4005 1.4870 3.4447 10.8211 1.0871 17.6845 -4.6024 0.0752
Car -1 -1 -6.3637 1154.2340 161.6376 1223.0000 195.6068 1.4686 1.5644 3.7542 27.4810 0.6533 32.2963 -5.6619 0.0718
Car -1 -1 -4.4337 289.9778 177.2338 337.9150 203.9925 1.5756 1.6746 4.0666 -17.9428 1.3834 43.7426 -4.8187 0.0709
Car -1 -1 -4.1402 69.9066 191.5499 157.9959 225.6912 1.4385 1.6102 3.6846 -22.7267 1.9813 32.8590 -4.7393 0.0698
Car -1 -1 -4.8840 829.0877 160.0704 881.8664 196.0177 1.6250 1.7083 4.0879 11.9857 0.7017 34.1181 -4.5473 0.0669
Car -1 -1 -4.5789 348.9899 177.8040 386.7913 204.2467 1.5307 1.6427 4.0755 -14.3995 1.3748 43.0844 -4.8976 0.0662
Car -1 -1 -4.7370 291.6890 179.4494 327.0408 210.4271 1.5670 1.6617 4.2001 -15.9535 1.5141 38.0235 -5.1296 0.0644
Car -1 -1 -7.2178 1196.8099 132.3865 1223.0000 369.0000 1.5981 1.6112 4.0955 6.9682 1.3053 5.1753 -6.3134 0.0578
Car -1 -1 -6.7856 800.3536 165.8326 891.0204 194.7627 1.4858 1.6725 4.2767 12.7244 0.7327 37.5109 -6.4594 0.0558
Car -1 -1 -8.0235 564.8615 166.8945 588.9467 184.0717 1.6343 1.6566 4.3725 -2.7727 0.3397 69.5797 -8.0614 0.0526
