Cyclist -1 -1 -8.0195 716.1759 169.2365 737.5264 218.0642 1.7629 0.5021 1.7150 4.2998 1.6320 26.9109 -7.8634 0.4558
Car -1 -1 -4.3599 328.4662 189.9400 383.4483 221.3481 1.5152 1.6188 3.6260 -13.5682 2.4727 38.6219 -4.6960 0.2260
Car -1 -1 -8.2942 1064.2616 182.4608 1241.0000 359.3451 1.4465 1.7693 4.5512 7.1918 1.5927 8.5839 -7.6143 0.0882
Pedestrian -1 -1 -4.8609 1207.4684 167.5361 1233.3945 218.2121 2.2218 0.7644 0.8267 27.1782 1.9884 32.1870 -4.1647 0.0771
Car -1 -1 -4.1011 63.7140 196.6398 170.9612 239.3773 1.4798 1.5963 3.9406 -19.8208 2.5067 29.1768 -4.6938 0.0721
Car -1 -1 -7.6290 159.2851 186.5080 215.7595 220.0329 1.5624 1.6586 4.0912 -21.9796 2.3156 37.6184 -8.1549 0.0646
Car -1 -1 -4.6288 648.8597 179.9580 681.8364 209.9996 1.7152 1.6835 4.2582 3.4227 2.1749 44.4888 -4.5531 0.0603
Car -1 -1 -4.6960 668.5371 179.8794 710.5876 220.5215 1.5719 1.6673 4.2893 3.3913 1.8943 30.9092 -4.5884 0.0512
Cyclist -1 -1 -4.3298 178.7888 189.5421 205.1926 226.5113 1.7512 0.5187 1.7486 -20.8188 2.6020 35.8950 -4.8524 0.3583
Pedestrian -1 -1 -4.6713 1228.4268 178.2423 1241.0000 220.7963 1.8515 0.5784 0.6287 27.7218 2.0928 31.9292 -3.9614 0.1461
Car -1 -1 -4.3766 330.2987 191.6672 384.7848 222.4163 1.4738 1.5586 3.9472 -13.6005 2.5412 38.9739 -4.7107 0.8468
Car -1 -1 -4.7155 650.0133 183.8251 680.3287 214.2360 1.4414 1.4900 3.5531 2.8034 2.0366 37.3401 -4.6418 0.1944
Car -1 -1 -8.0879 1177.5997 178.5714 1241.0000 218.0668 1.6850 1.7200 3.7526 27.8384 1.9661 33.4440 -7.3985 0.1627
Car -1 -1 -4.4497 511.5056 184.3210 547.7895 208.0793 1.5585 1.5826 4.0259 -5.7163 2.4098 51.4767 -4.5602 0.1260
Car -1 -1 -7.6494 156.5363 188.4937 209.6917 221.6118 1.5247 1.6091 3.8154 -21.9916 2.3762 37.2329 -8.1801 0.1258
