Car -1 -1 -4.4664 361.8549 185.3097 487.0519 267.4061 1.4285 1.6100 3.8545 -3.7619 1.7217 15.0717 -4.7076 0.9490
Car -1 -1 -4.2343 492.7265 179.2082 529.7794 199.5792 1.7281 1.6948 3.8789 -8.8292 2.3156 64.6376 -4.3699 0.1900
Pedestrian -1 -1 -5.5696 265.5151 169.3390 290.9305 221.4001 1.8907 0.6039 0.6023 -12.2636 1.7627 26.5784 -5.9984 0.1116
Pedestrian -1 -1 -4.3307 850.8054 175.2067 883.2914 242.2163 1.5459 0.5196 0.6623 6.0403 1.6027 17.0953 -3.9972 0.0969
Pedestrian -1 -1 -5.6325 474.4907 176.0016 486.9249 200.7957 1.8634 0.4840 0.7983 -9.8348 2.1036 54.7261 -5.8099 0.0964
Pedestrian -1 -1 -4.8381 830.8734 162.8774 859.3032 231.5729 1.7887 0.6062 0.9108 6.2249 1.5287 19.2906 -4.5310 0.0900
Pedestrian -1 -1 -3.5769 247.4499 172.8070 273.7346 225.1686 1.8184 0.5685 0.6581 -12.3900 1.8165 25.4924 -4.0255 0.0815
Pedestrian -1 -1 -6.4770 1051.4707 176.8833 1128.0431 298.0166 1.5153 0.4280 0.7553 6.1660 1.5693 9.3852 -5.9108 0.0792
Pedestrian -1 -1 -5.3292 225.1389 172.8133 252.9401 226.9674 1.8552 0.6085 0.6317 -12.9666 1.8535 25.1342 -5.8015 0.0778
Car -1 -1 -8.2033 678.9062 173.9485 709.2809 190.6953 1.5742 1.6681 3.9801 8.1296 1.6837 70.2331 -8.0889 0.0770
Pedestrian -1 -1 -1.9973 83.8130 171.8886 130.0777 261.6859 1.7627 0.5685 0.6054 -10.2041 1.7435 14.5635 -2.6001 0.0719
Pedestrian -1 -1 -8.2333 761.2671 162.9836 783.6525 209.5692 1.8606 0.6224 0.8241 6.5417 1.4661 29.2749 -8.0161 0.0682
Pedestrian -1 -1 -2.7812 271.5037 175.0271 288.5514 222.2590 1.8277 0.6685 0.3972 -12.9824 1.9136 28.2990 -3.2081 0.0595
Pedestrian -1 -1 -7.7057 884.7371 158.6465 915.3569 237.9938 1.7732 0.5688 0.6363 6.6004 1.4554 16.5419 -7.3328 0.0535
Car -1 -1 -8.1532 1209.7634 171.7113 1241.0000 374.0000 1.5185 1.6015 3.9018 6.3293 1.5122 5.8644 -7.3550 0.0535
Pedestrian -1 -1 -3.4291 978.3715 167.6451 1055.9231 289.8290 1.5997 0.3893 0.8311 5.4153 1.5312 9.7227 -2.9345 0.0535
Car -1 -1 -7.7862 714.2137 171.1796 742.2803 195.8545 1.6324 1.6489 4.1066 8.1845 1.5213 49.9199 -7.6250 0.0514
Car -1 -1 -5.0248 681.4446 173.2693 714.9144 194.2362 1.5993 1.5451 3.7422 6.9118 1.6330 57.1003 -4.9053 0.0501
Cyclist -1 -1 -4.5679 481.9282 175.0060 496.6203 204.0696 1.7801 0.6639 1.7494 -7.5892 1.9172 45.2050 -4.7337 0.4215
Pedestrian -1 -1 -6.1359 463.7685 176.6485 478.0809 204.7093 1.7723 0.5170 0.8279 -8.8828 2.0149 45.9220 -6.3263 0.3252
Cyclist -1 -1 -4.5281 463.9157 178.0969 478.1926 205.2480 1.6799 0.5918 1.6878 -8.8484 2.0186 45.8152 -4.7183 0.1233
Cyclist -1 -1 -4.6163 683.8938 175.5999 691.5366 198.8802 1.5916 0.3969 1.4290 5.3838 1.7854 50.2449 -4.5106 0.1120
Pedestrian -1 -1 -6.2406 482.1680 172.5124 496.5616 203.0885 1.9044 0.5624 0.8681 -7.6003 1.8828 45.2722 -6.4064 0.1108
Cyclist -1 -1 -7.5648 50.7754 189.6265 70.1132 220.3808 1.7594 0.4306 1.7700 -32.9035 2.7837 43.1695 -8.2133 0.0704
Cyclist -1 -1 -4.5325 59.0153 189.6755 79.9113 221.5804 1.6316 0.6072 1.6562 -29.0174 2.5539 38.6996 -5.1728 0.0592
Cyclist -1 -1 -7.4208 50.7170 190.5313 73.5203 221.2685 1.7427 0.3764 1.7479 -32.5441 2.8136 42.8304 -8.0678 0.0586
Cyclist -1 -1 -7.2746 50.7913 190.8007 77.6976 221.4510 1.7352 0.4182 1.6761 -32.3130 2.8180 42.6940 -7.9197 0.0582
Pedestrian -1 -1 -6.9525 717.0186 172.5249 731.0479 198.2249 1.7007 0.5941 0.7097 7.5812 1.6786 48.1816 -6.7978 0.0576
Cyclist -1 -1 -7.5763 29.8382 193.5172 47.7444 224.2226 1.6990 0.3708 1.6615 -33.1908 2.9225 41.8928 -8.2434 0.0514
Cyclist -1 -1 -7.4563 37.9810 192.2616 62.1314 223.6878 1.7555 0.4829 1.7325 -32.8603 2.9176 42.3160 -8.1137 0.0508
Pedestrian -1 -1 -3.8221 696.9775 172.8270 711.5718 198.7336 1.7152 0.5961 0.7618 6.2678 1.7131 48.2252 -3.6941 0.0503
Car -1 -1 -4.3403 23.2828 191.3307 84.6518 222.6634 1.6662 1.6250 3.7399 -32.9148 2.8131 42.7769 -4.9933 0.3496
Car -1 -1 -4.2928 67.7533 193.6865 138.8709 225.4796 1.4895 1.6268 3.9862 -27.0966 2.6669 38.6795 -4.9008 0.2475
Car -1 -1 -4.5436 668.5781 173.8334 699.1096 197.9229 1.6443 1.5349 3.9354 5.2781 1.7168 51.5229 -4.4425 0.1405
Car -1 -1 -7.2939 0.0000 186.3924 100.8157 254.9495 1.4662 1.6578 3.7130 -14.8249 1.8427 18.1391 -7.9721 0.1389
Car -1 -1 -4.1459 391.9843 180.5186 467.0082 212.7975 1.4837 1.6540 4.2557 -9.0867 1.8956 36.5281 -4.3884 0.0843
Car -1 -1 -4.1102 374.2005 175.5447 439.3600 205.7414 1.6859 1.6781 4.1379 -12.0458 1.8540 42.9115 -4.3826 0.0673
Car -1 -1 -4.5389 686.5968 174.6852 720.7759 197.8477 1.5296 1.6695 4.1801 6.5340 1.6625 50.2462 -4.4107 0.0630
Car -1 -1 -4.3326 396.0166 182.4356 453.3972 211.6039 1.4537 1.6485 4.0600 -10.0994 2.0058 39.4743 -4.5819 0.0565
Car -1 -1 -4.4771 0.0000 192.4753 42.9771 224.6038 1.6676 1.7312 4.2040 -35.0701 2.8844 42.4903 -5.1642 0.0535
