Car -1 -1 -4.7843 588.4257 176.0029 620.9984 203.1802 1.5577 1.6845 4.0641 -0.4015 1.7583 43.9357 -4.7939 0.0669
Pedestrian -1 -1 -3.3196 378.7938 174.6710 387.1249 196.5471 1.7638 0.5756 0.5526 -18.4729 1.9121 58.6210 -3.6239 0.0632
Pedestrian -1 -1 -3.0826 50.4943 166.9831 69.7442 228.0660 1.9326 0.5784 0.4569 -17.7205 1.7465 23.1958 -3.7296 0.0615
Car -1 -1 -5.7193 236.9047 172.4992 289.8460 191.2260 1.7083 1.6222 4.2091 -32.1258 1.6756 66.8717 -6.1658 0.0589
Car -1 -1 -7.2493 16.4668 170.4600 91.4912 202.2338 2.0904 1.8693 4.4915 -38.2577 1.9326 49.7594 -7.9024 0.0526
Car -1 -1 -4.9486 876.9673 177.4005 939.6976 211.9093 1.4305 1.6495 4.2546 13.3910 1.6504 32.7231 -4.5638 0.0523
Car -1 -1 -7.8355 346.4344 164.0906 367.1094 189.5171 2.3555 1.7870 4.5650 -24.3028 1.5434 69.2908 -8.1719 0.0502
Pedestrian -1 -1 -7.7419 954.5132 166.0801 969.5755 200.6303 1.9479 0.6955 0.7538 20.0581 1.5657 41.1834 -7.2918 0.2567
Pedestrian -1 -1 -2.8613 848.9497 161.3435 869.1131 209.0670 1.9954 0.6653 0.6528 10.5288 1.5138 30.6284 -2.5336 0.2430
Pedestrian -1 -1 -4.5071 355.0781 151.8416 425.1949 315.3247 1.9103 0.6350 1.0262 -2.7637 1.6645 8.9697 -4.7988 0.2274
Pedestrian -1 -1 -4.9940 139.6063 173.1934 171.7698 231.7047 1.7890 0.6889 0.6858 -14.2475 1.7995 22.5519 -5.5524 0.1896
Pedestrian -1 -1 -3.9074 80.5462 171.8306 99.4665 202.9873 1.8721 0.5039 0.8079 -31.5943 1.8103 43.7972 -4.5296 0.1647
Cyclist -1 -1 -6.2441 590.8187 167.8952 634.4009 213.7458 1.8819 0.6479 1.7880 0.0732 1.6781 29.9748 -6.2423 0.1219
Pedestrian -1 -1 -4.6620 971.2324 165.4931 993.1553 220.7986 1.8473 0.6268 0.9113 12.6729 1.6011 24.6520 -4.1926 0.1070
Pedestrian -1 -1 -6.5236 963.5180 166.5301 983.3497 203.3866 1.8818 0.5974 0.7920 18.7020 1.5586 37.2183 -6.0616 0.1066
Pedestrian -1 -1 -2.9125 297.2370 153.1227 401.5211 346.2336 1.7633 0.4087 0.8584 -2.5101 1.5828 6.8391 -3.2531 0.1035
Pedestrian -1 -1 -6.4179 617.2449 173.3087 626.0840 192.2327 1.6891 0.5539 0.7245 1.0225 1.7298 64.7376 -6.4026 0.0781
Pedestrian -1 -1 -4.7082 272.2706 177.5091 289.3345 218.3523 1.6862 0.6460 0.6333 -13.8672 1.8842 30.3062 -5.1343 0.0768
Cyclist -1 -1 -5.5978 894.8210 172.6140 922.5723 200.5360 1.6168 0.5122 1.5319 17.5784 1.6026 42.5757 -5.2091 0.0583
Cyclist -1 -1 -7.0593 127.9848 175.9688 189.2754 234.1080 1.7194 0.4866 1.7737 -13.9998 1.8196 22.3564 -7.6136 0.0581
Cyclist -1 -1 -8.2032 1113.7279 174.1962 1162.2527 247.8711 1.5535 0.3458 1.5432 11.6533 1.5845 16.0330 -7.5839 0.0521
Pedestrian -1 -1 -5.2021 282.7892 180.0162 302.6557 217.1538 1.5412 0.6165 0.4775 -13.4471 1.8474 30.4847 -5.6146 0.0509
Car -1 -1 -8.0337 705.0731 178.7905 789.4755 242.3224 1.4705 1.5507 3.2499 3.3990 1.6369 18.6316 -7.8568 0.9702
Car -1 -1 -8.2793 840.6071 180.1728 980.3446 243.9287 1.3878 1.6073 4.2679 7.3985 1.5959 18.3751 -7.9028 0.9597
Car -1 -1 -8.7516 805.6436 175.0333 872.4930 203.8788 1.5418 1.3742 3.4903 12.8267 1.6699 40.6748 -8.4487 0.8940
Car -1 -1 -7.9697 664.8644 171.2472 718.9269 216.9041 1.6649 1.6308 4.0196 3.0954 1.6060 28.3285 -7.8626 0.8383
Car -1 -1 -8.0211 622.7462 175.3407 651.1209 195.9457 1.4885 1.5524 3.6209 1.9713 1.6825 54.4774 -7.9855 0.5693
Car -1 -1 -7.9635 609.1976 173.9250 630.2313 190.9896 1.5219 1.5031 4.0556 0.8483 1.6237 66.7029 -7.9512 0.1723
Car -1 -1 -4.5964 143.6767 174.2135 170.9082 191.8883 1.4773 1.5562 3.9314 -39.3506 1.5992 62.7435 -5.1548 0.1359
Car -1 -1 -3.2707 1123.7629 185.1436 1241.0000 218.8537 1.4397 1.5944 4.2183 26.7306 2.0460 33.8586 -2.6072 0.0852
Car -1 -1 -6.1901 92.8298 171.2022 182.7500 201.7787 1.7007 1.7131 4.2218 -27.3309 1.6085 41.8713 -6.7656 0.0837
Car -1 -1 -5.0240 685.9383 176.3137 733.5199 203.4142 1.4505 1.5769 3.8297 5.5946 1.6573 41.1609 -4.8903 0.0624
Car -1 -1 -4.7237 664.0918 173.1202 684.5814 193.4727 1.5590 1.5665 4.0029 5.0607 1.5806 57.3774 -4.6365 0.0604
Car -1 -1 -5.0068 912.8832 175.3430 965.8347 203.8933 1.5141 1.6009 4.0184 18.4759 1.6615 40.7259 -4.5841 0.0545
