Cyclist -1 -1 -5.2431 1044.7001 90.0205 1241.0000 374.0000 1.9353 0.4733 1.7206 3.1223 1.5616 4.1294 -4.6303 0.1952
Pedestrian -1 -1 -5.9132 640.3975 176.8135 657.2455 204.8987 1.8048 0.5401 0.9647 2.4924 2.0645 46.9363 -5.8611 0.1491
Cyclist -1 -1 -7.7209 682.5134 178.8813 696.4713 215.4933 1.6506 0.4311 1.7024 3.6783 1.9391 33.6963 -7.6138 0.1345
Pedestrian -1 -1 -5.1777 709.2180 189.0006 727.8651 226.9618 1.2580 0.4272 0.5417 3.6375 1.8134 24.5106 -5.0329 0.1310
Pedestrian -1 -1 -4.4131 259.4604 156.8050 340.3574 319.3150 1.8032 0.6434 0.8580 -3.6691 1.6248 8.4648 -4.8115 0.1230
Cyclist -1 -1 -7.0152 440.9440 181.0693 474.9731 216.8445 1.6281 0.5204 1.6441 -7.1999 2.0245 34.0288 -7.2226 0.1168
Pedestrian -1 -1 -6.8627 512.4275 170.1553 542.2976 227.3448 1.8283 0.5912 0.7701 -2.7435 1.7418 23.5409 -6.9781 0.0879
Cyclist -1 -1 -8.0189 745.7684 177.0707 756.3356 206.1091 1.5996 0.3230 1.5967 7.9290 1.8423 40.7808 -7.8288 0.0789
Car -1 -1 -7.2054 847.9062 180.3304 1225.4042 357.3874 1.5580 1.5804 3.9463 4.6809 1.6561 7.9864 -6.6923 0.0783
Car -1 -1 -6.5485 780.0986 179.5115 883.9614 216.8770 1.5073 1.6489 3.8662 9.2156 1.7946 30.2950 -6.2565 0.0754
Pedestrian -1 -1 -4.8696 786.7775 208.5344 810.7611 275.4170 1.0964 0.3285 0.4244 3.1580 1.7152 12.2942 -4.6250 0.0750
Cyclist -1 -1 -8.3565 1161.1077 180.4955 1241.0000 301.0854 1.5616 0.4240 1.7306 8.5832 1.6803 10.3453 -7.6786 0.0716
Car -1 -1 -8.1642 696.3841 179.0683 736.9462 203.1067 1.6193 1.7043 4.0967 7.5868 2.0845 51.8845 -8.0203 0.0706
Pedestrian -1 -1 -7.4960 545.8806 168.5176 566.4681 214.5680 1.9479 0.6920 0.6647 -2.3478 1.7641 30.9355 -7.5717 0.0687
Pedestrian -1 -1 -4.9220 1179.7118 145.6019 1241.0000 268.9316 1.9536 0.6109 0.8710 9.8774 1.5216 11.9561 -4.2441 0.0662
Car -1 -1 -8.0356 734.7667 178.2625 778.8541 209.7340 1.5456 1.5979 3.7989 7.6353 1.8445 38.0039 -7.8393 0.0659
Cyclist -1 -1 -8.4091 640.1198 177.1541 663.6072 207.3055 1.7574 0.6077 1.6776 2.4604 2.0197 43.1886 -8.3531 0.0652
Pedestrian -1 -1 -5.2634 771.3132 165.5137 793.8373 208.5291 2.0018 0.6324 0.9456 8.1154 1.6599 34.1262 -5.0324 0.0640
Pedestrian -1 -1 -4.6312 802.8163 167.1176 820.7844 216.5779 1.9315 0.6245 0.8582 7.9821 1.7071 28.6866 -4.3631 0.0617
Cyclist -1 -1 -7.0445 896.4017 162.7832 944.7323 211.2059 1.8393 0.6043 1.8109 12.0117 1.4564 28.0084 -6.6436 0.0588
Pedestrian -1 -1 -4.9138 941.7697 196.2867 1067.7318 374.0000 1.3951 0.5409 0.6198 2.3227 1.5501 4.4130 -4.4575 0.0582
Cyclist -1 -1 -7.3181 694.5820 178.4180 725.7941 221.2996 1.6733 0.4997 1.6127 4.0130 1.9038 29.1466 -7.1834 0.0542
Cyclist -1 -1 -5.6412 544.5521 172.0313 574.9362 204.9316 1.9034 0.6961 1.7079 -2.9999 1.8555 42.4990 -5.7117 0.0523
Pedestrian -1 -1 -3.1191 546.6269 168.9871 557.3850 211.9335 1.9383 0.5487 0.4770 -2.6805 1.7635 32.8528 -3.2005 0.0522
Pedestrian -1 -1 -7.3129 1014.4556 167.0685 1052.9487 245.4283 1.7785 0.5977 0.5047 9.7866 1.6469 16.7607 -6.7926 0.0520
Cyclist -1 -1 -4.9118 758.3461 171.8354 780.3816 216.8065 1.8271 0.5438 1.8158 6.6182 1.7854 30.2256 -4.6989 0.0510
Pedestrian -1 -1 -4.4482 433.0620 161.7812 467.9219 240.0594 1.8818 0.6397 0.8495 -3.9732 1.6154 17.7854 -4.6655 0.0507
Cyclist -1 -1 -2.8963 526.5581 173.4811 562.5716 209.5507 1.8546 0.7253 1.7461 -3.4442 1.8874 37.6082 -2.9875 0.0501
Pedestrian -1 -1 -4.6747 562.4633 172.1198 584.4884 230.6627 1.8131 0.6633 0.9354 -1.1961 1.7901 22.8189 -4.7273 0.5885
Cyclist -1 -1 -8.4540 1013.5066 168.9039 1102.2728 264.5614 1.6613 0.4967 1.7216 8.2153 1.5924 13.4053 -7.9146 0.5744
Pedestrian -1 -1 -8.1120 908.6882 169.7661 952.3855 250.0497 1.6892 0.6752 0.8030 6.8767 1.6239 15.6285 -7.7052 0.5343
Pedestrian -1 -1 -4.6295 734.4338 168.9552 752.9698 215.6441 1.9292 0.6897 1.0192 5.5941 1.7678 30.3965 -4.4498 0.5235
Pedestrian -1 -1 -4.6949 1103.1990 129.4373 1241.0000 374.0000 1.7953 0.6739 0.7278 3.2407 1.5716 4.2058 -4.0726 0.4672
Pedestrian -1 -1 -7.7657 757.3619 168.7735 774.5290 215.9626 1.9469 0.6218 1.0287 6.5212 1.7783 30.3524 -7.5567 0.4268
Pedestrian -1 -1 -3.1290 575.7717 175.4290 591.0385 218.3370 1.7441 0.5963 0.6211 -1.1345 1.8507 29.6710 -3.1675 0.4127
Cyclist -1 -1 -7.9558 769.4227 177.4530 781.4630 213.5484 1.6061 0.3723 1.5874 7.5457 1.8220 33.1212 -7.7343 0.3898
Pedestrian -1 -1 -4.9680 539.4150 174.6177 561.2515 229.1844 1.7230 0.5303 0.7384 -1.9744 1.7806 23.2486 -5.0525 0.3564
Cyclist -1 -1 -2.9877 559.8247 172.4644 611.4338 223.7946 1.8122 0.4893 1.7927 -0.9137 1.7981 25.8221 -3.0234 0.2946
Pedestrian -1 -1 -8.1634 549.8073 176.4030 564.5836 210.7072 1.7647 0.5849 0.6921 -2.7958 1.9516 37.6373 -8.2376 0.2798
Cyclist -1 -1 -5.0773 554.4438 176.7945 572.7902 206.5138 1.7114 0.5528 1.5759 -2.7824 1.9483 42.6019 -5.1427 0.2335
Cyclist -1 -1 -5.0815 899.1075 145.4744 1144.4188 374.0000 1.6773 0.5443 1.7603 2.1837 1.5518 4.1988 -4.6314 0.2148
Pedestrian -1 -1 -4.7207 963.5353 162.1400 1095.6387 374.0000 1.6115 0.6148 0.7725 2.3583 1.5557 4.2234 -4.2418 0.1466
Pedestrian -1 -1 -2.4481 495.6342 156.7532 567.2380 283.2536 1.9025 0.5564 0.9934 -1.2938 1.6600 11.3566 -2.5601 0.1275
Pedestrian -1 -1 -4.9180 692.4462 187.9159 706.8131 221.6638 1.3157 0.4568 0.5787 3.5193 1.9212 28.7120 -4.7980 0.1248
Cyclist -1 -1 -8.1459 778.1498 176.5206 801.7506 217.6480 1.6666 0.4608 1.7787 7.4988 1.8249 30.3002 -7.9062 0.1198
Pedestrian -1 -1 -8.1306 441.8079 180.9398 455.1143 218.7970 1.7335 0.5144 0.3925 -7.5333 2.1114 33.4601 -8.3509 0.1180
Pedestrian -1 -1 -8.1071 585.1003 175.9223 607.4005 223.6404 1.6767 0.6104 0.8274 -0.5447 1.7885 25.8956 -8.1287 0.1166
Cyclist -1 -1 -5.0922 990.9243 129.3457 1241.0000 374.0000 1.7280 0.5393 1.7769 2.7314 1.5333 4.1454 -4.5426 0.1107
Pedestrian -1 -1 -7.7054 289.6459 167.7549 359.2713 324.8918 1.7373 0.6398 0.8194 -3.3773 1.6806 8.4475 -8.0759 0.1095
Pedestrian -1 -1 -9.1277 1015.5435 175.8767 1060.4309 261.7167 1.6075 0.5895 0.6061 8.2287 1.6674 13.9642 -8.6051 0.1094
Pedestrian -1 -1 -4.8566 571.7778 174.6389 591.5049 223.5798 1.7239 0.5895 0.8535 -1.0702 1.7889 25.9242 -4.8982 0.1028
Cyclist -1 -1 -7.4790 439.7710 182.3930 463.0699 217.7824 1.6032 0.4916 1.6824 -7.5069 2.0643 34.0261 -7.6950 0.1021
Cyclist -1 -1 -4.6459 708.7906 179.4484 727.5413 228.7852 1.6177 0.5418 1.5062 3.6590 1.8501 24.6636 -4.5012 0.0988
Pedestrian -1 -1 -8.1675 531.5312 179.1956 554.3347 232.8653 1.5971 0.5418 0.5630 -2.0889 1.7927 21.9232 -8.2621 0.0949
Pedestrian -1 -1 -4.2706 374.9953 164.3241 436.3330 291.2432 1.8098 0.5732 0.8435 -3.0850 1.6879 10.7525 -4.5444 0.0941
Cyclist -1 -1 -3.2526 537.3708 175.3282 569.6349 210.5544 1.8018 0.6585 1.6056 -2.9753 1.9315 37.4478 -3.3318 0.0924
Pedestrian -1 -1 -5.5810 556.2096 175.4070 566.2799 206.1992 1.8063 0.4631 0.3869 -2.9194 1.9581 42.6773 -5.6494 0.0919
Cyclist -1 -1 -8.1769 434.2701 182.1395 456.0572 217.9115 1.6218 0.4820 1.7111 -7.8206 2.0702 34.0118 -8.4017 0.0919
Cyclist -1 -1 -3.2421 690.7047 177.3479 739.8696 226.1254 1.6347 0.5976 1.6025 3.5272 1.7895 24.5726 -3.1020 0.0899
Cyclist -1 -1 -5.4594 421.7392 178.1749 456.5664 217.4700 1.7928 0.5910 1.7003 -8.0583 2.0473 33.8341 -5.6919 0.0883
Cyclist -1 -1 -4.4800 543.9469 176.2015 562.6082 210.7723 1.7544 0.6326 1.5435 -2.9847 1.9323 37.5853 -4.5593 0.0850
Cyclist -1 -1 -6.4956 439.4475 178.3954 475.0371 216.9496 1.7665 0.5654 1.5466 -7.1957 2.0302 33.7988 -6.7043 0.0848
Cyclist -1 -1 -3.6735 1014.0944 140.0083 1241.0000 374.0000 1.6797 0.6594 1.7512 3.2468 1.5172 3.9900 -3.0266 0.0718
Cyclist -1 -1 -7.5390 415.4246 179.1798 474.2239 285.9278 1.6249 0.4595 1.6403 -2.7513 1.7365 11.9203 -7.7621 0.0662
Pedestrian -1 -1 -6.4297 721.4493 176.7051 732.6887 204.2267 1.8385 0.6300 0.6610 7.8516 2.0993 48.6075 -6.2710 0.0662
Pedestrian -1 -1 -4.6589 794.7057 173.8411 811.5817 217.8992 1.7690 0.6283 0.7833 7.8453 1.8097 29.4612 -4.4018 0.0646
Pedestrian -1 -1 -6.4714 894.4474 165.4460 911.6685 218.2925 1.8886 0.5246 0.4844 10.5465 1.6235 26.0892 -6.0917 0.0638
Pedestrian -1 -1 -6.5537 1048.3553 169.8761 1102.9991 262.9288 1.6519 0.6390 0.6885 8.4584 1.5988 13.2133 -5.9950 0.0628
Cyclist -1 -1 -6.0246 536.3744 174.6483 567.3563 210.4628 1.8577 0.5946 1.5208 -3.0888 1.9526 37.8948 -6.1059 0.0628
Cyclist -1 -1 -8.1835 1048.0834 175.7012 1110.4022 267.4161 1.6003 0.4499 1.6339 8.6818 1.6565 13.4888 -7.6222 0.0628
Pedestrian -1 -1 -7.4174 710.3890 183.1849 731.9879 226.6879 1.4290 0.5035 0.6244 3.6975 1.7821 24.2895 -7.2689 0.0627
Pedestrian -1 -1 -3.0607 888.7949 166.5244 898.8344 217.0923 1.8713 0.4438 0.3169 10.5634 1.6367 26.9690 -2.6916 0.0622
Pedestrian -1 -1 -3.3691 1029.0354 162.7935 1085.1061 262.9211 1.7728 0.6256 0.7424 8.1007 1.5944 13.1870 -2.8288 0.0610
Cyclist -1 -1 -6.0879 503.2759 179.5975 565.4714 235.1050 1.6491 0.6458 1.7899 -2.3376 1.8576 21.9362 -6.1936 0.0558
Pedestrian -1 -1 -7.7435 784.6528 177.0797 802.8751 218.2034 1.6560 0.6508 0.7332 7.4990 1.8317 29.6060 -7.4985 0.0532
Cyclist -1 -1 -7.7859 656.9045 179.7182 666.0851 207.8651 1.6432 0.4429 1.6554 3.0659 2.0637 43.3878 -7.7164 0.0532
Pedestrian -1 -1 -5.6355 554.1938 174.2789 566.6239 205.9511 1.8677 0.6053 0.4684 -2.9878 1.9530 42.9647 -5.7050 0.0511
Car -1 -1 -4.3631 324.7904 180.3401 493.8138 279.3288 1.5504 1.6684 4.4390 -3.6804 1.7184 13.9356 -4.6174 0.1352
Car -1 -1 -5.1969 1103.9452 174.2318 1241.0000 292.4039 1.4771 1.6114 4.0222 9.4569 1.5023 11.2012 -4.5092 0.0888
Car -1 -1 -8.1369 697.7111 178.0281 735.8557 202.3873 1.6452 1.6633 3.9148 7.5661 2.0300 51.6572 -7.9928 0.0741
Car -1 -1 -7.5906 654.1935 181.3532 695.2141 207.9868 1.4992 1.5743 3.7357 3.9464 2.0403 43.9325 -7.5022 0.0730
Car -1 -1 -7.8081 509.1266 181.7696 558.5068 228.1032 1.4913 1.5893 3.7290 -2.7120 1.8342 25.8650 -7.9122 0.0675
Car -1 -1 -7.8305 716.0535 180.3743 764.1255 226.5891 1.4827 1.5707 3.7556 4.6365 1.7721 25.7946 -7.6554 0.0571
Car -1 -1 -4.6774 1009.6799 178.1243 1104.7858 253.6977 1.4387 1.6237 4.2723 10.0716 1.5736 16.2789 -4.1320 0.0549
Car -1 -1 -8.2533 502.1500 182.8774 576.4684 222.4669 1.4781 1.6435 4.0355 -3.0733 1.9274 30.1998 -8.3545 0.0533
