Pedestrian -1 -1 -8.1576 868.5674 169.0835 880.7929 194.6922 1.8991 0.6721 0.7159 19.7331 1.6192 53.8822 -7.8087 0.1888
Pedestrian -1 -1 -6.9335 951.5092 162.8552 1056.7922 318.6077 1.7592 0.4978 0.9913 4.5635 1.6460 8.4798 -6.4553 0.0602
Car -1 -1 -5.3384 625.2932 178.4697 676.0274 201.8574 1.7227 1.6970 4.4195 3.1114 2.1807 56.5762 -5.2842 0.0549
Car -1 -1 -4.5097 452.8748 184.3382 506.0820 219.0681 1.5023 1.6764 4.3985 -6.2738 2.0929 34.9002 -4.6868 0.0545
Car -1 -1 -5.0222 814.7746 163.8247 853.6867 193.0286 2.3284 1.7859 4.4726 18.4904 1.6082 59.7747 -4.7239 0.0538
Pedestrian -1 -1 -4.0787 831.2008 184.7327 867.4475 254.0351 1.5002 0.5740 0.5193 5.2978 1.7719 16.1360 -3.7677 0.0521
Car -1 -1 -8.0299 801.1273 173.5229 827.0490 192.1561 1.6599 1.6474 3.7862 18.7195 1.7230 66.3827 -7.7565 0.0506
Cyclist -1 -1 -4.7326 350.8839 185.0353 364.6100 230.5916 1.6897 0.4717 1.6165 -9.8582 2.1771 28.0508 -5.0681 0.1489
Pedestrian -1 -1 -7.1346 69.2007 184.0869 104.7087 256.8089 1.9490 0.6717 0.4230 -14.2946 2.2585 19.6561 -7.7571 0.1307
Cyclist -1 -1 -5.1662 742.3994 180.7305 783.4497 238.8400 1.6086 0.5608 1.4956 4.3793 1.8461 20.9835 -4.9641 0.1202
Pedestrian -1 -1 -6.2092 307.8896 183.9075 323.5918 217.8566 1.7720 0.6338 0.7275 -15.6720 2.3655 38.3445 -6.5951 0.0868
Cyclist -1 -1 -4.7649 341.4239 183.1154 359.5041 230.5446 1.7448 0.5685 1.6949 -10.0606 2.1528 27.8204 -5.1093 0.0788
Pedestrian -1 -1 -3.4889 97.8142 176.4781 129.5610 250.2184 2.0268 0.6505 0.5486 -14.0025 2.1305 20.2854 -4.0872 0.0785
Pedestrian -1 -1 -7.6853 112.1393 182.7650 140.9658 249.2701 1.9231 0.6432 0.4260 -14.3051 2.2197 21.2865 -8.2715 0.0781
Pedestrian -1 -1 -5.3155 331.8225 182.5027 347.4895 212.6543 1.7718 0.5920 0.6866 -16.1911 2.3539 43.1190 -5.6731 0.0757
Cyclist -1 -1 -3.1972 740.5026 179.9034 795.2630 237.7959 1.6363 0.6466 1.5142 4.5149 1.8448 20.9344 -2.9886 0.0685
Pedestrian -1 -1 -8.2981 1176.3390 164.9983 1201.9863 212.7836 1.7471 0.5691 0.5221 21.3789 1.4596 26.6986 -7.6286 0.0558
Pedestrian -1 -1 -7.2275 111.2177 184.2690 142.7834 246.1058 1.8649 0.5719 0.5845 -14.8876 2.2203 22.1767 -7.8134 0.0539
Cyclist -1 -1 -7.3527 1214.8458 137.6784 1241.0000 173.8349 1.7405 0.6595 1.8022 30.5516 0.0469 35.3593 -6.6441 0.0506
Car -1 -1 -7.8368 568.6834 179.5146 619.6903 228.8736 1.6137 1.6985 3.2125 -0.5837 1.8650 25.6361 -7.8601 0.9668
Car -1 -1 -4.5368 439.2426 185.5161 517.6779 240.9180 1.4996 1.6874 4.2703 -4.0600 1.9341 22.6420 -4.7129 0.9472
Car -1 -1 -4.2948 154.0689 198.7952 327.8525 292.4633 1.4395 1.5682 3.8000 -7.0257 2.0150 14.0857 -4.7505 0.9457
Car -1 -1 -4.9770 422.6537 185.4480 461.6466 210.0838 1.6021 1.6542 4.2426 -12.0493 2.5400 51.4928 -5.2062 0.3934
Car -1 -1 -8.5604 1129.6610 168.6585 1241.0000 212.3328 1.5604 1.6388 3.6276 22.0222 1.4102 27.6234 -7.8929 0.3244
Car -1 -1 -7.8311 287.9107 185.3025 320.2268 215.5117 1.5074 1.5445 3.6250 -16.7825 2.2242 39.5959 -8.2299 0.2786
Car -1 -1 -7.4707 1201.4812 139.9718 1241.0000 171.4524 1.4948 1.6110 4.0105 31.4921 -0.0735 36.0375 -6.7564 0.1515
Car -1 -1 -4.4718 333.2248 190.0245 392.7819 225.7177 1.4472 1.6147 4.4247 -11.4893 2.3033 33.7156 -4.7983 0.1181
Car -1 -1 -4.9280 781.5181 176.1131 816.2194 198.8817 1.6168 1.6380 4.1909 14.0469 1.8699 53.9702 -4.6751 0.0830
Car -1 -1 -4.5718 455.4185 183.3264 493.2589 210.1588 1.4741 1.6739 4.1095 -8.1332 2.1334 43.3595 -4.7566 0.0693
Car -1 -1 -4.3164 486.4866 182.1463 533.9146 206.7197 1.4969 1.6339 4.1700 -6.5933 2.1416 47.8599 -4.4531 0.0659
Car -1 -1 -4.2302 368.6843 184.4516 412.7497 208.4025 1.6098 1.5524 3.6187 -15.8694 2.4808 52.2817 -4.5239 0.0647
Car -1 -1 -4.7372 524.0574 180.7556 551.5231 207.1037 1.5453 1.6231 4.1659 -4.6539 2.0702 45.7878 -4.8384 0.0529
