Pedestrian -1 -1 -5.2928 736.3176 162.1523 804.3840 280.4352 1.7069 0.6362 0.8474 2.4979 1.4284 10.8757 -5.0779 0.7478
Pedestrian -1 -1 -3.9588 382.1124 166.7272 416.3068 221.2597 1.8507 0.6346 0.9982 -7.0472 1.3497 24.9671 -4.2363 0.3897
Pedestrian -1 -1 -3.4402 556.4206 172.1237 568.0843 197.0508 1.8191 0.5231 0.7329 -2.8658 1.1348 52.7942 -3.4991 0.2408
Pedestrian -1 -1 -4.1987 529.8640 168.6692 545.2330 202.0276 1.9377 0.6380 0.7022 -3.7496 1.1925 42.1772 -4.2919 0.2086
Pedestrian -1 -1 -2.9638 194.3983 186.8361 270.0507 326.9787 1.5123 0.5178 0.6795 -4.2075 1.5759 8.1241 -3.4346 0.1802
Cyclist -1 -1 -7.5827 521.6917 173.7198 535.8147 201.7771 1.6785 0.4350 1.6681 -4.4255 1.2132 43.8335 -7.6878 0.1780
Cyclist -1 -1 -3.1045 461.6374 168.9356 498.9466 206.7734 1.8090 0.7415 1.7615 -5.8722 1.2086 34.8283 -3.2754 0.1672
Pedestrian -1 -1 -3.1933 578.0402 170.1802 592.3746 200.0750 1.8342 0.5871 0.8532 -1.0029 1.1397 44.3990 -3.2208 0.1465
Pedestrian -1 -1 -4.6936 92.4250 153.7818 129.3093 256.0714 1.8740 0.5635 0.7295 -9.3314 1.3668 13.6194 -5.2907 0.1310
Pedestrian -1 -1 -4.5839 402.1735 163.4945 420.8190 211.1817 1.9111 0.6331 0.8591 -7.7490 1.1899 29.2561 -4.8457 0.1237
Pedestrian -1 -1 -4.8185 662.5480 156.6639 694.2709 238.3270 1.8853 0.6434 0.9390 1.7802 1.3125 17.0560 -4.7214 0.1190
Cyclist -1 -1 -4.4346 493.9167 175.2014 508.4043 202.3671 1.6067 0.4733 1.5189 -6.0320 1.2343 43.2709 -4.5773 0.1181
Pedestrian -1 -1 -4.3240 865.0253 141.4530 924.1877 270.6149 1.8706 0.5746 0.8151 4.4053 1.2913 10.8970 -3.9535 0.1114
Pedestrian -1 -1 -8.5889 571.8062 173.6225 582.6938 201.9743 1.6938 0.4826 0.4429 -1.4548 1.2233 43.2425 -8.6274 0.1107
Pedestrian -1 -1 -3.7659 585.8992 171.8105 614.5447 225.8302 1.6192 0.5319 0.6954 -0.0672 1.3292 21.9511 -3.7741 0.1062
Car -1 -1 -3.9410 0.0000 143.4782 87.4697 284.2271 1.8054 1.7140 3.8114 -10.2801 1.3183 11.1467 -4.6796 0.1014
Pedestrian -1 -1 -4.7498 846.8627 150.9316 884.2289 256.5142 1.8048 0.5854 0.6083 4.5998 1.2829 12.6558 -4.4131 0.0984
Pedestrian -1 -1 -4.6205 692.7354 160.2766 711.4911 210.4252 1.8811 0.6416 0.8341 3.8258 1.0854 27.4226 -4.4882 0.0928
Pedestrian -1 -1 -7.8415 796.7010 149.0730 917.1838 373.0000 1.5890 0.6676 0.6981 1.5469 1.4037 4.5565 -7.5375 0.0924
Cyclist -1 -1 -7.9366 783.5392 172.6764 810.3765 251.5898 1.5688 0.3928 1.5767 4.0523 1.3939 15.0904 -7.6840 0.0855
Cyclist -1 -1 -6.2684 301.4086 170.7088 371.2028 233.1019 1.7121 0.7255 1.8255 -7.5269 1.4165 20.3583 -6.6236 0.0841
Pedestrian -1 -1 -5.5219 1125.2731 215.1566 1237.0000 373.0000 1.2404 0.4111 0.4763 3.1376 1.4340 3.8467 -4.8761 0.0819
Pedestrian -1 -1 -3.4150 276.5422 163.3962 306.1548 228.3089 1.8553 0.5796 0.6608 -9.0817 1.3384 20.9648 -3.8244 0.0817
Pedestrian -1 -1 -5.8618 0.0000 156.8601 54.7509 327.7193 1.8745 0.4972 0.7826 -6.8810 1.6049 8.2236 -6.5488 0.0804
Pedestrian -1 -1 -3.8783 685.0189 171.0833 696.7677 198.6478 1.8714 0.5776 0.5527 6.1318 1.1642 49.1652 -3.7599 0.0665
Pedestrian -1 -1 -4.9486 611.1078 160.7513 645.1174 240.6156 1.8426 0.6192 0.8459 0.5878 1.3645 17.0511 -4.9200 0.0630
Pedestrian -1 -1 -7.6846 469.1122 169.1771 481.6447 200.7867 1.8275 0.6327 0.5796 -7.3377 1.1152 41.8227 -7.8623 0.0587
Car -1 -1 -4.8029 602.2256 175.0635 649.5692 212.2815 1.4489 1.5847 4.0057 0.9397 1.1987 30.0146 -4.7769 0.0573
Pedestrian -1 -1 -3.0569 432.8763 167.2473 442.5214 204.8367 1.8758 0.5445 0.4314 -8.2468 1.1648 36.1477 -3.2846 0.0549
Pedestrian -1 -1 -2.2658 29.3326 154.7772 100.6732 268.2983 1.8348 0.6052 0.7663 -8.9916 1.4035 11.9947 -2.9040 0.0525
Pedestrian -1 -1 -3.5180 505.5679 171.5896 528.8070 211.5129 1.7468 0.6168 0.8571 -3.7586 1.3135 31.9061 -3.6394 0.3935
Pedestrian -1 -1 -4.1278 47.2478 162.9564 108.1675 271.1324 1.7604 0.5643 0.6402 -8.7953 1.4593 12.0218 -4.7545 0.3701
Pedestrian -1 -1 -4.3316 453.6579 170.2726 477.0380 221.4864 1.7080 0.6105 0.5705 -4.6256 1.3340 24.2948 -4.5230 0.3043
Pedestrian -1 -1 -8.1521 567.1442 166.8613 580.4839 200.1322 1.9134 0.6027 0.6651 -1.6076 1.0717 41.7258 -8.1954 0.2890
Pedestrian -1 -1 -5.2148 548.0401 169.4245 560.4930 195.8826 1.9214 0.6235 0.7526 -3.4439 1.0444 52.6522 -5.2847 0.2818
Pedestrian -1 -1 -7.4565 404.2726 174.3145 429.7379 226.4310 1.6078 0.5766 0.6285 -5.8043 1.3865 22.5122 -7.7112 0.2707
Pedestrian -1 -1 -7.4165 499.7239 175.0759 517.1473 207.2767 1.6552 0.6283 0.7862 -4.8453 1.3252 37.3939 -7.5496 0.2707
Pedestrian -1 -1 -4.3968 683.4887 166.5299 703.8513 213.4592 1.7801 0.5727 0.7714 3.5406 1.2126 27.7178 -4.2760 0.2623
Pedestrian -1 -1 -7.6978 419.0958 178.2893 435.7480 217.1121 1.5139 0.5548 0.5981 -6.8805 1.3890 28.3330 -7.9391 0.1602
Pedestrian -1 -1 -5.5540 585.4463 167.7075 594.1276 199.5873 1.8503 0.4887 0.2450 -0.6806 1.0499 41.9576 -5.5751 0.1506
Cyclist -1 -1 -7.3811 273.2582 178.9413 326.6317 253.3617 1.6002 0.4239 1.6240 -6.8379 1.5457 16.2712 -7.7786 0.1280
Pedestrian -1 -1 -6.1588 539.0805 170.5052 549.6292 195.8080 1.8591 0.5057 0.7218 -4.1981 1.0512 53.0460 -6.2423 0.1233
Cyclist -1 -1 -4.2202 154.6207 165.6195 303.3598 359.3508 1.7033 0.5405 1.7650 -3.6966 1.5644 7.2052 -4.6859 0.1183
Cyclist -1 -1 -6.4100 394.1695 172.6265 451.7386 228.9029 1.7018 0.6728 1.6641 -5.5805 1.4339 22.3399 -6.6573 0.1114
Cyclist -1 -1 -6.1679 310.8080 159.2404 414.1827 263.3247 1.8965 0.5811 1.7978 -4.5180 1.4915 13.5570 -6.4894 0.1067
Pedestrian -1 -1 -5.3239 6.4817 187.2482 96.7843 310.7931 1.5488 0.6253 0.7557 -7.2751 1.6285 9.4571 -5.9721 0.1034
Pedestrian -1 -1 -4.4550 327.2199 179.4459 364.9903 245.1074 1.5590 0.7210 0.6577 -6.2170 1.5108 17.4143 -4.7985 0.0968
Pedestrian -1 -1 -7.7879 85.2322 185.2469 134.3985 292.9927 1.5754 0.5755 0.6650 -7.5356 1.6354 10.9651 -8.3846 0.0931
Cyclist -1 -1 -5.9959 164.1701 185.2387 277.8712 270.2200 1.5449 0.6782 1.7859 -7.2100 1.6190 13.6109 -6.4806 0.0891
Pedestrian -1 -1 -1.9476 169.3336 163.6883 264.1255 348.8130 1.7267 0.5773 0.8166 -3.9021 1.5612 7.1844 -2.4362 0.0789
Pedestrian -1 -1 -4.6867 96.7242 163.6984 134.4337 264.8961 1.8734 0.5795 0.7472 -9.3423 1.5445 13.7689 -5.2795 0.0774
Cyclist -1 -1 -7.3123 183.6387 184.7966 261.7352 271.3865 1.5349 0.5448 1.6353 -7.1845 1.6019 13.6287 -7.7950 0.0757
Cyclist -1 -1 -7.4403 267.6239 180.6224 318.9894 254.8841 1.6170 0.4405 1.6989 -7.0819 1.5984 16.4921 -7.8457 0.0667
Pedestrian -1 -1 -4.4537 334.8450 154.0251 385.6705 259.2284 1.9285 0.6699 1.0782 -4.6313 1.4255 13.7283 -4.7788 0.0612
Cyclist -1 -1 -8.3238 1102.1750 120.9344 1237.0000 373.0000 1.6960 0.5080 1.6424 3.1076 1.4683 3.5656 -7.6484 0.0575
Pedestrian -1 -1 -3.1206 700.0836 164.3007 724.7782 218.5925 1.8431 0.5351 0.8307 3.7955 1.2596 24.7184 -2.9750 0.0568
Pedestrian -1 -1 -6.8375 206.6723 181.8048 243.4253 266.8681 1.5860 0.5496 0.3902 -7.2215 1.5926 13.7034 -7.3202 0.0564
Cyclist -1 -1 -4.2177 160.6561 167.0983 306.7518 343.6584 1.6969 0.6249 1.7944 -3.9591 1.5592 7.8110 -4.6795 0.0533
Pedestrian -1 -1 -2.9072 151.5560 164.7162 244.6927 366.6475 1.7391 0.5479 0.6267 -3.6985 1.5953 6.5341 -3.4116 0.0514
Pedestrian -1 -1 -7.3220 408.5050 174.1732 499.2099 339.9100 1.6940 0.7493 0.6204 -1.6331 1.6199 7.7559 -7.5291 0.0513
Pedestrian -1 -1 -2.8632 167.6778 172.1746 265.9932 331.7533 1.6753 0.5912 0.8235 -4.2628 1.5781 7.9155 -3.3495 0.0506
Car -1 -1 -4.4387 240.0234 190.6304 531.6111 373.0000 1.4133 1.6199 4.3637 -1.8654 1.5374 7.5019 -4.6806 0.9460
Car -1 -1 -5.8868 403.1384 180.2716 494.6345 212.3517 1.4035 1.5247 3.7555 -6.8951 1.3501 32.5212 -6.0992 0.1918
Car -1 -1 -3.9241 0.0000 154.6978 77.0836 295.1335 1.7286 1.6707 3.9232 -10.2656 1.3994 10.8326 -4.6759 0.1673
Car -1 -1 -7.1381 303.3266 183.2547 454.3636 244.9390 1.4510 1.6233 3.9950 -5.8183 1.5035 19.1735 -7.4343 0.1155
Car -1 -1 -2.5944 33.6174 188.1397 274.4946 261.1328 1.4448 1.5942 4.0928 -9.3517 1.5930 15.1678 -3.1446 0.1141
Car -1 -1 -7.9620 459.1156 176.6524 496.1246 208.2242 1.4992 1.5056 2.7546 -6.1821 1.2692 35.6424 -8.1376 0.0978
Car -1 -1 -6.7112 572.7626 175.1276 642.7892 200.5238 1.5626 1.6718 4.1474 0.4136 1.1706 45.8124 -6.7072 0.0871
Car -1 -1 -8.9715 1149.2361 0.0000 1237.0000 373.0000 1.4793 1.5821 3.8127 4.0070 1.3816 2.2186 -7.9611 0.0710
