Pedestrian -1 -1 -5.1382 332.5085 171.6153 357.4449 219.7321 1.7300 0.5527 0.8596 -9.7606 1.6852 26.4430 -5.4890 0.2199
Pedestrian -1 -1 -3.7484 620.5850 168.7726 632.4974 191.9183 1.8743 0.4403 0.8771 1.3235 1.5435 58.8546 -3.7264 0.1681
Pedestrian -1 -1 -6.7794 635.6234 169.6376 652.9984 203.8552 1.8138 0.5777 0.7445 1.7991 1.6430 38.6696 -6.7338 0.0614
Cyclist -1 -1 -8.5011 744.0725 176.5192 800.7581 246.2647 1.6725 0.4935 1.6512 4.0304 1.7692 18.2447 -8.2879 0.0574
Car -1 -1 -3.9414 846.3600 181.2685 895.1531 199.8508 1.5445 1.6936 4.0218 22.7862 2.2993 63.1052 -3.5968 0.0562
Car -1 -1 -4.1442 9.0101 183.3500 168.7256 244.0503 1.3901 1.5677 3.8921 -13.6900 1.6977 19.1880 -4.7575 0.0520
Car -1 -1 -8.2630 599.3405 169.2580 634.9066 188.6985 1.7128 1.7116 4.1953 0.5886 1.3957 65.8353 -8.2544 0.0507
Pedestrian -1 -1 -6.4208 170.5841 174.0877 202.4087 256.6601 1.7538 0.5681 0.5273 -9.2822 1.7810 15.7225 -6.9470 0.2417
Cyclist -1 -1 -6.2580 216.7062 174.1879 254.1753 211.1211 1.7772 0.7113 1.6152 -18.4206 1.8436 35.4404 -6.7345 0.2384
Pedestrian -1 -1 -6.3524 489.7648 173.0764 501.2070 199.1571 1.6749 0.5343 0.6955 -7.4440 1.6891 46.6825 -6.5100 0.1983
Cyclist -1 -1 -7.7734 262.2136 175.9588 272.3955 210.2780 1.6387 0.3241 1.5649 -16.8409 1.7940 35.3844 -8.2149 0.1258
Pedestrian -1 -1 -7.4910 926.0701 153.7997 1009.5298 330.2542 1.9541 0.7024 0.6421 4.1396 1.7428 8.4662 -7.0511 0.1025
Pedestrian -1 -1 -7.9638 391.1159 171.6512 404.7129 207.4462 1.7754 0.5964 0.5568 -10.6697 1.7154 36.1584 -8.2491 0.1011
Pedestrian -1 -1 -4.9718 777.0654 201.9896 796.7423 248.8475 1.1353 0.3798 0.4131 4.3485 1.8686 17.9562 -4.7389 0.1003
Pedestrian -1 -1 -7.7957 250.6141 170.5297 267.1411 209.8875 1.7521 0.6342 0.6200 -15.8673 1.6484 32.5291 -8.2465 0.0871
Pedestrian -1 -1 -2.4904 258.9719 175.0162 271.8762 210.5365 1.7079 0.5443 0.2957 -16.7659 1.8135 35.0266 -2.9342 0.0847
Pedestrian -1 -1 -5.2706 260.7831 174.0309 273.0442 209.7447 1.7107 0.4434 0.2999 -16.6092 1.7676 34.8464 -5.7127 0.0835
Pedestrian -1 -1 -7.2929 952.7125 144.3154 1039.7297 326.3872 2.0260 0.6966 0.5914 4.4730 1.7081 8.4795 -6.8229 0.0793
Pedestrian -1 -1 -8.0203 94.4466 173.1134 119.8529 229.9328 1.7606 0.5779 0.5383 -15.9065 1.7686 22.7551 -8.6251 0.0697
Pedestrian -1 -1 -4.9693 765.2421 194.9188 787.5732 246.3685 1.2518 0.4393 0.4529 4.0947 1.8088 17.9910 -4.7500 0.0683
Pedestrian -1 -1 -6.5506 1122.7229 168.7368 1142.9507 200.4459 1.8451 0.6095 0.8293 30.6927 1.6053 42.4157 -5.9279 0.0642
Pedestrian -1 -1 -5.8837 592.3637 172.2111 603.5141 196.8117 1.6905 0.6002 0.5853 -0.8656 1.6460 49.9698 -5.9014 0.0625
Cyclist -1 -1 -7.7408 491.9686 174.4758 500.9046 199.0105 1.5740 0.4103 1.5066 -7.4500 1.6814 47.1521 -7.8970 0.0623
Pedestrian -1 -1 -6.4318 0.0000 171.0938 18.6906 233.4401 1.7748 0.5026 0.4036 -17.4504 1.7244 20.8584 -7.1223 0.0600
Pedestrian -1 -1 -5.9102 628.1917 171.1402 641.4279 199.7770 1.7890 0.5738 0.6713 1.5304 1.6817 45.4726 -5.8772 0.0595
Pedestrian -1 -1 -7.8749 424.4519 171.2147 434.1797 200.8491 1.8742 0.5867 0.7651 -11.5750 1.7702 46.0796 -8.1200 0.0594
Cyclist -1 -1 -7.8170 1119.2491 169.7282 1129.3296 200.3002 1.7520 0.4252 1.6804 30.0082 1.5726 42.1467 -7.2019 0.0591
Cyclist -1 -1 -7.7096 165.9853 174.6814 202.9025 255.1199 1.6754 0.4511 1.7267 -9.4392 1.7178 15.9539 -8.2369 0.0587
Car -1 -1 -7.8453 579.4492 173.1382 602.1678 194.3523 1.4676 1.5733 3.8663 -1.3965 1.4885 51.9146 -7.8724 0.5143
Car -1 -1 -7.8442 550.8541 172.0888 570.0126 189.4545 1.4603 1.6086 3.8012 -4.3077 1.3956 62.6182 -7.9129 0.3118
Car -1 -1 -4.1393 229.6628 192.9357 297.7206 222.2933 1.5023 1.5787 4.1313 -20.1092 2.7311 42.0131 -4.5836 0.2480
Car -1 -1 -4.7524 1208.8121 189.4972 1241.0000 217.6307 1.5763 1.6465 4.2824 38.6443 2.6696 45.2175 -4.0490 0.1475
Car -1 -1 -3.2717 476.8713 174.9551 529.9576 197.1281 1.5937 1.6230 3.7062 -7.9270 1.7527 53.3940 -3.4188 0.1464
Car -1 -1 -4.7312 851.7563 178.9134 878.4323 202.8733 1.5760 1.6766 4.0573 17.8728 2.0203 50.7561 -4.3949 0.1239
Car -1 -1 -3.2172 1143.1021 173.0835 1241.0000 201.6306 1.5675 1.7053 4.3470 33.4254 1.5810 41.5782 -2.5439 0.1035
Car -1 -1 -4.8404 795.2758 178.1855 819.7714 196.8180 1.7149 1.7712 4.0432 19.0381 2.2457 69.7479 -4.5754 0.0883
Car -1 -1 -7.7359 625.4648 172.5681 658.7874 198.1991 1.6139 1.7121 4.2758 2.1354 1.5956 47.6802 -7.6918 0.0818
Car -1 -1 -7.4972 325.2965 175.8078 385.1568 205.1438 1.5116 1.6869 4.3724 -14.0101 1.6834 39.8252 -7.8337 0.0796
Car -1 -1 -6.8237 832.8689 190.5331 1241.0000 346.0114 1.5335 1.5746 3.9521 4.6908 1.7544 8.1696 -6.3191 0.0761
Car -1 -1 -4.2394 278.1356 177.3390 358.5409 210.8408 1.4722 1.7145 4.4795 -13.9212 1.7015 34.6345 -4.6192 0.0716
Car -1 -1 -4.7301 495.0192 174.2394 520.3820 198.5923 1.5513 1.6047 4.0657 -6.9192 1.6479 48.3390 -4.8718 0.0712
Car -1 -1 -4.7707 1241.0000 190.0158 1241.0000 219.3767 1.6098 1.6631 4.1763 40.4548 2.7123 44.2188 -4.0336 0.0704
Car -1 -1 -8.3773 917.4974 201.7477 1241.0000 374.0000 1.4712 1.7516 4.4026 3.3376 1.7313 4.2160 -7.7424 0.0664
Car -1 -1 -7.5316 224.3763 178.0699 308.6633 218.1018 1.4671 1.7152 4.6079 -13.9254 1.6970 29.4529 -7.9700 0.0592
Car -1 -1 -5.2365 1045.8981 181.8963 1104.4739 206.7459 1.6260 1.6788 3.9813 32.5815 2.2866 50.7121 -4.6685 0.0576
