Pedestrian -1 -1 -6.2354 1124.9272 155.5001 1142.4331 201.2759 1.8467 0.5977 0.5550 21.3776 1.1463 29.5143 -5.6135 0.2677
Cyclist -1 -1 -5.1617 985.6852 161.5301 1048.3857 244.0932 1.7263 0.5368 1.6218 8.8871 1.4892 15.9103 -4.6607 0.1410
Car -1 -1 -6.3992 1089.5673 163.9364 1157.4777 185.4941 1.6261 1.6589 4.1346 39.8491 0.9532 56.1437 -5.7846 0.1284
Car -1 -1 -4.8334 1121.8053 174.2911 1160.4287 200.1009 1.6057 1.5710 3.7669 34.6127 1.7033 47.1414 -4.2034 0.1098
Pedestrian -1 -1 -3.3403 1059.2339 134.2671 1115.0973 265.1377 1.9168 0.5375 0.6042 7.1573 1.3514 10.9278 -2.7732 0.0987
Cyclist -1 -1 -3.5232 1177.3253 106.8530 1241.0000 184.9698 1.7512 0.6477 1.7015 14.2742 0.2713 16.7472 -2.8256 0.0911
Pedestrian -1 -1 -5.7102 910.6461 148.3769 957.5889 236.4548 1.9494 0.6153 0.7665 7.3364 1.4073 16.4588 -5.2981 0.0872
Car -1 -1 -4.5791 927.1509 168.2831 960.8565 195.9575 1.8805 1.6732 3.9118 23.6654 1.5696 51.1296 -4.1481 0.0825
Pedestrian -1 -1 -7.7026 1154.0560 142.9314 1240.5094 322.8634 1.7261 0.5924 0.7970 5.9781 1.4388 7.4112 -7.0436 0.0799
Cyclist -1 -1 -7.9445 504.0913 182.7849 511.7245 207.0593 1.5744 0.3588 1.6268 -6.8724 2.2505 48.3121 -8.0855 0.0792
Car -1 -1 -3.7329 714.9076 167.8615 779.8108 196.1783 1.6698 1.6124 3.6022 8.3394 1.3751 43.9986 -3.5472 0.0775
Pedestrian -1 -1 -3.9505 1111.9305 166.4993 1124.2185 188.4381 1.6747 0.4896 0.6041 38.9658 1.1893 55.3794 -3.3400 0.0771
Car -1 -1 -7.2716 1241.0000 135.7835 1241.0000 374.0000 1.5606 1.5925 4.0946 6.9125 1.3586 4.8359 -6.3396 0.0737
Pedestrian -1 -1 -6.8004 990.6337 169.8861 1004.4884 195.1898 1.7783 0.7453 0.5684 27.4063 1.5694 51.0876 -6.3107 0.0734
Car -1 -1 -6.0424 906.9059 167.7491 968.5271 190.2724 1.9105 1.7677 4.6374 28.7084 1.4772 63.3283 -5.6188 0.0699
Pedestrian -1 -1 -6.1961 373.8051 177.1963 384.2697 203.7568 1.9133 0.6707 0.6695 -16.8347 2.2314 52.5073 -6.5052 0.0665
Car -1 -1 -5.3512 0.0000 167.9605 142.8464 293.0122 1.7812 1.7155 4.3520 -10.1044 1.7112 11.6027 -6.0564 0.0590
Pedestrian -1 -1 -7.0531 1026.7213 161.4309 1112.1956 292.5111 1.5877 0.5000 0.7829 5.7097 1.4491 9.0701 -6.5065 0.0582
Car -1 -1 -6.0960 890.4657 165.1481 983.3918 197.2587 1.5088 1.6600 3.9536 16.1127 1.1464 35.7138 -5.6755 0.0582
Car -1 -1 -4.7582 204.3463 184.5307 231.3825 204.5702 1.4446 1.6827 4.2663 -30.9834 2.4019 56.9117 -5.2550 0.0520
Car -1 -1 -4.5484 416.6606 180.9378 441.7910 198.9816 1.6416 1.6856 4.2528 -17.4669 2.4477 69.7911 -4.7931 0.0515
Car -1 -1 -4.6700 967.2348 172.3659 997.8212 198.6211 1.7158 1.6938 4.3572 25.5382 1.6836 49.4653 -4.1962 0.0511
Pedestrian -1 -1 -4.9583 1012.4948 148.5421 1048.3990 219.6797 1.8891 0.6610 0.8094 11.3819 1.2432 19.6393 -4.4399 0.0501
Pedestrian -1 -1 -5.2056 1.4680 159.5384 24.5401 195.1460 1.7725 0.5913 0.7938 -30.1074 1.1094 36.3422 -5.8939 0.3409
Pedestrian -1 -1 -5.6873 713.7498 178.1685 732.5102 208.0481 1.6587 0.7859 0.7336 6.3577 1.9628 40.7834 -5.5343 0.1987
Cyclist -1 -1 -2.6732 213.8678 184.3159 248.9875 218.4186 1.8578 0.7365 1.5571 -20.9836 2.4979 39.9391 -3.1545 0.1095
Cyclist -1 -1 -4.2552 220.4684 186.5564 244.9304 218.2842 1.6978 0.5620 1.5835 -20.9921 2.4742 40.0984 -4.7350 0.0950
Cyclist -1 -1 -7.9357 721.9803 177.7971 730.4534 207.3148 1.6397 0.3472 1.5412 6.5824 1.9265 41.1254 -7.7787 0.0942
Cyclist -1 -1 -4.2846 0.0000 158.4464 23.6129 194.6056 1.7698 0.5284 1.8084 -30.2896 1.0643 36.2577 -4.9771 0.0850
Cyclist -1 -1 -8.0909 726.5253 179.3110 740.4354 213.2933 1.6144 0.3152 1.5326 6.0015 1.9374 35.3482 -7.9247 0.0805
Cyclist -1 -1 -4.3523 469.4642 182.7554 486.9071 217.7317 1.6801 0.4009 1.3511 -6.5649 2.1801 35.7567 -4.5331 0.0773
Pedestrian -1 -1 -4.9414 9.1302 161.7928 28.6573 196.0160 1.7029 0.6785 0.4416 -29.7820 1.1522 36.3069 -5.6249 0.0730
Cyclist -1 -1 -7.5453 459.3170 180.3025 479.8913 218.3626 1.7048 0.4648 1.6300 -6.5456 2.0587 33.4826 -7.7374 0.0678
Pedestrian -1 -1 -8.2007 764.6285 171.5251 785.9712 216.0436 1.7805 0.6200 0.7601 6.6570 1.7270 29.2731 -7.9799 0.0675
Pedestrian -1 -1 -7.8201 776.9711 177.4551 791.7358 220.2442 1.5431 0.5087 0.6276 6.3525 1.7139 26.4694 -7.5877 0.0597
Cyclist -1 -1 -5.2784 0.0000 157.0905 30.6736 194.6398 1.8497 0.6833 1.7327 -30.0287 1.0729 36.1360 -5.9682 0.0593
Cyclist -1 -1 -7.3653 461.7348 178.6326 489.6249 217.9790 1.7627 0.5784 1.6203 -6.2531 2.0371 33.4371 -7.5493 0.0579
Cyclist -1 -1 -7.9695 732.2590 177.0487 743.9152 212.5175 1.6240 0.3579 1.5561 5.9896 1.8260 34.0096 -7.7973 0.0542
Car -1 -1 -7.7643 588.8165 179.8082 619.3580 204.7807 1.5478 1.6624 4.3245 -0.3834 2.0332 48.1803 -7.7728 0.8160
Car -1 -1 -4.6066 432.1125 184.3441 468.7237 211.2320 1.4781 1.7224 4.3125 -9.6690 2.2111 43.8145 -4.8230 0.6095
Car -1 -1 -4.5990 478.8170 182.4406 504.3653 200.4886 1.4735 1.7451 4.2533 -10.3860 2.3441 63.3791 -4.7612 0.4040
Car -1 -1 -4.5619 468.2857 182.7901 502.8357 209.2511 1.5038 1.5630 3.5972 -7.6115 2.1369 44.1816 -4.7320 0.1770
Car -1 -1 -5.8937 178.1269 188.1895 264.1219 216.6667 1.5186 1.6379 3.9315 -21.8500 2.4024 40.5843 -6.3851 0.1622
Car -1 -1 -4.4395 342.6136 181.4305 434.0845 238.2035 1.6288 1.7231 4.3617 -7.1465 1.9347 23.5616 -4.7314 0.1565
Car -1 -1 -6.5705 716.7439 174.9192 796.3805 203.3831 1.5750 1.6640 4.1402 8.2738 1.6953 41.0893 -6.3737 0.1309
Car -1 -1 -6.9580 774.0838 176.7878 893.4591 219.4497 1.5068 1.6419 4.2226 8.4266 1.6638 27.3127 -6.6623 0.1208
Car -1 -1 -4.5163 429.7125 183.6111 479.4243 219.2784 1.5271 1.5822 3.7370 -7.2807 2.0603 33.9061 -4.7267 0.1107
Car -1 -1 -4.8908 431.3372 183.0428 458.5757 200.3442 1.3874 1.6455 3.7930 -14.3151 2.2968 62.3604 -5.1159 0.0991
Car -1 -1 -4.5478 398.5193 184.0988 461.1158 228.7587 1.5798 1.7386 4.2845 -7.1500 2.0633 28.8363 -4.7893 0.0963
Car -1 -1 -6.6541 971.7234 179.8390 1052.9028 204.2340 1.5370 1.7145 4.3133 26.2464 2.0051 47.2465 -6.1501 0.0933
Car -1 -1 -5.6167 250.9212 184.4453 336.3080 216.0085 1.7232 1.7702 4.3793 -18.3629 2.4176 41.8355 -6.0283 0.0781
Car -1 -1 -4.5537 449.9141 181.8093 491.7608 213.8268 1.6006 1.6191 4.0076 -7.5461 2.1124 39.2322 -4.7430 0.0697
Car -1 -1 -6.8476 733.9606 177.1076 826.5520 212.1048 1.5528 1.6560 3.9505 7.9247 1.7601 33.7957 -6.6198 0.0683
Car -1 -1 -7.5616 286.5651 189.2231 401.0779 255.1049 1.4592 1.6660 4.3055 -6.9827 1.9456 19.2631 -7.9055 0.0652
Car -1 -1 -4.8184 481.9603 182.2400 509.2957 202.6766 1.4951 1.6829 4.3835 -9.1406 2.2701 57.2672 -4.9764 0.0605
