Pedestrian -1 -1 -4.8970 1019.1887 204.7705 1100.9825 369.0000 1.2736 0.3987 0.5409 3.2834 1.4643 5.2204 -4.3605 0.0941
Pedestrian -1 -1 -4.0512 843.4570 154.2069 854.3109 191.1962 1.8518 0.4652 0.2440 12.2803 0.5356 35.6583 -3.7204 0.0864
Pedestrian -1 -1 -4.9194 1162.7416 226.8492 1223.0000 357.7352 1.0842 0.3467 0.5564 5.2927 1.5265 6.4141 -4.2519 0.0807
Cyclist -1 -1 -4.8721 670.5017 167.0269 689.8771 209.2547 1.6551 0.5293 1.5810 2.9943 1.1273 28.5167 -4.7669 0.0753
Pedestrian -1 -1 -4.8121 1179.0012 170.1951 1223.0000 269.4844 1.6265 0.5689 0.6974 10.1248 1.4581 12.0305 -4.1239 0.0744
Pedestrian -1 -1 -4.6895 298.5385 188.7704 316.1642 237.7109 1.2633 0.4158 0.4583 -7.8828 1.4850 18.6376 -5.0818 0.0638
Pedestrian -1 -1 -3.4168 276.0354 200.2527 319.3203 286.5334 1.1724 0.3420 0.4903 -4.4089 1.4609 10.0259 -3.8177 0.0622
Car -1 -1 -4.2154 458.1897 165.6488 576.1268 229.7314 1.6854 1.6545 4.1396 -2.4903 1.2951 20.8245 -4.3308 0.0615
Pedestrian -1 -1 -4.8318 387.9797 161.8280 420.6396 246.6500 1.7578 0.5774 0.8656 -4.3556 1.3712 15.1631 -5.1041 0.0613
Car -1 -1 -4.8331 592.0269 173.2979 644.0476 213.4136 1.5448 1.6627 4.1341 0.4425 1.2677 29.3700 -4.8164 0.0572
Pedestrian -1 -1 -4.2125 260.1226 187.3604 300.2516 272.1901 1.3130 0.4529 0.3723 -5.1814 1.4238 11.1798 -4.6338 0.0556
Pedestrian -1 -1 -6.5023 1152.7860 165.0439 1188.6388 238.0502 1.8501 0.6848 0.5863 14.6323 1.4587 18.3529 -5.8361 0.0550
Car -1 -1 -2.0751 0.0000 172.6520 0.0000 294.3308 1.5537 1.6140 4.2373 -11.5684 1.4539 10.3179 -2.9005 0.0549
Pedestrian -1 -1 -6.6762 529.8372 175.0090 573.2051 251.4906 1.5550 0.5339 0.7574 -1.1658 1.4437 14.7846 -6.7515 0.0533
Cyclist -1 -1 -7.7871 509.3205 163.5551 544.9033 262.8101 1.7118 0.5351 1.7805 -1.4676 1.4200 13.0948 -7.8942 0.0532
Pedestrian -1 -1 -4.7657 451.0334 166.2085 481.5755 249.2756 1.7136 0.5960 0.8340 -3.0070 1.4191 15.0626 -4.9570 0.0519
Car -1 -1 -5.5369 0.0000 177.4785 128.3600 220.2612 1.4901 1.6350 4.2649 -19.9286 1.3851 25.6390 -6.1898 0.0517
Car -1 -1 -3.7636 1092.4274 177.0670 1223.0000 369.0000 1.4895 1.5241 3.7196 5.2284 1.4757 4.1285 -2.8965 0.0506
Pedestrian -1 -1 -3.8226 1086.9427 136.9990 1208.6388 315.4636 1.8830 0.5795 0.8994 5.8889 1.4244 7.7720 -3.1920 0.8132
Pedestrian -1 -1 -8.1332 838.5598 168.5966 871.1820 233.6408 1.6050 0.6019 0.6972 6.2446 1.3116 17.8114 -7.7998 0.1655
Pedestrian -1 -1 -4.1358 661.4170 139.0771 679.1880 171.7946 1.8047 0.6264 0.8645 3.6664 -0.4967 39.8181 -4.0426 0.1551
Pedestrian -1 -1 -7.4828 16.1994 168.7762 73.0641 258.4427 1.7598 0.6603 0.7840 -11.3971 1.5301 14.3461 -8.1416 0.1359
Pedestrian -1 -1 -4.2897 747.4577 164.9454 791.8576 253.5455 1.7183 0.5722 0.8578 3.2723 1.4170 14.2269 -4.0668 0.1289
Pedestrian -1 -1 -7.9906 548.6083 159.0312 577.9352 234.1149 1.8294 0.6396 0.7040 -1.0884 1.3066 17.6343 -8.0493 0.1087
Pedestrian -1 -1 -9.0052 1019.4124 155.9793 1074.7273 268.0062 1.7847 0.5643 0.6000 7.2445 1.3945 11.6715 -8.4602 0.1053
Cyclist -1 -1 -4.1215 44.6856 161.4138 137.8605 264.1080 1.7714 0.5238 1.6922 -9.4722 1.4426 13.0482 -4.7361 0.1051
Pedestrian -1 -1 -5.0454 769.8201 161.7679 821.2701 264.6118 1.7475 0.6306 0.8347 3.2937 1.4296 12.4549 -4.7914 0.1005
Pedestrian -1 -1 -4.4327 0.0000 175.9181 49.5176 262.6942 1.6846 0.6275 0.7162 -11.6895 1.5960 14.1773 -5.1095 0.0980
Pedestrian -1 -1 -4.3357 857.9626 164.6074 908.4242 267.1595 1.6653 0.5737 0.7195 4.6515 1.4076 11.9406 -3.9715 0.0886
Pedestrian -1 -1 -3.6229 817.6533 174.9266 863.1885 253.1472 1.5223 0.5058 0.7040 4.6319 1.4142 14.0690 -3.3098 0.0851
Cyclist -1 -1 -6.2981 655.1562 137.9385 686.9347 170.9921 1.8210 0.6859 1.7569 3.6791 -0.5380 39.6020 -6.2040 0.0844
Pedestrian -1 -1 -8.0947 777.5812 167.3848 806.9064 233.0579 1.6128 0.5688 0.6441 4.6362 1.2911 17.6899 -7.8410 0.0838
Cyclist -1 -1 -7.2258 69.7275 169.6176 158.6374 262.9005 1.6452 0.4699 1.6722 -9.2373 1.4536 13.3134 -7.8194 0.0809
Cyclist -1 -1 -8.1932 838.1177 167.7634 879.8322 234.1084 1.6273 0.5505 1.4232 6.4228 1.3152 18.0541 -7.8553 0.0763
Pedestrian -1 -1 -7.9749 949.4396 166.1898 991.2844 269.7094 1.6498 0.5346 0.6096 5.9570 1.4222 11.6455 -7.5114 0.0761
Cyclist -1 -1 -2.9928 649.0720 140.5715 680.4077 172.3315 1.7695 0.6242 1.6992 3.3822 -0.4695 40.1511 -2.9072 0.0753
Pedestrian -1 -1 -7.7815 665.5458 167.8594 701.8722 260.5816 1.6670 0.6191 0.8068 1.4266 1.4402 13.1642 -7.6744 0.0723
Cyclist -1 -1 -4.7228 669.9678 140.3347 678.7642 171.6828 1.7112 0.4764 1.6128 3.8949 -0.5075 39.8844 -4.6241 0.0718
Pedestrian -1 -1 -4.5944 689.3763 167.7832 722.9540 252.1984 1.6818 0.6040 0.7297 2.0377 1.4288 14.5162 -4.4562 0.0711
Pedestrian -1 -1 -8.0877 646.2805 160.7041 676.0135 232.8943 1.7702 0.6023 0.6683 1.3591 1.2851 17.7150 -8.0107 0.0710
Pedestrian -1 -1 -6.1648 1129.9856 137.1178 1200.3881 263.4059 1.9692 0.6283 0.8402 9.0926 1.2932 11.5435 -5.5093 0.0660
Cyclist -1 -1 -8.0799 950.6060 168.1837 1020.4702 277.8465 1.5887 0.5431 1.8561 5.9351 1.4107 11.2095 -7.6029 0.0658
Pedestrian -1 -1 -8.6675 836.4395 159.3409 891.0338 260.6373 1.7681 0.6283 0.6814 4.6252 1.3992 12.7878 -8.3267 0.0656
Pedestrian -1 -1 -4.0166 997.7220 168.1513 1049.8903 267.4693 1.6592 0.5058 0.6003 7.1446 1.4532 12.1527 -3.4948 0.0649
Pedestrian -1 -1 -4.0261 671.8711 157.4425 712.4539 232.4904 1.8248 0.6054 0.8541 2.1432 1.2645 17.7060 -3.9060 0.0638
Pedestrian -1 -1 -7.9175 983.8331 162.3189 1024.3612 270.0163 1.7129 0.5358 0.5837 6.5004 1.4241 11.6233 -7.4175 0.0629
Pedestrian -1 -1 -7.8580 961.3835 154.8144 1003.4804 266.7163 1.7905 0.6012 0.7275 6.2241 1.3799 11.7742 -7.3811 0.0627
Cyclist -1 -1 -5.0203 655.2021 138.0105 673.8729 170.1443 1.7493 0.5709 1.6699 3.3398 -0.5976 39.9326 -4.9353 0.0624
Pedestrian -1 -1 -5.1961 900.8425 195.8098 943.1108 272.8947 1.1858 0.4332 0.4861 4.9811 1.4351 11.2378 -4.7875 0.0624
Cyclist -1 -1 -8.1307 853.9786 175.4833 922.1221 279.6297 1.5030 0.5312 1.6630 4.3345 1.4310 11.0557 -7.7650 0.0584
Pedestrian -1 -1 -9.0435 954.4894 165.3629 991.9448 249.6491 1.6103 0.5345 0.4913 7.1760 1.3215 13.8694 -8.5736 0.0579
Pedestrian -1 -1 -4.3381 1061.9243 151.6670 1117.9071 267.6090 1.8204 0.5416 0.6967 7.8521 1.3681 11.5229 -3.7511 0.0577
Cyclist -1 -1 -3.5727 973.7355 153.9862 1119.7716 267.7820 1.8137 0.6011 1.9794 7.2044 1.3915 11.6779 -3.0304 0.0575
Pedestrian -1 -1 -7.8088 612.9601 162.2720 640.2148 234.8754 1.7779 0.6511 0.7344 0.5054 1.3319 17.7051 -7.7790 0.0571
Pedestrian -1 -1 -5.0510 999.5208 154.2997 1051.0842 265.5473 1.7803 0.5571 0.6005 6.8698 1.3614 11.6613 -4.5288 0.0570
Pedestrian -1 -1 -4.1873 1077.8650 153.2556 1139.5638 268.6775 1.8178 0.5271 0.7355 8.1613 1.3891 11.5305 -3.5827 0.0559
Pedestrian -1 -1 -8.2568 807.3984 159.5835 859.9871 262.4326 1.7526 0.6367 0.7399 3.9653 1.3965 12.4483 -7.9541 0.0557
Pedestrian -1 -1 -3.1464 202.4025 163.0669 240.2093 252.5298 1.7038 0.5521 0.6403 -7.5630 1.3721 13.8599 -3.6344 0.0556
Pedestrian -1 -1 -8.7917 825.2151 161.1726 880.3684 263.1079 1.7434 0.6595 0.6638 4.3478 1.4132 12.5535 -8.4643 0.0552
Cyclist -1 -1 -6.5481 817.7095 165.3626 887.0539 233.1097 1.6898 0.6416 1.5507 6.2404 1.3125 18.0060 -6.2183 0.0547
Cyclist -1 -1 -3.5993 839.9310 176.0724 968.2521 275.3505 1.5201 0.7186 1.7430 4.6806 1.4527 11.2469 -3.2131 0.0537
Pedestrian -1 -1 -6.1217 665.6421 155.1507 703.7990 230.0395 1.8886 0.5385 0.9030 2.0160 1.2496 18.2112 -6.0115 0.0534
Pedestrian -1 -1 -2.7123 119.3909 164.6445 169.6988 253.6973 1.7295 0.5266 0.6780 -9.1781 1.4219 14.0388 -3.2792 0.0519
Pedestrian -1 -1 -6.3914 757.8546 166.5066 796.9242 233.9155 1.6804 0.5494 0.9068 4.3271 1.3319 17.9548 -6.1572 0.0502
Car -1 -1 -6.2191 653.6132 142.2076 720.0713 170.1038 1.5105 1.6153 3.6609 4.6679 -0.6082 40.2453 -6.1024 0.1046
