Pedestrian -1 -1 -8.5366 771.9372 167.0925 795.4448 213.4343 1.7663 0.6385 0.6157 6.6730 1.5464 27.9175 -8.3049 0.2405
Pedestrian -1 -1 -3.0820 1041.1094 164.3205 1050.9144 195.2648 1.8007 0.7091 0.4547 25.5908 1.3038 42.4073 -2.5424 0.0941
Pedestrian -1 -1 -7.8082 722.4098 180.9867 743.9977 238.5085 1.5428 0.5574 0.7540 3.3525 1.7716 19.8996 -7.6446 0.0836
Car -1 -1 -5.3916 954.9125 164.0739 1000.4248 181.3510 1.6202 1.6673 4.1740 35.5296 0.7965 69.8795 -4.9231 0.0767
Pedestrian -1 -1 -6.6863 1216.5662 158.5232 1241.0000 250.3311 1.7734 0.5139 0.4863 12.3534 1.4963 14.2550 -5.9829 0.0725
Car -1 -1 -4.9074 814.9377 175.0440 864.0510 205.2926 1.4265 1.5726 4.1268 11.4878 1.5434 36.4719 -4.6050 0.0698
Pedestrian -1 -1 -3.9613 1080.5786 153.6414 1101.0383 200.2179 1.8965 0.5271 0.4615 19.7372 1.1139 29.6896 -3.3794 0.0692
Cyclist -1 -1 -7.5016 792.0610 164.6703 818.7413 208.2658 1.7680 0.5355 1.6743 8.1175 1.4358 30.1002 -7.2411 0.0691
Car -1 -1 -2.2711 0.0000 188.2914 24.8698 339.6201 1.6566 1.6856 4.3088 -10.1675 1.8691 9.0165 -3.1016 0.0688
Pedestrian -1 -1 -5.1965 335.6326 174.3710 388.2423 283.3887 1.8284 0.5852 0.7530 -4.3831 1.8556 12.5858 -5.5259 0.0670
Car -1 -1 -7.6069 860.7427 161.7345 891.0262 181.1525 1.6510 1.6459 3.7004 23.3391 0.7053 63.3389 -7.2555 0.0636
Pedestrian -1 -1 -3.9271 1097.4960 152.0402 1121.6309 205.0719 1.8751 0.5215 0.4819 17.8217 1.1388 25.8126 -3.3284 0.0599
Car -1 -1 -8.1003 1165.1747 167.9523 1241.0000 237.3367 1.4850 1.5421 3.5282 14.7227 1.3798 17.3664 -7.4058 0.0517
Car -1 -1 -7.7775 839.9261 167.4826 868.7701 191.3320 1.5731 1.5974 3.9109 16.8301 1.2185 49.7039 -7.4530 0.0515
Pedestrian -1 -1 -3.3003 1027.7866 165.2260 1042.1051 192.2417 1.8424 0.4945 0.7778 29.1636 1.3219 49.5788 -2.7714 0.0500
Pedestrian -1 -1 -4.0428 826.4105 168.0264 836.4382 198.3365 1.7184 0.4352 0.3315 12.5996 1.4444 41.1797 -3.7482 0.1270
Pedestrian -1 -1 -5.9056 994.9121 164.3625 1019.6965 203.4722 1.7216 0.5156 0.8402 17.7122 1.3475 32.2489 -5.4075 0.1011
Pedestrian -1 -1 -7.8051 1103.0951 168.1447 1153.3228 272.7697 1.6346 0.6428 0.5491 8.3391 1.5607 11.6867 -7.1978 0.0596
Car -1 -1 -8.0549 1046.0187 164.4301 1219.2721 269.4005 1.6494 1.7209 4.3392 9.5685 1.5167 13.6708 -7.4548 0.9532
Car -1 -1 -4.5576 799.4398 177.7547 875.5007 235.7218 1.4654 1.5289 3.7249 6.5116 1.6186 20.5891 -4.2561 0.9450
Car -1 -1 -7.9674 989.5804 163.5134 1039.3546 203.3431 1.7431 1.6084 3.4805 18.6670 1.3340 33.4927 -7.4630 0.9152
Car -1 -1 -7.8082 875.8569 172.2077 913.9451 203.3329 1.4479 1.5884 3.9055 14.0836 1.4176 35.6727 -7.4354 0.8750
Car -1 -1 -6.7588 1030.6899 170.9049 1121.3140 199.5112 1.4412 1.6059 3.6020 24.0009 1.3427 37.3168 -6.1911 0.3237
Car -1 -1 -7.7278 888.8237 169.0679 922.7532 194.3130 1.5598 1.5691 3.8434 19.1167 1.3256 46.6410 -7.3414 0.0971
Car -1 -1 -7.7387 810.3110 168.1105 846.1996 196.5381 1.6504 1.6507 4.0818 13.3403 1.3747 44.0913 -7.4471 0.0829
Car -1 -1 -4.7493 985.3493 166.1363 1020.2872 194.8064 1.6094 1.6395 4.3040 23.2074 1.2320 42.7961 -4.2555 0.0802
Car -1 -1 -3.2497 746.2849 173.3582 833.7366 202.6389 1.4934 1.6613 4.3011 9.3607 1.5204 37.9452 -3.0101 0.0755
Car -1 -1 -4.6886 849.6030 169.8295 879.2586 196.3051 1.5388 1.6246 4.4164 15.6189 1.3627 44.2894 -4.3520 0.0558
