Pedestrian -1 -1 -4.5570 342.7746 166.4707 371.7601 235.9341 1.8439 0.6200 0.8441 -6.9144 1.6742 19.6239 -4.8920 0.1691
Pedestrian -1 -1 -5.9211 460.3151 164.6477 471.1824 199.5470 1.9011 0.5711 0.4097 -7.9572 1.4538 39.6209 -6.1183 0.0682
Car -1 -1 -4.8145 773.0445 143.4213 804.4860 167.9045 1.5951 1.6889 4.1578 12.3245 -0.3586 50.0634 -4.5744 0.0592
Pedestrian -1 -1 -3.5518 283.4092 173.8121 303.4608 223.1335 1.8005 0.6157 0.4749 -11.7772 1.8362 26.7379 -3.9634 0.0543
Pedestrian -1 -1 -7.4905 421.8690 163.1723 439.8697 203.6540 1.8876 0.6435 0.6238 -8.4770 1.4358 33.9922 -7.7334 0.2819
Pedestrian -1 -1 -7.0241 1048.5818 156.9874 1071.2963 197.4028 1.7792 0.6540 0.5642 19.9939 1.0804 32.1380 -6.4719 0.2748
Cyclist -1 -1 -8.3614 893.7938 154.8443 957.1475 238.5885 1.7649 0.5121 1.7098 6.9437 1.3851 16.0839 -7.9610 0.2636
Pedestrian -1 -1 -5.4534 58.2761 172.0523 122.5025 286.0697 1.7414 0.5668 0.5972 -8.2268 1.7288 11.3603 -6.0693 0.1941
Pedestrian -1 -1 -5.3930 1048.8322 166.2785 1091.1838 246.5572 1.5331 0.4946 0.4929 8.9010 1.4073 14.0554 -4.8384 0.1912
Pedestrian -1 -1 -3.9917 1184.9263 145.7006 1241.0000 280.7934 1.6509 0.5479 0.6567 7.7686 1.3188 9.1409 -3.3034 0.1483
Pedestrian -1 -1 -8.2059 932.7169 151.8956 971.2989 226.5837 1.8260 0.6172 0.8367 8.5079 1.3133 18.0820 -7.7729 0.1469
Cyclist -1 -1 -3.8615 1010.3912 165.5632 1113.8181 250.1606 1.5997 0.5458 1.8079 8.7534 1.4615 14.0685 -3.3148 0.1413
Pedestrian -1 -1 -8.0631 1038.6624 171.1137 1073.4381 235.1222 1.6520 0.6524 0.6601 11.7102 1.6068 19.0408 -7.5192 0.1409
Pedestrian -1 -1 -8.4682 1007.7567 169.4572 1046.4265 248.2891 1.4878 0.5109 0.3888 7.9406 1.4234 13.8374 -7.9569 0.1286
Pedestrian -1 -1 -3.9276 1197.6019 132.2479 1241.0000 252.8208 1.8381 0.6334 0.6679 9.7769 1.2188 11.3442 -3.2293 0.1218
Pedestrian -1 -1 -8.4331 949.6707 164.7110 999.2352 249.9379 1.5981 0.5419 0.7233 6.9672 1.4451 13.9219 -7.9782 0.1156
Cyclist -1 -1 -6.4638 810.8066 144.1537 840.2698 172.4963 1.8690 0.5934 1.7989 14.2923 -0.0243 47.9818 -6.1759 0.1110
Pedestrian -1 -1 -3.9527 252.2391 176.9799 287.9607 249.3733 1.6436 0.5783 0.4801 -7.9331 1.7408 16.7373 -4.3896 0.1044
Pedestrian -1 -1 -8.1686 924.7590 158.9626 960.9487 237.0720 1.7448 0.5993 0.5638 7.5195 1.4342 16.4303 -7.7467 0.0995
Pedestrian -1 -1 -6.8532 1084.2343 140.0959 1150.5175 258.6232 1.7596 0.5420 0.6310 7.6600 1.2730 10.9904 -6.2574 0.0956
Pedestrian -1 -1 -2.0601 198.2926 170.1501 247.5744 259.7761 1.7415 0.5934 0.7426 -7.8162 1.6886 14.4733 -2.5480 0.0866
Pedestrian -1 -1 -5.1789 970.7479 145.3783 1018.1776 229.9261 1.8418 0.5876 0.9049 8.5508 1.2430 16.1739 -4.7005 0.0860
Pedestrian -1 -1 -5.3719 1014.6272 157.5129 1057.5896 229.9876 1.8335 0.5731 0.8201 10.9809 1.4451 18.6987 -4.8482 0.0854
Cyclist -1 -1 -6.9913 1036.5414 156.8646 1082.2070 196.7960 1.7575 0.6558 1.7210 20.0146 1.0534 32.2143 -6.4396 0.0851
Cyclist -1 -1 -3.6777 982.5175 164.4599 1091.6655 251.8557 1.6359 0.5691 1.7585 8.0968 1.4785 13.8044 -3.1570 0.0833
Pedestrian -1 -1 -7.3538 828.7780 147.1019 843.2400 174.3826 1.7851 0.6672 0.6825 14.9052 0.0997 47.6905 -7.0526 0.0747
Cyclist -1 -1 -4.3131 251.5077 178.7899 297.0239 251.2378 1.6057 0.4296 1.4493 -7.8657 1.7499 16.8424 -4.7444 0.0733
Cyclist -1 -1 -7.9923 1045.7086 160.8962 1086.9797 249.1925 1.6209 0.4240 1.7334 8.8544 1.4010 14.1244 -7.4422 0.0681
Pedestrian -1 -1 -4.9725 241.9724 179.5242 276.2177 252.2934 1.6151 0.5752 0.5818 -8.0760 1.7711 16.4974 -5.4219 0.0647
Pedestrian -1 -1 -5.0533 996.1077 147.9400 1038.0892 231.4685 1.8319 0.6382 0.6413 9.0729 1.2852 16.1923 -4.5507 0.0640
Cyclist -1 -1 -5.1096 1057.7401 156.1803 1088.5756 196.5768 1.6565 0.4798 1.6637 19.4823 0.9725 30.4473 -4.5449 0.0626
Cyclist -1 -1 -7.9825 1058.8351 165.9555 1099.3634 251.8207 1.5766 0.4271 1.6960 9.0944 1.4497 14.1079 -7.4199 0.0621
Pedestrian -1 -1 -8.0656 1053.5029 140.0777 1070.3633 171.9774 1.7873 0.6740 0.7067 25.5741 -0.0505 40.8983 -7.5098 0.0618
Cyclist -1 -1 -8.1724 1042.7826 157.5055 1071.9541 196.9691 1.7096 0.5806 1.7401 19.8860 1.0444 32.1714 -7.6231 0.0610
Pedestrian -1 -1 -8.6338 1020.6065 158.7990 1072.0576 248.4843 1.6521 0.6320 0.5449 8.1843 1.3929 13.6339 -8.1032 0.0608
Pedestrian -1 -1 -8.2375 1064.9919 141.1789 1083.4629 171.9801 1.7257 0.6566 0.7181 26.2475 -0.0503 40.8619 -7.6697 0.0606
Pedestrian -1 -1 -5.4830 364.3476 166.1333 384.6079 208.4390 1.7835 0.6151 0.5476 -10.1010 1.4999 30.8186 -5.7975 0.0604
Pedestrian -1 -1 -4.0829 916.2606 172.5796 955.8509 245.3195 1.5280 0.5682 0.5413 6.9660 1.5219 15.5386 -3.6692 0.0600
Pedestrian -1 -1 -7.5423 1161.8059 148.7592 1219.5953 258.8267 1.7057 0.5844 0.5608 9.2621 1.3320 11.5811 -6.8804 0.0543
Pedestrian -1 -1 -4.0237 1172.3723 135.7778 1241.0000 248.9160 1.8024 0.5911 0.7302 9.7732 1.2115 11.8587 -3.3467 0.0527
Pedestrian -1 -1 -5.6608 431.5619 162.1858 451.6053 202.2836 1.8577 0.6664 0.6495 -7.9423 1.3631 33.8601 -5.8898 0.0517
Cyclist -1 -1 -4.5930 251.9908 179.8486 281.4772 251.4177 1.5974 0.4573 1.4165 -8.1215 1.7691 16.9943 -5.0332 0.0513
Car -1 -1 -8.1109 748.9999 159.3465 940.0551 292.7275 1.6847 1.6762 4.2599 3.3208 1.5138 11.2614 -7.8322 0.9552
Car -1 -1 -4.4483 396.2725 178.3579 509.1096 253.6290 1.5283 1.6204 3.8005 -3.5869 1.6716 16.8780 -4.6553 0.9352
Car -1 -1 -7.6281 700.7083 172.0431 775.0889 221.3845 1.4991 1.6212 3.8611 4.2848 1.4741 24.0153 -7.4542 0.9127
Car -1 -1 -7.6606 539.2489 169.8992 603.2516 214.9408 1.5859 1.6365 4.3872 -1.4413 1.4816 27.6926 -7.7127 0.9115
Car -1 -1 -4.5424 458.8568 173.3659 518.6430 214.7513 1.4977 1.6128 4.2215 -4.7098 1.5189 28.2791 -4.7064 0.7271
Car -1 -1 -8.0401 805.1016 146.0038 842.7377 170.8826 1.6250 1.7381 4.0947 14.6148 -0.1416 49.5890 -7.7550 0.2589
Car -1 -1 -5.1929 562.1622 168.9048 611.0043 193.2564 1.6063 1.6177 4.1724 -1.6963 1.3455 49.8100 -5.2271 0.2524
Car -1 -1 -3.6007 1006.2756 139.5993 1092.1117 168.0212 1.5938 1.6558 3.9182 25.3384 -0.2868 41.7843 -3.0585 0.1462
Car -1 -1 -4.4252 389.8945 182.0114 479.3685 234.9926 1.4195 1.5678 4.0383 -5.2980 1.7258 22.1015 -4.6583 0.1030
Car -1 -1 -8.1444 727.5861 171.1837 795.0075 210.1899 1.4602 1.5992 3.8237 5.9481 1.3974 28.9869 -7.9444 0.0915
Car -1 -1 -7.2066 1208.9912 128.8283 1241.0000 374.0000 1.5956 1.6236 4.1315 6.9423 1.3327 5.1535 -6.3015 0.0810
Car -1 -1 -4.9151 834.7086 145.7243 873.3113 169.5264 1.5316 1.6897 4.0798 16.5329 -0.2368 49.1511 -4.5923 0.0569
