Pedestrian -1 -1 -4.1579 698.2411 163.7673 715.8843 200.4029 1.8031 0.5958 0.6945 5.2570 0.9306 35.8109 -4.0182 0.1269
Car -1 -1 -7.7510 605.0572 167.8922 628.8353 188.2166 1.7004 1.6703 4.0755 1.4041 0.5618 62.2232 -7.7334 0.1160
Pedestrian -1 -1 -4.1605 0.1324 225.9892 32.6188 282.9837 0.9408 0.2929 0.3503 -10.0983 1.7182 12.3501 -4.8411 0.0815
Car -1 -1 -7.4293 0.0000 188.6422 22.8722 324.3417 1.5443 1.6007 4.0430 -10.3821 1.6716 10.5761 -8.1986 0.0747
Pedestrian -1 -1 -3.4560 765.0542 165.0304 778.6256 190.8242 1.8828 0.4891 0.8581 12.5180 0.6805 52.7148 -3.2289 0.0713
Pedestrian -1 -1 -5.4997 219.3467 169.9048 238.4017 203.7453 1.8823 0.5318 0.8106 -20.9188 1.2375 40.3307 -5.9805 0.0684
Cyclist -1 -1 -5.1403 1012.2304 135.6590 1034.5800 165.8694 1.6802 0.4857 1.5976 24.4334 -0.9233 41.6179 -4.6169 0.0666
Car -1 -1 -3.4845 294.1433 179.2968 382.1122 205.6236 1.4716 1.7062 4.5535 -15.4444 1.3486 42.2677 -3.8379 0.0602
Pedestrian -1 -1 -8.7135 668.5897 170.2824 688.7465 210.8853 1.6763 0.6456 0.5527 3.2161 1.2135 30.0788 -8.6130 0.0592
Cyclist -1 -1 -5.0627 1193.8820 115.1050 1232.0272 165.0049 1.6803 0.4723 1.6773 21.7734 -0.6082 25.6326 -4.3683 0.0584
Car -1 -1 -4.8833 682.3721 171.2393 725.3671 201.2943 1.5607 1.6328 4.0529 5.5478 1.0281 39.3560 -4.7492 0.0552
Pedestrian -1 -1 -3.3122 1114.4313 128.2867 1140.0494 199.2699 1.8360 0.5395 0.4529 13.8091 0.4601 18.9208 -2.6932 0.0515
Car -1 -1 -7.9929 633.9382 173.1393 671.9937 199.3774 1.4549 1.6271 4.1440 2.9559 0.9914 41.9579 -7.9280 0.0511
Car -1 -1 -3.0726 522.4078 174.5173 588.8605 201.3670 1.5203 1.6096 3.7352 -2.6094 1.1251 41.4828 -3.1401 0.0508
Car -1 -1 -4.4691 449.3793 175.1700 491.7820 201.6183 1.4925 1.6090 3.8204 -7.6855 1.1354 42.4910 -4.6520 0.0505
Pedestrian -1 -1 -2.8172 553.2961 171.4106 567.3351 194.7001 1.7431 0.5463 0.9325 -3.0814 0.9879 54.1499 -2.8787 0.1723
Pedestrian -1 -1 -3.3723 1025.1494 136.5710 1080.3673 260.8150 1.7756 0.5673 0.5674 6.6140 1.1342 10.6228 -2.8317 0.1105
Cyclist -1 -1 -8.3204 956.8024 139.1386 976.1332 166.5192 1.6947 0.3984 1.6478 23.4657 -0.9804 46.1886 -7.8573 0.1083
Pedestrian -1 -1 -3.6454 812.1942 128.5473 927.8433 316.9160 1.8565 0.5051 0.9991 2.7075 1.3353 7.4133 -3.3121 0.1006
Pedestrian -1 -1 -4.3386 1156.0941 120.0410 1237.0000 303.1747 1.8439 0.6472 0.6424 6.4066 1.2258 7.6732 -3.6649 0.1004
Pedestrian -1 -1 -3.8314 1111.1854 125.2335 1218.6946 284.8723 1.8012 0.5426 0.8376 6.5184 1.1670 8.3967 -3.1915 0.0940
Pedestrian -1 -1 -3.8867 1089.7230 137.7121 1183.4612 284.5292 1.7180 0.5303 0.7557 6.4312 1.2063 8.7174 -3.2706 0.0887
Pedestrian -1 -1 -3.4758 985.5852 146.0843 1037.2415 257.4492 1.7577 0.5120 0.5853 6.5865 1.1993 11.6382 -2.9757 0.0837
Cyclist -1 -1 -5.2723 951.2056 137.6250 973.4799 165.2067 1.7006 0.4416 1.6844 23.1884 -1.0667 46.1678 -4.8138 0.0804
Pedestrian -1 -1 -4.9537 3.3536 173.6277 22.9337 209.7835 1.9136 0.6368 0.8066 -31.5490 1.4972 38.5161 -5.6417 0.0778
Pedestrian -1 -1 -3.3984 1049.5436 135.9776 1112.1993 268.4274 1.7851 0.5347 0.6030 6.6303 1.1722 10.0278 -2.8314 0.0766
Pedestrian -1 -1 -3.6081 996.4370 148.0095 1060.2346 263.3572 1.7105 0.5325 0.6621 6.4398 1.2145 10.9347 -3.0915 0.0743
Cyclist -1 -1 -8.4941 988.5441 128.5824 1028.2225 171.4208 1.6851 0.5010 1.6836 16.6898 -0.4263 29.5330 -7.9882 0.0721
Pedestrian -1 -1 -8.1495 378.5112 173.2887 398.0220 217.3411 1.7627 0.6156 0.5797 -8.6723 1.4345 29.1550 -8.4413 0.0695
Pedestrian -1 -1 -3.4738 1037.4194 139.9425 1094.3278 266.8308 1.7673 0.5130 0.5415 6.6095 1.1891 10.3143 -2.9207 0.0662
Cyclist -1 -1 -8.2221 1138.7360 119.8189 1168.4528 160.1503 1.7271 0.4483 1.7688 25.0546 -0.9969 32.6383 -7.5759 0.0623
Pedestrian -1 -1 -3.7640 1139.7814 116.3238 1237.0000 288.2130 1.8444 0.5468 0.8417 6.5722 1.1457 7.9995 -3.0975 0.0619
Pedestrian -1 -1 -4.0437 1128.4579 124.0130 1151.5778 165.5520 1.7994 0.5736 0.5936 23.7824 -0.7124 31.7450 -3.4094 0.0617
Pedestrian -1 -1 -3.8350 1075.2560 142.7424 1160.4811 279.7226 1.6723 0.4952 0.7241 6.4449 1.1998 9.0500 -3.2351 0.0598
Cyclist -1 -1 -8.3691 1143.8862 121.9685 1177.1573 161.6866 1.7104 0.4284 1.6364 25.3490 -0.9224 32.6129 -7.7170 0.0590
Cyclist -1 -1 -4.8889 1090.6504 128.7200 1110.6957 165.8904 1.6413 0.4574 1.6910 23.1258 -0.7424 33.3116 -4.2904 0.0574
Cyclist -1 -1 -6.6614 988.1625 123.2697 1040.8993 166.7983 1.7431 0.6636 1.7567 16.9372 -0.6129 29.5137 -6.1489 0.0552
Pedestrian -1 -1 -3.5882 917.6814 150.0527 965.9374 240.5818 1.7519 0.5317 0.6957 6.6661 1.1440 14.1739 -3.1609 0.0550
Cyclist -1 -1 -3.8956 1085.4729 126.4098 1129.2180 166.5124 1.7993 0.6142 1.6839 23.2077 -0.6968 32.9798 -3.2908 0.0536
Cyclist -1 -1 -8.5473 982.0048 128.4581 1020.6068 171.4786 1.6958 0.4352 1.6299 16.4099 -0.4237 29.5496 -8.0488 0.0512
Cyclist -1 -1 -5.3852 995.6135 121.5139 1036.7639 165.4838 1.7122 0.5122 1.6858 16.9803 -0.6765 29.4815 -4.8711 0.0510
Cyclist -1 -1 -5.0624 1105.2826 123.7193 1133.2468 162.9739 1.6875 0.4649 1.6830 23.4532 -0.8625 32.5781 -4.4469 0.0505
Cyclist -1 -1 -7.8093 633.7092 169.6257 640.4262 195.1701 1.6419 0.3768 1.6340 2.3417 0.8787 47.0024 -7.7647 0.0503
Car -1 -1 -6.2379 99.8869 180.0952 284.6238 239.7992 1.5387 1.6865 4.3647 -11.3920 1.5030 20.2486 -6.7501 0.9438
Car -1 -1 -6.9801 420.5187 175.7100 530.9671 219.9485 1.4737 1.5256 3.8431 -4.4793 1.2812 25.8914 -7.1549 0.9135
Car -1 -1 -7.7308 564.4877 171.1779 598.1542 196.8949 1.5317 1.6391 4.0289 -1.2076 0.9170 44.8651 -7.7625 0.7626
Car -1 -1 -4.2717 330.4339 180.5721 388.7873 209.1229 1.4344 1.4889 3.7268 -12.7359 1.3880 38.0253 -4.5979 0.7286
Car -1 -1 -1.9177 0.0000 179.8922 65.3376 219.6890 1.7049 1.7409 4.3433 -26.4026 1.6363 32.6396 -2.5989 0.2383
Car -1 -1 -3.1062 0.0000 175.4925 118.1206 213.6159 1.4962 1.6151 4.0366 -22.6623 1.2608 30.0127 -3.7537 0.2262
Car -1 -1 -5.2489 961.5580 121.1458 1051.3413 161.9150 1.5137 1.6232 3.6680 16.9645 -0.8771 30.3199 -4.7470 0.1611
Car -1 -1 -7.0406 406.9510 179.0200 512.8170 218.0844 1.4275 1.6386 4.1091 -5.5282 1.3372 28.3983 -7.2363 0.1526
Car -1 -1 -4.7756 1077.1421 126.3606 1127.3955 162.4240 1.4869 1.6572 4.0897 23.6913 -0.9635 34.1070 -4.1768 0.1454
Car -1 -1 -7.5896 553.1174 171.3197 585.3579 191.3213 1.4995 1.5742 3.8411 -2.4477 0.7362 55.8982 -7.6380 0.1412
Car -1 -1 -7.2844 0.0000 181.7383 80.6849 212.5739 1.5989 1.5972 4.0473 -30.6604 1.6127 39.3671 -7.9479 0.1206
Car -1 -1 -7.2590 1194.1865 123.2384 1237.0000 373.0000 1.5469 1.6171 4.2086 6.8726 1.2099 5.1296 -6.3589 0.1074
Car -1 -1 -8.2275 933.9409 138.4746 984.0202 163.9227 1.5142 1.6549 3.8121 23.5451 -1.2087 47.4273 -7.7735 0.1035
Car -1 -1 -4.3256 406.6095 171.5616 443.0729 199.5508 2.4505 1.7356 4.2915 -15.9298 1.5801 65.1383 -4.5696 0.1026
Car -1 -1 -4.6614 595.4044 169.0446 624.6368 195.6436 1.6547 1.7199 4.0700 0.6054 0.8799 46.7684 -4.6535 0.0936
Car -1 -1 -2.6216 118.8771 176.8099 227.5668 212.5333 1.5701 1.6113 3.9339 -19.2732 1.3643 32.4131 -3.1595 0.0656
Car -1 -1 -7.8816 52.0719 186.6993 96.8853 220.2753 1.5065 1.6366 3.9643 -25.6714 1.7745 34.9345 -8.5169 0.0613
Car -1 -1 -5.7795 392.2066 172.7505 449.5917 195.3805 1.8659 1.6451 4.4509 -15.1904 1.1443 60.5834 -6.0291 0.0586
Car -1 -1 -3.0753 524.4454 174.1691 590.9076 200.9736 1.5187 1.6112 3.7423 -2.4930 1.1035 41.5092 -3.1399 0.0538
Car -1 -1 -4.7008 535.9693 173.7975 560.8265 196.9930 1.5119 1.6179 3.7861 -3.5792 1.0099 48.7646 -4.7787 0.0515
