Cyclist -1 -1 -4.3061 227.5374 162.5103 321.9959 290.3539 1.7854 0.6472 1.7616 -5.0912 1.6406 10.9636 -4.7323 0.9309
Cyclist -1 -1 -4.2830 281.0971 168.1674 356.2038 267.6912 1.7672 0.5856 1.8965 -5.5671 1.6837 13.7740 -4.6610 0.8857
Cyclist -1 -1 -7.2586 622.0590 170.1593 663.3528 220.2765 1.8133 0.6046 1.8698 1.1962 1.7155 27.0365 -7.2156 0.7807
Pedestrian -1 -1 -3.9982 33.4777 163.1537 57.8344 200.1557 1.8996 0.6576 0.7612 -29.3159 1.4013 37.4392 -4.6592 0.1606
Pedestrian -1 -1 -2.9813 0.0000 161.5493 15.1779 231.9576 1.8821 0.5452 0.4421 -16.5740 1.5796 19.6345 -3.6757 0.1120
Cyclist -1 -1 -7.5714 537.8491 174.1845 560.6978 218.1893 1.6694 0.4502 1.6589 -2.4130 1.7229 28.2825 -7.6564 0.0881
Cyclist -1 -1 -4.3619 268.5163 172.5914 284.4135 197.8011 1.6999 0.4506 1.6472 -22.9007 1.6819 49.4921 -4.7935 0.0879
Pedestrian -1 -1 -3.7841 1103.2545 145.5837 1163.1178 250.2736 1.9218 0.5963 0.6894 9.7617 1.4209 13.5533 -3.1706 0.0797
Pedestrian -1 -1 -5.8400 566.1263 168.3464 580.9012 197.6309 1.9273 0.5825 0.8084 -2.4544 1.6303 47.9092 -5.8913 0.0786
Car -1 -1 -4.4687 774.6691 165.8040 809.8890 193.1574 2.0521 1.7146 4.1924 14.2519 1.5229 56.3852 -4.2227 0.0736
Pedestrian -1 -1 -8.6334 837.6221 161.5467 859.1775 203.0338 1.9213 0.6221 0.7371 11.1512 1.3974 33.8842 -8.3184 0.0711
Pedestrian -1 -1 -6.0616 168.1175 169.7211 185.6267 207.5413 1.8664 0.6372 0.6237 -21.6503 1.7115 36.0079 -6.5999 0.0683
Car -1 -1 -5.2117 713.4998 170.0132 750.2800 188.6510 1.6027 1.6018 3.7764 10.7653 1.3581 64.0918 -5.0464 0.0661
Pedestrian -1 -1 -3.9602 388.4727 172.3440 401.4682 205.0498 1.8550 0.5379 0.4675 -12.3301 1.8257 41.2525 -4.2492 0.0656
Pedestrian -1 -1 -3.4763 564.9480 168.1221 570.1240 193.7387 1.8528 0.4273 0.2485 -3.1164 1.5102 52.4318 -3.5358 0.0650
Pedestrian -1 -1 -4.4825 457.0754 171.0110 470.4204 202.9782 1.8534 0.6133 0.7388 -8.5894 1.7463 42.2127 -4.6824 0.0637
Pedestrian -1 -1 -4.8338 904.4778 163.2458 925.8941 213.6862 1.8103 0.6273 0.7675 11.0923 1.4652 26.3500 -4.4398 0.0627
Car -1 -1 -6.1241 163.4997 183.9624 242.5406 210.8382 1.5283 1.6290 3.9572 -24.5885 2.2226 43.6706 -6.6345 0.0624
Car -1 -1 -7.7899 671.4811 170.5638 691.8560 189.4449 1.6865 1.6236 3.9745 6.6137 1.4816 66.5415 -7.6916 0.0582
Pedestrian -1 -1 -5.6729 102.7118 168.4114 119.8723 198.3782 1.8595 0.5797 0.6706 -31.1785 1.5835 45.0643 -6.2755 0.0579
Pedestrian -1 -1 -5.7070 334.1225 165.9638 358.3065 216.4776 1.9107 0.6036 0.6462 -10.1537 1.6498 27.6598 -6.0561 0.0556
Pedestrian -1 -1 -3.1682 777.9225 172.7296 788.9435 196.8641 1.9879 0.5652 0.8719 14.3451 1.9774 59.7987 -2.9343 0.0548
Pedestrian -1 -1 -3.2694 625.5648 171.4728 634.3247 195.5611 1.8716 0.4856 0.6262 1.5281 1.7639 56.3336 -3.2428 0.0536
Car -1 -1 -4.6410 0.0000 169.4757 0.0000 194.8126 1.5731 1.6942 4.2383 -41.1233 1.3630 47.0012 -5.3571 0.0513
Car -1 -1 -4.6979 118.4898 175.2478 162.9032 211.7520 1.5515 1.6180 3.4310 -21.3252 1.6663 32.7982 -5.2709 0.0513
Pedestrian -1 -1 -3.1909 835.6239 164.6750 850.7814 203.0470 1.8258 0.6497 0.6600 11.1797 1.4363 34.7300 -2.8824 0.0504
Pedestrian -1 -1 -8.1785 884.0837 168.4836 918.4240 228.9933 1.6915 0.6419 0.9318 8.2753 1.5691 20.6520 -7.8029 0.8442
Pedestrian -1 -1 -7.7615 947.2361 165.7929 976.2691 233.3223 1.6972 0.5986 0.9577 9.0702 1.5194 18.6989 -7.3166 0.3320
Pedestrian -1 -1 -3.9593 296.9562 171.7125 328.6699 226.8555 1.7895 0.5550 0.8280 -9.8855 1.7521 23.9009 -4.3479 0.3065
Pedestrian -1 -1 -3.7721 1166.9701 136.5689 1192.5242 193.2722 1.8519 0.5499 0.4171 18.7766 0.6665 23.8457 -3.1110 0.3046
Cyclist -1 -1 -3.6302 805.6290 173.2523 860.4241 222.2017 1.6253 0.6983 1.6400 7.5083 1.6387 24.4664 -3.3364 0.2969
Pedestrian -1 -1 -7.7538 928.7311 173.6104 943.5468 206.8363 1.5675 0.6015 0.4731 15.5135 1.6037 34.4113 -7.3339 0.2837
Pedestrian -1 -1 -7.7023 825.5384 174.2741 853.6071 225.5734 1.5913 0.7449 0.7791 7.2491 1.6371 22.9236 -7.4004 0.2715
Cyclist -1 -1 -6.8972 1151.7255 133.5108 1221.8888 190.1542 1.8398 0.6631 1.7495 18.9709 0.5616 23.8135 -6.2304 0.2472
Pedestrian -1 -1 -6.3343 595.7711 170.6780 611.1352 200.8697 1.7928 0.5636 0.8902 -0.4301 1.6633 43.1537 -6.3447 0.2170
Pedestrian -1 -1 -3.7889 1046.3618 143.0494 1160.1876 307.0194 1.8345 0.5221 0.9764 5.6453 1.5007 8.3672 -3.2123 0.2081
Cyclist -1 -1 -7.0260 930.5359 166.3140 969.5690 204.6112 1.7952 0.7086 1.6389 16.1729 1.4884 34.4088 -6.5903 0.1795
Pedestrian -1 -1 -7.0474 1057.2520 167.0007 1114.2827 251.2989 1.6097 0.5600 0.7564 9.2525 1.4976 14.1254 -6.4776 0.1692
Pedestrian -1 -1 -7.3380 973.5062 172.6827 1013.7183 238.6461 1.5489 0.5908 0.6983 9.1872 1.5446 17.3802 -6.8593 0.1624
Cyclist -1 -1 -7.5000 728.6665 167.4644 756.8294 212.8747 1.7668 0.5754 1.6630 5.2902 1.5568 28.9356 -7.3215 0.1563
Cyclist -1 -1 -5.1608 752.2098 172.3563 776.7442 207.9536 1.7047 0.5781 1.4985 7.5165 1.6806 35.3502 -4.9535 0.1543
Pedestrian -1 -1 -3.1981 933.0989 167.4795 962.2831 228.0737 1.6486 0.5077 0.7006 9.3009 1.5021 19.9955 -2.7689 0.1515
Pedestrian -1 -1 -8.6993 921.2865 172.2250 940.2183 206.2611 1.6157 0.6684 0.5176 15.3502 1.5855 34.6256 -8.2855 0.1374
Cyclist -1 -1 -7.9942 352.8182 174.2838 370.9895 218.8910 1.6897 0.4470 1.6462 -9.7563 1.7470 28.2203 -8.3245 0.1360
Pedestrian -1 -1 -7.9608 1076.0432 148.3979 1155.3854 322.7470 1.7433 0.5894 0.8354 5.3263 1.4985 7.7210 -7.3753 0.1229
Cyclist -1 -1 -6.0779 163.7133 183.1266 247.8683 250.8325 1.5707 0.6089 1.6853 -9.7913 1.8264 17.4423 -6.5833 0.1211
Pedestrian -1 -1 -9.2035 1087.5557 147.8032 1194.9750 320.4482 1.7362 0.5941 0.8303 5.6506 1.4840 7.7632 -8.5929 0.1196
Pedestrian -1 -1 -2.7562 0.0000 198.1808 48.7611 282.6961 1.3718 0.4467 0.6454 -10.0294 1.8106 12.2025 -3.4336 0.1117
Cyclist -1 -1 -4.3105 547.5940 173.0710 566.3869 202.4696 1.6442 0.4930 1.5797 -3.0546 1.6565 41.1926 -4.3845 0.1087
Pedestrian -1 -1 -3.4960 1011.7988 170.6639 1072.5294 284.4486 1.5349 0.4217 0.6095 5.9177 1.5051 9.9919 -2.9748 0.1086
Pedestrian -1 -1 -6.6920 996.2589 170.3999 1043.7604 241.8514 1.5956 0.5786 0.7716 9.2777 1.5405 16.4376 -6.1864 0.1085
Cyclist -1 -1 -7.9384 824.7482 172.9455 842.6874 223.1342 1.6489 0.4419 1.5604 7.5444 1.6518 24.5170 -7.6439 0.1034
Cyclist -1 -1 -4.6311 725.6216 173.2858 737.1901 204.5935 1.6708 0.5104 1.4361 6.5770 1.6944 39.2848 -4.4669 0.1028
Pedestrian -1 -1 -5.6738 1129.4700 146.4899 1241.0000 317.7583 1.7357 0.6110 0.8307 6.1945 1.4683 7.8011 -5.0216 0.0992
Cyclist -1 -1 -5.7334 982.6868 167.7728 1063.8281 242.3590 1.6382 0.4734 1.6105 9.4600 1.5263 16.6653 -5.2252 0.0974
Pedestrian -1 -1 -5.8266 1189.2885 230.5091 1241.0000 374.0000 1.2187 0.3526 0.3254 3.3256 1.5446 3.8597 -5.1532 0.0972
Pedestrian -1 -1 -2.7384 0.0000 177.7536 27.7717 285.1547 1.6352 0.5307 0.5880 -9.6966 1.7143 11.3555 -3.4337 0.0970
Pedestrian -1 -1 -4.8874 1013.4863 156.3907 1064.7030 279.0390 1.7517 0.5496 0.5813 6.2775 1.5162 10.6713 -4.3683 0.0966
Cyclist -1 -1 -7.4833 403.9557 175.9075 430.1865 213.5801 1.6546 0.5248 1.8272 -8.7911 1.7970 32.7800 -7.7437 0.0964
Pedestrian -1 -1 -5.4176 1099.6750 176.5788 1175.2130 300.2287 1.4358 0.4742 0.5735 6.2928 1.4820 8.7051 -4.8083 0.0952
Pedestrian -1 -1 -6.1356 754.7618 172.8615 768.1412 207.2460 1.6650 0.6133 0.5589 7.3754 1.6650 35.3226 -5.9320 0.0948
Pedestrian -1 -1 -5.4012 1158.5360 241.0263 1241.0000 374.0000 1.1718 0.3327 0.3559 3.1397 1.5488 3.8094 -4.7499 0.0938
Cyclist -1 -1 -8.2647 1145.6262 123.5876 1241.0000 374.0000 1.7217 0.4526 1.6563 3.0678 1.5496 3.3744 -7.5700 0.0918
Cyclist -1 -1 -4.3685 365.8369 177.1959 386.6181 211.8949 1.5913 0.4566 1.4889 -11.0560 1.8003 34.0293 -4.6807 0.0917
Cyclist -1 -1 -8.3298 1049.0691 165.8863 1133.5220 252.6886 1.6136 0.6107 1.8187 9.4626 1.4838 14.3480 -7.7567 0.0911
Cyclist -1 -1 -3.6809 719.4614 172.0571 749.6288 203.8491 1.7055 0.6083 1.5221 6.7394 1.6624 39.2660 -3.5127 0.0907
Cyclist -1 -1 -3.8613 95.6437 188.1869 169.5142 260.8024 1.4698 0.4109 1.4121 -10.3763 1.8178 15.6508 -4.4391 0.0903
Pedestrian -1 -1 -7.3369 805.7946 178.0767 831.8474 224.8514 1.5501 0.6201 0.6279 7.0294 1.7300 24.4518 -7.0608 0.0898
Cyclist -1 -1 -3.1018 902.4275 166.3037 941.2032 203.8301 1.7716 0.6806 1.6904 14.9679 1.4621 34.7337 -2.6984 0.0877
Cyclist -1 -1 -8.8876 1138.0054 133.4975 1241.0000 374.0000 1.6787 0.5010 1.5620 3.3698 1.5390 3.3755 -8.1463 0.0876
Pedestrian -1 -1 -7.9289 731.5680 161.7317 751.9751 216.7184 1.9217 0.6405 0.9669 4.6453 1.5327 25.7303 -7.7529 0.0864
Cyclist -1 -1 -8.3895 1159.3107 136.3827 1208.4515 190.9458 1.7307 0.4412 1.7178 18.8254 0.5736 23.7666 -7.7256 0.0845
Pedestrian -1 -1 -3.5338 1084.3728 160.6342 1136.0967 252.1857 1.7480 0.6034 0.6468 9.7343 1.5144 14.1366 -2.9410 0.0841
Cyclist -1 -1 -3.4358 1037.7219 164.4585 1160.0256 252.6636 1.6309 0.6850 1.8323 9.3335 1.4754 13.9281 -2.8556 0.0819
Pedestrian -1 -1 -7.6958 247.8351 180.4389 266.2633 215.9546 1.6317 0.6683 0.7267 -16.5625 1.9913 33.7855 -8.1488 0.0817
Pedestrian -1 -1 -5.1481 1219.9968 206.8010 1241.0000 374.0000 1.3257 0.4359 0.4654 3.3916 1.5093 3.6261 -4.4364 0.0791
Pedestrian -1 -1 -7.4233 954.1577 140.6048 1025.5981 286.5245 1.8706 0.6025 0.7461 5.0598 1.4569 9.7176 -6.9563 0.0790
Cyclist -1 -1 -3.0244 737.3859 168.7277 771.4109 207.1980 1.8421 0.6768 1.5567 6.9878 1.6442 35.1104 -2.8300 0.0776
Pedestrian -1 -1 -3.9653 1008.5545 153.2129 1104.4365 306.2466 1.7624 0.5044 0.9094 5.3080 1.5359 8.6816 -3.4323 0.0770
Cyclist -1 -1 -7.9996 930.3540 175.4318 955.0779 230.7216 1.5569 0.4136 1.6391 9.7313 1.6355 21.2417 -7.5758 0.0761
Pedestrian -1 -1 -8.5788 723.0590 165.5896 748.1787 213.1908 1.8613 0.6251 0.7781 4.9507 1.5770 28.7093 -8.4104 0.0750
Pedestrian -1 -1 -6.1820 925.7593 170.1215 944.1349 206.8467 1.7153 0.6870 0.7310 15.3537 1.5874 34.1809 -5.7634 0.0743
Pedestrian -1 -1 -7.2098 714.4997 178.1960 739.7775 222.8156 1.5593 0.6418 0.6304 4.1375 1.7532 25.7729 -7.0532 0.0737
Cyclist -1 -1 -8.2123 1070.3419 161.4957 1132.7587 251.1309 1.6888 0.4083 1.8041 9.7981 1.4745 14.5194 -7.6286 0.0713
Cyclist -1 -1 -4.0218 1147.7961 154.9183 1241.0000 374.0000 1.6215 0.5301 1.4659 3.6813 1.5350 3.8437 -3.2961 0.0692
Cyclist -1 -1 -7.9737 583.2254 173.3136 596.8500 205.4249 1.6833 0.5308 1.6777 -1.1171 1.7082 38.7166 -8.0029 0.0662
Pedestrian -1 -1 -8.9048 1155.5530 140.4580 1181.6035 197.1996 1.8638 0.5878 0.4561 18.5500 0.7994 24.0253 -8.2533 0.0659
Pedestrian -1 -1 -6.8753 796.3152 170.4820 813.3554 200.6877 1.7326 0.5810 0.7569 11.2448 1.5962 41.7853 -6.6146 0.0643
Cyclist -1 -1 -8.0862 342.5738 173.3381 366.1802 218.5244 1.7170 0.4894 1.7251 -10.0780 1.7362 28.2926 -8.4258 0.0641
Cyclist -1 -1 -8.0415 1199.2542 153.5048 1241.0000 253.4204 1.7314 0.4749 1.7564 11.3823 1.3958 13.3867 -7.3480 0.0633
Pedestrian -1 -1 -5.5401 1081.2069 174.1165 1162.0974 301.7242 1.4623 0.4574 0.6502 6.0586 1.4778 8.6450 -4.9453 0.0631
Cyclist -1 -1 -7.9750 752.4418 171.7578 768.9552 207.7884 1.7058 0.5831 1.6470 7.2605 1.6536 35.0046 -7.7727 0.0627
Cyclist -1 -1 -7.7830 356.4396 174.2005 369.0768 211.7870 1.6755 0.4404 1.5044 -11.3441 1.7382 33.0033 -8.1120 0.0593
Cyclist -1 -1 -4.1468 926.4998 164.6504 985.4268 233.2008 1.7326 0.5722 1.7195 9.0396 1.5250 18.9397 -3.7081 0.0583
Cyclist -1 -1 -8.1861 812.1207 170.6968 845.2006 224.0307 1.7331 0.5319 1.6976 7.2996 1.6627 24.3066 -7.8983 0.0571
Pedestrian -1 -1 -2.1135 0.0000 188.7479 47.8941 282.2071 1.4892 0.4813 0.6817 -9.8574 1.7599 11.9568 -2.7922 0.0570
Pedestrian -1 -1 -7.9335 347.3394 174.8111 366.1897 219.6759 1.6876 0.6159 0.8781 -9.7753 1.7639 27.7133 -8.2700 0.0570
Cyclist -1 -1 -8.7728 986.1258 138.7476 1241.0000 374.0000 1.6934 0.4986 1.5874 2.7869 1.5507 3.8457 -8.1823 0.0566
Cyclist -1 -1 -2.8735 555.9075 171.8558 585.9506 200.1241 1.7302 0.6938 1.7365 -2.4514 1.6688 44.6859 -2.9284 0.0565
Cyclist -1 -1 -8.4331 1147.1190 136.3905 1202.3455 192.0511 1.7655 0.4913 1.8524 18.5667 0.6086 23.8289 -7.7771 0.0559
Pedestrian -1 -1 -6.1430 1207.5358 126.8163 1229.0939 184.1546 1.8370 0.5592 0.4663 19.7459 0.3618 23.4776 -5.4497 0.0555
Cyclist -1 -1 -4.1646 240.2814 176.0024 271.1678 207.9061 1.7572 0.7803 1.7301 -20.0608 1.9390 40.8170 -4.6191 0.0552
Cyclist -1 -1 -3.7004 1051.4650 164.9948 1241.0000 305.6939 1.6206 0.7654 1.8329 6.4549 1.5297 8.7477 -3.0814 0.0548
Cyclist -1 -1 -2.9292 733.9128 168.4623 770.7715 205.9824 1.8192 0.6822 1.6806 6.9879 1.6060 35.6291 -2.7376 0.0546
Pedestrian -1 -1 -8.1126 985.3256 161.7778 1036.7068 278.0644 1.7058 0.5659 0.4879 5.9841 1.5430 10.8864 -7.6222 0.0529
Pedestrian -1 -1 -2.6996 756.8642 170.1454 769.2009 193.2302 1.8401 0.5515 0.8121 12.2699 1.6239 57.9788 -2.4925 0.0525
Pedestrian -1 -1 -8.3545 1177.8048 139.6530 1215.3284 193.9953 1.7443 0.6950 0.7061 19.1016 0.6783 23.5688 -7.6795 0.0517
Cyclist -1 -1 -3.6243 958.1710 161.2719 1130.8557 286.2380 1.6677 0.7404 1.9409 5.9388 1.5128 10.0357 -3.1035 0.0511
Cyclist -1 -1 -4.5791 260.5051 179.6135 275.2915 215.6954 1.6192 0.4207 1.5095 -15.8958 1.9396 33.4553 -5.0199 0.0507
Car -1 -1 -2.6857 393.4154 177.8055 466.8412 206.2066 1.4789 1.5342 3.5470 -9.7635 1.7546 39.0885 -2.9292 0.8076
Car -1 -1 -4.2662 221.9306 183.2119 276.7523 210.3441 1.4243 1.4688 3.3516 -20.3917 2.0346 40.8495 -4.7269 0.2395
Car -1 -1 -7.3644 249.7137 181.7272 323.5034 214.6655 1.4498 1.5902 3.9139 -15.5639 1.9028 34.8504 -7.7818 0.2174
Car -1 -1 -7.4722 1221.3944 164.7344 1241.0000 374.0000 1.4635 1.5413 3.9252 5.2565 1.4372 3.5425 -6.5325 0.1650
Car -1 -1 -8.0197 791.5579 169.9300 829.4358 198.7028 1.6580 1.6091 3.6115 11.9900 1.4892 43.4547 -7.7526 0.1409
Car -1 -1 -7.7839 732.6150 173.7999 770.1818 205.8088 1.5471 1.6395 3.7962 7.2613 1.5980 37.0399 -7.5923 0.1258
Car -1 -1 -7.6780 727.1606 176.2916 775.8788 210.8261 1.4827 1.6069 3.6372 6.5489 1.6508 33.3600 -7.4864 0.1121
Car -1 -1 -4.4541 771.4846 168.8721 805.5270 194.3895 1.9198 1.6236 3.9987 13.9649 1.6199 56.4292 -4.2130 0.0974
Car -1 -1 -4.7062 926.6937 171.1632 963.3676 202.9189 1.4796 1.5647 3.8460 16.5264 1.4005 35.6921 -4.2761 0.0938
Car -1 -1 -5.0263 712.1606 173.8386 746.0555 193.5747 1.5872 1.6625 3.8985 9.8841 1.6720 60.2859 -4.8649 0.0922
Car -1 -1 -4.7839 558.2557 174.9436 586.6483 200.8008 1.5715 1.5497 3.5731 -2.4620 1.7099 46.0230 -4.8375 0.0891
Car -1 -1 -7.9576 260.4939 180.4319 310.1302 219.1463 1.4394 1.4954 3.4948 -13.3365 1.7682 29.4519 -8.3797 0.0759
Car -1 -1 -6.6229 1146.0413 129.6093 1241.0000 178.8572 1.5363 1.6208 3.5630 20.1126 0.1870 23.8868 -5.9289 0.0658
Car -1 -1 -8.3879 1049.8458 172.4801 1241.0000 253.1873 1.4279 1.6382 3.7737 10.7596 1.4209 14.7165 -7.7665 0.0621
Car -1 -1 -4.7649 209.2590 179.1402 257.9477 216.6241 1.5398 1.7379 4.1837 -17.1127 1.8433 32.6353 -5.2447 0.0568
Car -1 -1 -7.5658 716.2462 176.4155 786.8184 221.7067 1.5315 1.5783 3.7338 5.2619 1.6732 26.7370 -7.3742 0.0534
