Car -1 -1 -7.9430 649.3572 184.0465 699.8369 223.4535 1.4643 1.7190 3.9228 2.5639 1.9582 29.8938 -7.8590 0.9556
Pedestrian -1 -1 -7.2811 237.0586 170.8590 258.9982 207.6933 1.8214 0.6545 0.7954 -18.1498 1.7224 36.1098 -7.7441 0.4356
Car -1 -1 -3.2606 641.4232 178.6364 695.8988 198.4011 1.5794 1.6353 4.2796 4.7500 2.0598 59.0869 -3.1812 0.4283
Cyclist -1 -1 -7.9533 897.4359 182.3815 930.4758 268.7418 1.5921 0.4249 1.6256 5.9629 1.7921 14.3273 -7.5671 0.2939
Pedestrian -1 -1 -6.6193 0.0000 182.5786 25.1181 259.9758 1.6706 0.5659 0.5868 -13.5590 1.8922 16.0713 -7.3120 0.1984
Pedestrian -1 -1 -5.0619 208.5630 161.9384 225.0130 203.9521 1.9148 0.5886 0.3279 -18.1409 1.4170 33.2137 -5.5586 0.1491
Pedestrian -1 -1 -7.8702 327.5952 176.4813 341.4080 213.3532 1.7839 0.6234 0.6227 -13.5559 1.9635 35.3926 -8.2338 0.1472
Pedestrian -1 -1 -5.2696 857.9797 155.2547 939.7201 311.2670 1.9321 0.6145 0.8725 3.6951 1.7138 9.4233 -4.9077 0.1361
Pedestrian -1 -1 -4.2303 992.8431 163.5565 1038.4253 246.0352 1.8862 0.6435 0.7973 9.4979 1.6733 16.9895 -3.7286 0.1103
Car -1 -1 -3.2848 659.9607 178.7280 721.3846 202.0199 1.5554 1.6275 3.9938 5.4718 1.9653 49.5092 -3.1759 0.1010
Pedestrian -1 -1 -4.3548 76.7700 156.8519 124.0556 261.4967 1.9393 0.5358 0.6628 -9.7586 1.6425 13.7593 -4.9628 0.0914
Pedestrian -1 -1 -3.9000 731.8315 160.5743 817.5034 309.3700 1.8814 0.6237 0.9497 2.1419 1.7258 9.6367 -3.6892 0.0784
Car -1 -1 -5.4312 915.4696 138.3098 984.0630 166.3307 1.5987 1.6577 3.8669 20.7132 -0.4190 44.2259 -4.9956 0.0751
Car -1 -1 -4.7151 291.3101 172.5618 316.8048 195.9016 1.5881 1.6077 3.7574 -21.7133 1.5679 51.1388 -5.1150 0.0746
Car -1 -1 -4.7338 743.9435 181.1662 815.6812 248.2041 1.5277 1.6629 4.3437 4.4121 1.7762 19.3050 -4.5133 0.0724
Car -1 -1 -4.6382 0.0000 176.1202 59.1125 222.0328 1.5094 1.6614 3.5272 -20.9894 1.6351 25.9183 -5.3140 0.0654
Cyclist -1 -1 -7.8866 1029.1412 166.9398 1048.9182 223.0907 1.6483 0.4483 1.7259 13.0482 1.4744 22.0462 -7.3584 0.0637
Pedestrian -1 -1 -5.4200 318.6750 176.0016 334.2195 215.4078 1.8201 0.5350 0.4146 -13.2886 1.9683 33.7126 -5.7932 0.0595
Pedestrian -1 -1 -5.5788 0.0000 173.5630 10.1020 215.8334 1.7196 0.4412 0.1752 -24.9110 1.7486 29.5817 -6.2743 0.0591
Pedestrian -1 -1 -3.5475 1153.5973 148.6463 1227.1287 274.1253 2.0598 0.5756 0.8052 9.7585 1.6621 12.2243 -2.8862 0.0585
Pedestrian -1 -1 -7.8124 942.1251 158.4342 961.4457 208.5535 1.8973 0.6513 0.5515 13.0814 1.3511 27.7088 -7.3758 0.0581
Pedestrian -1 -1 -4.8910 111.2083 160.1160 140.9467 217.7479 1.7651 0.6741 0.6227 -15.1763 1.3746 22.5563 -5.4779 0.0574
Pedestrian -1 -1 -3.9918 356.1429 166.9357 379.8597 215.6929 1.9287 0.6422 0.6367 -9.7546 1.6943 28.9598 -4.3143 0.0573
Pedestrian -1 -1 -4.2481 290.7463 159.0276 339.0693 241.3959 2.0140 0.7000 1.1224 -7.4887 1.6756 18.2294 -4.6332 0.0573
Cyclist -1 -1 -4.3479 269.6573 174.0824 296.7707 212.3001 1.6878 0.5692 1.6483 -14.8626 1.7447 32.7580 -4.7710 0.0563
Pedestrian -1 -1 -5.5472 1190.0231 193.6354 1241.0000 349.8418 1.4230 0.4665 0.5111 5.9617 1.6307 6.9360 -4.8588 0.0561
Cyclist -1 -1 -4.5634 334.6248 170.2722 344.7591 194.2934 1.6040 0.4234 1.5142 -18.3706 1.4313 48.9654 -4.9208 0.0548
Car -1 -1 -6.2389 683.3281 177.7542 748.1898 202.9161 1.5676 1.6788 4.0772 6.8193 1.8922 46.6288 -6.0951 0.0548
Car -1 -1 -4.2048 365.4036 156.5412 409.4833 178.2055 1.8012 1.7087 4.4072 -19.1867 0.4446 62.3217 -4.5023 0.0543
Car -1 -1 -7.7158 292.2673 167.0128 333.5416 198.0802 1.6087 1.5852 3.6589 -16.1767 1.3060 39.3313 -8.1039 0.0531
Car -1 -1 -4.6129 0.0000 170.7077 65.7073 227.9267 1.4983 1.5622 3.4513 -16.8422 1.4418 20.7669 -5.2881 0.0529
Car -1 -1 -8.3979 861.5228 141.3625 923.1423 168.3705 1.6047 1.6760 4.2478 17.8235 -0.2991 45.8498 -8.0292 0.0511
Pedestrian -1 -1 -8.6371 959.0638 160.7110 1001.5881 238.7849 1.9079 0.6357 0.7030 9.2141 1.6109 18.0657 -8.1727 0.0510
Pedestrian -1 -1 -4.3154 1017.2096 163.5077 1062.3855 258.5088 1.9245 0.6228 0.6188 8.9109 1.7349 15.0517 -3.7902 0.0506
Car -1 -1 -4.7459 738.5303 180.3408 793.8613 231.4418 1.4945 1.6177 4.1241 5.0446 1.7648 23.9074 -4.5412 0.0501
Car -1 -1 -4.7659 495.9533 173.5256 516.5953 192.8954 1.8193 1.7508 4.4362 -10.1509 1.8866 70.2783 -4.9092 0.0501
Cyclist -1 -1 -6.6156 908.3143 148.7875 954.6273 192.0676 1.8891 0.7234 1.7294 14.1674 0.8384 31.9255 -6.2016 0.3123
Pedestrian -1 -1 -5.5977 295.6719 170.0811 314.1273 200.4368 1.8354 0.6022 0.8480 -18.6533 1.6674 44.0353 -5.9965 0.2209
Cyclist -1 -1 -3.4469 686.9628 174.5084 717.3419 209.6253 1.8711 0.6220 1.5080 4.9297 1.9610 38.9272 -3.3224 0.1350
Pedestrian -1 -1 -7.8454 447.9170 181.1837 467.6132 225.8790 1.7320 0.7522 0.5181 -6.0360 2.0634 28.4107 -8.0534 0.1166
Cyclist -1 -1 -8.4785 969.1550 181.4420 1015.6075 237.5709 1.6195 0.3998 1.5553 11.5127 1.8889 21.8611 -8.0000 0.1075
Cyclist -1 -1 -7.9517 297.5326 173.1552 306.2705 200.9490 1.6795 0.3412 1.5998 -18.9987 1.6981 44.4022 -8.3541 0.0937
Pedestrian -1 -1 -6.6694 537.9457 183.6637 551.9701 206.4638 1.4913 0.4998 0.7994 -4.3587 2.2160 47.9841 -6.7600 0.0769
Cyclist -1 -1 -3.0040 671.2596 175.8775 702.6517 210.2065 1.8218 0.7245 1.6013 4.1172 1.9869 38.9304 -2.9000 0.0702
Pedestrian -1 -1 -6.2087 527.7831 181.6347 541.5798 208.7791 1.6130 0.6075 0.7830 -4.5626 2.1447 43.3964 -6.3134 0.0692
Cyclist -1 -1 -3.6411 972.5648 177.0826 1039.3345 233.1093 1.6507 0.5984 1.6729 11.7951 1.7788 21.6082 -3.1478 0.0621
Cyclist -1 -1 -7.9117 301.7308 173.0596 310.6992 200.6960 1.6728 0.4183 1.6180 -18.7769 1.6855 44.5056 -8.3091 0.0578
Cyclist -1 -1 -8.5440 1013.5328 174.1982 1070.8853 234.2259 1.6964 0.4639 1.7041 12.6828 1.7374 21.3083 -8.0138 0.0569
Cyclist -1 -1 -3.4533 897.9381 154.1280 944.9889 195.4613 1.8358 0.6615 1.8277 13.9555 1.0038 32.4586 -3.0507 0.0568
Pedestrian -1 -1 -8.2642 932.8669 152.9837 956.6719 194.9325 1.8194 0.7253 0.7022 14.6372 0.9573 31.6531 -7.8348 0.0565
Cyclist -1 -1 -4.5537 689.0329 178.0360 705.3533 210.7856 1.7274 0.6463 1.5516 4.7010 2.0143 39.1569 -4.4357 0.0561
Pedestrian -1 -1 -8.0623 904.2427 158.0764 924.0228 200.6668 1.8676 0.6795 0.6840 13.4560 1.2193 32.0376 -7.6683 0.0532
Pedestrian -1 -1 -8.0294 930.3026 152.5795 950.1451 192.9977 1.7703 0.6869 0.6945 14.6078 0.8820 32.0237 -7.6051 0.0523
Car -1 -1 -2.5923 39.6871 183.7070 305.9077 288.9504 1.5307 1.5874 3.2877 -6.8775 1.7157 11.4910 -3.1218 0.9542
Car -1 -1 -5.8644 136.1235 182.8212 401.4503 268.0916 1.5473 1.6508 4.4156 -6.5841 1.7541 14.1395 -6.2935 0.8728
Car -1 -1 -6.1027 414.7072 185.7014 520.6451 220.2162 1.4335 1.6212 4.3058 -6.1808 2.0077 31.4286 -6.2959 0.7846
Car -1 -1 -6.1010 322.4943 186.6298 483.2020 238.7556 1.4710 1.6922 4.4658 -6.2376 1.9100 21.9631 -6.3751 0.7380
Car -1 -1 -2.6697 242.8515 186.1628 435.4722 256.2338 1.4856 1.5537 3.8906 -6.2407 1.8115 16.6798 -3.0231 0.7009
Car -1 -1 -5.7336 1033.6394 201.6194 1241.0000 374.0000 1.5218 1.6210 3.7797 3.1195 1.6775 1.9650 -4.7914 0.6284
Car -1 -1 -8.0970 893.0280 158.8441 950.7264 193.9622 1.5365 1.6383 3.5009 14.3328 0.9233 33.4278 -7.6954 0.4170
Car -1 -1 -3.1796 488.4896 181.4255 552.6712 206.0784 1.5853 1.7040 4.2017 -6.0493 2.1739 48.3975 -3.3038 0.3139
Car -1 -1 -3.0543 474.3399 180.4869 545.3801 207.1605 1.5752 1.6456 4.1704 -6.1056 2.0509 44.0673 -3.1917 0.2730
Car -1 -1 -5.8466 374.7103 187.8034 489.4129 231.3672 1.4909 1.5824 3.7973 -6.5798 2.0660 26.6257 -6.0872 0.2078
Car -1 -1 -2.9432 364.1945 183.5704 476.0436 226.0781 1.6281 1.5816 4.1154 -7.6056 2.0720 28.9985 -3.1980 0.1884
Car -1 -1 -3.2291 683.0401 182.1922 758.3520 210.0205 1.4558 1.5682 3.9221 5.9370 1.9752 39.2542 -3.0807 0.1640
Car -1 -1 -5.5148 971.4825 179.5405 1112.2092 235.6236 1.4543 1.5796 3.3283 12.3599 1.6650 20.9595 -4.9887 0.1289
Car -1 -1 -3.8070 190.0154 186.6596 348.7587 248.7560 1.4288 1.5443 3.7084 -9.1100 1.8398 19.4942 -4.2393 0.0941
Car -1 -1 -2.6620 335.1158 186.1945 465.8575 233.9916 1.5187 1.6203 4.0193 -7.2069 1.9986 24.7815 -2.9427 0.0921
Car -1 -1 -7.7609 278.5972 174.1372 312.5749 200.2591 1.5621 1.6029 3.8756 -19.7885 1.6464 45.4460 -8.1697 0.0761
