Pedestrian -1 -1 -5.1679 312.8159 173.7026 326.4636 210.6803 1.8307 0.5265 0.3638 -14.5481 1.8732 36.0537 -5.5492 0.1307
Pedestrian -1 -1 -3.8115 976.6609 166.7213 1035.3246 275.5418 1.6173 0.5111 0.5973 5.9898 1.5259 11.0295 -3.3259 0.0986
Cyclist -1 -1 -7.6600 478.2972 177.6727 487.3287 200.5351 1.7136 0.3619 1.6987 -9.7699 2.0883 55.2940 -7.8344 0.0949
Car -1 -1 -4.7119 231.5283 155.2465 271.8217 192.3177 1.6287 1.6037 3.7558 -16.7825 0.8549 33.7401 -5.1705 0.0939
Pedestrian -1 -1 -5.8712 384.3246 166.2947 399.8063 195.7900 1.9099 0.5575 0.8111 -14.2408 1.4848 47.0458 -6.1638 0.0857
Pedestrian -1 -1 -7.8611 412.4492 168.9864 423.7302 198.6592 1.7958 0.6612 0.6567 -11.7587 1.5614 44.0708 -8.1206 0.0819
Cyclist -1 -1 -7.5843 475.5260 171.4072 493.2992 204.5192 1.6910 0.5014 1.6219 -6.5880 1.6169 37.6805 -7.7566 0.0669
Car -1 -1 -7.9747 331.3952 178.0756 357.0645 198.5335 1.6920 1.6355 3.9514 -23.2146 2.1622 62.8937 -8.3272 0.0619
Pedestrian -1 -1 -5.5658 466.0742 174.6769 478.7337 198.9034 1.7524 0.6537 0.6352 -10.0788 1.8863 52.7002 -5.7542 0.0598
Car -1 -1 -4.6367 638.9011 174.0239 664.6131 196.2946 1.5450 1.5738 3.9298 3.0307 1.6329 52.3236 -4.5796 0.0580
Pedestrian -1 -1 -7.1084 957.1631 159.5369 1002.2701 249.4882 1.7295 0.5943 0.5240 7.2394 1.4731 14.2439 -6.6471 0.0535
Cyclist -1 -1 -4.5827 391.8152 172.3396 405.0795 201.1640 1.6766 0.5382 1.7185 -12.5940 1.6464 42.8591 -4.8672 0.0533
Cyclist -1 -1 -4.3226 339.6437 169.4401 374.5465 225.1204 1.7302 0.4800 1.6192 -8.1753 1.6238 23.2421 -4.6577 0.0512
Pedestrian -1 -1 -7.9676 375.0370 172.2212 391.6756 214.6451 1.7574 0.6022 0.6021 -9.5591 1.7309 30.2876 -8.2712 0.2367
Pedestrian -1 -1 -4.0322 690.5266 183.3069 716.5557 231.3475 1.3786 0.4769 0.6214 2.7079 1.6919 21.2609 -3.9081 0.2019
Pedestrian -1 -1 -3.5423 394.2433 187.4445 416.1703 233.4489 1.3352 0.4825 0.4781 -6.1501 1.7764 21.4936 -3.8182 0.1379
Pedestrian -1 -1 -5.9723 813.9629 162.2811 847.9821 223.0167 1.8519 0.6092 0.8717 6.8419 1.5292 22.4987 -5.6814 0.1362
Pedestrian -1 -1 -2.7989 755.4240 163.6663 779.8966 208.9497 1.8695 0.6236 0.8440 6.5724 1.4899 30.2753 -2.5877 0.1165
Cyclist -1 -1 -8.1379 744.9371 172.8442 761.8376 206.4441 1.6137 0.3952 1.5319 6.9925 1.6130 35.4348 -7.9452 0.1164
Cyclist -1 -1 -6.8142 690.9617 168.9810 743.7358 227.9491 1.7154 0.5183 1.5025 3.1534 1.6024 21.5140 -6.6713 0.1094
Cyclist -1 -1 -8.2479 748.9480 171.4912 769.8600 205.8658 1.6338 0.4312 1.5437 7.2156 1.5688 35.0939 -8.0473 0.1066
Pedestrian -1 -1 -8.1126 890.0377 157.5318 920.4359 225.1417 1.8653 0.6013 0.8073 8.2653 1.4423 20.3440 -7.7323 0.1064
Pedestrian -1 -1 -7.8018 420.2219 170.4286 434.1139 206.5005 1.7707 0.6367 0.6170 -9.1039 1.6513 35.7830 -8.0496 0.0842
Pedestrian -1 -1 -8.8223 808.2510 164.8845 843.4647 224.7103 1.8026 0.5586 0.8784 6.6060 1.5622 22.2572 -8.5380 0.0827
Pedestrian -1 -1 -7.3282 329.6693 174.7272 351.1987 220.4807 1.6700 0.5577 0.5239 -10.0052 1.7397 26.6661 -7.6843 0.0776
Pedestrian -1 -1 -3.3662 743.7281 171.9638 760.5977 206.0079 1.6688 0.5382 0.7144 6.9806 1.6249 35.6498 -3.1749 0.0739
Pedestrian -1 -1 -3.3676 189.4172 170.7748 228.8959 256.4949 1.7467 0.5764 0.6115 -8.4539 1.7041 15.1215 -3.8703 0.0737
Cyclist -1 -1 -6.4222 364.3630 171.4756 404.0270 213.8949 1.7586 0.5653 1.5368 -9.5853 1.7011 30.4963 -6.7246 0.0731
Cyclist -1 -1 -7.0154 416.6195 169.1223 449.8631 205.0125 1.7457 0.5347 1.6824 -8.8325 1.5639 35.9417 -7.2551 0.0720
Pedestrian -1 -1 -7.6227 825.8813 164.8267 852.1093 224.5098 1.7776 0.6348 0.6318 6.9111 1.5382 21.9235 -7.3218 0.0715
Pedestrian -1 -1 -4.3993 194.2473 162.7922 241.1617 256.2937 1.8750 0.6090 0.8837 -8.1699 1.6729 14.9584 -4.8921 0.0712
Cyclist -1 -1 -7.8884 759.5326 169.4913 771.7217 203.8993 1.7175 0.5475 1.6019 7.9017 1.5493 36.8517 -7.6793 0.0664
Cyclist -1 -1 -6.4684 367.2493 169.4800 409.2422 212.5496 1.7687 0.5825 1.6039 -9.3404 1.6298 30.2601 -6.7657 0.0632
Pedestrian -1 -1 -5.0613 835.3743 164.5052 862.0166 221.0946 1.7915 0.5976 0.7277 7.6258 1.5269 23.2163 -4.7483 0.0619
Pedestrian -1 -1 -9.0874 1174.3044 143.3464 1241.0000 300.9633 1.8071 0.5601 0.7031 7.3039 1.4685 8.7186 -8.4071 0.0586
Pedestrian -1 -1 -3.7780 1171.1935 149.7104 1241.0000 306.4215 1.7411 0.6310 0.5862 6.9671 1.4836 8.3438 -3.1001 0.0559
Cyclist -1 -1 -7.4529 695.0645 170.3852 731.1383 229.3607 1.7133 0.4943 1.6109 3.0773 1.6412 21.7791 -7.3151 0.0547
Cyclist -1 -1 -4.1984 410.7347 174.3581 439.0362 213.8160 1.6827 0.5239 1.5167 -8.1451 1.7500 31.6316 -4.4489 0.0529
Pedestrian -1 -1 -2.6728 765.9944 165.5521 790.0093 209.9840 1.8128 0.6069 0.7807 6.9225 1.5146 29.9207 -2.4481 0.0523
Car -1 -1 -7.5706 576.3862 174.9808 611.4545 195.8740 1.4667 1.5848 3.7948 -1.1736 1.6290 53.1059 -7.5930 0.5293
Car -1 -1 -7.9868 686.3278 178.7064 752.8112 229.5721 1.4588 1.5932 3.6241 3.3502 1.6592 22.9310 -7.8443 0.1351
Car -1 -1 -4.5138 300.7990 171.8523 343.9400 198.3148 1.5140 1.7176 3.6033 -17.2023 1.4564 43.2076 -4.8909 0.0827
Car -1 -1 -4.7119 339.8838 178.9841 360.4169 200.0889 1.7445 1.6373 3.8811 -22.6948 2.2971 62.9672 -5.0568 0.0624
