Pedestrian -1 -1 -3.2748 401.7137 175.5196 410.8127 197.3560 1.8613 0.5420 0.6864 -17.5264 2.0914 61.9814 -3.5495 0.1382
Pedestrian -1 -1 -5.4075 255.5941 181.5076 275.1088 218.3850 1.9389 0.6909 0.6426 -18.4710 2.4068 38.5943 -5.8515 0.1227
Pedestrian -1 -1 -8.0997 671.2135 175.2152 685.2564 202.8098 1.7642 0.7136 0.8668 4.3786 1.9183 46.6954 -8.0073 0.0932
Car -1 -1 -4.7819 657.2015 179.4214 704.1434 219.9619 1.4901 1.5955 3.9290 2.7459 1.7732 29.1460 -4.6896 0.0735
Car -1 -1 -4.8633 642.3707 178.6127 685.7650 212.2801 1.6017 1.6114 4.1159 2.6858 1.9149 37.1656 -4.7923 0.0730
Pedestrian -1 -1 -4.5679 700.0993 172.1228 717.2080 214.6467 1.8469 0.6419 0.7957 4.3099 1.8149 31.8090 -4.4351 0.0706
Car -1 -1 -4.6456 29.6821 177.6396 63.9511 201.7730 1.6487 1.6746 4.2295 -40.8741 2.0107 52.3958 -5.3057 0.0697
Car -1 -1 -8.7173 942.7220 191.3814 1241.0000 374.0000 1.5254 1.6294 3.8392 3.0023 1.6452 2.7010 -7.9328 0.0667
Cyclist -1 -1 -2.0947 237.5187 190.0912 260.8994 217.2198 1.8318 0.6397 1.8191 -25.2698 3.0555 50.4661 -2.5571 0.0658
Car -1 -1 -4.3222 53.3211 185.0940 109.4782 214.2906 1.8705 1.6812 4.2021 -36.8268 2.7622 50.3446 -4.9514 0.0627
Pedestrian -1 -1 -5.6969 297.8714 178.9285 315.4682 213.7399 1.8696 0.6901 0.6019 -16.5496 2.2033 39.2843 -6.0935 0.0549
Car -1 -1 -4.8063 207.7689 190.8629 236.0401 212.4433 1.5729 1.6473 3.9522 -31.3531 3.0776 58.1980 -5.2988 0.0527
Car -1 -1 -5.2399 0.0000 195.1423 39.2697 222.1492 1.6677 1.6641 4.0615 -40.6303 3.2100 48.4636 -5.9351 0.0511
Pedestrian -1 -1 -7.6263 173.2891 193.1124 193.5793 232.9500 1.5828 0.5658 0.7202 -17.4970 2.4237 29.5318 -8.1575 0.3161
Cyclist -1 -1 -8.0276 796.5969 179.0986 830.4965 251.5922 1.7068 0.5179 1.6712 5.0040 1.8696 17.9910 -7.7615 0.2548
Cyclist -1 -1 -5.4085 882.9058 184.5249 966.4324 274.8000 1.6726 0.5721 1.6923 6.2250 1.9212 14.4923 -5.0112 0.2170
Pedestrian -1 -1 -3.3051 799.5454 175.6217 845.7439 252.4794 1.7748 0.5662 0.9621 4.9540 1.8411 17.0220 -3.0275 0.1673
Cyclist -1 -1 -5.3265 976.0215 186.6914 1063.7026 283.9362 1.6656 0.4867 1.7538 7.5707 1.9417 13.5129 -4.8261 0.1518
Pedestrian -1 -1 -5.6102 1047.5762 187.7337 1108.4344 286.6022 1.7402 0.6242 0.7037 8.5411 2.0225 13.2663 -5.0493 0.1360
Cyclist -1 -1 -8.6194 948.5901 185.9871 1044.4053 278.9042 1.6201 0.4709 1.8150 7.2756 1.8877 13.7824 -8.1435 0.1144
Pedestrian -1 -1 -7.3590 892.6476 179.8798 935.7265 269.1559 1.7304 0.5449 0.6754 6.0502 1.8753 14.4774 -6.9714 0.0971
Cyclist -1 -1 -5.3204 853.9838 178.9347 932.0262 269.5193 1.7163 0.5329 1.8028 5.6830 1.8481 14.7363 -4.9601 0.0969
Cyclist -1 -1 -5.4462 906.6700 184.6661 992.9476 275.7127 1.6430 0.4713 1.7415 6.5679 1.8892 14.1560 -5.0208 0.0955
Cyclist -1 -1 -4.4772 257.1440 187.4764 275.4997 219.9572 1.6606 0.4909 1.7495 -18.4187 2.4612 38.6124 -4.9200 0.0933
Cyclist -1 -1 -3.2652 894.7654 185.5971 998.7921 273.1270 1.6299 0.6328 1.7797 6.5169 1.8897 14.1642 -2.8428 0.0914
Pedestrian -1 -1 -3.9425 849.3342 173.5969 900.0879 266.0014 1.8340 0.6038 0.7807 5.3626 1.8493 14.7714 -3.6016 0.0913
Pedestrian -1 -1 -4.0784 989.9744 182.3044 1047.0498 278.9833 1.7376 0.5762 0.7893 7.5738 1.9194 13.4792 -3.5768 0.0901
Cyclist -1 -1 -8.3670 1012.4123 182.9996 1096.8831 283.3828 1.7309 0.4920 1.8312 8.2415 1.9340 13.5485 -7.8311 0.0892
Cyclist -1 -1 -8.5275 991.0685 187.6402 1084.2587 286.0504 1.6784 0.4767 1.7767 7.8906 1.9734 13.4953 -8.0089 0.0879
Pedestrian -1 -1 -4.3229 834.7841 179.7442 875.8104 266.9414 1.7296 0.5630 0.7472 4.9991 1.8755 14.8524 -4.0053 0.0872
Pedestrian -1 -1 -3.6708 782.9509 178.5330 829.3818 248.9848 1.7147 0.5821 0.9566 4.8475 1.8596 18.0361 -3.4133 0.0789
Cyclist -1 -1 -4.9934 1052.4543 187.9876 1112.0884 285.3611 1.6746 0.4543 1.7230 8.7954 1.9777 13.5763 -4.4294 0.0770
Cyclist -1 -1 -7.2649 170.0966 189.0520 209.9685 232.3142 1.6874 0.5839 1.6691 -17.2694 2.3715 29.6331 -7.7889 0.0754
Pedestrian -1 -1 -4.9485 1019.0272 198.3190 1059.5146 286.5468 1.5505 0.5075 0.5907 7.8132 2.0301 13.2405 -4.4262 0.0748
Cyclist -1 -1 -5.4018 924.4598 184.9107 1008.1139 275.7197 1.6414 0.4725 1.7176 6.8980 1.8927 14.1690 -4.9579 0.0682
Cyclist -1 -1 -7.9273 267.6524 189.3563 279.2017 219.6409 1.6164 0.4694 1.5907 -18.7948 2.5540 40.2013 -8.3624 0.0669
Cyclist -1 -1 -3.6956 968.6531 191.5923 1082.3197 283.0174 1.6190 0.6647 1.7301 7.5829 1.9739 13.3024 -3.1880 0.0658
Cyclist -1 -1 -5.3231 899.9512 179.5324 975.7706 268.1302 1.6841 0.5064 1.7071 6.6011 1.8284 14.7354 -4.9103 0.0647
Cyclist -1 -1 -7.9915 339.8108 183.5744 348.3069 209.0020 1.6197 0.3203 1.5032 -17.4791 2.3335 47.3237 -8.3439 0.0643
Cyclist -1 -1 -2.5525 148.5545 187.9252 199.4310 231.0921 1.7208 0.6579 1.6954 -17.7944 2.3421 29.3911 -3.0932 0.0639
Pedestrian -1 -1 -3.7485 1024.3760 176.8639 1086.0386 278.8828 1.8567 0.6412 0.7485 8.2662 1.9334 13.5046 -3.2099 0.0602
Pedestrian -1 -1 -2.7948 814.1499 179.0138 861.6483 264.4582 1.7280 0.5319 0.8191 4.7205 1.8606 15.1163 -2.4987 0.0523
Pedestrian -1 -1 -3.3489 799.5502 180.1734 834.9086 253.0609 1.6556 0.5549 0.6854 4.7507 1.8282 16.7476 -3.0781 0.0518
Cyclist -1 -1 -4.3019 256.2116 186.7380 281.9761 220.1257 1.6993 0.5971 1.7246 -18.1277 2.4531 38.3186 -4.7415 0.0515
Cyclist -1 -1 -4.7134 254.1184 187.3709 265.4548 220.7137 1.7014 0.5326 1.6294 -18.6796 2.4910 38.4076 -5.1637 0.0511
Car -1 -1 -4.5838 510.6256 180.2827 534.5608 197.1665 1.4346 1.6447 4.0044 -7.8735 2.1250 65.0832 -4.7041 0.5226
Car -1 -1 -7.2814 186.3040 186.9724 292.9834 228.1480 1.5058 1.8244 4.5035 -15.4489 2.1444 30.3217 -7.7494 0.1956
Car -1 -1 -7.6535 226.3246 190.7126 274.7579 222.1368 1.5248 1.6103 3.9637 -19.6677 2.5558 39.5455 -8.1126 0.1892
Car -1 -1 -4.7250 337.1058 182.8755 364.0931 208.4728 1.5875 1.6434 3.8716 -17.4873 2.2899 48.4935 -5.0697 0.0880
Car -1 -1 -4.5157 625.2372 181.2569 661.0258 207.2723 1.4713 1.4822 3.7694 2.0313 2.0081 44.1119 -4.4706 0.0734
Car -1 -1 -4.3080 265.7436 187.9495 338.0864 220.5786 1.4331 1.7084 4.4028 -15.2748 2.2308 35.9374 -4.7076 0.0722
Car -1 -1 -4.7139 304.9534 184.1911 333.5724 210.3364 1.5738 1.6753 3.7532 -19.0751 2.3485 47.2678 -5.0958 0.0670
Car -1 -1 -4.9711 623.4164 179.0335 663.3850 203.6935 1.5375 1.6449 4.1921 2.1525 1.9701 48.3245 -4.9273 0.0652
