Car -1 -1 -4.6645 425.7048 191.3304 445.7504 210.5051 1.6469 1.6502 4.1698 -16.5154 3.4551 68.4209 -4.9009 0.0773
Pedestrian -1 -1 -8.0599 849.4944 171.9162 870.5475 221.2735 1.6451 0.5452 0.6632 8.4062 1.6135 24.4112 -7.7326 0.0750
Car -1 -1 -5.7239 85.0340 183.9851 241.0780 234.4834 1.4985 1.6022 3.9042 -13.9603 1.8594 22.5953 -6.2724 0.0696
Pedestrian -1 -1 -2.1432 47.8604 190.1836 80.7570 250.6529 1.8089 0.6382 0.5005 -16.8277 2.3509 22.1924 -2.7863 0.0570
Pedestrian -1 -1 -5.2746 878.7711 167.6216 909.1734 219.2233 1.7138 0.5921 0.8521 9.5635 1.5397 24.4389 -4.9063 0.0558
Car -1 -1 -7.3926 195.0969 175.3636 267.5836 215.6545 1.8469 1.6289 3.7359 -18.4140 1.9755 35.1905 -7.8718 0.0516
Car -1 -1 -8.0195 564.7341 180.4408 608.1293 210.7882 1.5005 1.6593 4.2254 -1.3705 1.9341 39.0291 -8.0550 0.0514
Pedestrian -1 -1 -4.5965 331.4937 189.4588 350.8803 236.6262 1.6694 0.5804 0.7272 -9.8222 2.2830 26.2559 -4.9516 0.1447
Pedestrian -1 -1 -8.4818 1147.7025 140.9076 1172.4666 180.8992 1.8177 0.6886 0.5879 25.1840 0.3654 33.0953 -7.8355 0.1338
Cyclist -1 -1 -2.2420 355.7979 186.0742 401.0908 233.7304 1.6844 0.5866 1.8249 -8.6134 2.1866 26.6709 -2.5520 0.0956
Pedestrian -1 -1 -5.9374 344.0266 184.3583 359.1125 214.1317 1.7665 0.6479 0.6743 -15.5720 2.4632 43.3868 -6.2804 0.0879
Pedestrian -1 -1 -7.2552 928.2393 165.7957 943.9443 207.3601 1.7840 0.5391 0.3099 14.0923 1.4808 31.2806 -6.8359 0.0864
Pedestrian -1 -1 -7.2682 931.1111 163.6817 945.0048 206.2261 1.8376 0.4918 0.2548 14.2506 1.4411 31.4406 -6.8466 0.0842
Pedestrian -1 -1 -3.7452 322.2774 177.5285 353.6735 233.7408 1.9638 0.5762 0.8799 -9.7766 2.1342 25.8203 -4.1043 0.0743
Pedestrian -1 -1 -4.5302 381.9503 195.0355 399.0821 233.4303 1.3779 0.5202 0.4981 -8.1011 2.2006 26.4915 -4.8248 0.0710
Pedestrian -1 -1 -7.2477 978.8746 159.1768 994.2025 203.4953 1.8638 0.5388 0.2341 15.9426 1.2883 30.6369 -6.7721 0.0633
Cyclist -1 -1 -6.7528 920.9659 162.3320 963.2024 203.1562 1.7667 0.6043 1.5760 14.4748 1.3110 31.5604 -6.3266 0.0597
Cyclist -1 -1 -7.9546 385.3159 187.4387 403.3018 233.2317 1.6258 0.4658 1.8382 -8.1722 2.1934 27.1539 -8.2448 0.0579
Pedestrian -1 -1 -5.7102 373.2580 186.2853 388.1943 214.1340 1.6555 0.6584 0.6007 -13.9102 2.4756 43.6723 -6.0173 0.0579
Cyclist -1 -1 -8.1349 1211.2681 135.6361 1240.8137 174.7502 1.6623 0.5043 1.7651 26.8955 0.0803 31.5734 -7.4337 0.0578
Cyclist -1 -1 -3.4616 1177.6425 131.7602 1235.9354 176.0578 1.8390 0.6315 1.7949 25.2166 0.1327 30.5704 -2.7764 0.0569
Cyclist -1 -1 -8.4508 1152.8226 135.5659 1189.9824 176.6671 1.7615 0.4162 1.6723 24.6550 0.1631 31.7706 -7.7952 0.0541
Pedestrian -1 -1 -3.6510 1209.0621 140.5330 1228.0824 179.6974 1.7306 0.5567 0.4301 27.1087 0.3021 32.1960 -2.9556 0.0527
Cyclist -1 -1 -4.7210 339.9556 185.2738 357.0289 235.5282 1.7256 0.5632 1.6749 -9.5102 2.1897 26.0957 -5.0677 0.0524
Cyclist -1 -1 -4.3358 312.5619 185.9141 329.9951 214.6331 1.6099 0.3822 1.5914 -16.8198 2.3836 41.9667 -4.7152 0.0522
Car -1 -1 -3.0123 307.6622 186.9218 573.7125 278.4783 1.4320 1.6881 4.2763 -2.8630 1.6982 12.6352 -3.2315 0.9508
Car -1 -1 -7.8548 532.7717 185.0822 558.4906 209.0338 1.4431 1.6237 4.1541 -4.3007 2.2892 47.8008 -7.9446 0.5952
Car -1 -1 -7.6761 376.1204 184.7837 417.3788 214.1413 1.6497 1.7186 4.2108 -13.1268 2.4214 44.5079 -7.9617 0.1657
Car -1 -1 -7.9793 1163.3555 134.5322 1227.3291 172.9841 1.5969 1.7264 3.7223 25.8292 0.0051 32.0029 -7.3045 0.1524
Car -1 -1 -4.5877 526.6788 183.3743 554.1760 204.8026 1.5032 1.5818 4.0794 -5.2649 2.3306 54.7030 -4.6836 0.1422
Car -1 -1 -7.1548 350.8735 167.4834 407.1503 195.7805 2.1333 1.6892 4.5459 -18.1479 1.7281 56.8195 -7.4629 0.0903
Car -1 -1 -7.5356 310.5833 186.9117 399.5688 238.2610 1.5069 1.6076 4.1256 -8.5347 2.0221 24.3849 -7.8694 0.0856
Car -1 -1 -8.1769 1205.9291 130.8073 1241.0000 171.6985 1.6528 1.6956 3.4680 27.4349 -0.0533 31.1997 -7.4600 0.0822
Car -1 -1 -4.5456 437.5134 184.8797 524.3477 249.2964 1.4768 1.6196 4.0882 -3.3892 1.8332 19.3544 -4.7174 0.0762
Car -1 -1 -3.2858 583.9075 182.0145 651.4985 206.1133 1.4871 1.6133 4.1575 0.4375 2.0899 46.4257 -3.2770 0.0716
Car -1 -1 -4.7859 503.1089 183.0129 528.8641 203.8758 1.4565 1.6289 4.1790 -7.1944 2.2580 54.7377 -4.9164 0.0577
Car -1 -1 -5.9634 304.2158 188.9100 379.7412 214.3408 1.4758 1.6072 4.0001 -16.2757 2.4705 43.8430 -6.3173 0.0531
Car -1 -1 -4.7866 478.2948 185.4556 510.0287 210.4640 1.4649 1.7213 4.0817 -7.5624 2.3175 46.6506 -4.9469 0.0505
