Pedestrian -1 -1 -6.0394 593.4084 162.8404 602.0794 189.7032 1.9251 0.6930 0.4725 -0.5207 0.6595 51.0617 -6.0478 0.0926
Pedestrian -1 -1 -5.2412 981.1754 207.8343 1081.0702 369.0000 1.2972 0.3980 0.5796 3.1426 1.5156 5.3437 -4.7331 0.0891
Pedestrian -1 -1 -7.7517 263.7097 163.3402 303.1424 257.6659 1.7630 0.6079 0.8417 -6.2685 1.4427 13.7099 -8.1701 0.0823
Cyclist -1 -1 -5.0128 666.3192 165.1831 694.6782 210.2486 1.7559 0.6877 1.5974 2.9902 1.1593 28.3988 -4.9073 0.0820
Pedestrian -1 -1 -4.2693 0.0000 176.0825 49.4768 261.4434 1.6594 0.5968 0.7114 -11.7055 1.5739 14.1607 -4.9473 0.0816
Cyclist -1 -1 -7.1079 1173.8958 151.0052 1223.0000 221.4797 1.7919 0.6066 1.6364 15.7575 1.0423 18.3784 -6.4060 0.0804
Car -1 -1 -7.9979 781.8394 151.3199 815.4540 178.6787 1.7425 1.6239 3.8671 12.9092 -0.1271 47.3215 -7.7314 0.0714
Pedestrian -1 -1 -6.1375 85.6760 153.2083 138.9729 251.7756 1.8923 0.5768 0.7867 -9.7889 1.3687 14.0049 -6.7351 0.0661
Car -1 -1 -7.3131 0.0000 179.6573 14.3810 240.1105 1.5087 1.6254 4.2202 -18.8635 1.4880 19.8777 -8.0626 0.0601
Car -1 -1 -7.5452 570.8724 170.3421 627.6939 204.4963 1.4908 1.5855 3.7036 -0.2263 1.0476 32.8668 -7.5503 0.0590
Pedestrian -1 -1 -7.2323 208.6627 168.3247 255.8376 255.1853 1.6547 0.5296 0.6604 -7.3304 1.4231 13.8341 -7.7083 0.0549
Car -1 -1 -4.2415 459.7246 164.8776 576.6808 230.1286 1.7092 1.6848 4.1611 -2.4499 1.3003 20.7642 -4.3554 0.0531
Pedestrian -1 -1 -3.0396 135.7695 164.5403 179.0553 262.3954 1.7334 0.5409 0.6112 -8.2036 1.4511 12.9015 -3.5931 0.0514
Pedestrian -1 -1 -5.6178 111.9739 151.9079 228.0710 313.8601 1.8493 0.6431 1.0019 -5.2357 1.5232 8.4572 -6.1537 0.7620
Pedestrian -1 -1 -4.4586 1174.4364 161.4964 1223.0000 268.4297 1.7486 0.6111 0.7056 10.1257 1.4382 12.0164 -3.7698 0.2211
Cyclist -1 -1 -7.8071 505.0795 162.9179 545.7311 263.7422 1.7275 0.6585 1.7896 -1.4881 1.4266 13.0281 -7.9163 0.1426
Pedestrian -1 -1 -8.1655 837.8538 168.1413 871.5695 233.6178 1.6190 0.6404 0.6115 6.2359 1.3138 17.7957 -7.8323 0.1264
Pedestrian -1 -1 -4.7821 689.9695 168.0072 722.4258 252.4640 1.6861 0.6021 0.7853 2.0240 1.4371 14.5279 -4.6450 0.1194
Cyclist -1 -1 -2.8907 648.9303 141.1750 680.9038 173.4503 1.7814 0.6785 1.6812 3.3680 -0.4035 39.8846 -2.8050 0.1172
Pedestrian -1 -1 -9.1220 1127.5325 147.4006 1200.8470 268.9780 1.8989 0.6020 0.8005 9.0721 1.3823 11.5439 -8.4676 0.0921
Pedestrian -1 -1 -3.2717 819.7695 175.4836 860.6917 254.2500 1.5317 0.5196 0.7068 4.6250 1.4345 14.0691 -2.9591 0.0911
Pedestrian -1 -1 -6.3771 1025.9117 162.4624 1071.9368 272.1351 1.7530 0.5582 0.5862 7.2717 1.4650 11.6803 -5.8308 0.0824
Pedestrian -1 -1 -7.9187 610.8135 163.3781 638.2070 235.6763 1.7696 0.6328 0.8167 0.4398 1.3509 17.7267 -7.8926 0.0784
Cyclist -1 -1 -6.7782 821.6113 167.8011 890.0482 236.0278 1.6961 0.6064 1.5395 6.3353 1.3807 17.9989 -6.4436 0.0781
Pedestrian -1 -1 -3.5545 745.6591 173.2211 797.0474 255.5536 1.6157 0.5042 0.8751 3.2899 1.4732 14.2051 -3.3302 0.0771
Pedestrian -1 -1 -4.9208 1082.4589 152.2234 1134.0214 267.4821 1.8203 0.5568 0.6492 8.1729 1.3741 11.5735 -4.3172 0.0718
Pedestrian -1 -1 -4.8250 777.3156 161.1605 818.7574 265.4940 1.7509 0.6000 0.8182 3.2999 1.4267 12.3134 -4.5679 0.0686
Pedestrian -1 -1 -7.4617 487.5006 169.2237 532.0584 262.8816 1.6484 0.5595 0.7511 -1.7733 1.4503 12.8789 -7.5934 0.0673
Cyclist -1 -1 -3.1735 656.9883 142.0776 687.9201 173.9575 1.7871 0.6424 1.7291 3.8112 -0.3750 40.1657 -3.0775 0.0666
Pedestrian -1 -1 -4.8044 679.2865 157.5063 705.7082 232.9275 1.8410 0.5721 0.9108 2.1427 1.2800 17.7218 -4.6844 0.0665
Pedestrian -1 -1 -4.2074 855.3632 164.7368 907.9972 268.2901 1.6872 0.5554 0.7178 4.6332 1.4307 11.9636 -3.8451 0.0647
Pedestrian -1 -1 -4.8196 459.6229 164.2091 492.8960 250.0249 1.7488 0.6028 0.8554 -2.7668 1.4172 14.9042 -4.9976 0.0643
Pedestrian -1 -1 -4.6337 1064.7200 152.7634 1109.9098 267.9525 1.8131 0.5686 0.6743 7.8457 1.3769 11.5701 -4.0489 0.0640
Pedestrian -1 -1 -8.2416 958.3808 162.3972 1011.2224 270.1324 1.7180 0.5545 0.6502 6.1815 1.4297 11.6242 -7.7625 0.0639
Cyclist -1 -1 -4.9729 952.6948 170.5799 1022.3624 281.3707 1.6085 0.4890 1.8220 5.9668 1.4648 11.2073 -4.4938 0.0638
Cyclist -1 -1 -8.0702 857.8697 177.3789 919.2039 281.7249 1.4978 0.5171 1.6634 4.3275 1.4534 11.0102 -7.7037 0.0636
Pedestrian -1 -1 -2.4689 627.5912 170.7940 683.2529 263.3952 1.6264 0.5437 0.8622 0.8692 1.4563 12.9100 -2.4016 0.0610
Pedestrian -1 -1 -5.7183 583.8196 163.4250 622.8481 236.3887 1.7724 0.6155 0.7628 -0.0818 1.3579 17.6390 -5.7211 0.0604
Pedestrian -1 -1 -7.6709 521.7797 160.7694 560.8903 259.1414 1.7313 0.5665 0.8415 -1.1977 1.3844 12.8890 -7.7594 0.0599
Pedestrian -1 -1 -4.7628 857.9537 200.6337 888.4742 276.3279 1.1661 0.4284 0.4667 4.2420 1.4972 11.3306 -4.4121 0.0586
Pedestrian -1 -1 -4.6491 864.9160 191.4952 899.1763 275.5924 1.2666 0.4751 0.4594 4.2769 1.4434 11.0369 -4.2874 0.0581
Pedestrian -1 -1 -8.0157 649.2693 168.0617 688.6371 260.4398 1.6550 0.5970 0.8255 1.1265 1.4326 13.1017 -7.9303 0.0575
Pedestrian -1 -1 -8.0925 899.4964 163.0294 947.2421 266.1512 1.6820 0.5981 0.6104 5.2902 1.3974 11.8845 -7.6818 0.0574
Pedestrian -1 -1 -6.8358 644.6036 160.7997 680.9506 233.0224 1.7659 0.5875 0.7031 1.4029 1.2846 17.7097 -6.7563 0.0571
Pedestrian -1 -1 -4.1407 877.1592 195.9393 921.1409 287.0334 1.2700 0.4464 0.3968 4.2128 1.5008 10.2548 -3.7600 0.0569
Cyclist -1 -1 -8.3328 938.0996 167.5918 998.5818 253.0050 1.6171 0.4153 1.5022 7.1883 1.3731 14.1405 -7.8699 0.0562
Cyclist -1 -1 -4.8586 833.6934 165.1283 862.8870 233.3015 1.6952 0.4970 1.4690 6.2568 1.3133 18.3482 -4.5335 0.0542
Cyclist -1 -1 -5.0283 659.3233 140.2204 678.7171 171.3936 1.6993 0.5862 1.7191 3.5962 -0.5264 39.9749 -4.9371 0.0539
Pedestrian -1 -1 -7.9661 1002.4256 157.5758 1046.5267 267.7124 1.7591 0.5549 0.5961 6.8662 1.3934 11.6771 -7.4447 0.0516
Pedestrian -1 -1 -5.1420 841.9721 163.2079 891.0153 263.3108 1.7286 0.5791 0.6889 4.5922 1.4303 12.5773 -4.7983 0.0508
Car -1 -1 -6.2414 654.0165 143.3409 720.1080 171.1231 1.5104 1.6032 3.6665 4.6795 -0.5480 40.2508 -6.1244 0.1481
Car -1 -1 -8.1703 477.3961 168.8843 579.6085 235.7802 1.5955 1.6259 3.7162 -2.1820 1.3188 18.8917 -8.2815 0.0525
