Pedestrian -1 -1 -2.4979 405.5219 174.7082 421.9875 203.1092 1.7677 0.5744 0.8186 -12.3764 1.8851 45.3828 -2.7630 0.0890
Pedestrian -1 -1 -3.6645 850.2720 134.8210 958.7519 320.3803 1.8749 0.6123 0.8756 3.0523 1.4903 7.6618 -3.2996 0.0810
Pedestrian -1 -1 -8.3699 660.4858 161.2314 679.7667 199.1124 1.9307 0.6584 0.8499 3.0655 1.3380 37.2992 -8.2890 0.0717
Pedestrian -1 -1 -3.1975 852.3903 151.7281 937.5981 374.0000 1.7071 0.5688 0.5558 2.0918 1.5562 5.4975 -2.8530 0.0684
Cyclist -1 -1 -3.4277 643.2961 168.3973 674.3895 199.2344 1.8321 0.7797 1.7165 2.9005 1.5670 43.4358 -3.3619 0.0677
Pedestrian -1 -1 -6.0428 358.4907 168.8708 382.6407 224.8797 1.9266 0.5140 0.6950 -8.3724 1.7893 25.1033 -6.3620 0.0626
Pedestrian -1 -1 -4.9889 828.4950 211.7431 870.8908 314.0086 1.1075 0.3408 0.4538 2.6670 1.5627 8.2208 -4.6869 0.0621
Car -1 -1 -5.4004 894.7424 171.0309 1021.6664 219.5463 1.4335 1.5812 3.8718 11.0928 1.3794 23.3914 -4.9629 0.0597
Cyclist -1 -1 -8.1026 688.4769 165.7757 708.9787 206.4047 1.7093 0.4974 1.5912 3.7799 1.4112 31.1762 -7.9835 0.0577
Pedestrian -1 -1 -4.5607 205.3475 179.3265 237.6056 244.2481 1.8348 0.7046 0.8506 -11.3526 2.0276 21.0132 -5.0511 0.0572
Cyclist -1 -1 -6.2077 217.3879 183.7595 285.8024 250.5596 1.6656 0.4929 1.5524 -9.3039 1.9554 18.6778 -6.6646 0.0548
Car -1 -1 -7.9161 617.8863 160.6210 641.0769 187.0683 2.3906 1.8726 4.7570 1.7675 1.2845 67.6312 -7.8903 0.0528
Pedestrian -1 -1 -3.9372 161.1752 178.8053 199.5789 241.7713 1.8359 0.6311 0.7652 -12.8839 2.0172 21.5691 -4.4705 0.0520
Cyclist -1 -1 -4.7667 502.9710 173.5547 517.9077 211.4517 1.7401 0.6022 1.7525 -4.7524 1.7738 34.0817 -4.9047 0.6851
Cyclist -1 -1 -4.7307 482.9704 173.1602 498.2811 214.9621 1.8018 0.6364 1.7513 -5.3509 1.8155 32.0339 -4.8954 0.3173
Pedestrian -1 -1 -4.5999 232.5732 199.2888 252.1263 248.7809 1.2235 0.3946 0.4599 -9.4351 1.9086 18.4246 -5.0677 0.1043
Pedestrian -1 -1 -8.2041 622.7908 168.1935 644.5306 209.5967 1.7080 0.6880 0.7663 0.9440 1.5155 30.2378 -8.1738 0.0992
Pedestrian -1 -1 -4.6659 71.9922 183.6556 98.0869 247.3446 1.8290 0.5930 0.5930 -15.5175 2.1533 21.2708 -5.2904 0.0864
Cyclist -1 -1 -7.9120 468.1701 176.8424 477.3652 202.3677 1.6536 0.5020 1.6772 -9.1463 1.9228 47.8908 -8.1001 0.0793
Cyclist -1 -1 -4.6995 181.4319 192.2447 203.9179 255.4958 1.4971 0.4694 1.5498 -10.6547 2.0113 18.3547 -5.2195 0.0764
Cyclist -1 -1 -8.1361 459.8681 176.2862 475.7020 203.1550 1.7361 0.5739 1.7085 -9.4492 1.9671 47.7390 -8.3309 0.0704
Pedestrian -1 -1 -4.4654 58.7990 181.3460 89.9115 246.8942 1.8885 0.6020 0.6208 -15.8479 2.1435 21.2932 -5.0994 0.0541
Cyclist -1 -1 -4.8159 471.6143 173.3450 487.7348 213.7037 1.7643 0.5455 1.6308 -5.9064 1.7866 32.4219 -4.9951 0.0530
Cyclist -1 -1 -8.0209 537.3619 174.7801 544.6832 192.2579 1.6354 0.4288 1.6133 -6.5755 1.8202 68.5317 -8.1165 0.0528
Pedestrian -1 -1 -3.1346 242.2920 190.9806 267.2659 247.5426 1.4190 0.4551 0.5727 -9.2235 1.8953 18.6413 -3.5888 0.0523
Car -1 -1 -8.0671 644.5815 173.1181 706.1321 219.9039 1.5059 1.4493 3.2291 2.1476 1.5154 24.9382 -7.9829 0.9694
Car -1 -1 -7.6119 0.0000 195.3153 94.2383 261.4065 1.4289 1.5075 3.5597 -14.8666 2.0755 18.8463 -8.2731 0.9466
Car -1 -1 -7.8733 430.1728 182.4980 475.1733 223.9606 1.4158 1.5687 3.6630 -6.0789 1.8096 27.5160 -8.0892 0.8963
Car -1 -1 -8.0075 569.0745 176.4690 604.4479 202.1787 1.4744 1.6054 3.6205 -1.4876 1.7034 43.8487 -8.0416 0.8943
Car -1 -1 -4.9486 695.0637 176.6897 807.5494 252.8443 1.4458 1.5229 3.7818 2.9031 1.5399 15.8255 -4.7714 0.8253
Car -1 -1 -8.0945 728.9763 153.9300 926.3242 303.7532 1.7890 1.6803 4.4354 2.9110 1.5628 10.8450 -7.8401 0.7742
Car -1 -1 -8.1008 609.1127 172.1547 662.2713 210.3092 1.5799 1.5302 3.4285 1.0308 1.5507 31.7157 -8.0692 0.5804
Car -1 -1 -4.7529 424.8582 172.9649 446.4140 194.5873 1.7669 1.6144 3.9154 -14.8119 1.7763 61.0880 -4.9901 0.5229
Car -1 -1 -7.9508 548.7925 175.2969 574.8470 197.1678 1.5656 1.5959 3.6345 -3.6653 1.7547 54.0040 -8.0186 0.5212
Car -1 -1 -7.9215 432.0677 179.6153 473.6280 214.4139 1.5010 1.6553 3.7281 -7.4761 1.8376 33.9287 -8.1372 0.5036
Car -1 -1 -7.9234 531.1175 176.0247 550.2015 192.4065 1.5059 1.5716 3.4951 -6.6622 1.8165 68.8966 -8.0197 0.4254
Car -1 -1 -7.7618 452.2356 180.0769 480.6499 203.2290 1.4590 1.5424 3.6934 -9.6604 1.9642 48.5808 -7.9574 0.2195
Car -1 -1 -6.6015 638.9354 172.8929 704.1306 200.0389 1.6121 1.6052 3.6462 3.7061 1.6143 44.0594 -6.5186 0.1728
Car -1 -1 -4.6328 477.6116 179.3573 505.1808 202.4891 1.4635 1.5473 3.6491 -7.9837 1.9181 48.5907 -4.7952 0.1557
Car -1 -1 -7.8779 120.8412 190.5475 199.7113 256.4945 1.4407 1.6111 4.0943 -11.9659 1.9609 19.0732 -8.4322 0.1094
Car -1 -1 -4.4723 363.8582 177.0918 412.7861 208.7582 1.6140 1.6731 3.8491 -12.0365 1.8559 39.2703 -4.7682 0.1028
Car -1 -1 -5.4851 867.4930 172.3996 1077.9425 254.8869 1.3868 1.5264 3.6448 6.8204 1.3788 14.1020 -5.0433 0.0713
Car -1 -1 -8.0533 593.9310 174.6902 640.2878 206.6954 1.5600 1.6211 4.0987 0.2715 1.6609 37.5849 -8.0466 0.0634
Car -1 -1 -8.5753 877.5429 162.3736 1195.6180 300.7971 1.5673 1.5770 3.9909 5.6417 1.4484 10.2933 -8.0866 0.0547
