Pedestrian -1 -1 -5.1179 657.5542 172.0320 688.8751 236.0138 1.7536 0.6177 0.7735 1.7177 1.7308 20.2410 -5.0354 0.0923
Car -1 -1 -6.9472 321.0938 186.3900 564.3139 287.8935 1.4853 1.6572 4.2255 -2.9500 1.7747 13.2890 -7.1624 0.0921
Cyclist -1 -1 -7.5288 725.6418 167.5107 757.0608 222.2206 1.7659 0.5367 1.6672 4.3621 1.5932 24.1502 -7.3529 0.0858
Pedestrian -1 -1 -7.6779 898.9027 162.5731 916.0052 208.0402 1.8214 0.5632 0.5084 12.0229 1.4092 29.2697 -7.2920 0.0769
Pedestrian -1 -1 -5.8061 649.4658 167.9352 678.6018 224.6758 1.8325 0.6540 0.7407 1.7345 1.6733 23.7744 -5.7349 0.0576
Pedestrian -1 -1 -3.7585 894.7724 162.6622 940.1158 234.6089 1.8178 0.5963 0.8970 7.8774 1.5600 18.6207 -3.3646 0.0562
Cyclist -1 -1 -3.8890 895.8583 163.5278 927.0292 195.9162 1.7790 0.6706 1.5672 16.7641 1.2664 40.2187 -3.4970 0.0554
Pedestrian -1 -1 -5.8921 750.8525 161.6424 769.7155 202.1111 1.8710 0.6306 0.6772 7.0012 1.3523 33.8089 -5.6900 0.0539
Pedestrian -1 -1 -5.5779 511.0905 159.7743 562.2859 248.7621 1.9448 0.6231 0.9804 -1.7094 1.6586 16.3030 -5.6816 0.0519
Pedestrian -1 -1 -5.9193 753.6194 164.2729 771.6393 207.2520 1.8493 0.7037 0.5574 6.6207 1.4798 31.4928 -5.7144 0.1181
Pedestrian -1 -1 -6.1657 1150.1897 118.4509 1241.0000 374.0000 1.8116 0.6196 0.6457 3.0061 1.5820 3.4880 -5.4961 0.1094
Pedestrian -1 -1 -2.7325 477.2608 172.8036 525.7065 255.2536 1.7245 0.6036 0.8600 -2.3767 1.7231 15.4930 -2.8830 0.1032
Pedestrian -1 -1 -7.5596 899.4833 166.1005 914.4145 205.5530 1.7276 0.5290 0.3625 13.0866 1.4316 31.9026 -7.1740 0.0993
Pedestrian -1 -1 -5.6402 492.1688 172.0149 541.7823 254.5711 1.7473 0.6115 0.8843 -2.0820 1.7293 15.7548 -5.7704 0.0971
Cyclist -1 -1 -7.0464 746.2022 163.8762 788.2902 205.4499 1.7554 0.6925 1.8050 6.7689 1.3760 31.2335 -6.8354 0.0942
Pedestrian -1 -1 -5.4755 510.2655 169.6751 556.7109 251.4570 1.7674 0.6366 0.8251 -1.7606 1.6984 16.1027 -5.5836 0.0834
Cyclist -1 -1 -4.9025 1109.0475 82.0946 1241.0000 374.0000 1.8579 0.6914 1.6833 2.7981 1.5535 3.3248 -4.2463 0.0761
Pedestrian -1 -1 -2.6326 457.4472 171.6334 508.4289 255.9743 1.7216 0.6142 0.8657 -2.7174 1.6964 15.1603 -2.8078 0.0720
Cyclist -1 -1 -8.3577 892.4088 166.1967 920.6694 205.7087 1.7089 0.4556 1.5617 13.0980 1.4207 32.0094 -7.9729 0.0698
Pedestrian -1 -1 -7.6480 898.3991 165.3622 912.9960 205.1541 1.7530 0.5359 0.3789 13.1100 1.4227 32.0937 -7.2638 0.0637
Pedestrian -1 -1 -5.7183 747.5159 163.7564 766.2172 206.9656 1.8444 0.6412 0.5334 6.3113 1.4558 31.2152 -5.5211 0.0579
Pedestrian -1 -1 -5.4276 527.5661 169.9419 572.7126 250.0379 1.7693 0.5825 0.8929 -1.4207 1.7047 16.4586 -5.5133 0.0507
Car -1 -1 -7.0444 993.1831 183.5356 1241.0000 298.3938 1.4013 1.5905 4.0308 7.6582 1.5649 10.0345 -6.4072 0.8834
Car -1 -1 -6.9837 946.0184 181.4269 1227.6858 274.2742 1.4282 1.5752 3.9665 8.0036 1.5870 12.3436 -6.4200 0.8309
Car -1 -1 -7.1281 1026.0505 153.0662 1241.0000 374.0000 1.6453 1.7240 4.1247 5.3197 1.5365 4.9236 -6.3341 0.7533
Car -1 -1 -7.2081 1180.3096 101.8841 1241.0000 374.0000 1.6004 1.6976 4.1900 4.5385 1.4944 2.2098 -6.1420 0.1607
Car -1 -1 -6.2241 763.5339 170.4838 826.5375 193.7309 1.5176 1.5529 4.0165 12.3983 1.3626 48.4511 -5.9753 0.0757
