Pedestrian -1 -1 -7.4515 694.9576 169.2979 729.1855 238.5249 1.8242 0.6297 0.8733 2.7203 1.7302 19.5492 -7.3162 0.1081
Car -1 -1 -4.7548 1081.0820 191.7983 1241.0000 324.6088 1.4083 1.6098 3.9342 7.6565 1.7341 10.3325 -4.1315 0.0675
Pedestrian -1 -1 -4.8155 390.0939 184.3694 426.6409 288.2312 1.6377 0.5067 0.7486 -3.3913 1.8346 11.9162 -5.0879 0.0645
Car -1 -1 -7.3507 1155.7827 142.9217 1241.0000 374.0000 1.8236 1.7591 4.6528 7.0857 1.6377 5.8179 -6.4926 0.0558
Pedestrian -1 -1 -6.1509 608.6229 168.1245 624.5009 198.3058 1.9373 0.5527 0.9629 0.3929 1.6334 46.6559 -6.1430 0.3073
Pedestrian -1 -1 -6.5455 601.6278 173.4028 616.5322 199.1793 1.7992 0.5771 0.9306 -0.0975 1.8378 50.7805 -6.5478 0.2382
Pedestrian -1 -1 -2.8973 439.0471 173.0228 466.9122 234.7201 1.8140 0.5637 0.6963 -4.7243 1.8188 21.5079 -3.1116 0.2232
Pedestrian -1 -1 -7.4682 0.0000 182.4003 130.7012 374.0000 1.7153 0.7036 0.9395 -4.0236 1.7896 5.0932 -8.1121 0.2022
Pedestrian -1 -1 -4.1796 81.8540 122.2631 266.4868 374.0000 2.0059 0.7034 1.1758 -3.3395 1.6576 5.5551 -4.7008 0.1715
Pedestrian -1 -1 -4.6599 352.6796 167.2589 395.1853 290.8086 1.8664 0.5951 0.7446 -3.7513 1.7815 11.3362 -4.9734 0.1508
Pedestrian -1 -1 -6.0223 456.1943 172.1440 474.3316 224.1199 1.8976 0.5261 0.5390 -5.3830 1.8713 26.6216 -6.2204 0.1332
Cyclist -1 -1 -7.6474 608.3855 181.6500 620.1814 210.7868 1.6213 0.3730 1.5350 0.2148 2.1355 41.4148 -7.6429 0.0961
Pedestrian -1 -1 -2.8301 463.6278 173.1715 476.3941 222.2471 1.8656 0.4886 0.3485 -5.4167 1.8776 27.6961 -3.0220 0.0939
Pedestrian -1 -1 -5.6893 928.8135 152.9017 1015.5507 304.6912 1.8605 0.6067 0.8028 4.6221 1.6156 9.3437 -5.2433 0.0859
Pedestrian -1 -1 -3.4863 0.0000 174.4001 82.5184 374.0000 1.7290 0.5660 0.8038 -4.4932 1.7411 5.2524 -4.1693 0.0830
Cyclist -1 -1 -7.8150 445.9640 177.6473 466.6823 236.2707 1.6709 0.5404 1.7364 -4.6396 1.8202 21.6146 -8.0246 0.0814
Pedestrian -1 -1 -3.2624 887.7435 155.4217 943.1276 290.5211 1.8710 0.5727 0.6592 4.3136 1.6293 10.3549 -2.8788 0.0771
Cyclist -1 -1 -7.5776 611.9658 180.7296 626.0811 209.9590 1.6289 0.4140 1.5200 0.4877 2.0893 41.4216 -7.5666 0.0647
Pedestrian -1 -1 -3.0539 899.6763 161.1983 959.0427 298.8601 1.8286 0.5534 0.7145 4.3714 1.6734 9.9961 -2.6535 0.0605
Pedestrian -1 -1 -9.0988 973.4473 151.0860 1046.7836 299.7591 1.8894 0.5980 0.7083 5.2826 1.6125 9.6324 -8.6109 0.0569
Pedestrian -1 -1 -4.8761 212.7421 147.1072 317.6408 374.0000 1.9087 0.6151 0.9586 -2.8362 1.7225 5.7787 -5.3156 0.0539
Car -1 -1 -4.6748 461.8343 187.4953 520.6407 241.4411 1.3723 1.5823 4.3008 -3.5457 1.8596 21.7974 -4.8349 0.8957
Car -1 -1 -7.9458 570.1734 180.1699 590.1909 196.6913 1.4586 1.5396 3.5375 -2.8210 2.1584 67.1992 -7.9881 0.1780
Car -1 -1 -4.9254 594.5657 170.3965 625.3267 197.9105 2.1926 1.7348 3.9668 -0.0676 1.9964 59.6209 -4.9270 0.1357
Car -1 -1 -4.5673 586.7732 182.1375 625.1525 211.1111 1.5716 1.6688 4.3755 -0.2214 2.1524 42.8820 -4.5730 0.1011
Car -1 -1 -7.7221 491.5130 181.4164 523.4446 205.9350 1.5417 1.6303 3.9524 -6.9134 2.1433 48.7372 -7.8627 0.0822
Car -1 -1 -7.9646 490.1825 169.0983 513.2372 189.0887 1.8523 1.7202 4.2688 -10.4263 1.5040 69.1417 -8.1140 0.0743
Car -1 -1 -2.3931 0.0000 191.3856 51.9891 374.0000 1.6208 1.6962 4.1242 -6.0784 1.7586 4.1492 -3.3345 0.0541
