Pedestrian -1 -1 -5.6478 239.9398 171.6653 255.0516 200.0901 1.9014 0.4937 0.7702 -23.8178 1.2435 48.3603 -6.1082 0.2418
Pedestrian -1 -1 -8.3747 848.8166 167.4646 872.4417 216.6291 1.8669 0.5829 0.6972 9.9585 1.3343 27.6723 -8.0375 0.1448
Pedestrian -1 -1 -5.1980 16.5219 176.5518 50.3399 241.7094 1.7870 0.5711 0.5063 -15.8940 1.6517 20.0639 -5.8668 0.1132
Pedestrian -1 -1 -4.1730 399.1991 175.0345 418.0892 210.9927 1.7133 0.6557 0.6187 -9.2984 1.4055 34.6127 -4.4386 0.0928
Pedestrian -1 -1 -7.7581 0.0000 174.5276 22.1455 231.3469 1.8137 0.6108 0.5009 -19.2422 1.5916 23.3083 -8.4479 0.0750
Pedestrian -1 -1 -4.4056 387.2113 168.5561 405.7998 208.7901 1.8754 0.6516 0.7420 -9.6682 1.2723 33.8619 -4.6867 0.0746
Cyclist -1 -1 -2.2822 210.6962 177.1763 249.7790 217.4668 1.7617 0.5703 1.7034 -16.5476 1.5730 31.9903 -2.7613 0.0718
Pedestrian -1 -1 -8.0975 857.5564 162.1427 877.3720 209.0338 1.9678 0.6567 0.6082 11.2663 1.1558 30.4814 -7.7513 0.0714
Pedestrian -1 -1 -5.7469 201.6588 170.6131 213.0250 195.7798 1.8291 0.7173 0.4243 -28.8255 1.0378 52.5735 -6.2513 0.0566
Pedestrian -1 -1 -6.0941 258.8334 174.1394 269.2055 201.0354 1.7873 0.6590 0.5167 -22.5908 1.2982 48.1174 -6.5359 0.0556
Car -1 -1 -7.6310 295.6544 177.7190 333.9778 200.7888 1.5190 1.6711 3.7247 -19.5967 1.2701 49.2704 -8.0127 0.0533
Pedestrian -1 -1 -3.5378 202.6299 197.8149 236.0863 256.7018 1.2110 0.3758 0.5237 -8.1610 1.5657 15.2722 -4.0269 0.1930
Pedestrian -1 -1 -5.4806 715.9968 186.4323 747.0406 255.0202 1.3534 0.4511 0.4217 2.5874 1.4557 14.5188 -5.3128 0.1774
Pedestrian -1 -1 -7.5351 231.3300 166.3841 249.6849 206.0174 1.9537 0.6203 0.7366 -18.0022 1.2088 35.8198 -8.0028 0.1434
Pedestrian -1 -1 -5.4549 171.7633 170.5869 194.5296 208.4839 1.9014 0.6308 0.7897 -21.2362 1.3541 36.4591 -5.9842 0.1379
Pedestrian -1 -1 -4.9141 975.4178 154.0907 1011.7418 231.4012 1.9131 0.6071 1.0323 9.9710 1.2354 18.3564 -4.4276 0.1370
Pedestrian -1 -1 -7.6245 119.9475 166.6738 141.1532 212.3884 2.0265 0.6380 0.7863 -21.1961 1.3696 32.3227 -8.2062 0.1157
Pedestrian -1 -1 -7.8718 354.3339 183.3919 370.2458 223.6213 1.4797 0.5505 0.6421 -8.9649 1.5518 26.8527 -8.1963 0.1106
Cyclist -1 -1 -2.4208 161.8358 183.4039 251.5497 261.6933 1.6053 0.5985 1.6932 -8.4009 1.6475 15.2276 -2.9232 0.1100
Pedestrian -1 -1 -3.0659 1213.0205 152.6958 1234.2424 224.5596 1.7910 0.5343 0.3745 15.7509 1.0737 18.2245 -2.3654 0.1000
Pedestrian -1 -1 -4.3160 1030.2446 154.9355 1070.1187 232.5279 1.8925 0.6196 0.7273 11.1982 1.2451 17.9846 -3.7708 0.0945
Cyclist -1 -1 -8.2323 651.6287 173.6067 664.9734 196.7540 1.5853 0.3974 1.4828 3.9601 1.0447 49.9638 -8.1586 0.0904
Cyclist -1 -1 -2.9379 168.6048 171.7958 213.2240 211.5032 1.8246 0.7048 1.7074 -19.2022 1.3790 33.6102 -3.4587 0.0890
Pedestrian -1 -1 -7.4552 137.3323 168.2596 157.5657 212.5136 1.9512 0.6444 0.4315 -20.1969 1.3677 31.9388 -8.0204 0.0875
Pedestrian -1 -1 -5.4924 719.9125 183.8403 753.6055 253.5716 1.3937 0.4855 0.4734 2.7297 1.4433 14.7122 -5.3176 0.0872
Pedestrian -1 -1 -3.7502 999.8913 161.3645 1044.6486 231.7341 1.8342 0.5402 0.8709 11.1086 1.3099 19.0322 -3.2330 0.0861
Pedestrian -1 -1 -4.6242 1153.5139 155.9814 1190.2023 246.0916 1.7702 0.5315 0.7210 11.5206 1.2695 14.5565 -3.9686 0.0860
Pedestrian -1 -1 -5.8720 205.5173 169.2995 221.9297 204.8557 1.8628 0.7263 0.5194 -20.5219 1.2238 38.0181 -6.3691 0.0831
Cyclist -1 -1 -5.3035 1200.9670 121.4722 1237.0000 163.7326 1.7212 0.5649 1.7031 26.6689 -0.7850 30.8728 -4.5999 0.0744
Pedestrian -1 -1 -3.7290 212.8708 194.9590 249.6458 255.4467 1.2440 0.4260 0.5517 -7.9060 1.5372 15.2714 -4.2052 0.0741
Cyclist -1 -1 -3.4719 697.3727 178.3401 781.1139 256.1082 1.5238 0.6688 1.5260 2.7326 1.4625 14.5219 -3.2947 0.0716
Pedestrian -1 -1 -4.5743 103.6686 187.3890 135.4981 256.6484 1.4946 0.5279 0.4479 -10.6784 1.6278 15.8717 -5.1643 0.0712
Pedestrian -1 -1 -4.2543 1204.7587 123.0134 1228.4958 165.6368 1.8052 0.6102 0.5309 26.6116 -0.6949 31.0961 -3.5553 0.0707
Pedestrian -1 -1 -4.9312 930.5148 169.7529 956.6327 226.8513 1.7276 0.5567 0.8125 10.5312 1.3726 22.1903 -4.4978 0.0682
Pedestrian -1 -1 -6.6484 220.0041 171.1678 237.8015 205.9234 1.8317 0.7015 0.6332 -19.8833 1.2874 38.3281 -7.1291 0.0664
Cyclist -1 -1 -5.2197 1193.7012 120.9447 1236.0194 163.3703 1.7257 0.5946 1.7527 26.3607 -0.8032 30.9204 -4.5226 0.0655
Cyclist -1 -1 -8.1559 703.0103 171.5566 749.5756 256.6674 1.6691 0.4671 1.6398 2.5300 1.4747 14.9321 -7.9964 0.0624
Cyclist -1 -1 -7.1198 1200.6541 123.3795 1237.0000 165.5241 1.7637 0.6655 1.6298 26.7374 -0.6950 30.8284 -6.4143 0.0606
Pedestrian -1 -1 -5.0451 163.4712 171.8576 184.1052 213.4536 1.8419 0.6270 0.6206 -19.2125 1.4152 32.2478 -5.5839 0.0604
Cyclist -1 -1 -2.7926 347.5326 172.9381 390.5194 221.1766 1.7984 0.5519 1.4408 -8.7766 1.4796 27.0805 -3.1084 0.0590
Cyclist -1 -1 -7.8192 724.2169 170.2040 750.5342 254.3856 1.6499 0.4991 1.7468 2.8105 1.4291 14.9856 -7.6424 0.0570
Pedestrian -1 -1 -4.4019 374.6082 167.7169 399.7104 218.6237 1.8242 0.6444 0.8714 -7.8262 1.3307 26.1819 -4.6948 0.0562
Pedestrian -1 -1 -4.7608 945.0178 164.1760 968.8322 224.8360 1.8106 0.6056 0.7563 10.8039 1.2940 21.9076 -4.3126 0.0559
Pedestrian -1 -1 -5.6554 970.7961 172.0382 1010.4438 242.1222 1.5687 0.4926 0.6302 8.8809 1.3575 16.4707 -5.1727 0.0541
Pedestrian -1 -1 -3.6858 653.1177 172.6225 665.7831 197.1262 1.6774 0.5455 0.6872 4.0130 1.0697 49.5714 -3.6105 0.0536
Pedestrian -1 -1 -6.9285 1219.3557 155.9450 1237.0000 224.9917 1.7057 0.5333 0.4089 15.8973 1.0750 18.0253 -6.2180 0.0510
Pedestrian -1 -1 -3.4743 198.9602 191.8039 233.1442 257.0135 1.3598 0.4352 0.5344 -8.3176 1.5867 15.4321 -3.9670 0.0500
Pedestrian -1 -1 -3.9611 82.6820 177.4616 106.2379 219.2619 1.7268 0.5889 0.5472 -21.1769 1.5603 29.9851 -4.5770 0.0500
Car -1 -1 -4.5922 522.6441 174.7660 556.6251 200.0450 1.5376 1.6949 4.1210 -3.8858 1.1281 45.7800 -4.6814 0.8809
Car -1 -1 -4.9571 378.6252 175.1395 416.6333 198.7268 1.6687 1.7335 4.1266 -15.0689 1.2187 53.0399 -5.2376 0.2531
Car -1 -1 -8.0352 645.0642 172.1371 679.0118 196.2128 1.6572 1.6687 4.2214 4.3215 1.0127 51.6303 -7.9571 0.2467
Car -1 -1 -8.1583 487.2957 177.0571 523.8983 198.4614 1.4908 1.5714 3.7087 -6.9640 1.1814 52.0448 -8.2956 0.1741
Car -1 -1 -4.6533 662.6795 171.6156 681.8077 189.0359 1.5527 1.5442 3.9228 6.5724 0.6714 66.0818 -4.5594 0.1654
Car -1 -1 -7.8410 0.0000 175.1684 37.4451 204.1560 1.4498 1.6262 3.8467 -30.8421 1.1333 37.9384 -8.5251 0.1506
Car -1 -1 -8.2065 1160.6807 122.7950 1237.0000 162.8604 1.5795 1.6764 3.8964 27.0155 -0.8955 32.4030 -7.5202 0.0958
Car -1 -1 -4.6609 791.3836 175.0936 824.9405 205.5476 1.5331 1.5530 3.6357 11.0020 1.2108 38.1325 -4.3869 0.0925
Car -1 -1 -7.2652 158.3422 175.5154 234.2966 205.5301 1.5163 1.6540 3.8821 -21.4994 1.2142 38.2866 -7.7789 0.0752
Car -1 -1 -7.7887 222.6785 176.9091 261.0175 206.9874 1.5225 1.5964 3.8674 -19.1987 1.2903 38.4523 -8.2540 0.0592
