Pedestrian -1 -1 -6.5953 1153.8650 166.2057 1171.2806 201.4648 1.8323 0.6622 0.5467 28.9801 1.4865 37.8990 -5.9465 0.1682
Cyclist -1 -1 -5.5226 375.0583 178.6556 429.9243 238.7099 1.6323 0.5249 1.5502 -5.8977 1.8001 20.3175 -5.8023 0.1214
Pedestrian -1 -1 -4.8086 1062.8060 155.1190 1081.9559 203.3578 2.0429 0.6470 0.4587 19.7587 1.2915 30.9080 -4.2444 0.1187
Cyclist -1 -1 -4.8488 854.1271 173.7979 866.0485 202.9890 1.6689 0.4460 1.5396 14.5492 1.7247 42.1006 -4.5186 0.0964
Cyclist -1 -1 -7.7158 348.7612 178.4473 356.7669 199.7298 1.5633 0.3724 1.4268 -19.3206 1.9883 54.1234 -8.0575 0.0925
Cyclist -1 -1 -7.2211 1037.7854 165.7249 1073.1903 201.2756 1.8244 0.6895 1.7271 23.2223 1.4583 37.6752 -6.6725 0.0832
Pedestrian -1 -1 -5.7717 1024.2117 150.4726 1085.5117 282.2555 1.8741 0.5023 0.6039 6.5035 1.5555 10.6479 -5.2363 0.0657
Car -1 -1 -4.8323 301.9306 178.1120 337.1825 203.1930 1.4817 1.5927 4.1049 -18.4742 1.8305 45.7237 -5.2146 0.0640
Cyclist -1 -1 -7.2351 407.4123 174.9750 423.0038 196.9893 1.6248 0.3722 1.4242 -14.6355 1.7858 54.1284 -7.4982 0.0636
Car -1 -1 -4.5162 360.1189 177.8798 390.8868 199.1386 1.6144 1.6181 3.8622 -18.7544 2.0304 57.7559 -4.8291 0.0603
Pedestrian -1 -1 -5.2835 267.0757 174.8201 302.0622 238.6839 1.7300 0.5687 0.7533 -9.0776 1.7855 20.0176 -5.7047 0.0599
Cyclist -1 -1 -7.6907 232.5563 174.8047 261.5518 242.6732 1.6773 0.4064 1.6358 -9.4512 1.7299 18.7218 -8.1528 0.0572
Pedestrian -1 -1 -8.4533 498.4293 176.9454 512.1061 203.3932 1.6509 0.6090 0.6252 -6.6550 1.9117 45.6106 -8.5978 0.0536
Car -1 -1 -4.9749 1241.0000 159.3726 1241.0000 189.3687 1.4849 1.6273 4.0438 41.1130 0.8172 37.8632 -4.1524 0.0535
Car -1 -1 -4.2301 269.9134 180.0149 338.8108 211.2261 1.4982 1.6209 4.0273 -15.9000 1.8922 37.6620 -4.6273 0.0515
Pedestrian -1 -1 -3.2794 852.7317 170.9654 868.7872 202.4323 1.8105 0.5571 0.8092 14.5096 1.7016 41.8666 -2.9484 0.5120
Cyclist -1 -1 -7.9762 580.1700 175.8980 590.9155 204.4723 1.6296 0.4407 1.5297 -1.4691 1.8103 42.1089 -8.0114 0.1784
Pedestrian -1 -1 -5.5973 309.2698 167.0981 354.2922 247.3605 1.7816 0.4483 0.8649 -6.3599 1.6535 16.3648 -5.9630 0.1499
Pedestrian -1 -1 -2.1759 117.6843 173.4386 165.9982 256.0936 1.7203 0.5677 0.7047 -10.0538 1.7328 15.4204 -2.7460 0.0975
Cyclist -1 -1 -3.9500 153.2067 179.9458 226.8021 255.9558 1.6056 0.4751 1.5656 -9.4523 1.7726 16.2105 -4.4711 0.0851
Cyclist -1 -1 -7.9855 1037.8558 169.8938 1052.3107 201.2301 1.6213 0.4338 1.6517 22.9720 1.4678 38.1750 -7.4475 0.0846
Pedestrian -1 -1 -2.4129 576.1506 172.7873 589.8030 204.1207 1.7984 0.5427 0.5752 -1.6021 1.7943 41.8060 -2.4514 0.0739
Pedestrian -1 -1 -6.0156 575.7195 174.0150 588.7836 203.9401 1.7281 0.6826 0.6036 -1.6531 1.7962 42.0996 -6.0551 0.0720
Cyclist -1 -1 -4.9560 849.3275 171.7629 865.8414 202.0498 1.7281 0.5210 1.6486 14.3699 1.6656 42.0128 -4.6290 0.0710
Pedestrian -1 -1 -5.1549 153.9975 181.2677 195.0847 256.1401 1.6149 0.5328 0.7106 -9.7540 1.8070 16.0763 -5.6932 0.0699
Pedestrian -1 -1 -5.1705 132.2171 180.8678 173.8343 256.7580 1.6022 0.5410 0.6384 -10.0035 1.7808 15.7149 -5.7300 0.0647
Cyclist -1 -1 -7.4657 581.7004 174.9697 599.6707 204.4877 1.6854 0.4925 1.5724 -1.1563 1.8111 42.1382 -7.4935 0.0583
Pedestrian -1 -1 -8.7876 1036.6781 167.9198 1051.8589 202.3410 1.7908 0.5801 0.4205 22.7371 1.5338 37.8441 -8.2504 0.0571
Pedestrian -1 -1 -5.5269 55.8554 174.0666 114.2248 262.8315 1.6939 0.6054 0.6999 -10.3201 1.7179 14.1251 -6.1491 0.0570
Cyclist -1 -1 -7.7898 1040.2819 170.2263 1054.5363 203.6063 1.6926 0.5310 1.7290 22.6684 1.5590 37.4488 -7.2493 0.0566
Cyclist -1 -1 -7.1312 25.0112 173.1295 120.6955 266.4268 1.6851 0.4338 1.7342 -10.3612 1.6905 13.9211 -7.7620 0.0526
Pedestrian -1 -1 -7.5221 1042.4160 166.6563 1056.7532 201.9857 1.8280 0.5276 0.4344 22.9132 1.5070 37.6752 -6.9795 0.0518
Car -1 -1 -7.9009 745.1898 173.7304 786.9503 210.6258 1.5472 1.6355 3.6574 6.8851 1.5885 32.2864 -7.6932 0.9409
Car -1 -1 -5.2969 1224.7079 165.5792 1241.0000 206.4329 1.5805 1.6194 3.9663 27.7816 1.2988 30.0004 -4.5550 0.1072
Car -1 -1 -7.5350 582.1401 175.0155 629.3562 203.9608 1.6341 1.6404 4.0643 -0.2356 1.7699 43.2469 -7.5410 0.1043
Car -1 -1 -4.7888 302.3245 177.5332 334.3951 201.4412 1.4357 1.6032 4.0976 -18.8123 1.7503 46.3778 -5.1724 0.0839
Car -1 -1 -6.9990 1028.7369 171.5186 1121.3308 200.4422 1.4791 1.6178 4.0338 24.4174 1.4105 37.9959 -6.4317 0.0545
