Pedestrian -1 -1 -3.4322 646.1973 166.5358 661.0690 192.4233 1.8648 0.5464 0.9603 3.1340 1.4094 52.3514 -3.3731 0.1356
Car -1 -1 -8.2408 865.8534 161.5341 909.1950 186.3410 1.9283 1.6881 4.4900 22.3497 1.0481 58.3500 -7.8769 0.1071
Pedestrian -1 -1 -4.3068 426.1986 169.7855 441.4185 204.1216 1.9280 0.6614 0.5820 -10.0113 1.7554 40.8560 -4.5459 0.0899
Car -1 -1 -4.8702 634.6624 176.3615 659.5159 195.2974 1.5290 1.5180 3.7495 3.0761 1.8343 60.9260 -4.8204 0.0863
Pedestrian -1 -1 -4.0432 100.3498 161.4959 149.5985 242.6282 1.9473 0.6502 0.7968 -11.9647 1.6743 17.7414 -4.6298 0.0789
Car -1 -1 -4.1132 39.2035 185.6957 117.5511 214.4596 1.5737 1.7148 4.2214 -31.9864 2.3861 43.5223 -4.7442 0.0662
Car -1 -1 -4.1774 220.0335 187.6172 277.3630 212.0139 1.4856 1.6212 4.0122 -24.2370 2.5197 48.4915 -4.6390 0.0641
Pedestrian -1 -1 -4.3828 303.3945 166.6541 324.1623 215.2336 1.8536 0.6084 0.5082 -11.4552 1.6167 27.8021 -4.7706 0.0622
Car -1 -1 -7.8032 956.1943 160.2892 988.8860 186.2547 1.5397 1.6336 3.9032 22.5487 0.7944 44.8876 -7.3404 0.0620
Car -1 -1 -4.9771 564.9664 177.7048 597.1661 197.9001 1.5361 1.6043 3.9466 -2.3901 1.9402 58.0248 -5.0185 0.0607
Car -1 -1 -4.5937 0.0000 189.0329 0.0000 216.4734 1.5378 1.6879 4.1944 -41.2895 2.6009 45.2270 -5.3308 0.0523
Pedestrian -1 -1 -4.2021 487.6234 169.7684 508.2657 211.7391 1.8273 0.6507 0.6815 -4.9857 1.6927 31.8475 -4.3566 0.0516
Pedestrian -1 -1 -4.4887 854.0798 166.2775 869.5978 201.3451 1.6985 0.5708 0.7443 12.3222 1.3797 35.4152 -4.1568 0.2353
Pedestrian -1 -1 -6.0917 880.9900 161.5477 888.8046 195.6657 1.8165 0.5065 0.3027 14.7107 1.2142 38.7112 -5.7313 0.1660
Cyclist -1 -1 -7.0592 1024.1190 156.2961 1065.8826 196.0333 1.7966 0.6623 1.6565 19.9340 1.0477 33.1402 -6.5218 0.1141
Pedestrian -1 -1 -5.2434 316.8673 181.7520 326.2342 207.8189 1.6714 0.4398 0.3641 -18.7201 2.2510 46.7440 -5.6227 0.0706
Cyclist -1 -1 -8.0427 979.1164 161.3080 994.6404 195.2167 1.5749 0.3536 1.5950 17.8802 1.0384 34.3275 -7.5662 0.0680
Cyclist -1 -1 -8.0616 875.7548 163.9957 890.2689 198.9555 1.6727 0.3381 1.5846 13.3198 1.2486 35.3314 -7.7041 0.0629
Cyclist -1 -1 -7.5537 0.0000 166.0430 99.6528 374.0000 1.6938 0.4908 1.6562 -2.7012 1.6733 2.9997 -8.2441 0.0609
Cyclist -1 -1 -7.8468 840.5352 166.9550 847.9768 191.3748 1.6034 0.4654 1.5063 15.6068 1.2157 48.1630 -7.5355 0.0584
Cyclist -1 -1 -8.0819 984.0284 159.6833 1000.8188 193.4807 1.5750 0.3546 1.5689 18.1964 0.9609 34.4274 -7.5994 0.0542
Car -1 -1 -8.0060 754.2931 175.8628 865.3458 260.4185 1.5497 1.6387 3.9486 4.0590 1.6222 15.4158 -7.7541 0.9689
Car -1 -1 -4.4607 357.2861 171.4588 490.8961 273.4525 1.7651 1.6033 4.0649 -3.6093 1.7406 14.5283 -4.7008 0.9597
Car -1 -1 -4.2479 48.3907 186.7675 386.0341 374.0000 1.5216 1.5209 3.3015 -3.5763 1.6915 7.1677 -4.6969 0.9478
Car -1 -1 -4.3920 491.3489 175.7777 578.7599 234.7561 1.5884 1.5705 3.4698 -2.1881 1.6827 21.4814 -4.4930 0.9259
Car -1 -1 -8.2695 828.1678 185.8949 1177.5361 369.6894 1.4071 1.5880 4.1989 3.7505 1.5882 7.9311 -7.8431 0.9254
Car -1 -1 -4.3501 641.7057 174.1336 708.8513 210.6752 1.5034 1.6558 4.0106 2.9199 1.5637 32.0036 -4.2605 0.8893
Car -1 -1 -7.9166 742.4362 176.9169 812.3928 235.6327 1.4900 1.6627 4.0624 4.6592 1.6185 20.7401 -7.6994 0.7741
Car -1 -1 -4.4186 274.4460 186.8000 307.2724 204.7394 1.5285 1.6716 4.0794 -29.5678 2.8626 66.9103 -4.8336 0.4678
Car -1 -1 -4.5144 737.6686 168.8805 768.4106 188.7337 1.4863 1.6074 3.9495 11.1357 1.1885 56.1495 -4.3199 0.4247
Car -1 -1 -3.6731 0.0000 207.2032 123.4600 374.0000 1.4731 1.5877 3.8369 -3.5860 1.6631 2.0467 -4.6685 0.3553
Car -1 -1 -8.1907 899.7452 157.7370 959.9814 191.1404 1.5926 1.6315 3.6638 15.9684 0.8716 36.2889 -7.7793 0.2829
Car -1 -1 -4.6206 703.4672 166.8745 734.7639 195.9656 1.7628 1.6080 4.0796 6.9451 1.4002 45.8945 -4.4717 0.2422
Car -1 -1 -4.3818 468.2406 181.9556 506.2876 205.1212 1.5610 1.5432 3.8715 -8.8719 2.2455 52.2547 -4.5496 0.1663
Car -1 -1 -8.2891 959.7400 161.4313 1035.8977 193.7943 1.4798 1.6549 4.1243 18.7105 0.9572 35.0931 -7.8029 0.1608
Car -1 -1 -7.6259 781.0770 173.6960 836.8918 212.2313 1.4802 1.5016 3.3462 8.1687 1.5166 29.6239 -7.3599 0.1332
Car -1 -1 -7.6258 751.5494 175.5926 818.5382 220.4883 1.4717 1.5599 3.6473 6.2900 1.5771 25.8731 -7.3905 0.1238
Car -1 -1 -7.9744 833.8143 166.3087 866.3554 190.2210 1.5524 1.6116 3.9919 16.2101 1.1272 48.9572 -7.6567 0.1125
Car -1 -1 -8.0561 754.2405 166.4328 784.0043 187.3030 1.7046 1.6701 4.0288 13.3761 1.1798 60.9561 -7.8413 0.1052
Car -1 -1 -4.3738 248.1124 183.8081 306.8597 213.6450 1.5519 1.6699 4.4738 -19.0789 2.2170 41.5237 -4.8024 0.0947
Car -1 -1 -6.1820 810.1259 160.6158 853.3251 179.0759 1.6661 1.6871 3.6624 20.4486 0.5612 66.6070 -5.8855 0.0910
Car -1 -1 -4.5233 267.6830 185.9740 299.1392 206.8644 1.6570 1.7342 4.0463 -28.0963 2.8258 62.1245 -4.9467 0.0844
Car -1 -1 -8.1551 864.2349 165.1606 918.8110 197.5479 1.5468 1.5628 3.5227 14.0424 1.1791 36.2683 -7.7887 0.0827
Car -1 -1 -4.5759 302.3067 187.5328 330.6443 206.5989 1.5300 1.7615 4.1432 -25.8329 2.8679 63.5519 -4.9608 0.0759
Car -1 -1 -4.4676 232.4027 188.9816 266.7189 207.4827 1.5386 1.7843 4.5308 -33.2342 3.0807 66.6006 -4.9291 0.0673
Car -1 -1 -4.8751 412.3832 182.1640 455.5170 210.3905 1.4098 1.6666 4.0368 -9.7610 1.9495 39.6624 -5.1153 0.0652
Car -1 -1 -4.5128 350.5661 180.5214 395.9876 210.4826 1.5165 1.5821 4.1462 -13.0186 1.9617 39.7717 -4.8275 0.0613
Car -1 -1 -4.9339 0.0000 181.5564 1153.5488 374.0000 1.4772 1.5932 4.1058 -1.1763 1.5282 2.1534 -5.3875 0.0569
Car -1 -1 -4.9067 428.4016 181.9019 464.4512 205.5788 1.5535 1.7086 4.2638 -11.7210 2.2264 51.3902 -5.1303 0.0549
Car -1 -1 -7.8792 1027.3555 162.0028 1069.7185 193.8454 1.4178 1.5931 3.8989 20.6937 0.9344 34.2168 -7.3392 0.0536
