Pedestrian -1 -1 -3.2058 509.2953 172.9861 516.5549 196.2281 1.7787 0.6855 0.5111 -7.5113 1.7887 55.6099 -3.3398 0.1241
Pedestrian -1 -1 -2.9488 83.5260 169.6772 113.9143 237.2012 1.9409 0.6432 0.6134 -15.0335 1.8493 21.1587 -3.5608 0.1024
Cyclist -1 -1 -2.4342 278.3215 172.4021 320.9685 215.3689 1.8464 0.6144 1.7305 -13.6158 1.8267 31.5577 -2.8388 0.0694
Car -1 -1 -8.1123 831.0477 163.2304 860.1321 181.8786 1.6791 1.6808 3.6262 21.7597 0.8123 66.8231 -7.7990 0.0676
Pedestrian -1 -1 -5.7251 10.9114 182.1141 33.4950 208.8480 1.6464 0.5326 0.9548 -36.6742 2.2275 44.9823 -6.4063 0.0662
Car -1 -1 -4.8940 764.9470 172.7433 789.5248 189.6091 1.5008 1.5137 3.8611 15.2814 1.4907 66.1695 -4.6683 0.0603
Pedestrian -1 -1 -7.6357 1049.5505 159.1143 1069.6365 208.7326 1.8144 0.5744 0.3293 16.5915 1.3117 26.7026 -7.0850 0.0596
Pedestrian -1 -1 -5.8364 82.9574 168.5386 100.5802 200.6130 1.8155 0.6074 0.6148 -29.6195 1.5710 41.1939 -6.4569 0.2479
Pedestrian -1 -1 -6.9013 0.0000 176.7503 19.2853 207.6218 1.8605 0.4692 1.0381 -36.9316 2.1018 44.1870 -7.5946 0.1899
Pedestrian -1 -1 -3.1609 86.0781 170.6030 95.2864 200.7796 1.7200 0.7783 0.4172 -29.9528 1.5914 41.5635 -3.7824 0.0959
Pedestrian -1 -1 -7.6629 929.8701 163.4724 949.4588 200.6115 1.7742 0.7258 0.8164 15.9577 1.3257 35.0122 -7.2387 0.0745
Pedestrian -1 -1 -7.8901 974.9820 160.6981 992.6028 201.3258 1.8794 0.7073 0.6334 17.4702 1.3167 33.8135 -7.4171 0.0580
Pedestrian -1 -1 -6.0047 20.0959 176.8557 36.7055 202.4895 1.7178 0.4965 0.7684 -39.4027 1.9905 48.8487 -6.6809 0.0579
Pedestrian -1 -1 -7.7415 84.5600 167.1250 98.8044 200.3685 1.8692 0.6066 0.4700 -29.4304 1.5467 40.9224 -8.3620 0.0570
Pedestrian -1 -1 -6.6185 934.0623 161.6449 958.0411 200.1234 1.8301 0.6795 0.8679 16.1123 1.2966 34.6963 -6.1873 0.0517
Car -1 -1 -7.8571 616.8535 174.1188 670.1973 225.6772 1.6031 1.6651 3.1627 1.0605 1.6479 24.1262 -7.8144 0.9684
Car -1 -1 -4.4434 365.3288 185.4923 489.8015 263.6793 1.4257 1.6313 3.8871 -3.8721 1.7359 15.7607 -4.6812 0.9596
Car -1 -1 -4.3727 314.5706 186.2703 421.7568 244.6147 1.3904 1.5795 3.9675 -6.6467 1.8014 20.1173 -4.6884 0.8353
Car -1 -1 -6.4372 704.5128 172.0448 815.5377 210.5425 1.5448 1.6797 4.2885 6.0986 1.5120 29.8880 -6.2384 0.2805
Car -1 -1 -2.8298 879.1785 166.6174 949.5595 192.4544 1.5146 1.5699 3.6574 18.5313 1.1487 44.0823 -2.4344 0.1092
Car -1 -1 -7.7856 928.1749 167.7832 969.1984 200.9888 1.5659 1.6198 3.7016 16.9108 1.3265 36.0379 -7.3503 0.1082
Car -1 -1 -6.9082 1072.0209 187.6067 1241.0000 374.0000 1.4895 1.5706 3.8705 4.2325 1.5748 2.8580 -5.9787 0.0920
Car -1 -1 -1.8139 0.0000 177.8544 25.1523 206.9685 1.7308 1.6773 4.1097 -38.5855 2.0583 45.4253 -2.5153 0.0873
Car -1 -1 -4.6223 0.0000 177.2403 36.4561 202.5488 1.6452 1.6703 4.0214 -40.8594 1.9605 49.7779 -5.3071 0.0857
Car -1 -1 -4.1967 343.9842 183.9824 420.4222 215.6196 1.4163 1.7118 4.3943 -11.3858 2.0113 36.2672 -4.4992 0.0734
Car -1 -1 -4.3586 399.4442 180.5905 465.2230 216.8162 1.5276 1.6281 4.1284 -8.1980 1.9093 33.4865 -4.5973 0.0726
Car -1 -1 -4.4336 380.3622 180.8589 453.4118 224.5645 1.4764 1.6056 3.9911 -7.2047 1.7993 27.1229 -4.6913 0.0626
Car -1 -1 -4.4625 417.9299 180.0391 490.6305 226.2677 1.4958 1.6025 4.0524 -5.5664 1.7753 26.0430 -4.6715 0.0517
