Pedestrian -1 -1 -3.7683 837.7795 173.7847 869.0053 223.5625 1.6844 0.5674 0.8463 8.3253 1.7166 24.8290 -3.4490 0.4725
Cyclist -1 -1 -4.3378 228.9114 180.1061 254.9357 216.4049 1.6347 0.5013 1.6776 -17.2151 1.9817 33.6954 -4.8072 0.1662
Pedestrian -1 -1 -7.7121 135.5333 165.4603 155.3687 206.3992 1.9018 0.6904 0.7142 -21.9172 1.5581 33.9875 -8.2815 0.1439
Pedestrian -1 -1 -4.4604 143.4120 166.1003 168.5299 216.1160 1.9236 0.6419 0.8388 -17.8109 1.6636 28.2472 -5.0189 0.1439
Pedestrian -1 -1 -5.6176 306.4456 169.6698 330.1791 209.1188 1.8762 0.5330 0.9274 -14.0676 1.7245 34.7024 -6.0004 0.0920
Pedestrian -1 -1 -2.8819 988.3879 160.6371 1037.3746 261.6086 1.8896 0.5060 0.7243 7.7253 1.6607 13.9357 -2.3854 0.0890
Pedestrian -1 -1 -4.3971 790.7382 169.9195 808.6067 208.8583 1.8666 0.6502 0.7210 9.1789 1.7256 35.0666 -4.1436 0.0755
Cyclist -1 -1 -4.7199 173.3580 173.4965 183.8627 205.1714 1.5997 0.4566 1.5520 -22.3167 1.6333 37.2541 -5.2566 0.0734
Pedestrian -1 -1 -4.0833 456.2256 177.9062 483.0718 225.6380 1.6087 0.6117 0.7029 -4.8792 1.7856 24.8602 -4.2757 0.0721
Pedestrian -1 -1 -4.4435 514.6176 167.8141 532.0461 208.7723 1.9582 0.6839 0.6692 -4.2268 1.7169 34.8772 -4.5637 0.0531
Car -1 -1 -4.0869 137.6890 182.8359 239.6268 225.2160 1.4542 1.5121 3.6240 -15.9965 1.8607 27.5246 -4.6095 0.9566
Car -1 -1 -4.0222 0.0000 171.6192 155.2536 238.3070 1.8417 1.7243 4.3459 -16.3318 1.8073 22.1477 -4.6520 0.9168
Car -1 -1 -4.5836 0.0000 164.3964 7.4336 191.5752 1.6900 1.6700 4.0692 -40.6865 1.1638 47.0258 -5.2941 0.0908
Car -1 -1 -4.5951 477.9394 178.4406 503.6811 197.4169 1.5177 1.6663 4.2531 -10.0867 2.0076 61.1447 -4.7582 0.0800
Car -1 -1 -7.2803 258.3105 171.0623 343.7365 214.2117 1.9361 1.7509 4.2127 -14.7441 1.8554 34.6012 -7.6806 0.0761
Car -1 -1 -5.0587 853.8581 172.9416 903.9056 197.1190 1.5433 1.7631 4.2980 17.8650 1.5492 48.2284 -4.7063 0.0719
Car -1 -1 -7.7421 338.6517 172.5981 363.5541 192.7613 1.7940 1.6906 4.2697 -23.8328 1.7709 66.4704 -8.0853 0.0697
Car -1 -1 -7.6071 0.0000 160.4247 44.7284 190.5264 1.8890 1.6352 3.8324 -38.7002 1.1087 47.3614 -8.2896 0.0672
Car -1 -1 -4.6116 371.0042 179.2742 412.8462 210.6582 1.4717 1.6472 3.9512 -11.0977 1.8174 36.7882 -4.9029 0.0650
Car -1 -1 -4.1486 187.4331 182.4036 270.4896 217.2702 1.4950 1.6371 3.8766 -17.9062 1.9716 34.0321 -4.6300 0.0596
Car -1 -1 -4.5821 253.0274 178.0323 289.0785 203.3894 1.5425 1.6139 3.9600 -22.0091 1.8941 46.8942 -5.0190 0.0590
Car -1 -1 -4.4081 469.8094 177.8572 510.5914 202.0683 1.4927 1.5747 3.7838 -7.8351 1.8341 47.2891 -4.5717 0.0583
Car -1 -1 -5.0228 890.7211 174.2015 942.9945 202.2923 1.5037 1.6219 3.7809 17.2290 1.5832 40.7658 -4.6260 0.0543
Car -1 -1 -4.6908 533.6402 175.7123 551.9552 193.6848 1.6733 1.6816 4.1822 -6.5123 1.9588 70.0054 -4.7836 0.0515
