Pedestrian -1 -1 -2.9653 49.1145 169.4127 68.6865 232.9700 1.8460 0.5484 0.3665 -16.3016 1.7458 21.2847 -3.6130 0.2054
Pedestrian -1 -1 -6.8667 750.1074 168.9525 776.0799 223.8598 1.6921 0.5030 0.6202 4.7414 1.5716 22.5846 -6.6631 0.1282
Cyclist -1 -1 -4.3217 255.1189 181.7137 286.1682 226.7743 1.6824 0.5387 1.5533 -13.2150 2.0360 28.0379 -4.7588 0.1128
Car -1 -1 -7.2701 343.3076 171.4771 390.8381 195.1611 1.7564 1.6928 3.7234 -18.6712 1.6540 55.5274 -7.5932 0.0951
Pedestrian -1 -1 -6.2115 1077.5323 166.0495 1102.5306 231.6354 1.7435 0.6320 0.5267 12.9860 1.5624 19.5924 -5.6335 0.0878
Pedestrian -1 -1 -4.4946 510.1255 157.8868 540.8486 230.1425 1.9016 0.6329 0.9633 -2.3248 1.5074 19.5004 -4.6123 0.0861
Cyclist -1 -1 -4.4135 0.0000 136.8703 140.8942 368.9948 1.9715 0.6327 1.7790 -5.2845 1.6656 7.0722 -5.0376 0.0808
Pedestrian -1 -1 -8.7158 955.7394 162.3756 1011.0983 253.9552 1.6644 0.6206 0.6843 6.9508 1.4737 13.5493 -8.2512 0.0762
Pedestrian -1 -1 -3.9015 750.7114 159.4458 788.0725 223.6268 1.8754 0.5968 0.9400 4.7185 1.4833 21.5829 -3.6897 0.0718
Pedestrian -1 -1 -4.0157 1140.9902 156.2918 1175.5730 224.3831 1.8409 0.5866 0.4789 15.0269 1.3929 19.8485 -3.3752 0.0651
Car -1 -1 -6.9334 251.7670 175.8899 316.4163 202.8585 1.7487 1.6776 3.7823 -22.2494 1.9646 49.3127 -7.3555 0.0639
Pedestrian -1 -1 -8.2934 1075.0338 131.9606 1103.4081 178.8353 1.7901 0.6860 0.6868 18.5063 0.2281 27.9434 -7.7131 0.0628
Pedestrian -1 -1 -8.8527 1124.6946 129.9875 1151.6591 175.8988 1.7553 0.6636 0.5776 20.4308 0.1161 27.9757 -8.2267 0.0590
Pedestrian -1 -1 -6.0906 363.1743 165.1509 385.3489 219.5541 1.9189 0.7158 0.6293 -8.4840 1.6469 25.8440 -6.4051 0.0580
Pedestrian -1 -1 -7.6827 536.9288 168.0570 557.3815 218.9661 1.8540 0.6531 0.6414 -2.3606 1.6790 26.6231 -7.7709 0.0557
Car -1 -1 -3.6660 20.0418 185.5479 127.1804 218.9060 1.5334 1.6961 4.1241 -27.5000 2.2249 37.0941 -4.3006 0.0517
Pedestrian -1 -1 -4.9337 749.6009 159.9555 771.0983 212.7264 1.9595 0.7006 0.4711 5.5843 1.4803 27.0350 -4.7327 0.0509
Pedestrian -1 -1 -5.1646 553.5068 162.9680 580.2174 221.9016 1.8746 0.5941 0.7557 -1.4518 1.5599 23.4265 -5.2265 0.0507
Cyclist -1 -1 -6.8329 1129.9323 119.1419 1192.6890 171.7109 1.8229 0.6310 1.6770 19.3679 -0.0412 25.4315 -6.1873 0.0504
Pedestrian -1 -1 -7.8575 317.1244 167.9556 343.5653 229.3367 1.8370 0.7426 0.7124 -8.5975 1.6901 22.0610 -8.2254 0.4410
Cyclist -1 -1 -7.4017 0.0000 193.3207 32.6035 243.6650 1.6083 0.3521 1.5960 -20.3181 2.3271 24.5324 -8.0883 0.2616
Cyclist -1 -1 -2.1578 104.5633 178.0914 141.7544 216.4475 1.8692 0.6831 1.7544 -24.3257 2.1349 35.9923 -2.7490 0.2260
Pedestrian -1 -1 -4.4529 170.6322 152.2279 230.0590 275.7614 1.9597 0.6554 0.8480 -6.8126 1.6322 11.9383 -4.9623 0.1533
Cyclist -1 -1 -4.8216 835.7606 147.5493 896.6567 298.6007 1.8601 0.5578 1.7654 3.3872 1.5482 9.8068 -4.4994 0.1469
Pedestrian -1 -1 -5.0184 577.6389 168.1033 608.6287 236.5420 1.7343 0.5593 0.9000 -0.4973 1.6136 18.8014 -5.0453 0.1295
Pedestrian -1 -1 -7.7736 1022.5628 149.4509 1074.8065 288.6584 1.6991 0.5239 0.8603 5.6108 1.4131 9.3092 -7.2458 0.1250
Pedestrian -1 -1 -9.0443 924.6166 167.8282 957.6123 231.4057 1.6614 0.6239 0.6174 8.8035 1.5298 19.2938 -8.6225 0.1160
Pedestrian -1 -1 -4.4995 510.5423 166.2112 539.4124 233.9595 1.7741 0.5957 0.8934 -2.3242 1.5999 19.3676 -4.6180 0.1108
Pedestrian -1 -1 -3.8171 1036.2155 141.9080 1106.4526 270.9276 1.7913 0.5398 0.6522 6.5353 1.3613 10.3261 -3.2662 0.1036
Pedestrian -1 -1 -3.9153 900.3242 150.7099 983.7598 286.6698 1.7486 0.5319 0.9095 4.3973 1.4635 9.6889 -3.5015 0.0992
Cyclist -1 -1 -5.8343 397.4016 175.8484 462.6455 232.6138 1.6010 0.7012 1.6999 -5.2601 1.6897 20.9210 -6.0782 0.0930
Cyclist -1 -1 -7.5390 1107.8589 140.2940 1241.0000 331.2289 1.7486 0.6675 1.7861 5.8022 1.4501 7.3931 -6.8934 0.0902
Pedestrian -1 -1 -5.5322 463.2886 169.4643 501.7489 233.9457 1.7968 0.6014 0.9182 -3.6906 1.7021 20.6085 -5.7078 0.0759
Pedestrian -1 -1 -4.6912 812.3658 164.7745 854.8787 283.6119 1.6233 0.5594 0.7231 3.1318 1.5126 10.2851 -4.4045 0.0736
Cyclist -1 -1 -7.7586 415.8979 175.9692 440.6980 232.5800 1.5741 0.5497 1.5933 -5.3191 1.6680 20.9826 -8.0044 0.0721
Pedestrian -1 -1 -3.2868 557.6642 170.7786 591.2000 234.7819 1.6924 0.5087 0.8349 -1.0111 1.6372 19.4108 -3.3390 0.0685
Pedestrian -1 -1 -6.7440 961.7397 160.6607 1030.5740 281.2920 1.6366 0.5576 0.6647 5.3210 1.4709 10.0723 -6.2707 0.0665
Cyclist -1 -1 -3.2976 960.8606 148.0802 1127.0342 292.3305 1.7387 0.6668 1.7469 5.4758 1.4398 9.3175 -2.7807 0.0664
Pedestrian -1 -1 -7.3309 1010.7033 154.4217 1116.1384 328.9456 1.6968 0.5599 0.9068 4.6419 1.5173 7.4811 -6.7939 0.0636
Cyclist -1 -1 -4.1127 153.2483 162.0288 256.3839 282.2544 1.8157 0.5822 1.7349 -6.6152 1.6519 11.7885 -4.6149 0.0620
Cyclist -1 -1 -3.8933 805.6703 160.3171 955.0298 295.0594 1.6775 0.7666 1.8750 3.5833 1.5212 9.7076 -3.5505 0.0614
Pedestrian -1 -1 -7.7059 942.0392 168.7310 970.6206 232.5863 1.6485 0.6035 0.5935 9.0907 1.5417 19.0414 -7.2671 0.0601
Pedestrian -1 -1 -4.5139 407.8833 168.6329 433.9654 231.3642 1.8032 0.6010 0.7606 -5.5811 1.6816 21.1374 -4.7695 0.0577
Pedestrian -1 -1 -6.5230 1075.0605 145.5968 1192.9312 326.2732 1.7297 0.6100 0.8384 5.2379 1.4684 7.3407 -5.9227 0.0575
Cyclist -1 -1 -5.4803 958.0012 149.4100 1100.2167 293.2242 1.7154 0.5534 1.7306 5.3947 1.4354 9.5139 -4.9784 0.0539
Pedestrian -1 -1 -5.9649 1026.3528 140.5528 1092.8428 268.8931 1.8099 0.5494 0.6989 6.5573 1.3540 10.6191 -5.4246 0.0527
Pedestrian -1 -1 -6.3277 1015.0515 146.2657 1073.9713 266.7638 1.7622 0.4969 0.7359 6.5182 1.3731 10.9425 -5.8028 0.0510
Pedestrian -1 -1 -7.1795 848.8421 156.7761 919.7229 289.4761 1.7040 0.5789 0.7069 3.6268 1.4973 9.6969 -6.8325 0.0504
Pedestrian -1 -1 -3.7372 911.0496 141.5003 1008.8842 292.9446 1.8291 0.5480 0.9665 4.3265 1.4501 9.0636 -3.3052 0.0502
Car -1 -1 -6.0102 300.7635 186.6550 521.8067 254.9505 1.3721 1.5906 4.3526 -4.2444 1.6868 15.6488 -6.2715 0.9686
Car -1 -1 -2.6649 0.0000 196.9619 292.3044 329.3132 1.3637 1.5626 4.1181 -6.3560 1.6944 8.8603 -3.2733 0.9347
Car -1 -1 -8.6575 1162.5844 148.9761 1241.0000 323.1485 1.4872 1.5661 3.6388 8.2674 1.2830 7.9956 -7.8739 0.4871
Car -1 -1 -4.0113 0.0000 193.0641 32.6249 248.9217 1.5220 1.6109 3.8960 -20.8229 2.2227 23.0554 -4.7402 0.1342
Car -1 -1 -2.5095 0.0000 191.4406 38.8037 235.9702 1.4980 1.6471 4.2526 -23.5988 2.1978 26.1544 -3.2386 0.1090
Car -1 -1 -3.9157 27.4951 182.1936 130.3238 215.1531 1.5503 1.7009 4.3496 -27.5133 2.0652 37.5201 -4.5452 0.0688
