Pedestrian -1 -1 -4.6617 236.1299 152.0385 264.9859 220.0926 1.9267 0.7090 0.7679 -10.4617 1.3371 20.9212 -5.1205 0.0922
Car -1 -1 -7.8101 936.8719 160.6845 971.7873 189.7981 1.5487 1.6187 3.5951 19.2474 0.9010 40.3499 -7.3681 0.0787
Pedestrian -1 -1 -3.1076 291.5778 152.6915 299.0219 193.2788 1.8639 0.5042 0.2986 -14.6189 0.9377 33.4255 -3.5171 0.0729
Pedestrian -1 -1 -6.0117 187.7242 154.3104 204.8720 191.1882 1.7745 0.5979 0.5837 -20.1499 0.8819 35.0799 -6.5300 0.0723
Pedestrian -1 -1 -7.9228 829.4257 159.8183 849.2597 210.8486 1.7369 0.5996 0.7557 7.8918 1.2929 24.9951 -7.6208 0.0716
Car -1 -1 -8.3556 1112.8739 130.8024 1198.0323 163.8682 1.5035 1.6375 4.0344 27.1003 -0.4758 36.0667 -7.7148 0.0649
Car -1 -1 -8.0885 437.4800 162.4696 465.3493 183.6167 1.9217 1.6102 4.2634 -14.9606 0.9777 67.8361 -8.3050 0.0623
Car -1 -1 -8.0237 455.0807 163.5019 481.0450 185.1385 2.0118 1.7670 4.1717 -13.6920 1.1419 69.3531 -8.2181 0.0619
Car -1 -1 -8.5591 1176.1113 124.0796 1241.0000 170.4391 1.7485 1.7138 3.7062 25.2236 -0.1044 29.2610 -7.8524 0.0597
Pedestrian -1 -1 -4.7286 756.4564 160.6688 769.5683 198.6091 1.8539 0.6199 0.7033 7.5183 1.2582 35.6607 -4.5229 0.0586
Pedestrian -1 -1 -4.3207 766.0723 184.3096 791.8561 244.8111 1.3147 0.4160 0.4667 3.7208 1.5751 16.1074 -4.0986 0.0586
Car -1 -1 -6.5555 0.0000 198.8641 0.0000 374.0000 1.5012 1.5846 3.7496 -5.0128 1.6464 2.0579 -7.6897 0.0574
Car -1 -1 -5.4063 1106.8398 140.6718 1215.5724 176.8135 1.5596 1.6514 4.2169 25.2276 0.1706 33.2818 -4.7618 0.0562
Pedestrian -1 -1 -3.2157 910.7688 156.3288 923.2791 179.6015 1.7834 0.5059 0.8515 23.6556 0.5168 55.6669 -2.8159 0.0532
Car -1 -1 -5.2452 689.8689 162.6374 740.7525 188.8191 1.7159 1.6946 3.8976 7.1279 1.0460 49.4136 -5.1030 0.0529
Car -1 -1 -7.8028 207.2001 150.7581 246.8820 181.2047 1.5107 1.6351 3.8830 -20.0997 0.4140 37.9056 -8.2876 0.0528
Car -1 -1 -7.4355 256.1058 143.0959 315.9190 170.2922 1.4378 1.5968 3.9238 -18.1316 -0.1510 40.4778 -7.8542 0.0511
Cyclist -1 -1 -3.6432 0.0000 149.7261 69.4549 225.5951 1.8318 0.5465 1.7593 -14.9085 1.2731 18.3381 -4.3188 0.3254
Cyclist -1 -1 -4.6529 660.1284 169.4626 674.4128 203.4494 1.6261 0.6102 1.5502 2.7710 1.4636 35.3323 -4.5758 0.3200
Cyclist -1 -1 -2.3721 476.8335 163.7030 514.5561 203.7282 1.8566 0.6590 1.8237 -5.4756 1.4318 34.2619 -2.5298 0.2131
Pedestrian -1 -1 -7.6206 799.5735 165.1335 834.6768 233.6472 1.8303 0.8287 0.5059 5.6047 1.6237 19.6973 -7.3481 0.1954
Pedestrian -1 -1 -8.5336 553.3336 169.3582 566.6638 193.6317 1.7395 0.6268 0.7546 -3.6480 1.4887 52.1970 -8.6034 0.1712
Cyclist -1 -1 -6.6638 651.1379 167.3595 686.4566 202.9328 1.7147 0.6723 1.5876 2.8368 1.4495 35.3357 -6.5848 0.1385
Pedestrian -1 -1 -6.9440 149.5069 160.6082 167.3406 200.3279 1.8278 0.5671 0.4492 -21.0137 1.2640 33.5117 -7.5006 0.1346
Pedestrian -1 -1 -6.8128 618.8152 164.3373 634.1841 190.7066 1.8382 0.5641 0.9225 1.1296 1.2442 50.7701 -6.7910 0.1047
Pedestrian -1 -1 -8.1840 916.0125 170.3976 943.1310 224.1048 1.5792 0.5640 0.6280 9.4899 1.5067 21.5513 -7.7748 0.1034
Pedestrian -1 -1 -7.6292 807.7639 162.2348 839.0178 232.7272 1.8543 0.7039 0.5471 5.6856 1.5747 19.3897 -7.3487 0.1022
Pedestrian -1 -1 -2.9063 519.5369 161.7578 533.5756 191.8248 1.8626 0.6003 0.7518 -5.2412 1.1749 45.0420 -3.0217 0.1008
Cyclist -1 -1 -6.8291 0.0000 157.0748 71.9447 228.1169 1.6999 0.5152 1.7207 -14.6683 1.3220 18.1614 -7.5014 0.0991
Pedestrian -1 -1 -3.5620 389.6528 149.5331 405.3218 178.5509 1.7659 0.6378 0.7280 -13.1088 0.3464 44.3886 -3.8476 0.0988
Pedestrian -1 -1 -6.2140 834.6385 161.9671 881.9267 242.3719 1.7905 0.5358 0.9924 5.6292 1.5478 16.5049 -5.8914 0.0877
Pedestrian -1 -1 -6.2142 22.6776 149.2104 59.9398 222.2365 1.8560 0.7181 0.7129 -14.8830 1.2548 18.8351 -6.8761 0.0820
Pedestrian -1 -1 -8.2561 400.8291 153.0609 414.8354 181.5234 1.7989 0.6207 0.7421 -12.9482 0.5476 46.0875 -8.5286 0.0762
Pedestrian -1 -1 -4.9376 728.7383 157.7555 759.6865 225.5771 1.8391 0.6700 0.8312 3.6611 1.4294 19.9969 -4.7598 0.0740
Cyclist -1 -1 -8.1484 827.6033 165.2481 869.0247 231.6337 1.7038 0.5590 1.7525 6.3318 1.5083 19.3994 -7.8380 0.0735
Pedestrian -1 -1 -6.2354 929.5863 163.8275 944.1446 196.6662 1.6775 0.6494 0.6579 16.8579 1.2161 37.2967 -5.8141 0.0717
Cyclist -1 -1 -4.7229 390.1614 145.7102 399.5239 175.0880 1.7755 0.5360 1.6859 -13.3069 0.1347 44.4920 -5.0119 0.0705
Pedestrian -1 -1 -7.8087 756.6365 157.1685 782.7631 227.3416 1.8909 0.6745 0.7521 4.3579 1.4680 19.8925 -7.5968 0.0702
Cyclist -1 -1 -4.2611 666.3134 164.3616 690.9431 201.4964 1.7792 0.5948 1.5363 3.3334 1.3720 35.3820 -4.1684 0.0647
Pedestrian -1 -1 -7.4999 716.5795 163.6945 746.8306 227.6924 1.7439 0.5820 0.8404 3.3571 1.4940 20.1710 -7.3381 0.0625
Cyclist -1 -1 -7.6512 520.6281 163.5911 532.9629 191.4123 1.7130 0.4462 1.6542 -5.2480 1.1424 45.2701 -7.7663 0.0624
Pedestrian -1 -1 -7.8854 701.0779 166.2208 725.0250 227.8819 1.6921 0.6360 0.7585 2.8300 1.5098 20.2114 -7.7490 0.0623
Cyclist -1 -1 -5.6730 477.1232 162.4858 516.8870 201.4422 1.8336 0.6301 1.8610 -5.4711 1.3453 34.6523 -5.8288 0.0577
Pedestrian -1 -1 -7.4489 719.1853 157.6341 740.4040 205.3569 1.8280 0.6368 0.5832 4.6141 1.2447 28.0557 -7.2881 0.0557
Pedestrian -1 -1 -5.7762 709.8178 161.4841 736.8268 221.1654 1.7517 0.5813 0.5917 3.3426 1.4177 21.5887 -5.6253 0.0554
Pedestrian -1 -1 -5.9707 701.0259 161.8083 727.4717 222.0216 1.7636 0.6320 0.6197 3.0677 1.4398 21.5528 -5.8319 0.0553
Pedestrian -1 -1 -5.4677 845.6755 163.8838 892.5733 242.1444 1.7565 0.5921 0.8586 5.9393 1.5549 16.7073 -5.1324 0.0544
Car -1 -1 -2.6591 69.6142 158.0095 382.1882 267.2510 1.7636 1.7608 4.5074 -6.5499 1.5237 12.5511 -3.1319 0.9333
Car -1 -1 -2.5483 0.0000 179.4316 291.5573 292.8866 1.4583 1.5487 3.5506 -6.6683 1.5584 10.1886 -3.1162 0.9308
Car -1 -1 -2.4077 0.0000 186.9383 247.2794 342.7278 1.3966 1.5649 4.0320 -6.2351 1.5610 7.5326 -3.0820 0.9296
Car -1 -1 -8.3920 1012.6834 145.0462 1241.0000 256.2359 2.0841 2.0067 4.9389 11.1678 1.5626 16.0503 -7.7932 0.9147
Car -1 -1 -5.9807 293.3022 164.2886 465.4640 230.5241 1.6365 1.6188 3.9311 -5.9111 1.4245 18.6382 -6.2841 0.8886
Car -1 -1 -2.6807 205.1060 171.9487 413.4687 243.9300 1.4777 1.5742 3.9068 -6.5205 1.4588 15.7414 -3.0678 0.7679
Car -1 -1 -6.3948 668.6081 167.3115 763.9345 203.5112 1.5868 1.6967 4.0823 4.6899 1.3436 32.5376 -6.2533 0.7446
Car -1 -1 -5.2400 964.5295 162.3389 1093.2377 211.8899 1.4930 1.6915 4.3489 13.6502 1.1759 23.9269 -4.7271 0.7164
Car -1 -1 -6.1009 472.1877 171.0266 556.4523 200.1410 1.4481 1.5683 4.0404 -4.8765 1.3569 36.7746 -6.2321 0.5874
Car -1 -1 -2.8282 329.2346 171.6171 480.1265 223.2724 1.4408 1.5191 3.9401 -5.9436 1.4060 20.9634 -3.1016 0.4990
Car -1 -1 -5.1831 941.2457 163.9380 1017.6493 196.7800 1.4579 1.6569 3.7463 17.2212 1.0618 33.9076 -4.7169 0.4123
Car -1 -1 -8.4900 1128.7573 151.3373 1241.0000 251.8512 1.7981 1.7338 4.1119 12.9889 1.4129 15.0172 -7.7870 0.2290
Car -1 -1 -7.9300 712.1782 166.9150 756.6514 207.3455 1.5655 1.5227 3.5508 5.0335 1.3352 29.7749 -7.7646 0.1892
Car -1 -1 -4.3454 31.2608 169.4134 138.1851 219.6284 1.5042 1.5571 3.7813 -17.1069 1.4008 23.6391 -4.9666 0.1778
Car -1 -1 -7.6990 666.3587 170.3275 708.8290 201.4467 1.4823 1.5869 3.6563 3.9140 1.3617 36.3403 -7.5930 0.1771
Car -1 -1 -5.9824 95.7588 171.7818 199.2485 203.5128 1.4498 1.5861 3.8358 -21.8938 1.4005 34.2337 -6.5480 0.1707
Car -1 -1 -4.1075 139.8071 171.3699 248.7313 217.8969 1.5640 1.6309 3.6318 -14.9736 1.5138 26.1353 -4.6236 0.1701
Car -1 -1 -7.7940 543.6981 167.4535 568.4672 190.8167 1.6884 1.6225 3.9206 -4.0391 1.2978 54.1157 -7.8685 0.1519
Car -1 -1 -6.4353 679.7230 163.7284 844.7778 225.8445 1.7001 1.7118 4.4135 4.2098 1.4500 20.7028 -6.2381 0.1396
Car -1 -1 -7.9362 391.7956 152.4700 422.2612 178.4967 1.6503 1.6101 4.1889 -13.5696 0.3575 47.9952 -8.2104 0.1319
Car -1 -1 -3.7345 0.0000 142.1136 64.7970 214.0588 1.5718 1.5691 3.3600 -15.6049 0.8999 17.5885 -4.4527 0.1128
Car -1 -1 -4.0825 49.7734 161.4553 185.2845 213.2590 1.4761 1.5817 3.7123 -15.1972 1.1510 22.4458 -4.6723 0.1003
Car -1 -1 -2.4269 467.2726 162.6236 536.1258 189.1715 1.6347 1.6948 4.3121 -7.0040 1.0044 46.2980 -2.5764 0.1000
Car -1 -1 -4.7704 531.8082 167.0084 559.7065 192.7961 1.6576 1.6223 4.2000 -4.3954 1.2816 48.5763 -4.8605 0.0912
Car -1 -1 -8.1704 495.4814 165.5818 535.5294 189.1232 1.6258 1.6633 4.1080 -6.8873 1.1233 52.0415 -8.3016 0.0826
Car -1 -1 -8.1979 607.4051 168.1128 646.1821 189.9284 1.5263 1.6009 3.8852 1.1510 1.1943 52.5781 -8.1765 0.0761
Car -1 -1 -4.9753 1018.2081 143.6245 1058.8451 165.8803 1.6205 1.6763 4.1847 33.2745 -0.5649 56.1795 -4.4427 0.0754
Car -1 -1 -4.4674 894.3388 164.8398 939.5015 192.9552 1.5493 1.5526 3.7402 17.7423 1.1074 41.7208 -4.0681 0.0725
Car -1 -1 -8.5718 1209.8101 152.8452 1241.0000 246.5397 1.7288 1.6859 4.0993 15.2273 1.3593 15.4043 -7.8020 0.0706
Car -1 -1 -5.1024 953.2698 143.6354 998.2564 165.7630 1.6580 1.7449 4.1421 29.0856 -0.5869 57.5614 -4.6364 0.0683
Car -1 -1 -5.6474 471.7518 173.6878 544.5931 205.5797 1.4557 1.5691 3.1202 -4.9040 1.4968 34.4399 -5.7882 0.0675
Car -1 -1 -3.1845 578.1834 170.5160 667.0635 203.0468 1.5687 1.7094 4.2973 0.5485 1.4556 35.7085 -3.1698 0.0576
Car -1 -1 -4.6676 364.0606 147.6522 394.8180 173.8192 1.5804 1.6774 3.9004 -14.5862 0.0580 45.6802 -4.9751 0.0562
