Pedestrian -1 -1 -6.6198 634.1334 169.6753 646.0378 194.7624 1.8094 0.6315 0.6942 2.1550 1.5799 52.4445 -6.5793 0.2847
Pedestrian -1 -1 -5.8110 526.4523 171.9526 541.3876 198.2785 1.7885 0.5604 0.8566 -5.2432 1.7269 49.4336 -5.9165 0.1835
Cyclist -1 -1 -7.7940 502.9493 172.9228 513.3345 205.7720 1.6340 0.4311 1.5704 -5.2141 1.6373 36.6943 -7.9346 0.0888
Car -1 -1 -8.0527 617.8259 170.0871 644.3546 189.0494 1.6497 1.6404 3.8890 1.8397 1.4087 64.8302 -8.0248 0.0731
Car -1 -1 -4.9264 437.7030 161.8207 467.0741 183.6387 1.9325 1.7469 4.3575 -14.5270 0.9549 66.2540 -5.1416 0.0686
Car -1 -1 -7.6939 476.2088 171.2997 517.4441 204.3459 1.7303 1.6956 3.4958 -6.1888 1.6486 39.5318 -7.8486 0.0658
Pedestrian -1 -1 -4.8477 774.5621 162.6775 795.9158 219.9583 1.7321 0.5383 0.7501 5.3416 1.4241 22.2181 -4.6154 0.0542
Pedestrian -1 -1 -5.4507 0.0000 180.2030 61.8742 365.0534 1.5919 0.4517 0.8237 -5.5753 1.6609 6.5193 -6.1383 0.0529
Pedestrian -1 -1 -8.0721 970.1178 144.6418 1050.7778 316.5778 1.7720 0.6290 0.6422 4.2653 1.4809 7.8283 -7.5897 0.4440
Pedestrian -1 -1 -7.9107 370.0367 166.1787 407.6699 260.2585 1.7982 0.6730 0.6578 -4.4157 1.6703 14.2164 -8.2073 0.3610
Pedestrian -1 -1 -7.2903 396.8730 171.9107 434.2377 246.4903 1.6916 0.6542 0.5296 -4.5527 1.6699 16.7161 -7.5529 0.2732
Pedestrian -1 -1 -5.6474 864.6425 149.9437 928.0724 265.0554 1.8579 0.6382 0.7627 4.7563 1.4878 12.1389 -5.2830 0.2689
Pedestrian -1 -1 -6.4865 574.2742 173.1282 586.0235 197.2250 1.6940 0.6501 0.7147 -2.1484 1.7133 51.1354 -6.5287 0.2371
Cyclist -1 -1 -7.8193 642.1695 174.9379 650.9854 202.0935 1.5491 0.4646 1.4999 2.0994 1.6724 42.0447 -7.7702 0.2330
Pedestrian -1 -1 -5.9504 326.4973 150.3829 373.4690 247.9297 1.9478 0.6389 0.7331 -5.3510 1.4988 14.7306 -6.2937 0.1459
Cyclist -1 -1 -7.4131 262.1364 163.7324 335.3271 278.2086 1.7981 0.4747 1.6307 -5.2585 1.6545 12.1573 -7.8140 0.1303
Pedestrian -1 -1 -6.6197 379.6272 160.6944 426.4132 242.6672 1.8859 0.6453 0.9053 -4.9642 1.6059 17.1249 -6.8983 0.1236
Pedestrian -1 -1 -4.3171 30.3181 137.7779 143.0275 341.2674 1.8972 0.6394 0.8108 -5.2378 1.5699 7.1919 -4.9293 0.1184
Pedestrian -1 -1 -3.6927 839.8571 151.7537 886.2612 245.4664 1.8326 0.5966 0.6622 5.0163 1.4197 14.4748 -3.3661 0.1000
Pedestrian -1 -1 -6.0009 640.6668 171.3603 650.8585 201.1097 1.7112 0.4670 0.4793 2.0363 1.6250 41.8023 -5.9531 0.0929
Pedestrian -1 -1 -3.5692 1042.9568 116.4177 1165.4039 312.5523 1.9264 0.6094 0.8630 5.0146 1.3718 7.4509 -2.9955 0.0850
Cyclist -1 -1 -7.9702 388.8410 166.5902 418.4914 244.5464 1.7487 0.4707 1.7865 -4.9570 1.6079 17.1006 -8.2488 0.0783
Cyclist -1 -1 -5.3217 1109.2122 120.1075 1241.0000 362.0412 1.7628 0.6085 1.7127 5.0424 1.3782 6.1292 -4.6570 0.0738
Pedestrian -1 -1 -3.3467 993.7419 121.4844 1096.0131 291.5275 1.8899 0.6098 0.9109 5.0054 1.3187 8.4500 -2.8276 0.0737
Pedestrian -1 -1 -5.8027 400.1670 164.9482 439.0974 238.3867 1.8602 0.5632 0.8032 -4.9636 1.6596 18.6398 -6.0601 0.0736
Pedestrian -1 -1 -7.9803 811.8743 182.3392 889.6973 340.9661 1.5233 0.6817 0.4490 2.3440 1.6219 7.2423 -7.6805 0.0606
Pedestrian -1 -1 -5.3107 0.0000 157.0086 84.6030 357.1527 1.7788 0.5191 0.8797 -5.5854 1.6376 6.7916 -5.9800 0.0604
Cyclist -1 -1 -7.6840 401.8883 170.9118 440.8752 246.8813 1.6704 0.6058 1.6228 -4.3947 1.6274 16.6989 -7.9381 0.0569
Pedestrian -1 -1 -5.7955 572.2545 174.2807 584.5276 197.7162 1.6560 0.6632 0.6389 -2.2844 1.7584 51.4754 -5.8400 0.0564
Cyclist -1 -1 -7.5887 375.5194 167.9690 415.7997 241.6351 1.7123 0.5250 1.6525 -5.2575 1.5985 17.6033 -7.8753 0.0544
Pedestrian -1 -1 -3.7810 1102.6923 107.7376 1241.0000 337.1256 1.9290 0.6339 1.0730 5.0577 1.3811 6.3888 -3.1340 0.0535
Cyclist -1 -1 -5.9873 376.8098 175.3260 458.8359 248.1334 1.6209 0.6207 1.6976 -4.4117 1.6780 16.4277 -6.2464 0.0507
Car -1 -1 -7.5162 37.4923 176.7745 452.9812 374.0000 1.5607 1.6720 4.3350 -2.6782 1.6073 6.4365 -7.8972 0.9613
Car -1 -1 -8.1517 728.2415 180.1343 948.0870 326.1112 1.4264 1.5095 3.6216 2.5394 1.5361 9.0689 -7.8883 0.9593
Car -1 -1 -7.9949 659.4947 172.5317 723.3072 220.8274 1.5348 1.6241 3.9467 2.6798 1.5243 24.9314 -7.8897 0.9549
Car -1 -1 -7.5944 340.8234 180.0913 520.5554 299.1482 1.4935 1.6600 4.2687 -2.6458 1.6301 11.4781 -7.8169 0.9205
Car -1 -1 -7.8534 546.3290 174.0319 578.1559 205.0271 1.5654 1.6130 3.8979 -2.5938 1.6314 38.5909 -7.9206 0.8899
Car -1 -1 -8.0288 643.5132 171.7153 688.2641 204.8927 1.6282 1.6241 4.0468 2.8059 1.5720 37.5045 -7.9552 0.8181
Car -1 -1 -8.3908 820.3348 151.0586 1241.0000 374.0000 1.5668 1.6215 3.9988 2.4008 1.5158 3.6821 -7.8498 0.8000
Car -1 -1 -4.5826 570.8090 170.3799 601.6307 196.4794 1.8267 1.7208 4.2118 -1.7231 1.6532 52.6781 -4.6155 0.4344
Car -1 -1 -7.6510 418.3200 181.2906 520.1448 254.8519 1.4424 1.5524 3.6253 -3.1233 1.6551 16.3924 -7.8371 0.2993
Car -1 -1 -6.8064 0.0000 0.0000 1241.0000 374.0000 1.6238 1.6547 3.9076 -2.0431 1.7001 0.7114 -7.9245 0.1204
Car -1 -1 -2.7943 435.7013 176.2429 520.9545 206.8501 1.5064 1.6780 3.9576 -6.7486 1.6850 36.9250 -2.9743 0.0771
Car -1 -1 -4.9862 378.5811 175.2805 441.3787 214.9182 1.4862 1.5268 3.6140 -8.1980 1.5907 29.2325 -5.2577 0.0771
Car -1 -1 -3.6046 415.5676 175.5040 507.4351 209.6365 1.4519 1.5952 3.7705 -6.7506 1.5785 32.7614 -3.8067 0.0691
Car -1 -1 -6.1719 0.0000 0.0000 1241.0000 374.0000 1.6350 1.6287 3.7948 -4.3779 1.7132 1.3816 -7.3792 0.0566
Car -1 -1 -6.4278 638.6347 174.6921 708.4954 200.2435 1.4658 1.6251 3.8973 3.6701 1.5760 42.4530 -6.3426 0.0556
Car -1 -1 -5.3127 447.8825 0.0000 1241.0000 374.0000 1.6333 1.6100 3.9694 -0.1980 1.6561 -0.4684 -7.5792 0.0542
