Pedestrian -1 -1 -7.9297 711.0603 167.3759 728.5221 211.8967 1.8778 0.6791 0.7620 4.6441 1.6465 30.8375 -7.7823 0.5678
Car -1 -1 -6.0748 364.0997 182.0847 416.2541 200.7599 1.5573 1.5788 4.0539 -18.9025 2.3635 62.0792 -6.3695 0.2288
Pedestrian -1 -1 -4.4038 766.2224 157.1108 786.8405 216.5865 1.9664 0.5590 0.4698 5.5388 1.4456 24.1995 -4.1820 0.2204
Pedestrian -1 -1 -5.9502 253.1403 171.6212 266.2097 198.4095 1.8396 0.5756 0.6607 -24.2433 1.7546 49.8729 -6.4008 0.2124
Pedestrian -1 -1 -8.2633 810.1802 154.6367 842.0607 218.9604 1.9466 0.6783 0.7967 6.6151 1.3950 22.2732 -7.9788 0.0885
Pedestrian -1 -1 -5.8505 359.4496 172.9497 373.2454 198.5870 1.7800 0.5219 0.7647 -17.0481 1.7864 50.3984 -6.1753 0.0874
Pedestrian -1 -1 -6.2254 386.4929 172.5922 395.3828 196.3192 1.8150 0.6771 0.6174 -16.9052 1.7947 55.5969 -6.5195 0.0815
Pedestrian -1 -1 -5.5623 457.8907 176.9021 470.1891 198.8920 1.6953 0.5328 0.7820 -11.3983 2.0128 56.2103 -5.7618 0.0708
Cyclist -1 -1 -3.9387 224.3455 175.4910 286.0287 239.6790 1.8573 0.5848 1.8023 -10.7868 1.9405 21.9029 -4.3919 0.0693
Pedestrian -1 -1 -5.1715 284.8664 170.5666 302.5476 206.6841 2.0022 0.6467 0.7433 -17.7842 1.8750 40.4848 -5.5833 0.0672
Cyclist -1 -1 -7.5671 202.3512 182.8597 242.6752 258.9502 1.6898 0.4172 1.5280 -9.1708 1.9365 17.0216 -8.0551 0.0649
Pedestrian -1 -1 -3.4038 840.1660 152.0018 877.9423 241.8107 1.9186 0.6569 0.6261 5.3787 1.4728 15.7611 -3.0814 0.0620
Cyclist -1 -1 -7.5906 174.8490 183.5013 213.7376 259.8765 1.6651 0.3635 1.6397 -9.7107 1.9252 16.8040 -8.1081 0.0604
Cyclist -1 -1 -4.5255 309.8117 180.7919 331.7853 224.8824 1.7050 0.5295 1.6091 -11.6731 2.0335 29.0448 -4.9049 0.0581
Cyclist -1 -1 -5.2437 261.1292 169.5282 283.7027 197.4041 1.8760 0.5492 1.8255 -23.1032 1.6519 49.3014 -5.6800 0.0578
Pedestrian -1 -1 -3.2415 887.8945 155.4814 934.5078 259.0705 1.8440 0.5831 0.7270 5.4543 1.5344 13.2252 -2.8590 0.0573
Cyclist -1 -1 -4.3368 120.1619 183.9608 154.3285 229.9428 1.6777 0.5216 1.6469 -18.1084 2.1155 27.5997 -4.9133 0.0555
Car -1 -1 -6.0357 409.6444 177.2573 456.7659 194.1690 1.5156 1.6010 3.9076 -16.1439 1.9224 65.9020 -6.2753 0.0553
Pedestrian -1 -1 -7.7298 146.2199 173.0215 172.4941 226.2595 2.0269 0.7821 0.6929 -17.4936 2.0332 27.9513 -8.2850 0.0542
Pedestrian -1 -1 -6.8795 646.4697 171.9035 660.8418 200.8233 1.8382 0.6291 0.6853 2.7669 1.7775 46.3075 -6.8207 0.0536
Car -1 -1 -6.1468 445.2388 179.9122 493.9683 198.7529 1.5799 1.6371 3.9328 -12.0811 2.1964 62.1245 -6.3384 0.0533
Pedestrian -1 -1 -5.1364 74.6786 179.7991 116.4323 265.6632 1.7982 0.5946 0.4661 -11.1325 1.9511 15.5456 -5.7500 0.0530
Pedestrian -1 -1 -1.6996 0.0000 182.6233 43.3107 281.6747 1.7823 0.5508 0.7033 -11.0759 1.9710 13.5127 -2.3767 0.0515
Car -1 -1 -4.0760 167.5572 186.7191 276.5799 227.6352 1.4749 1.7110 4.3410 -15.9261 2.0914 29.8240 -4.5631 0.0514
Pedestrian -1 -1 -5.7485 271.7806 177.2370 294.7822 216.1823 1.8488 0.7210 0.7455 -15.7678 2.0620 34.7428 -6.1720 0.4633
Cyclist -1 -1 -7.2687 412.4950 180.0558 447.2746 228.1903 1.6734 0.4957 1.4605 -6.5436 1.9412 26.0868 -7.5126 0.1077
Cyclist -1 -1 -6.7899 643.0041 172.9937 674.0007 204.5525 1.7564 0.6849 1.6214 2.7074 1.7641 40.8186 -6.7247 0.0965
Pedestrian -1 -1 -8.0156 252.2113 179.5146 268.3833 217.1441 1.7496 0.5950 0.6340 -16.5839 2.0683 34.1302 -8.4651 0.0825
Cyclist -1 -1 -4.3407 450.8044 180.7340 470.6688 217.4153 1.6283 0.4278 1.3565 -6.8674 1.9965 33.0360 -4.5446 0.0766
Cyclist -1 -1 -4.2598 467.6154 178.9937 489.1485 213.7412 1.6718 0.4730 1.4280 -6.5492 1.9820 35.7330 -4.4403 0.0721
Cyclist -1 -1 -4.1789 427.1221 178.4493 460.4406 224.4686 1.7446 0.5848 1.5204 -6.5645 1.9706 28.3649 -4.4049 0.0718
Cyclist -1 -1 -8.0273 642.2430 176.9250 654.8352 205.9095 1.6023 0.4563 1.5030 2.1400 1.8370 40.8791 -7.9759 0.0696
Cyclist -1 -1 -7.0298 414.1927 177.5708 457.3645 228.3389 1.7549 0.5186 1.5716 -6.2816 1.9290 25.8866 -7.2661 0.0675
Cyclist -1 -1 -3.6191 466.0848 176.1455 500.8472 213.5165 1.7910 0.6731 1.5459 -6.2516 1.9557 35.4454 -3.7929 0.0662
Pedestrian -1 -1 -5.1461 261.8739 180.0185 284.5436 217.9852 1.7753 0.8077 0.5892 -16.1080 2.1218 34.4253 -5.5811 0.0628
Pedestrian -1 -1 -5.6149 627.4086 176.0063 639.0643 198.7834 1.7398 0.5845 0.6840 1.7650 1.9847 55.6815 -5.5838 0.0592
Cyclist -1 -1 -7.1973 348.6157 183.8909 383.8633 226.7994 1.6456 0.4923 1.5516 -9.7932 2.0998 28.9036 -7.5217 0.0583
Cyclist -1 -1 -7.8253 468.0623 180.9632 477.9942 215.1854 1.6383 0.4396 1.5679 -6.8182 2.0487 35.7338 -8.0130 0.0573
Cyclist -1 -1 -7.6030 501.3672 179.7957 512.7629 203.9874 1.5660 0.3690 1.5861 -6.8717 2.0351 47.9803 -7.7449 0.0572
Cyclist -1 -1 -7.6275 410.6726 179.9847 433.3350 228.8162 1.6998 0.4600 1.5385 -6.8390 1.9653 26.1178 -7.8817 0.0560
Cyclist -1 -1 -7.9883 498.3654 177.6525 507.3036 203.0791 1.6514 0.3832 1.5416 -7.1598 1.9753 47.9561 -8.1361 0.0554
Cyclist -1 -1 -7.1654 452.7491 179.9153 481.8613 216.8823 1.6392 0.4683 1.4908 -6.5681 1.9699 33.0552 -7.3605 0.0517
Cyclist -1 -1 -7.9312 420.5477 178.8696 437.1214 224.6344 1.7305 0.5075 1.6175 -7.1719 1.9737 28.3537 -8.1773 0.0510
Car -1 -1 -8.0730 701.4320 179.4215 834.7424 272.6649 1.5025 1.6056 4.0001 2.8156 1.6474 13.9307 -7.8787 0.9705
Car -1 -1 -8.1116 740.1647 188.6664 968.5894 341.6000 1.4207 1.6372 3.8126 2.6954 1.6603 9.0249 -7.8316 0.9651
Car -1 -1 -7.9652 673.6208 178.6319 733.3858 226.2236 1.4411 1.5558 3.6986 3.0062 1.6492 24.1573 -7.8436 0.9313
Car -1 -1 -7.9564 654.4155 175.7815 705.8919 218.5132 1.5657 1.6368 3.6937 2.6652 1.6887 28.5467 -7.8649 0.8950
Car -1 -1 -4.6611 555.8621 177.2853 579.5603 197.8557 1.4923 1.6214 3.5838 -3.2177 1.8403 54.9157 -4.7197 0.7332
Car -1 -1 -7.7988 593.4066 176.4114 619.1171 198.7862 1.5427 1.6585 3.8557 -0.2678 1.8102 52.3420 -7.8043 0.6756
Car -1 -1 -5.9932 370.7440 183.5045 420.0444 202.8345 1.6176 1.6512 3.7537 -18.4737 2.5466 62.1243 -6.2814 0.6018
Car -1 -1 -7.9798 636.5009 175.6868 672.6750 204.2003 1.5811 1.6216 4.0106 2.5397 1.7556 42.4736 -7.9210 0.5122
Car -1 -1 -7.8325 638.3137 175.9739 664.4397 201.2306 1.5782 1.6428 4.0928 2.7387 1.7933 47.7109 -7.7760 0.1853
Car -1 -1 -6.2152 432.2621 182.1285 488.8146 202.2498 1.6709 1.6290 4.6647 -12.8387 2.4829 62.0749 -6.4187 0.1776
Car -1 -1 -8.4831 1165.5752 170.9872 1241.0000 374.0000 1.5565 1.6093 4.0838 5.5888 1.5496 4.7026 -7.6427 0.1413
Car -1 -1 -8.0117 447.2064 175.3449 474.3719 196.7695 1.6408 1.5675 3.6755 -11.9904 1.8467 57.7205 -8.2159 0.1327
Car -1 -1 -2.9924 317.7363 186.7096 439.7384 228.8600 1.4879 1.6496 4.2053 -8.7199 2.0351 27.3658 -3.2986 0.1193
Car -1 -1 -4.6254 453.1589 180.4437 487.7418 210.8163 1.5269 1.5354 3.5168 -7.5405 1.9563 39.0160 -4.8155 0.1066
Car -1 -1 -4.8500 623.2687 174.8486 649.6904 196.1755 1.6261 1.5667 3.9490 2.0465 1.7902 57.4416 -4.8150 0.1058
Car -1 -1 -4.5445 536.5020 175.4417 570.2537 200.6808 1.6990 1.7185 4.1443 -3.9984 1.8898 51.1497 -4.6226 0.0989
Car -1 -1 -4.5229 471.7859 178.2065 508.7395 203.9802 1.5471 1.6228 3.9021 -7.6348 1.9034 46.1002 -4.6866 0.0834
Car -1 -1 -4.8449 649.2239 175.7746 694.9866 213.7355 1.5844 1.5388 3.7876 2.6827 1.7228 32.3423 -4.7635 0.0784
Car -1 -1 -4.9859 481.8160 177.5085 520.1376 200.9631 1.5736 1.6480 4.1191 -7.8539 1.9199 51.5053 -5.1369 0.0727
Car -1 -1 -4.4668 424.1519 182.1210 477.0072 216.6945 1.5065 1.5752 3.8234 -7.5753 1.9730 34.4123 -4.6824 0.0682
Car -1 -1 -4.7671 510.2460 178.6660 534.1326 199.2231 1.4450 1.5550 3.9392 -6.6269 1.8961 53.9681 -4.8890 0.0576
