Cyclist -1 -1 -3.8997 803.5559 157.2396 925.1160 276.3683 1.6198 0.5811 1.7372 3.7091 1.3039 10.2323 -3.5599 0.8877
Pedestrian -1 -1 -6.5627 1212.9639 150.0795 1223.0000 217.7567 1.8144 0.4684 0.3819 16.8389 0.9992 19.2489 -5.8506 0.1272
Car -1 -1 -7.1217 962.2555 159.7058 1130.5548 221.6116 1.5416 1.5960 3.9666 11.7583 1.0241 18.9372 -6.5718 0.0663
Pedestrian -1 -1 -8.8646 954.4210 160.9922 996.4383 228.5932 1.6419 0.5979 0.7216 9.1932 1.1684 17.6360 -8.3898 0.0528
Cyclist -1 -1 -7.4026 0.0000 143.0220 93.8335 270.5925 1.7146 0.5043 1.8160 -8.3415 1.2113 10.4437 -8.0597 0.5849
Pedestrian -1 -1 -6.4269 537.6035 136.9450 548.0229 175.3724 1.7599 0.5426 0.4082 -2.9063 -0.2398 32.7744 -6.5122 0.2607
Pedestrian -1 -1 -8.2191 831.8300 140.9754 871.3143 220.0191 1.8448 0.6081 0.8993 5.8604 0.9227 16.9622 -7.8903 0.2583
Pedestrian -1 -1 -4.8469 478.3747 138.3172 509.7201 220.6614 1.7192 0.5810 0.6639 -2.4296 0.8388 15.1625 -5.0003 0.2106
Pedestrian -1 -1 -6.5585 433.3719 136.8703 452.3786 208.6839 1.7341 0.5164 0.3286 -4.0290 0.6809 17.3787 -6.7800 0.1697
Pedestrian -1 -1 -7.7320 415.4483 142.9468 449.8657 224.1928 1.6756 0.6482 0.4766 -3.6598 0.9015 14.8556 -7.9663 0.1514
Pedestrian -1 -1 -4.8111 493.4906 133.4574 523.7125 216.4574 1.7519 0.5887 0.6367 -2.1361 0.7593 15.3010 -4.9446 0.1257
Cyclist -1 -1 -4.6131 536.6615 134.8573 552.3345 172.5166 1.6782 0.5586 1.6532 -2.8106 -0.3783 32.6928 -4.6957 0.1249
Pedestrian -1 -1 -3.9311 457.4425 139.6912 496.8039 221.7066 1.7048 0.5630 0.6078 -2.7749 0.8569 15.1072 -4.1068 0.1226
Pedestrian -1 -1 -3.2035 443.0876 138.5112 460.1465 208.7567 1.6969 0.5163 0.3799 -3.8148 0.6829 17.3797 -3.4134 0.1102
Pedestrian -1 -1 -5.0255 693.6630 136.4861 731.7345 218.0799 1.8335 0.6463 0.8183 2.4369 0.8448 16.3455 -4.8782 0.1041
Cyclist -1 -1 -3.1424 523.3818 133.3507 560.6127 173.6485 1.8390 0.6187 1.7033 -2.9409 -0.3212 32.7789 -3.2287 0.1027
Pedestrian -1 -1 -8.3813 428.3561 137.0311 470.1864 223.5717 1.7696 0.6919 0.5218 -3.3224 0.8811 14.8840 -8.5941 0.0972
Pedestrian -1 -1 -4.9807 720.2452 147.0933 756.1765 220.5935 1.6681 0.6704 0.6401 3.0381 0.9103 16.3949 -4.7989 0.0940
Pedestrian -1 -1 -4.1116 70.6595 132.0174 125.3119 224.6239 1.7436 0.5899 0.6522 -9.8164 0.8311 13.6415 -4.7220 0.0938
Cyclist -1 -1 -2.4568 16.2247 125.8824 132.3093 226.2614 1.8663 0.6207 1.7936 -10.1617 0.8512 13.5034 -3.0884 0.0890
Pedestrian -1 -1 -4.7760 401.0909 136.7455 434.2069 220.7444 1.7385 0.6467 0.5627 -4.0242 0.8333 15.0017 -5.0305 0.0863
Pedestrian -1 -1 -5.5782 604.4689 130.4334 645.4283 207.3950 1.7922 0.6135 0.7665 0.4347 0.6266 16.9497 -5.5508 0.0826
Pedestrian -1 -1 -8.0805 747.2105 141.4869 778.8209 218.1182 1.7572 0.5740 0.7129 3.6527 0.8629 16.5726 -7.8656 0.0764
Pedestrian -1 -1 -7.8151 383.9887 137.6431 416.3854 222.0836 1.7234 0.6249 0.6437 -4.3286 0.8491 14.8168 -8.0912 0.0732
Pedestrian -1 -1 -5.4031 422.5398 142.5120 465.9957 227.4864 1.6837 0.6499 0.5728 -3.3266 0.9314 14.4421 -5.6225 0.0709
Pedestrian -1 -1 -8.0770 641.5715 131.0490 676.0580 217.6334 1.8488 0.6290 0.6154 1.1249 0.7933 15.4488 -8.0036 0.0698
Cyclist -1 -1 -4.2725 158.7263 113.1592 215.1776 185.2131 1.7229 0.5523 1.6672 -10.5083 0.1130 17.7600 -4.7963 0.0666
Pedestrian -1 -1 -7.9894 265.2907 130.3531 303.7915 222.4123 1.7520 0.6124 0.6386 -6.3445 0.7980 13.8887 -8.4070 0.0665
Pedestrian -1 -1 -8.0407 811.1024 146.8492 844.5889 221.9013 1.7531 0.6306 0.7543 5.2821 0.9674 16.9256 -7.7416 0.0655
Cyclist -1 -1 -3.1929 519.3778 135.8043 556.2347 175.3226 1.7671 0.7134 1.6380 -3.0901 -0.2391 32.2107 -3.2853 0.0625
Pedestrian -1 -1 -8.5698 858.0907 146.6748 898.5747 223.3691 1.8051 0.5938 0.7045 6.5516 1.0093 17.0745 -8.2078 0.0617
Cyclist -1 -1 -4.6271 532.1102 134.1413 546.4767 172.4414 1.7165 0.5192 1.7128 -3.0713 -0.3847 32.9063 -4.7169 0.0612
Pedestrian -1 -1 -3.8413 52.6033 130.6564 108.9522 225.3558 1.7792 0.6028 0.6376 -10.1699 0.8431 13.6661 -4.4677 0.0608
Pedestrian -1 -1 -5.9623 418.8682 133.9126 449.5471 204.5808 1.7292 0.6428 0.5694 -4.2980 0.5896 17.6464 -6.1947 0.0604
Cyclist -1 -1 -2.5246 151.5160 117.1610 228.5947 185.4273 1.6977 0.5761 1.6666 -10.5642 0.1229 17.9498 -3.0462 0.0580
Pedestrian -1 -1 -7.5824 90.6453 136.5129 138.0359 228.2245 1.7177 0.5934 0.6537 -9.5035 0.8942 13.6466 -8.1776 0.0555
Pedestrian -1 -1 -6.1505 296.6000 125.6106 328.1260 206.9609 1.8838 0.5847 0.6147 -6.9604 0.6131 16.7329 -6.5356 0.0552
Cyclist -1 -1 -2.6093 134.6964 114.1259 215.5567 186.7833 1.7796 0.6448 1.6251 -10.7502 0.1542 17.6437 -3.1459 0.0547
Pedestrian -1 -1 -4.5098 509.9389 133.6207 543.1518 216.1962 1.7518 0.5866 0.7106 -1.7437 0.7576 15.3806 -4.6180 0.0546
Pedestrian -1 -1 -7.6065 113.0866 136.4505 156.7918 228.1016 1.7299 0.5726 0.6005 -9.1577 0.8988 13.7216 -8.1821 0.0535
Cyclist -1 -1 -2.2330 0.0000 134.5847 91.2954 261.6445 1.7692 0.5601 1.8100 -8.5452 1.1303 10.3279 -2.9070 0.0534
Pedestrian -1 -1 -5.6559 310.3752 125.8413 355.5308 211.1402 1.8040 0.6338 0.6701 -5.9431 0.6484 15.3479 -6.0160 0.0527
Pedestrian -1 -1 -4.8993 784.7859 142.8984 816.4453 219.4007 1.7692 0.5990 0.6930 4.5746 0.9000 16.7199 -4.6351 0.0519
Pedestrian -1 -1 -4.7461 368.7777 132.5869 401.5794 218.9111 1.7473 0.6323 0.7753 -4.6470 0.7778 14.7807 -5.0423 0.0506
Cyclist -1 -1 -7.4042 176.8357 117.3684 230.6123 187.7912 1.7011 0.4984 1.6707 -10.1837 0.1765 17.9276 -7.9106 0.0506
Cyclist -1 -1 -4.5543 440.7667 137.5084 485.5403 221.9734 1.7041 0.6595 1.8086 -3.0615 0.8371 15.1804 -4.7470 0.0503
Car -1 -1 -3.4117 513.8995 155.7465 745.9401 247.4637 1.4405 1.5171 3.7588 0.3372 1.0521 12.2901 -3.3828 0.8807
Car -1 -1 -3.0008 184.7962 143.9447 467.2441 246.0497 1.4981 1.5709 4.0695 -4.3911 0.9622 11.5676 -3.3522 0.8214
Car -1 -1 -2.5393 0.0000 146.4145 91.0822 262.7559 1.5056 1.6059 3.5780 -9.8918 1.0649 10.2105 -3.2911 0.6136
Car -1 -1 -6.5225 523.1689 139.3702 703.9006 211.3164 1.5476 1.6253 3.9281 0.1114 0.6632 16.4491 -6.5136 0.1423
Car -1 -1 -4.7976 659.2994 137.8004 689.9951 163.9641 1.5671 1.6873 4.0443 4.5772 -1.1456 46.9526 -4.6989 0.1010
Car -1 -1 -7.6032 581.8119 135.1967 629.0818 166.3456 1.5294 1.6808 3.8236 0.0647 -0.8149 38.6518 -7.5991 0.0913
Car -1 -1 -2.2910 0.0000 148.0606 5.8275 328.0601 1.5018 1.6042 4.1892 -8.5840 1.2316 6.7600 -3.1698 0.0809
Car -1 -1 -4.9461 947.1284 136.0664 990.7833 162.6205 1.5761 1.6759 4.0664 24.1586 -1.2452 47.0697 -4.4727 0.0765
Car -1 -1 -7.7923 150.5030 103.5280 230.8859 169.8302 1.5344 1.5963 3.8426 -11.1187 -0.3194 19.1085 -8.3092 0.0727
Car -1 -1 -2.2342 0.0000 144.3254 0.0000 369.0000 1.5111 1.6290 4.0974 -7.2650 1.3096 4.8487 -3.1843 0.0584
Car -1 -1 -7.8329 500.1693 131.1278 536.2857 167.8969 1.5692 1.6047 3.9032 -4.0926 -0.6344 33.5797 -7.9506 0.0503
