Cyclist -1 -1 -5.4269 963.4829 163.7851 1012.1777 214.3152 1.6609 0.5434 1.6034 12.7896 1.3625 24.5603 -4.9521 0.1041
Pedestrian -1 -1 -4.8622 1090.9601 165.4625 1140.3888 277.4429 1.7576 0.5678 0.5839 8.1391 1.6413 11.7108 -4.2673 0.0989
Pedestrian -1 -1 -7.6711 1058.0123 162.2101 1082.6688 211.9692 1.8050 0.6821 0.5407 16.9267 1.4186 26.6038 -7.1098 0.0804
Pedestrian -1 -1 -8.4846 756.6310 168.8665 787.0970 224.9678 1.8366 0.6056 0.8532 5.3609 1.7058 24.1340 -8.2693 0.0722
Car -1 -1 -6.5155 694.1360 178.0346 763.5565 204.0744 1.5170 1.6208 3.8434 7.0739 1.8349 43.3594 -6.3553 0.0700
Cyclist -1 -1 -7.0114 140.3747 184.8790 179.5313 221.1584 1.6904 0.5020 1.7164 -21.9173 2.2901 35.1063 -7.5663 0.0676
Car -1 -1 -6.2927 934.4326 175.3148 1054.4784 214.7205 1.4304 1.6002 4.0087 14.7903 1.5311 28.0165 -5.8118 0.0660
Pedestrian -1 -1 -8.3501 755.8494 178.1811 779.5424 225.1277 1.6040 0.5513 0.6718 5.4443 1.7923 25.1431 -8.1400 0.0656
Pedestrian -1 -1 -3.8319 807.3870 164.1034 843.5393 232.4452 1.8711 0.6359 0.7317 5.9761 1.6312 20.1918 -3.5489 0.0637
Car -1 -1 -7.2099 0.0000 202.8113 252.7538 374.0000 1.4180 1.7076 4.2976 -6.4030 1.8751 8.8404 -7.8228 0.0634
Pedestrian -1 -1 -3.9590 1210.0952 145.5638 1241.0000 242.0471 1.9074 0.5618 0.7851 12.6961 1.3676 14.5872 -3.2531 0.0629
Pedestrian -1 -1 -8.3039 807.4659 176.3091 834.6611 229.6798 1.5756 0.5783 0.6019 6.2916 1.6808 21.6915 -8.0259 0.0618
Car -1 -1 -7.4586 137.8134 185.9566 195.9975 214.8631 1.6780 1.7840 3.8781 -28.0748 2.5466 45.7961 -8.0062 0.0599
Car -1 -1 -6.6032 506.0061 179.8885 579.9580 206.1664 1.6183 1.6829 4.4958 -4.3925 2.0926 47.0038 -6.6964 0.0598
Pedestrian -1 -1 -5.1101 476.9813 186.7708 491.1462 216.4588 1.4282 0.5133 0.5464 -6.2244 2.1183 35.4246 -5.2833 0.0589
Cyclist -1 -1 -7.6801 746.7742 174.7145 767.9783 217.8056 1.7106 0.5688 1.7322 6.0187 1.7891 29.6321 -7.4823 0.0581
Cyclist -1 -1 -7.6099 385.4355 184.5879 414.0253 245.3897 1.5924 0.3936 1.5617 -5.8594 1.9299 19.9885 -7.8921 0.0566
Car -1 -1 -4.4327 586.3836 178.7695 629.1277 205.7777 1.6425 1.7109 4.1591 -0.1275 2.0467 47.0940 -4.4360 0.0554
Pedestrian -1 -1 -6.2386 665.5975 173.6767 672.6425 195.7065 1.7264 0.6518 0.5266 4.6385 1.7915 56.9288 -6.1581 0.0537
Car -1 -1 -6.5951 1070.4668 178.6731 1239.3986 226.3572 1.4796 1.6372 4.2155 18.0499 1.6860 24.1864 -5.9602 0.0531
Car -1 -1 -4.4726 444.7394 181.6040 487.0258 207.6489 1.5239 1.6816 4.1919 -9.1179 2.1046 45.7799 -4.6685 0.0522
Car -1 -1 -9.5563 1241.0000 184.3716 1241.0000 374.0000 1.5274 1.5794 3.6467 6.3391 1.5941 2.2227 -8.3638 0.0515
Cyclist -1 -1 -6.3054 585.4143 176.1500 619.1501 208.8656 1.7849 0.6444 1.8452 -0.4703 1.9680 39.7907 -6.3177 0.5204
Cyclist -1 -1 -4.2948 163.4875 183.0990 190.3137 215.5272 1.8083 0.5632 2.0198 -25.1835 2.4180 41.9265 -4.8332 0.5093
Cyclist -1 -1 -5.2525 966.6063 162.0713 1009.3906 212.9494 1.6763 0.5399 1.5931 12.8092 1.3207 24.5847 -4.7775 0.1282
Cyclist -1 -1 -6.7216 960.1987 156.7458 1018.6907 211.9323 1.8519 0.6501 1.6427 12.8589 1.3111 24.5692 -6.2447 0.1257
Cyclist -1 -1 -4.4553 477.0232 180.3232 493.8401 216.4098 1.7380 0.4811 1.4054 -6.2079 2.1155 35.7704 -4.6265 0.0970
Cyclist -1 -1 -7.7258 490.0291 180.2700 500.3932 210.0441 1.6432 0.3976 1.4670 -6.5432 2.0712 40.9288 -7.8838 0.0523
Car -1 -1 -7.9673 581.8369 178.2180 619.4004 208.7823 1.6395 1.6785 4.3638 -0.6333 1.9666 41.7722 -7.9829 0.7429
Car -1 -1 -4.6195 431.5179 184.0429 475.4401 222.1146 1.5238 1.5643 3.6156 -6.9003 2.0471 31.8776 -4.8314 0.1585
Car -1 -1 -4.5291 385.7580 180.7434 456.6542 231.4904 1.6409 1.7268 4.2787 -6.7955 1.9512 26.2068 -4.7809 0.1213
Car -1 -1 -4.4801 335.5834 177.0805 432.2328 244.7847 1.7658 1.7105 4.5543 -6.6103 1.9047 21.4366 -4.7764 0.0981
Car -1 -1 -4.7495 629.9777 177.1876 662.6917 208.2561 1.6575 1.6948 4.2856 1.9913 1.9179 41.2457 -4.7021 0.0859
Car -1 -1 -5.3003 708.6278 179.0386 779.1929 212.5181 1.5067 1.6022 3.6799 6.4289 1.8255 35.2199 -5.1218 0.0848
Car -1 -1 -6.7318 696.2155 175.3002 766.2147 204.6350 1.6012 1.6358 3.5535 6.8172 1.7439 40.8835 -6.5683 0.0740
Car -1 -1 -4.5977 467.0023 180.5443 503.5560 210.3758 1.6009 1.6369 4.0309 -7.2168 2.0685 41.8403 -4.7679 0.0655
Car -1 -1 -8.2677 426.1364 182.5765 489.6936 216.4200 1.5536 1.6314 4.0930 -7.7832 2.0738 36.4889 -8.4769 0.0503
