Car -1 -1 -7.3478 429.8920 181.9354 561.0211 241.7391 1.3706 1.5831 4.3444 -2.9939 1.6455 19.5508 -7.4985 0.9533
Pedestrian -1 -1 -5.3664 795.9489 154.9684 834.3579 220.7483 1.9717 0.6273 1.0473 6.2625 1.4353 22.2310 -5.0958 0.2675
Pedestrian -1 -1 -5.9949 159.7164 171.7559 174.5775 197.8728 1.8896 0.4464 0.8294 -32.2651 1.8098 52.5257 -6.5437 0.2360
Pedestrian -1 -1 -4.0198 854.1531 163.0308 868.2306 190.3217 1.8438 0.5607 0.7442 17.0885 1.1798 49.1796 -3.6875 0.2036
Pedestrian -1 -1 -4.6193 793.6199 163.5813 807.3420 201.2106 1.8493 0.6071 0.6116 9.4259 1.3933 35.8510 -4.3646 0.1721
Cyclist -1 -1 -7.4864 491.0080 178.5867 503.6623 200.9647 1.5898 0.4227 1.4306 -8.2043 2.0117 52.3864 -7.6413 0.1496
Car -1 -1 -8.5798 1215.3354 154.7870 1241.0000 211.3153 1.5884 1.7102 3.8704 21.0498 1.0804 22.2307 -7.8284 0.1241
Pedestrian -1 -1 -5.3602 136.7745 171.7417 162.1657 220.6240 2.0289 0.6113 0.6855 -19.4145 1.9824 30.3540 -5.9254 0.1046
Pedestrian -1 -1 -6.1748 725.0167 169.0314 735.0270 194.9970 1.7246 0.6353 0.5973 8.0047 1.4704 48.3090 -6.0120 0.0967
Car -1 -1 -4.8906 1097.5917 158.7627 1133.9591 179.8637 1.6067 1.6349 4.1455 39.9869 0.5334 57.1641 -4.2827 0.0827
Car -1 -1 -8.4236 945.0754 161.2943 996.4066 183.9927 1.6696 1.6108 3.9698 27.4701 0.8190 55.1355 -7.9636 0.0785
Pedestrian -1 -1 -5.5527 280.7383 177.3391 294.7038 199.7444 1.8186 0.5072 0.9486 -26.4262 2.1881 59.1083 -5.9717 0.0762
Cyclist -1 -1 -6.3628 1070.6356 153.5811 1104.7184 183.1244 1.8991 0.5898 1.8107 31.1162 0.6599 47.0766 -5.7817 0.0743
Pedestrian -1 -1 -6.8667 743.4579 167.0556 756.2587 194.8984 1.8369 0.6656 0.5618 9.2730 1.4541 48.0186 -6.6775 0.0724
Pedestrian -1 -1 -4.6099 134.1781 171.9140 151.2823 214.0846 1.9677 0.6293 0.4928 -22.0751 1.9236 34.0301 -5.1820 0.0704
Pedestrian -1 -1 -3.4768 599.5034 167.7283 614.4909 194.9204 1.7872 0.5979 0.8436 -0.2335 1.4500 47.8445 -3.4820 0.0699
Pedestrian -1 -1 -4.8461 562.7115 166.0804 576.6626 201.5861 1.8470 0.6282 0.8227 -2.1652 1.4943 37.9971 -4.9031 0.0693
Car -1 -1 -7.4392 779.4451 168.1096 832.5263 196.6863 1.5963 1.6322 3.7591 11.4830 1.3310 42.2803 -7.1761 0.0688
Car -1 -1 -4.3286 256.8400 186.2439 318.3186 216.0285 1.5066 1.6487 4.3434 -18.1176 2.3018 40.6710 -4.7455 0.0687
Car -1 -1 -5.5784 899.7955 165.6903 958.2896 184.6657 1.5002 1.6844 4.3368 26.1592 0.9336 59.3644 -5.1653 0.0592
Pedestrian -1 -1 -3.3543 609.1655 169.5518 615.2928 189.5366 1.8628 0.4608 0.4867 0.1870 1.5547 67.5332 -3.3519 0.0582
Car -1 -1 -8.0227 958.6740 162.9340 988.0557 182.5825 1.6269 1.6298 3.7371 31.0399 0.8052 61.7666 -7.5591 0.0578
Car -1 -1 -7.9081 536.2136 175.3012 560.1362 196.7387 1.5231 1.5653 3.7925 -4.6605 1.7117 53.7064 -7.9946 0.0560
Pedestrian -1 -1 -5.7792 529.6568 173.7163 540.8199 200.2310 1.7365 0.6441 0.4830 -4.9709 1.7937 47.6713 -5.8830 0.0533
Pedestrian -1 -1 -6.9835 733.6570 168.1503 745.9505 194.8040 1.7577 0.6694 0.4875 8.6000 1.4472 47.9954 -6.8076 0.0530
Car -1 -1 -7.3738 245.9186 175.8882 283.9114 194.0245 1.6503 1.6436 3.8594 -32.6204 1.9453 68.2676 -7.8183 0.0525
Car -1 -1 -4.7568 0.0000 191.0398 32.5412 219.0451 1.7199 1.7584 4.1961 -40.7262 3.0149 49.2477 -5.4453 0.0522
Car -1 -1 -7.4820 731.7553 164.3911 777.2009 190.7203 1.8140 1.7531 4.3610 10.4292 1.2306 52.0214 -7.2855 0.0506
Cyclist -1 -1 -4.5573 166.8210 181.8817 196.6666 242.0273 1.6845 0.5128 1.5895 -12.6691 1.9610 21.2915 -5.0889 0.1123
Cyclist -1 -1 -7.7586 157.5377 183.9974 181.4697 243.7859 1.6255 0.4301 1.6112 -12.6987 1.9582 20.7417 -8.3026 0.0993
Cyclist -1 -1 -4.4138 172.0824 180.7399 208.5246 242.0678 1.7192 0.4886 1.5495 -12.3863 1.9600 21.2450 -4.9365 0.0905
Cyclist -1 -1 -5.3563 133.6602 178.1746 191.6370 238.4199 1.7221 0.6630 1.5475 -13.2673 1.8833 21.3212 -5.9076 0.0758
Pedestrian -1 -1 -6.3825 451.9161 179.0639 462.8327 209.5317 1.7707 0.7117 0.5614 -9.0346 2.1401 42.5310 -6.5910 0.0651
Cyclist -1 -1 -4.3514 136.0381 183.3577 182.3483 244.1588 1.6436 0.5355 1.7603 -12.9760 1.9585 20.7365 -4.9051 0.0606
Cyclist -1 -1 -2.4093 159.0505 181.4693 217.2467 240.9948 1.7082 0.5596 1.4901 -12.4717 1.9668 21.2559 -2.9348 0.0504
Car -1 -1 -3.8416 36.1097 190.6023 210.5228 262.5915 1.4499 1.4962 3.2234 -11.4632 1.9149 17.1569 -4.4237 0.9527
Car -1 -1 -7.7328 665.5116 174.4181 697.2440 198.0814 1.3952 1.5533 3.4512 4.4143 1.4956 44.6392 -7.6353 0.7874
Car -1 -1 -7.8448 693.0202 171.3317 712.7725 188.9326 1.3953 1.5558 3.7212 7.6015 1.2743 59.1473 -7.7179 0.3659
Car -1 -1 -4.4107 94.8020 190.3751 205.3248 247.2966 1.3682 1.5926 3.7480 -13.0256 1.9170 20.5985 -4.9690 0.1892
Car -1 -1 -4.1646 0.0000 200.6986 58.1884 237.1649 1.5610 1.5080 3.7010 -29.3783 3.0162 35.7793 -4.8486 0.1704
Car -1 -1 -7.6942 454.2385 177.4924 491.1638 204.0813 1.5416 1.6256 3.9790 -8.4600 1.8406 44.5457 -7.8812 0.1508
Car -1 -1 -5.0858 428.6327 182.6644 483.6895 213.3454 1.5331 1.5734 4.0587 -8.5165 2.0993 39.5410 -5.2971 0.0687
