Pedestrian -1 -1 -6.9628 1156.7620 148.8228 1233.6349 265.1519 1.7248 0.5530 0.7217 8.8357 1.3682 10.9804 -6.2986 0.1318
Pedestrian -1 -1 -3.0887 770.2800 169.0845 803.5465 234.6313 1.7265 0.5357 0.8441 4.7051 1.6269 19.3819 -2.8548 0.0708
Pedestrian -1 -1 -3.3339 653.4410 165.2537 677.0441 214.0594 1.9143 0.5769 0.8377 2.1439 1.6159 28.6365 -3.2605 0.0662
Pedestrian -1 -1 -3.0310 722.6797 159.0552 768.0514 248.8980 1.8315 0.5878 0.8786 2.7878 1.5499 15.1157 -2.8530 0.0566
Cyclist -1 -1 -8.1739 673.7700 172.3078 721.4512 257.2844 1.6839 0.4617 1.7323 1.7654 1.6727 15.1927 -8.0615 0.0563
Cyclist -1 -1 -8.0174 637.6299 167.7075 653.3040 203.1871 1.7700 0.5173 1.7544 1.7649 1.5129 36.8963 -7.9705 0.0541
Pedestrian -1 -1 -5.1513 528.1277 169.7612 538.3415 192.8846 1.7704 0.5280 0.7190 -5.9540 1.5333 55.6872 -5.2577 0.0513
Pedestrian -1 -1 -2.2648 399.9980 173.3972 427.6935 230.2890 1.7727 0.5938 0.6132 -6.2750 1.7900 22.9097 -2.5298 0.0511
Pedestrian -1 -1 -4.7470 734.7072 161.1266 754.3654 218.8906 1.9659 0.6337 0.9599 4.6217 1.5664 25.0764 -4.5674 0.4195
Pedestrian -1 -1 -4.0654 830.9935 169.3081 877.8075 274.8876 1.6053 0.5285 0.4552 3.7755 1.5511 11.3177 -3.7521 0.1594
Pedestrian -1 -1 -6.5877 1019.6128 148.9506 1093.9597 287.4681 1.7817 0.5384 0.7081 5.8851 1.4739 9.6235 -6.0531 0.1569
Cyclist -1 -1 -7.3159 0.0000 162.0105 146.8067 374.0000 1.8453 0.5662 1.6981 -5.3256 1.7526 7.0190 -7.9472 0.1230
Pedestrian -1 -1 -6.0299 202.0324 184.4041 258.0736 309.2008 1.6620 0.5388 0.5677 -5.3066 1.8269 9.9951 -6.5076 0.1214
Cyclist -1 -1 -4.9758 1004.6042 130.5674 1140.9017 332.4398 1.8451 0.7121 1.7783 4.6929 1.4583 7.5473 -4.4376 0.1111
Pedestrian -1 -1 -4.8032 994.3229 151.9022 1068.6794 322.0927 1.7256 0.6066 0.7867 4.4731 1.5129 7.7979 -4.2994 0.0968
Cyclist -1 -1 -5.1335 1038.1632 126.9338 1208.7489 342.4169 1.8742 0.6865 1.7430 4.9513 1.4745 7.1911 -4.5502 0.0954
Pedestrian -1 -1 -2.8069 0.0000 169.3655 142.8136 367.6148 1.7975 0.6295 1.0472 -5.2901 1.7656 6.9955 -3.4365 0.0841
Pedestrian -1 -1 -6.6458 740.2416 164.1082 765.1943 219.1879 1.8181 0.5383 0.6700 4.7237 1.5291 24.1393 -6.4554 0.0826
Pedestrian -1 -1 -5.0060 1053.9574 147.6891 1159.1300 340.1594 1.7432 0.6082 0.8385 4.7390 1.5150 7.0220 -4.4323 0.0809
Pedestrian -1 -1 -2.6897 122.3842 172.8564 224.0559 326.9846 1.7954 0.5672 0.8928 -5.3156 1.7951 8.7244 -3.2240 0.0791
Pedestrian -1 -1 -5.8626 0.0000 140.9319 77.5299 374.0000 1.9504 0.6232 0.7081 -4.9711 1.7060 5.9091 -6.5402 0.0684
Pedestrian -1 -1 -4.5997 747.9440 161.8969 772.5096 223.1753 1.8646 0.6640 0.8241 4.6306 1.5309 22.4499 -4.3995 0.0604
Pedestrian -1 -1 -3.0835 91.2840 168.6479 194.5595 341.6212 1.8130 0.5908 0.9278 -5.2309 1.7687 8.0456 -3.6455 0.0580
Pedestrian -1 -1 -3.2958 112.7767 168.6828 212.5372 336.7075 1.8308 0.5835 0.9098 -5.2465 1.7850 8.3780 -3.8416 0.0532
Pedestrian -1 -1 -4.0115 1139.9069 143.8215 1241.0000 340.1405 1.6691 0.5854 0.8140 5.3265 1.4220 6.5045 -3.3479 0.0505
Car -1 -1 -4.5744 446.1642 186.7642 535.0430 253.6534 1.4338 1.6742 4.0137 -2.9598 1.8259 18.3320 -4.7331 0.9641
Car -1 -1 -7.9332 563.9658 166.4211 588.1187 187.8846 1.8338 1.7927 4.3406 -3.0653 1.2839 63.9145 -7.9812 0.2978
Car -1 -1 -4.6075 507.4931 178.2285 549.6750 210.2628 1.4480 1.6257 4.2087 -3.9770 1.7274 35.4329 -4.7190 0.1393
Car -1 -1 -7.8604 492.6432 171.8389 521.0394 199.4496 1.6322 1.6668 3.8888 -6.4382 1.5719 44.7009 -8.0029 0.0987
Car -1 -1 -7.3200 1134.1278 140.0774 1241.0000 374.0000 1.5028 1.5965 3.8213 4.8992 1.3893 3.5319 -6.4128 0.0543
