Car -1 -1 -4.5078 39.5276 191.1857 95.0860 222.5081 1.5418 1.6520 4.2238 -30.3573 2.6261 40.4276 -5.1489 0.1216
Car -1 -1 -8.4654 893.8503 194.1461 1241.0000 374.0000 1.4843 1.6631 4.0999 2.7970 1.6432 3.3055 -7.8071 0.0918
Pedestrian -1 -1 -7.6827 1.2337 173.8612 36.8928 243.7637 1.8954 0.6513 0.7168 -16.4590 1.9238 20.0498 -8.3636 0.0906
Car -1 -1 -4.3950 603.7552 177.4075 633.6997 195.4811 1.6443 1.6013 4.3242 0.8531 2.0947 69.1098 -4.3831 0.0750
Car -1 -1 -4.7969 662.0087 187.5662 683.4228 204.8482 1.5028 1.6677 4.1410 5.8888 2.9381 68.3389 -4.7119 0.0743
Car -1 -1 -4.8923 830.0118 190.8382 857.1850 209.9008 1.5656 1.6190 4.1370 21.1372 3.2511 65.4825 -4.5820 0.0667
Car -1 -1 -5.1114 795.0098 201.6274 855.7877 234.3939 1.4134 1.5799 3.8017 10.8038 2.9506 36.5772 -4.8273 0.0612
Car -1 -1 -4.1991 438.9019 178.2389 476.4844 197.3811 1.7438 1.7570 4.0620 -14.5774 2.2762 69.1709 -4.4064 0.0611
Cyclist -1 -1 -7.1455 709.5216 171.9694 751.9735 220.2856 1.7979 0.6042 1.7667 4.5917 1.7647 27.6495 -6.9833 0.0579
Car -1 -1 -4.1407 399.2243 177.8424 443.8896 199.0957 1.5706 1.6673 3.6326 -14.6701 1.9728 56.2381 -4.3950 0.0540
Car -1 -1 -5.1059 17.5731 199.6476 91.7296 233.9579 1.4568 1.5253 3.7168 -26.7691 2.8044 34.7086 -5.7593 0.0537
Pedestrian -1 -1 -8.5883 720.9084 171.6175 741.7896 216.6727 2.1229 0.7754 0.6091 5.7543 2.0644 34.4632 -8.4249 0.0500
Cyclist -1 -1 -7.4605 711.8566 177.2360 739.7307 222.8949 1.6851 0.4505 1.6778 4.3992 1.8576 27.6228 -7.3050 0.3782
Pedestrian -1 -1 -6.4338 302.9653 175.4014 324.8177 228.1210 1.7930 0.6627 0.6094 -10.3178 1.8826 25.0229 -6.8215 0.2385
Cyclist -1 -1 -5.1018 814.6149 168.0175 894.7878 286.6300 1.7259 0.5354 1.7917 3.7669 1.6552 11.4130 -4.7917 0.2199
Cyclist -1 -1 -7.8030 831.5413 176.2544 868.3942 286.6700 1.6975 0.5151 1.7957 3.9822 1.7585 12.0810 -7.4930 0.2198
Pedestrian -1 -1 -4.2072 434.4464 174.8388 449.3257 205.2596 1.8441 0.5739 0.7997 -10.3447 1.9668 44.2618 -4.4358 0.2165
Cyclist -1 -1 -8.2283 747.0628 177.8197 779.0353 226.5244 1.6596 0.4733 1.8181 5.3888 1.8427 25.7135 -8.0248 0.2101
Cyclist -1 -1 -2.4612 35.5806 181.3112 95.7360 230.3712 1.7602 0.6749 1.7160 -19.9383 2.0735 26.3844 -3.1036 0.1943
Pedestrian -1 -1 -6.3926 703.6290 182.1937 721.0155 210.5661 1.6243 0.6459 0.9321 5.8962 2.1702 41.8643 -6.2542 0.1542
Pedestrian -1 -1 -3.9139 1042.0404 194.2910 1120.2489 329.9721 1.5076 0.4961 0.5851 5.4303 1.7664 8.4185 -3.3580 0.1398
Cyclist -1 -1 -4.4924 301.2995 177.9175 330.6602 229.1453 1.6887 0.5638 1.7625 -10.1673 1.8694 24.8814 -4.8770 0.1039
Cyclist -1 -1 -8.4145 925.3131 174.8207 1033.5847 304.1506 1.7308 0.4974 1.8229 5.3150 1.7620 10.6179 -7.9625 0.1034
Pedestrian -1 -1 -6.9210 938.3979 171.8087 1001.9086 296.2728 1.7760 0.5945 0.6001 5.2472 1.7608 10.6446 -6.4751 0.1033
Cyclist -1 -1 -8.3691 951.4982 171.2049 1060.0198 302.6603 1.7269 0.4992 1.8422 5.5842 1.7049 10.4078 -7.8894 0.1006
Cyclist -1 -1 -3.7927 999.9126 179.2150 1202.7720 333.8495 1.6957 0.7671 1.8890 5.6242 1.7736 8.4066 -3.2202 0.0995
Cyclist -1 -1 -2.4098 137.2892 184.4990 185.4894 228.2521 1.6552 0.6058 1.5914 -17.4296 2.1134 27.9694 -2.9631 0.0989
Pedestrian -1 -1 -3.3177 841.9114 168.3563 894.6619 285.4436 1.7772 0.5968 0.6764 3.9764 1.7086 11.2981 -2.9885 0.0946
Cyclist -1 -1 -3.8716 61.5008 182.9275 116.0056 230.7646 1.6755 0.5274 1.7055 -19.1869 2.0581 26.5364 -4.4931 0.0865
Cyclist -1 -1 -3.9427 46.6880 185.5126 98.7531 233.6502 1.6775 0.5258 1.6532 -19.7121 2.1562 26.4484 -4.5785 0.0845
Pedestrian -1 -1 -3.2560 855.3148 175.7256 901.6681 288.2068 1.6611 0.5391 0.5974 4.0280 1.7059 11.0021 -2.9148 0.0842
Pedestrian -1 -1 -4.7270 828.2370 189.8963 862.7572 280.8886 1.4337 0.5229 0.6130 3.8121 1.7226 11.8750 -4.4247 0.0789
Cyclist -1 -1 -8.0294 888.5836 170.1206 940.9688 283.5820 1.7245 0.4686 1.7495 4.9265 1.6826 11.8709 -7.6458 0.0779
Cyclist -1 -1 -6.0134 59.6041 180.7102 124.5137 230.1349 1.7526 0.6821 1.8144 -18.9807 2.0468 26.4171 -6.6319 0.0747
Cyclist -1 -1 -7.9557 873.0023 175.3824 918.5429 285.3271 1.6688 0.4931 1.7857 4.6372 1.7135 11.9208 -7.5940 0.0736
Pedestrian -1 -1 -6.3766 836.3969 179.0011 883.8419 286.4569 1.6686 0.6172 0.6592 3.9613 1.7705 11.6219 -6.0570 0.0719
Pedestrian -1 -1 -4.2120 929.8867 171.1418 999.0330 310.3391 1.7824 0.5618 0.7215 4.6978 1.7602 9.6788 -3.7731 0.0717
Pedestrian -1 -1 -4.5985 72.6973 179.5036 97.5893 231.2073 1.8683 0.6670 0.6983 -19.4307 2.1180 26.6601 -5.2238 0.0701
Pedestrian -1 -1 -7.1649 915.5129 168.6464 978.7928 288.4178 1.7519 0.5493 0.7073 5.0607 1.6901 10.9574 -6.7435 0.0700
Pedestrian -1 -1 -8.1416 895.9661 172.0991 947.1353 281.6789 1.7186 0.6125 0.5791 4.9581 1.7065 11.6366 -7.7489 0.0694
Cyclist -1 -1 -8.3473 891.0155 170.9799 989.3593 299.8473 1.7199 0.4658 1.8365 4.7178 1.6946 10.5647 -7.9387 0.0687
Pedestrian -1 -1 -9.1236 986.2806 165.9901 1043.4994 293.3179 1.8117 0.5917 0.5969 5.9410 1.7137 10.6868 -8.6288 0.0687
Cyclist -1 -1 -8.2015 749.7255 173.8334 781.2921 223.7600 1.7367 0.5102 1.8393 5.5559 1.7731 26.0821 -7.9946 0.0679
Pedestrian -1 -1 -8.6582 708.5250 179.1160 731.6877 223.8138 1.6616 0.5590 0.6675 4.1311 1.9027 27.3795 -8.5108 0.0672
Cyclist -1 -1 -4.7294 865.9353 171.3549 907.2503 290.2404 1.7163 0.5464 1.8820 4.2850 1.6944 11.3953 -4.3793 0.0655
Pedestrian -1 -1 -7.8617 120.4479 179.9436 142.4512 230.3472 1.8023 0.6638 0.6334 -17.5374 2.0655 26.3741 -8.4441 0.0631
Pedestrian -1 -1 -4.4461 862.4666 187.8749 907.0997 294.1362 1.5137 0.5059 0.5262 4.0372 1.7445 10.7414 -4.0967 0.0631
Pedestrian -1 -1 -6.0050 976.5291 170.1927 1031.5131 298.9472 1.7714 0.5547 0.5664 5.5815 1.7344 10.3228 -5.5222 0.0626
Pedestrian -1 -1 -6.1106 1008.4481 167.1425 1060.0472 294.9368 1.8137 0.5944 0.5713 6.2087 1.7323 10.6511 -5.5958 0.0607
Pedestrian -1 -1 -6.3006 1028.9915 164.2891 1078.6150 288.5580 1.8120 0.5819 0.6198 6.6515 1.6868 10.9270 -5.7666 0.0607
Pedestrian -1 -1 -3.9228 1158.8883 196.5342 1241.0000 335.3120 1.5024 0.4479 0.6264 6.6280 1.7783 8.1587 -3.2590 0.0602
Cyclist -1 -1 -7.5087 719.4749 177.5412 747.2924 224.2168 1.6965 0.4875 1.7252 4.6304 1.8791 27.2727 -7.3431 0.0577
Cyclist -1 -1 -5.1931 910.5752 173.0542 1009.3428 299.1897 1.6979 0.5074 1.7948 5.0369 1.7008 10.6245 -4.7621 0.0574
Pedestrian -1 -1 -7.2105 919.9164 180.1207 980.8395 302.3096 1.6205 0.5633 0.5223 4.6499 1.7246 9.9865 -6.7871 0.0567
Cyclist -1 -1 -7.6293 141.9231 185.7826 164.3693 229.8643 1.6362 0.4043 1.5209 -17.7780 2.1521 28.0260 -8.1905 0.0558
Pedestrian -1 -1 -6.1326 970.6313 167.9272 1022.5218 293.5773 1.7796 0.5758 0.6022 5.6410 1.7095 10.6289 -5.6571 0.0548
Pedestrian -1 -1 -4.0575 905.4235 174.7968 967.8774 293.0856 1.6714 0.5232 0.6981 4.7433 1.7007 10.6061 -3.6483 0.0544
Cyclist -1 -1 -2.5921 104.7588 180.5380 164.6733 228.4773 1.7836 0.7790 1.7519 -18.0719 2.0794 27.3925 -3.1710 0.0535
Cyclist -1 -1 -3.4068 803.3893 167.3168 945.9283 289.4872 1.7863 0.7632 1.9014 3.9337 1.7050 10.9957 -3.0729 0.0524
Pedestrian -1 -1 -7.4608 1119.8820 162.7801 1197.2924 306.0066 1.8243 0.6191 0.6738 7.2607 1.6957 9.6301 -6.8303 0.0523
Pedestrian -1 -1 -6.6011 926.7691 166.3221 982.8184 284.4400 1.7876 0.5921 0.6288 5.3075 1.6885 11.2492 -6.1713 0.0506
Cyclist -1 -1 -4.2078 103.6786 181.7807 148.8991 230.3687 1.7358 0.6427 1.7351 -18.1149 2.0805 26.9950 -4.7945 0.0505
Car -1 -1 -4.4103 347.4012 183.2887 428.3721 227.6869 1.4330 1.6469 4.1710 -8.0450 1.8442 26.3635 -4.7041 0.9120
Car -1 -1 -4.5950 468.2000 179.0742 500.2176 202.7050 1.4968 1.6746 4.0277 -8.5016 1.9353 48.8414 -4.7669 0.7991
Car -1 -1 -7.6046 613.4339 179.1380 653.5807 204.2869 1.4645 1.6118 3.8548 1.4810 1.8753 45.1290 -7.5725 0.3576
Car -1 -1 -4.1486 139.7615 188.4532 231.0677 227.6575 1.4133 1.5300 3.5266 -17.1325 2.0835 29.2260 -4.6751 0.1894
Car -1 -1 -4.5998 24.5337 189.7490 64.2528 216.3921 1.5354 1.5793 3.7509 -36.1514 2.6627 46.1452 -5.2617 0.1524
Car -1 -1 -6.3783 659.4589 182.2783 746.5992 215.1272 1.4930 1.7061 3.9482 4.3164 1.9516 34.2243 -6.2545 0.1376
Car -1 -1 -5.2401 666.7670 181.6022 722.1142 208.2154 1.4712 1.5474 3.8823 4.9810 2.0217 43.3474 -5.1271 0.1372
Car -1 -1 -4.3463 264.3355 179.3661 338.0883 216.7496 1.6498 1.7440 4.5972 -14.8917 1.9862 34.9797 -4.7464 0.1233
Car -1 -1 -2.3380 3.0419 191.6972 132.5440 234.6419 1.4829 1.6079 3.9264 -20.2966 2.2170 27.0053 -2.9780 0.0876
Car -1 -1 -4.5240 371.1895 179.3575 418.9879 210.5411 1.5206 1.6590 4.2471 -11.3725 1.8853 38.2957 -4.8112 0.0792
Car -1 -1 -4.5491 632.9381 177.0058 673.2637 206.2631 1.5440 1.6065 4.3581 2.4685 1.7930 41.0334 -4.4899 0.0733
Car -1 -1 -4.3101 187.4580 184.6327 282.6967 226.3326 1.4862 1.7571 4.6195 -15.1739 2.0047 29.4176 -4.7829 0.0623
Car -1 -1 -3.7577 648.5294 183.7202 750.0646 219.0517 1.4204 1.6814 4.2612 3.9167 1.9259 31.8372 -3.6371 0.0531
