Pedestrian -1 -1 -4.5365 511.3041 159.7647 531.9092 205.4557 1.8267 0.7301 0.6451 -3.2450 0.9581 29.0622 -4.6517 0.6476
Pedestrian -1 -1 -8.0784 768.0295 151.5209 818.9261 254.2886 1.7478 0.7074 0.7325 3.3092 1.2385 12.5908 -7.8318 0.5093
Cyclist -1 -1 -5.9557 289.1982 170.4357 422.5605 272.1737 1.5556 0.6998 1.8662 -3.8875 1.3870 11.3346 -6.2846 0.2402
Pedestrian -1 -1 -3.5905 602.4813 162.2154 620.4074 191.8766 1.8422 0.5754 0.9707 0.6312 0.6445 45.0802 -3.5815 0.1850
Pedestrian -1 -1 -5.0450 596.6044 162.3714 611.0797 194.9032 1.9305 0.6143 0.8718 0.1423 0.7955 43.1400 -5.0467 0.1575
Pedestrian -1 -1 -3.5273 579.6307 160.4359 591.9558 184.8403 1.8214 0.5608 0.7711 -1.1605 0.2492 54.0237 -3.5534 0.1521
Pedestrian -1 -1 -7.4492 564.2921 160.4439 579.2325 191.4846 1.8682 0.6577 0.7787 -1.8015 0.6010 43.7145 -7.4950 0.1441
Pedestrian -1 -1 -5.0357 573.9513 159.6373 584.2333 183.1951 1.8766 0.5987 0.8013 -1.7746 0.1349 57.7014 -5.0711 0.1183
Pedestrian -1 -1 -4.8471 617.2122 161.6900 628.9069 193.9126 1.9345 0.5962 0.8441 1.3102 0.7453 43.5786 -4.8221 0.1008
Pedestrian -1 -1 -7.6734 558.5391 162.5519 569.5433 190.6730 1.8150 0.6074 0.6725 -2.4245 0.5921 46.7345 -7.7298 0.0951
Pedestrian -1 -1 -5.5219 815.0958 142.3920 869.5295 232.9000 1.8794 0.5819 0.9766 5.1418 1.0679 15.4840 -5.2115 0.0924
Car -1 -1 -7.8023 535.5199 153.2343 561.2911 178.7719 1.8854 1.7911 4.3511 -4.0536 -0.2200 55.7032 -7.8793 0.0865
Pedestrian -1 -1 -5.0255 679.1569 152.5293 710.1539 221.6736 1.8726 0.6120 0.8577 2.5461 1.0885 19.9339 -4.9053 0.0705
Cyclist -1 -1 -4.3575 216.7829 176.5094 284.3873 259.3569 1.4964 0.5879 1.7932 -6.7853 1.4069 13.8956 -4.8098 0.0700
Pedestrian -1 -1 -5.6112 345.3624 163.1754 407.1856 285.3830 1.6891 0.5597 0.6367 -3.2703 1.4365 10.3037 -5.9170 0.0698
Pedestrian -1 -1 -2.3534 590.9501 160.2658 602.5353 184.9089 1.8425 0.5188 0.7155 -0.3373 0.2548 54.1446 -2.3644 0.0643
Pedestrian -1 -1 -8.0084 508.1142 157.0535 520.2250 186.2150 1.8117 0.6623 0.6262 -5.4673 0.2930 45.0195 -8.1334 0.0600
Pedestrian -1 -1 -3.6821 0.0000 194.4841 59.7632 316.5139 1.3588 0.4293 0.5749 -6.8438 1.5178 8.4162 -4.3554 0.0587
Cyclist -1 -1 -7.4197 161.2619 164.1280 214.9745 232.6153 1.7295 0.5732 1.6955 -10.9396 1.2913 19.0097 -7.9412 0.0541
Pedestrian -1 -1 -3.5714 284.4295 143.9956 375.3037 293.7522 1.8344 0.5274 0.9733 -3.5656 1.3757 9.3305 -3.9329 0.0518
Pedestrian -1 -1 -8.0038 499.1989 163.9847 512.1159 196.5953 1.8221 0.6241 0.6874 -5.4125 0.8436 40.5555 -8.1405 0.0512
Pedestrian -1 -1 -4.4651 464.0344 161.7695 481.3361 200.5458 1.9046 0.6881 0.7427 -6.4003 0.9357 35.6768 -4.6463 0.0506
Pedestrian -1 -1 -8.7123 1082.0386 132.9898 1237.0000 373.0000 1.7140 0.6856 0.6647 3.8404 1.4067 4.9638 -8.0846 0.5323
Pedestrian -1 -1 -4.0815 164.7834 155.9281 230.5535 271.9988 1.8060 0.6412 0.6866 -6.5272 1.4088 11.5567 -4.5914 0.5204
Pedestrian -1 -1 -7.7501 450.4164 167.2266 471.2015 216.1423 1.6285 0.6350 0.5715 -4.7652 1.1537 24.2283 -7.9474 0.4375
Pedestrian -1 -1 -7.2956 530.4615 159.2167 551.2145 197.9881 1.7997 0.6363 0.8254 -2.8654 0.7656 33.8560 -7.3843 0.4295
Pedestrian -1 -1 -7.6298 463.3777 167.7080 480.4218 205.6674 1.6534 0.6140 0.6410 -5.7144 1.0529 31.6212 -7.8121 0.3699
Pedestrian -1 -1 -5.1387 111.7599 158.1045 171.4467 275.7673 1.7821 0.5592 0.6837 -7.2774 1.4284 11.3006 -5.7059 0.3423
Pedestrian -1 -1 -7.8375 543.7393 164.5401 556.4547 196.0721 1.7756 0.7135 0.6507 -2.9151 0.8207 40.7958 -7.9133 0.2858
Pedestrian -1 -1 -3.5755 704.2047 160.1819 711.7739 196.5983 1.7614 0.4031 0.2125 5.1751 0.7305 34.9682 -3.4346 0.2819
Pedestrian -1 -1 -7.7682 207.5435 157.8050 241.1871 245.1737 1.8248 0.5840 0.6916 -8.1316 1.3305 15.4352 -8.2514 0.2766
Cyclist -1 -1 -8.1484 705.8412 159.7938 725.6525 199.2761 1.6391 0.3785 1.5853 4.8471 0.7383 30.6340 -7.9977 0.2023
Pedestrian -1 -1 -3.0941 171.2364 176.1561 200.9035 249.5115 1.5119 0.5152 0.5185 -8.7949 1.4024 15.1534 -3.6178 0.2002
Pedestrian -1 -1 -5.6476 482.5783 171.0676 502.0723 203.1770 1.6086 0.7231 0.6839 -5.5457 1.0862 36.4666 -5.8024 0.1944
Cyclist -1 -1 -8.3289 754.8281 130.6101 906.8346 338.9323 1.8385 0.7416 1.6605 2.1778 1.3901 7.2263 -8.0519 0.1705
Cyclist -1 -1 -2.9365 142.4032 174.2203 249.5011 251.8918 1.5694 0.7225 1.8582 -8.5389 1.4229 15.1390 -3.4480 0.1654
Pedestrian -1 -1 -5.1549 706.0869 157.8133 725.8428 199.4109 1.7621 0.7010 0.4685 4.8845 0.7590 30.7542 -5.0037 0.1589
Pedestrian -1 -1 -4.8733 430.8954 157.5090 463.7895 235.8885 1.7730 0.5940 1.0105 -3.6556 1.2309 16.8285 -5.0893 0.1542
Pedestrian -1 -1 -7.7026 389.3282 171.5653 417.8962 224.1651 1.5164 0.7148 0.6969 -5.8334 1.2304 21.0971 -7.9743 0.1518
Cyclist -1 -1 -2.4022 325.3248 168.8576 391.8842 231.5205 1.6329 0.6712 1.6857 -6.5805 1.3039 19.3625 -2.7309 0.1418
Pedestrian -1 -1 -4.7563 765.0590 151.4973 831.0402 325.2623 1.6430 0.5865 0.8366 1.9143 1.3600 7.2602 -4.5131 0.1414
Pedestrian -1 -1 -3.4801 706.8228 160.6000 715.9614 197.1805 1.7684 0.4706 0.2978 5.3430 0.7583 34.9855 -3.3346 0.1285
Pedestrian -1 -1 -3.6960 403.2365 156.2949 451.9115 235.7506 1.7997 0.5880 0.9386 -4.1020 1.2293 16.8114 -3.9370 0.1246
Pedestrian -1 -1 -8.2663 1173.9235 169.5992 1221.1957 244.4494 1.3841 0.5894 0.3577 11.1800 1.1647 13.5328 -7.5904 0.1218
Pedestrian -1 -1 -7.2483 709.4147 156.8232 732.5588 198.6315 1.7433 0.6573 0.7541 5.0512 0.7146 30.4518 -7.0903 0.1118
Cyclist -1 -1 -7.8406 623.1218 163.8744 634.0087 211.4190 1.6267 0.3723 1.5045 0.9361 1.0241 25.3369 -7.8091 0.1015
Pedestrian -1 -1 -3.2113 475.9128 166.2899 485.0720 199.9496 1.7839 0.5846 0.4403 -6.4738 0.9780 38.4061 -3.3822 0.1015
Cyclist -1 -1 -7.9731 353.2263 167.4950 376.1891 230.3082 1.6365 0.3980 1.6065 -6.4787 1.2721 19.5265 -8.2946 0.0955
Cyclist -1 -1 -6.9718 159.7764 166.4092 255.2208 246.9909 1.6103 0.5872 1.8273 -8.3877 1.3093 15.3119 -7.4710 0.0954
Pedestrian -1 -1 -7.9631 414.0083 169.7517 436.9500 221.8022 1.5742 0.6178 0.6400 -5.4541 1.2194 22.1324 -8.2072 0.0942
Cyclist -1 -1 -4.0975 146.1262 169.9626 222.5679 250.8124 1.5917 0.4890 1.7012 -8.7123 1.3652 15.0114 -4.6211 0.0870
Pedestrian -1 -1 -6.2730 801.1269 159.6570 890.6716 327.5537 1.5744 0.5768 0.8094 2.3641 1.3703 7.1352 -5.9696 0.0863
Cyclist -1 -1 -7.9008 364.9802 166.0545 383.8085 229.4744 1.6579 0.4117 1.5167 -6.2242 1.2546 19.5604 -8.2102 0.0858
Car -1 -1 -8.0823 716.5775 162.0181 901.7933 323.3483 1.5385 1.3963 2.5034 2.1334 1.3534 8.1126 -7.8387 0.0831
Pedestrian -1 -1 -6.0270 699.2842 161.4865 708.6459 196.7972 1.7067 0.4555 0.3502 4.9853 0.7396 34.9977 -5.8915 0.0800
Pedestrian -1 -1 -8.4458 1159.3193 163.6027 1214.4680 241.6293 1.4658 0.6717 0.4666 11.1565 1.1302 13.7522 -7.7786 0.0797
Cyclist -1 -1 -7.8887 476.9305 167.1165 486.3395 199.5089 1.6994 0.4296 1.7174 -6.4434 0.9450 38.5695 -8.0581 0.0756
Cyclist -1 -1 -7.7779 629.2982 164.1728 642.9366 211.0022 1.6055 0.3775 1.5429 1.2093 1.0119 25.4163 -7.7360 0.0708
Cyclist -1 -1 -5.7282 1109.4543 148.2814 1209.6069 237.9750 1.6642 0.5561 1.4764 10.8859 1.0485 14.1173 -5.0854 0.0693
Pedestrian -1 -1 -8.1856 1019.8262 96.0129 1237.0000 373.0000 1.6960 0.5886 0.8524 2.1697 1.3945 3.0252 -7.6091 0.0685
Cyclist -1 -1 -2.7318 434.8449 168.2592 498.2726 226.3390 1.5803 0.6236 1.6240 -3.7874 1.2205 20.0266 -2.9216 0.0679
Cyclist -1 -1 -6.0209 473.5353 170.1017 511.6772 203.0643 1.6068 0.7852 1.7211 -5.3807 1.0514 35.5000 -6.1752 0.0679
Cyclist -1 -1 -8.0112 1149.3820 153.7957 1237.0000 338.2541 1.5845 0.4630 1.6018 5.7118 1.3472 6.9834 -7.3493 0.0648
Pedestrian -1 -1 -5.4857 494.6912 171.8408 511.3691 203.7981 1.5581 0.6370 0.5151 -4.8631 1.0874 35.4321 -5.6261 0.0645
Pedestrian -1 -1 -3.7336 704.1318 157.8515 716.1233 196.9339 1.8180 0.4853 0.3420 5.0862 0.7182 33.7073 -3.5899 0.0622
Pedestrian -1 -1 -7.3414 732.9386 155.3327 820.0113 317.1992 1.6182 0.6174 0.7594 1.8228 1.3573 7.6702 -7.1214 0.0594
Pedestrian -1 -1 -7.2910 906.6953 118.9559 1148.5023 373.0000 1.6508 0.6566 0.7574 1.8573 1.4096 3.2533 -6.8119 0.0593
Cyclist -1 -1 -4.4704 415.1050 158.1128 456.1257 237.3001 1.7634 0.5557 1.6862 -3.9015 1.2432 16.8430 -4.6999 0.0576
Cyclist -1 -1 -5.8283 434.9023 163.0090 489.1294 214.2302 1.6709 0.6186 1.6724 -4.6716 1.0681 23.9464 -6.0240 0.0564
Cyclist -1 -1 -7.9577 705.0777 160.9256 718.5887 196.2881 1.6094 0.4334 1.7317 5.1374 0.6733 33.5663 -7.8119 0.0523
Cyclist -1 -1 -3.3085 1102.0665 145.7292 1214.1844 241.9016 1.7638 0.6678 1.6103 10.6310 1.1084 13.8387 -2.6677 0.0519
Pedestrian -1 -1 -8.6388 695.4276 161.4874 710.8299 197.1401 1.7082 0.5589 0.4857 4.9122 0.7496 34.7803 -8.5044 0.0518
Cyclist -1 -1 -8.0415 537.4484 160.3543 555.9852 198.1113 1.7224 0.5545 1.6697 -2.5855 0.7580 33.6476 -8.1225 0.0515
Cyclist -1 -1 -8.0133 484.6733 167.7276 499.7933 201.1433 1.7070 0.5144 1.6712 -5.7262 1.0037 37.5701 -8.1685 0.0512
Cyclist -1 -1 -8.0889 502.3490 169.2110 517.2338 201.6882 1.6542 0.4131 1.5401 -4.7831 1.0285 37.3804 -8.2203 0.0512
Cyclist -1 -1 -8.1173 1177.1871 151.1367 1237.0000 240.4151 1.6358 0.4889 1.6394 11.7567 1.0801 14.0096 -7.4334 0.0504
Cyclist -1 -1 -7.4264 173.5783 168.8459 234.8647 253.3633 1.6298 0.4305 1.7040 -8.1419 1.3863 14.7176 -7.9295 0.0501
Car -1 -1 -4.6325 495.7663 173.6002 586.7332 247.5141 1.4134 1.6705 4.0708 -1.2316 1.2629 15.7732 -4.7145 0.9345
Car -1 -1 -7.8690 1213.1287 142.0899 1237.0000 335.4767 1.4806 1.6987 4.0617 7.6269 1.1796 7.5629 -7.1019 0.2985
Car -1 -1 -7.5549 626.6544 166.8402 697.8139 209.7182 1.4430 1.5924 3.6579 2.2605 0.9500 26.1676 -7.4746 0.2193
Car -1 -1 -7.4894 599.0170 165.8186 637.8803 187.4244 1.4885 1.5675 3.7523 1.2724 0.4081 51.5208 -7.4697 0.1668
Car -1 -1 -6.4240 976.2969 159.1681 1237.0000 238.3830 1.4548 1.6012 4.1919 10.0896 1.0453 14.8155 -5.8395 0.1594
Car -1 -1 -7.6395 537.3149 164.7389 585.1204 196.8516 1.5040 1.6035 3.8492 -1.9479 0.7192 35.6686 -7.6986 0.1155
Car -1 -1 -4.5357 254.9716 177.6484 340.5589 237.2677 1.4082 1.4780 3.4357 -7.8749 1.3178 18.8053 -4.9325 0.1131
Car -1 -1 -4.9161 500.0285 170.1574 544.1961 199.8543 1.5024 1.6047 3.7058 -4.2877 0.9288 38.3537 -5.0316 0.1093
Car -1 -1 -4.6282 361.9274 171.6145 420.5457 220.9334 1.4202 1.4781 3.5912 -6.5622 1.1360 22.5922 -4.9129 0.1018
Car -1 -1 -7.8515 749.3521 160.7669 903.9466 324.0425 1.5375 1.4296 3.0271 2.5283 1.3430 8.4167 -7.5738 0.1007
Car -1 -1 -3.2218 426.0688 172.3726 505.9166 202.0294 1.4639 1.6016 3.8924 -6.9519 1.0136 36.7514 -3.4125 0.0948
Car -1 -1 -7.8952 534.2844 166.7056 564.3387 193.4880 1.5078 1.5925 3.7049 -3.1115 0.6750 42.3737 -7.9730 0.0900
Car -1 -1 -7.4688 840.1030 96.3197 1237.0000 373.0000 1.6264 1.5662 3.2645 2.9594 1.3477 3.9008 -6.8571 0.0875
Car -1 -1 -4.0015 138.7402 178.3520 295.5174 236.5941 1.4214 1.5721 3.9519 -10.3462 1.3451 19.6333 -4.4862 0.0741
Car -1 -1 -8.0125 710.3109 158.9014 760.7379 196.5932 1.5757 1.6246 3.5313 5.8596 0.6313 31.8088 -7.8367 0.0673
Car -1 -1 -9.1472 442.9823 0.0000 1237.0000 373.0000 1.5883 1.6405 3.9318 0.4953 1.6300 -0.3264 -7.4498 0.0647
Car -1 -1 -2.4315 0.0000 172.8600 212.2851 250.8047 1.4725 1.6426 3.9367 -10.3161 1.3099 14.5797 -3.0440 0.0594
Car -1 -1 -4.5956 983.4564 175.8183 1212.1213 373.0000 1.4261 1.4893 3.0921 4.7831 1.3858 6.8424 -4.0088 0.0551
Car -1 -1 -7.5885 1216.8203 46.6335 1237.0000 373.0000 1.5845 1.6402 4.2647 4.5268 1.3747 2.5199 -6.5746 0.0523
