Car -1 -1 -4.2586 210.1568 171.5917 259.7485 198.9987 1.9986 1.7396 4.0256 -28.3647 1.9062 54.6486 -4.7356 0.1587
Pedestrian -1 -1 -5.0809 731.3240 201.0715 756.1382 260.4607 1.0936 0.3367 0.4113 2.4905 1.6399 13.7431 -4.9064 0.1453
Car -1 -1 -7.1860 22.8522 166.3987 114.5208 201.1844 1.8692 1.8225 4.4030 -30.6576 1.5221 40.9993 -7.8250 0.1408
Car -1 -1 -4.4492 414.5155 173.8376 442.2796 189.5074 1.4606 1.5998 4.0336 -17.4833 1.5578 69.5389 -4.6949 0.1066
Car -1 -1 -7.4430 420.5205 175.4406 473.5785 202.3760 1.5158 1.6646 3.9086 -9.7002 1.6774 43.0800 -7.6635 0.0859
Car -1 -1 -4.1984 0.0000 180.0769 75.7345 220.9218 1.5199 1.6843 3.6315 -23.8227 1.8338 29.4597 -4.8741 0.0700
Pedestrian -1 -1 -5.5346 1205.4415 164.6565 1241.0000 251.5131 1.7495 0.5374 0.5489 12.6908 1.5841 14.8392 -4.8374 0.0635
Pedestrian -1 -1 -8.3183 836.9946 165.4816 853.9091 202.1828 1.8290 0.5600 0.6864 11.8150 1.4613 36.3400 -8.0068 0.0629
Car -1 -1 -4.9922 666.9201 173.1324 700.1394 193.4400 1.6204 1.6221 4.2489 6.0307 1.6440 59.8689 -4.8926 0.0593
Car -1 -1 -7.9232 482.8543 172.2962 505.9201 191.4361 1.5362 1.6146 4.0670 -9.6801 1.4911 60.0750 -8.0826 0.0553
Cyclist -1 -1 -3.6525 819.3555 164.0137 856.9707 200.3930 1.8393 0.6548 1.7413 11.6508 1.3921 36.9809 -3.3500 0.0506
Pedestrian -1 -1 -5.9187 725.4955 170.9947 736.6544 194.7347 1.8493 0.5216 0.7256 9.4726 1.7041 56.6135 -5.7541 0.0502
Cyclist -1 -1 -8.0677 516.7781 172.4482 524.8599 189.5114 1.5943 0.4450 1.5197 -8.4545 1.5561 68.2078 -8.1909 0.0982
Car -1 -1 -7.8384 570.9883 172.3861 617.3984 217.2665 1.5720 1.6258 4.3786 -0.6162 1.5553 27.4684 -7.8612 0.8945
Car -1 -1 -4.3429 210.4923 164.0974 257.7585 196.0468 2.3022 1.8233 3.9764 -28.1272 1.6709 54.0681 -4.8208 0.6066
Car -1 -1 -7.4223 270.9382 172.4397 320.1225 195.7842 1.6095 1.6800 4.0788 -22.5394 1.5806 51.8037 -7.8310 0.5188
Car -1 -1 -4.6438 511.9937 173.5455 531.6791 189.5473 1.5043 1.6304 3.9586 -8.5482 1.5731 70.0262 -4.7651 0.1220
Car -1 -1 -4.6252 136.3414 174.6292 163.3330 193.4008 1.5573 1.6186 4.0321 -39.7986 1.7159 62.4301 -5.1909 0.1185
Car -1 -1 -8.0201 246.8640 161.8824 285.2407 193.6586 2.2541 1.8607 4.4581 -25.5876 1.4755 53.5439 -8.4642 0.0968
Car -1 -1 -5.0363 779.5197 176.6385 836.2017 204.8338 1.4340 1.6952 4.2823 10.7048 1.6523 39.4745 -4.7738 0.0786
Car -1 -1 -4.9031 95.6043 173.6812 132.0839 194.1709 1.6018 1.6709 4.2617 -40.3906 1.6711 58.6668 -5.5041 0.0738
Car -1 -1 -6.9051 724.6248 175.6972 815.2231 205.8207 1.4497 1.6534 4.3471 8.0895 1.6002 36.6489 -6.6900 0.0726
Car -1 -1 -4.5154 470.1645 173.5966 495.3489 189.3165 1.4782 1.6248 4.1825 -12.3558 1.5523 70.1597 -4.6894 0.0616
Car -1 -1 -7.8872 493.1533 171.2279 512.0543 188.8073 1.6467 1.6656 4.2304 -10.4370 1.4941 69.8198 -8.0353 0.0554
