Pedestrian -1 -1 -3.0964 161.1135 172.1573 195.3559 287.8597 1.7128 0.6328 0.4182 -6.6639 1.7022 11.0586 -3.6285 0.3372
Pedestrian -1 -1 -5.5165 336.4267 172.3755 348.7091 195.3607 1.7908 0.5525 0.7228 -21.0097 1.7532 56.6126 -5.8706 0.1280
Pedestrian -1 -1 -8.5873 1206.6841 168.4263 1241.0000 228.5497 1.8271 0.6090 0.5722 18.8721 1.6923 22.2242 -7.8903 0.0897
Pedestrian -1 -1 -8.2514 1160.0457 174.3903 1188.0358 224.6507 1.6812 0.5826 0.5398 19.0913 1.7337 24.4908 -7.5955 0.0775
Pedestrian -1 -1 -4.9783 606.7789 170.4355 617.0605 197.5463 1.8270 0.5741 0.5446 0.0967 1.6638 48.9635 -4.9768 0.0660
Car -1 -1 -3.9505 742.2500 177.6712 786.3830 197.0717 1.6294 1.6196 3.7825 13.5047 2.0626 63.1969 -3.7413 0.0646
Car -1 -1 -7.4632 494.3784 174.4735 536.5263 195.9886 1.5119 1.6388 4.1164 -6.9533 1.6360 53.2339 -7.5928 0.0635
Car -1 -1 -7.8450 520.8860 173.1202 539.4537 191.2968 1.5917 1.6199 3.9366 -7.2274 1.6162 65.2834 -7.9551 0.0608
Pedestrian -1 -1 -6.1307 38.6205 180.2558 60.8546 218.9573 1.7450 0.6136 0.7208 -25.7723 2.0893 33.1458 -6.7879 0.0602
Pedestrian -1 -1 -8.9328 958.6804 183.8151 978.8401 220.9147 1.7204 0.6054 0.6463 16.9410 2.2456 34.1571 -8.4765 0.0600
Pedestrian -1 -1 -8.5096 785.5745 177.3693 795.9641 196.8918 1.7746 0.7150 0.5865 16.5598 2.1910 66.1887 -8.2659 0.0572
Car -1 -1 -4.5740 0.0000 183.3047 46.3565 220.7450 1.5071 1.6067 3.7346 -26.4702 2.0021 32.1819 -5.2584 0.0549
Cyclist -1 -1 -4.8955 801.2402 178.2634 813.5948 204.0536 1.7403 0.5086 1.7547 13.6299 2.1213 49.9593 -4.6312 0.0544
Car -1 -1 -7.1018 0.0000 196.6952 34.9998 250.1824 1.4742 1.6716 3.9555 -21.3474 2.3218 23.6646 -7.8303 0.0540
Pedestrian -1 -1 -2.6321 591.6724 167.8039 606.4221 196.4054 1.9224 0.6019 0.8102 -0.7746 1.5827 48.9538 -2.6483 0.0514
Cyclist -1 -1 -4.6826 258.8895 177.6131 264.7897 198.2261 1.5914 0.3726 1.5106 -27.4435 1.9709 56.8243 -5.1309 0.3625
Pedestrian -1 -1 -7.8288 429.0478 172.1584 448.9805 219.2481 1.8315 0.7507 0.5173 -6.7687 1.8041 28.3933 -8.0612 0.2033
Pedestrian -1 -1 -5.0872 1022.7430 173.7760 1043.6279 217.8013 1.8785 0.6273 0.5219 18.1953 1.9183 31.1044 -4.5625 0.0977
Cyclist -1 -1 -6.3802 1003.3973 174.8370 1051.9469 218.5112 1.8445 0.6228 1.7599 17.9813 1.9316 31.1750 -5.8617 0.0853
Pedestrian -1 -1 -4.8220 995.5020 176.6388 1014.0675 218.0698 1.7843 0.6395 0.6713 17.2326 1.9519 31.5842 -4.3271 0.0792
Cyclist -1 -1 -2.4158 135.9322 173.2002 175.1328 209.9884 1.8300 0.6384 1.6701 -22.9326 1.8473 36.3532 -2.9755 0.0781
Pedestrian -1 -1 -8.2526 695.4778 171.4642 707.9863 200.6991 1.8658 0.6143 0.5958 5.8659 1.7768 46.4193 -8.1282 0.0735
Cyclist -1 -1 -7.8434 840.7262 178.8895 847.9825 205.3961 1.6199 0.4220 1.5555 14.6709 2.0049 45.2652 -7.5324 0.0735
Pedestrian -1 -1 -8.3834 427.9590 172.9777 451.3188 218.5848 1.7919 0.6936 0.6124 -6.8472 1.7966 28.8125 -8.6152 0.0660
Pedestrian -1 -1 -5.1520 264.3566 172.6038 281.5259 202.8621 1.7458 0.6195 0.8185 -19.7173 1.7311 42.1301 -5.5875 0.0633
Pedestrian -1 -1 -5.9166 425.5452 175.4053 435.6328 194.9632 1.6613 0.5996 0.6669 -15.3686 1.8804 61.7166 -6.1599 0.0590
Pedestrian -1 -1 -8.8619 1031.7638 177.1376 1054.3425 218.8658 1.7569 0.6397 0.5771 18.4797 1.9423 30.8653 -8.3272 0.0582
Cyclist -1 -1 -7.4391 159.9161 175.7953 183.5741 208.6925 1.6984 0.4551 1.6190 -23.2475 1.8574 38.2330 -7.9825 0.0523
Car -1 -1 -7.7003 506.4986 177.5694 553.2485 212.2052 1.4553 1.5734 3.5660 -3.6089 1.6801 32.6277 -7.8101 0.9814
Car -1 -1 -7.8533 568.0497 178.9817 619.1467 226.3993 1.4463 1.5900 3.3014 -0.5989 1.6649 24.1086 -7.8786 0.9382
Car -1 -1 -4.3637 253.7586 183.0956 331.2621 220.9736 1.3653 1.5816 4.0001 -12.7643 1.8079 29.1574 -4.7733 0.9287
Car -1 -1 -4.5982 421.0883 174.4796 444.6187 191.8218 1.4658 1.5719 3.9111 -15.5573 1.6129 63.4065 -4.8381 0.2933
Car -1 -1 -3.0370 805.6106 179.8937 887.2549 209.3089 1.5146 1.6957 4.1001 12.9108 1.9156 39.5265 -2.7240 0.1858
Car -1 -1 -7.9465 690.5510 175.1857 720.1719 199.3357 1.5360 1.5915 3.9852 6.3096 1.6983 48.3012 -7.8178 0.0933
Car -1 -1 -7.3596 501.1006 174.7650 551.1238 199.0823 1.5280 1.5951 3.9814 -5.5389 1.6601 47.8208 -7.4747 0.0921
Car -1 -1 -7.8921 265.0118 175.8743 297.3663 203.1528 1.5622 1.6440 3.9778 -20.0916 1.7548 43.9419 -8.3189 0.0900
Car -1 -1 -5.9927 840.5693 177.9288 919.4849 205.6801 1.5021 1.5668 3.9739 15.4786 1.8068 41.5416 -5.6388 0.0741
Car -1 -1 -4.4959 446.0942 175.2640 474.2240 192.0632 1.4357 1.6061 4.1275 -13.3431 1.6572 64.3346 -4.6998 0.0693
Car -1 -1 -3.9993 203.0440 180.6016 268.8426 206.0546 1.4534 1.5512 3.6940 -22.9703 1.9509 44.3828 -4.4747 0.0686
Car -1 -1 -4.2315 132.6170 178.5729 201.2265 208.6517 1.5211 1.6391 3.6924 -23.9619 1.8458 39.1056 -4.7784 0.0601
