Pedestrian -1 -1 -4.6376 670.9251 179.1758 690.2968 225.9064 1.6537 0.6403 0.8406 2.5157 1.8865 26.1293 -4.5435 0.3662
Car -1 -1 -7.2397 0.0000 199.5315 72.1006 252.6839 1.4485 1.7962 4.2472 -20.3298 2.4184 24.0515 -7.9361 0.1115
Car -1 -1 -7.7378 0.0000 179.9285 49.4514 214.4362 1.5895 1.6737 4.0085 -29.5053 1.9657 36.2552 -8.4174 0.0960
Pedestrian -1 -1 -7.5062 803.2128 167.4126 824.4878 216.4965 1.9413 0.6633 0.5867 8.1405 1.7258 28.9688 -7.2355 0.0793
Pedestrian -1 -1 -5.3256 849.1547 178.4671 883.1932 245.9632 1.6437 0.5262 0.6402 6.3395 1.7866 18.0155 -4.9932 0.0793
Car -1 -1 -4.8238 655.0485 181.1308 700.8513 217.0311 1.4957 1.6227 4.1248 3.0104 1.8990 33.1006 -4.7346 0.0783
Car -1 -1 -4.9077 535.9929 179.7121 561.3423 197.1315 1.5968 1.6938 4.0468 -6.0028 2.2829 70.0380 -4.9933 0.0769
Car -1 -1 -7.1715 0.0000 196.6238 83.7919 241.8405 1.5429 1.7829 4.4439 -23.8400 2.5772 29.1822 -7.8521 0.0745
Pedestrian -1 -1 -7.9405 184.1464 184.3562 200.5364 215.3183 1.7768 0.7676 0.8028 -24.5589 2.4605 42.3625 -8.4634 0.0692
Car -1 -1 -4.4548 398.3240 184.4907 427.5542 202.3624 1.6249 1.7771 4.0292 -19.1664 2.7903 70.2572 -4.7205 0.0678
Car -1 -1 -4.5242 339.0401 186.5668 380.7724 213.9987 1.5366 1.6741 4.2993 -15.5362 2.4325 44.9102 -4.8558 0.0644
Pedestrian -1 -1 -8.4807 961.6139 172.8955 991.6605 229.0019 1.7722 0.6202 0.6063 11.7054 1.7732 23.1407 -8.0182 0.0643
Pedestrian -1 -1 -2.9523 988.1910 169.0169 1015.4832 228.1007 1.8376 0.5745 0.6675 12.3743 1.7180 22.8746 -2.4624 0.0603
Pedestrian -1 -1 -5.4965 811.0968 171.8637 842.7997 229.6194 1.8400 0.6230 0.7728 7.0064 1.8081 23.4751 -5.2106 0.0597
Pedestrian -1 -1 -7.5470 13.4712 188.7959 36.0595 229.6807 1.7883 0.6333 0.5950 -26.2000 2.5093 32.2573 -8.2253 0.0585
Car -1 -1 -4.1984 65.6878 189.3912 153.4789 224.7865 1.4964 1.6664 4.0506 -23.8746 2.3359 34.5483 -4.7997 0.0556
Car -1 -1 -4.6003 88.8299 188.7853 132.2228 218.6606 1.5159 1.6059 3.6535 -28.1678 2.4587 40.7237 -5.2025 0.0519
Pedestrian -1 -1 -5.2745 984.5929 174.9208 1022.1412 237.6245 1.6342 0.5126 0.8296 10.4428 1.6904 19.2661 -4.7848 0.0503
Car -1 -1 -4.5490 230.5320 185.8415 283.3351 221.3176 1.5347 1.6411 4.1428 -17.1141 2.2054 35.0575 -5.0005 0.0501
Cyclist -1 -1 -8.0357 733.2136 174.4241 747.9628 206.3112 1.7536 0.5108 1.7104 7.3060 1.8436 40.6224 -7.8595 0.2568
Cyclist -1 -1 -8.7383 1086.6337 176.3232 1189.0776 265.2449 1.6000 0.4464 1.6811 10.0766 1.6708 13.9203 -8.1224 0.2396
Cyclist -1 -1 -7.8840 1195.8981 161.2566 1241.0000 280.7552 1.7347 0.4649 1.7682 9.4673 1.5660 11.3175 -7.2007 0.1777
Pedestrian -1 -1 -4.7977 1184.6001 142.2967 1241.0000 297.1287 1.9200 0.6415 0.5535 7.8307 1.5407 9.3563 -4.1168 0.1318
Pedestrian -1 -1 -4.6569 1112.2073 176.8295 1148.6024 262.3459 1.5906 0.5419 0.6150 9.9505 1.6690 13.8681 -4.0452 0.1175
Cyclist -1 -1 -8.7156 1085.4390 172.0414 1193.4004 264.5215 1.6308 0.4983 1.7207 9.8810 1.6162 13.6190 -8.0988 0.0976
Cyclist -1 -1 -3.5026 1080.0396 176.3527 1198.0742 263.5152 1.6119 0.6058 1.7313 10.0940 1.6814 13.8968 -2.8851 0.0914
Pedestrian -1 -1 -8.2718 1057.4473 147.2513 1121.9478 272.9463 1.9468 0.6527 0.6329 7.5991 1.5499 11.5375 -7.7017 0.0710
Cyclist -1 -1 -2.6076 0.0000 180.9077 45.9781 218.3124 1.7799 0.7763 1.6849 -28.6201 2.1766 35.0604 -3.2886 0.0684
Pedestrian -1 -1 -3.9125 1051.1473 167.2842 1106.4203 271.4218 1.7279 0.4793 0.6355 7.9124 1.6352 12.2725 -3.3514 0.0608
Pedestrian -1 -1 -9.0735 1135.6904 170.7108 1198.3690 264.7600 1.7089 0.5764 0.7885 10.4364 1.6697 13.5982 -8.4299 0.0588
Pedestrian -1 -1 -5.5222 1191.5391 152.1545 1241.0000 273.5816 1.7922 0.6156 0.7410 9.4697 1.4864 11.0530 -4.8274 0.0581
Cyclist -1 -1 -7.6858 75.7218 191.4324 90.1052 223.9093 1.6130 0.3433 1.5654 -27.4279 2.5984 37.5033 -8.3141 0.0533
Cyclist -1 -1 -5.2044 1129.9301 147.6871 1241.0000 278.2448 1.9459 0.6358 1.7536 9.1881 1.5705 11.6708 -4.5503 0.0520
Car -1 -1 -4.3100 236.0243 186.1267 326.7816 230.2482 1.6109 1.8071 4.4652 -13.5405 2.2028 29.9467 -4.7317 0.9504
Car -1 -1 -4.6911 732.3049 177.4182 758.7704 204.3185 1.5753 1.5459 3.1193 8.3509 1.8672 44.5086 -4.5073 0.2110
Car -1 -1 -7.6358 2.2793 183.8803 66.3209 219.8509 1.6367 1.6466 4.1898 -29.0234 2.2277 36.4505 -8.3048 0.2045
Car -1 -1 -6.9282 70.1214 191.6364 166.7187 223.2905 1.4815 1.6600 4.0900 -26.2176 2.5430 38.5887 -7.5220 0.1889
Car -1 -1 -7.1844 3.4171 191.3422 123.2626 233.1591 1.5877 1.7905 4.4669 -23.8372 2.4561 31.6482 -7.8261 0.0964
Car -1 -1 -4.5780 85.9766 190.9265 131.7209 221.2412 1.5231 1.6118 3.8762 -28.3378 2.5982 40.8416 -5.1817 0.0545
