Pedestrian -1 -1 -4.9924 771.8355 168.2271 793.7656 221.9709 1.9717 0.6724 0.5155 6.3556 1.8016 26.7449 -4.7623 0.1791
Pedestrian -1 -1 -5.2650 241.2802 173.2882 290.2765 278.3289 1.9157 0.6364 0.5551 -6.5287 1.9238 13.5804 -5.7061 0.1148
Car -1 -1 -8.2206 725.4254 171.5235 949.8577 314.2574 1.7373 1.7078 4.2820 3.0964 1.7208 10.9981 -7.9544 0.1106
Cyclist -1 -1 -7.8788 674.8843 178.7717 688.6589 223.9564 1.7387 0.4994 1.6820 2.8166 1.9820 28.8459 -7.7832 0.1104
Cyclist -1 -1 -2.5409 139.1447 175.0119 275.5277 291.8253 1.7717 0.6025 1.8632 -6.3695 1.8066 11.3498 -3.0428 0.0936
Car -1 -1 -4.5151 457.0434 173.6030 483.0725 192.5796 1.7663 1.6942 4.0549 -13.4341 1.8401 69.3519 -4.7060 0.0914
Car -1 -1 -4.5139 474.9458 184.3300 510.0998 207.9291 1.6356 1.7780 4.4368 -8.8406 2.5371 54.4475 -4.6746 0.0880
Pedestrian -1 -1 -6.6080 661.2157 176.4534 673.1849 199.9148 1.9406 0.5623 0.8601 4.7437 2.2424 60.1767 -6.5302 0.0732
Pedestrian -1 -1 -3.5678 997.8297 167.1056 1041.9169 251.6398 1.8149 0.5350 0.6752 8.9050 1.6912 15.7845 -3.0628 0.0722
Cyclist -1 -1 -7.7234 934.5628 178.9031 967.7249 261.4119 1.6521 0.4561 1.5423 7.2099 1.7869 15.3352 -7.2921 0.0680
Pedestrian -1 -1 -2.8688 412.0396 176.4734 431.1758 227.7649 1.9647 0.5496 0.5914 -7.3413 2.1061 27.9579 -3.1238 0.0672
Pedestrian -1 -1 -2.3176 360.5912 179.7996 395.0355 253.7319 1.8043 0.6407 0.5183 -5.8693 1.9821 18.0917 -2.6277 0.0658
Car -1 -1 -5.0146 608.3035 181.6836 644.5786 205.2909 1.6389 1.6090 3.8876 1.1540 2.3219 53.7463 -4.9937 0.0653
Pedestrian -1 -1 -9.0015 982.8936 170.6888 1014.1857 241.8015 1.7692 0.6383 0.4845 9.8240 1.7150 18.3381 -8.5171 0.0646
Pedestrian -1 -1 -3.7219 1178.4103 158.6315 1241.0000 280.8013 1.7518 0.5758 0.7541 8.9529 1.5476 10.6716 -3.0379 0.0552
Car -1 -1 -6.1642 458.0629 188.3351 524.1003 211.2768 1.4828 1.7356 4.2394 -8.0461 2.5521 48.8901 -6.3270 0.0530
Pedestrian -1 -1 -7.2073 754.1470 154.7969 804.4199 257.1786 1.9493 0.6187 0.7862 3.2851 1.6052 14.2275 -6.9859 0.0520
Car -1 -1 -7.4717 238.2200 0.0000 1230.5210 374.0000 1.5615 1.6467 3.8333 -0.4449 1.7126 0.6892 -7.9116 0.0509
Cyclist -1 -1 -8.2386 908.6663 167.9499 973.6637 261.6013 1.7111 0.4983 1.7840 6.3694 1.6212 14.0824 -7.8225 0.1060
Pedestrian -1 -1 -2.8996 979.3753 163.5208 1030.2546 264.7445 1.7906 0.5629 0.7079 7.1728 1.6252 13.2090 -2.4122 0.0664
Pedestrian -1 -1 -5.6481 993.7114 163.8033 1045.0703 260.2823 1.7988 0.5850 0.6365 7.8069 1.6298 13.8644 -5.1451 0.0656
Pedestrian -1 -1 -7.3260 1011.5161 158.3758 1076.2446 282.4739 1.8100 0.6163 0.6209 6.5210 1.5985 10.9450 -6.8012 0.0653
Pedestrian -1 -1 -8.1437 905.6735 175.6126 975.6081 322.9150 1.6923 0.5681 0.7377 3.9124 1.7268 8.7042 -7.7351 0.0605
Cyclist -1 -1 -8.0964 956.1498 168.1308 1012.8780 266.2491 1.7079 0.5004 1.7935 6.9110 1.6253 13.4889 -7.6325 0.0538
Pedestrian -1 -1 -6.8961 998.3837 171.6338 1054.0967 272.0521 1.6625 0.5771 0.5943 7.0100 1.6420 12.2635 -6.3879 0.0509
Car -1 -1 -8.2152 733.3262 158.1866 972.4497 318.9175 1.8652 1.7297 4.4601 3.1777 1.6947 10.6652 -7.9343 0.9340
Car -1 -1 -4.4944 364.6599 194.1431 475.7122 267.8717 1.3744 1.6011 4.1758 -4.3040 1.9315 16.7808 -4.7425 0.9259
Car -1 -1 -4.4166 229.4017 188.1204 426.3467 337.5095 1.5871 1.5335 3.1573 -3.5946 1.8244 9.6139 -4.7663 0.8931
Car -1 -1 -4.1106 0.0000 188.9147 321.5772 374.0000 1.6090 1.5769 3.6180 -3.5195 1.7574 4.8733 -4.7112 0.8909
Car -1 -1 -8.4808 890.0786 185.4903 1241.0000 374.0000 1.5418 1.6770 4.0587 3.3179 1.6549 4.4344 -7.8709 0.8669
Car -1 -1 -4.5365 478.1884 183.2149 525.0090 220.2609 1.7261 1.6725 4.0899 -5.5091 2.2845 36.8420 -4.6845 0.7956
Car -1 -1 -7.8376 609.1415 181.0947 629.4759 200.5713 1.5826 1.7006 4.4153 0.8165 2.3245 62.7502 -7.8251 0.4810
Car -1 -1 -4.5487 528.9824 185.0238 556.0704 205.3475 1.4606 1.4940 3.8574 -5.2480 2.4415 56.1979 -4.6419 0.4529
Car -1 -1 -7.7022 459.3017 182.7522 495.2068 208.1618 1.6160 1.7721 4.5970 -9.1768 2.3338 50.0230 -7.8832 0.1696
Car -1 -1 -4.7288 506.3042 185.3284 534.8519 214.0515 1.5981 1.6563 4.2057 -5.5565 2.4009 44.2542 -4.8535 0.1650
Car -1 -1 -4.8818 574.4030 182.8907 608.5744 205.8211 1.5321 1.7733 4.3185 -1.4232 2.2940 52.5057 -4.9093 0.0762
Car -1 -1 -4.5024 474.4043 182.5182 509.5553 206.2573 1.6577 1.7491 4.3377 -8.8741 2.4155 54.3926 -4.6638 0.0727
Car -1 -1 -4.3388 573.3969 183.1129 610.5659 202.9552 1.4595 1.6657 3.8469 -1.4195 2.3040 57.3283 -4.3640 0.0713
Car -1 -1 -4.2685 499.2658 185.1956 546.0828 208.0797 1.4972 1.7234 4.1572 -6.2535 2.4225 51.8727 -4.3884 0.0590
Car -1 -1 -4.6183 534.2691 186.9742 562.6605 208.9023 1.4132 1.6439 3.8553 -4.3365 2.4473 50.9267 -4.7033 0.0513
