Pedestrian -1 -1 -3.1398 988.3815 183.4686 998.5316 218.7181 1.8223 0.6040 0.4674 20.1028 2.3851 37.9038 -2.6560 0.1263
Cyclist -1 -1 -7.9596 834.2190 190.5496 842.6821 215.9430 1.5686 0.3578 1.4949 14.6560 2.7254 46.4105 -7.6562 0.0878
Car -1 -1 -4.9975 686.0665 178.1723 720.8950 199.1611 1.6762 1.7428 4.4166 7.8439 2.1434 61.1157 -4.8709 0.0725
Car -1 -1 -5.5229 140.5655 177.0736 221.6930 205.2158 1.5562 1.6805 3.9480 -24.7068 1.8062 41.5406 -6.0568 0.0713
Pedestrian -1 -1 -5.6788 0.0000 172.3757 18.2614 203.8530 1.6970 0.6389 0.6687 -32.8146 1.6709 39.2468 -6.3720 0.0685
Car -1 -1 -4.6789 570.2104 179.8304 601.4138 208.8519 1.6092 1.7266 4.3556 -1.4380 2.0480 43.2337 -4.7125 0.0657
Pedestrian -1 -1 -6.7061 884.6181 177.7822 897.2885 199.4778 1.7189 0.5927 0.7663 22.4092 2.1143 57.6262 -6.3374 0.0629
Pedestrian -1 -1 -5.5013 1175.1173 206.7534 1241.0000 374.0000 1.4046 0.4592 0.4707 3.6944 1.6166 4.2598 -4.8215 0.0624
Pedestrian -1 -1 -4.3589 938.6343 173.9867 952.2886 204.1003 1.9908 0.6548 0.6173 22.3692 2.0668 48.1841 -3.9271 0.0603
Car -1 -1 -4.4991 40.0920 174.2915 84.8722 197.1488 1.5272 1.6494 4.1955 -38.4658 1.6325 50.7425 -5.1453 0.0561
Car -1 -1 -4.5232 140.4093 184.7664 205.5203 223.2576 1.3975 1.5836 3.7553 -17.8153 1.9177 29.4915 -5.0628 0.0559
Car -1 -1 -4.6462 664.0383 181.9749 684.2405 199.1993 1.4847 1.5987 4.0209 5.9194 2.3522 66.5386 -4.5584 0.0548
Car -1 -1 -4.6814 639.1295 179.3906 663.7285 203.0577 1.6398 1.6920 4.2564 3.0713 2.1431 53.3979 -4.6248 0.0537
Cyclist -1 -1 -7.6669 617.7296 181.4495 625.7540 202.7843 1.5471 0.3358 1.4471 0.8476 2.1949 53.6639 -7.6517 0.0519
Pedestrian -1 -1 -2.9193 867.5601 174.2483 903.2082 252.3208 1.6659 0.4856 0.6408 5.9737 1.6968 15.7876 -2.5645 0.0515
Car -1 -1 -4.1769 161.9989 185.3173 259.9357 225.7006 1.4111 1.6314 3.8257 -15.5963 1.9340 28.3513 -4.6762 0.0508
Cyclist -1 -1 -8.2780 850.2745 182.9233 878.4631 224.0513 1.6871 0.4575 1.7344 10.8391 2.1306 30.9155 -7.9445 0.7955
Pedestrian -1 -1 -7.0532 920.2817 185.0458 946.3893 225.9743 1.6916 0.6610 0.7633 13.6335 2.2146 30.5280 -6.6375 0.4015
Cyclist -1 -1 -8.0937 1028.2793 179.6198 1062.5067 233.2835 1.6882 0.5536 1.7568 14.3231 1.9201 23.8514 -7.5589 0.1779
Pedestrian -1 -1 -8.0377 1032.0750 191.9033 1055.3892 239.5395 1.7464 0.6557 0.5657 16.2587 2.4724 27.1332 -7.5034 0.1707
Cyclist -1 -1 -7.1484 0.0000 198.4531 101.3977 368.1823 1.5603 0.5018 1.6091 -6.3174 1.8617 7.6908 -7.8194 0.1494
Cyclist -1 -1 -7.5176 604.2905 179.6524 623.6049 214.6639 1.6878 0.4594 1.6100 0.1656 2.0340 35.9421 -7.5137 0.1284
Pedestrian -1 -1 -5.1061 602.7004 181.4430 614.8672 214.4702 1.5999 0.4750 0.4105 -0.1010 2.0241 35.3793 -5.1096 0.1255
Cyclist -1 -1 -8.0247 601.5504 179.9507 616.3417 214.2980 1.6517 0.4593 1.6441 -0.1006 2.0129 35.8988 -8.0281 0.1208
Cyclist -1 -1 -4.9078 1034.6212 192.7860 1059.5175 239.0991 1.6590 0.5155 1.4934 16.4880 2.4352 27.3169 -4.3703 0.1158
Cyclist -1 -1 -8.4607 588.9167 179.1558 616.1206 213.9829 1.6798 0.4918 1.6613 -0.4227 2.0003 35.9165 -8.4730 0.1100
Pedestrian -1 -1 -7.3899 604.8960 177.9293 621.7596 213.8320 1.7311 0.5711 0.7073 0.1247 1.9826 35.3591 -7.3870 0.1001
Cyclist -1 -1 -7.8068 655.4865 175.4896 667.9094 218.4712 1.7539 0.4510 1.6173 2.1394 1.8676 30.3746 -7.7379 0.0923
Pedestrian -1 -1 -6.5357 834.2015 173.8540 846.9150 199.4111 2.0495 0.6440 0.8418 18.5780 2.1304 58.2330 -6.2288 0.0854
Cyclist -1 -1 -6.6171 1013.1102 190.6655 1065.5116 237.6553 1.7322 0.6052 1.5988 16.2367 2.4192 27.3929 -6.0876 0.0827
Pedestrian -1 -1 -4.7072 21.6327 218.3190 74.1820 346.0217 1.3136 0.4479 0.4885 -6.2690 1.8374 7.9869 -5.3568 0.0787
Pedestrian -1 -1 -4.6084 974.8582 178.7942 992.0398 221.7769 1.9588 0.6479 0.6351 17.2704 2.2375 33.4465 -4.1360 0.0688
Cyclist -1 -1 -4.0930 605.1155 176.5135 635.4828 213.7175 1.7774 0.6434 1.6752 0.4766 1.9616 35.5078 -4.0803 0.0664
Cyclist -1 -1 -6.7901 919.0417 183.0070 966.0273 227.2468 1.8250 0.6514 1.6920 13.9299 2.2571 30.3382 -6.3641 0.0631
Pedestrian -1 -1 -8.4703 797.7681 181.6270 809.7275 205.4685 1.7809 0.6619 0.5761 14.6224 2.4488 54.5674 -8.2104 0.0606
Cyclist -1 -1 -6.9708 913.3617 184.6398 957.9963 226.6260 1.7414 0.6228 1.7370 13.8367 2.2522 30.7560 -6.5524 0.0604
Pedestrian -1 -1 -4.6579 0.0000 215.4795 62.6898 350.2741 1.3463 0.5222 0.4613 -6.2819 1.8244 7.7595 -5.3219 0.0597
Cyclist -1 -1 -3.9737 604.9621 177.7751 635.6957 214.2515 1.7681 0.5693 1.6541 0.4837 2.0187 35.9897 -3.9610 0.0580
Pedestrian -1 -1 -3.4632 1022.5654 187.0691 1051.4471 235.7567 1.8209 0.5935 0.8009 16.2665 2.3712 27.5756 -2.9357 0.0530
Cyclist -1 -1 -2.6772 580.4343 175.7571 616.3723 212.6692 1.7732 0.6673 1.6383 -0.6111 1.9180 35.4192 -2.6950 0.0521
Cyclist -1 -1 -5.0784 1011.6649 177.1591 1053.2977 232.4969 1.7667 0.6007 1.7488 14.0306 1.9156 24.0882 -4.5570 0.0517
Car -1 -1 -7.8844 558.6405 178.2779 613.8358 233.3439 1.6317 1.6744 4.4336 -0.9201 1.8296 24.0968 -7.9229 0.9261
Car -1 -1 -3.7017 940.2660 192.7926 1024.8723 220.6305 1.6101 1.5698 4.4453 22.7070 2.8557 44.1104 -3.2298 0.6204
Car -1 -1 -7.8216 395.6297 184.5835 449.4236 235.9632 1.4724 1.5751 3.9799 -6.1412 1.8926 23.7549 -8.0725 0.5840
Car -1 -1 -4.6550 538.0302 179.9804 558.6725 197.6672 1.5091 1.6355 3.9653 -5.5630 2.1724 65.1835 -4.7402 0.4664
Car -1 -1 -6.8873 0.0000 198.9069 78.8438 374.0000 1.4513 1.5387 3.8148 -7.2613 1.7613 6.5906 -7.7008 0.4429
Car -1 -1 -6.8459 1023.9236 193.9903 1103.3601 221.9297 1.6488 1.6773 3.8727 28.0352 2.9834 44.7191 -6.2896 0.2328
Car -1 -1 -6.9415 11.3912 176.7755 138.5846 215.0006 1.6284 1.7580 4.6705 -24.8803 1.8250 33.7362 -7.5733 0.2276
Car -1 -1 -4.6841 994.2507 185.0133 1052.2037 232.9907 1.4546 1.6244 3.6843 14.2336 1.9073 24.8846 -4.1702 0.1590
Car -1 -1 -7.4124 38.2378 165.8127 395.2598 374.0000 1.7921 1.7776 4.0955 -3.9591 1.7329 8.0892 -7.8555 0.1434
Car -1 -1 -4.9166 767.5653 183.3066 797.0035 202.6563 1.6718 1.7688 4.5247 15.9526 2.6765 67.0945 -4.6847 0.1415
Car -1 -1 -4.9979 446.4050 180.5215 491.2080 206.7919 1.6101 1.7270 4.4820 -9.4756 2.1453 48.0029 -5.1922 0.1132
Car -1 -1 -8.2853 555.3235 181.9198 615.6700 213.9029 1.4753 1.5803 3.8461 -1.3373 1.9601 36.5309 -8.3222 0.0843
Car -1 -1 -4.6106 504.5872 178.9796 527.9109 199.2638 1.7303 1.6681 4.1634 -8.4240 2.2990 64.9225 -4.7395 0.0784
Car -1 -1 -5.1029 774.7936 180.5705 815.8386 203.7919 1.6912 1.6966 3.9553 14.3049 2.3122 56.0093 -4.8546 0.0692
Car -1 -1 -4.4528 307.1517 183.8625 399.0571 240.0516 1.5008 1.6503 4.0787 -7.8155 1.8710 22.1895 -4.7882 0.0691
Car -1 -1 -4.7627 432.2139 182.1611 463.1908 208.7170 1.4895 1.6373 4.3813 -10.0704 2.0924 44.4345 -4.9847 0.0602
Car -1 -1 -4.4527 232.9227 187.2813 360.7479 270.6201 1.5423 1.6074 4.0417 -6.8946 1.9080 16.1958 -4.8498 0.0592
Car -1 -1 -4.8178 562.1307 180.7861 610.7993 219.4081 1.5187 1.6649 4.3013 -1.1396 1.8899 31.5427 -4.8543 0.0545
