Cyclist -1 -1 -7.6295 405.1366 178.0913 421.3177 214.7510 1.6922 0.4170 1.5054 -9.3821 1.9462 34.2830 -7.8950 0.2286
Pedestrian -1 -1 -3.3129 367.1238 172.2243 377.7349 210.9637 1.8713 0.4958 0.4130 -11.6211 1.8405 35.1689 -3.6302 0.1377
Cyclist -1 -1 -7.4722 86.5054 171.4914 168.7477 299.1245 1.7469 0.3796 1.7539 -7.2065 1.7280 10.7728 -8.0507 0.1102
Car -1 -1 -6.8097 757.7741 162.2136 809.7783 183.4227 1.7473 1.6536 3.9678 14.6115 0.8704 60.8054 -6.5752 0.0945
Car -1 -1 -4.5911 259.8892 191.0508 343.5012 252.8710 1.3721 1.5818 3.7625 -8.1508 1.9079 19.2322 -4.9875 0.0940
Pedestrian -1 -1 -6.0869 912.7792 162.9029 942.8246 229.3170 1.7415 0.6272 0.6317 8.4772 1.4802 19.3572 -5.6803 0.0746
Car -1 -1 -4.3629 573.5689 176.2399 613.7974 198.5516 1.5322 1.6355 4.0465 -1.1688 1.7879 52.3889 -4.3855 0.0715
Pedestrian -1 -1 -4.5962 638.7369 166.1822 649.5247 195.3489 1.8957 0.6158 0.8376 2.2097 1.4617 47.3588 -4.5503 0.0700
Car -1 -1 -4.3208 750.0445 167.6637 791.9847 188.9633 1.4930 1.5971 3.9745 11.7558 1.1289 52.6619 -4.1026 0.0668
Car -1 -1 -7.3547 0.0000 187.0080 38.7895 374.0000 1.5174 1.6079 4.0820 -7.7898 1.7044 7.3630 -8.1501 0.0654
Car -1 -1 -4.4991 650.0845 172.7724 677.2735 190.9065 1.5177 1.5591 3.9135 4.6559 1.5106 62.4859 -4.4254 0.0624
Pedestrian -1 -1 -5.9851 313.1692 167.9393 342.9157 225.6194 1.9511 0.6260 0.8015 -9.7109 1.7845 24.7481 -6.3558 0.0614
Cyclist -1 -1 -2.4383 351.3750 175.2149 398.4690 223.2154 1.7936 0.6714 1.6813 -9.0547 1.8858 27.6524 -2.7524 0.0601
Pedestrian -1 -1 -4.7584 743.1031 165.8427 758.2081 216.3081 1.9388 0.5470 0.5908 5.4199 1.6692 28.0518 -4.5701 0.0553
Car -1 -1 -7.6376 397.0120 176.4032 431.6133 201.2523 1.7999 1.6904 4.1525 -14.8895 2.0805 54.9820 -7.9012 0.0539
Cyclist -1 -1 -6.9793 755.0296 166.7128 833.5198 240.8912 1.7170 0.7362 1.7837 4.4015 1.5746 17.4234 -6.7366 0.3334
Pedestrian -1 -1 -4.9423 710.1042 171.1212 747.1151 254.5343 1.6586 0.5833 0.7598 2.3620 1.6238 14.7477 -4.7876 0.2498
Pedestrian -1 -1 -4.0406 1092.3905 143.4815 1162.7522 270.2695 1.7537 0.5402 0.6408 7.3472 1.3472 10.3318 -3.4362 0.2328
Pedestrian -1 -1 -8.6090 1009.8016 156.4602 1064.1667 252.0668 1.6674 0.5296 0.6614 7.6093 1.3812 12.9668 -8.0887 0.2086
Pedestrian -1 -1 -8.0629 1107.1492 151.8525 1159.4541 264.0779 1.6556 0.5596 0.4332 7.8774 1.3455 10.9534 -7.4525 0.1916
Pedestrian -1 -1 -7.2098 992.1360 165.8071 1044.8268 251.9997 1.5738 0.5675 0.6853 7.6265 1.4448 13.5742 -6.7078 0.1785
Pedestrian -1 -1 -3.4084 732.0058 164.1870 770.1940 240.7826 1.8082 0.4791 0.7987 3.3268 1.6033 17.3041 -3.2225 0.1444
Pedestrian -1 -1 -4.8630 374.0461 180.9258 385.3332 207.8012 1.6506 0.5741 0.6886 -14.4040 2.1588 45.0131 -5.1714 0.1319
Pedestrian -1 -1 -8.3479 766.6035 167.8016 804.8325 244.6467 1.7801 0.6036 0.7343 4.1170 1.6628 17.1475 -8.1171 0.1167
Pedestrian -1 -1 -4.4802 862.6633 158.3895 904.8734 259.6694 1.7081 0.5430 0.7362 4.7406 1.4639 12.6257 -4.1294 0.0932
Pedestrian -1 -1 -5.8756 766.1072 157.6486 804.9946 235.7620 1.9384 0.6223 0.7822 4.4234 1.5608 18.3885 -5.6439 0.0892
Pedestrian -1 -1 -7.0713 792.6343 160.3000 837.1498 241.4021 1.8320 0.6265 0.7823 4.7064 1.5482 16.7652 -6.8030 0.0787
Pedestrian -1 -1 -7.1435 765.6568 160.8561 804.9679 241.1408 1.8221 0.6167 0.6492 4.0323 1.5495 16.8161 -6.9129 0.0772
Pedestrian -1 -1 -3.8057 749.8908 163.1303 792.2061 240.1362 1.8062 0.5699 0.8160 3.8205 1.5778 17.3581 -3.5934 0.0763
Cyclist -1 -1 -7.5237 762.0435 161.9880 814.0085 241.4476 1.8661 0.6994 1.8540 4.3905 1.6106 17.9153 -7.2880 0.0675
Cyclist -1 -1 -7.7416 561.8347 177.1969 568.0746 193.3062 1.4991 0.4074 1.6723 -4.2899 1.9159 68.4470 -7.8043 0.0671
Pedestrian -1 -1 -7.8867 1023.2007 156.6210 1060.2474 251.3351 1.6817 0.5536 0.6171 7.8420 1.3932 13.2140 -7.3614 0.0666
Pedestrian -1 -1 -7.0955 1160.0876 140.0545 1241.0000 278.9273 1.7383 0.5730 0.7111 7.6544 1.3274 9.3659 -6.4260 0.0611
Cyclist -1 -1 -2.1733 361.2489 179.5926 399.0808 225.5358 1.7157 0.5548 1.6519 -8.9345 1.9826 27.8832 -2.4811 0.0607
Pedestrian -1 -1 -5.8871 791.8364 159.9076 834.8367 238.8126 1.8515 0.6298 0.8227 4.8608 1.5474 17.4320 -5.6202 0.0583
Pedestrian -1 -1 -4.0847 769.8157 155.4639 811.3268 240.2261 1.8829 0.6320 0.6992 4.0757 1.4963 16.4956 -3.8474 0.0571
Pedestrian -1 -1 -7.5738 921.5662 174.6297 956.7446 248.5412 1.5188 0.5577 0.5173 6.8917 1.5569 15.2221 -7.1566 0.0564
Cyclist -1 -1 -7.0636 1078.3680 144.4065 1199.6819 263.7097 1.7560 0.3977 1.7189 7.9733 1.3370 10.9568 -6.4477 0.0555
Pedestrian -1 -1 -7.0610 797.5370 164.1678 836.8315 244.0608 1.7735 0.6105 0.6056 4.6625 1.5803 16.4305 -6.7900 0.0548
Car -1 -1 -4.4997 238.4944 182.4694 412.7591 309.7090 1.5733 1.7045 3.6701 -4.2165 1.7474 11.1515 -4.8542 0.9235
Car -1 -1 -3.2980 575.5242 173.0191 659.4518 204.0989 1.7732 1.7599 4.7117 0.3733 1.7828 42.3962 -3.2898 0.8655
Car -1 -1 -4.6896 434.0454 180.3015 459.7155 203.9771 1.5372 1.6546 4.0955 -11.3832 2.0793 50.3838 -4.9111 0.6194
Car -1 -1 -4.7619 548.4512 176.5236 567.4006 192.7887 1.4898 1.6147 3.8269 -5.0226 1.8505 68.9880 -4.8347 0.3571
Car -1 -1 -7.8428 352.5089 184.3765 396.1497 224.7782 1.4510 1.5702 3.7543 -9.5158 1.9477 29.0953 -8.1566 0.1269
Car -1 -1 -3.8644 386.7385 182.2991 456.9882 207.9902 1.4666 1.6174 4.2269 -11.7088 2.0844 45.0145 -4.1179 0.1177
Car -1 -1 -7.2890 1222.3750 123.8443 1241.0000 374.0000 1.6034 1.6370 4.1689 7.0066 1.3207 5.1759 -6.3815 0.0782
Car -1 -1 -4.8321 363.2591 180.5345 401.5330 209.2031 1.5312 1.6226 4.3034 -13.3477 2.0031 42.0618 -5.1379 0.0563
Car -1 -1 -7.2321 1237.0599 147.9079 1241.0000 317.1765 1.4571 1.5858 4.2122 8.8755 1.2421 7.1641 -6.3604 0.0541
Car -1 -1 -4.6923 573.1505 175.7382 591.2572 192.4166 1.5420 1.6631 4.2635 -2.6739 1.8285 69.5998 -4.7309 0.0523
