Pedestrian -1 -1 -5.8243 442.1203 169.9996 459.8533 198.8842 1.9439 0.5728 1.0279 -10.8204 1.7515 48.9607 -6.0411 0.1586
Pedestrian -1 -1 -4.7618 13.8435 194.7227 76.6915 349.8808 1.5991 0.5216 0.7468 -6.3377 1.8556 8.0178 -5.4148 0.1582
Pedestrian -1 -1 -4.5480 235.5472 199.4631 266.1375 272.7797 1.3499 0.4406 0.5445 -6.9383 1.8721 13.8447 -5.0054 0.1298
Pedestrian -1 -1 -6.4548 280.3054 162.7041 285.9067 191.3297 1.8017 0.4659 0.2475 -20.7286 1.1626 45.6765 -6.8789 0.1095
Pedestrian -1 -1 -7.1399 614.7550 165.6775 641.2689 212.9779 1.9289 0.6485 0.9349 0.7071 1.6359 29.9877 -7.1172 0.0832
Pedestrian -1 -1 -4.5529 724.2332 159.1021 737.6810 197.6151 1.9051 0.5996 0.4458 5.9956 1.2245 35.9985 -4.3895 0.0787
Cyclist -1 -1 -8.4336 730.9926 177.1209 765.7596 222.5439 1.5979 0.4798 1.5317 4.9891 1.7581 26.3320 -8.2491 0.0572
Pedestrian -1 -1 -5.1399 1099.6466 161.1079 1150.8555 261.7200 1.6450 0.5027 0.5733 8.5913 1.4527 12.1239 -4.5353 0.0562
Car -1 -1 -7.1678 1223.9354 147.4553 1241.0000 345.8082 1.5672 1.6088 4.1716 8.2511 1.3662 6.5140 -6.2873 0.0548
Car -1 -1 -2.5205 0.0000 184.3123 157.0472 263.7955 1.5741 1.6726 3.9380 -12.2722 1.8340 15.4703 -3.1829 0.0544
Car -1 -1 -7.2404 1241.0000 156.3879 1241.0000 285.5835 1.4471 1.5829 4.0978 10.7457 1.2624 9.0822 -6.3873 0.0542
Pedestrian -1 -1 -5.3257 1015.9257 152.6677 1069.6797 264.9591 1.7730 0.5500 0.5110 6.9372 1.4539 11.6712 -4.8010 0.0525
Pedestrian -1 -1 -6.1513 534.6589 174.6396 549.2181 199.7456 1.7472 0.5309 0.9542 -4.7959 1.8727 50.5371 -6.2459 0.5876
Pedestrian -1 -1 -8.1451 1049.8542 150.5303 1139.9675 308.4944 1.7390 0.6078 0.9751 5.6178 1.4929 8.4953 -7.5773 0.3611
Pedestrian -1 -1 -6.5010 603.4031 173.7654 623.4663 210.7968 1.7588 0.6168 0.8501 0.1212 1.8028 34.6814 -6.4981 0.2696
Pedestrian -1 -1 -4.2358 612.4633 169.4605 636.7015 214.8359 1.8527 0.6810 0.8810 0.5665 1.7139 30.0102 -4.2178 0.1699
Cyclist -1 -1 -7.8457 609.7349 177.8248 618.5579 211.5938 1.5836 0.4167 1.6088 0.1644 1.8291 34.8806 -7.8416 0.1688
Cyclist -1 -1 -4.4074 531.8175 172.2009 548.8815 198.7722 1.8253 0.7102 1.7055 -4.8946 1.7801 50.4733 -4.5040 0.0891
Pedestrian -1 -1 -4.5231 306.6805 175.4960 336.8351 243.6612 1.8145 0.6315 0.7557 -7.8993 1.8878 19.6707 -4.9008 0.0845
Pedestrian -1 -1 -4.4214 255.4378 173.5145 288.3591 241.9622 1.8041 0.6219 0.7171 -9.1435 1.8220 19.4252 -4.8565 0.0603
Car -1 -1 -4.5514 368.1406 185.9417 452.5558 245.9842 1.4094 1.6093 3.9533 -5.4307 1.8068 19.8789 -4.8154 0.9575
Car -1 -1 -4.5682 423.9235 184.3328 478.7199 223.2859 1.3563 1.5609 3.7584 -6.1708 1.8351 28.1884 -4.7823 0.8522
Car -1 -1 -7.8521 547.3079 176.5361 571.4145 199.6649 1.5440 1.6308 4.3391 -3.6144 1.8157 51.0937 -7.9228 0.6591
Car -1 -1 -4.6058 446.2134 180.3086 487.5454 214.5819 1.5024 1.5349 3.8313 -6.8205 1.8785 34.4632 -4.8002 0.3062
Car -1 -1 -5.0125 653.1532 163.2603 761.3696 238.4845 1.7841 1.6817 4.1103 2.4087 1.5563 19.2848 -4.8910 0.1483
Car -1 -1 -2.2779 423.8595 167.3295 472.4969 187.3271 1.7266 1.7394 4.4768 -14.4732 1.2493 64.3346 -2.4986 0.0994
Car -1 -1 -7.7073 522.1889 174.8864 551.9410 198.5451 1.6377 1.5935 3.8938 -5.2743 1.7902 52.2683 -7.8077 0.0836
Car -1 -1 -6.5335 597.5032 175.6373 670.7754 204.7704 1.6133 1.6385 3.9179 1.3297 1.7775 41.4151 -6.5021 0.0741
Car -1 -1 -4.4866 226.1090 179.8903 313.6979 238.6324 1.5657 1.5831 3.6320 -10.1296 1.7953 21.6367 -4.9202 0.0628
Car -1 -1 -7.9913 615.8033 177.6401 662.5958 214.4798 1.4871 1.5420 3.6374 1.1758 1.7083 31.5036 -7.9549 0.0521
