Cyclist -1 -1 -7.6421 142.1172 180.2530 183.2710 261.0113 1.7131 0.4259 1.7530 -10.1734 1.8898 16.3675 -8.1913 0.1646
Car -1 -1 -4.8115 1155.8328 181.3348 1190.9235 204.2377 1.5637 1.6219 4.0372 41.2917 2.2113 52.9886 -4.1527 0.0753
Pedestrian -1 -1 -7.5244 725.5590 167.2628 751.1806 221.7280 1.8878 0.7636 0.5168 4.4766 1.6937 25.4197 -7.3527 0.0720
Cyclist -1 -1 -4.9927 643.8112 174.2423 664.0939 215.4473 1.6951 0.4601 1.4791 1.8053 1.7549 30.5061 -4.9348 0.0689
Car -1 -1 -7.3943 201.8564 183.0536 302.9087 224.0316 1.5084 1.8093 4.8387 -14.8386 1.9692 30.1915 -7.8479 0.0648
Car -1 -1 -4.5822 1118.7733 185.6781 1152.6339 207.3020 1.5503 1.6437 3.9262 40.8543 2.5822 56.0837 -3.9557 0.0622
Car -1 -1 -5.0543 510.3668 177.6980 541.7533 193.7993 1.4768 1.6580 4.3330 -8.1829 1.9611 69.8768 -5.1708 0.0614
Car -1 -1 -4.7243 177.6926 189.0257 207.5472 215.6561 1.5555 1.6193 4.0902 -27.2127 2.6563 46.9556 -5.2473 0.0610
Car -1 -1 -4.5950 720.4619 178.5073 761.6000 211.2141 1.4451 1.5334 3.5928 6.2653 1.7302 34.4923 -4.4174 0.0571
Pedestrian -1 -1 -7.6359 679.3641 170.4264 704.0533 223.3557 1.8361 0.7655 0.5462 2.8333 1.7516 25.4113 -7.5269 0.0552
Pedestrian -1 -1 -3.4800 626.6805 171.2813 633.7333 196.0923 1.8587 0.4994 0.3866 1.4922 1.7405 54.3493 -3.4532 0.0541
Car -1 -1 -4.6954 638.7700 176.3470 668.6757 205.0432 1.5192 1.6037 4.0042 2.4618 1.7261 40.7566 -4.6360 0.0500
Cyclist -1 -1 -7.8687 771.6337 176.3386 791.4786 244.5957 1.6989 0.4678 1.7063 4.4388 1.7943 18.9328 -7.6427 0.5481
Cyclist -1 -1 -5.1235 632.7893 177.6738 654.1649 212.1016 1.6069 0.4785 1.4604 1.5583 1.8432 34.6594 -5.0795 0.3175
Cyclist -1 -1 -8.0888 392.6059 175.8884 411.6504 212.0378 1.7502 0.5414 1.6525 -10.3991 1.9046 35.9295 -8.3690 0.1975
Cyclist -1 -1 -5.0820 950.3325 161.7859 1007.6658 243.7960 1.7382 0.5253 1.7639 8.1944 1.5034 16.1955 -4.6215 0.1313
Pedestrian -1 -1 -3.4211 397.9114 174.6490 414.1740 212.2792 1.8367 0.5515 0.6464 -10.1213 1.9261 35.6604 -3.6962 0.1161
Cyclist -1 -1 -4.9959 800.2487 177.7331 841.9128 249.7052 1.6325 0.4729 1.7615 5.0042 1.7556 17.3688 -4.7208 0.1093
Cyclist -1 -1 -8.1744 806.7855 174.2587 849.0430 247.3673 1.6961 0.4738 1.6616 5.2432 1.7317 17.6106 -7.8905 0.1082
Cyclist -1 -1 -4.6732 402.5532 175.9561 419.7753 213.1941 1.7910 0.7595 1.6040 -9.8723 1.9480 35.7157 -4.9414 0.1002
Cyclist -1 -1 -5.0552 786.3977 178.2531 830.3162 250.8044 1.6494 0.4758 1.6592 4.7008 1.7855 17.3763 -4.7962 0.0907
Pedestrian -1 -1 -5.5052 798.3347 185.3585 834.1089 253.0504 1.5162 0.4938 0.6300 4.7185 1.8123 16.7041 -5.2355 0.0847
Cyclist -1 -1 -8.3920 863.5529 177.2460 924.5838 254.7275 1.6239 0.4422 1.7018 6.2516 1.7269 16.0979 -8.0286 0.0821
Pedestrian -1 -1 -8.4608 956.1818 165.3419 995.0053 243.4504 1.7431 0.5847 0.5366 8.2571 1.5752 16.4109 -8.0025 0.0777
Cyclist -1 -1 -7.8602 390.7946 174.1454 406.3964 212.5918 1.8267 0.7150 1.7576 -10.3851 1.8913 35.2907 -8.1447 0.0613
Cyclist -1 -1 -8.6385 751.0126 176.7882 817.5197 250.9403 1.6647 0.4913 1.6681 4.0578 1.7624 17.1257 -8.4106 0.0587
Cyclist -1 -1 -5.2000 954.8358 160.9436 1019.8049 243.3206 1.7682 0.5396 1.7331 8.4637 1.5122 16.3588 -4.7305 0.0579
Cyclist -1 -1 -8.4935 766.9280 179.2222 829.6763 251.2831 1.6079 0.5382 1.6744 4.3899 1.7666 17.1312 -8.2477 0.0574
Cyclist -1 -1 -6.8293 938.8859 159.0415 1034.2712 240.7110 1.8126 0.7248 1.8189 8.5115 1.5058 16.4451 -6.3596 0.0523
Cyclist -1 -1 -8.4254 623.2754 176.4596 650.7248 212.1558 1.6606 0.5830 1.5150 1.2414 1.8368 34.5278 -8.3904 0.0519
Pedestrian -1 -1 -7.2194 870.9915 175.0117 911.4471 252.3052 1.6747 0.5361 0.6918 6.2095 1.7237 16.0691 -6.8576 0.0505
Car -1 -1 -4.4442 383.9252 181.9340 449.2471 220.2186 1.4590 1.6216 4.1525 -8.1445 1.8697 30.5704 -4.7028 0.9420
Car -1 -1 -4.0235 0.0000 199.2265 141.6951 351.3258 1.3724 1.5397 3.8648 -7.9821 1.7768 9.1285 -4.7276 0.8669
Car -1 -1 -6.4974 661.5522 178.2999 788.1354 223.7256 1.5117 1.6496 4.1020 3.9020 1.7087 25.1920 -6.3462 0.3303
Car -1 -1 -7.5694 374.2650 177.8839 428.5052 211.6803 1.6249 1.6575 3.8883 -10.7278 1.8977 37.2200 -7.8485 0.2463
Car -1 -1 -8.3468 844.6556 201.0394 1241.0000 374.0000 1.4416 1.7536 4.3864 2.7792 1.6926 4.1924 -7.7946 0.1338
Car -1 -1 -4.0263 196.9428 194.7935 260.6161 224.3847 1.6719 1.6623 3.5722 -24.0175 3.1141 45.5252 -4.5097 0.1144
Car -1 -1 -4.7148 101.8603 171.1903 127.4107 191.7227 1.6397 1.6967 4.0871 -41.0650 1.5065 59.7853 -5.3148 0.0698
Car -1 -1 -4.4444 140.7551 171.2787 177.0760 191.3569 1.6656 1.6109 4.1180 -38.7670 1.5347 62.0600 -5.0010 0.0538
