Pedestrian -1 -1 -7.7962 446.4355 180.5171 487.9884 267.6838 1.5755 0.7259 0.6406 -2.7096 1.7222 13.4730 -7.9918 0.6841
Pedestrian -1 -1 -4.7563 343.9031 140.0527 427.1736 358.3948 1.9541 0.7260 1.0242 -2.2717 1.6603 7.0625 -5.0581 0.3227
Pedestrian -1 -1 -3.5593 835.7890 163.5179 852.4402 200.1207 1.9315 0.5562 0.6738 12.4141 1.4386 38.3880 -3.2491 0.1799
Pedestrian -1 -1 -5.3228 184.8972 170.7738 201.4011 209.2385 2.0049 0.5293 0.5560 -21.9720 1.8962 37.9669 -5.8446 0.1767
Pedestrian -1 -1 -6.1394 1166.2025 150.5220 1188.4918 208.1808 1.9174 0.5772 0.5183 19.1236 1.1745 24.3808 -5.4803 0.1766
Pedestrian -1 -1 -3.2793 406.8338 171.2175 417.7318 208.9160 1.9601 0.5639 0.4788 -10.4175 1.8747 37.8699 -3.5463 0.1441
Pedestrian -1 -1 -8.4794 577.7668 169.2282 591.2307 206.8692 2.0313 0.5599 0.4762 -1.4272 1.8353 39.2979 -8.5160 0.0815
Car -1 -1 -2.5995 194.0508 189.1551 302.5433 229.5518 1.4994 1.5385 3.5366 -14.2474 2.1619 28.4253 -3.0607 0.0698
Car -1 -1 -5.1260 1195.3312 157.1265 1241.0000 185.4380 1.7569 1.6326 4.1031 40.0564 0.7806 46.9748 -4.4232 0.0635
Pedestrian -1 -1 -3.3029 996.0669 149.6068 1097.9736 321.0043 1.7743 0.3984 0.8848 4.6494 1.5333 7.8109 -2.7833 0.0509
Cyclist -1 -1 -3.3103 297.3780 185.8622 336.0636 220.1762 1.7441 0.6991 1.7977 -15.4915 2.4433 38.0286 -3.6951 0.3570
Cyclist -1 -1 -7.9564 790.0629 169.0654 798.3173 196.7398 1.7266 0.3357 1.6537 11.6677 1.4899 45.8591 -7.7092 0.2304
Pedestrian -1 -1 -5.9545 678.2241 171.2423 692.9103 201.6175 1.9046 0.6360 0.7612 4.7522 1.8033 45.6904 -5.8520 0.2005
Pedestrian -1 -1 -3.1828 1054.6885 156.0205 1073.4417 191.4641 1.8782 0.5533 0.8260 24.2963 0.9858 38.6787 -2.6255 0.1979
Cyclist -1 -1 -4.9756 785.7233 171.4450 800.9669 199.0130 1.6999 0.4863 1.7448 11.4845 1.6127 45.3680 -4.7296 0.1601
Cyclist -1 -1 -8.1782 925.6597 166.8896 958.2847 222.8628 1.6568 0.4354 1.5232 10.1184 1.4799 22.1363 -7.7550 0.1450
Cyclist -1 -1 -8.6688 907.0614 164.1885 958.9465 221.4685 1.6948 0.4701 1.5461 9.8458 1.4381 22.1524 -8.2560 0.1371
Cyclist -1 -1 -3.5494 904.0376 167.8617 968.4918 223.5932 1.6642 0.6972 1.6404 9.8389 1.5148 21.9018 -3.1327 0.0972
Pedestrian -1 -1 -7.5287 315.6077 181.4823 330.6778 210.2143 1.7543 0.6942 0.6505 -17.7647 2.2915 44.6052 -7.9061 0.0817
Cyclist -1 -1 -2.1726 292.5547 179.6402 318.6895 209.3922 1.8242 0.6294 1.7566 -19.1551 2.2571 45.3171 -2.5708 0.0782
Pedestrian -1 -1 -8.0984 776.0618 169.3003 790.9202 199.8743 1.8248 0.7175 0.7082 10.4016 1.6124 43.4230 -7.8653 0.0704
Pedestrian -1 -1 -6.9292 890.0446 167.1761 907.2756 196.2993 1.7597 0.6257 0.7495 17.5642 1.4163 43.9979 -6.5520 0.0672
Cyclist -1 -1 -6.4561 793.7527 167.0332 824.9178 197.0189 1.8542 0.7031 1.7795 12.4018 1.4940 45.0503 -6.1896 0.0611
Pedestrian -1 -1 -5.4427 0.0000 181.7461 16.8350 208.7909 1.7013 0.7616 0.6883 -38.5937 2.2743 46.0967 -6.1370 0.0608
Pedestrian -1 -1 -5.8219 881.6143 163.7181 896.1166 195.3186 1.9061 0.6798 0.5839 16.9577 1.3547 43.9674 -5.4563 0.0583
Cyclist -1 -1 -7.8030 940.2996 165.1747 962.7769 222.7297 1.6892 0.5527 1.5386 10.3666 1.4635 21.9855 -7.3680 0.0538
Pedestrian -1 -1 -7.0116 1065.3646 158.9186 1082.8838 192.0816 1.7580 0.6346 0.4889 24.7882 1.0190 38.6014 -6.4444 0.0506
Car -1 -1 -4.2702 0.0000 195.6920 269.0107 336.9410 1.4434 1.7558 4.2859 -6.6115 1.8405 10.3245 -4.8285 0.9665
Car -1 -1 -3.9576 383.6819 182.0435 543.9709 244.5697 1.4776 1.6523 4.6263 -3.9642 1.7645 20.1531 -4.1501 0.8232
Car -1 -1 -4.4942 309.5154 182.3092 351.1482 208.3644 1.5504 1.6732 4.0037 -18.0222 2.1879 46.5665 -4.8619 0.1815
Car -1 -1 -5.0202 641.4083 174.0702 682.5856 198.6332 1.5554 1.6284 3.8545 3.3753 1.6394 47.9587 -4.9508 0.1485
Car -1 -1 -4.4698 798.4283 170.7803 840.9559 196.1854 1.5624 1.6653 4.2984 13.5665 1.4345 46.6508 -4.1888 0.1340
Car -1 -1 -4.9040 0.0000 181.3287 26.8680 208.5556 1.6545 1.6945 4.1379 -39.6603 2.2296 47.0276 -5.6020 0.1085
Car -1 -1 -4.6623 0.0000 203.9226 58.5750 251.1866 1.5095 1.6369 3.7938 -22.3243 2.7895 27.7154 -5.3358 0.1061
Car -1 -1 -4.3458 420.5377 183.3905 502.8899 229.0237 1.4476 1.6018 3.8758 -5.2629 1.8550 25.8765 -4.5450 0.0964
Car -1 -1 -5.2206 562.1876 177.0705 624.2885 207.1961 1.5345 1.6851 3.9364 -1.0094 1.7773 39.4706 -5.2465 0.0946
Car -1 -1 -7.9184 924.3120 169.3108 988.7026 221.5301 1.5370 1.5909 3.8543 11.0588 1.4324 23.3213 -7.4809 0.0853
Car -1 -1 -6.2038 479.8768 181.7352 545.6603 205.4450 1.4299 1.5689 3.9612 -6.0680 1.9954 45.0735 -6.3373 0.0798
Car -1 -1 -4.7125 645.3769 178.3859 674.4025 206.5436 1.4714 1.5446 3.6503 2.7435 1.7945 40.3120 -4.6456 0.0723
Car -1 -1 -4.6107 1000.4891 165.5596 1045.5255 196.6347 1.5627 1.6989 3.9896 21.9784 1.1956 38.4029 -4.0944 0.0722
Car -1 -1 -2.2165 267.7975 186.1824 338.5920 215.1471 1.4396 1.5479 3.7966 -16.6241 2.1892 38.9737 -2.6175 0.0648
Car -1 -1 -4.5505 772.3154 171.6484 806.9883 196.6314 1.5590 1.6087 3.8264 11.7289 1.4835 47.1017 -4.3083 0.0600
Car -1 -1 -3.9954 0.0000 201.0843 91.1064 359.9349 1.4397 1.6230 4.1915 -9.0901 1.8910 9.4183 -4.7490 0.0587
Car -1 -1 -3.9800 427.9064 181.7247 547.8109 231.7904 1.4652 1.6421 4.0544 -4.0098 1.7868 24.0289 -4.1442 0.0565
Car -1 -1 -4.5895 369.7292 184.0829 430.8148 229.5300 1.4365 1.6090 4.1566 -7.5293 1.8757 26.0614 -4.8686 0.0539
