Pedestrian -1 -1 -3.1754 159.7705 180.0753 179.6673 227.5581 2.1577 0.7283 0.7649 -20.4591 2.4974 33.4581 -3.7210 0.1068
Pedestrian -1 -1 -7.2316 798.9703 170.9734 816.3387 201.8471 1.7530 0.6704 0.7174 11.3188 1.6459 41.4554 -6.9673 0.1011
Pedestrian -1 -1 -6.7127 662.7077 171.1256 673.6546 192.7686 1.8277 0.5552 0.7653 4.9191 1.6814 61.3232 -6.6334 0.0877
Cyclist -1 -1 -5.0465 1120.4091 178.3487 1148.6174 215.7103 1.7445 0.5269 1.8200 25.3219 2.0173 34.9153 -4.4235 0.0712
Pedestrian -1 -1 -5.9148 120.6419 179.7852 143.6099 215.3403 1.9344 0.6296 0.8894 -26.4001 2.3204 39.8138 -6.4975 0.0689
Pedestrian -1 -1 -7.7496 599.7844 175.3167 615.2819 208.0836 1.6918 0.7124 1.0276 -0.1634 1.8227 37.8825 -7.7545 0.0677
Pedestrian -1 -1 -8.6544 812.6936 159.1012 859.4847 246.4631 1.8569 0.5813 0.7986 4.8999 1.5643 15.8267 -8.3602 0.0655
Car -1 -1 -4.8173 1210.5695 174.9493 1241.0000 199.8633 1.5703 1.6088 4.2808 41.2800 1.7160 48.0704 -4.1111 0.0643
Cyclist -1 -1 -2.3142 125.3538 182.1751 160.4316 214.3659 1.8421 0.6416 1.8466 -27.3203 2.3933 42.1481 -2.8866 0.0636
Car -1 -1 -7.2416 1135.8722 142.7712 1241.0000 374.0000 1.5602 1.6467 4.1932 5.0262 1.4579 3.2851 -6.2903 0.0626
Pedestrian -1 -1 -3.2618 656.8619 171.6757 668.5342 191.7155 1.8715 0.4585 1.0433 4.9176 1.7612 67.6391 -3.1899 0.0624
Car -1 -1 -7.6433 671.1113 180.1532 713.3538 210.1777 1.4759 1.5401 3.4741 4.3649 1.8820 38.2794 -7.5312 0.0572
Cyclist -1 -1 -4.9629 1015.3010 178.8538 1034.4738 207.7435 1.6818 0.5603 1.8060 24.8727 2.0497 43.3405 -4.4453 0.0569
Car -1 -1 -6.7900 1103.5143 193.0687 1184.6227 221.2146 1.5636 1.5509 3.5316 31.3615 2.7815 42.4941 -6.1581 0.0558
Pedestrian -1 -1 -4.1815 58.5897 198.8565 80.1452 232.4237 1.5864 0.6103 0.6108 -26.2299 2.8581 34.9592 -4.8217 0.0551
Car -1 -1 -4.5684 600.0946 178.8819 638.4807 207.7885 1.5519 1.6463 4.1827 0.5536 1.9195 41.8457 -4.5558 0.0550
Car -1 -1 -4.2155 135.9700 190.0831 243.5571 239.8370 1.7866 1.8262 4.6733 -17.2828 2.5566 29.9007 -4.7361 0.9149
Car -1 -1 -4.5079 555.2911 178.8254 582.0570 197.0242 1.5094 1.5668 4.0019 -3.6151 2.0504 63.3115 -4.5651 0.2599
Car -1 -1 -4.7773 1189.8954 177.0509 1225.3033 201.3921 1.5790 1.5989 4.0381 41.0278 1.8796 49.6376 -4.0898 0.1691
Car -1 -1 -4.7546 2.0000 189.2702 45.9587 222.0023 1.5884 1.6906 4.1092 -31.9236 2.5283 39.2220 -5.4346 0.0879
Car -1 -1 -7.7642 437.5092 183.6004 492.7137 229.0578 1.5296 1.6761 4.4008 -5.5068 1.9747 27.6315 -7.9597 0.0871
Car -1 -1 -2.3148 100.1030 188.4718 171.9247 217.2392 1.5950 1.5901 3.5001 -27.9431 2.5407 42.5079 -2.8936 0.0818
Car -1 -1 -4.0776 543.6191 176.4252 594.5323 200.4168 1.7406 1.7092 4.2466 -3.1165 2.0250 55.2623 -4.1342 0.0747
Car -1 -1 -4.9206 1146.4844 185.9053 1215.5973 223.3611 1.5682 1.6850 4.2603 26.8245 2.2257 34.0845 -4.2586 0.0697
Car -1 -1 -4.3675 572.2870 177.4895 606.8399 196.5716 1.5754 1.6598 4.3050 -1.7651 1.9946 62.9940 -4.3958 0.0637
Car -1 -1 -4.2774 168.1421 193.3066 244.3934 228.8107 1.5171 1.6741 4.1123 -19.7216 2.5793 35.3726 -4.7831 0.0636
