Pedestrian -1 -1 -3.4441 1169.5551 145.8893 1241.0000 354.5439 1.8434 0.5170 0.9087 5.8461 1.6049 6.7852 -2.7549 0.2620
Pedestrian -1 -1 -8.1623 396.3561 182.7016 429.4859 247.2708 1.5340 0.6136 0.6600 -4.8941 1.7816 17.7209 -8.4286 0.1809
Pedestrian -1 -1 -5.7628 309.6134 155.8611 324.2199 190.0210 1.8757 0.5594 0.5426 -16.2555 0.9423 39.9322 -6.1473 0.1363
Pedestrian -1 -1 -3.4939 428.2405 163.1283 446.4207 197.0436 1.9097 0.6305 0.8419 -9.8789 1.3618 41.1247 -3.7285 0.1147
Pedestrian -1 -1 -4.1791 1098.4407 151.8264 1158.0780 259.0743 1.9356 0.5824 0.8006 9.6050 1.5558 13.4531 -3.5700 0.1065
Pedestrian -1 -1 -7.6928 1079.5616 173.1584 1148.8358 320.4495 1.6717 0.5671 0.8850 6.0347 1.6753 8.7084 -7.1035 0.1040
Pedestrian -1 -1 -8.1081 962.6711 163.5696 990.3516 219.9381 1.8834 0.6562 0.7969 12.4226 1.5729 24.5661 -7.6452 0.0993
Pedestrian -1 -1 -3.2172 299.4966 153.1438 308.0542 189.8441 1.7674 0.4921 0.3470 -14.9152 0.8179 35.0457 -3.6170 0.0923
Pedestrian -1 -1 -7.3879 1061.6991 161.8511 1081.1191 197.1362 1.8946 0.6571 0.6743 25.0257 1.3035 39.1965 -6.8234 0.0818
Pedestrian -1 -1 -6.0797 689.8124 174.1574 704.4967 203.4582 1.7592 0.5529 0.7893 5.2494 1.8386 43.7412 -5.9615 0.0808
Pedestrian -1 -1 -7.6940 1089.9714 162.6658 1108.3752 203.9546 1.9227 0.6498 0.4917 23.0101 1.4480 34.0021 -7.1034 0.0697
Car -1 -1 -7.9099 459.7865 167.5496 479.8882 186.2320 1.7503 1.6742 4.2169 -13.6135 1.2530 69.8482 -8.1019 0.0691
Pedestrian -1 -1 -3.4696 783.6607 166.2879 795.3536 206.2240 1.9555 0.5589 0.3998 8.8207 1.6337 35.6260 -3.2293 0.0652
Pedestrian -1 -1 -4.2965 1168.8322 162.8103 1194.5492 207.5923 1.9082 0.6952 0.5861 24.6669 1.4800 31.1906 -3.6323 0.0627
Pedestrian -1 -1 -6.5746 621.0234 169.2311 634.9924 193.7776 1.7937 0.5147 0.9180 1.2941 1.5286 53.0941 -6.5508 0.0622
Pedestrian -1 -1 -7.8425 1042.8079 166.7773 1059.0781 207.6623 1.9100 0.6517 0.3355 20.7490 1.6258 34.0216 -7.2991 0.0592
Cyclist -1 -1 -7.2987 7.1523 164.8116 102.4886 271.2028 1.6847 0.5296 1.5559 -9.4079 1.5571 12.2244 -7.9443 0.0556
Pedestrian -1 -1 -5.0109 1043.6937 158.1622 1077.3085 221.9156 1.9496 0.6724 0.8265 14.0191 1.5000 22.5491 -4.4610 0.0536
Car -1 -1 -9.5759 1241.0000 183.2599 1241.0000 374.0000 1.5124 1.5700 3.6538 6.3354 1.5732 2.2656 -8.3895 0.0505
Pedestrian -1 -1 -3.5377 1029.7742 171.7415 1043.5181 216.0892 1.7457 0.4759 0.3079 16.8988 1.7016 28.6586 -3.0099 0.4350
Cyclist -1 -1 -7.3570 0.0000 158.7583 145.8109 374.0000 1.7690 0.5276 1.6860 -4.7421 1.6649 6.1828 -7.9909 0.1841
Pedestrian -1 -1 -7.0207 1073.5398 166.3305 1102.9474 219.2727 1.8164 0.6472 0.5636 16.5970 1.5923 25.1194 -6.4427 0.1497
Pedestrian -1 -1 -9.0020 1030.8160 173.2231 1048.7781 216.4771 1.6849 0.5529 0.4206 16.8982 1.6993 28.4439 -8.4709 0.0962
Cyclist -1 -1 -4.0155 1057.3622 164.4383 1112.7881 217.8592 1.8237 0.5857 1.8286 16.5322 1.5361 25.1806 -3.4403 0.0819
Cyclist -1 -1 -7.7463 630.8076 176.3239 640.1201 204.7332 1.5958 0.3786 1.5066 1.4321 1.7988 41.4917 -7.7126 0.0798
Pedestrian -1 -1 -4.7785 667.2802 169.8104 680.3109 207.2590 1.8359 0.5898 0.7986 3.1193 1.6864 35.7774 -4.6928 0.0733
Pedestrian -1 -1 -4.0017 1028.1006 169.3106 1047.6036 214.4887 1.7862 0.6010 0.3289 17.0686 1.6458 28.8651 -3.4726 0.0654
Pedestrian -1 -1 -5.1099 1023.4188 167.7199 1039.9644 213.9206 1.8221 0.5063 0.2565 16.6776 1.6193 28.6159 -4.5872 0.0608
Cyclist -1 -1 -8.0952 624.0150 174.3897 638.4465 203.4424 1.6353 0.4610 1.5872 1.1778 1.7252 41.5257 -8.0675 0.0592
Pedestrian -1 -1 -7.4287 984.7217 165.0422 1004.0378 212.8458 1.8729 0.5638 0.3955 15.1967 1.5665 28.6129 -6.9452 0.0533
Pedestrian -1 -1 -3.0951 1035.0149 172.5700 1066.9160 248.7914 1.6618 0.4991 0.5902 9.7893 1.6553 16.1019 -2.5576 0.0532
Cyclist -1 -1 -4.2172 168.5939 175.2537 230.7676 250.2617 1.5785 0.5115 1.5658 -9.1293 1.6341 16.0213 -4.7283 0.0510
Car -1 -1 -8.1506 725.1853 184.7689 900.3855 299.2713 1.4421 1.5886 3.5103 2.8999 1.6572 11.2545 -7.9059 0.9709
Car -1 -1 -2.8654 198.2260 173.6540 407.0690 251.9812 1.6011 1.6804 3.9006 -6.6425 1.6196 15.8307 -3.2572 0.9439
Car -1 -1 -5.6190 0.0000 180.8177 303.6493 318.4984 1.4632 1.5296 4.0751 -6.0879 1.5685 8.6696 -6.2171 0.9274
Car -1 -1 -3.3882 761.0306 182.7988 944.9929 240.9194 1.3947 1.6364 4.2121 6.0899 1.6638 18.5930 -3.0771 0.9033
Car -1 -1 -3.3653 700.8513 174.3164 824.0174 217.0217 1.6545 1.7428 4.5545 5.9989 1.7147 28.9379 -3.1636 0.8181
Car -1 -1 -5.8412 56.3490 172.9788 356.5113 285.1095 1.5643 1.5293 3.6692 -5.9870 1.5661 10.9227 -6.3328 0.8164
Car -1 -1 -3.1712 448.5906 168.9350 533.4036 203.0349 1.8108 1.8239 4.4964 -6.5790 1.6024 39.6424 -3.3350 0.7944
Car -1 -1 -6.5300 755.8553 178.5332 899.5750 231.6182 1.4812 1.5336 3.7652 6.2481 1.6539 21.1458 -6.2471 0.7771
Car -1 -1 -2.9820 419.9854 171.8661 510.3858 206.6557 1.6250 1.6730 4.0367 -6.9307 1.5785 34.6122 -3.1785 0.7652
Car -1 -1 -2.3140 0.0000 177.8484 142.9201 374.0000 1.5230 1.6715 4.0237 -6.5234 1.5709 6.0656 -3.1138 0.7336
Car -1 -1 -6.0081 339.0490 166.4493 471.1063 218.7188 1.7506 1.6690 4.1023 -7.0721 1.5358 25.0035 -6.2814 0.5637
Car -1 -1 -2.9358 353.2693 174.8374 470.4253 215.7648 1.4997 1.6035 4.0544 -7.5087 1.5774 27.4484 -3.2008 0.3279
Car -1 -1 -8.0455 676.7508 170.5953 714.4775 198.8184 1.8745 1.7851 4.4122 5.8682 1.7242 50.1915 -7.9302 0.2311
Car -1 -1 -3.1483 666.5079 165.3108 712.1228 183.4184 1.6402 1.7133 4.1200 7.2654 0.9566 66.4176 -3.0401 0.1964
Car -1 -1 -4.2855 521.8433 175.4812 558.8464 193.9222 1.4342 1.5926 3.7408 -5.6563 1.6551 58.7208 -4.3815 0.1185
Car -1 -1 -7.8795 634.6002 173.4739 667.1409 205.4090 1.6469 1.6505 4.5162 2.1525 1.6826 39.5785 -7.8261 0.1108
Car -1 -1 -3.9866 46.7922 184.9226 245.9094 258.9200 1.3294 1.4736 3.7482 -9.8255 1.6227 15.5784 -4.5419 0.0877
Car -1 -1 -4.7553 333.0384 153.3118 361.2242 178.5542 1.7824 1.7684 4.4590 -19.4982 0.4022 53.3463 -5.1042 0.0813
Car -1 -1 -2.6033 115.0503 182.9234 361.9619 266.3773 1.4332 1.5422 3.8805 -6.9093 1.6344 13.5232 -3.0681 0.0583
