Pedestrian -1 -1 -3.3571 38.4043 166.8664 94.1367 321.4547 1.7958 0.6365 0.4186 -6.6519 1.7259 8.7491 -3.9928 0.2251
Cyclist -1 -1 -4.3392 164.1446 182.4956 184.5823 212.0407 1.6320 0.4354 1.6248 -24.9235 2.1939 41.2388 -4.8802 0.1312
Pedestrian -1 -1 -8.9579 987.4344 186.1839 1004.2838 225.5698 1.7028 0.5507 0.4569 16.9489 2.2959 31.7741 -8.4724 0.0968
Pedestrian -1 -1 -6.6076 413.9779 174.1471 437.5933 222.7684 1.7461 0.6503 0.6642 -6.7851 1.7939 26.3897 -6.8573 0.0939
Cyclist -1 -1 -5.0184 0.0000 171.1222 15.9864 216.2580 1.8145 0.5489 1.4274 -25.0543 1.7446 29.6209 -5.7162 0.0850
Pedestrian -1 -1 -5.9417 322.2623 172.2820 334.1880 196.3813 1.8047 0.5312 0.6986 -21.2353 1.7615 54.3086 -6.3131 0.0794
Car -1 -1 -5.2650 622.6191 176.7734 669.9756 199.6086 1.6421 1.6338 4.1902 2.6849 1.9520 54.8812 -5.2168 0.0747
Cyclist -1 -1 -7.6690 522.5338 176.5539 529.4722 194.9303 1.5378 0.3329 1.4149 -7.1675 1.8559 61.3857 -7.7851 0.0679
Car -1 -1 -4.5368 717.3188 178.5574 742.5721 196.5534 1.6578 1.7411 4.0694 11.6586 2.2289 70.0777 -4.3731 0.0668
Cyclist -1 -1 -3.2497 861.9191 173.9705 901.4048 212.6320 1.8631 0.6966 1.7427 13.2552 1.9184 35.3537 -2.8943 0.0641
Pedestrian -1 -1 -7.1418 883.0687 170.9467 899.7609 207.3370 1.9257 0.6506 0.5187 15.0110 1.8245 38.5916 -6.7739 0.0637
Car -1 -1 -6.9761 669.5198 178.0670 713.2369 194.0885 1.4655 1.6655 4.0166 7.7710 1.9765 68.9700 -6.8647 0.0635
Pedestrian -1 -1 -4.6082 1134.3269 173.5656 1156.8875 226.0134 1.8218 0.5966 0.4648 18.8416 1.8470 25.4457 -3.9769 0.0622
Car -1 -1 -4.7184 140.5956 182.2418 191.5790 223.3333 1.4788 1.6508 4.2426 -18.0188 1.8878 29.2265 -5.2670 0.0598
Car -1 -1 -4.6014 652.5709 174.6915 684.9322 200.9249 1.5777 1.6115 4.1012 3.7421 1.6997 45.8646 -4.5210 0.0552
Car -1 -1 -4.9049 577.2506 178.2282 608.1013 197.6964 1.3973 1.5906 4.1257 -1.3927 1.8243 55.1797 -4.9305 0.0521
Pedestrian -1 -1 -5.6923 697.6085 174.8509 711.6086 204.3023 1.7708 0.6521 0.5797 5.7187 1.8932 43.8796 -5.5640 0.0519
Car -1 -1 -4.4511 389.4472 177.9462 427.5031 200.8094 1.5617 1.6278 4.1913 -14.5893 1.9455 52.3258 -4.7220 0.0518
Pedestrian -1 -1 -7.7747 245.9508 171.9535 260.6974 206.1709 1.8676 0.6735 0.7325 -19.7299 1.8181 39.8458 -8.2321 0.0503
Cyclist -1 -1 -4.4465 0.0000 176.5947 22.4008 218.0793 1.6601 0.5233 1.4244 -24.8457 1.8180 29.7672 -5.1377 0.1493
Pedestrian -1 -1 -8.6420 1073.0576 178.9405 1099.6479 223.7148 1.7488 0.6705 0.5753 18.8521 1.9930 28.6291 -8.0649 0.1326
Cyclist -1 -1 -3.2604 545.6029 173.7133 572.0169 201.1129 1.7640 0.7079 1.6428 -3.3705 1.8202 46.9871 -3.3320 0.1184
Pedestrian -1 -1 -7.4402 958.5961 177.2836 978.0049 217.1204 1.8496 0.6461 0.5708 16.8553 2.0609 34.0279 -6.9843 0.1172
Pedestrian -1 -1 -5.6353 496.3770 174.9883 511.1226 204.2065 1.7562 0.6503 0.6204 -6.4935 1.8869 43.8663 -5.7819 0.1101
Pedestrian -1 -1 -8.0480 888.2666 179.7358 905.5908 216.9208 1.7901 0.6581 0.7192 13.9923 2.1304 35.3009 -7.6741 0.1002
Cyclist -1 -1 -4.9138 957.4810 177.0702 978.0070 214.7052 1.7255 0.4934 1.8998 16.9424 1.9313 34.2825 -4.4587 0.0914
Cyclist -1 -1 -2.0321 0.0000 173.6925 18.1336 219.5863 1.8289 0.6514 1.5808 -24.9935 1.8634 29.3890 -2.7325 0.0898
Pedestrian -1 -1 -5.1459 0.0000 174.5110 22.0935 216.4381 1.7723 0.6412 0.5634 -25.7853 1.8440 30.9441 -5.8364 0.0742
Pedestrian -1 -1 -4.7409 958.8940 173.7558 974.7782 214.8586 1.8940 0.6427 0.6591 16.6199 1.9364 33.6999 -4.2868 0.0725
Pedestrian -1 -1 -4.4681 0.0000 176.2924 11.5979 219.1640 1.7206 0.5617 0.5234 -24.8403 1.8620 29.3741 -5.1657 0.0689
Pedestrian -1 -1 -5.8011 660.0303 174.2026 669.4504 193.7674 1.8305 0.4771 0.7490 5.1355 1.9580 67.9641 -5.7264 0.0531
Cyclist -1 -1 -3.4140 866.1736 178.1455 906.8498 215.4586 1.7903 0.7587 1.7102 13.4367 2.0515 35.2015 -3.0527 0.0514
Pedestrian -1 -1 -8.2715 915.7892 176.5177 934.6002 214.2691 1.8202 0.6523 0.5964 15.3103 1.9999 35.1501 -7.8643 0.0511
Car -1 -1 -7.8208 567.0383 183.3239 620.7722 228.4193 1.3343 1.6498 3.3833 -0.5250 1.7046 23.8391 -7.8433 0.9688
Car -1 -1 -7.7202 508.2141 179.5733 552.4640 213.5144 1.4135 1.5260 3.5312 -3.5812 1.7329 32.5394 -7.8295 0.9581
Car -1 -1 -4.2952 183.1463 185.9162 286.5717 232.6850 1.3751 1.6358 3.8949 -12.5468 1.8510 24.3155 -4.7674 0.9150
Car -1 -1 -4.4889 407.2600 176.0742 437.7935 195.7615 1.5339 1.5813 3.9117 -15.2735 1.8051 58.8441 -4.7421 0.5340
Car -1 -1 -5.0821 620.5741 175.9149 653.9012 193.9027 1.6229 1.7105 4.2756 2.5131 1.9216 68.1811 -5.0458 0.2777
Car -1 -1 -7.5856 499.1671 175.5413 541.7668 201.8667 1.5843 1.6623 4.1230 -5.6885 1.7635 46.0251 -7.7082 0.1163
Car -1 -1 -4.4583 438.4381 176.5462 471.2105 195.2412 1.4533 1.5970 4.2918 -12.6948 1.7667 59.1302 -4.6692 0.1049
Car -1 -1 -8.4457 830.7154 181.7476 904.8477 213.5068 1.4766 1.6109 3.9666 13.0405 1.9568 36.8584 -8.1087 0.1020
Car -1 -1 -5.9921 0.0000 177.9529 115.7095 215.4075 1.4931 1.5919 3.9720 -23.5753 1.7193 30.6040 -6.6444 0.1011
Car -1 -1 -4.7294 548.5661 177.1548 573.0987 200.8786 1.5037 1.5707 3.9245 -3.3690 1.8045 48.4910 -4.7988 0.0965
Car -1 -1 -4.3930 245.6264 182.3609 312.1802 213.8307 1.4505 1.7706 4.4822 -16.9030 1.9681 36.9828 -4.8193 0.0851
Car -1 -1 -3.9475 0.0000 180.3788 27.7062 229.3954 1.4978 1.5476 3.8931 -22.3075 1.7749 24.6254 -4.6782 0.0746
Car -1 -1 -5.4276 794.0980 181.2581 854.7589 207.1046 1.6027 1.6612 4.0113 14.2652 2.1904 48.3201 -5.1427 0.0695
Car -1 -1 -6.6465 848.8450 185.0942 921.4690 210.6992 1.4841 1.6424 3.7442 16.4888 2.2347 43.4393 -6.2866 0.0652
Car -1 -1 -4.6041 511.3241 174.3405 534.1639 193.1927 1.5759 1.5618 3.8309 -7.5566 1.7084 62.5410 -4.7242 0.0652
Car -1 -1 -4.0084 123.0235 178.4900 207.7805 210.6987 1.6024 1.7034 3.9672 -23.7900 1.9209 38.7204 -4.5565 0.0633
Car -1 -1 -5.0413 474.9476 176.1365 514.6594 200.2445 1.5428 1.5517 3.6319 -7.8384 1.7729 48.6794 -5.2005 0.0590
Car -1 -1 -4.0566 95.8243 188.1772 226.2839 230.4274 1.2879 1.6462 4.3446 -15.9577 1.8848 25.8734 -4.6049 0.0561
Car -1 -1 -4.5811 202.1930 182.1196 253.7516 215.5555 1.4818 1.6842 4.3061 -18.7907 1.9680 35.5696 -5.0643 0.0518
Car -1 -1 -4.9779 662.4781 176.0727 690.3195 194.1599 1.6687 1.6701 3.9962 6.3346 1.9875 69.4326 -4.8877 0.0510
