Pedestrian -1 -1 -8.0610 632.0618 177.2431 641.2328 198.0955 1.7006 0.6290 0.6706 2.1657 2.0639 59.3902 -8.0252 0.1619
Pedestrian -1 -1 -4.0453 303.4764 166.8690 322.7368 206.6024 1.9826 0.6107 0.6774 -15.0198 1.6837 36.4132 -4.4343 0.1151
Pedestrian -1 -1 -8.2646 1214.4808 159.0332 1241.0000 224.3086 1.8789 0.6292 0.5820 18.1866 1.4808 21.1382 -7.5614 0.1125
Car -1 -1 -5.0806 529.7682 179.2854 560.5204 195.8318 1.4998 1.6091 3.9789 -6.2709 2.1354 69.2053 -5.1710 0.0945
Pedestrian -1 -1 -6.2305 273.1652 173.5963 286.4189 198.9079 1.7437 0.5402 0.8098 -22.9691 1.7954 50.1289 -6.6584 0.0859
Pedestrian -1 -1 -5.3680 65.4393 169.0980 81.3873 196.9059 1.8086 0.6639 0.5138 -35.2200 1.5640 47.3186 -6.0053 0.0820
Pedestrian -1 -1 -6.1981 300.3001 175.4791 308.7952 199.5331 1.7962 0.6521 0.5357 -23.0383 1.9951 54.3579 -6.5975 0.0793
Car -1 -1 -4.9299 868.5139 179.9650 912.5618 208.1532 1.5524 1.6229 3.8499 16.5357 1.9936 42.7812 -4.5639 0.0747
Car -1 -1 -5.4113 1131.6602 126.9721 1233.6616 163.3276 1.5095 1.6457 3.6638 25.8575 -0.4578 32.7934 -4.7476 0.0721
Car -1 -1 -6.6534 531.3949 178.7676 604.7984 203.6583 1.4999 1.6625 4.3590 -2.6940 1.8897 45.9329 -6.7121 0.0564
Car -1 -1 -7.8183 150.0652 171.4883 180.6675 196.5362 1.7064 1.6994 4.2177 -31.6624 1.6130 51.4084 -8.3682 0.0530
Car -1 -1 -5.0972 656.0585 180.7264 687.6055 198.3497 1.6084 1.6679 3.9769 5.9357 2.3943 69.9142 -5.0133 0.0527
Pedestrian -1 -1 -5.9277 1192.8608 183.8515 1241.0000 298.4648 1.4768 0.4842 0.5007 8.1910 1.6295 9.7005 -5.2421 0.0519
Pedestrian -1 -1 -4.3443 1145.8297 134.1753 1163.4087 175.0858 1.8592 0.5499 0.3657 24.9554 0.1011 33.1199 -3.7026 0.0518
Car -1 -1 -4.5171 261.8950 180.2512 337.2047 229.1183 1.5101 1.6256 4.1027 -10.7455 1.7897 25.1293 -4.9178 0.0517
Car -1 -1 -4.6235 596.1225 176.5332 620.8644 196.7064 1.6110 1.7079 4.3011 -0.1163 1.9313 60.6464 -4.6258 0.0513
Car -1 -1 -7.7502 82.5436 161.5132 122.5980 195.6313 2.3545 1.8877 4.7078 -36.7471 1.5715 52.3088 -8.3603 0.0512
Car -1 -1 -7.8190 0.0000 174.5107 0.0000 200.5441 1.6098 1.7036 3.8742 -40.9337 1.7219 46.9192 -8.5337 0.0508
Pedestrian -1 -1 -8.4270 912.4069 175.1353 933.3707 214.8841 1.9648 0.7344 0.6342 15.6031 2.0797 36.0826 -8.0224 0.4705
Cyclist -1 -1 -3.9189 29.8814 171.9888 81.8397 218.3015 1.7707 0.4928 1.7956 -21.9107 1.7374 28.5113 -4.5698 0.2797
Pedestrian -1 -1 -7.7543 375.5335 170.5865 404.0793 237.1544 1.8393 0.7072 0.6552 -6.2450 1.7763 20.3260 -8.0493 0.1078
Pedestrian -1 -1 -4.0184 354.0866 170.2197 393.1728 235.4333 1.8053 0.6431 0.8770 -6.7576 1.7321 20.5003 -4.3335 0.0797
Pedestrian -1 -1 -6.6881 352.4233 170.0178 385.8082 238.5684 1.8602 0.6928 0.6613 -6.7472 1.7829 20.0582 -7.0091 0.0728
Pedestrian -1 -1 -5.5520 289.5627 171.1021 300.7869 190.6332 1.7227 0.6913 0.6072 -27.9746 1.5679 64.0654 -5.9623 0.0676
Car -1 -1 -4.2637 28.5884 179.0050 381.4250 374.0000 1.5812 1.5948 3.7582 -3.8204 1.6611 7.5250 -4.7201 0.9299
Car -1 -1 -4.6118 491.9242 178.6353 541.4487 220.6478 1.5208 1.5622 3.9069 -3.6802 1.7657 28.6349 -4.7391 0.9120
Car -1 -1 -7.8423 587.9489 176.7861 630.6877 218.8904 1.5989 1.6491 4.6032 -0.0501 1.7754 30.1407 -7.8446 0.8917
Car -1 -1 -4.6154 546.6278 178.9205 573.9730 200.9901 1.5386 1.6463 3.9511 -3.6706 2.0040 53.3980 -4.6841 0.6288
Car -1 -1 -5.2292 912.9393 185.9619 998.9458 224.4924 1.4354 1.6107 3.6583 14.2585 2.0153 30.0495 -4.7906 0.2035
Car -1 -1 -8.3925 573.8067 178.6806 647.4012 212.9772 1.5257 1.6775 4.1407 -0.0799 1.8263 35.0539 -8.3954 0.1359
Car -1 -1 -7.9758 286.8839 170.1028 312.5635 189.2758 1.6883 1.6755 3.9964 -28.2908 1.4457 65.6841 -8.3812 0.1084
Car -1 -1 -4.0558 0.0000 179.3288 41.5449 222.0741 1.4898 1.6059 3.6200 -23.9192 1.7534 27.5592 -4.7659 0.1074
Car -1 -1 -4.8542 838.6636 182.8814 873.6804 208.0563 1.5636 1.6657 4.0172 16.5094 2.2688 48.6359 -4.5293 0.0986
Car -1 -1 -5.2054 830.8806 177.7030 912.3958 214.7771 1.4564 1.6270 3.8611 11.0635 1.6775 30.9078 -4.8652 0.0833
Car -1 -1 -4.4690 260.4509 181.5852 327.5075 221.5360 1.4810 1.6185 3.9286 -12.9660 1.8654 29.7231 -4.8774 0.0753
Car -1 -1 -3.9364 441.2547 179.2004 495.7462 202.7280 1.6833 1.7037 4.0798 -10.7615 2.1856 54.9668 -4.1292 0.0724
Car -1 -1 -6.7528 0.0000 197.6304 25.1199 374.0000 1.5191 1.5816 3.7881 -3.9880 1.6508 1.9235 -7.8187 0.0675
Car -1 -1 -4.7739 203.6821 183.6486 256.9663 224.3462 1.4123 1.6110 3.8977 -14.9451 1.8655 28.2287 -5.2572 0.0555
Car -1 -1 -4.3868 489.1972 180.0913 528.2328 201.3132 1.4798 1.6584 4.1302 -7.5568 2.0430 53.9867 -4.5256 0.0551
