Cyclist -1 -1 -8.0471 817.7634 169.2830 836.5220 210.0837 1.6669 0.4192 1.7494 9.0839 1.5207 30.3679 -7.7596 0.7543
Cyclist -1 -1 -7.7096 381.3814 181.5145 389.6212 205.5054 1.5864 0.3025 1.6435 -15.3203 2.1861 49.1514 -8.0106 0.2362
Cyclist -1 -1 -4.4165 183.1291 177.8301 215.7546 226.4638 1.6173 0.5127 1.6799 -14.2803 1.7958 25.0494 -4.9303 0.2141
Pedestrian -1 -1 -3.7318 1125.0497 146.7428 1140.8892 180.3068 1.8082 0.5719 0.4533 28.3452 0.4012 39.1650 -3.1089 0.1031
Pedestrian -1 -1 -3.2801 718.3444 168.1931 735.5306 203.6422 1.9459 0.6052 0.8616 6.4279 1.6897 39.9179 -3.1221 0.0872
Cyclist -1 -1 -7.2727 999.9472 163.4335 1037.1195 204.5057 1.8656 0.7004 1.6762 18.9118 1.4374 33.4716 -6.7625 0.0817
Pedestrian -1 -1 -4.1790 1042.8949 144.0340 1124.1396 298.0761 1.9622 0.5279 0.9089 6.2646 1.5948 9.6340 -3.6171 0.0775
Car -1 -1 -6.8608 849.0156 173.0963 934.7164 205.8201 1.4698 1.5512 3.4211 13.0364 1.4811 33.5392 -6.4935 0.0745
Cyclist -1 -1 -4.2435 1098.7361 159.6330 1133.6958 202.3703 1.9254 0.6604 1.6225 23.2409 1.3295 33.1829 -3.6370 0.0691
Car -1 -1 -2.2335 48.6792 184.2615 156.6540 222.9485 1.4438 1.5791 3.7595 -20.4245 1.9227 29.0063 -2.8428 0.0685
Pedestrian -1 -1 -4.0998 825.4743 164.8304 843.9989 199.2773 1.8811 0.6522 0.7744 12.3889 1.4427 39.8979 -3.8012 0.0675
Car -1 -1 -8.4353 954.0065 161.0011 1011.0601 189.3741 2.0649 1.7509 4.3177 28.1590 1.2020 54.7523 -7.9626 0.0599
Car -1 -1 -5.4897 776.6738 173.5658 845.1789 199.7383 1.5325 1.6389 4.1340 12.3107 1.5784 44.5732 -5.2223 0.0577
Car -1 -1 -3.0834 586.0103 178.0913 653.4512 204.3908 1.6021 1.7189 4.1481 0.6104 1.9383 45.3588 -3.0705 0.0568
Car -1 -1 -5.7719 161.3718 185.5971 282.3522 223.0934 1.4531 1.5849 4.0868 -15.7789 1.9862 29.3669 -6.2615 0.0558
Pedestrian -1 -1 -5.2044 737.9105 175.0977 763.9662 233.4271 1.6559 0.4985 0.6325 4.0268 1.7217 20.8890 -5.0174 0.0551
Car -1 -1 -4.9466 674.9379 176.8647 701.1326 193.8241 1.5777 1.6389 4.0161 7.5400 1.9793 70.2117 -4.8405 0.0548
Car -1 -1 -4.5595 770.2477 179.4803 812.3546 207.6493 1.4469 1.6702 4.2440 10.1651 1.8387 40.4141 -4.3153 0.0537
Cyclist -1 -1 -8.1834 897.9061 159.6023 938.1102 227.1501 1.8776 0.4848 1.8629 8.8896 1.5090 21.0020 -7.7886 0.8911
Cyclist -1 -1 -8.3322 834.7571 165.9262 869.7349 216.4128 1.6835 0.4125 1.6724 8.2997 1.4522 24.9181 -8.0148 0.8036
Cyclist -1 -1 -4.3611 491.7652 179.3055 510.3617 209.2708 1.6678 0.5619 1.5295 -6.2651 2.0441 41.3112 -4.5112 0.1692
Cyclist -1 -1 -5.6996 0.0000 189.4731 143.0367 301.9268 1.6759 0.6062 1.8430 -8.4385 1.9418 11.2060 -6.3339 0.1406
Pedestrian -1 -1 -8.1083 996.9302 161.5847 1020.1930 210.7266 1.7881 0.6263 0.5634 14.6437 1.3778 26.6036 -7.6102 0.1085
Pedestrian -1 -1 -4.5015 783.2225 161.8243 807.6806 217.6632 1.8821 0.6461 0.9010 6.3489 1.5101 24.8674 -4.2549 0.1032
Pedestrian -1 -1 -8.3492 1015.9915 162.4007 1051.7188 223.1293 1.7030 0.5942 0.7442 12.0507 1.4096 20.6146 -7.8268 0.1025
Pedestrian -1 -1 -8.2415 1104.2404 156.0325 1146.2661 229.1991 1.7762 0.6203 0.7170 12.7435 1.3675 17.9342 -7.6318 0.1014
Pedestrian -1 -1 -8.3680 1130.0192 157.3745 1169.9877 227.5936 1.7481 0.5614 0.6514 13.6496 1.3625 18.3196 -7.7357 0.0988
Pedestrian -1 -1 -5.7830 488.4783 181.2447 504.0925 209.4894 1.5781 0.5602 0.6910 -6.4848 2.0581 40.9214 -5.9396 0.0899
Pedestrian -1 -1 -7.9668 992.4334 162.3883 1016.0433 211.2601 1.7097 0.6673 0.6171 13.9631 1.3433 25.6528 -7.4735 0.0827
Cyclist -1 -1 -8.3119 913.7372 159.5583 950.8690 211.6763 1.7476 0.4622 1.7022 11.1235 1.3015 25.0555 -7.8988 0.0785
Pedestrian -1 -1 -6.1701 994.1127 167.2898 1018.2574 215.9475 1.6169 0.5996 0.6562 13.3571 1.4317 24.4104 -5.6749 0.0766
Cyclist -1 -1 -7.8574 988.5527 163.6050 1004.6926 214.2928 1.6610 0.4645 1.5919 13.0486 1.3576 24.4571 -7.3727 0.0706
Pedestrian -1 -1 -2.2104 40.9228 194.9546 114.4506 301.6200 1.5529 0.6918 0.5961 -8.2305 1.9054 11.0978 -2.8373 0.0696
Pedestrian -1 -1 -4.4465 154.1871 170.5893 196.7027 263.8229 1.8997 0.5586 0.8539 -9.1855 1.8532 15.1876 -4.9831 0.0655
Pedestrian -1 -1 -6.8435 758.9476 172.3182 772.3810 195.8498 1.7213 0.5618 0.7897 11.4419 1.6818 53.1788 -6.6331 0.0628
Cyclist -1 -1 -8.3869 918.7448 159.4987 958.9883 211.6734 1.7515 0.4620 1.7048 11.3680 1.3029 25.0946 -7.9663 0.0578
Cyclist -1 -1 -7.6648 990.6206 161.7669 1014.4155 209.0335 1.6791 0.4786 1.6207 14.3304 1.2850 26.4127 -7.1727 0.0577
Pedestrian -1 -1 -8.1698 979.1841 164.2437 1009.8920 224.4648 1.7174 0.6407 0.5570 11.0844 1.4715 20.9043 -7.6886 0.0558
Pedestrian -1 -1 -7.9819 999.4650 159.7932 1024.2473 210.1279 1.7649 0.6951 0.6127 14.2660 1.3066 25.7109 -7.4805 0.0533
Cyclist -1 -1 -3.6471 705.3907 173.4309 737.3917 204.3271 1.8186 0.6167 1.8188 6.6183 1.8532 43.0984 -3.4962 0.0510
Pedestrian -1 -1 -3.9019 765.5266 171.4506 779.1477 195.6946 1.7698 0.5205 0.8556 11.9203 1.6670 53.1142 -3.6827 0.0501
Cyclist -1 -1 -7.6474 624.3906 175.3619 633.7435 193.2699 1.6784 0.5522 1.7203 1.8024 1.9203 68.7788 -7.6217 0.0501
Car -1 -1 -6.0945 415.2341 181.0460 494.8364 213.3169 1.5787 1.6794 3.7010 -7.8571 2.0042 36.6242 -6.3049 0.9461
Car -1 -1 -2.6947 173.8798 174.2782 379.9039 251.4414 1.8257 1.7439 4.3503 -8.2557 1.8628 18.0261 -3.1190 0.9224
Car -1 -1 -7.8479 609.9456 176.9902 627.2348 193.9023 1.5494 1.6069 3.8437 0.8105 1.9556 68.9857 -7.8366 0.2913
Car -1 -1 -7.2241 2.0445 190.2281 161.9923 247.9479 1.4105 1.6466 4.0430 -15.1074 1.9619 20.8832 -7.8445 0.2233
Car -1 -1 -2.4828 0.0000 198.0679 129.1021 305.7271 1.4816 1.5951 3.9431 -10.0975 1.9072 11.2727 -3.2016 0.1872
Car -1 -1 -8.0603 751.6049 172.2123 783.8421 198.3930 1.9236 1.6851 3.5731 11.9113 1.8761 54.8048 -7.8478 0.1814
Car -1 -1 -8.1673 455.7164 181.1949 505.7111 208.7379 1.4859 1.6726 4.2335 -7.7125 2.0037 42.5569 -8.3460 0.1756
Car -1 -1 -8.1895 984.7039 161.0998 1023.5797 180.4963 1.5872 1.6775 3.9293 33.3053 0.6251 61.1183 -7.6927 0.1353
Car -1 -1 -3.6345 682.4092 177.5648 748.0353 204.1541 1.5356 1.5417 3.6159 6.3020 1.8280 43.4909 -3.4920 0.1203
Car -1 -1 -7.9549 925.2385 163.2415 989.4157 213.5222 1.6678 1.6687 3.8813 12.3954 1.3487 26.0410 -7.5154 0.0877
Car -1 -1 -4.8105 706.9951 176.3803 735.1275 198.3138 1.5910 1.7001 4.3339 8.4339 1.8716 55.2572 -4.6603 0.0634
Car -1 -1 -4.5861 517.8347 177.6915 556.4609 207.7765 1.6634 1.7367 4.4468 -4.3048 1.9656 42.8625 -4.6861 0.0603
