Pedestrian -1 -1 -8.2052 881.9656 160.6733 904.6625 212.0435 2.1172 0.7814 0.4141 11.7133 1.6149 29.9515 -7.8362 0.3362
Car -1 -1 -4.4117 357.2939 180.8495 401.8712 206.4608 1.4784 1.6237 3.6143 -14.2202 1.9924 44.5956 -4.7190 0.0847
Pedestrian -1 -1 -7.7684 679.8228 162.2870 702.3455 220.7724 1.9823 0.7238 0.5956 2.7454 1.6239 24.8181 -7.6602 0.0782
Pedestrian -1 -1 -4.2658 43.1195 165.8942 103.1106 269.3288 1.9351 0.6841 0.7154 -10.3893 1.8046 13.9136 -4.8982 0.0687
Pedestrian -1 -1 -5.7150 465.8069 184.2283 483.5380 219.3306 1.5834 0.5894 0.5747 -6.2621 2.1121 33.1755 -5.9007 0.0683
Car -1 -1 -4.2347 467.2725 185.3406 523.8297 214.5986 1.4746 1.5813 3.6926 -6.3356 2.2025 40.0757 -4.3910 0.0683
Pedestrian -1 -1 -2.7115 228.6619 191.0896 254.0627 245.9461 1.4890 0.3797 0.5126 -10.2224 1.9971 19.9175 -3.1806 0.0633
Pedestrian -1 -1 -5.5387 158.0139 167.7882 200.4142 253.4038 1.9445 0.6509 0.5500 -10.0528 1.8292 16.7637 -6.0722 0.0633
Pedestrian -1 -1 -5.4937 507.9821 173.9178 529.7667 217.5561 1.8600 0.6933 0.6302 -3.9879 1.9065 31.2445 -5.6202 0.0602
Pedestrian -1 -1 -7.9225 400.8127 174.5398 413.1688 206.9279 1.8410 0.6390 0.6770 -11.7107 1.9387 41.4849 -8.1963 0.0574
Pedestrian -1 -1 -6.7201 340.7169 171.4460 351.3796 213.6309 1.9593 0.5113 0.2791 -12.4037 1.8936 33.7914 -7.0697 0.0568
Pedestrian -1 -1 -7.6345 457.5225 170.8629 473.2290 207.3811 1.9876 0.7579 0.4778 -7.9567 1.8790 39.5192 -7.8323 0.0531
Car -1 -1 -6.5717 0.0000 194.5397 92.7119 374.0000 1.5190 1.5777 3.6636 -3.9911 1.6439 2.1905 -7.5883 0.0521
Cyclist -1 -1 -2.8837 439.0107 176.9994 480.3768 216.9525 1.8249 0.6936 1.7579 -6.9973 2.0189 33.4312 -3.0890 0.2147
Cyclist -1 -1 -8.2299 426.1298 180.4940 448.6415 217.2343 1.6602 0.4116 1.7472 -8.1333 2.0265 33.7850 -8.4648 0.0852
Pedestrian -1 -1 -4.8044 435.3559 183.1925 447.5659 217.0244 1.5357 0.5085 0.4462 -7.8034 2.0157 33.2235 -5.0339 0.0644
Cyclist -1 -1 -7.4747 442.1662 178.5971 469.1783 218.6735 1.7946 0.6395 1.7052 -7.1839 2.0678 33.4609 -7.6850 0.0637
Cyclist -1 -1 -7.2352 475.0223 176.1814 506.1967 216.5339 1.8294 0.5981 1.6395 -5.6083 1.9886 33.7215 -7.3992 0.0620
Cyclist -1 -1 -2.9242 431.3965 178.2660 468.3906 217.5415 1.8130 0.6147 1.5920 -7.5116 2.0678 33.6999 -3.1424 0.0577
Cyclist -1 -1 -8.0285 436.0109 180.1080 452.1224 217.8780 1.7078 0.4608 1.6135 -7.8166 2.0554 33.7769 -8.2547 0.0573
Pedestrian -1 -1 -8.3381 438.0972 181.3018 454.6961 216.8756 1.6197 0.5829 0.5022 -7.6181 2.0151 33.4137 -8.5610 0.0565
Cyclist -1 -1 -7.7390 443.3244 178.7262 457.6454 217.2251 1.7522 0.4676 1.6957 -7.5429 2.0354 33.9707 -7.9564 0.0553
Car -1 -1 -7.5536 219.4922 176.6498 489.3897 368.2442 1.6341 1.6370 4.1123 -2.6108 1.6883 8.2944 -7.8507 0.9634
Car -1 -1 -8.0660 948.0792 194.2139 1241.0000 374.0000 1.3766 1.5279 3.5186 3.3262 1.5822 5.0394 -7.5101 0.9443
Car -1 -1 -4.2114 0.0000 188.8175 269.3321 369.7751 1.5342 1.6286 4.0114 -5.7232 1.7685 8.5425 -4.7878 0.9428
Car -1 -1 -7.6113 917.5753 177.5696 1120.8271 314.9773 1.5069 1.6146 3.7777 5.7199 1.5844 9.9780 -7.1043 0.6274
Car -1 -1 -3.4936 344.1340 185.1035 445.6994 221.0241 1.4931 1.6306 4.1713 -9.8931 2.0885 33.1875 -3.7816 0.4400
Car -1 -1 -9.1215 0.0000 0.0000 1241.0000 374.0000 1.5476 1.6198 3.7998 2.7646 1.5862 0.7356 -7.9078 0.0968
Car -1 -1 -6.7327 462.6966 179.0835 559.2269 212.3617 1.4824 1.6197 4.3273 -4.7707 1.7979 34.7118 -6.8688 0.0559
