Cyclist -1 -1 -7.8045 716.7297 182.2017 737.7180 245.0927 1.5698 0.4790 1.5999 3.0614 1.8275 19.0889 -7.6489 0.1404
Pedestrian -1 -1 -4.6934 667.8713 176.4021 675.1466 197.9621 1.8410 0.6111 0.7917 5.2781 2.1486 62.1780 -4.6096 0.1299
Pedestrian -1 -1 -4.2260 917.2977 135.4601 1010.3776 318.9969 1.8619 0.5724 0.8771 3.7764 1.4822 7.8128 -3.7913 0.1221
Pedestrian -1 -1 -4.1271 667.1890 172.2366 679.8787 200.3716 1.9479 0.5926 0.7056 4.4087 1.9049 50.4159 -4.0408 0.0937
Cyclist -1 -1 -8.0075 693.3001 171.9027 712.2757 216.8977 1.7442 0.4742 1.8122 3.6578 1.7070 28.8818 -7.8834 0.0851
Pedestrian -1 -1 -4.1821 708.2619 162.7559 734.1191 221.9326 1.9755 0.5808 0.7319 3.7386 1.6381 24.5544 -4.0335 0.0810
Pedestrian -1 -1 -3.1473 680.4479 173.4758 693.8619 207.8168 1.8185 0.5913 0.7071 4.0805 1.8517 38.5486 -3.0432 0.0781
Cyclist -1 -1 -7.8409 710.4747 175.8197 721.1137 219.6467 1.6282 0.3904 1.5645 4.0243 1.7451 27.7174 -7.6989 0.0769
Pedestrian -1 -1 -5.6788 475.4109 169.0007 502.8842 224.4660 1.9104 0.6321 0.7180 -4.2803 1.7774 25.2911 -5.8453 0.0751
Cyclist -1 -1 -8.1630 698.0978 174.3127 721.3133 219.6844 1.6907 0.4215 1.5663 3.7772 1.7481 27.7468 -8.0298 0.0695
Pedestrian -1 -1 -3.9161 177.2290 146.1688 290.8958 322.3319 1.9688 0.6354 1.0702 -4.5436 1.6703 8.6726 -4.3868 0.0645
Pedestrian -1 -1 -1.8793 0.0000 108.4038 102.5926 374.0000 2.0132 0.6593 0.9848 -4.3020 1.5980 5.1941 -2.5464 0.0620
Pedestrian -1 -1 -4.5183 505.6715 173.3747 530.7071 225.9769 1.8532 0.7538 0.7825 -3.3285 1.8719 25.8439 -4.6458 0.0575
Pedestrian -1 -1 -3.3225 527.0361 172.8619 539.1906 205.3764 2.0418 0.6639 0.6565 -4.9081 2.0420 45.7208 -3.4293 0.0562
Pedestrian -1 -1 -6.4926 232.3058 150.5341 324.7476 304.6858 1.9623 0.6067 1.0319 -4.5246 1.6779 9.7352 -6.9180 0.0535
Cyclist -1 -1 -7.8042 682.1108 176.8372 690.8378 208.4116 1.6566 0.3934 1.5884 4.0866 1.8754 38.8764 -7.7008 0.0512
Car -1 -1 -7.9639 643.3149 180.0031 676.7815 205.9845 1.5306 1.7086 3.5280 3.0675 1.9970 45.2974 -7.8972 0.8142
Car -1 -1 -8.1276 696.3903 178.7936 764.1415 221.2397 1.5182 1.6240 3.8500 4.5991 1.7680 28.3740 -7.9692 0.0788
Car -1 -1 -7.6168 488.6776 177.9827 554.7863 225.4260 1.6575 1.6493 3.8657 -3.3455 1.8681 27.6600 -7.7366 0.0707
Car -1 -1 -2.5752 487.1518 181.7302 560.4543 209.0670 1.5637 1.6789 4.1932 -5.3012 2.1254 44.0163 -2.6948 0.0554
Car -1 -1 -7.1705 987.6328 147.0540 1241.0000 374.0000 1.5310 1.5988 4.1079 3.7593 1.4703 2.5588 -6.2498 0.0513
