Car -1 -1 -8.0143 647.0190 170.1682 712.2874 224.3798 1.9907 1.8371 4.7537 2.6441 1.8918 28.9317 -7.9248 0.5797
Cyclist -1 -1 -5.5383 0.0000 162.4590 201.7742 374.0000 1.7243 0.6667 1.6857 -4.5383 1.6419 6.1430 -6.1544 0.2067
Pedestrian -1 -1 -8.0289 402.4496 183.7510 437.4413 262.2906 1.5865 0.6033 0.6591 -4.0395 1.8210 15.1188 -8.2865 0.2002
Cyclist -1 -1 -6.6736 746.9379 173.9600 796.0925 222.4025 1.8487 0.6380 1.7522 6.2225 1.8921 28.0238 -6.4580 0.1768
Pedestrian -1 -1 -2.9849 710.9620 172.9880 730.0076 211.4292 1.8948 0.7012 0.8428 5.4795 1.9012 36.0291 -2.8358 0.1143
Car -1 -1 -3.0309 366.5012 176.3118 487.3440 219.4682 1.5800 1.6599 4.3384 -6.9824 1.7178 27.7077 -3.2759 0.1134
Pedestrian -1 -1 -6.6499 469.4929 172.5983 484.8459 201.6634 1.8335 0.5551 0.8172 -8.4967 1.8171 45.9674 -6.8321 0.1044
Pedestrian -1 -1 -5.6871 445.2534 170.6980 462.0292 200.4130 1.8840 0.5926 0.8662 -10.0408 1.7470 46.1839 -5.9003 0.1016
Car -1 -1 -5.9101 385.1235 171.5736 469.8459 205.1600 1.5842 1.5770 3.6676 -8.8737 1.5235 35.0472 -6.1567 0.0864
Pedestrian -1 -1 -6.5189 1064.5858 172.6388 1111.6882 278.6703 1.7763 0.6588 0.5320 8.2067 1.7724 12.4864 -5.9491 0.0672
Car -1 -1 -7.5774 475.6300 177.3203 524.8923 210.3017 1.5759 1.5712 3.5695 -5.5875 1.8153 36.8523 -7.7272 0.0580
Pedestrian -1 -1 -7.2753 662.2577 171.9738 678.1025 206.3764 1.9864 0.7022 0.6110 3.4768 1.9353 42.1191 -7.1940 0.0575
Pedestrian -1 -1 -7.8280 841.1736 170.8996 861.4792 227.1374 1.8927 0.6460 0.7119 8.2266 1.8266 24.7276 -7.5111 0.0571
Car -1 -1 -4.8937 633.2227 177.4848 661.0046 196.2544 1.5008 1.6054 4.1929 3.0725 1.9058 60.9560 -4.8440 0.0553
Pedestrian -1 -1 -4.1348 775.8502 169.9843 796.6352 215.4992 1.9427 0.5947 0.6911 7.5906 1.8199 31.2509 -3.8993 0.0535
Pedestrian -1 -1 -8.2901 382.8644 169.5407 425.4798 254.7408 1.8100 0.6723 0.6830 -4.5626 1.7393 15.8063 -8.5673 0.0515
Pedestrian -1 -1 -5.1676 902.9801 208.1690 930.3235 264.9639 1.1302 0.3660 0.4250 6.2587 1.8682 14.8604 -4.7771 0.0515
Car -1 -1 -8.3089 901.8978 184.3018 1163.7653 315.2050 1.5297 1.6368 4.1229 5.9437 1.7352 10.8837 -7.8213 0.0510
Cyclist -1 -1 -8.6546 942.3110 184.8352 1029.8934 271.7974 1.5736 0.4698 1.6484 7.2783 1.8224 14.1475 -8.1888 0.0501
Cyclist -1 -1 -7.8736 891.6370 176.9315 914.7951 243.7656 1.7053 0.5268 1.7728 7.8369 1.8201 19.4451 -7.4965 0.1786
Cyclist -1 -1 -3.3019 849.5103 180.0328 906.5734 230.8525 1.6792 0.6940 1.7232 9.0291 1.9276 24.4860 -2.9532 0.1138
Cyclist -1 -1 -5.0925 853.7568 179.5647 892.2797 230.7737 1.6708 0.6318 1.7219 8.9128 1.9078 24.6420 -4.7500 0.0950
Cyclist -1 -1 -3.1883 842.8843 179.5955 914.4079 245.4506 1.6905 0.7267 1.7497 7.0876 1.8758 19.2520 -2.8414 0.0810
Cyclist -1 -1 -6.6142 840.7034 178.5990 903.4426 230.9508 1.7158 0.7732 1.8182 8.6999 1.9108 24.1306 -6.2728 0.0670
Pedestrian -1 -1 -4.1726 883.6251 182.6405 916.1411 245.8522 1.6194 0.5334 0.6626 7.5931 1.8827 19.0261 -3.7990 0.0601
Cyclist -1 -1 -5.0917 870.2902 179.8303 910.6068 231.3499 1.6729 0.6776 1.7213 9.4629 1.9181 24.5291 -4.7282 0.0589
Cyclist -1 -1 -5.1591 859.5766 177.5998 911.9963 246.8441 1.7490 0.6124 1.7114 7.2681 1.8810 19.2256 -4.8035 0.0551
Pedestrian -1 -1 -2.7664 875.9681 169.3117 912.6418 243.7042 1.9600 0.7189 0.7124 7.6403 1.8664 19.5162 -2.3992 0.0542
Cyclist -1 -1 -5.2997 831.5239 175.2105 875.4623 228.5222 1.7542 0.5554 1.7250 8.2743 1.8376 24.7269 -4.9810 0.0529
Cyclist -1 -1 -7.0069 869.1699 179.0756 936.7797 243.6664 1.6675 0.5595 1.7495 7.7862 1.8385 19.2959 -6.6295 0.0507
Car -1 -1 -8.1477 729.3744 186.7010 913.1044 299.6666 1.4524 1.6000 4.4950 3.2103 1.7283 12.1144 -7.8959 0.9796
Car -1 -1 -2.9610 385.8625 179.1896 496.6775 221.7205 1.5796 1.6480 3.9523 -6.5191 1.8330 27.9853 -3.1883 0.5497
Car -1 -1 -4.9917 845.1555 190.2637 930.9599 239.1175 1.4078 1.6851 3.6745 9.1044 2.0333 24.0411 -4.6346 0.3168
Car -1 -1 -8.1872 816.2763 188.2508 914.8398 247.2627 1.4338 1.5232 3.4150 6.9656 1.8997 20.1359 -7.8595 0.1445
Car -1 -1 -6.5244 0.0000 0.0000 1241.0000 374.0000 1.5778 1.5958 3.8603 -5.2575 1.6922 1.9342 -7.6961 0.0730
