Pedestrian -1 -1 -4.6641 165.7260 172.0434 186.2453 225.8812 2.0111 0.6385 0.5726 -16.4943 1.9805 27.3553 -5.2026 0.0836
Cyclist -1 -1 -2.2431 314.3604 181.8638 347.7450 220.0392 1.8360 0.6653 1.6417 -13.8588 2.2907 35.7357 -2.6110 0.0717
Car -1 -1 -4.3603 350.1130 184.5771 398.8880 212.2050 1.4781 1.5725 3.5193 -13.6567 2.1878 41.9090 -4.6738 0.0556
Cyclist -1 -1 -4.6271 121.1620 173.7119 138.7836 207.7416 1.7583 0.6247 1.7852 -25.4826 1.8046 38.2622 -5.2116 0.0517
Cyclist -1 -1 -4.7526 624.6412 178.7813 633.0576 206.1021 1.5735 0.4335 1.5092 1.0735 1.9297 42.6431 -4.7282 0.2956
Pedestrian -1 -1 -2.9528 618.6965 177.5393 634.5368 205.9048 1.6622 0.5257 0.8554 0.9501 1.9416 42.7414 -2.9313 0.2713
Pedestrian -1 -1 -5.6443 766.5765 191.2320 829.6483 320.2038 1.4691 0.4509 0.5812 2.2056 1.6996 8.6915 -5.4053 0.2373
Pedestrian -1 -1 -3.5035 485.6022 175.6924 497.2576 197.8162 1.8154 0.6094 0.7882 -9.8510 2.0521 59.7870 -3.6665 0.1760
Pedestrian -1 -1 -7.7837 123.9230 170.4988 138.0305 205.6365 1.8440 0.5776 0.6626 -25.4589 1.7201 38.2959 -8.3674 0.1526
Pedestrian -1 -1 -3.0477 332.4848 186.6236 349.2531 220.8317 1.6551 0.6641 0.7171 -13.3358 2.3432 35.6578 -3.4036 0.1388
Cyclist -1 -1 -8.0348 322.8077 183.9343 340.5088 220.8292 1.7635 0.5267 1.6876 -13.8811 2.3271 35.8607 -8.4021 0.0731
Cyclist -1 -1 -4.9032 618.5128 176.7782 631.3280 205.7299 1.6892 0.4802 1.5335 0.8493 1.9277 43.1099 -4.8842 0.0692
Cyclist -1 -1 -7.9645 627.0891 177.1471 640.3316 206.4920 1.6843 0.6009 1.6171 1.3527 1.9417 42.4867 -7.9334 0.0630
Cyclist -1 -1 -6.1160 326.6275 184.1138 362.8260 219.8457 1.7451 0.6505 1.6094 -13.2640 2.3139 36.0003 -6.4671 0.0616
Cyclist -1 -1 -7.9296 332.9703 185.3483 346.0870 220.1085 1.6715 0.4886 1.7200 -13.6209 2.3135 36.2134 -8.2874 0.0601
Car -1 -1 -4.5922 533.9137 178.6644 558.5883 196.2330 1.4548 1.6834 4.0109 -5.5668 1.9792 63.1228 -4.6802 0.6493
Car -1 -1 -4.5646 573.6967 177.5165 599.4183 194.5061 1.4080 1.6535 4.1984 -2.0406 1.8300 63.1740 -4.5972 0.1038
Car -1 -1 -4.5777 556.6915 177.1702 580.7488 194.2365 1.4425 1.6308 3.8376 -3.6516 1.8367 63.9631 -4.6348 0.0624
