Pedestrian -1 -1 -5.2043 691.5963 168.6202 709.9272 205.7212 1.9937 0.6546 0.8726 4.9016 1.7659 39.2990 -5.0816 0.1059
Pedestrian -1 -1 -3.8641 1195.1499 161.4177 1216.3781 201.2417 1.9511 0.5730 0.5723 29.3899 1.3905 35.6483 -3.1790 0.0940
Pedestrian -1 -1 -4.7832 0.0000 200.4668 13.4507 238.9433 1.6594 0.5355 0.3448 -26.7572 2.8907 31.8726 -5.4776 0.0594
Car -1 -1 -4.7500 930.5947 176.1339 957.1812 200.8548 1.8479 1.7257 4.2228 26.2247 2.1163 56.8222 -4.3201 0.0593
Car -1 -1 -4.0849 288.2868 191.0852 342.7275 215.3177 1.4828 1.6195 3.5946 -19.9756 2.7697 49.0066 -4.4705 0.0545
Car -1 -1 -5.1516 856.1182 177.0189 904.1327 198.1192 1.3941 1.5925 3.9842 18.8237 1.6973 50.5345 -4.7973 0.0539
Car -1 -1 -4.5821 679.2560 171.9798 704.4357 191.2568 1.5645 1.5997 4.0341 6.8920 1.4932 60.7079 -4.4700 0.0508
Cyclist -1 -1 -4.1565 110.8509 189.2648 149.4825 233.3144 1.7687 0.4989 1.7700 -20.3211 2.4830 30.5278 -4.7400 0.0925
Pedestrian -1 -1 -6.5182 68.1333 188.2677 88.7907 226.6951 1.9515 0.8095 0.6988 -27.7336 2.7655 37.5939 -7.1506 0.0749
Cyclist -1 -1 -8.0451 1120.0360 170.0983 1142.8792 206.0932 1.6743 0.5369 1.8327 24.8829 1.5458 34.5078 -7.4247 0.0738
Pedestrian -1 -1 -5.9512 580.5743 170.7863 599.7398 208.2353 1.9035 0.6486 0.8193 -1.0575 1.7981 37.1069 -5.9800 0.0613
Cyclist -1 -1 -3.9611 118.7928 190.2105 161.8458 232.9548 1.7287 0.4814 1.7384 -20.0735 2.4911 30.8082 -4.5349 0.0579
Pedestrian -1 -1 -7.5849 24.2932 191.4118 47.7421 229.0281 1.8169 0.7867 0.5572 -28.4055 2.7445 35.6654 -8.2540 0.0577
Cyclist -1 -1 -7.9700 110.0359 192.7085 122.0769 222.4667 1.6524 0.3919 1.6341 -28.6600 2.8230 41.8062 -8.5682 0.0540
Pedestrian -1 -1 -5.6864 621.8495 171.4382 640.6254 207.9670 1.8524 0.6157 0.7472 1.0516 1.7803 37.0570 -5.6588 0.0533
Pedestrian -1 -1 -4.8374 595.0254 171.9342 609.2814 208.4621 1.8541 0.6294 0.8538 -0.4466 1.8071 37.0893 -4.8500 0.0528
Cyclist -1 -1 -2.2621 36.3603 196.2473 76.6785 230.6403 1.6329 0.6061 1.7348 -27.2045 2.7967 35.4156 -2.9136 0.0525
Pedestrian -1 -1 -6.5954 1121.7570 170.3253 1137.1532 207.2078 1.7379 0.6268 0.4200 24.6920 1.6184 34.3604 -5.9767 0.0511
Car -1 -1 -4.2396 201.6543 197.0635 291.4632 237.1465 1.4159 1.6911 3.9614 -14.9729 2.4850 29.8818 -4.7010 0.9506
Car -1 -1 -4.3105 327.9264 186.6551 379.7157 213.5880 1.6327 1.6758 4.3944 -17.1000 2.5989 48.2870 -4.6495 0.8173
Car -1 -1 -4.4954 530.3563 176.3910 565.2079 202.0010 1.7248 1.6405 4.0261 -4.4069 1.9861 51.2776 -4.5811 0.2059
Car -1 -1 -4.7684 773.4908 172.1886 801.1823 196.8140 1.6475 1.6538 3.7249 12.2819 1.6027 50.2546 -4.5304 0.1280
Car -1 -1 -4.1585 138.5100 191.6325 198.7292 219.3455 1.5553 1.6328 3.3724 -27.1739 2.7566 44.4794 -4.7046 0.1000
Car -1 -1 -7.4064 0.0000 194.4747 53.5525 226.7824 1.5328 1.6263 3.9790 -32.2299 2.7708 39.2009 -8.0913 0.0901
Car -1 -1 -3.6043 1029.8326 183.5884 1120.2899 211.5982 1.5159 1.6090 4.0066 26.2169 2.1380 40.8312 -3.0373 0.0880
Car -1 -1 -4.4557 65.1573 193.9988 119.8368 224.3102 1.5468 1.6242 3.9429 -30.0248 2.8375 41.9242 -5.0744 0.0838
Car -1 -1 -4.5413 39.2843 199.1288 93.4044 233.0539 1.4879 1.5749 3.7857 -27.7335 2.9042 36.8568 -5.1831 0.0780
Car -1 -1 -5.1784 628.9303 173.6792 668.5080 196.1457 1.7687 1.6734 3.8578 3.1041 1.8384 59.0614 -5.1266 0.0760
Car -1 -1 -8.1950 626.0770 180.5823 677.5231 210.5878 1.4558 1.5613 3.6511 2.1075 1.8835 37.9938 -8.1406 0.0703
Car -1 -1 -7.3390 1071.4556 156.1695 1241.0000 374.0000 1.4796 1.6295 4.1719 4.3114 1.4371 2.8873 -6.4046 0.0686
Car -1 -1 -4.8772 1044.5009 179.0313 1090.5363 207.6727 1.6117 1.7295 3.7932 27.5340 2.0024 43.5839 -4.3173 0.0665
Car -1 -1 -5.1236 207.3970 181.1813 254.7552 204.0656 1.5917 1.6610 3.9683 -28.1197 2.2301 53.4515 -5.6060 0.0612
