Pedestrian -1 -1 -8.7133 1097.5426 165.0590 1120.7483 213.2138 1.9246 0.5934 0.5075 20.1251 1.6128 29.1599 -8.1143 0.1731
Pedestrian -1 -1 -4.5885 51.3916 166.8682 73.4104 213.4157 1.8367 0.6255 0.6509 -21.9773 1.6002 28.9083 -5.2342 0.1035
Cyclist -1 -1 -7.2911 60.6758 177.7469 93.2515 213.6915 1.8152 0.4742 1.8022 -27.7975 2.0761 37.6026 -7.9245 0.1006
Car -1 -1 -7.5291 246.6048 190.9352 381.0531 267.9122 1.4792 1.6360 4.2067 -6.8366 1.9591 17.0157 -7.9063 0.0906
Pedestrian -1 -1 -7.1974 1162.9354 174.9910 1191.0588 220.7968 1.7572 0.6634 0.5502 22.0361 1.8413 28.1058 -6.5380 0.0826
Pedestrian -1 -1 -5.2097 697.6241 189.2193 712.1780 218.6869 1.4650 0.5268 0.5630 4.7760 2.3036 36.6273 -5.0818 0.0826
Car -1 -1 -3.7937 178.3328 193.5784 247.7296 219.1707 1.5471 1.6646 3.9466 -27.0444 3.0221 49.2260 -4.2941 0.0817
Car -1 -1 -7.1439 0.0000 163.8496 42.0184 212.0696 2.0693 1.8737 4.2014 -28.6595 1.6826 33.0654 -7.8542 0.0786
Cyclist -1 -1 -7.6030 792.1895 175.0133 805.7637 201.0570 1.6304 0.4445 1.6664 12.0579 1.7707 46.1459 -7.3494 0.0749
Pedestrian -1 -1 -5.3529 1099.3942 162.3553 1123.5793 216.5640 1.9508 0.5789 0.4294 18.1547 1.5727 26.1923 -4.7525 0.0634
Car -1 -1 -4.3747 260.4829 189.5050 344.7520 232.8783 1.4764 1.6972 4.3570 -12.0536 2.1850 28.4942 -4.7720 0.0633
Pedestrian -1 -1 -2.6441 762.6547 193.0465 798.7526 264.7570 1.3899 0.4355 0.5698 3.3847 1.8062 14.5343 -2.4209 0.0619
Car -1 -1 -7.2786 1229.4617 143.5883 1241.0000 374.0000 1.5932 1.6171 4.0734 7.0124 1.4233 5.1615 -6.3695 0.0600
Car -1 -1 -4.9807 656.4042 174.5737 692.7135 203.3957 2.1537 1.7624 4.2153 4.9718 2.2932 56.4148 -4.8938 0.0586
Car -1 -1 -4.5989 205.7673 187.4088 243.2023 214.9410 1.5578 1.6532 3.5692 -23.9549 2.5021 44.8647 -5.0871 0.0566
Pedestrian -1 -1 -7.7667 25.8276 166.9350 50.5377 214.8103 1.8515 0.7091 0.6090 -22.5071 1.6223 28.3532 -8.4332 0.0561
Pedestrian -1 -1 -7.2104 1064.1693 173.4440 1085.2423 207.5256 1.9235 0.7007 0.7527 26.4946 1.9573 41.1994 -6.6426 0.0548
Pedestrian -1 -1 -6.6408 683.3795 176.5705 700.5140 207.7810 1.8994 0.6486 0.8759 5.0090 2.1302 44.4338 -6.5298 0.0548
Pedestrian -1 -1 -4.8130 845.2026 164.2015 862.3065 206.6409 2.0864 0.7505 0.5527 12.0581 1.6608 35.8248 -4.4912 0.0541
Pedestrian -1 -1 -3.0056 686.2126 188.0279 730.0923 287.6059 1.5013 0.4744 0.6251 1.4841 1.7448 11.2831 -2.8796 0.0531
Car -1 -1 -4.8377 245.8380 188.4667 284.1479 217.4330 1.6283 1.6436 4.3039 -21.7059 2.6559 45.2469 -5.2830 0.0521
Pedestrian -1 -1 -8.1123 900.5663 173.2699 922.1058 220.9415 1.8804 0.6287 0.7195 12.0047 1.8970 28.8656 -7.7224 0.0506
Pedestrian -1 -1 -4.7304 878.0795 184.9130 893.9362 225.9818 1.5415 0.5535 0.6103 10.5410 2.0102 27.6856 -4.3708 0.4175
Cyclist -1 -1 -5.0713 716.0053 181.2967 739.5247 218.1303 1.7194 0.5931 1.6012 5.6453 2.1374 34.9113 -4.9130 0.1491
Cyclist -1 -1 -8.5315 753.8956 181.6382 782.9689 219.9141 1.6979 0.4484 1.5165 7.2238 2.1106 33.1429 -8.3194 0.1201
Cyclist -1 -1 -7.8498 800.4207 176.9509 809.7548 207.6921 1.7059 0.5035 1.5843 11.0733 1.9437 41.0921 -7.5889 0.1023
Pedestrian -1 -1 -7.4138 795.8387 175.1122 809.0281 207.8937 1.8383 0.5968 0.4277 10.8616 1.9670 40.8666 -7.1563 0.0985
Cyclist -1 -1 -6.7787 794.3603 173.5006 827.5707 206.5741 1.8489 0.6679 1.6997 11.3438 1.8857 40.8730 -6.5103 0.0967
Cyclist -1 -1 -6.4346 787.7092 172.7251 817.8227 206.8241 1.9237 0.6879 1.5707 10.9427 1.9161 41.1314 -6.1769 0.0703
Cyclist -1 -1 -3.0721 755.4133 179.9439 789.7115 219.5239 1.7811 0.5556 1.5026 7.4211 2.1109 33.1194 -2.8542 0.0617
Cyclist -1 -1 -8.6823 855.6796 181.2193 896.4955 226.2210 1.6726 0.5557 1.4943 10.2299 2.0050 27.9031 -8.3350 0.0612
Cyclist -1 -1 -3.7107 863.7434 180.8825 909.0179 225.5827 1.6935 0.5822 1.5737 10.6552 2.0091 27.9448 -3.3506 0.0589
Pedestrian -1 -1 -7.4831 696.6237 180.2798 713.6514 216.0960 1.8546 0.6603 0.7629 4.9814 2.2510 38.0590 -7.3547 0.0542
Cyclist -1 -1 -7.5643 710.5810 182.6142 732.3634 217.3395 1.6990 0.6297 1.7417 5.6466 2.2082 36.7426 -7.4137 0.0531
Car -1 -1 -4.3595 257.4937 185.9354 364.8171 250.4230 1.6075 1.6159 3.7710 -8.4692 2.0166 20.6717 -4.7443 0.9511
Car -1 -1 -7.8556 574.6903 186.1612 612.1046 221.3014 1.4759 1.6619 4.5284 -0.8398 2.1508 34.3217 -7.8805 0.9115
Car -1 -1 -4.4998 397.9955 188.7785 452.3273 224.1858 1.4711 1.6897 3.7688 -8.5806 2.2549 33.6139 -4.7484 0.8192
Car -1 -1 -3.9698 0.0000 189.7390 145.6667 345.5769 1.5209 1.6166 3.9286 -8.2739 1.7888 9.4677 -4.6742 0.8124
Car -1 -1 -4.6086 461.5078 182.5772 496.8691 211.8559 1.5784 1.6394 3.9176 -7.6467 2.1746 42.2500 -4.7870 0.1460
Car -1 -1 -4.5578 368.3875 187.5968 438.0361 238.2286 1.5061 1.6724 4.1845 -7.0803 2.0592 24.9078 -4.8325 0.1431
Car -1 -1 -4.5881 418.3867 187.2938 469.1713 227.0178 1.4750 1.6013 3.8812 -6.9451 2.1207 30.2650 -4.8123 0.1304
Car -1 -1 -4.6180 475.5541 184.8191 505.2447 210.0570 1.5333 1.5924 3.6307 -7.8638 2.3512 47.4730 -4.7817 0.1141
Car -1 -1 -4.4053 113.3461 191.7279 173.5731 223.2794 1.5984 1.7101 4.1942 -26.7699 2.7422 41.4896 -4.9757 0.0849
Car -1 -1 -4.5046 495.1425 185.4142 527.9931 209.0224 1.5946 1.5942 4.0341 -7.2166 2.5531 53.0073 -4.6398 0.0841
Car -1 -1 -7.5727 857.3950 170.4278 899.9594 196.4476 1.6793 1.6730 3.9299 18.1139 1.5224 48.6465 -7.2185 0.0826
Car -1 -1 -7.8873 500.2269 183.0058 529.3151 209.7831 1.5196 1.6444 4.4210 -6.0175 2.1853 45.0186 -8.0199 0.0703
Car -1 -1 -4.5316 442.6363 184.4086 489.5002 218.3575 1.5970 1.6731 4.0733 -7.4305 2.2282 37.3860 -4.7270 0.0657
Car -1 -1 -8.2127 743.8990 185.1516 803.0463 219.5491 1.4815 1.5527 3.6291 7.6710 2.0991 34.3454 -7.9955 0.0529
