Pedestrian -1 -1 -7.9371 549.1003 158.5338 577.4888 234.1241 1.8418 0.6489 0.7127 -1.0877 1.3069 17.6262 -7.9959 0.1199
Cyclist -1 -1 -5.0228 665.9921 165.0861 694.3167 210.1446 1.7563 0.6755 1.5891 2.9773 1.1557 28.4057 -4.9178 0.1111
Pedestrian -1 -1 -4.9262 1017.1109 207.4086 1102.8009 369.0000 1.2739 0.4062 0.5569 3.2794 1.4854 5.2174 -4.3900 0.0742
Pedestrian -1 -1 -4.3476 0.0000 174.6910 49.2476 261.3392 1.6867 0.6001 0.6530 -11.6829 1.5740 14.1667 -5.0245 0.0599
Pedestrian -1 -1 -4.8853 1156.0048 228.0399 1223.0000 361.2400 1.1134 0.3781 0.5167 5.2656 1.5690 6.4533 -4.2231 0.0563
Car -1 -1 -5.3639 0.0000 178.8212 126.1650 222.1295 1.4908 1.6065 4.0476 -19.7273 1.4333 25.6553 -6.0117 0.0525
Pedestrian -1 -1 -5.5966 592.3657 163.3080 603.4815 189.4609 1.8734 0.6779 0.4821 -0.5086 0.6419 51.0640 -5.6047 0.0523
Pedestrian -1 -1 -4.6515 1121.8634 200.1898 1223.0000 369.0000 1.4357 0.5104 0.5273 3.3765 1.5643 4.2380 -4.0126 0.0508
Pedestrian -1 -1 -5.4774 217.3164 171.9067 324.3103 324.6140 1.6275 0.6305 0.9283 -3.8259 1.5363 7.9992 -5.9065 0.8687
Pedestrian -1 -1 -4.4588 1175.7019 162.1271 1223.0000 266.0938 1.7027 0.5759 0.6846 10.1200 1.4022 12.0141 -3.7702 0.2396
Pedestrian -1 -1 -6.7016 264.6736 165.2824 313.0285 256.2014 1.7192 0.6669 0.6517 -6.2324 1.4318 13.8351 -7.1145 0.1630
Pedestrian -1 -1 -8.2513 837.6477 169.5010 872.9728 233.9515 1.5872 0.5931 0.7438 6.2519 1.3166 17.8019 -7.9174 0.1593
Cyclist -1 -1 -2.9587 649.3656 140.3280 680.9475 172.2856 1.7648 0.6615 1.6819 3.3812 -0.4694 39.8676 -2.8726 0.1415
Cyclist -1 -1 -7.8499 508.3791 164.2915 543.8812 263.8021 1.7040 0.6059 1.8116 -1.4979 1.4268 13.0402 -7.9598 0.1384
Pedestrian -1 -1 -4.7768 1086.5723 149.6593 1133.4900 266.3181 1.8325 0.5710 0.6676 8.1783 1.3484 11.5394 -4.1716 0.1366
Pedestrian -1 -1 -8.2735 455.4527 166.0988 498.6334 250.1230 1.7248 0.6309 0.8038 -2.7688 1.4295 15.0237 -8.4503 0.1127
Pedestrian -1 -1 -5.0118 772.1047 160.7865 821.9144 263.7469 1.7519 0.6274 0.8155 3.3190 1.4168 12.4515 -4.7559 0.1058
Pedestrian -1 -1 -4.8067 94.0031 173.4782 132.7057 262.5854 1.6122 0.5430 0.6237 -9.2321 1.4855 13.2059 -5.4038 0.0905
Pedestrian -1 -1 -6.0867 1023.8211 158.5803 1071.9843 269.4550 1.7661 0.5564 0.5818 7.2571 1.4173 11.6639 -5.5406 0.0886
Cyclist -1 -1 -8.2694 847.6467 176.8618 930.0999 279.6136 1.4794 0.5500 1.6533 4.3263 1.4274 11.0192 -7.9033 0.0858
Cyclist -1 -1 -6.4229 657.4785 140.1231 689.6038 172.2411 1.7994 0.6292 1.7445 3.8727 -0.4729 40.1444 -6.3253 0.0844
Cyclist -1 -1 -7.3508 208.3630 169.0593 276.6350 255.0958 1.6177 0.4430 1.6926 -7.2600 1.4030 14.1488 -7.8140 0.0831
Pedestrian -1 -1 -2.0511 241.8468 207.2534 277.0299 287.7919 1.0951 0.2995 0.3986 -4.9453 1.4834 10.0128 -2.4956 0.0811
Pedestrian -1 -1 -4.5703 752.5060 163.8442 787.9954 254.3991 1.7580 0.5883 0.8302 3.2841 1.4350 14.2193 -4.3465 0.0792
Cyclist -1 -1 -4.1101 30.8343 163.7601 136.2360 265.6275 1.7251 0.6308 1.7833 -9.4740 1.4420 12.8713 -4.7310 0.0768
Pedestrian -1 -1 -5.4102 628.9783 167.5884 682.2566 261.6234 1.6483 0.5412 0.8609 0.8685 1.4224 12.9010 -5.3429 0.0765
Pedestrian -1 -1 -7.3739 661.9472 140.1502 679.1663 172.8840 1.7991 0.6985 0.7373 3.6592 -0.4317 39.5931 -7.2804 0.0754
Cyclist -1 -1 -5.6251 216.1941 164.1511 313.8708 255.0742 1.7104 0.5923 1.7166 -6.6633 1.4032 13.7754 -6.0647 0.0754
Pedestrian -1 -1 -3.7260 273.9398 170.5308 315.6018 257.5668 1.6313 0.6324 0.4654 -6.0226 1.4448 13.6204 -4.1320 0.0745
Pedestrian -1 -1 -4.7527 1069.6886 151.3953 1116.1021 267.3456 1.8176 0.5853 0.6752 7.8880 1.3618 11.5243 -4.1636 0.0738
Pedestrian -1 -1 -8.1568 521.5676 163.1120 565.1670 260.0677 1.7035 0.5820 0.7919 -1.1803 1.3984 12.8996 -8.2440 0.0709
Pedestrian -1 -1 -4.5569 877.7183 192.3637 919.5719 286.0556 1.3048 0.4948 0.5103 4.2209 1.4835 10.2802 -4.1764 0.0676
Pedestrian -1 -1 -2.3437 385.2990 170.8220 431.8622 248.1732 1.6368 0.5523 0.8358 -4.3251 1.4324 15.4114 -2.6101 0.0650
Pedestrian -1 -1 -4.6136 678.0493 168.9046 709.7347 251.9837 1.6598 0.5822 0.7096 1.7879 1.4285 14.5353 -4.4922 0.0626
Pedestrian -1 -1 -3.8507 199.9506 166.9384 249.9263 255.1604 1.6781 0.5680 0.6500 -7.4879 1.4205 13.8562 -4.3348 0.0623
Pedestrian -1 -1 -7.2160 999.0120 169.7822 1049.6399 268.8680 1.6535 0.4788 0.6139 7.1478 1.4750 12.1406 -6.6936 0.0618
Cyclist -1 -1 -5.0233 654.9565 139.3078 673.7267 171.2987 1.7462 0.5757 1.6631 3.3321 -0.5315 39.9723 -4.9386 0.0615
Cyclist -1 -1 -6.1868 221.6786 179.6033 360.7921 288.9861 1.4889 0.8100 1.7714 -4.5482 1.4771 10.2782 -6.5902 0.0608
Pedestrian -1 -1 -3.8055 816.9056 175.7338 867.5688 257.5000 1.5676 0.5091 0.8041 4.6243 1.4766 13.9317 -3.4901 0.0606
Cyclist -1 -1 -8.3510 824.7487 165.1512 871.3705 232.8212 1.6838 0.4813 1.4966 6.2519 1.3022 18.3720 -8.0266 0.0596
Pedestrian -1 -1 -4.3307 1040.1040 155.3165 1092.3381 268.6633 1.7963 0.5471 0.5753 7.5120 1.3975 11.5951 -3.7666 0.0595
Pedestrian -1 -1 -4.1698 856.7098 165.3674 910.6920 268.5201 1.6771 0.5661 0.7099 4.6560 1.4315 11.9373 -3.8052 0.0590
Pedestrian -1 -1 -5.6536 1113.3101 147.1783 1186.8464 265.8569 1.8640 0.5797 0.7548 8.8411 1.3410 11.5513 -5.0119 0.0585
Pedestrian -1 -1 -4.4679 876.2147 199.9048 913.8680 281.0178 1.1625 0.4301 0.4492 4.2940 1.4619 10.5881 -4.0913 0.0583
Pedestrian -1 -1 -8.1218 660.9523 165.0748 704.4829 259.2177 1.6737 0.6084 0.7752 1.3711 1.3999 13.0022 -8.0175 0.0571
Pedestrian -1 -1 -7.6918 240.7219 166.7069 281.3223 256.7336 1.6834 0.6055 0.6274 -6.6557 1.4259 13.6068 -8.1357 0.0563
Cyclist -1 -1 -7.6829 234.4791 169.1637 278.4294 256.2680 1.6194 0.4739 1.7809 -6.9521 1.4090 14.0667 -8.1312 0.0561
Pedestrian -1 -1 -3.4260 256.0117 198.6339 294.3959 284.8198 1.1784 0.3646 0.4112 -4.7415 1.4437 10.0543 -3.8527 0.0552
Pedestrian -1 -1 -6.3897 947.4179 165.5888 992.6334 268.3966 1.6395 0.5380 0.6001 5.9443 1.4021 11.6323 -5.9266 0.0549
Pedestrian -1 -1 -8.2316 962.7240 163.1130 1014.2370 268.5398 1.6794 0.5415 0.6344 6.2330 1.4028 11.6068 -7.7484 0.0546
Pedestrian -1 -1 -8.1673 898.3758 161.8329 948.7272 265.9073 1.6999 0.6048 0.6185 5.2936 1.3953 11.8855 -7.7565 0.0543
Pedestrian -1 -1 -2.9131 187.5449 160.1869 236.8737 251.9658 1.7809 0.5527 0.7507 -7.8588 1.3871 14.0858 -3.4106 0.0540
Pedestrian -1 -1 -5.3801 995.5942 155.0426 1052.0541 265.5157 1.7686 0.5472 0.5954 6.8437 1.3615 11.6542 -4.8593 0.0537
Cyclist -1 -1 -6.4636 815.5932 165.4808 885.0596 233.7085 1.6957 0.6374 1.5790 6.1843 1.3228 18.0037 -6.1364 0.0535
Cyclist -1 -1 -4.6850 669.3263 139.7050 678.8570 171.0038 1.7061 0.4907 1.6312 3.8905 -0.5470 39.8921 -4.5864 0.0533
Pedestrian -1 -1 -4.5096 863.7076 194.8009 900.1152 275.5866 1.2095 0.4509 0.4481 4.2614 1.4387 11.0050 -4.1481 0.0524
Pedestrian -1 -1 -8.1780 981.1987 160.9345 1030.6639 268.5758 1.7158 0.5485 0.5656 6.5149 1.4043 11.5969 -7.6762 0.0513
Pedestrian -1 -1 -4.5087 375.1394 197.7647 408.7940 274.2678 1.1736 0.4099 0.5435 -3.4372 1.4561 11.2643 -4.7953 0.0511
Car -1 -1 -6.2317 653.0900 141.5518 719.6843 169.2019 1.4953 1.6171 3.6863 4.6430 -0.6606 40.2439 -6.1155 0.1319
Car -1 -1 -7.5505 571.1384 170.6858 627.5358 204.9180 1.4950 1.5848 3.6971 -0.2242 1.0666 32.8781 -7.5555 0.0778
