Pedestrian -1 -1 -5.7773 181.3605 178.7805 199.3082 208.1311 1.7606 0.5465 0.7709 -25.4349 2.1214 43.6756 -6.3022 0.0855
Pedestrian -1 -1 -3.9598 720.3415 169.3955 732.3136 195.0367 1.8950 0.5658 0.6844 8.6374 1.6391 53.7572 -3.8017 0.0797
Pedestrian -1 -1 -7.0957 480.4757 173.7959 497.1149 204.7007 1.7044 0.6590 0.6361 -6.8010 1.7573 40.2687 -7.2624 0.0692
Car -1 -1 -4.6620 774.3608 181.1336 794.3241 197.9220 1.5236 1.6850 3.9662 16.8534 2.3481 69.7354 -4.4262 0.0654
Car -1 -1 -7.9339 567.1743 176.3171 619.7120 220.2361 1.5195 1.6490 4.2016 -0.7489 1.6616 27.4844 -7.9615 0.0608
Pedestrian -1 -1 -3.9403 829.0524 172.6387 840.0020 203.3532 1.9838 0.5788 0.3799 14.5745 1.9696 46.9480 -3.6416 0.0555
Car -1 -1 -4.9133 691.9879 175.9664 732.5101 201.9568 1.4560 1.5923 4.0889 6.0034 1.6502 43.0117 -4.7760 0.0532
Car -1 -1 -7.2442 0.0000 186.5420 33.9018 248.1230 1.4418 1.5332 4.0406 -18.1473 1.8593 19.9249 -7.9764 0.0532
Car -1 -1 -6.7328 869.7758 180.6417 953.9872 208.5017 1.4856 1.5968 4.0001 16.6158 1.9258 39.8993 -6.3413 0.0524
Pedestrian -1 -1 -8.0707 957.1277 174.2032 976.2105 215.7302 1.8141 0.6781 0.4211 15.6839 1.8738 31.8224 -7.6170 0.0516
Car -1 -1 -7.8395 88.7319 178.0917 130.4889 212.4942 1.5575 1.6039 3.6692 -24.4259 1.8273 35.2377 -8.4423 0.0513
Cyclist -1 -1 -8.0602 804.7548 176.3328 816.4078 203.3154 1.7185 0.3927 1.6690 13.0297 1.9489 47.0158 -7.7920 0.0508
Pedestrian -1 -1 -8.9143 905.4852 163.9778 963.2145 277.3926 1.8891 0.5880 0.7172 5.5521 1.7410 12.4820 -8.5055 0.0507
Pedestrian -1 -1 -7.8402 209.1843 173.4897 225.9056 210.4304 1.8291 0.7256 0.9159 -19.7880 1.8613 36.3194 -8.3363 0.2570
Pedestrian -1 -1 -5.5717 385.2315 172.0637 417.6531 227.5151 1.7263 0.6555 0.7412 -6.6686 1.7014 22.9154 -5.8523 0.1058
Cyclist -1 -1 -7.8847 385.1429 170.2280 403.5673 226.9438 1.8024 0.5292 1.7706 -7.1862 1.7186 23.8532 -8.1748 0.0997
Pedestrian -1 -1 -5.9492 301.4877 174.2134 316.4216 199.4637 1.7678 0.5279 0.8447 -21.2384 1.8638 50.8362 -6.3433 0.0995
Cyclist -1 -1 -8.0104 203.9522 178.0472 218.2554 212.0904 1.6812 0.3845 1.6576 -20.3017 1.9502 36.6408 -8.5135 0.0782
Cyclist -1 -1 -4.7545 201.9836 171.6123 215.7511 209.2339 1.8275 0.5267 1.8099 -20.0378 1.7669 35.9597 -5.2600 0.0586
Pedestrian -1 -1 -7.8857 568.9461 180.2547 588.0457 229.5481 1.4810 0.5645 0.5563 -1.0156 1.7101 22.0674 -7.9319 0.0574
Pedestrian -1 -1 -7.6901 823.3098 177.5590 837.0436 206.3114 1.7504 0.6907 0.8162 13.5814 2.0444 44.6153 -7.3970 0.0561
Car -1 -1 -4.1875 2.3951 190.0321 179.8841 257.8279 1.3362 1.5836 4.1298 -12.3176 1.8012 17.4206 -4.7959 0.9672
Car -1 -1 -7.7100 507.5649 176.0924 554.7556 211.2029 1.4807 1.6002 3.7725 -3.5542 1.6358 32.6970 -7.8179 0.9616
Car -1 -1 -7.8445 567.3057 180.1110 620.2786 227.5868 1.4017 1.6031 3.4174 -0.5645 1.6556 23.5494 -7.8689 0.9337
Car -1 -1 -4.6705 386.0825 174.5530 412.2676 197.9186 1.6108 1.6515 3.9294 -15.2307 1.7383 52.1532 -4.9536 0.5232
Car -1 -1 -4.3940 746.5266 178.2731 778.3663 196.8063 1.6355 1.6623 4.2498 14.2181 2.1572 67.2463 -4.1869 0.1802
Car -1 -1 -7.6785 424.1408 174.0293 448.7841 190.1399 1.4911 1.6256 3.9750 -16.6072 1.6067 69.1110 -7.9138 0.1463
Car -1 -1 -4.0806 162.0291 184.4691 235.8539 214.3636 1.4894 1.6473 3.6640 -22.3694 2.1534 39.3531 -4.5948 0.1257
Car -1 -1 -7.3989 112.9800 182.3415 226.4329 226.9501 1.4711 1.7470 4.6885 -16.4721 1.8605 27.2297 -7.9388 0.1244
Car -1 -1 -4.4004 307.4070 177.4249 354.2281 203.7322 1.5925 1.6817 3.9132 -17.9121 1.8987 46.3734 -4.7674 0.0906
Car -1 -1 -4.4985 437.3840 176.0187 468.4703 195.3146 1.4100 1.5384 3.8801 -12.0250 1.6607 55.3002 -4.7119 0.0707
Car -1 -1 -4.5865 800.3002 180.6881 834.8264 206.1758 1.5141 1.6543 3.9812 13.3336 2.0404 46.3433 -4.3086 0.0583
Car -1 -1 -4.9669 481.8007 175.2732 516.0983 197.2499 1.5819 1.6058 3.9908 -8.4623 1.7718 54.5619 -5.1204 0.0501
