Pedestrian -1 -1 -7.4356 223.8395 196.2916 251.7994 246.6189 1.5413 0.6601 0.4261 -11.6721 2.2808 22.5432 -7.9090 0.2861
Pedestrian -1 -1 -3.4494 658.7201 174.8599 681.1814 212.4877 1.7916 0.7137 0.9062 2.8511 1.8894 34.8520 -3.3691 0.2099
Cyclist -1 -1 -4.5648 38.7537 196.3349 98.8418 308.9355 1.5653 0.4912 1.6905 -8.4594 1.9593 11.2523 -5.1983 0.1830
Cyclist -1 -1 -6.6758 698.5963 169.7889 737.2280 208.1176 1.8337 0.6618 1.7349 5.1988 1.6868 35.0528 -6.5303 0.1216
Pedestrian -1 -1 -8.4844 804.4396 166.8988 838.9323 234.6416 1.8575 0.5784 0.7791 5.8848 1.6939 20.2498 -8.2062 0.1070
Pedestrian -1 -1 -4.0962 1019.6327 161.6742 1118.0431 335.1426 1.6937 0.6024 0.6406 4.6694 1.5842 7.4492 -3.5548 0.1046
Pedestrian -1 -1 -3.5447 781.2990 150.3643 880.4434 315.5104 1.8385 0.6213 0.9304 2.4967 1.5878 8.3988 -3.2666 0.1020
Pedestrian -1 -1 -5.9689 817.7949 171.3179 846.7488 234.8422 1.7463 0.5619 0.6364 6.1884 1.7037 20.2471 -5.6771 0.0886
Cyclist -1 -1 -6.1065 371.1936 170.4702 420.8490 221.0536 1.9041 0.7076 1.7240 -8.2170 1.8140 27.6068 -6.3937 0.0852
Pedestrian -1 -1 -7.1495 325.0839 181.8121 352.7008 235.9220 1.6594 0.6238 0.5163 -8.5343 1.9439 22.5917 -7.5073 0.0801
Cyclist -1 -1 -4.7689 503.8390 176.0020 517.2816 215.2332 1.7201 0.5106 1.5845 -4.5412 1.8656 32.5954 -4.9068 0.0791
Pedestrian -1 -1 -2.4625 0.0000 172.5350 64.4954 324.1780 1.9127 0.6116 0.7190 -7.7597 1.9084 9.4079 -3.1385 0.0767
Pedestrian -1 -1 -3.2017 806.6309 146.5202 896.0188 326.9685 1.8485 0.5807 0.8687 2.5198 1.5785 7.7772 -2.9007 0.0710
Pedestrian -1 -1 -3.1583 204.1094 180.6954 244.8788 270.0563 1.7397 0.5407 0.7124 -7.8141 1.9017 14.5274 -3.6446 0.0696
Pedestrian -1 -1 -2.3699 129.6163 181.2773 183.0884 276.4349 1.7754 0.4974 0.7291 -8.7494 1.9405 13.8404 -2.9253 0.0683
Pedestrian -1 -1 -3.5570 821.3600 142.4396 938.9370 350.7844 1.8731 0.6058 0.8654 2.4754 1.5993 6.8244 -3.2242 0.0651
Pedestrian -1 -1 -3.1980 847.1837 178.7539 937.4774 354.2339 1.6305 0.5502 0.7855 2.6991 1.6914 7.1059 -2.8501 0.0636
Pedestrian -1 -1 -5.1406 706.9674 170.5700 723.3574 204.2317 1.7986 0.6623 0.6555 5.6376 1.6763 38.9611 -4.9984 0.0629
Cyclist -1 -1 -2.4563 199.0977 188.6037 257.6389 244.2567 1.6801 0.6403 1.5647 -11.9525 2.1816 22.5188 -2.9398 0.0623
Pedestrian -1 -1 -3.6409 876.7206 131.9821 1037.8656 374.0000 1.8864 0.6770 0.9762 2.7427 1.5740 5.8887 -3.2252 0.0602
Pedestrian -1 -1 -2.6332 248.7990 185.7690 289.3721 258.1775 1.6084 0.6325 0.6063 -7.8326 1.9092 16.4849 -3.0710 0.0598
Cyclist -1 -1 -7.5048 222.5623 185.7994 260.5721 244.7907 1.6224 0.4703 1.5779 -10.7567 2.0136 21.0110 -7.9732 0.0581
Cyclist -1 -1 -8.0649 319.7819 180.2488 346.1537 236.3543 1.6925 0.4709 1.5100 -8.7841 1.9330 22.7287 -8.4303 0.0581
Pedestrian -1 -1 -2.8251 808.7520 141.6221 905.2976 336.1238 1.8852 0.6096 0.8033 2.5026 1.5822 7.4759 -2.5152 0.0545
Pedestrian -1 -1 -5.9832 119.9240 180.2615 144.0054 246.1617 1.7534 0.5167 0.4087 -13.0112 1.9571 19.5708 -6.5639 0.0544
Pedestrian -1 -1 -7.2246 122.7023 182.0311 173.2006 276.0263 1.7897 0.5439 0.6690 -9.1093 1.9740 14.1588 -7.7881 0.0523
Pedestrian -1 -1 -2.0130 105.7876 184.5941 151.4984 283.3194 1.7486 0.4702 0.6424 -8.8825 1.9696 13.2350 -2.5951 0.0511
Cyclist -1 -1 -4.0293 286.1944 180.6059 352.7373 257.9057 1.7138 0.5543 1.6222 -6.8753 1.9056 17.0253 -4.4083 0.0510
Pedestrian -1 -1 -7.5098 52.6297 189.7004 113.7891 305.6336 1.7279 0.5534 0.7389 -8.2945 2.0017 11.3102 -8.1316 0.0505
Car -1 -1 -4.4203 200.4247 193.4720 424.7789 343.0526 1.4685 1.6082 3.9578 -3.7273 1.8026 9.6717 -4.7799 0.9764
Car -1 -1 -4.4630 367.7707 180.1321 494.0511 268.3988 1.6141 1.6654 4.0310 -3.7392 1.7913 15.5585 -4.6958 0.9296
Car -1 -1 -4.7076 512.4097 180.6796 551.3818 216.1767 1.4627 1.6495 3.9258 -3.5692 1.8388 32.6676 -4.8161 0.7368
Car -1 -1 -2.7706 348.9897 176.9848 462.0522 222.8058 1.7354 1.7470 3.9438 -8.0905 1.9047 28.5783 -3.0445 0.1070
Car -1 -1 -6.4400 659.3130 177.7383 741.7815 209.1674 1.5017 1.6350 3.8283 4.3890 1.7487 35.6372 -6.3190 0.1017
Car -1 -1 -4.3155 507.1415 178.7989 557.4076 204.2437 1.5250 1.6658 4.3888 -4.9972 1.9286 46.6803 -4.4220 0.0942
Car -1 -1 -4.5503 528.2495 179.3651 570.5389 209.7664 1.5424 1.6531 4.2759 -3.3157 1.9206 39.7448 -4.6335 0.0812
Car -1 -1 -7.4327 649.4955 165.9354 684.2437 187.4710 1.9704 1.7221 4.1783 5.3940 1.3371 68.2627 -7.3544 0.0778
Car -1 -1 -4.5343 446.9511 181.5994 487.5190 210.1582 1.5295 1.6454 3.8533 -8.2467 2.0589 41.7695 -4.7284 0.0724
Car -1 -1 -5.4895 1025.0956 149.9981 1241.0000 374.0000 1.7693 1.6977 4.1208 5.6515 1.6388 6.2203 -4.7761 0.0721
Car -1 -1 -4.3825 536.0724 179.1193 579.1735 203.4778 1.4447 1.5879 3.8054 -3.3161 1.8605 45.8857 -4.4547 0.0651
Car -1 -1 -4.7230 415.8639 178.9846 452.0258 211.9938 1.4410 1.5834 4.1468 -8.4839 1.7527 34.5219 -4.9626 0.0608
Car -1 -1 -4.7173 387.1904 182.3184 447.9896 238.5257 1.4766 1.6216 4.1467 -5.8948 1.7928 21.9141 -4.9777 0.0574
Car -1 -1 -4.5816 590.6688 178.9981 625.1091 203.5159 1.4500 1.6582 4.2552 -0.1208 1.8602 45.9982 -4.5848 0.0549
Car -1 -1 -4.6886 329.5456 188.8690 360.3312 218.4221 1.6374 1.6882 4.3866 -16.4681 2.6852 44.8704 -5.0389 0.0546
