Cyclist -1 -1 -6.1923 265.5596 167.5569 308.2051 208.6215 1.8392 0.6743 1.7208 -14.7630 1.6016 32.9119 -6.6112 0.2137
Cyclist -1 -1 -7.4304 301.8491 182.3378 359.7345 272.4576 1.5581 0.3900 1.5692 -5.2226 1.7449 13.4370 -7.7951 0.1790
Pedestrian -1 -1 -3.2789 582.6649 172.9119 596.2271 217.2163 1.9968 0.5682 0.5433 -0.9800 1.9991 32.8458 -3.3091 0.1765
Pedestrian -1 -1 -5.8675 589.6251 180.4883 604.8983 211.7569 1.8672 0.5995 0.7472 -0.8058 2.3339 43.7137 -5.8864 0.1667
Pedestrian -1 -1 -3.8800 681.7661 176.6244 720.6008 252.1683 1.7059 0.5616 0.7000 2.0665 1.7955 16.7685 -3.7606 0.1392
Pedestrian -1 -1 -5.3855 292.1206 166.7246 313.2583 208.3920 1.8873 0.7241 0.5241 -14.1474 1.6094 33.1250 -5.7865 0.1332
Pedestrian -1 -1 -7.8411 270.6932 171.1215 286.9178 209.0540 1.7076 0.6644 0.4808 -15.1098 1.6293 32.8349 -8.2695 0.1028
Cyclist -1 -1 -7.3606 234.7360 180.8296 297.2623 270.0753 1.5848 0.3491 1.6119 -6.5855 1.7457 13.7726 -7.7997 0.1027
Pedestrian -1 -1 -7.0485 309.0222 182.8729 355.3788 268.3199 1.5430 0.7107 0.4373 -5.2350 1.7345 13.4608 -7.4134 0.1009
Pedestrian -1 -1 -3.3415 838.2618 168.1758 1012.8284 374.0000 1.6199 0.4651 0.8529 1.7597 1.5941 4.2430 -2.9742 0.0881
Pedestrian -1 -1 -4.1786 327.5159 171.1246 377.2493 256.0171 1.6984 0.5862 0.9124 -5.3735 1.6635 14.9393 -4.5189 0.0872
Pedestrian -1 -1 -2.4582 279.3468 175.7643 325.1289 259.8797 1.6374 0.5857 0.6097 -6.2054 1.6969 14.4377 -2.8580 0.0864
Pedestrian -1 -1 -3.3781 677.5961 165.9286 714.0085 241.6067 1.9185 0.5828 0.8174 2.1587 1.7426 18.6313 -3.2655 0.0845
Cyclist -1 -1 -6.3483 384.9313 165.8878 423.1304 202.9178 1.8030 0.7109 1.7785 -10.2507 1.4635 35.7651 -6.6258 0.0817
Pedestrian -1 -1 -3.5376 684.5302 168.7766 723.6230 243.6030 1.8605 0.6085 0.8119 2.3356 1.7588 18.3424 -3.4139 0.0814
Pedestrian -1 -1 -4.3816 238.3488 157.9133 259.9583 199.3164 1.9371 0.7642 0.5862 -17.0896 1.2378 34.0994 -4.8433 0.0802
Cyclist -1 -1 -7.3821 262.4497 177.4045 329.5450 265.5081 1.6217 0.4436 1.7955 -6.2294 1.7172 14.2857 -7.7870 0.0795
Pedestrian -1 -1 -4.6149 355.7211 166.5957 371.6791 205.7204 1.8906 0.6960 0.4437 -12.0398 1.5879 35.1612 -4.9428 0.0792
Pedestrian -1 -1 -4.9473 426.2697 175.4167 453.5865 236.1298 1.7893 0.6438 0.7581 -5.1885 1.8682 21.7895 -5.1790 0.0751
Pedestrian -1 -1 -4.7114 558.7323 170.1629 574.1196 218.4444 1.8967 0.6038 0.6519 -1.7774 1.7907 28.6891 -4.7734 0.0705
Pedestrian -1 -1 -4.2671 300.3908 171.4487 351.4287 256.4695 1.6988 0.6772 0.8501 -5.8919 1.6704 14.8655 -4.6389 0.0681
Pedestrian -1 -1 -5.6811 130.6674 121.6130 276.9109 374.0000 1.8523 0.5813 0.5696 -2.5867 1.5526 4.5356 -6.1757 0.0617
Pedestrian -1 -1 -5.0882 586.3119 179.1376 601.1818 210.2959 1.8731 0.7232 0.6346 -1.0276 2.2597 43.9843 -5.1120 0.0600
Pedestrian -1 -1 -7.8149 388.7644 168.0440 403.1562 205.5234 1.8359 0.6606 0.5811 -10.6288 1.6000 35.7064 -8.1026 0.0514
Car -1 -1 -4.2121 78.5876 183.8731 336.7867 299.2428 1.4657 1.7189 4.3485 -6.2369 1.6788 11.7786 -4.6903 0.0635
Car -1 -1 -8.4744 838.7953 172.3253 1241.0000 374.0000 1.6895 1.6430 4.1020 3.3590 1.6866 5.5781 -7.9568 0.0597
Car -1 -1 -6.7693 667.1036 175.6150 745.9764 208.3612 1.6040 1.6084 3.6817 4.9012 1.7505 36.9730 -6.6391 0.0570
