Pedestrian -1 -1 -4.0016 0.0000 275.3307 80.9059 374.0000 1.1597 0.3697 0.4924 -4.0601 1.8988 4.9512 -4.6627 0.1423
Pedestrian -1 -1 -7.6872 389.7568 189.3440 409.5343 231.3252 1.5753 0.6379 0.5974 -8.1077 2.2150 27.6706 -7.9702 0.1238
Pedestrian -1 -1 -3.3402 987.4663 161.3053 1039.7429 258.0902 1.8509 0.4556 0.8160 7.8415 1.6297 14.1360 -2.8433 0.1045
Cyclist -1 -1 -7.4199 270.5653 189.3979 305.3047 237.3836 1.6356 0.4673 1.7084 -11.6503 2.2521 26.0429 -7.8371 0.1023
Pedestrian -1 -1 -4.9290 779.9786 167.3587 798.0073 212.1351 1.9869 0.6319 0.7719 7.9928 1.7427 32.4102 -4.6899 0.0935
Cyclist -1 -1 -2.7889 270.9474 180.0985 309.5996 215.3056 1.7954 0.6835 1.6981 -16.5800 2.1741 37.3517 -3.2043 0.0849
Car -1 -1 -7.1896 1198.7146 154.5787 1241.0000 204.2168 1.5575 1.6758 3.8049 21.7891 0.9837 23.7888 -6.4543 0.0815
Pedestrian -1 -1 -7.2958 750.6898 165.9945 780.1474 224.1949 1.9918 0.7476 0.7039 5.3824 1.7567 25.2059 -7.0885 0.0754
Cyclist -1 -1 -3.2110 1012.6297 164.2948 1045.7360 195.6473 1.8702 0.6608 1.6893 25.3404 1.3593 43.7057 -2.6888 0.0744
Car -1 -1 -7.4411 499.0502 170.2863 531.3286 188.3357 1.6832 1.6698 3.8581 -9.0989 1.4434 69.3706 -7.5713 0.0711
Car -1 -1 -4.7724 835.7876 177.6073 868.2134 203.6636 1.5077 1.6460 4.0584 14.9134 1.8162 44.7147 -4.4529 0.0710
Pedestrian -1 -1 -7.6100 388.2533 179.8371 404.5329 215.8127 1.8743 0.7038 0.5777 -11.2890 2.2448 38.0128 -7.8972 0.0625
Pedestrian -1 -1 -6.4734 456.5883 177.2982 469.4577 205.2611 1.7978 0.6247 0.7151 -9.5986 2.0893 46.9502 -6.6744 0.0620
Car -1 -1 -5.7128 286.9338 172.9322 337.6381 189.4493 1.5561 1.6297 4.2951 -28.5472 1.5634 69.1741 -6.1030 0.0575
Car -1 -1 -7.9447 312.9591 181.5921 363.0597 229.8808 1.7387 1.5724 2.9930 -10.7406 2.1014 28.2811 -8.3049 0.0551
Pedestrian -1 -1 -7.9479 798.2721 165.4951 817.2169 210.9005 2.0183 0.7635 0.6262 8.8450 1.6909 32.4465 -7.6846 0.0542
Car -1 -1 -7.9551 722.4025 165.6933 744.9305 186.3209 1.8476 1.6157 4.3572 11.4024 1.2059 66.8552 -7.7871 0.0529
Pedestrian -1 -1 -6.8134 723.7405 166.9134 734.9099 190.0299 1.8088 0.5890 0.6607 9.3733 1.3437 56.8520 -6.6511 0.0522
Pedestrian -1 -1 -4.1052 991.1252 170.0944 1005.3550 207.6882 1.7810 0.5008 0.3282 18.5101 1.6499 34.4799 -3.6165 0.3311
Cyclist -1 -1 -8.5535 1100.5316 150.0302 1241.0000 374.0000 1.7838 0.5002 1.6323 3.0474 1.7026 3.3775 -7.8631 0.1845
Cyclist -1 -1 -8.0420 989.6279 170.6498 1010.0352 206.9724 1.6858 0.5544 1.6125 18.5004 1.5832 34.3408 -7.5518 0.1563
Cyclist -1 -1 -8.5653 754.1094 174.3207 789.6694 218.0478 1.7570 0.5380 1.5686 6.6429 1.8191 29.8648 -8.3492 0.1559
Pedestrian -1 -1 -4.2448 994.5361 168.5064 1010.9795 207.3584 1.8354 0.5631 0.4150 18.7017 1.6297 34.4350 -3.7513 0.1520
Cyclist -1 -1 -4.1927 0.0000 191.0704 103.6504 374.0000 1.7021 0.5370 1.5965 -3.9772 1.8380 4.5654 -4.8811 0.1384
Cyclist -1 -1 -8.4102 760.8377 176.9383 792.4092 217.6381 1.6386 0.4741 1.6547 6.8876 1.8135 30.0820 -8.1879 0.0850
Cyclist -1 -1 -7.1245 983.2495 166.9656 1018.7864 206.3225 1.8615 0.5855 1.6040 18.7517 1.5827 34.6778 -6.6327 0.0832
Cyclist -1 -1 -7.3016 0.0000 207.4116 103.0457 374.0000 1.6383 0.5866 1.5326 -4.2536 1.9112 4.9054 -7.9897 0.0814
Cyclist -1 -1 -5.3801 989.9771 170.6586 1024.0841 207.6377 1.7142 0.5441 1.5935 18.8032 1.6121 34.2785 -4.8824 0.0775
Cyclist -1 -1 -8.6359 1148.0485 118.2096 1241.0000 374.0000 1.7891 0.5971 1.7652 3.3455 1.6094 3.2588 -7.8824 0.0675
Cyclist -1 -1 -6.5988 988.0494 169.0840 1029.4215 207.3118 1.7873 0.6140 1.6032 18.8359 1.6107 34.1828 -6.0992 0.0595
Cyclist -1 -1 -3.7641 0.0000 172.4108 50.5304 374.0000 1.8192 0.6284 1.7443 -4.6104 1.8167 4.4697 -4.5354 0.0585
Cyclist -1 -1 -5.4854 0.0000 211.5652 151.8195 374.0000 1.6234 0.5550 1.6474 -4.1295 1.9059 4.8948 -6.1601 0.0582
Pedestrian -1 -1 -7.8253 984.2040 168.4715 998.7560 207.2580 1.8427 0.6065 0.4675 18.2692 1.6342 34.6311 -7.3438 0.0579
Cyclist -1 -1 -8.4096 1132.4937 98.4561 1241.0000 374.0000 1.8697 0.5861 1.8622 2.7613 1.6850 2.7565 -7.6764 0.0559
Cyclist -1 -1 -3.2516 1020.2249 162.2267 1111.2245 241.3020 1.7345 0.7341 1.6834 10.3370 1.5011 16.5178 -2.7010 0.0520
Cyclist -1 -1 -3.8710 0.0000 190.1001 200.6953 374.0000 1.7247 0.5221 1.6640 -3.9938 1.8744 5.4064 -4.4845 0.0519
Car -1 -1 -7.9982 707.6142 184.2612 798.5241 253.0820 1.4358 1.6129 3.6259 3.3037 1.7414 17.5066 -7.8157 0.9715
Car -1 -1 -4.5495 481.1575 183.0098 533.7957 221.4890 1.6163 1.7829 4.0114 -4.7157 2.1147 33.4038 -4.6892 0.9108
Car -1 -1 -7.9548 687.5749 180.4444 752.9180 233.0829 1.5140 1.6545 4.1645 3.4438 1.7830 23.4787 -7.8118 0.9105
Car -1 -1 -2.9738 889.9506 175.6814 1052.0057 228.4895 1.5093 1.6176 4.3706 11.2685 1.6057 22.7586 -2.5197 0.7804
Car -1 -1 -3.0344 1004.9111 158.6161 1222.0054 246.0095 1.7792 1.7016 3.9551 11.4448 1.4890 16.6154 -2.4400 0.7244
Car -1 -1 -4.5821 507.3020 183.1574 547.2863 214.8938 1.5470 1.6081 4.0574 -4.4003 2.1262 38.5390 -4.6955 0.5911
Car -1 -1 -7.8802 666.9983 176.3930 692.1306 202.5941 1.7837 1.6777 3.9838 4.9197 2.0470 51.7152 -7.7864 0.5426
Car -1 -1 -4.5201 535.9671 180.6707 573.0522 206.8020 1.6131 1.6651 4.3686 -3.6834 2.1591 48.1619 -4.5965 0.4070
Car -1 -1 -8.9500 1110.8961 196.4990 1241.0000 374.0000 1.4961 1.6135 3.7194 3.7274 1.6325 2.2288 -7.9756 0.3770
Car -1 -1 -6.9657 0.0000 218.6654 78.0789 374.0000 1.4643 1.5002 3.3560 -4.6968 1.7985 3.5867 -7.8482 0.3601
Car -1 -1 -6.0209 266.3619 185.1727 362.4713 215.9675 1.5332 1.6870 4.3862 -15.4988 2.1992 37.9183 -6.4068 0.3518
Car -1 -1 -4.6319 523.7667 182.1705 554.4905 210.1589 1.5649 1.5539 3.6217 -4.2580 2.1484 43.3825 -4.7296 0.2540
Car -1 -1 -6.2092 975.0010 174.0387 1166.4630 235.6653 1.4699 1.5462 4.1438 12.0552 1.5040 19.1250 -5.6542 0.2535
Car -1 -1 -5.7830 203.1686 190.2550 263.2921 211.2135 1.5891 1.6136 3.9148 -29.7400 2.9830 56.9626 -6.2625 0.2397
Car -1 -1 -4.6076 358.6302 181.9250 386.5904 205.0279 1.5908 1.5750 3.7409 -17.5086 2.2850 53.2440 -4.9242 0.1562
Car -1 -1 -4.5929 306.0328 185.0326 338.0765 206.4173 1.4056 1.6896 3.8397 -20.6799 2.3156 51.8588 -4.9709 0.0767
Car -1 -1 -4.7977 592.3630 180.5614 626.1442 208.7381 1.5751 1.6758 4.3001 -0.1291 2.0660 43.7635 -4.8012 0.0675
Car -1 -1 -5.0086 772.0452 179.0762 833.3514 216.5775 1.5494 1.5899 3.8246 8.5307 1.8453 32.3996 -4.7540 0.0640
Car -1 -1 -4.7249 716.2255 180.3598 753.0952 214.1468 1.4823 1.6493 4.1645 5.9334 1.8668 34.8099 -4.5580 0.0581
Car -1 -1 -8.0885 617.6123 178.7177 655.9443 203.2861 1.5622 1.6599 4.2429 1.7428 1.9799 49.1943 -8.0538 0.0533
