Pedestrian -1 -1 -6.0067 447.4427 173.9433 462.1061 221.6750 1.9586 0.6274 0.4409 -6.4838 2.0040 29.9491 -6.2186 0.1306
Pedestrian -1 -1 -8.1131 1138.1296 121.3306 1181.5353 208.1126 1.8160 0.6335 0.4783 11.7015 0.7375 15.4383 -7.4736 0.0985
Pedestrian -1 -1 -4.6890 824.3514 155.6852 850.9114 231.0580 1.9583 0.6617 0.8908 6.0355 1.5119 19.2738 -4.3905 0.0948
Car -1 -1 -6.7768 807.8945 180.9194 1065.0472 262.2799 1.3944 1.5517 4.1593 5.9534 1.5558 13.5098 -6.3705 0.0852
Pedestrian -1 -1 -6.2994 646.5471 170.6962 654.2365 192.3970 1.8396 0.5334 0.6443 3.4136 1.6564 61.4447 -6.2445 0.0704
Cyclist -1 -1 -8.0004 675.6570 171.5615 693.9570 215.3149 1.7455 0.4905 1.7588 3.0216 1.6937 29.6756 -7.9006 0.0676
Cyclist -1 -1 -7.6278 475.7294 181.7233 492.1700 215.0117 1.7510 0.5481 1.5419 -6.8699 2.2416 39.1550 -7.8009 0.0646
Pedestrian -1 -1 -2.5937 59.8548 177.9571 165.8922 357.4914 1.9101 0.5668 0.7868 -5.5430 1.9685 7.9940 -3.1849 0.0625
Pedestrian -1 -1 -4.9909 786.8077 176.6054 823.5252 256.0695 1.5956 0.5766 0.6175 3.9514 1.6740 14.8333 -4.7364 0.0616
Pedestrian -1 -1 -7.8463 489.3818 176.2885 500.3473 204.8533 1.8448 0.7015 0.5980 -7.5357 2.0700 47.0314 -8.0048 0.0606
Cyclist -1 -1 -5.3392 1038.8048 153.4318 1120.4440 242.8553 1.7287 0.5251 1.6392 9.5235 1.3529 14.7833 -4.7763 0.0602
Pedestrian -1 -1 -7.5696 458.7122 176.8857 479.7234 219.6153 1.9519 0.7444 0.8695 -6.5753 2.1415 33.5158 -7.7624 0.0592
Pedestrian -1 -1 -4.8217 873.9775 156.3511 911.4141 247.0539 1.8824 0.6508 0.8357 5.9919 1.5396 15.4602 -4.4591 0.0566
Cyclist -1 -1 -8.0957 687.6963 179.0347 708.4203 225.8837 1.5725 0.3648 1.4913 3.0163 1.7945 25.1829 -7.9786 0.0550
Pedestrian -1 -1 -4.1811 536.6694 172.3635 557.0414 210.6840 1.9381 0.6654 0.9262 -3.2784 1.9130 37.0538 -4.2693 0.0550
Pedestrian -1 -1 -2.3131 423.1171 171.3469 451.1518 224.6186 1.9361 0.6334 0.8026 -6.4443 1.8810 26.7101 -2.5482 0.0523
Pedestrian -1 -1 -5.2453 744.6822 185.7164 787.6320 264.1270 1.5258 0.5243 0.7800 3.1075 1.7947 14.6434 -5.0414 0.0512
Pedestrian -1 -1 -7.9233 599.9954 176.1674 617.0258 217.0680 1.7339 0.6724 0.8898 -0.1124 1.8787 31.1316 -7.9275 0.6010
Pedestrian -1 -1 -6.8465 799.8825 154.8845 864.5462 287.9012 1.8200 0.6648 0.6169 3.0987 1.5738 10.2770 -6.5627 0.2390
Cyclist -1 -1 -4.8071 1036.4822 148.1601 1101.3885 290.0580 1.7620 0.5395 1.8700 6.2095 1.4551 9.9187 -4.2616 0.1837
Pedestrian -1 -1 -3.8143 1135.3875 147.8701 1241.0000 354.5918 1.7332 0.6224 0.9643 5.2830 1.5234 6.3620 -3.1445 0.1526
Pedestrian -1 -1 -5.9715 651.6946 176.9785 663.1403 203.8210 1.7000 0.6599 0.5573 3.0059 1.9663 46.2322 -5.9075 0.1443
Pedestrian -1 -1 -5.0582 948.0029 142.6839 1072.7207 374.0000 1.7738 0.6117 0.8382 3.1322 1.5490 5.8212 -4.5866 0.0931
Pedestrian -1 -1 -6.9945 903.2819 156.5407 976.9258 284.7107 1.7537 0.5998 0.7418 4.6329 1.5302 10.2684 -6.5823 0.0815
Cyclist -1 -1 -5.0196 814.0225 141.8385 902.9285 296.2406 1.9421 0.6147 1.8029 3.3246 1.5517 9.9784 -4.7079 0.0806
Pedestrian -1 -1 -8.3420 1118.0385 153.2130 1188.4681 285.8824 1.7319 0.5454 0.5821 7.2648 1.4752 9.7447 -7.7163 0.0706
Pedestrian -1 -1 -3.6776 1151.9846 158.6871 1231.1799 295.0072 1.6608 0.4667 0.6212 7.2312 1.4879 9.0599 -3.0203 0.0663
Pedestrian -1 -1 -3.6156 537.9511 175.3746 558.4065 211.3513 1.8288 0.6980 0.8245 -3.2333 1.9604 37.2638 -3.7021 0.0660
Cyclist -1 -1 -7.6172 659.3581 176.1552 675.4852 206.0453 1.7157 0.5844 1.6264 3.3513 1.9137 42.4709 -7.5395 0.0658
Pedestrian -1 -1 -7.3158 657.8955 181.8726 674.0312 210.3556 1.5229 0.5616 0.7731 3.0164 2.0206 39.3593 -7.2405 0.0651
Pedestrian -1 -1 -4.1435 896.2736 137.6885 995.3998 348.5053 1.8617 0.6027 0.6401 3.1023 1.5509 6.8004 -3.7329 0.0641
Pedestrian -1 -1 -4.2531 910.2618 137.3371 1019.4114 365.0688 1.8897 0.6226 0.7440 3.1198 1.5947 6.4635 -3.8223 0.0626
Cyclist -1 -1 -4.9466 591.5140 176.2207 615.2939 217.6781 1.7249 0.6478 1.6760 -0.3392 1.8736 31.0565 -4.9581 0.0543
Cyclist -1 -1 -4.8231 617.2668 176.4387 629.9393 202.2480 1.6877 0.6659 1.6528 0.8705 1.9315 48.2735 -4.8057 0.0534
Pedestrian -1 -1 -5.3615 585.2582 177.4753 605.6534 217.0972 1.6821 0.6040 0.6613 -0.6727 1.8844 31.1836 -5.3835 0.0531
Pedestrian -1 -1 -4.3125 867.4309 153.6842 932.1008 289.4725 1.7952 0.5929 0.7562 3.9698 1.5415 10.0171 -3.9462 0.0503
Car -1 -1 -4.2997 157.4522 209.2648 411.5808 362.7820 1.3368 1.4867 3.5213 -3.7656 1.8754 8.9025 -4.6902 0.9756
Car -1 -1 -4.4431 357.2112 186.3483 485.7769 276.9312 1.5820 1.5895 3.9599 -3.8483 1.9033 15.1958 -4.6879 0.9320
Car -1 -1 -7.8116 615.4671 179.7324 655.7657 217.6406 1.4976 1.5830 4.2198 1.1309 1.8179 31.4563 -7.7766 0.8632
Car -1 -1 -7.6625 505.7538 179.6975 553.4123 214.5105 1.6508 1.7073 3.9757 -4.1081 2.0216 37.0717 -7.7726 0.3844
Car -1 -1 -4.8361 613.2211 179.6154 642.4752 202.5078 1.4488 1.5193 3.7112 1.1370 1.9231 48.7236 -4.8134 0.2790
Car -1 -1 -7.9399 607.4508 169.2720 630.5605 190.4768 1.8726 1.7377 4.3503 0.7676 1.5559 65.9521 -7.9286 0.2401
Car -1 -1 -7.9843 651.8038 176.7699 683.5928 202.6201 1.6123 1.6196 3.5775 3.7177 1.8791 47.3865 -7.9070 0.1222
Car -1 -1 -8.2013 633.3657 163.3900 668.8624 186.9997 2.1203 1.7619 4.8272 3.7668 1.2701 67.3634 -8.1460 0.1219
Car -1 -1 -7.9187 660.1756 178.9409 692.8705 208.2751 1.5608 1.6042 3.6490 3.7012 1.9220 41.0001 -7.8298 0.1209
Car -1 -1 -4.5168 536.1746 178.1713 579.0609 210.2104 1.7179 1.6545 4.3763 -3.0038 2.0418 41.7171 -4.5887 0.0816
Car -1 -1 -7.6520 510.6948 177.8124 552.9771 207.4938 1.6543 1.6876 4.2952 -4.6526 1.9660 43.1743 -7.7592 0.0540
