Pedestrian -1 -1 -6.1427 815.6856 166.9398 825.9708 196.0808 1.8784 0.6895 0.5530 13.6824 1.4968 46.9365 -5.8611 0.1638
Pedestrian -1 -1 -2.2235 63.0579 184.6997 103.6908 253.1028 1.7485 0.6425 0.5813 -13.8905 2.0661 18.9709 -2.8490 0.1290
Pedestrian -1 -1 -6.3347 277.7506 172.8935 285.4433 216.2851 1.9157 0.4953 0.2874 -14.6727 1.9172 32.1423 -6.7602 0.1212
Pedestrian -1 -1 -4.6923 87.2632 173.5871 111.6962 230.6966 1.9468 0.6772 0.7273 -17.7981 1.9725 25.1002 -5.3043 0.1158
Pedestrian -1 -1 -3.7065 895.5697 158.5380 929.8801 212.7736 1.9650 0.6036 0.9944 11.0777 1.4460 26.5250 -3.3153 0.0969
Car -1 -1 -7.5102 380.7132 163.5413 430.9058 202.9532 2.5767 1.8342 4.7102 -13.9853 1.9676 49.5872 -7.7841 0.0845
Pedestrian -1 -1 -7.9941 490.5530 176.4457 503.1634 205.9500 1.8471 0.7160 0.5627 -7.1918 2.0759 45.6365 -8.1500 0.0714
Car -1 -1 -4.2491 661.0389 175.2812 696.6495 191.9377 1.5234 1.6534 4.2721 6.5873 1.7624 68.8947 -4.1545 0.0656
Pedestrian -1 -1 -3.5007 958.9604 162.2797 969.5204 201.8694 1.8774 0.4595 0.3092 16.8750 1.3756 34.4594 -3.0490 0.0585
Pedestrian -1 -1 -8.3745 865.2914 159.8958 890.0706 209.1214 1.9657 0.6514 0.7526 10.7976 1.4480 29.2392 -8.0245 0.0531
Cyclist -1 -1 -7.4526 170.3564 178.7483 206.8260 229.9223 1.7688 0.4948 1.7323 -15.2291 1.9884 26.0345 -7.9777 0.0527
Pedestrian -1 -1 -5.9746 894.0789 164.7142 924.8145 215.4079 1.8416 0.6519 0.8990 11.0552 1.5456 26.7508 -5.5871 0.3081
Cyclist -1 -1 -5.7528 86.6284 187.9156 148.1301 240.7732 1.7013 0.5822 1.5995 -16.2553 2.2041 23.7606 -6.3478 0.2914
Cyclist -1 -1 -7.8938 846.8701 167.2118 861.0838 212.7657 1.8048 0.4735 1.6867 9.9096 1.5810 29.4629 -7.5728 0.2009
Pedestrian -1 -1 -3.3659 847.6669 166.7323 868.3552 212.6267 1.8423 0.6772 0.6582 10.0335 1.5963 29.3346 -3.0399 0.1676
Pedestrian -1 -1 -7.3634 219.7879 183.8471 242.8738 227.5257 1.7984 0.6272 0.6409 -15.8851 2.2631 30.1948 -7.8444 0.1069
Cyclist -1 -1 -7.8791 899.2883 167.2696 913.8004 215.8695 1.7612 0.4474 1.7721 11.0651 1.5586 27.0563 -7.4952 0.0928
Pedestrian -1 -1 -3.3535 92.1525 193.1171 118.8015 241.7434 1.5337 0.6133 0.5988 -16.5097 2.2066 23.5430 -3.9600 0.0824
Pedestrian -1 -1 -4.2098 114.7724 194.4870 141.4541 239.2598 1.4372 0.5495 0.5130 -15.8767 2.1561 23.7088 -4.7949 0.0739
Pedestrian -1 -1 -4.8796 943.1191 162.7379 969.8205 223.2697 1.8474 0.6101 0.8608 10.7549 1.5384 22.5176 -4.4396 0.0605
Cyclist -1 -1 -3.7037 102.3939 186.9240 157.6147 242.1174 1.7395 0.4776 1.4993 -15.9373 2.2208 23.9193 -4.2866 0.0589
Cyclist -1 -1 -7.6770 235.6099 185.1138 257.0707 226.2661 1.5957 0.4610 1.8545 -14.8991 2.1129 29.5020 -8.1414 0.0585
Pedestrian -1 -1 -3.6259 951.3316 163.3119 987.5776 224.9705 1.8488 0.5505 0.8230 10.8659 1.5624 21.9224 -3.1716 0.0558
Pedestrian -1 -1 -5.2534 187.5534 185.6578 218.8716 236.5063 1.6515 0.5867 0.7963 -13.6419 2.0872 24.1153 -5.7638 0.0544
Pedestrian -1 -1 -4.3308 105.6637 196.6809 130.4311 239.8568 1.3770 0.5124 0.5230 -16.1759 2.1683 23.6626 -4.9254 0.0528
Cyclist -1 -1 -7.1841 227.5647 185.0718 269.0432 228.2841 1.6610 0.6244 1.6156 -14.5976 2.1675 29.0735 -7.6461 0.0520
Car -1 -1 -4.2474 199.5888 190.6880 338.7957 254.9001 1.3995 1.5921 4.1453 -8.8234 1.9204 18.9907 -4.6775 0.9699
Car -1 -1 -4.3489 325.9021 179.4664 412.9417 232.2907 1.6992 1.6644 3.8490 -8.4892 1.9520 25.6619 -4.6658 0.9487
Car -1 -1 -4.3312 383.4418 187.3951 448.3614 223.3888 1.3738 1.4995 3.4356 -8.2523 2.0301 30.7856 -4.5914 0.8692
Car -1 -1 -4.4658 419.9746 181.3293 476.1431 218.0322 1.6427 1.6807 4.3464 -7.9254 2.0853 35.5042 -4.6843 0.8633
Car -1 -1 -3.9445 0.0000 188.7679 105.9116 352.6151 1.6290 1.6333 4.0654 -9.0556 1.8863 9.6265 -4.6856 0.8299
Car -1 -1 -4.5178 473.6359 182.2525 514.5383 208.4383 1.5045 1.7160 4.3933 -7.2475 2.1231 45.2817 -4.6761 0.7689
Car -1 -1 -4.4706 495.8220 178.8117 533.0684 203.6277 1.6334 1.6473 4.1526 -6.6921 2.0694 50.6810 -4.6017 0.6251
Car -1 -1 -4.2147 541.0760 178.3199 575.3515 194.2985 1.4644 1.5863 4.0066 -4.9904 2.0088 69.7532 -4.2863 0.1535
Car -1 -1 -7.2877 272.5787 185.1496 344.9946 217.5699 1.4824 1.5672 3.8329 -15.2096 2.1394 36.5488 -7.6798 0.1162
Car -1 -1 -7.9792 413.0727 169.0866 437.8361 189.9698 1.8267 1.6764 4.0542 -16.7526 1.4968 65.3063 -8.2296 0.1109
Car -1 -1 -3.0060 97.6888 189.3180 255.2601 237.3890 1.4840 1.6758 4.4955 -14.9134 2.0926 25.0415 -3.5388 0.1093
Car -1 -1 -4.1622 267.5147 184.9276 349.1214 221.1950 1.5105 1.7658 3.7702 -13.9022 2.1022 33.3832 -4.5543 0.0855
Car -1 -1 -4.7894 579.0887 176.7149 599.5696 194.1079 1.6084 1.6588 4.1836 -2.0490 1.9935 69.8562 -4.8190 0.0555
