Pedestrian -1 -1 -5.7954 325.1338 148.4562 437.3045 317.8647 1.8497 0.6152 1.0645 -2.6089 1.5002 8.1225 -6.0932 0.7524
Cyclist -1 -1 -5.0585 665.9471 166.4171 694.8229 211.1217 1.7422 0.6554 1.5735 2.9859 1.1936 28.3971 -4.9532 0.1264
Pedestrian -1 -1 -4.9890 984.1393 201.7011 1078.3156 369.0000 1.3375 0.4426 0.6155 3.1456 1.5089 5.3526 -4.4812 0.0947
Pedestrian -1 -1 -5.9572 594.2472 162.7972 601.7546 188.9490 1.8756 0.6432 0.3546 -0.5026 0.6060 51.0697 -5.9652 0.0814
Car -1 -1 -3.6393 1155.0883 166.3817 1223.0000 369.0000 1.4926 1.5657 3.7387 7.2551 1.3986 6.1073 -2.7920 0.0643
Car -1 -1 -7.7050 603.9908 169.3518 650.0801 204.3785 1.5225 1.5989 3.6676 1.0503 1.0381 32.6817 -7.6715 0.0623
Cyclist -1 -1 -4.7257 858.0368 160.6782 890.4004 266.0560 1.7216 0.4879 1.6756 4.6616 1.3982 12.4229 -4.3733 0.3002
Pedestrian -1 -1 -8.1428 836.9134 168.7710 870.9657 233.2790 1.5889 0.6096 0.7736 6.2212 1.3003 17.8150 -7.8107 0.2208
Pedestrian -1 -1 -4.6927 755.6267 169.9468 786.5437 254.3018 1.6442 0.5895 0.8110 3.3037 1.4388 14.2458 -4.4680 0.1587
Pedestrian -1 -1 -5.1604 631.4244 169.4694 679.0542 261.3940 1.6156 0.5464 0.8613 0.8606 1.4221 12.9282 -5.0938 0.1557
Cyclist -1 -1 -7.8259 506.1432 161.2438 542.5952 262.1023 1.7314 0.6160 1.8202 -1.5142 1.4012 13.0698 -7.9367 0.1520
Pedestrian -1 -1 -4.8636 1178.3651 170.3115 1223.0000 269.2042 1.6142 0.5534 0.7389 10.1036 1.4483 12.0001 -4.1753 0.1458
Pedestrian -1 -1 -7.0342 854.7020 165.9658 910.1246 268.1671 1.6743 0.6023 0.6333 4.6458 1.4366 11.9819 -6.6715 0.1219
Pedestrian -1 -1 -4.7433 691.3673 169.2981 722.1381 252.2283 1.6515 0.5958 0.7878 2.0322 1.4288 14.5039 -4.6053 0.1210
Pedestrian -1 -1 -4.3659 674.8265 159.9296 709.2751 234.7139 1.8189 0.5949 0.8827 2.1468 1.3189 17.7244 -4.2458 0.1086
Cyclist -1 -1 -2.9315 648.3981 140.5124 680.1166 173.0420 1.7966 0.6760 1.6784 3.3309 -0.4265 39.8768 -2.8466 0.1065
Cyclist -1 -1 -7.8322 123.0850 168.8265 155.5390 261.7451 1.6548 0.4612 1.6911 -8.8759 1.4473 13.4338 -8.4034 0.1054
Pedestrian -1 -1 -8.0815 546.6501 158.4113 577.6235 233.6238 1.8321 0.6294 0.7005 -1.1171 1.2944 17.6481 -8.1417 0.0918
Cyclist -1 -1 -7.8813 876.5386 163.1344 917.6381 267.0100 1.6377 0.5765 1.7464 4.9090 1.3643 12.0664 -7.5023 0.0904
Pedestrian -1 -1 -8.4745 941.8731 163.3248 996.9073 267.3615 1.6553 0.5585 0.5926 5.9118 1.3824 11.5862 -8.0120 0.0864
Cyclist -1 -1 -8.0946 951.0066 171.0113 1018.4852 279.2934 1.5746 0.5049 1.7760 5.9234 1.4370 11.2041 -7.6182 0.0844
Pedestrian -1 -1 -8.9156 1022.4753 158.4725 1077.8447 269.5156 1.7659 0.5498 0.5788 7.2690 1.4160 11.6315 -8.3676 0.0823
Pedestrian -1 -1 -7.4860 856.1100 172.5979 900.8714 266.4446 1.5733 0.5562 0.5790 4.6924 1.4412 12.2548 -7.1272 0.0816
Pedestrian -1 -1 -4.8444 449.0565 164.1381 483.5740 248.6914 1.7388 0.6152 0.8490 -3.0026 1.4026 15.0400 -5.0356 0.0789
Cyclist -1 -1 -6.7592 816.3470 166.3306 884.6388 233.5812 1.6721 0.5789 1.5482 6.1932 1.3201 17.9802 -6.4312 0.0787
Pedestrian -1 -1 -3.9769 413.6727 168.5612 457.4164 249.7044 1.6824 0.5648 0.7310 -3.6622 1.4352 15.1160 -4.2080 0.0764
Cyclist -1 -1 -6.4151 657.0157 141.3457 689.0706 173.5116 1.8034 0.6342 1.7428 3.8439 -0.4001 40.1404 -6.3182 0.0762
Cyclist -1 -1 -8.0059 868.4270 173.6719 927.7176 284.1039 1.5190 0.5428 1.7092 4.3132 1.4255 10.6190 -7.6287 0.0746
Pedestrian -1 -1 -4.3824 873.2833 188.3061 920.9613 283.0689 1.3292 0.5164 0.4917 4.2174 1.4475 10.3304 -4.0037 0.0728
Pedestrian -1 -1 -5.0588 775.8751 165.5971 824.7401 265.7808 1.6845 0.5904 0.7596 3.3345 1.4343 12.2921 -4.7986 0.0723
Pedestrian -1 -1 -3.2973 819.0234 174.9331 859.8957 252.0962 1.5030 0.4715 0.7031 4.6073 1.3949 14.0591 -2.9856 0.0716
Pedestrian -1 -1 -6.9227 706.5332 161.5019 749.0972 232.4539 1.7596 0.5409 0.9277 3.0820 1.2888 17.9864 -6.7542 0.0695
Pedestrian -1 -1 -5.1609 215.7834 162.2696 264.2044 252.5486 1.7385 0.5967 0.7440 -7.3139 1.3878 14.0785 -5.6290 0.0689
Pedestrian -1 -1 -7.6465 521.4716 161.3400 561.7571 259.1337 1.7233 0.5715 0.8427 -1.1945 1.3860 12.9115 -7.7347 0.0672
Pedestrian -1 -1 -6.9593 665.8763 141.8735 683.4438 174.2077 1.7808 0.7265 0.6729 3.8885 -0.3568 39.6184 -6.8601 0.0665
Cyclist -1 -1 -6.3281 743.0620 164.7054 834.3998 253.0722 1.7207 0.4653 1.7452 3.6116 1.4135 14.1703 -6.0822 0.0663
Pedestrian -1 -1 -3.1510 396.6687 168.0157 439.5685 247.9028 1.6709 0.5510 0.8745 -4.0526 1.4101 15.1685 -3.4051 0.0663
Pedestrian -1 -1 -8.3450 775.7964 169.3410 808.9472 235.1426 1.6080 0.5726 0.6210 4.6294 1.3356 17.6474 -8.0911 0.0661
Pedestrian -1 -1 -4.3624 1101.8647 159.7594 1157.3574 269.8169 1.7371 0.5518 0.6312 8.5296 1.4102 11.5656 -3.7384 0.0649
Pedestrian -1 -1 -8.0712 490.2165 165.9988 531.7305 260.9992 1.6675 0.5873 0.8208 -1.7714 1.4133 12.8966 -8.2026 0.0641
Pedestrian -1 -1 -4.8108 856.0407 192.1047 891.3506 272.8761 1.2474 0.4781 0.4623 4.2312 1.4376 11.2844 -4.4595 0.0631
Pedestrian -1 -1 -4.2591 862.9495 168.9494 910.7405 268.0491 1.5817 0.5214 0.6133 4.6087 1.3977 11.6844 -3.8908 0.0624
Pedestrian -1 -1 -6.2246 1131.2185 154.6979 1190.2574 267.8979 1.7823 0.5870 0.7359 9.0632 1.3765 11.5949 -5.5728 0.0616
Pedestrian -1 -1 -5.6236 619.2170 166.2926 653.9879 235.8393 1.7240 0.6090 0.6450 0.7623 1.3721 17.9675 -5.5802 0.0600
Pedestrian -1 -1 -5.2047 901.9454 187.7307 943.5143 269.4737 1.2643 0.4168 0.4911 4.9958 1.3823 11.2437 -4.7953 0.0593
Pedestrian -1 -1 -5.5502 994.2435 153.0404 1053.0576 265.3203 1.7859 0.5497 0.6244 6.8271 1.3495 11.6287 -5.0295 0.0580
Pedestrian -1 -1 -7.9060 1066.0619 150.5952 1111.7002 265.9886 1.8140 0.5707 0.6709 7.8399 1.3443 11.5489 -7.3206 0.0575
Pedestrian -1 -1 -3.2956 202.7282 166.6582 242.7046 254.8686 1.6766 0.5647 0.6134 -7.5356 1.4139 13.8488 -3.7825 0.0565
Cyclist -1 -1 -4.9564 660.7477 139.4855 677.1392 170.6150 1.6966 0.5330 1.6750 3.5916 -0.5706 39.9563 -4.8653 0.0558
Pedestrian -1 -1 -6.3275 822.8812 167.9727 853.2843 229.9861 1.5700 0.5473 0.7183 5.9706 1.2532 18.2594 -6.0149 0.0552
Cyclist -1 -1 -4.6389 815.0463 150.9448 855.9688 263.6543 1.8450 0.5788 1.6705 4.0320 1.3616 12.4572 -4.3316 0.0538
Pedestrian -1 -1 -4.4649 942.5881 177.2124 983.0496 270.3490 1.4374 0.4720 0.4977 5.6464 1.3870 11.2542 -4.0094 0.0538
Pedestrian -1 -1 -4.6724 1087.7783 148.6568 1131.2965 265.2946 1.8313 0.5609 0.6912 8.1924 1.3317 11.5457 -4.0666 0.0537
Pedestrian -1 -1 -3.6725 568.1960 163.4191 617.7637 249.0037 1.7259 0.5056 0.8988 -0.2950 1.3818 14.7083 -3.6903 0.0534
Pedestrian -1 -1 -4.4698 863.1444 187.0122 903.6977 272.3933 1.2849 0.5027 0.4294 4.2855 1.3896 11.0087 -4.1065 0.0528
Pedestrian -1 -1 -4.7891 843.6812 195.3273 871.9549 271.7599 1.1963 0.3892 0.4943 4.0445 1.4432 11.4665 -4.4569 0.0526
Pedestrian -1 -1 -3.0486 183.1335 164.7342 224.7875 254.0695 1.6953 0.5457 0.6555 -7.8624 1.3965 13.7990 -3.5548 0.0522
Cyclist -1 -1 -3.8866 892.6672 168.3462 1024.6245 277.7914 1.5925 0.7585 1.7907 5.3974 1.4160 10.9113 -3.4370 0.0521
Pedestrian -1 -1 -8.0808 895.5732 159.9926 943.3903 264.8115 1.7038 0.5917 0.6662 5.2189 1.3708 11.8735 -7.6748 0.0512
Cyclist -1 -1 -7.6990 139.7047 168.3080 187.8294 257.2601 1.6124 0.5165 1.7158 -8.5711 1.3918 13.7081 -8.2455 0.0510
Pedestrian -1 -1 -3.1067 126.8182 171.0197 162.7334 262.5902 1.6630 0.5504 0.5388 -8.6395 1.4912 13.2146 -3.6730 0.0503
Car -1 -1 -5.3737 0.0000 160.7770 152.0177 284.9287 1.6724 1.7051 4.3363 -9.5178 1.4072 10.7976 -6.0798 0.1468
Car -1 -1 -6.3230 652.9578 143.3386 722.6660 170.5949 1.4949 1.6373 3.8834 4.6839 -0.5800 40.4471 -6.2064 0.1252
