Pedestrian -1 -1 -4.1617 208.9552 215.8113 239.3161 283.6370 1.0583 0.3118 0.3168 -6.2767 1.7610 11.6398 -4.6472 0.1117
Pedestrian -1 -1 -8.2278 1099.5658 163.0048 1124.0463 213.3759 1.8057 0.6388 0.3607 18.1106 1.4523 26.1134 -7.6270 0.1071
Pedestrian -1 -1 -5.7418 475.0057 176.0926 484.8455 198.3207 1.7577 0.6409 0.5163 -10.4022 2.0175 57.5603 -5.9201 0.0979
Cyclist -1 -1 -8.2020 1071.7980 170.6839 1110.2910 223.8842 1.6355 0.4760 1.6494 15.2890 1.5685 23.0390 -7.6225 0.0898
Pedestrian -1 -1 -4.6313 745.3040 198.4471 774.8317 278.5494 1.2296 0.4313 0.4502 2.3455 1.6479 11.5269 -4.4367 0.0858
Pedestrian -1 -1 -2.0168 261.2263 177.4019 287.6606 229.1654 1.7674 0.6497 0.5793 -11.7407 1.9284 25.1477 -2.4499 0.0819
Car -1 -1 -5.0159 923.1223 139.1378 969.4698 164.2143 1.5941 1.6855 4.2255 23.0098 -0.6205 49.5888 -4.5835 0.0601
Pedestrian -1 -1 -7.6426 983.6484 167.2676 1005.9904 215.6733 1.8294 0.6677 0.5023 14.7145 1.6179 27.6751 -7.1588 0.0594
Cyclist -1 -1 -8.3166 1027.1373 177.3210 1079.4266 243.2497 1.6222 0.4333 1.6886 11.4240 1.7431 18.7283 -7.7765 0.0580
Car -1 -1 -4.4547 774.2822 150.4205 805.6948 169.9507 1.5887 1.6663 3.8774 15.3251 -0.2559 61.4206 -4.2113 0.0529
Car -1 -1 -4.9693 980.9229 144.1509 1021.2617 167.5562 1.6817 1.7023 4.1095 29.7397 -0.4205 55.0336 -4.4760 0.0529
Pedestrian -1 -1 -4.5736 389.5030 174.0411 411.6040 219.9290 1.8317 0.7357 0.9765 -8.5599 1.8806 29.3645 -4.8553 0.4924
Pedestrian -1 -1 -6.0961 431.3883 177.1015 441.8800 203.3311 1.7637 0.5781 0.5947 -11.7837 2.0531 48.9178 -6.3316 0.1779
Cyclist -1 -1 -7.7158 647.6927 173.8560 656.8727 198.6490 1.5980 0.4027 1.4905 2.7452 1.6645 47.3386 -7.6587 0.1042
Cyclist -1 -1 -4.4317 357.0875 178.8216 379.2770 220.4887 1.6335 0.4402 1.5533 -9.8506 1.8819 29.2961 -4.7537 0.0981
Pedestrian -1 -1 -4.5711 353.4226 178.1500 371.4644 221.3866 1.7150 0.5785 0.8341 -10.0560 1.9324 29.1973 -4.9004 0.0785
Cyclist -1 -1 -2.8525 433.8558 173.2028 461.6036 197.9269 1.7622 0.6052 1.8480 -11.6760 1.7871 51.8023 -3.0734 0.0757
Pedestrian -1 -1 -5.6469 510.3764 175.2284 524.2313 200.6900 1.6850 0.5939 0.7042 -6.2320 1.8449 48.2614 -5.7750 0.0739
Cyclist -1 -1 -7.7601 514.4851 176.3086 522.2597 200.6419 1.6129 0.3890 1.4431 -6.2204 1.8495 48.7594 -7.8868 0.0714
Pedestrian -1 -1 -7.6550 364.0399 176.3898 382.5335 217.0507 1.7671 0.6348 0.7755 -10.4872 1.9249 31.8528 -7.9710 0.0700
Cyclist -1 -1 -4.5867 360.0576 178.8207 374.8997 218.2354 1.6770 0.4295 1.5306 -10.7004 1.9457 31.7323 -4.9098 0.0578
Cyclist -1 -1 -8.1868 641.3080 173.3535 654.5629 198.0954 1.6043 0.3995 1.5084 2.4632 1.6375 47.5968 -8.1358 0.0568
Pedestrian -1 -1 -7.7637 382.4844 172.7352 399.5813 215.1388 1.8595 0.6617 0.7568 -9.7722 1.8540 32.0781 -8.0575 0.0554
Cyclist -1 -1 -7.8633 511.4171 175.9864 517.7502 200.7466 1.6436 0.4096 1.5239 -6.4990 1.8589 48.8769 -7.9952 0.0512
Car -1 -1 -7.5870 649.2731 171.3053 689.8862 198.1248 1.7137 1.6996 4.0738 4.0020 1.6144 48.3080 -7.5053 0.2629
Car -1 -1 -8.1394 855.7396 153.7219 886.3325 171.2841 1.5842 1.6471 3.9032 24.3357 -0.1514 67.4420 -7.7945 0.1710
Car -1 -1 -4.4949 495.5306 173.5896 531.6688 200.2230 1.7663 1.6530 4.0353 -6.6695 1.8191 50.0471 -4.6271 0.1298
Car -1 -1 -4.7761 633.3347 172.8304 652.7480 190.2739 1.5818 1.5624 3.8368 3.0382 1.5794 67.3650 -4.7316 0.0946
Car -1 -1 -8.1818 837.9287 154.1081 870.3873 171.7854 1.5916 1.6988 3.8620 22.6526 -0.1026 67.1337 -7.8577 0.0898
Car -1 -1 -4.8531 652.4656 172.0672 679.7150 193.0400 1.6046 1.6411 3.6810 4.3772 1.5441 57.0921 -4.7774 0.0700
Car -1 -1 -4.6359 460.5891 176.1659 487.2122 200.3090 1.6525 1.5946 3.8319 -9.7879 1.8997 51.9245 -4.8217 0.0688
