Pedestrian -1 -1 -5.5109 275.7396 179.0208 293.2408 209.9112 1.8375 0.6278 0.7318 -19.6618 2.2127 43.5088 -5.9334 0.2590
Pedestrian -1 -1 -3.7238 891.2153 167.5206 900.3636 188.0217 1.7820 0.6078 0.4889 24.9537 1.3181 63.0647 -3.3489 0.1522
Pedestrian -1 -1 -5.8085 415.4005 168.7361 428.7200 193.0238 1.8826 0.5214 0.8625 -14.6845 1.5631 56.2756 -6.0629 0.1264
Pedestrian -1 -1 -7.8049 505.7385 172.5356 515.1890 196.5174 1.7266 0.6450 0.7216 -7.2474 1.7034 52.3359 -7.9422 0.1246
Pedestrian -1 -1 -3.1803 596.2314 169.1261 607.3215 206.7425 1.8441 0.5515 0.5260 -0.4488 1.6610 35.6616 -3.1933 0.1189
Pedestrian -1 -1 -4.0936 840.3492 154.1857 878.3687 221.4760 2.0011 0.6162 1.0300 7.5586 1.4456 22.0084 -3.7675 0.1054
Pedestrian -1 -1 -6.3468 381.7621 171.6779 390.9880 191.7901 1.8276 0.5301 0.7735 -20.4630 1.7204 65.9520 -6.6468 0.0924
Pedestrian -1 -1 -3.8423 668.2941 163.4031 679.6724 185.8016 1.8366 0.5276 0.7800 5.2598 1.0614 59.6045 -3.7550 0.0905
Pedestrian -1 -1 -3.5012 803.4893 166.2227 811.8437 192.0249 1.7823 0.5629 0.3852 13.7027 1.3240 50.1394 -3.2362 0.0861
Pedestrian -1 -1 -2.9628 383.8454 173.5830 399.4585 202.0499 1.8345 0.5903 0.8797 -14.2104 1.8819 46.8602 -3.2560 0.0847
Pedestrian -1 -1 -3.3925 304.0771 171.0245 317.0502 198.3593 1.8448 0.5967 0.6900 -20.4263 1.7210 49.1421 -3.7847 0.0707
Cyclist -1 -1 -7.7677 950.3970 157.3301 1007.7379 310.5015 1.7423 0.5238 1.7441 4.6170 1.5654 9.0895 -7.3116 0.0686
Pedestrian -1 -1 -5.3936 920.2822 215.8708 975.6886 334.6033 1.1174 0.2861 0.4382 3.3177 1.5624 7.2201 -4.9793 0.0640
Car -1 -1 -5.4028 936.2825 162.1951 1008.1413 190.9869 1.6718 1.7012 4.0810 22.0020 1.0526 44.0767 -4.9427 0.0613
Pedestrian -1 -1 -4.4708 332.7079 168.2477 363.7999 238.5331 1.9699 0.6357 0.9237 -7.5535 1.8405 20.7149 -4.8168 0.0607
Pedestrian -1 -1 -5.6646 356.4918 175.6194 380.6860 220.3286 1.8509 0.6349 0.7321 -10.1885 1.9684 30.3313 -5.9865 0.0598
Car -1 -1 -4.6580 1068.6537 167.3334 1095.5127 187.8055 1.6621 1.6743 4.3028 39.7844 1.2136 60.8098 -4.0811 0.0594
Pedestrian -1 -1 -5.2795 986.3771 207.2829 1019.9810 280.6914 1.0825 0.3005 0.3620 5.9422 1.6169 11.0137 -4.7967 0.0589
Car -1 -1 -4.6542 131.5048 184.1543 167.4086 213.0067 1.6708 1.6764 3.9645 -29.0854 2.4181 45.5980 -5.2195 0.0581
Car -1 -1 -6.7845 790.0839 174.6293 915.5805 217.3575 1.5256 1.6567 4.1820 9.0229 1.5948 27.0577 -6.4664 0.0562
Car -1 -1 -4.9741 898.0035 169.8143 937.4368 190.9037 1.4733 1.5920 4.2148 22.3444 1.2607 52.6039 -4.5747 0.0544
Car -1 -1 -7.0387 827.9720 169.3186 900.3253 196.4439 1.5437 1.5705 4.0641 14.9773 1.3422 42.6080 -6.7032 0.0534
Pedestrian -1 -1 -4.9409 940.8088 160.3556 965.9264 213.9132 1.8523 0.5943 0.9549 12.0715 1.4198 25.4839 -4.5034 0.0509
Cyclist -1 -1 -4.5964 86.8829 179.9887 110.3030 229.3016 1.7866 0.5122 1.8088 -19.3970 2.0656 27.3238 -5.2093 0.0505
Pedestrian -1 -1 -6.2013 835.8154 166.3169 846.7258 190.7018 1.7478 0.5385 0.7098 16.6698 1.2789 52.0998 -5.8935 0.0500
Pedestrian -1 -1 -8.2196 829.7370 166.9660 867.3823 241.3968 1.7203 0.5921 0.8071 5.5907 1.5839 17.0964 -7.9094 0.5724
Pedestrian -1 -1 -7.8626 814.2946 164.4294 841.1721 241.0375 1.7631 0.5944 0.8812 5.1023 1.5689 17.1108 -7.5783 0.5423
Pedestrian -1 -1 -3.7589 1035.3635 162.4229 1058.0087 196.5375 1.8273 0.5514 0.8914 23.5359 1.2683 38.9580 -3.2191 0.4633
Pedestrian -1 -1 -3.7390 1057.9207 162.1948 1081.2819 195.0244 1.8413 0.5879 0.9468 25.9336 1.2432 40.7792 -3.1761 0.3518
Pedestrian -1 -1 -8.2266 324.1810 178.7153 342.0490 213.7417 1.8159 0.6455 0.7678 -14.6513 2.1290 38.0765 -8.5919 0.3436
Cyclist -1 -1 -5.0064 1050.9102 163.4756 1078.7057 202.5378 1.7598 0.5928 1.7700 21.0169 1.3370 33.4374 -4.4495 0.3086
Pedestrian -1 -1 -5.4167 918.7667 166.6126 943.3790 206.8414 1.8013 0.6734 0.7835 14.5395 1.5215 32.7796 -5.0029 0.2195
Cyclist -1 -1 -7.2528 140.4104 185.5763 168.4897 215.5346 1.7761 0.5629 1.7610 -28.0658 2.5748 44.4242 -7.8138 0.1916
Pedestrian -1 -1 -3.9480 759.9822 169.3485 772.9398 197.5590 1.8555 0.5789 0.6102 10.3464 1.6246 47.8681 -3.7368 0.1663
Pedestrian -1 -1 -6.7874 1164.8641 161.1147 1189.4213 195.2757 1.8010 0.5616 0.8624 30.1272 1.1818 38.3855 -6.1259 0.1661
Pedestrian -1 -1 -8.1494 362.5849 177.7139 378.2439 211.2981 1.7871 0.6140 0.7434 -12.9949 2.0529 39.0158 -8.4693 0.1581
Cyclist -1 -1 -8.0980 936.5925 167.6581 949.1295 193.7787 1.6269 0.3392 1.6011 21.0685 1.3030 45.7594 -7.6693 0.1442
Pedestrian -1 -1 -3.5840 992.3814 165.8359 1006.0558 199.1947 1.7154 0.5222 0.4407 20.1187 1.3542 37.3739 -3.0938 0.1342
Pedestrian -1 -1 -4.9423 1184.8187 173.5979 1238.4387 265.3823 1.5422 0.5450 0.7831 10.4359 1.5554 12.6022 -4.2626 0.1203
Cyclist -1 -1 -7.5576 547.5264 173.4685 591.9272 239.7255 1.7123 0.7219 1.7721 -1.1209 1.7295 19.6106 -7.6148 0.1170
Cyclist -1 -1 -8.2516 930.5582 166.3837 947.8881 193.1813 1.6657 0.3892 1.6362 20.7949 1.2632 45.6716 -7.8270 0.1111
Cyclist -1 -1 -7.8351 116.9628 186.4364 126.8806 222.5256 1.6749 0.3633 1.5736 -23.5876 2.3443 34.8173 -8.4272 0.1029
Pedestrian -1 -1 -4.3006 124.4134 225.5470 161.4391 308.9693 1.1076 0.3338 0.3075 -6.5129 1.8492 9.9816 -4.8669 0.1003
Pedestrian -1 -1 -7.8407 1016.0197 162.1751 1032.2048 200.8828 1.8344 0.6684 0.8117 19.8836 1.3280 34.7127 -7.3245 0.0998
Pedestrian -1 -1 -3.4631 1102.1793 162.9971 1117.2628 193.7908 1.7779 0.6700 0.5361 29.0849 1.2085 42.0538 -2.8615 0.0986
Cyclist -1 -1 -7.1675 507.3447 167.9374 574.0090 245.9073 1.8622 0.6782 1.8119 -1.7712 1.7445 18.1748 -7.2641 0.0909
Pedestrian -1 -1 -3.8871 87.2658 221.7731 139.6571 332.0301 1.2217 0.3204 0.3897 -5.8475 1.8078 8.4224 -4.4797 0.0882
Pedestrian -1 -1 -4.7637 1206.2620 178.0736 1241.0000 264.7500 1.4625 0.4869 0.6200 10.7072 1.5564 12.6164 -4.0719 0.0847
Cyclist -1 -1 -5.8104 354.8669 178.0676 388.3595 210.8648 1.7573 0.6123 1.6290 -12.9930 2.0435 39.2235 -6.1286 0.0806
Pedestrian -1 -1 -4.3798 148.7089 184.3942 179.1557 241.2116 1.7592 0.6286 0.6954 -14.2052 2.1319 22.9136 -4.9299 0.0759
Pedestrian -1 -1 -4.1561 113.0493 212.4921 149.6181 294.3587 1.2401 0.3708 0.3017 -7.5047 1.8656 11.2350 -4.7345 0.0756
Pedestrian -1 -1 -4.6846 60.1228 211.7221 88.1311 291.3469 1.2560 0.3570 0.4283 -8.9096 1.9133 11.9299 -5.3156 0.0750
Cyclist -1 -1 -4.2464 1157.5604 176.9813 1240.5201 267.9464 1.5351 0.4837 1.6112 10.3899 1.6111 12.7852 -3.5758 0.0742
Pedestrian -1 -1 -6.2072 494.6251 172.1779 504.5515 195.0984 1.7700 0.5593 0.7219 -8.5989 1.7175 56.0247 -6.3591 0.0727
Pedestrian -1 -1 -1.7333 38.8822 202.2411 78.4464 296.4781 1.4669 0.4148 0.6932 -9.1226 1.9656 11.8637 -2.3782 0.0703
Pedestrian -1 -1 -4.5228 537.6584 165.9997 568.5555 241.7462 1.8646 0.6351 0.8241 -1.4785 1.6956 18.2059 -4.6035 0.0665
Cyclist -1 -1 -5.2300 973.1377 164.4905 1009.1553 206.8480 1.7344 0.5862 1.6654 15.9878 1.3916 30.3874 -4.7500 0.0656
Cyclist -1 -1 -8.7471 1032.6699 153.4399 1241.0000 374.0000 1.6416 0.4908 1.6265 3.1306 1.5576 3.9605 -8.1146 0.0643
Pedestrian -1 -1 -5.6360 897.6894 160.7668 923.0777 204.9959 1.9441 0.6496 0.8214 13.3736 1.4125 32.2341 -5.2464 0.0634
Pedestrian -1 -1 -4.2900 499.6464 163.4615 538.7012 242.1229 1.8998 0.6508 0.9069 -2.3022 1.6727 17.9550 -4.4165 0.0626
Pedestrian -1 -1 -6.0673 544.9551 172.8021 576.5116 240.9851 1.7873 0.6196 0.7264 -1.3608 1.7857 19.2732 -6.1378 0.0626
Cyclist -1 -1 -3.4832 907.4105 165.8346 951.4138 205.1719 1.7570 0.6649 1.6934 14.3853 1.4432 32.6180 -3.0716 0.0623
Pedestrian -1 -1 -3.3348 1104.2104 178.4807 1220.8011 374.0000 1.4736 0.4526 0.4465 3.1478 1.5086 4.2200 -2.7275 0.0616
Pedestrian -1 -1 -4.3723 104.3195 215.2873 143.1721 300.3844 1.2561 0.4078 0.3255 -7.5067 1.9188 11.0650 -4.9576 0.0616
Pedestrian -1 -1 -3.6396 1133.8466 180.7662 1241.0000 374.0000 1.4741 0.4805 0.4640 3.3856 1.5229 4.2055 -2.9962 0.0596
Pedestrian -1 -1 -6.2944 992.3392 164.7461 1009.8423 199.7516 1.7797 0.6397 0.7818 20.0899 1.3672 37.1479 -5.8023 0.0576
Cyclist -1 -1 -4.2981 150.4472 187.4937 191.5942 242.2833 1.6448 0.4839 1.6693 -14.0038 2.1282 22.9788 -4.8406 0.0568
Pedestrian -1 -1 -6.5332 513.4610 171.0360 529.9498 201.2246 1.7730 0.5505 0.8609 -5.2734 1.6660 42.7905 -6.6555 0.0557
Pedestrian -1 -1 -3.4528 0.0000 247.7935 32.4664 370.5689 1.0728 0.2827 0.4009 -5.8411 1.8093 6.8492 -4.1400 0.0538
Pedestrian -1 -1 -8.4932 538.7466 173.2865 551.6769 201.3674 1.6702 0.5511 0.5545 -3.9254 1.6961 43.3169 -8.5835 0.0532
Cyclist -1 -1 -7.8474 944.2055 166.4446 951.4318 193.5146 1.6853 0.4081 1.5471 21.3677 1.2860 45.7078 -7.4128 0.0524
Cyclist -1 -1 -5.2289 1149.8218 172.4919 1241.0000 269.1755 1.5803 0.5421 1.6798 10.2149 1.5741 12.6644 -4.5620 0.0513
Cyclist -1 -1 -7.7862 548.1280 171.9979 573.1867 238.7882 1.7644 0.5761 1.7781 -1.3989 1.7415 19.9510 -7.8561 0.0509
Pedestrian -1 -1 -7.9205 568.6197 171.5291 593.2269 238.7762 1.8245 0.6289 0.7677 -0.8615 1.7882 19.9918 -7.9639 0.0508
Car -1 -1 -8.1478 522.9630 178.0832 574.9191 209.9106 1.4493 1.5330 3.6999 -3.0975 1.7209 35.5157 -8.2347 0.3259
Car -1 -1 -3.5347 504.0408 172.9580 574.8392 199.7508 1.5740 1.6819 3.9625 -4.3361 1.5803 44.0767 -3.6326 0.2763
Car -1 -1 -3.1164 217.1524 184.8295 298.9396 215.4789 1.5015 1.5446 3.8021 -18.5065 2.1566 38.0001 -3.5672 0.2582
Car -1 -1 -5.1008 1177.1349 163.1162 1241.0000 200.7113 1.6112 1.5344 4.1418 27.8405 1.1936 33.1285 -4.4065 0.2220
Car -1 -1 -4.6490 182.4681 187.2348 215.4048 213.1782 1.5248 1.6032 4.0399 -26.7479 2.5040 46.9785 -5.1644 0.1871
Car -1 -1 -9.3285 1150.3162 143.7075 1241.0000 374.0000 1.5192 1.5887 4.1159 4.6899 1.4994 2.6774 -8.3232 0.1424
Car -1 -1 -7.6084 495.9442 170.9893 529.7823 193.0218 1.5914 1.6148 3.9111 -7.2758 1.4565 54.1517 -7.7417 0.1202
Car -1 -1 -6.6656 378.8902 171.7126 451.1644 196.5910 1.6034 1.6935 4.3741 -13.1048 1.5296 48.4949 -6.9284 0.1195
Car -1 -1 -4.5966 79.9371 187.4765 133.0535 222.7399 1.5297 1.6623 4.0183 -24.5656 2.2878 35.2592 -5.2018 0.1072
Car -1 -1 -8.1515 1146.0233 161.6043 1209.7358 193.0948 1.6476 1.6338 4.0498 31.2957 1.0587 39.9343 -7.4905 0.0822
Car -1 -1 -7.6891 504.2388 182.3031 581.7324 243.6647 1.4935 1.5641 3.5736 -1.8120 1.7788 19.9685 -7.7792 0.0798
Car -1 -1 -5.0878 1219.4990 167.6862 1241.0000 207.1194 1.4711 1.5801 4.2533 26.5248 1.2780 29.1863 -4.3554 0.0797
Car -1 -1 -4.5104 559.8682 169.7180 587.6085 188.1414 1.5324 1.6255 3.9568 -3.1097 1.2713 62.0954 -4.5605 0.0753
Car -1 -1 -4.8075 1111.3453 162.8709 1158.3457 196.0300 1.6980 1.6475 4.1976 28.3854 1.1865 39.1755 -4.1843 0.0700
Car -1 -1 -7.8051 208.7997 190.6328 275.3931 245.5242 1.4315 1.6243 4.1007 -11.3929 2.0387 22.4484 -8.2703 0.0692
Car -1 -1 -6.4973 354.9655 180.0885 430.1122 209.0552 1.5190 1.6226 3.7573 -12.1632 1.9387 40.2677 -6.7892 0.0684
Car -1 -1 -3.7150 662.9548 171.2760 732.8762 195.4993 1.5901 1.7078 4.5244 5.9641 1.4862 49.1232 -3.5953 0.0628
Car -1 -1 -4.0821 577.2138 174.6880 639.4539 201.8967 1.5389 1.6417 4.0795 -0.0852 1.6539 43.2295 -4.0845 0.0599
Car -1 -1 -5.9110 802.6639 165.6344 854.3672 185.8446 1.8543 1.6729 4.3674 20.6108 1.1916 68.2058 -5.6190 0.0585
Car -1 -1 -3.1915 962.1230 169.8488 1055.1139 201.6420 1.4939 1.5705 3.9156 19.4487 1.3524 35.4587 -2.6937 0.0512
Car -1 -1 -5.4416 935.3022 165.0960 1005.6744 193.3852 1.6565 1.6771 3.9158 22.0468 1.2019 44.3604 -4.9832 0.0502
