Pedestrian -1 -1 -5.3059 703.1528 188.9701 724.1183 229.5115 1.2872 0.4544 0.5341 3.3283 1.8199 23.5196 -5.1679 0.2147
Pedestrian -1 -1 -3.5419 479.2914 151.3084 558.3072 292.3442 1.9140 0.5214 0.9903 -1.3522 1.6213 10.2669 -3.6709 0.1646
Pedestrian -1 -1 -5.3920 686.5846 186.1037 707.3867 221.6373 1.3320 0.5090 0.6327 3.2985 1.8487 27.7512 -5.2757 0.1622
Pedestrian -1 -1 -6.1061 635.5157 176.1144 649.1778 204.8793 1.8135 0.5178 0.7902 2.0254 2.0222 45.9054 -6.0628 0.1603
Pedestrian -1 -1 -4.3070 404.3093 154.9842 447.4819 242.6412 1.9668 0.6489 0.9437 -4.3021 1.5655 16.7058 -4.5559 0.1591
Pedestrian -1 -1 -4.6887 428.6740 187.1562 440.5327 222.5844 1.5568 0.5038 0.4693 -7.8720 2.2008 32.2184 -4.9270 0.1279
Pedestrian -1 -1 -8.4438 499.0394 167.3763 532.1255 233.4022 1.8622 0.5508 0.8810 -2.7828 1.7074 20.8626 -8.5754 0.1209
Pedestrian -1 -1 -7.3319 647.0967 181.4418 658.8573 208.6889 1.5470 0.4779 0.5257 2.4381 2.0453 41.5396 -7.2742 0.1194
Pedestrian -1 -1 -4.9919 673.9984 186.0033 686.5101 216.1086 1.3175 0.4320 0.4991 3.0823 1.9076 32.1114 -4.8977 0.1066
Pedestrian -1 -1 -4.5797 460.6912 172.2336 490.2934 249.3425 1.7235 0.5748 0.7315 -3.1216 1.7093 16.5075 -4.7645 0.0964
Pedestrian -1 -1 -5.1898 892.5901 245.3592 948.8616 361.1727 0.9911 0.2741 0.5080 2.8497 1.6982 6.7738 -4.8085 0.0932
Pedestrian -1 -1 -8.3638 921.8475 162.5020 948.0171 216.7762 2.0059 0.6805 0.6095 12.1090 1.6230 27.0014 -7.9468 0.0907
Cyclist -1 -1 -8.0654 726.1719 179.9376 738.7568 209.5034 1.5772 0.3654 1.5210 6.6814 1.9735 39.6279 -7.9002 0.0886
Pedestrian -1 -1 -4.1850 330.1458 160.1556 400.6908 302.6193 1.8272 0.5911 0.7658 -3.3252 1.6640 9.6890 -4.5082 0.0879
Car -1 -1 -8.1465 687.1551 171.5616 732.3696 202.0428 2.0576 1.8530 4.8216 6.9827 1.9700 51.2322 -8.0122 0.0879
Pedestrian -1 -1 -7.3618 501.3935 175.2428 512.1802 204.8293 1.8762 0.5634 0.3928 -6.6253 2.0294 46.0828 -7.5042 0.0854
Pedestrian -1 -1 -4.8949 796.2401 208.3595 821.5428 282.5340 1.1142 0.3102 0.3891 3.0396 1.6772 11.2409 -4.6386 0.0739
Car -1 -1 -7.4012 0.0000 176.3972 58.6814 374.0000 1.7093 1.6845 4.1144 -4.6905 1.7389 3.8594 -8.2495 0.0697
Cyclist -1 -1 -2.7084 524.6571 173.5493 560.2549 210.9806 1.8726 0.6800 1.6727 -3.4759 1.9083 36.7181 -2.8026 0.0676
Pedestrian -1 -1 -7.5808 520.8987 180.2787 530.9680 205.5578 1.7405 0.5755 0.5248 -5.8744 2.2595 50.1614 -7.6973 0.0666
Car -1 -1 -4.6923 550.7258 178.7170 576.7738 202.5507 1.4587 1.6234 4.0847 -3.0251 1.8593 47.2588 -4.7563 0.0647
Cyclist -1 -1 -7.5304 534.5366 181.4066 563.2177 231.1131 1.5756 0.4407 1.6896 -2.0691 1.8707 24.0452 -7.6161 0.0587
Car -1 -1 -8.1459 727.1149 177.3729 777.7130 207.2305 1.5735 1.6654 4.1573 7.9520 1.8424 40.8296 -7.9554 0.0570
Pedestrian -1 -1 -7.7730 542.6168 170.4630 563.6443 223.8770 1.8854 0.7032 0.6062 -2.0733 1.8007 25.7717 -7.8532 0.0556
Pedestrian -1 -1 -7.9369 1037.4001 157.2400 1073.7659 246.4040 1.8737 0.6130 0.6009 9.5506 1.5452 15.5672 -7.3956 0.0549
Pedestrian -1 -1 -3.4304 214.2602 184.1461 301.5566 365.8226 1.6067 0.5218 0.6227 -3.3915 1.7196 6.8333 -3.8767 0.0543
Car -1 -1 -4.9457 498.6331 182.9550 561.9263 223.4564 1.4358 1.6204 3.9793 -3.2961 1.8686 28.7958 -5.0592 0.0531
Pedestrian -1 -1 -2.9300 298.1377 152.6416 386.8409 321.7206 1.8904 0.6495 0.8542 -3.1656 1.6641 8.4476 -3.2793 0.0529
Pedestrian -1 -1 -4.3575 93.1124 154.1408 204.0422 355.7063 1.8662 0.6422 0.9248 -4.6206 1.6926 7.1971 -4.9121 0.0529
Pedestrian -1 -1 -8.7571 1172.4506 145.2125 1234.4607 242.4487 1.8805 0.5765 0.7612 11.7694 1.3457 14.3904 -8.0819 0.0513
Pedestrian -1 -1 -4.8869 564.6060 173.8582 581.7767 220.5865 1.8063 0.5537 0.7282 -1.4934 1.8460 28.3263 -4.9397 0.6328
Pedestrian -1 -1 -4.7674 549.2983 174.1678 573.0555 233.9981 1.7427 0.6591 0.8236 -1.5090 1.7824 21.4864 -4.8375 0.6279
Pedestrian -1 -1 -7.9498 575.4883 176.9596 596.6273 225.5096 1.6478 0.6537 0.8324 -0.8826 1.7925 25.0220 -7.9854 0.5699
Pedestrian -1 -1 -4.9672 731.7103 167.3037 754.0798 215.8721 1.9299 0.6615 0.9756 5.3233 1.7090 29.1820 -4.7891 0.5178
Pedestrian -1 -1 -8.0087 918.9348 172.8543 966.2458 253.3028 1.5804 0.7608 0.7227 6.6723 1.5801 14.6226 -7.5889 0.4358
Cyclist -1 -1 -8.0220 538.2503 178.3489 554.1533 212.4071 1.6841 0.5348 1.6663 -3.3047 1.9710 36.8344 -8.1114 0.3343
Cyclist -1 -1 -5.6744 922.4828 120.0543 1241.0000 374.0000 1.7167 0.6540 1.6254 2.1337 1.5592 3.0235 -5.1054 0.3105
Pedestrian -1 -1 -4.8104 755.2690 169.3512 773.7067 216.1065 1.8625 0.6495 0.8066 6.1975 1.7227 29.1787 -4.6038 0.3100
Pedestrian -1 -1 -3.3058 1059.5713 161.4335 1109.1160 269.0703 1.7631 0.6937 0.5880 7.9858 1.5758 12.2533 -2.7398 0.2897
Pedestrian -1 -1 -6.6429 1041.4883 169.4264 1092.2743 267.5850 1.7077 0.6025 0.5874 8.1044 1.6478 12.9043 -6.0931 0.2759
Pedestrian -1 -1 -5.8164 542.4545 175.4025 557.7995 207.1717 1.8071 0.5564 0.7047 -3.4786 1.9547 41.4938 -5.9001 0.2617
Cyclist -1 -1 -7.8172 769.1740 177.4108 778.2807 214.7267 1.6095 0.3453 1.5359 7.2458 1.8169 32.0999 -7.5977 0.2383
Cyclist -1 -1 -5.3617 404.7199 181.6628 439.9466 220.6674 1.6972 0.6477 1.6880 -8.5078 2.1034 32.5227 -5.6160 0.2245
Cyclist -1 -1 -7.4747 374.2454 173.1725 450.5477 299.0271 1.7083 0.4639 1.7704 -2.9422 1.7131 10.7047 -7.7377 0.1977
Pedestrian -1 -1 -8.4547 555.8377 175.2702 582.0137 226.9377 1.7215 0.5413 0.7822 -1.4478 1.8050 24.5595 -8.5137 0.1905
Cyclist -1 -1 -7.2004 428.3524 180.8947 460.8749 219.5899 1.6945 0.5686 1.6290 -7.5490 2.0694 32.8119 -7.4253 0.1664
Pedestrian -1 -1 -4.1094 525.0903 174.8194 556.0610 232.9407 1.7403 0.6660 0.6989 -2.1723 1.8015 22.1035 -4.2070 0.1663
Cyclist -1 -1 -8.2349 419.3758 182.5658 444.2491 221.0269 1.6808 0.5001 1.7010 -8.1493 2.1331 32.7903 -8.4771 0.1000
Pedestrian -1 -1 -6.2892 766.1532 175.6828 782.2549 215.5907 1.7255 0.6766 0.6816 7.1570 1.8509 31.6568 -6.0695 0.0960
Pedestrian -1 -1 -7.8690 785.3175 173.1977 803.3584 218.8748 1.7701 0.6727 0.7871 7.2124 1.7836 28.4286 -7.6236 0.0922
Pedestrian -1 -1 -7.7947 516.9009 174.4823 537.5094 235.0314 1.7165 0.5498 0.7571 -2.4386 1.7642 20.8697 -7.9103 0.0852
Cyclist -1 -1 -8.2116 1070.9722 175.8068 1140.6592 274.6886 1.5863 0.4054 1.6846 8.4887 1.6407 12.4935 -7.6264 0.0838
Pedestrian -1 -1 -5.5583 389.6052 178.4925 454.4544 293.6952 1.6270 0.5574 0.7436 -2.8260 1.7131 10.6479 -5.8126 0.0831
Cyclist -1 -1 -2.7907 652.4949 176.2145 690.0208 216.5249 1.7607 0.6012 1.5577 2.6911 1.9132 32.2152 -2.7088 0.0827
Cyclist -1 -1 -7.9420 672.5623 178.2226 685.6743 216.1159 1.6520 0.4489 1.5262 3.0579 1.8987 32.4364 -7.8495 0.0811
Pedestrian -1 -1 -5.2876 488.3274 176.9812 542.8300 293.3773 1.5580 0.4663 0.6679 -1.3805 1.6178 10.0921 -5.4214 0.0783
Pedestrian -1 -1 -4.4455 427.9816 183.3394 442.6124 219.7715 1.6134 0.5199 0.5184 -7.8784 2.0874 32.3740 -4.6829 0.0769
Cyclist -1 -1 -2.8039 526.8035 174.7527 561.3979 212.0130 1.8663 0.6358 1.6341 -3.3890 1.9639 36.7000 -2.8959 0.0686
Cyclist -1 -1 -7.4375 648.3649 178.3020 666.6698 207.7365 1.6716 0.4520 1.6200 2.7441 1.9954 42.1033 -7.3734 0.0669
Cyclist -1 -1 -7.5988 675.4100 175.7405 694.0350 214.9133 1.7278 0.4498 1.6290 3.3626 1.8621 32.7912 -7.4981 0.0662
Cyclist -1 -1 -2.5756 521.2457 171.3743 577.0699 231.8088 1.7896 0.3463 1.7809 -1.9080 1.7455 21.9303 -2.6621 0.0650
Cyclist -1 -1 -8.1876 777.7105 176.0721 805.3787 220.1892 1.7100 0.4945 1.8442 7.2465 1.8435 29.0456 -7.9461 0.0618
Pedestrian -1 -1 -4.6901 506.2578 171.7347 526.6878 234.9943 1.7779 0.5654 0.7677 -2.7257 1.7462 20.6908 -4.8202 0.0598
Pedestrian -1 -1 -5.2397 525.7311 176.3141 552.1053 232.3469 1.5888 0.5232 0.6118 -2.1110 1.6907 20.9096 -5.3398 0.0590
Cyclist -1 -1 -8.2965 637.9780 178.0121 657.5474 207.7797 1.6865 0.4856 1.6247 2.1535 1.9926 42.0154 -8.2463 0.0577
Pedestrian -1 -1 -5.4007 1094.9432 185.2372 1145.6533 271.2866 1.4157 0.5078 0.4841 8.5729 1.6294 12.2099 -4.8006 0.0576
Pedestrian -1 -1 -5.9384 430.6144 178.6521 451.6598 220.9057 1.8561 0.6970 0.7213 -7.5714 2.1176 32.1895 -6.1681 0.0564
Cyclist -1 -1 -8.2684 1053.0435 163.2421 1140.8351 272.9139 1.7182 0.5106 1.8403 8.1571 1.5674 12.2536 -7.6928 0.0548
Cyclist -1 -1 -7.7176 431.7178 182.1266 447.7271 219.3866 1.6435 0.4957 1.6477 -7.8415 2.0793 33.0897 -7.9490 0.0547
Pedestrian -1 -1 -7.1162 212.7106 174.4737 321.6962 357.0101 1.6877 0.6267 0.7561 -3.4268 1.7044 7.1337 -7.5506 0.0538
Pedestrian -1 -1 -2.9470 306.2122 173.3752 385.7776 323.8530 1.6977 0.5158 0.7896 -3.1341 1.7038 8.4572 -3.2928 0.0530
Cyclist -1 -1 -7.6712 539.9384 176.2060 555.7430 207.7691 1.7679 0.6225 1.6166 -3.5972 1.9639 41.4258 -7.7578 0.0513
Cyclist -1 -1 -7.5864 769.4936 174.7015 788.4528 213.7137 1.6907 0.4201 1.6010 7.4945 1.7748 32.1502 -7.3600 0.0510
Pedestrian -1 -1 -6.5953 1082.9019 179.6768 1132.0770 270.4715 1.5228 0.5456 0.5545 8.5461 1.6438 12.4907 -6.0069 0.0509
Car -1 -1 -7.6751 677.5454 180.7322 727.3526 216.7247 1.5120 1.6228 3.8869 4.2837 1.8984 33.3259 -7.5490 0.1225
Car -1 -1 -5.6928 953.8859 202.3961 1241.0000 374.0000 1.4903 1.5960 3.4575 2.7404 1.6514 2.1235 -4.8470 0.1167
Car -1 -1 -6.7138 1020.7633 175.3751 1241.0000 259.8043 1.4804 1.5576 3.8132 10.1967 1.5325 13.8500 -6.0898 0.1163
Car -1 -1 -8.1194 727.1979 175.8630 777.6121 206.6845 1.6357 1.7004 4.3784 7.9762 1.8156 40.9771 -7.9291 0.1113
Car -1 -1 -6.6378 774.4993 179.4742 890.8480 216.8672 1.4644 1.6694 4.2376 9.0224 1.7442 29.5620 -6.3449 0.0918
Car -1 -1 -8.4627 1093.1088 182.6840 1241.0000 301.2421 1.4274 1.5131 3.6080 9.0734 1.6002 10.8498 -7.7801 0.0836
Car -1 -1 -7.8247 772.5305 177.6926 809.6826 213.5216 1.5142 1.5531 3.6072 8.2718 1.7481 32.9661 -7.5815 0.0779
Car -1 -1 -8.1174 630.7457 180.0588 685.0394 215.8544 1.5260 1.5958 3.6879 2.1211 1.8800 33.5180 -8.0554 0.0655
Car -1 -1 -2.9303 588.7563 179.8782 660.7132 206.5269 1.4962 1.6686 3.9719 0.8484 1.9215 42.4456 -2.9110 0.0607
Car -1 -1 -8.0217 725.2720 179.6946 775.0436 214.7564 1.4794 1.6100 3.7935 6.3220 1.8110 33.1015 -7.8352 0.0585
