Pedestrian -1 -1 -3.9137 661.5041 166.1170 680.3504 201.5970 1.9234 0.5907 0.8646 3.3080 1.5579 39.6174 -3.8315 0.0985
Pedestrian -1 -1 -3.5469 1027.9626 113.1336 1198.9005 374.0000 1.8922 0.5591 0.9209 3.7494 1.4643 5.5178 -2.9753 0.0973
Pedestrian -1 -1 -7.9087 804.4597 156.4646 821.9754 203.4576 1.9679 0.6763 0.6739 8.5746 1.2812 30.6163 -7.6386 0.0764
Cyclist -1 -1 -8.0960 695.4714 171.7068 705.0355 192.5594 1.5231 0.3383 1.5515 6.6565 1.4390 53.4911 -7.9732 0.0715
Car -1 -1 -4.6795 626.1924 175.3754 659.1484 206.0329 1.5559 1.6547 4.0373 1.7738 1.6993 39.0381 -4.6350 0.0652
Cyclist -1 -1 -4.8179 678.9862 172.5561 694.3196 209.8996 1.6278 0.5167 1.5340 3.3723 1.6145 32.2199 -4.7152 0.0636
Car -1 -1 -7.8352 509.2149 175.6411 526.3774 192.3898 1.5048 1.5224 3.6574 -8.6064 1.7721 67.3610 -7.9621 0.0628
Pedestrian -1 -1 -2.8649 954.1592 132.6962 967.6198 170.3822 1.8284 0.5332 0.4677 17.1789 -0.1228 35.4076 -2.4162 0.0607
Car -1 -1 -4.2115 58.2099 184.0179 154.4918 224.7253 1.6023 1.7125 4.0580 -22.0033 2.1245 31.6623 -4.8151 0.0598
Pedestrian -1 -1 -5.9075 927.2700 155.3921 967.8067 233.6498 1.8034 0.5653 0.7141 7.9371 1.4007 17.0809 -5.4796 0.0582
Cyclist -1 -1 -7.6546 256.6638 182.9765 265.6272 204.0999 1.6132 0.3267 1.5791 -27.4268 2.4193 56.6804 -8.1037 0.0567
Pedestrian -1 -1 -5.6365 1158.2040 204.7827 1241.0000 374.0000 1.3433 0.4410 0.5533 3.6865 1.5495 4.3455 -4.9666 0.0545
Pedestrian -1 -1 -5.6137 103.1881 175.0862 120.5677 202.6626 1.8834 0.4930 0.8643 -34.2709 2.0374 49.5995 -6.2159 0.0517
Pedestrian -1 -1 -4.4041 743.4620 162.4568 757.1724 194.3407 2.0083 0.6231 0.8756 8.9102 1.3531 45.9816 -4.2142 0.0515
Car -1 -1 -4.3780 568.2507 176.7680 598.9308 193.0409 1.4019 1.5546 3.9895 -2.3775 1.7675 65.3222 -4.4146 0.0510
Pedestrian -1 -1 -6.2236 511.9018 172.7766 521.1962 197.9643 1.7618 0.6817 0.6104 -6.6121 1.7561 50.8300 -6.3526 0.2461
Pedestrian -1 -1 -3.5456 1179.3500 145.1914 1241.0000 291.3448 1.6993 0.5098 0.6596 7.3401 1.3774 8.7251 -2.8631 0.1906
Pedestrian -1 -1 -4.0539 1191.3137 128.7562 1215.8121 179.1118 1.8212 0.5696 0.3951 21.6829 0.2260 26.4185 -3.3719 0.1703
Cyclist -1 -1 -4.9859 1097.8822 168.8657 1178.7163 284.0508 1.5367 0.4709 1.7230 7.5947 1.4832 10.5169 -4.3742 0.1560
Cyclist -1 -1 -2.6619 624.7753 169.4796 651.3857 195.9246 1.7938 0.5846 1.7570 1.8964 1.5647 49.6327 -2.6243 0.1409
Pedestrian -1 -1 -7.8902 1138.8397 135.4651 1159.2206 183.5817 1.8067 0.6051 0.3649 20.4301 0.4025 27.4143 -7.2548 0.1202
Pedestrian -1 -1 -7.7971 1097.4412 139.0208 1118.4266 184.9559 1.7763 0.6550 0.4465 19.4692 0.4677 28.2776 -7.1989 0.1065
Pedestrian -1 -1 -4.1164 974.8080 160.5031 1022.4139 250.8632 1.6510 0.4912 0.6859 7.2487 1.4250 13.5620 -3.6351 0.0848
Cyclist -1 -1 -7.9198 487.8386 177.0338 496.4923 204.1378 1.6034 0.4115 1.6124 -7.1885 1.8615 43.7736 -8.0820 0.0818
Cyclist -1 -1 -4.5760 434.8677 176.0444 452.6797 221.0967 1.7208 0.4832 1.5150 -6.5885 1.8497 28.4457 -4.8021 0.0798
Cyclist -1 -1 -8.5670 922.7405 165.2517 999.7862 249.2268 1.5932 0.4342 1.6090 6.9783 1.4487 14.5223 -8.1276 0.0748
Cyclist -1 -1 -7.2493 488.8482 177.3612 506.9526 203.0065 1.6036 0.4230 1.3995 -7.1885 1.8957 46.0937 -7.4036 0.0676
Cyclist -1 -1 -7.1541 258.3756 180.3957 338.5865 270.4286 1.5905 0.4369 1.6515 -5.9469 1.7428 13.7429 -7.5561 0.0654
Cyclist -1 -1 -3.5613 1159.5148 129.9673 1222.4094 178.6240 1.7660 0.6202 1.7089 21.4310 0.2091 26.7013 -2.8901 0.0631
Pedestrian -1 -1 -6.7871 358.9792 178.7131 372.1424 204.1268 1.7582 0.5918 0.6717 -17.1632 2.1722 50.5715 -7.1130 0.0612
Cyclist -1 -1 -6.4175 586.6165 171.6757 613.3517 200.2845 1.7710 0.5827 1.6058 -0.6635 1.6978 45.0741 -6.4326 0.0604
Cyclist -1 -1 -6.4587 1093.8711 137.0184 1150.4178 182.7328 1.7355 0.6708 1.6989 19.8419 0.3747 28.0544 -5.8479 0.0596
Pedestrian -1 -1 -7.5267 1182.5176 128.7140 1208.7385 180.4459 1.8658 0.6561 0.3876 21.3819 0.2735 26.4046 -6.8513 0.0565
Cyclist -1 -1 -8.8664 1118.3761 135.1438 1174.4100 181.1802 1.7026 0.5063 1.7053 20.4241 0.3076 27.5712 -8.2338 0.0548
Cyclist -1 -1 -3.4888 1166.6809 126.7158 1230.8756 177.2480 1.8082 0.5725 1.7258 21.4474 0.1569 26.3698 -2.8112 0.0544
Pedestrian -1 -1 -6.7591 1173.5028 139.7054 1241.0000 284.3389 1.7298 0.5508 0.7191 7.5144 1.3330 8.9723 -6.0783 0.0542
Pedestrian -1 -1 -3.5442 514.7391 170.0935 528.8115 196.5886 1.8604 0.5451 0.8432 -6.2807 1.6663 51.1106 -3.6662 0.0528
Cyclist -1 -1 -7.4844 240.9997 188.2570 302.4029 277.3095 1.5003 0.4604 1.6213 -6.2381 1.8007 13.2644 -7.9169 0.0515
Pedestrian -1 -1 -5.4940 474.4244 177.5098 484.5435 202.5154 1.6573 0.4609 0.4813 -8.7637 1.9706 48.2703 -5.6730 0.0512
Pedestrian -1 -1 -7.1659 1099.4594 158.3367 1165.8530 267.5033 1.6112 0.5727 0.5973 7.9074 1.3966 11.0052 -6.5560 0.0509
Cyclist -1 -1 -8.5747 934.1064 164.2825 1016.5064 253.6390 1.6235 0.4365 1.6361 6.9702 1.4674 13.9557 -8.1205 0.0503
Car -1 -1 -7.7973 535.5012 175.6672 566.1081 202.7128 1.5440 1.6341 3.6311 -3.5580 1.7201 43.4089 -7.8791 0.8258
Car -1 -1 -7.9050 583.9405 175.5005 612.3616 199.0326 1.4515 1.6310 4.3033 -0.8497 1.6325 47.2055 -7.9234 0.7156
Car -1 -1 -6.6567 670.4518 176.6716 762.3133 210.4336 1.4478 1.6172 3.7527 4.7167 1.6255 32.4330 -6.5141 0.3219
Car -1 -1 -6.1113 327.0526 176.2659 402.9291 203.9408 1.7084 1.7362 4.3497 -15.6004 1.9314 46.0263 -6.4366 0.1769
Car -1 -1 -4.3436 675.9794 171.7916 709.2050 190.4268 1.7074 1.7090 4.2685 7.8431 1.6098 68.3958 -4.2302 0.1473
Car -1 -1 -6.8531 614.9171 174.7371 670.4734 195.4743 1.5031 1.6646 3.8955 2.4416 1.6489 54.3032 -6.8088 0.1388
Car -1 -1 -4.5745 463.4212 180.0210 490.4293 198.9131 1.4643 1.6293 4.2521 -11.0003 2.0787 59.7242 -4.7562 0.1388
Car -1 -1 -7.6526 377.8098 181.8487 442.1683 225.1050 1.4628 1.6039 3.7546 -7.4792 1.8246 27.1264 -7.9196 0.1283
Car -1 -1 -4.6406 516.2456 177.3736 539.3533 196.3647 1.4994 1.6234 4.0768 -6.8305 1.8881 60.0238 -4.7538 0.1150
Car -1 -1 -4.6675 577.7402 173.1966 597.2153 191.3856 1.6144 1.6039 4.1694 -2.0606 1.6466 66.2167 -4.6988 0.1137
Car -1 -1 -4.1642 470.6710 175.3946 520.2930 200.8873 1.5866 1.5548 3.6139 -7.4879 1.7597 47.2664 -4.3208 0.1050
Car -1 -1 -4.1642 110.5991 188.1292 195.6420 222.1857 1.4803 1.6439 4.0119 -22.2020 2.2676 35.1864 -4.7239 0.0990
Car -1 -1 -7.5624 1064.9764 171.9744 1241.0000 374.0000 1.4853 1.5908 4.3297 3.9935 1.4835 2.8157 -6.6542 0.0940
Car -1 -1 -4.5706 510.2128 177.0947 537.0402 197.7813 1.4962 1.5761 3.1956 -6.5194 1.8255 54.4653 -4.6895 0.0688
Car -1 -1 -7.4400 160.8218 189.2647 336.4058 275.4704 1.3850 1.5915 4.0513 -7.0279 1.7593 14.4234 -7.8867 0.0669
Car -1 -1 -4.3729 642.6043 174.4136 683.3369 197.7936 1.5799 1.6519 3.9915 3.7706 1.6950 51.2061 -4.3002 0.0644
Car -1 -1 -3.1470 1083.7155 138.1062 1209.4326 179.7345 1.5139 1.6347 3.8246 20.6821 0.2499 28.0227 -2.5160 0.0527
