Car -1 -1 -4.5575 520.2913 172.9821 581.3560 220.8282 1.6128 1.6350 3.9119 -2.1266 1.6175 26.3433 -4.6378 0.8949
Cyclist -1 -1 -7.0918 287.8214 171.3731 344.2302 234.4383 1.7220 0.3919 1.7444 -8.4076 1.6813 20.5849 -7.4755 0.2605
Pedestrian -1 -1 -7.9181 511.2729 165.2633 527.3325 205.0879 1.8689 0.7062 0.8173 -4.3599 1.5123 34.3277 -8.0439 0.1387
Pedestrian -1 -1 -8.2524 676.6880 163.5083 700.1130 210.7775 1.8228 0.6483 0.8094 3.0260 1.4621 28.3056 -8.1476 0.1095
Car -1 -1 -4.5096 546.0143 168.0811 582.6194 194.7947 1.9049 1.8300 4.6499 -3.3855 1.5642 53.8811 -4.5724 0.0899
Car -1 -1 -7.9499 461.9404 176.5295 509.5812 217.2282 1.4952 1.5414 3.3708 -5.0279 1.6503 28.6687 -8.1225 0.0751
Pedestrian -1 -1 -4.2003 722.8281 161.1446 741.8812 201.6605 1.8912 0.6184 0.7166 5.7514 1.3444 34.1537 -4.0353 0.0698
Pedestrian -1 -1 -8.3345 690.5536 163.6267 722.7750 228.9446 1.8029 0.6038 0.7886 2.6760 1.5479 20.3900 -8.2066 0.0568
Cyclist -1 -1 -7.9631 714.3589 171.4583 724.5154 202.3655 1.6593 0.3750 1.5837 5.9526 1.5840 39.5342 -7.8152 0.0549
Car -1 -1 -4.4698 567.2523 173.9795 601.1142 196.5949 1.5444 1.5684 3.7176 -1.8328 1.6275 51.4516 -4.5057 0.0541
Pedestrian -1 -1 -6.6238 591.1421 173.3853 601.1171 195.8511 1.6493 0.7043 0.5329 -1.0580 1.6886 53.4137 -6.6439 0.0524
Car -1 -1 -5.1434 729.6343 166.0603 812.2556 213.9280 1.6551 1.5949 3.6781 5.8653 1.4199 26.9162 -4.9317 0.0523
Pedestrian -1 -1 -6.8265 782.6384 165.6464 816.8829 226.9827 1.7234 0.5976 0.7461 5.3815 1.5206 20.6669 -6.5759 0.0504
Pedestrian -1 -1 -7.7183 388.6913 170.1720 418.6551 247.7301 1.8127 0.5724 0.9296 -5.0066 1.7497 17.3646 -7.9956 0.2876
Pedestrian -1 -1 -4.8071 862.1193 149.0245 904.5820 247.2811 1.7693 0.6632 0.7466 5.0238 1.3399 13.4379 -4.4571 0.2621
Pedestrian -1 -1 -4.9250 1033.6461 132.1402 1125.9652 303.4011 1.7381 0.6592 0.8407 5.0077 1.3246 7.8288 -4.3734 0.1813
Pedestrian -1 -1 -7.0910 971.1507 139.0018 1075.6921 294.6212 1.7302 0.6572 0.8579 4.7803 1.3535 8.4656 -6.5924 0.1743
Pedestrian -1 -1 -5.5472 397.5892 175.4251 432.4990 241.0010 1.6865 0.6227 0.6343 -5.1841 1.7554 19.0113 -5.8105 0.1559
Pedestrian -1 -1 -6.5798 1133.6198 113.4335 1241.0000 302.2762 1.8129 0.5805 0.9704 5.9639 1.2422 7.3709 -5.9191 0.1500
Cyclist -1 -1 -3.0367 896.3515 146.7420 951.3390 195.0219 1.7369 0.6470 1.8093 11.5537 0.7972 26.6816 -2.6322 0.1277
Pedestrian -1 -1 -8.0783 930.1888 145.3458 955.2514 196.5810 1.8403 0.6932 0.6780 12.0830 0.8519 26.3184 -7.6523 0.1244
Cyclist -1 -1 -8.6188 895.8577 150.1101 940.6047 197.4717 1.7090 0.4550 1.7342 11.4344 0.8880 26.9267 -8.2213 0.1203
Cyclist -1 -1 -5.9648 33.1407 177.4726 231.7204 329.2806 1.7755 0.6458 1.9703 -5.9573 1.8366 9.0311 -6.5349 0.0968
Pedestrian -1 -1 -4.6564 2.7257 168.3359 67.6525 333.7839 1.9543 0.5871 0.6780 -7.1814 1.9006 8.9685 -5.3173 0.0870
Pedestrian -1 -1 -8.7751 1043.2885 136.4906 1102.2339 241.1750 1.7279 0.6673 0.5578 7.8212 1.1274 12.2891 -8.2194 0.0819
Pedestrian -1 -1 -4.7117 955.6387 147.1975 989.7106 240.1671 1.7254 0.5702 0.6166 6.8720 1.2489 13.7929 -4.2584 0.0816
Pedestrian -1 -1 -4.6799 982.7682 152.8486 1017.7473 247.4576 1.6411 0.5391 0.5474 6.9185 1.2938 12.8872 -4.1972 0.0796
Pedestrian -1 -1 -5.3284 1066.7549 119.5693 1188.6677 300.2520 1.7711 0.6296 0.8805 5.3009 1.2485 7.5192 -4.7329 0.0771
Pedestrian -1 -1 -4.4980 23.7585 176.8535 95.0205 334.1448 1.8562 0.5713 0.6535 -6.8670 1.9078 8.9514 -5.1383 0.0754
Pedestrian -1 -1 -2.3082 94.6257 177.0563 179.3515 331.6907 1.8560 0.5242 0.7446 -5.9664 1.9103 9.0289 -2.8791 0.0753
Pedestrian -1 -1 -6.1021 135.9896 181.2953 198.6643 328.3588 1.7632 0.5200 0.5815 -5.5854 1.8726 9.0361 -6.6432 0.0748
Pedestrian -1 -1 -7.9966 940.1283 143.2267 962.8818 195.2287 1.8544 0.6717 0.5311 12.2924 0.7976 26.0809 -7.5606 0.0737
Pedestrian -1 -1 -3.1443 1096.6727 128.0015 1191.1940 302.4266 1.7395 0.6003 0.7814 5.5896 1.2919 7.6655 -2.5327 0.0697
Pedestrian -1 -1 -5.9007 401.6219 171.0362 438.5097 240.3420 1.7661 0.6715 0.7300 -4.9833 1.7195 18.7661 -6.1574 0.0692
Pedestrian -1 -1 -5.6995 240.3613 167.4187 315.3739 301.9392 1.9208 0.5427 0.8458 -4.9416 1.8429 10.6372 -6.1256 0.0692
Pedestrian -1 -1 -7.8448 51.0650 195.6650 106.2546 342.9572 1.6818 0.5248 0.6312 -6.5048 1.9718 8.7745 -8.4686 0.0661
Pedestrian -1 -1 -7.4035 1017.7734 133.7050 1106.2960 290.5062 1.7260 0.5632 0.8718 5.2163 1.2947 8.4169 -6.8647 0.0642
Pedestrian -1 -1 -6.0924 222.9864 177.0265 274.5135 302.5067 1.7879 0.5614 0.5820 -5.3761 1.8512 10.6514 -6.5505 0.0634
Pedestrian -1 -1 -2.3875 181.5710 180.7873 258.9197 322.9822 1.8331 0.5694 0.7231 -5.2932 1.9437 9.7129 -2.8756 0.0592
Cyclist -1 -1 -8.5218 888.6536 150.2215 930.4274 198.4257 1.7454 0.4487 1.7526 11.1531 0.9256 27.0302 -8.1345 0.0556
Pedestrian -1 -1 -4.6564 919.1040 144.7973 959.0273 244.3076 1.7558 0.6350 0.6475 5.9532 1.2604 13.1636 -4.2406 0.0549
Pedestrian -1 -1 -6.7432 428.3967 167.2948 449.4529 231.7395 1.8367 0.5998 0.3653 -5.0091 1.6779 20.9114 -6.9761 0.0526
Cyclist -1 -1 -6.2943 896.4338 139.1008 1009.4335 244.9732 1.8433 0.6488 1.8296 6.1952 1.2553 13.2297 -5.8654 0.0516
Cyclist -1 -1 -6.3066 387.0513 177.6358 455.1800 244.6633 1.7018 0.6774 1.7028 -5.0110 1.8309 18.9597 -6.5622 0.0510
Car -1 -1 -7.6059 404.8467 173.9371 542.9029 266.0638 1.6704 1.7736 4.7128 -2.7687 1.6970 15.5546 -7.7800 0.9396
Car -1 -1 -4.6783 586.4195 172.3089 610.3309 193.1970 1.5412 1.6914 4.4177 -0.8855 1.5007 55.4626 -4.6945 0.6601
Car -1 -1 -7.2539 1187.6193 122.6634 1241.0000 374.0000 1.5133 1.6203 4.3266 6.5811 1.2407 4.8640 -6.3482 0.3089
Car -1 -1 -6.2028 955.0041 132.8860 1224.5264 239.0446 1.6741 1.6838 3.9109 8.5805 1.0435 13.2277 -5.6376 0.2568
Car -1 -1 -7.7249 657.6693 169.0381 686.7916 190.9153 1.5314 1.6353 3.8580 4.5381 1.2640 52.5654 -7.6396 0.1737
Car -1 -1 -8.0640 648.5743 166.9370 674.7391 184.4391 1.5634 1.6020 3.9958 4.7086 1.0346 66.5430 -7.9939 0.1223
