Pedestrian -1 -1 -3.4337 1060.6484 155.6969 1099.5854 233.0566 1.9625 0.6190 0.6921 12.1205 1.5270 18.6967 -2.8662 0.2106
Pedestrian -1 -1 -8.0332 1206.5510 160.5713 1235.6622 215.6648 1.8432 0.6741 0.4966 20.7135 1.4319 24.5214 -7.3380 0.1162
Pedestrian -1 -1 -4.5538 91.9675 183.4841 115.2808 231.3489 1.7628 0.6305 0.5980 -19.0997 2.1686 27.1597 -5.1623 0.1055
Pedestrian -1 -1 -5.0017 1134.3392 169.3052 1160.5402 216.4094 1.6938 0.6083 0.6339 19.5711 1.5659 26.3467 -4.3685 0.0968
Car -1 -1 -5.2272 547.3979 179.0204 583.8595 195.3788 1.5031 1.7165 4.1456 -4.3664 2.1213 70.1682 -5.2895 0.0625
Cyclist -1 -1 -5.8829 1078.3500 171.2927 1124.8647 211.5993 1.6130 0.4762 1.5115 20.1334 1.5503 29.6384 -5.2912 0.0619
Pedestrian -1 -1 -2.9108 57.5575 184.7295 81.3673 246.8111 1.8099 0.5254 0.4581 -16.1461 2.1688 21.4945 -3.5492 0.0565
Cyclist -1 -1 -8.3802 948.4261 170.2586 974.1779 201.9782 1.7232 0.4946 1.6957 19.4533 1.5819 40.0627 -7.9314 0.0527
Car -1 -1 -4.8280 717.7449 175.1128 745.5783 195.9691 1.6114 1.7221 4.3295 9.7830 1.8009 58.4290 -4.6634 0.0518
Car -1 -1 -4.3538 263.7193 180.6792 301.7133 200.1206 1.5500 1.6016 4.0942 -27.7788 2.2374 61.3090 -4.7779 0.0516
Pedestrian -1 -1 -7.2861 765.0737 171.7457 776.2663 195.2913 1.9170 0.7134 0.5482 13.1540 1.8265 59.1908 -7.0689 0.0515
Car -1 -1 -4.6677 540.7821 178.2970 565.5137 201.9577 1.6983 1.6910 4.2537 -4.3202 2.1286 54.9351 -4.7462 0.0502
Car -1 -1 -7.1594 869.6564 175.2768 929.7523 200.4113 1.5307 1.5614 3.6660 18.3639 1.6894 45.8027 -6.7807 0.0501
Pedestrian -1 -1 -4.0323 373.3773 179.3648 394.3757 217.2418 1.8587 0.6054 0.8452 -11.3449 2.1886 36.0856 -4.3352 0.4471
Cyclist -1 -1 -8.3052 641.4658 162.3430 695.5009 242.3006 2.0044 0.6655 1.8710 1.4680 1.7406 19.0801 -8.2305 0.2382
Pedestrian -1 -1 -4.9703 1142.5833 173.4317 1163.0804 216.9369 1.5679 0.4981 0.4441 19.7434 1.5889 26.3100 -4.3323 0.2136
Pedestrian -1 -1 -3.4465 877.8533 171.0674 894.2047 199.8395 1.7785 0.6288 0.7976 17.1526 1.6678 44.9375 -3.0844 0.0726
Pedestrian -1 -1 -6.4388 947.2048 170.7904 961.1795 204.1035 1.8045 0.6823 0.5889 18.7983 1.6925 39.4954 -5.9979 0.0627
Pedestrian -1 -1 -3.7116 642.3380 166.0522 692.0740 239.8567 1.8994 0.6962 1.1160 1.4656 1.7240 19.1404 -3.6373 0.0570
Car -1 -1 -8.0132 716.1387 176.0973 740.0248 192.8960 1.4480 1.5674 3.5050 10.5243 1.7461 64.6247 -7.8528 0.3381
Car -1 -1 -5.2418 867.2104 171.4127 928.6431 197.9066 1.6608 1.7535 4.4163 18.8529 1.5701 47.5464 -4.8668 0.0859
Car -1 -1 -1.7454 0.0000 186.1772 16.3402 211.7773 1.5655 1.6917 3.9555 -41.1093 2.4872 48.0247 -2.4508 0.0704
Car -1 -1 -4.5094 931.4645 175.5516 1006.0580 220.9118 1.4866 1.6348 4.0942 12.9477 1.5915 26.0174 -4.0526 0.0626
Car -1 -1 -8.3774 930.3532 173.9244 994.0110 201.5702 1.5029 1.5783 3.7885 20.0521 1.5668 41.3231 -7.9288 0.0599
Car -1 -1 -4.5590 0.0000 188.1606 0.0000 216.3347 1.5286 1.7035 4.1612 -41.3449 2.5026 43.7326 -5.3134 0.0531
