Pedestrian -1 -1 -2.1455 0.0000 194.2813 46.5771 312.7764 1.5604 0.4402 0.6227 -8.2530 1.8638 9.9181 -2.8265 0.1959
Pedestrian -1 -1 -4.6073 404.3234 171.0628 419.7146 209.4748 1.9908 0.6967 0.8195 -10.4214 1.8977 37.8562 -4.8745 0.1802
Pedestrian -1 -1 -5.1733 132.0847 172.4281 162.9668 230.5686 1.9968 0.6731 0.6927 -16.2272 1.9819 25.2479 -5.7400 0.1151
Car -1 -1 -2.4673 353.1208 182.6288 413.0356 206.0010 1.4937 1.5173 3.7215 -15.3310 2.1712 48.6489 -2.7714 0.1014
Car -1 -1 -3.2070 300.5431 180.5407 350.0352 200.2712 1.6067 1.6213 3.8283 -24.2935 2.2782 61.5114 -3.5819 0.0981
Pedestrian -1 -1 -5.9085 259.1046 173.2126 272.1657 197.5446 1.9135 0.3968 0.8443 -27.2177 1.9416 56.9754 -6.3525 0.0832
Car -1 -1 -4.6534 75.0238 183.1423 104.7360 205.1148 1.6067 1.6565 4.1369 -41.0739 2.4505 57.0045 -5.2758 0.0710
Car -1 -1 -7.4691 314.3907 184.1123 373.0527 213.1742 1.4574 1.6776 3.9081 -14.6112 2.1075 39.7015 -7.8199 0.0663
Pedestrian -1 -1 -4.6340 226.2365 194.4312 240.7559 232.6266 1.3474 0.4316 0.4323 -13.6398 2.1348 26.0564 -5.1124 0.0636
Pedestrian -1 -1 -3.0517 719.8456 160.3661 739.8958 206.4386 1.9252 0.5984 0.7885 5.0324 1.4031 30.5377 -2.8904 0.0635
Pedestrian -1 -1 -5.5611 450.8549 177.9268 466.8526 205.4957 1.6822 0.6761 0.6963 -9.3897 1.9992 44.6643 -5.7676 0.0581
Pedestrian -1 -1 -5.4499 233.9861 175.9459 252.1054 208.8180 1.8717 0.5338 0.7962 -21.1657 2.0511 41.5481 -5.9187 0.0578
Cyclist -1 -1 -8.1329 767.0998 159.2246 797.9719 216.4304 1.7173 0.4897 1.6547 5.3143 1.3079 22.4995 -7.9044 0.0558
Pedestrian -1 -1 -4.4876 43.6157 170.6336 76.7009 238.7967 1.9140 0.6242 0.6456 -15.8013 1.8514 20.6832 -5.1339 0.0542
Car -1 -1 -4.5735 545.1503 174.8105 580.6403 201.9026 1.5090 1.5856 3.6894 -2.7580 1.6288 42.3621 -4.6386 0.0536
Car -1 -1 -7.4349 190.1125 168.6618 234.1527 196.3063 2.5025 1.8407 4.7571 -37.3124 2.1227 67.7642 -7.9368 0.0514
Car -1 -1 -4.6496 212.7802 179.9535 237.2650 198.7346 1.4897 1.5703 4.0870 -32.5710 2.1118 61.0686 -5.1380 0.0510
Car -1 -1 -7.9365 266.7595 178.0510 291.9827 201.2730 1.9558 1.6995 4.1352 -29.3652 2.4323 63.9808 -8.3655 0.0500
Pedestrian -1 -1 -4.9946 1137.5765 128.1232 1241.0000 333.8919 1.8318 0.7530 1.0125 5.6936 1.4333 7.0326 -4.3349 0.5587
Cyclist -1 -1 -7.7936 628.8834 170.2648 636.5427 194.8652 1.5834 0.4099 1.5721 1.4579 1.4164 47.2424 -7.7633 0.3860
Pedestrian -1 -1 -2.0591 265.6315 197.1135 292.2224 248.1158 1.3094 0.4582 0.5084 -8.8512 1.9654 19.1813 -2.4866 0.2160
Cyclist -1 -1 -8.1016 622.8316 169.0833 635.5002 194.8546 1.6574 0.4431 1.6185 1.2150 1.4146 47.2404 -8.0764 0.1338
Cyclist -1 -1 -7.8837 264.3437 185.2216 284.3223 248.9950 1.6172 0.4428 1.6381 -9.1079 1.9645 19.4510 -8.3169 0.1075
Pedestrian -1 -1 -5.0303 958.5271 143.7374 1019.8265 273.5348 1.7976 0.5731 0.7296 5.3903 1.3941 10.3961 -4.5642 0.1072
Cyclist -1 -1 -7.8566 569.2996 169.4010 589.7271 218.3784 1.7319 0.7222 1.7051 -1.1651 1.6095 26.3830 -7.9010 0.1039
Cyclist -1 -1 -4.5875 631.4155 172.8956 644.2550 204.6643 1.6459 0.5004 1.4867 1.4393 1.6478 38.1580 -4.5506 0.1025
Pedestrian -1 -1 -7.5224 614.3434 171.3574 639.2531 229.8707 1.6095 0.4646 0.8111 0.4282 1.5680 20.3074 -7.5025 0.1010
Cyclist -1 -1 -7.9174 263.5121 184.4348 282.0743 240.9298 1.6442 0.4163 1.6326 -10.4086 2.0125 22.1506 -8.3525 0.0933
Pedestrian -1 -1 -4.4236 258.2066 196.5714 278.7307 239.7837 1.2694 0.4421 0.4740 -10.3434 1.9930 21.7569 -4.8631 0.0850
Cyclist -1 -1 -7.8416 225.7150 186.3380 237.8773 232.6454 1.6222 0.3734 1.5464 -13.9310 2.1317 26.5022 -8.3218 0.0847
Pedestrian -1 -1 -6.0367 347.0493 177.4600 361.0063 203.1485 1.7643 0.5671 0.7971 -17.7625 2.0851 49.9887 -6.3768 0.0820
Pedestrian -1 -1 -7.5800 635.2523 172.9424 650.5695 208.8149 1.6615 0.5557 0.6790 1.5041 1.6654 33.8301 -7.5365 0.0817
Cyclist -1 -1 -5.6097 239.2365 184.7934 305.1963 250.7788 1.6873 0.5801 1.5607 -8.9807 2.0105 19.0852 -6.0446 0.0708
Cyclist -1 -1 -7.6501 624.7623 173.9287 640.5162 206.4002 1.6447 0.4905 1.6849 1.1451 1.7015 37.4809 -7.6204 0.0700
Pedestrian -1 -1 -4.3041 254.1395 198.1025 273.1151 237.4951 1.2156 0.3913 0.4560 -10.9913 2.0214 22.8022 -4.7491 0.0644
Cyclist -1 -1 -2.2063 237.3312 183.5580 285.5603 241.4501 1.6908 0.5210 1.5151 -10.6203 2.0237 21.8753 -2.6539 0.0566
Cyclist -1 -1 -7.6694 227.4776 185.0426 249.2146 233.1936 1.6834 0.4237 1.5730 -13.6589 2.1437 26.4522 -8.1423 0.0556
Pedestrian -1 -1 -5.9623 564.3184 170.8555 585.1857 218.7553 1.7287 0.6505 0.5895 -1.3339 1.6563 26.4322 -6.0128 0.0549
Cyclist -1 -1 -4.2758 261.9293 184.3222 305.2319 249.0416 1.6521 0.4533 1.5376 -8.8330 1.9735 19.4647 -4.6971 0.0540
Pedestrian -1 -1 -7.7275 255.2064 187.5978 277.4537 237.4752 1.5180 0.5512 0.6397 -10.7973 1.9871 22.5801 -8.1694 0.0523
Pedestrian -1 -1 -4.8621 1096.8385 145.0496 1187.9478 321.2561 1.6956 0.6439 0.6583 5.3610 1.4278 7.3812 -4.2533 0.0513
Car -1 -1 -7.8241 548.1835 179.6102 629.2686 254.0107 1.4652 1.6331 3.5608 -0.4821 1.6343 16.3130 -7.8542 0.9599
Car -1 -1 -8.0256 700.0481 175.2647 802.2105 252.1459 1.4719 1.5421 3.5978 2.8966 1.5302 15.7308 -7.8477 0.9544
Car -1 -1 -7.9988 662.8891 174.6938 736.8996 229.3524 1.4618 1.5805 4.0580 2.5252 1.5215 21.4871 -7.8841 0.9121
Car -1 -1 -6.1963 346.6499 178.6096 403.3531 202.6438 1.6382 1.6269 3.6804 -16.5820 2.0540 50.9634 -6.5097 0.8859
Car -1 -1 -7.8356 577.0115 166.8236 637.7913 229.8669 1.7516 1.6899 4.4755 -0.0925 1.5837 22.2961 -7.8405 0.8473
Car -1 -1 -7.9435 644.0068 174.8253 695.4835 216.9280 1.4546 1.5556 3.9536 2.1282 1.5337 27.1003 -7.8666 0.6617
Car -1 -1 -6.0777 222.3934 180.8074 282.3364 204.8691 1.5759 1.6158 3.4083 -24.3996 2.1319 49.2634 -6.5356 0.6503
Car -1 -1 -2.7751 86.1476 187.8646 255.1565 244.5284 1.5751 1.6733 4.0400 -13.2148 2.0536 21.8476 -3.3140 0.3871
Car -1 -1 -7.8397 637.1977 175.0447 671.6593 207.0797 1.4727 1.5975 3.9747 2.1675 1.5864 35.4908 -7.7798 0.3156
Car -1 -1 -7.7625 524.1763 172.1585 551.2735 196.8939 1.7704 1.6518 3.9407 -5.3633 1.7203 53.6194 -7.8620 0.1139
Car -1 -1 -7.7926 613.5095 170.8607 640.0740 194.2452 1.5099 1.5624 3.7595 1.1301 1.3809 48.5267 -7.7698 0.0844
Car -1 -1 -7.2637 1227.6561 130.0420 1241.0000 374.0000 1.5958 1.6397 4.0618 7.0351 1.3453 5.1791 -6.3545 0.0772
Car -1 -1 -4.6075 247.7773 182.7755 286.6970 210.5360 1.5004 1.6459 4.2564 -20.3581 2.1215 42.9089 -5.0484 0.0752
Car -1 -1 -6.8240 1120.0029 142.0494 1241.0000 303.0338 1.5252 1.5548 4.1306 8.3623 1.2331 8.0876 -6.0401 0.0723
Car -1 -1 -3.6527 554.8090 177.4237 642.2675 207.1526 1.4524 1.6792 4.2855 -0.6152 1.7017 37.6102 -3.6695 0.0635
Car -1 -1 -7.5651 569.1782 175.1394 639.5334 218.4156 1.5172 1.6598 3.8620 -0.1820 1.6109 27.6018 -7.5723 0.0633
