Pedestrian -1 -1 -5.9493 561.6978 163.0379 587.5086 214.8106 1.9560 0.6430 0.8247 -1.3999 1.5849 27.6842 -6.0000 0.1403
Cyclist -1 -1 -4.8520 1003.4410 172.3114 1022.4507 215.4588 1.6691 0.4329 1.5941 15.9907 1.6478 28.7332 -4.3490 0.1251
Car -1 -1 -7.9049 898.0520 186.9337 1007.5760 284.5327 1.3820 1.4784 2.9065 5.6696 1.6535 12.3073 -7.4831 0.1096
Pedestrian -1 -1 -8.1717 709.0412 166.6787 726.1739 203.7513 1.9270 0.6751 0.7944 5.6173 1.6057 37.9534 -8.0263 0.1041
Pedestrian -1 -1 -6.2585 1013.5018 172.7448 1043.6165 227.0603 1.6906 0.5948 0.8177 13.2511 1.6869 22.9245 -5.7405 0.0951
Pedestrian -1 -1 -2.8588 986.9518 172.1013 1005.1116 209.7527 1.7525 0.7273 0.5783 18.1746 1.7171 34.0464 -2.3725 0.0760
Cyclist -1 -1 -5.6372 344.4825 176.0838 419.8961 256.9542 1.6290 0.5328 1.4804 -4.8117 1.6984 15.0728 -5.9418 0.0729
Pedestrian -1 -1 -4.7232 452.3843 174.3804 474.1802 235.0182 1.7246 0.6101 0.7551 -4.3183 1.7696 20.9763 -4.9244 0.0695
Car -1 -1 -2.2818 0.0000 160.4324 24.5507 262.8016 1.5194 1.6110 4.1977 -12.1937 1.3347 11.6448 -3.0787 0.0653
Car -1 -1 -4.6668 818.2191 173.8716 845.3879 197.5875 1.6189 1.6775 4.3501 15.9214 1.6949 51.7843 -4.3705 0.0638
Car -1 -1 -4.5907 807.7258 173.5517 843.5630 199.5354 1.5226 1.6422 4.1539 13.3436 1.5676 44.6329 -4.3024 0.0624
Pedestrian -1 -1 -2.6691 432.6453 181.1071 465.2318 255.4342 1.4519 0.4579 0.4810 -3.2728 1.6200 14.4393 -2.8889 0.0591
Car -1 -1 -4.5144 840.2927 174.8874 868.0093 192.9516 1.5661 1.6073 4.0925 22.0723 1.7557 65.2182 -4.1898 0.0574
Pedestrian -1 -1 -3.2944 1009.2797 172.3683 1027.2285 219.0626 1.7046 0.5239 0.5003 15.0421 1.6866 26.6735 -2.7861 0.0527
Pedestrian -1 -1 -4.8679 284.4124 164.5948 320.6756 250.8341 1.7895 0.5934 0.8503 -6.6584 1.6179 15.4903 -5.2681 0.0517
Pedestrian -1 -1 -7.8182 892.6109 171.4075 931.2646 253.8311 1.6023 0.6992 0.6294 6.0001 1.5739 14.4567 -7.4328 0.0504
Pedestrian -1 -1 -4.2449 371.3556 195.5945 398.9610 254.2819 1.1734 0.3831 0.4464 -4.6844 1.6498 14.8738 -4.5456 0.1836
Pedestrian -1 -1 -7.8381 565.4023 172.7142 583.3878 218.9407 1.7936 0.6966 0.6918 -1.4396 1.7879 28.3545 -7.8891 0.1272
Pedestrian -1 -1 -4.6343 445.8889 194.0685 467.8265 256.5134 1.2008 0.3965 0.3579 -3.0677 1.6245 14.2164 -4.8438 0.1215
Pedestrian -1 -1 -4.6061 560.8195 178.1438 577.5800 217.3182 1.5324 0.6037 0.6115 -1.6603 1.7443 28.6305 -4.6642 0.1145
Cyclist -1 -1 -7.8360 990.1808 174.2968 999.5292 210.4361 1.6686 0.3709 1.5142 18.1657 1.7381 34.1281 -7.3509 0.1082
Cyclist -1 -1 -7.3568 575.3596 172.8911 607.1212 217.0345 1.7351 0.5284 1.7307 -0.7905 1.7363 29.2529 -7.3843 0.0903
Pedestrian -1 -1 -6.7758 571.5807 176.9793 589.4021 218.6145 1.6248 0.5946 0.4814 -1.2164 1.7902 28.6110 -6.8186 0.0893
Cyclist -1 -1 -2.5377 539.0564 169.1618 582.6068 215.1827 1.8029 0.6045 1.7004 -2.0231 1.6580 28.9600 -2.6074 0.0819
Pedestrian -1 -1 -7.6707 930.7226 171.7434 963.3563 239.2198 1.7392 0.6766 0.6612 8.8554 1.7102 19.0622 -7.2424 0.0804
Cyclist -1 -1 -7.3954 568.5671 173.6864 598.2928 217.0842 1.7216 0.4960 1.7502 -1.1182 1.7564 29.5583 -7.4335 0.0765
Pedestrian -1 -1 -8.2787 560.9260 166.3896 586.5041 217.6269 1.9375 0.6751 0.8956 -1.4494 1.6927 27.8370 -8.3309 0.0699
Pedestrian -1 -1 -5.1251 446.4536 189.8596 473.9291 256.4530 1.2919 0.4165 0.3887 -3.0479 1.6380 14.4193 -5.3305 0.0675
Pedestrian -1 -1 -3.5579 382.5565 192.1167 409.7311 254.9694 1.2554 0.4226 0.4009 -4.4642 1.6601 14.8808 -3.8451 0.0664
Pedestrian -1 -1 -7.4500 565.6345 180.3362 583.1041 218.1874 1.4873 0.5489 0.4895 -1.4653 1.7890 28.8042 -7.5011 0.0640
Pedestrian -1 -1 -6.2151 582.0687 173.7934 600.3822 216.6694 1.7420 0.6693 0.7107 -0.8123 1.7808 29.6800 -6.2429 0.0607
Cyclist -1 -1 -2.5892 529.7957 169.4232 577.5970 216.4601 1.8204 0.7137 1.7822 -2.2831 1.6873 28.6484 -2.6686 0.0603
Pedestrian -1 -1 -6.7842 588.4062 175.5225 607.4578 216.0787 1.6550 0.6277 0.5557 -0.5459 1.7668 29.9084 -6.8030 0.0592
Pedestrian -1 -1 -4.2626 606.1761 172.7741 624.8788 214.9919 1.7802 0.5980 0.6008 0.1946 1.7765 30.8261 -4.2570 0.0551
Cyclist -1 -1 -8.0402 981.6901 174.4209 994.7837 203.8737 1.6073 0.3670 1.5077 21.0459 1.6961 40.2330 -7.5616 0.0538
Cyclist -1 -1 -7.9449 973.9831 171.9509 982.1132 195.4769 1.6323 0.3695 1.5058 25.8920 1.5693 50.8293 -7.4764 0.0536
Cyclist -1 -1 -7.3954 592.8319 172.7947 622.4217 216.1748 1.7246 0.4885 1.7579 -0.1274 1.7219 29.5818 -7.4004 0.0525
Cyclist -1 -1 -7.5447 586.2296 172.5578 612.0270 217.1483 1.7530 0.5404 1.7594 -0.4719 1.7411 29.2863 -7.5613 0.0509
Pedestrian -1 -1 -6.5473 573.0375 177.1208 589.4121 218.2983 1.6237 0.5779 0.5210 -1.1985 1.7963 28.8791 -6.5890 0.0505
Car -1 -1 -7.8389 894.4779 179.4073 987.2773 261.1112 1.5033 1.6279 3.5098 7.0486 1.6616 15.5208 -7.4205 0.8379
Car -1 -1 -4.4698 769.3062 175.2258 821.7641 209.1653 1.5522 1.6022 3.9452 9.1149 1.6753 35.4126 -4.2204 0.8266
Car -1 -1 -4.5673 819.2682 176.4137 852.4590 199.3531 1.5284 1.6580 4.2135 15.9790 1.7910 51.0319 -4.2659 0.6292
Car -1 -1 -4.8194 1004.0959 179.6761 1060.0845 217.8579 1.3965 1.5371 3.6474 16.8879 1.6898 29.0760 -4.2981 0.1338
Car -1 -1 -2.6645 492.1306 173.6930 595.3735 211.1154 1.4723 1.6119 3.9694 -2.7931 1.5085 29.9449 -2.7572 0.0936
Car -1 -1 -7.8062 900.3177 181.9913 967.9207 240.8272 1.4529 1.5941 3.4995 9.1420 1.7345 20.3362 -7.3899 0.0911
Car -1 -1 -5.0205 884.4930 175.4390 923.3000 195.8368 1.4242 1.5693 3.6912 21.4095 1.6198 52.7609 -4.6373 0.0858
Car -1 -1 -4.7365 910.2098 175.2272 944.4489 204.5284 1.5202 1.6162 4.0978 17.4987 1.6586 39.9928 -4.3272 0.0801
Car -1 -1 -4.6950 952.2198 177.3781 996.0229 213.1291 1.4840 1.6769 4.5430 16.6107 1.7054 32.9600 -4.2322 0.0741
Car -1 -1 -4.8680 947.8243 171.8735 995.3284 204.6913 1.6607 1.6443 4.0602 19.2801 1.6107 38.6944 -4.4092 0.0722
Car -1 -1 -4.8188 898.3772 176.0272 951.2165 213.9652 1.5183 1.6497 4.1534 13.6078 1.6662 31.4754 -4.4147 0.0681
Car -1 -1 -6.7342 967.9080 171.8405 1033.5472 194.5255 1.5596 1.6747 3.6785 27.2837 1.4896 50.5179 -6.2418 0.0665
Car -1 -1 -4.7529 902.3590 174.5451 942.8342 207.9782 1.5335 1.6348 4.2457 15.3187 1.6219 35.5993 -4.3499 0.0507
