Pedestrian -1 -1 -3.9397 1162.2277 133.1945 1189.5454 187.7859 1.8250 0.5584 0.4690 19.1086 0.4989 24.4307 -3.2817 0.1853
Pedestrian -1 -1 -2.9958 803.3718 168.5301 820.4068 204.1474 1.8365 0.5520 0.7850 10.4870 1.6133 37.6157 -2.7264 0.0797
Car -1 -1 -4.7122 89.4639 185.1989 116.8471 207.2049 1.6360 1.7581 4.0949 -40.9463 2.6701 58.2722 -5.3227 0.0706
Pedestrian -1 -1 -7.9330 314.6663 182.5527 326.2501 207.7357 1.9596 0.8029 0.6134 -22.8805 2.7309 56.9479 -8.3138 0.0699
Pedestrian -1 -1 -4.2477 272.9819 173.1601 292.3279 214.6763 1.9118 0.6243 0.5815 -15.2514 1.9258 33.5336 -4.6718 0.0638
Pedestrian -1 -1 -3.6761 0.0000 167.8397 56.9260 278.5491 1.9047 0.5911 0.7262 -10.4949 1.8181 12.8577 -4.3506 0.0625
Car -1 -1 -4.6275 36.4512 186.3803 71.4367 209.5597 1.5667 1.7003 4.2031 -41.2803 2.6129 53.5972 -5.2816 0.0545
Car -1 -1 -4.1186 150.1000 183.6217 227.0049 214.0667 1.5127 1.6301 4.0523 -22.9453 2.1313 39.3975 -4.6433 0.0530
Pedestrian -1 -1 -8.3057 810.5239 166.4399 865.8118 258.3257 1.7293 0.6891 0.9232 4.3863 1.6083 14.0890 -8.0107 0.6828
Pedestrian -1 -1 -4.5617 531.2802 176.5113 550.1058 225.1353 1.6650 0.5551 0.6992 -2.4559 1.7939 25.1255 -4.6588 0.5180
Pedestrian -1 -1 -8.2936 1201.5702 153.4572 1241.0000 247.4073 1.7941 0.5277 0.6857 12.0658 1.4234 14.1773 -7.5991 0.2694
Pedestrian -1 -1 -8.1470 1105.5363 152.3989 1154.9778 247.3257 1.8057 0.5725 0.8045 10.1668 1.4163 14.1969 -7.5358 0.1353
Cyclist -1 -1 -7.8443 856.2452 159.9533 877.4262 250.6337 1.8090 0.3999 1.6660 5.3723 1.5513 15.2460 -7.5123 0.1281
Pedestrian -1 -1 -6.4405 1070.9822 141.6796 1157.2916 285.0414 1.8332 0.5263 0.8661 6.6588 1.4343 9.6468 -5.8511 0.1247
Pedestrian -1 -1 -7.5290 388.3510 177.9643 400.5489 204.2153 1.7968 0.6233 0.6806 -14.9284 2.1522 49.8750 -7.8188 0.1159
Pedestrian -1 -1 -4.0086 978.7042 151.3299 1042.7117 276.9566 1.7387 0.6037 0.5312 5.6920 1.4405 10.3645 -3.5189 0.1151
Pedestrian -1 -1 -3.7769 988.9385 145.7072 1062.1685 280.4097 1.8068 0.5401 0.6929 5.6867 1.4423 9.9910 -3.2728 0.1067
Cyclist -1 -1 -2.4558 9.5841 182.3494 58.4886 221.2202 1.8086 0.7005 1.7644 -27.2601 2.2620 34.1126 -3.1263 0.1035
Pedestrian -1 -1 -6.9140 964.4824 152.6815 1028.9708 274.7374 1.7468 0.5505 0.6350 5.6413 1.4578 10.6476 -6.4389 0.0969
Pedestrian -1 -1 -4.0699 998.0757 140.0234 1081.6736 286.8376 1.8855 0.5615 0.8720 5.7165 1.4636 9.6977 -3.5511 0.0968
Cyclist -1 -1 -6.9335 1153.6194 118.3270 1220.3468 170.4706 1.7414 0.6324 1.7430 19.4955 -0.0822 24.4580 -6.2660 0.0957
Pedestrian -1 -1 -4.5888 35.2799 187.3993 53.6299 223.9046 1.6849 0.6050 0.6535 -26.7517 2.3805 34.0848 -5.2506 0.0866
Cyclist -1 -1 -7.5446 26.6571 190.4332 81.9841 272.7334 1.6339 0.4587 1.6329 -11.9820 2.0326 15.5320 -8.1935 0.0831
Pedestrian -1 -1 -3.8877 1169.1327 122.9584 1200.3815 173.7810 1.6965 0.6107 0.5607 19.3925 0.0306 24.4119 -3.2219 0.0791
Pedestrian -1 -1 -4.3857 147.8870 180.1722 175.7704 234.8833 1.8064 0.5876 0.7546 -15.1771 2.0576 24.3719 -4.9381 0.0783
Pedestrian -1 -1 -5.9698 1165.8650 131.9007 1241.0000 258.0939 1.9387 0.5981 0.8416 9.5074 1.3093 11.6010 -5.2960 0.0761
Pedestrian -1 -1 -2.8123 773.6196 167.5041 806.4354 236.9627 1.7985 0.5928 0.6915 4.7212 1.6597 19.1186 -2.5746 0.0711
Pedestrian -1 -1 -3.8460 1190.3981 146.4989 1241.0000 250.9968 1.8244 0.5461 0.6382 10.8417 1.3640 12.8754 -3.1577 0.0701
Pedestrian -1 -1 -4.5099 24.6545 204.8417 65.5903 277.1926 1.4149 0.5425 0.6481 -11.6931 2.0926 14.8831 -5.1673 0.0692
Cyclist -1 -1 -8.2095 560.7554 174.9391 588.7172 220.7462 1.7150 0.5284 1.6756 -1.4249 1.7981 27.9681 -8.2606 0.0659
Pedestrian -1 -1 -7.7668 400.3555 179.5262 410.1063 203.6457 1.6640 0.5989 0.6717 -14.3261 2.1331 50.3788 -8.0428 0.0638
Pedestrian -1 -1 -3.2501 850.9588 162.4807 895.7980 249.3418 1.7489 0.6412 0.8005 5.3848 1.5398 14.9317 -2.9110 0.0568
Cyclist -1 -1 -8.2899 550.7119 174.2124 582.1837 221.1907 1.7493 0.5686 1.6348 -1.7342 1.8029 27.7710 -8.3523 0.0519
Pedestrian -1 -1 -6.5548 1041.6064 145.3272 1129.9823 286.7422 1.8110 0.5297 0.8674 6.2630 1.4582 9.6183 -5.9921 0.0502
Car -1 -1 -4.1412 0.0000 204.0456 286.3043 374.0000 1.4240 1.5412 3.5750 -3.6469 1.7061 4.7004 -4.7744 0.9387
Car -1 -1 -4.7718 342.3837 188.2050 430.4531 262.8946 1.4008 1.6827 4.1187 -5.3169 1.8025 16.6710 -5.0766 0.9308
Car -1 -1 -5.8391 173.7629 185.4847 312.4359 228.4134 1.5459 1.7456 4.3789 -13.9125 2.0421 27.4445 -6.3047 0.9051
Car -1 -1 -3.6170 622.5995 175.5705 714.7076 206.5628 1.5527 1.6603 4.5981 3.0654 1.7021 38.0927 -3.5378 0.7943
Car -1 -1 -3.7094 482.6387 180.9121 579.1271 213.8576 1.4462 1.5971 4.4487 -3.7916 1.8556 34.6742 -3.8180 0.7320
Car -1 -1 -5.9345 307.6813 191.1603 370.7664 212.4208 1.5865 1.5737 4.3097 -21.0223 3.0284 56.0377 -6.2923 0.1391
Car -1 -1 -4.7138 219.6887 184.9254 260.5974 219.8415 1.4655 1.6252 4.1971 -17.4948 2.0727 34.0711 -5.1853 0.1301
Car -1 -1 -5.6574 133.9396 195.0307 199.3019 218.5587 1.5592 1.5998 3.6579 -31.0478 3.1406 50.5235 -6.2064 0.1104
Car -1 -1 -5.0302 1149.3730 113.3443 1241.0000 163.7592 1.4728 1.6856 3.6853 19.4168 -0.3261 23.8293 -4.3520 0.0885
Car -1 -1 -7.9221 379.6951 177.0128 407.5590 200.8539 1.6104 1.6472 3.8504 -15.5218 1.9194 51.5607 -8.2135 0.0760
Car -1 -1 -7.3066 1238.2117 136.0866 1241.0000 374.0000 1.5789 1.6152 4.0868 7.0563 1.3681 5.1605 -6.3943 0.0744
Car -1 -1 -4.4510 22.5745 194.6061 163.3949 270.4426 1.4062 1.6041 4.2058 -11.9567 1.9839 16.9207 -5.0589 0.0689
Car -1 -1 -4.5175 637.5396 177.0199 671.4106 199.5947 1.4688 1.6014 3.9727 3.0816 1.7686 49.8541 -4.4566 0.0587
Car -1 -1 -7.7730 15.1183 187.4911 63.9071 221.8297 1.5031 1.5675 3.5994 -27.7794 2.2554 35.1658 -8.4381 0.0510
Car -1 -1 -4.8447 168.3643 185.1499 221.9184 221.4626 1.4843 1.6033 4.0989 -19.0815 2.0831 33.0406 -5.3651 0.0509
