Car -1 -1 -7.8515 590.8083 173.4203 646.7330 226.0415 1.5642 1.6661 3.6807 0.2332 1.5837 23.3379 -7.8424 0.9474
Car -1 -1 -4.3508 308.0036 174.8056 391.9711 220.3357 1.7742 1.8656 4.4881 -10.9316 1.8627 30.5737 -4.6918 0.9175
Pedestrian -1 -1 -4.4341 314.7693 171.0458 334.9196 213.4784 1.8910 0.6533 0.7922 -12.9125 1.8101 32.5810 -4.8089 0.1858
Car -1 -1 -4.9803 923.2060 174.7768 977.1586 203.5134 1.5503 1.6964 4.3383 19.4489 1.6667 41.5106 -4.5453 0.1601
Pedestrian -1 -1 -5.9367 280.5008 177.0298 294.1053 205.6152 1.7948 0.6054 0.6180 -20.4794 2.0609 45.7214 -6.3559 0.0992
Cyclist -1 -1 -7.0497 1060.2900 166.1915 1123.1776 222.9681 1.7879 0.7189 1.6517 15.4505 1.5778 23.2266 -6.4690 0.0961
Pedestrian -1 -1 -2.8761 967.4931 145.9463 1013.1128 252.2880 1.8349 0.5329 0.6049 6.7187 1.3703 12.8507 -2.4043 0.0795
Cyclist -1 -1 -7.6581 0.0000 172.9321 16.4741 219.9059 1.7759 0.3921 1.6364 -23.6031 1.7787 28.0933 -8.3523 0.0687
Car -1 -1 -7.1488 1216.0155 145.2958 1241.0000 372.9803 1.5843 1.6326 4.1938 7.7006 1.3923 5.8949 -6.2555 0.0649
Pedestrian -1 -1 -4.3983 723.2150 164.5862 740.0414 202.2013 1.8433 0.6663 0.6163 5.9934 1.4378 35.7853 -4.2342 0.0637
Pedestrian -1 -1 -7.9848 607.5567 170.7141 620.0246 201.3759 1.7896 0.6460 0.7113 0.1844 1.6644 42.5065 -7.9810 0.0619
Car -1 -1 -7.8223 508.2432 177.9385 538.7653 205.5521 1.4922 1.6306 4.1612 -5.0169 1.8024 41.9233 -7.9412 0.0606
Pedestrian -1 -1 -4.9764 1012.6430 181.9759 1030.4368 221.6224 1.3943 0.4686 0.3707 14.6217 1.7222 25.7222 -4.4650 0.0579
Pedestrian -1 -1 -5.9150 213.7594 177.2795 231.5556 206.9609 1.6392 0.5249 0.7348 -21.6380 1.8876 40.2440 -6.4058 0.0579
Cyclist -1 -1 -8.4345 672.3913 162.1555 717.6456 221.3979 1.8518 0.6028 1.7342 2.6968 1.5171 23.4633 -8.3222 0.0576
Pedestrian -1 -1 -7.7215 261.1825 173.6713 273.4205 204.4944 1.8085 0.5586 0.7687 -20.3654 1.8572 42.8108 -8.1633 0.0571
Car -1 -1 -4.4840 491.7120 167.7363 531.3992 195.9321 1.9493 1.8697 4.5233 -7.0958 1.5952 52.2225 -4.6187 0.0566
Pedestrian -1 -1 -2.8986 235.9559 178.0507 253.2255 207.3017 1.6157 0.5638 0.7474 -20.4622 1.9085 40.3391 -3.3657 0.0548
Pedestrian -1 -1 -6.0070 0.0000 149.2612 123.1744 374.0000 1.7951 0.4850 0.6182 -3.2836 1.6704 4.1418 -6.6470 0.0516
Pedestrian -1 -1 -3.2833 965.1023 165.2269 982.5507 205.0035 1.8762 0.6454 0.6561 17.3218 1.5162 34.4439 -2.8211 0.0502
Cyclist -1 -1 -7.6244 420.4517 173.3635 432.0545 197.9042 1.6160 0.4135 1.5404 -12.3316 1.6504 48.3200 -7.8733 0.0515
Cyclist -1 -1 -8.1435 646.8611 173.5139 655.6796 192.6121 1.5643 0.3393 1.4126 3.3953 1.6194 59.8770 -8.0875 0.0503
Car -1 -1 -4.4212 371.4224 178.1267 425.9772 211.9695 1.6077 1.6025 3.9534 -10.7647 1.8913 36.8776 -4.7036 0.9470
Car -1 -1 -4.7031 0.0000 179.0499 31.4050 215.4234 1.5575 1.5885 3.4529 -27.8288 1.8595 33.3644 -5.3945 0.6588
Car -1 -1 -7.8684 600.1454 175.2829 627.7540 201.3032 1.5120 1.6182 3.7475 0.1747 1.6667 44.1603 -7.8650 0.6442
Car -1 -1 -4.3736 414.8055 179.5325 461.6641 204.6298 1.4185 1.5601 3.9074 -10.4220 1.8431 43.8849 -4.6058 0.6160
Car -1 -1 -7.3264 758.9518 175.8306 939.3031 263.8655 1.4333 1.5639 3.8111 4.5802 1.4972 13.7242 -7.0115 0.6054
Car -1 -1 -7.4538 788.0484 173.3701 1034.9677 305.9236 1.4776 1.6653 4.3343 4.3537 1.4861 10.1731 -7.0607 0.5077
Car -1 -1 -4.2341 468.6108 176.2982 508.3267 194.7338 1.4574 1.5535 4.0836 -10.0911 1.7541 60.0383 -4.4002 0.4804
Car -1 -1 -7.2695 736.0806 166.8567 882.3892 240.3691 1.6193 1.6294 3.8532 4.9243 1.4869 17.7771 -7.0042 0.4660
Car -1 -1 -4.8878 931.0921 178.1954 975.3984 206.7111 1.5102 1.6142 3.8136 19.4199 1.8289 41.0331 -4.4490 0.4348
Car -1 -1 -7.2615 661.7703 171.6499 743.2867 207.1509 1.4775 1.6040 4.0635 4.1286 1.4270 32.0856 -7.1352 0.4258
Car -1 -1 -4.5818 304.7711 179.8158 342.5708 208.4670 1.4257 1.4573 3.2730 -15.2805 1.8141 38.5253 -4.9573 0.4094
Car -1 -1 -7.3075 651.6934 170.0410 702.1321 194.9506 1.6397 1.6749 3.8903 4.6010 1.4542 49.5568 -7.2158 0.3281
Car -1 -1 -7.6423 56.9316 181.8467 113.8260 212.0198 1.4695 1.6335 4.0692 -28.0449 1.9780 38.6374 -8.2670 0.2610
Car -1 -1 -4.6803 640.3265 172.7660 659.8205 191.1939 1.5091 1.5333 3.6308 3.3844 1.5016 60.9622 -4.6255 0.1500
Car -1 -1 -4.5073 437.6825 177.9833 474.7840 201.7540 1.5021 1.6351 4.1188 -10.3254 1.8616 48.5475 -4.7161 0.1211
Car -1 -1 -2.8002 350.6433 181.2902 425.2211 206.7587 1.3898 1.6463 3.7010 -12.5800 1.8780 40.8781 -3.0972 0.1032
Car -1 -1 -4.2033 370.4125 176.6680 426.5542 203.4887 1.5507 1.5977 3.9345 -12.9857 1.7962 44.4087 -4.4865 0.0995
Car -1 -1 -4.2716 391.2286 174.8135 439.8529 200.0001 1.6029 1.5999 3.9752 -13.0004 1.7396 48.3433 -4.5332 0.0941
