Pedestrian -1 -1 -2.8732 12.9331 180.4823 71.8408 291.1627 1.6773 0.4359 0.6301 -8.9314 1.7998 11.2998 -3.5308 0.4586
Pedestrian -1 -1 -3.1555 446.8482 168.6112 457.9893 199.3437 1.7642 0.7647 0.6206 -9.1818 1.5204 41.8635 -3.3705 0.1515
Pedestrian -1 -1 -3.5628 61.3729 161.0079 126.8240 275.5494 1.9558 0.5760 0.7790 -9.1995 1.7532 12.8023 -4.1763 0.1051
Cyclist -1 -1 -4.3275 1153.2819 158.6052 1187.2006 200.6348 1.8346 0.5969 1.7302 24.9562 1.2123 32.1905 -3.6726 0.0726
Car -1 -1 -4.6319 0.0000 181.3084 31.5897 204.7827 1.4976 1.6565 4.1217 -41.1547 2.1057 49.7565 -5.3205 0.0686
Car -1 -1 -2.9911 500.3265 175.0372 617.7575 216.8716 1.5090 1.6120 4.2059 -1.9078 1.5936 27.0996 -3.0613 0.0682
Pedestrian -1 -1 -7.6684 158.1261 188.6611 180.5566 230.8701 1.5090 0.6161 0.5106 -16.1660 2.0948 26.4038 -8.2136 0.0675
Pedestrian -1 -1 -6.3473 555.0400 170.6306 571.4600 203.4979 1.6687 0.6103 0.8016 -2.4390 1.5556 36.9884 -6.4131 0.0656
Car -1 -1 -4.4961 321.1696 167.8909 357.9230 198.3557 2.4396 1.8252 5.1014 -22.6098 2.0418 60.4330 -4.8530 0.0620
Car -1 -1 -7.6728 349.1630 161.7448 383.2942 192.7960 2.5258 1.8552 5.1062 -20.6892 1.6218 61.3509 -7.9970 0.0616
Car -1 -1 -4.5106 314.4124 177.1958 357.9490 206.0179 1.6261 1.6357 4.2448 -16.5158 1.9016 43.6039 -4.8709 0.0613
Car -1 -1 -5.2170 875.5871 172.8755 963.7498 212.5868 1.5325 1.6227 3.9551 12.6736 1.5331 29.8997 -4.8201 0.0581
Car -1 -1 -8.1697 706.7617 168.9704 736.7724 185.3793 1.4579 1.6034 3.8197 10.1845 1.1126 66.1242 -8.0178 0.0559
Car -1 -1 -4.7750 814.9729 173.7779 859.4222 209.1070 1.4727 1.6208 4.1307 10.0887 1.5167 32.3894 -4.4761 0.0554
Cyclist -1 -1 -4.6863 911.2567 173.9995 926.7263 218.9447 1.6126 0.4960 1.5630 11.4137 1.6561 26.7444 -4.2874 0.0521
Car -1 -1 -7.9487 223.3997 178.3348 263.3799 209.1102 1.7565 1.7919 4.2974 -22.5781 2.1101 44.2946 -8.4179 0.0517
Pedestrian -1 -1 -7.2819 1166.7618 166.7635 1189.3760 202.1011 1.7261 0.6954 0.5425 28.0329 1.4283 35.6622 -6.6200 0.0502
Pedestrian -1 -1 -7.7903 1219.6949 167.8727 1241.0000 228.0645 1.8243 0.6561 0.3733 19.1808 1.6730 22.2303 -7.0854 0.0501
Cyclist -1 -1 -8.0427 775.7129 173.0509 787.5826 201.4867 1.5601 0.3657 1.5000 9.5563 1.5711 40.3548 -7.8122 0.2551
Pedestrian -1 -1 -5.4098 787.1759 166.9131 804.9621 198.2016 1.8062 0.6362 0.8060 10.8311 1.4629 42.1529 -5.1603 0.0812
Cyclist -1 -1 -8.1965 803.2083 168.4811 822.2830 200.6043 1.7358 0.4614 1.7086 11.1509 1.4992 39.8580 -7.9260 0.0748
Cyclist -1 -1 -7.3872 1167.8140 163.2991 1201.0233 200.2301 1.7962 0.6504 1.5801 28.3996 1.3312 35.7227 -6.7198 0.0710
Cyclist -1 -1 -3.6270 781.7198 166.6970 814.6603 196.8115 1.7487 0.6275 1.7879 11.0228 1.3909 42.4101 -3.3748 0.0654
Pedestrian -1 -1 -3.5554 776.0099 170.5511 791.5568 201.1333 1.6910 0.5723 0.6681 9.6511 1.5633 40.2368 -3.3221 0.0559
Car -1 -1 -8.2196 810.5627 177.8163 932.8575 239.7321 1.4239 1.6102 4.1153 6.6731 1.5687 19.0113 -7.8876 0.9789
Car -1 -1 -4.8122 526.0049 175.8214 567.3382 209.1973 1.4524 1.5511 3.7182 -3.0494 1.5989 33.7222 -4.9021 0.1830
Car -1 -1 -4.6879 103.0279 182.0827 134.5107 207.8315 1.5123 1.5529 3.9056 -31.2514 2.1257 45.9192 -5.2830 0.1574
Car -1 -1 -4.4806 779.8147 170.9935 821.8361 197.3260 1.5302 1.6043 4.0457 11.6668 1.4218 44.0920 -4.2239 0.1194
Car -1 -1 -4.6119 104.6787 185.1412 149.0257 215.2392 1.5651 1.7123 4.0351 -27.7499 2.3085 41.4872 -5.1987 0.1104
Car -1 -1 -4.6841 0.0000 184.5679 7.9962 212.4038 1.4781 1.5617 3.8016 -36.0856 2.1907 41.9417 -5.3915 0.0962
Car -1 -1 -4.5179 568.9619 167.0016 599.3199 188.1007 1.6152 1.6708 4.0044 -2.0435 1.1669 57.3450 -4.5537 0.0920
Car -1 -1 -7.9041 1167.9722 166.1785 1215.4833 197.9435 1.5186 1.6507 4.0496 29.4151 1.1992 36.6208 -7.2316 0.0910
Car -1 -1 -7.6841 330.6159 165.8278 361.4009 195.1495 2.4558 1.7687 4.5598 -22.9617 1.8671 62.8336 -8.0334 0.0826
Car -1 -1 -7.6860 347.8595 163.2567 381.5351 194.0106 2.4927 1.8944 4.9434 -20.7275 1.7145 61.0729 -8.0121 0.0647
Car -1 -1 -4.4631 0.0000 183.2936 0.0000 213.0142 1.4872 1.5819 4.0850 -36.7575 2.0943 39.8054 -5.2055 0.0631
