Car -1 -1 -4.2012 168.9481 189.4956 307.6777 249.0919 1.4132 1.6209 4.1910 -10.3766 1.9333 20.4307 -4.6662 0.9703
Car -1 -1 -7.8406 578.0086 174.7716 702.9365 291.7310 1.5722 1.6955 3.6333 0.4437 1.6077 11.6160 -7.8047 0.9695
Car -1 -1 -4.0349 0.0000 180.1621 164.1837 292.0654 1.7256 1.7312 4.3229 -10.6837 1.8851 13.5901 -4.6917 0.8726
Cyclist -1 -1 -4.6349 382.8289 181.5889 411.9875 252.3454 1.5150 0.5288 1.3586 -4.8538 1.7213 16.3459 -4.9198 0.3872
Pedestrian -1 -1 -7.8472 96.4892 173.7931 118.7974 219.5345 1.8422 0.7434 0.5911 -20.5983 1.8809 29.5317 -8.4522 0.3705
Pedestrian -1 -1 -3.0304 798.1672 176.5787 819.5572 229.8842 1.4696 0.5129 0.5289 5.5403 1.5757 20.2749 -2.7680 0.2588
Pedestrian -1 -1 -4.8915 956.5361 145.4989 1006.4988 261.5471 1.9168 0.6291 0.7437 6.2954 1.4647 12.3624 -4.4308 0.1241
Car -1 -1 -6.3588 618.7589 168.3794 666.5844 187.6699 1.6775 1.6868 4.0964 2.8332 1.2881 63.6532 -6.3148 0.0903
Pedestrian -1 -1 -5.2286 1141.4718 147.6658 1167.2115 204.5640 2.0180 0.6499 0.3434 19.4143 1.1243 25.8006 -4.5892 0.0867
Car -1 -1 -8.9549 1075.9222 165.5791 1241.0000 281.2275 1.5173 1.5886 3.8149 9.8063 1.4215 11.5325 -8.2632 0.0837
Pedestrian -1 -1 -8.0144 822.3600 171.4061 842.9861 214.4863 1.7119 0.7227 0.4723 8.8869 1.6540 28.9537 -7.7200 0.0717
Car -1 -1 -7.7887 223.4229 184.3008 279.2986 231.4208 1.5426 1.5923 3.7514 -13.2129 1.9974 26.6490 -8.2454 0.0636
Pedestrian -1 -1 -7.3968 1134.3220 156.7098 1163.8086 209.9033 1.7956 0.6988 0.4168 18.4484 1.2503 24.7619 -6.7624 0.0630
Cyclist -1 -1 -2.9914 540.5324 173.0237 570.3543 204.0535 1.7557 0.6171 1.6244 -3.1469 1.7652 41.1979 -3.0676 0.0618
Car -1 -1 -3.9329 250.8899 175.3823 322.3837 200.8882 1.5198 1.6170 4.2391 -20.4367 1.6877 45.7128 -4.3513 0.0608
Car -1 -1 -4.4065 507.8835 177.5615 541.7809 195.6460 1.5106 1.7241 4.4314 -7.5094 1.9419 63.8242 -4.5235 0.0570
Car -1 -1 -7.3346 1229.7327 140.7343 1241.0000 374.0000 1.5933 1.6181 4.1856 6.9919 1.4122 5.1615 -6.4269 0.0566
Pedestrian -1 -1 -3.2122 933.0844 147.0460 975.5084 228.1309 1.9736 0.6093 0.9092 8.5293 1.3452 18.0094 -2.7767 0.0523
Pedestrian -1 -1 -3.3439 177.0256 172.8781 211.8594 234.3303 1.8273 0.6329 0.8096 -12.6955 1.8277 21.9600 -3.8631 0.0520
Car -1 -1 -8.2080 763.6732 171.0526 796.9865 190.2662 1.7401 1.6776 4.1855 15.8749 1.5767 67.5294 -7.9784 0.0508
Pedestrian -1 -1 -7.7453 318.7670 175.4998 335.9788 213.5716 1.7575 0.6774 0.7086 -13.2753 1.8827 33.7984 -8.1172 0.1550
Cyclist -1 -1 -7.7880 431.2789 178.1729 441.4380 209.4834 1.6438 0.4329 1.5411 -9.4057 1.9365 38.9476 -8.0238 0.1466
Cyclist -1 -1 -7.6849 434.1780 177.9435 446.9742 209.2895 1.6471 0.4228 1.5206 -9.1743 1.9269 38.9370 -7.9152 0.1365
Cyclist -1 -1 -4.5584 548.8060 176.6677 563.4576 205.6698 1.6131 0.5955 1.6125 -3.1033 1.8348 41.1772 -4.6336 0.1052
Pedestrian -1 -1 -5.8697 364.0771 174.6796 385.5517 208.5307 1.7606 0.6255 0.8975 -12.3955 1.8571 37.9213 -6.1839 0.0930
Pedestrian -1 -1 -2.8540 632.4686 170.1234 643.8487 190.5495 1.7656 0.5688 0.8639 2.4271 1.5293 62.7757 -2.8159 0.0647
Cyclist -1 -1 -7.4548 319.8226 174.4480 348.4499 213.2646 1.7812 0.6267 1.7600 -13.0510 1.8581 34.0725 -7.8184 0.0594
Cyclist -1 -1 -4.6246 624.6032 172.1712 646.1949 222.9416 1.7114 0.6186 1.6073 0.8502 1.6881 25.1574 -4.5919 0.0582
Cyclist -1 -1 -4.4132 309.7014 178.5384 332.3529 215.3294 1.6627 0.5164 1.6548 -13.5311 1.9347 33.7153 -4.7925 0.0502
Car -1 -1 -4.3932 381.3053 180.0910 443.1851 212.2239 1.4920 1.7140 4.4952 -10.0381 1.8840 36.8245 -4.6579 0.8837
Car -1 -1 -4.4271 421.6830 175.4884 467.6768 206.8427 1.7630 1.6157 3.9613 -9.8128 1.9269 42.9392 -4.6508 0.7907
Car -1 -1 -4.3004 464.9257 177.0882 510.5464 199.1265 1.5367 1.7634 4.2894 -9.0342 1.8638 53.4892 -4.4672 0.6646
Car -1 -1 -4.2032 280.0625 178.2542 345.5008 211.0430 1.5048 1.5379 3.3312 -14.5662 1.7827 35.4348 -4.5909 0.6406
Car -1 -1 -7.2524 700.5544 171.4608 804.6803 219.1885 1.5867 1.6530 4.1116 5.1577 1.5401 26.0178 -7.0594 0.5993
Car -1 -1 -7.1191 674.2122 173.6605 741.5224 204.2528 1.4858 1.4815 3.4410 4.9785 1.5285 36.8090 -6.9862 0.5630
Car -1 -1 -7.5396 843.3371 171.3620 1115.6339 341.3588 1.5011 1.6361 4.1790 4.4301 1.4877 8.4294 -7.0709 0.4666
Car -1 -1 -4.4541 519.6802 177.0627 549.3889 193.4895 1.4246 1.6301 4.4265 -6.8899 1.8232 66.0731 -4.5579 0.4509
Car -1 -1 -7.8386 624.7626 170.9825 644.0939 190.6373 1.7060 1.6748 3.7350 2.1866 1.5433 64.5347 -7.8052 0.4072
Car -1 -1 -6.9340 665.1296 174.0659 731.1244 199.8751 1.4793 1.5558 3.7394 5.2442 1.5542 43.1265 -6.8143 0.3126
Car -1 -1 -4.8256 150.8399 179.9834 197.6110 211.6765 1.4224 1.5364 3.8561 -21.3809 1.7904 35.2775 -5.3673 0.2372
Car -1 -1 -6.9193 542.6501 177.6195 614.9229 205.3674 1.5109 1.6396 3.9945 -1.8153 1.7993 41.8308 -6.9629 0.2286
Car -1 -1 -4.8409 368.4092 176.8609 403.6898 203.5644 1.5860 1.6199 4.1070 -14.2622 1.8518 45.7202 -5.1419 0.1970
Car -1 -1 -4.7349 842.3250 177.4821 869.9135 203.1520 1.6636 1.6916 4.2560 16.9351 1.9979 49.8690 -4.4098 0.1890
Car -1 -1 -7.8246 587.4660 178.3086 650.0142 235.0653 1.4615 1.6459 3.7521 0.2540 1.6333 20.8548 -7.8134 0.1344
Car -1 -1 -3.8949 141.8158 176.8865 237.3696 206.6313 1.4784 1.7358 4.4660 -22.5777 1.7088 38.8980 -4.4180 0.0974
Car -1 -1 -3.9662 254.5283 174.2673 325.1435 199.4191 1.5198 1.6668 4.2729 -20.4252 1.6144 46.1475 -4.3810 0.0950
Car -1 -1 -4.6970 437.6981 176.5827 463.3478 201.0882 1.5584 1.6213 4.0192 -10.7535 1.8206 48.6652 -4.9137 0.0729
Car -1 -1 -4.6605 624.6219 175.4936 677.5513 224.8247 1.5277 1.6034 4.0206 1.4268 1.6252 24.6526 -4.6041 0.0616
