Pedestrian -1 -1 -8.0842 834.1120 157.5586 857.9923 207.4569 1.8696 0.6860 0.8437 8.9381 1.2962 27.4825 -7.7733 0.3351
Pedestrian -1 -1 -4.8584 1008.8077 128.2700 1069.3629 266.8630 1.9561 0.6349 0.8950 6.2947 1.3265 10.7160 -4.3397 0.2435
Pedestrian -1 -1 -7.8023 874.5335 163.9291 898.6475 221.0875 1.7561 0.6801 0.5451 8.5994 1.4816 22.5543 -7.4429 0.2129
Pedestrian -1 -1 -7.2296 805.0469 163.3581 827.8237 216.7182 1.7530 0.6139 0.3970 6.8367 1.4407 24.0680 -6.9566 0.1128
Pedestrian -1 -1 -7.8486 837.9205 143.5991 852.6635 183.0206 1.8405 0.6563 0.5643 11.0640 0.4744 34.0576 -7.5371 0.1066
Pedestrian -1 -1 -4.0922 804.5817 133.2598 869.5590 259.6599 1.9618 0.6606 0.8114 3.6289 1.3470 11.7080 -3.7995 0.0927
Pedestrian -1 -1 -3.3186 785.1926 160.6095 807.3710 216.9239 1.8330 0.5643 0.6154 6.0893 1.4342 23.7887 -3.0715 0.0912
Pedestrian -1 -1 -4.8563 551.3142 168.9140 568.0494 212.3609 1.9312 0.6472 0.7706 -2.3135 1.7558 32.5173 -4.9273 0.0897
Pedestrian -1 -1 -8.0603 897.4491 200.4878 1012.3033 374.0000 1.4683 0.4712 0.3817 1.7588 1.6241 3.8436 -7.6612 0.0802
Pedestrian -1 -1 -5.6446 428.6252 167.4319 447.6443 200.9854 1.9825 0.6238 0.9135 -10.3004 1.6619 43.0993 -5.8782 0.0726
Pedestrian -1 -1 -3.3120 1208.5190 132.3546 1241.0000 249.3680 1.8103 0.5666 0.7275 10.0858 1.1835 11.5919 -2.6087 0.0679
Cyclist -1 -1 -6.8708 625.9875 168.5278 655.1113 200.0471 1.8771 0.6315 1.6969 1.8174 1.6191 43.6802 -6.8299 0.0641
Pedestrian -1 -1 -5.3629 1163.8285 250.2299 1241.0000 374.0000 1.0869 0.3436 0.3671 3.7362 1.5930 4.5378 -4.7063 0.0612
Pedestrian -1 -1 -3.2897 1075.7570 149.4588 1119.4613 244.2174 1.7729 0.5867 0.6105 9.3237 1.3349 13.8938 -2.7088 0.0543
Car -1 -1 -8.1833 865.4575 146.0589 948.6116 194.8190 1.6655 1.6711 3.7756 10.7825 0.7499 26.5738 -7.8019 0.0533
Pedestrian -1 -1 -3.6194 699.1110 162.5215 717.6578 201.9520 1.9947 0.6425 0.7254 4.9931 1.4717 36.9265 -3.4866 0.0518
Pedestrian -1 -1 -3.6955 1183.2318 148.6253 1241.0000 258.9568 1.6321 0.5137 0.5680 9.1358 1.2734 10.9646 -3.0143 0.0517
Pedestrian -1 -1 -7.9533 798.3452 158.9208 814.8110 199.7927 1.9103 0.6954 0.5618 9.2337 1.2588 34.0579 -7.6911 0.0516
Pedestrian -1 -1 -6.5099 903.9293 148.2372 937.8347 211.8170 1.8648 0.6355 0.8038 9.2249 1.1425 21.5450 -6.1106 0.0510
Cyclist -1 -1 -7.3807 627.9253 173.0723 649.5659 202.6579 1.7576 0.6311 1.6493 1.7161 1.7708 43.7519 -7.3423 0.1876
Cyclist -1 -1 -7.5574 558.8315 174.6045 580.5792 210.4432 1.7668 0.6180 1.7530 -2.0712 1.8575 36.5855 -7.6141 0.1660
Pedestrian -1 -1 -6.5891 630.2110 174.0055 649.4927 206.7585 1.7330 0.5947 0.8925 1.5565 1.7950 38.6099 -6.5497 0.0807
Cyclist -1 -1 -4.1462 70.1575 196.1884 156.3040 288.5496 1.6044 0.4993 1.7361 -9.5373 2.0803 13.8504 -4.7406 0.0683
Cyclist -1 -1 -4.5234 555.3123 174.8997 572.9437 210.2016 1.7525 0.5987 1.6566 -2.3684 1.8590 36.7791 -4.5878 0.0569
Car -1 -1 -4.4642 314.9776 189.7653 494.0222 317.6544 1.4869 1.6177 3.8852 -2.9050 1.7867 10.8538 -4.7207 0.9581
Car -1 -1 -6.7332 745.7039 166.3111 1171.1884 312.0060 1.5808 1.7314 4.3607 3.9549 1.5095 8.7816 -6.3235 0.9158
Car -1 -1 -6.3541 650.7092 168.0810 796.7789 225.0910 1.7064 1.7946 4.3658 3.4340 1.5632 22.6585 -6.2063 0.9081
Car -1 -1 -4.0825 0.0000 199.2349 353.9370 374.0000 1.5364 1.6329 4.0863 -3.0063 1.7545 3.9248 -4.7047 0.8645
Car -1 -1 -4.3145 222.1501 197.9394 386.1831 286.4456 1.3567 1.5768 3.6867 -5.7639 1.9063 13.9635 -4.7000 0.8567
Car -1 -1 -6.5150 695.0714 172.7425 930.4214 250.9962 1.5094 1.6081 4.3765 3.9584 1.5069 14.7736 -6.2590 0.8524
Car -1 -1 -7.9775 628.7933 176.8829 665.1409 206.6068 1.5591 1.5806 3.5860 1.9782 1.7936 40.1956 -7.9292 0.6390
Car -1 -1 -3.8209 0.0000 208.2504 116.3699 374.0000 1.4466 1.5911 3.9235 -5.8605 1.8009 5.2140 -4.6392 0.3601
Car -1 -1 -2.4804 0.0000 196.9406 158.0565 280.6689 1.4574 1.5828 4.1755 -11.3221 1.9471 13.8547 -3.1563 0.2409
Car -1 -1 -4.4306 533.3136 180.1460 581.3511 212.4881 1.4991 1.5338 3.3084 -2.6211 1.8808 36.0235 -4.5033 0.2104
Car -1 -1 -7.9265 624.1871 174.8678 655.3707 202.8015 1.6568 1.6461 4.0915 1.7860 1.7884 45.1676 -7.8877 0.1950
Car -1 -1 -7.2426 1180.0387 151.6844 1241.0000 374.0000 1.4871 1.6044 4.1147 5.7333 1.3959 3.9550 -6.3101 0.1873
Car -1 -1 -4.4863 338.5750 187.1082 429.6856 250.4639 1.4320 1.5059 3.5689 -5.8723 1.8426 18.9671 -4.7832 0.1100
Car -1 -1 -4.7029 399.1318 187.5397 449.4630 235.8811 1.3717 1.4829 4.0273 -6.1719 1.9013 23.9025 -4.9535 0.1063
Car -1 -1 -7.9723 616.6891 173.6597 647.3096 197.9000 1.6221 1.6567 4.1457 1.4682 1.6807 50.5655 -7.9439 0.0917
Car -1 -1 -4.8356 433.3637 181.8451 486.9897 224.7709 1.4774 1.5376 4.0026 -5.8941 1.8512 27.8740 -5.0426 0.0787
Car -1 -1 -4.4801 498.5558 179.5492 551.4265 213.2077 1.5447 1.6923 4.2882 -4.2339 1.9012 36.2280 -4.5961 0.0704
