Cyclist -1 -1 -4.1706 195.2489 188.9180 249.9933 255.6673 1.6284 0.5154 1.5708 -10.1065 2.0641 18.7845 -4.6587 0.9041
Pedestrian -1 -1 -8.7005 657.5296 180.9841 674.2761 216.1059 1.4971 0.5026 0.5221 2.3807 1.8534 31.2855 -8.6259 0.2606
Pedestrian -1 -1 -6.6165 544.8116 176.6815 553.0198 195.1108 1.7021 0.5649 0.6100 -5.7093 2.0602 67.1799 -6.7014 0.2433
Pedestrian -1 -1 -5.8309 629.1082 175.6504 637.7516 193.8456 1.6841 0.5215 0.6425 2.1641 1.9460 67.2802 -5.7993 0.0785
Pedestrian -1 -1 -4.7357 758.7590 159.1482 776.9778 211.8458 1.9898 0.6594 0.8842 6.0178 1.4720 27.7398 -4.5248 0.0697
Cyclist -1 -1 -2.7197 384.9529 177.9913 419.3770 209.9203 1.7809 0.6901 1.7439 -11.8014 2.0748 40.8595 -2.9995 0.0645
Cyclist -1 -1 -4.0585 101.8100 195.0577 190.3591 290.9208 1.5941 0.4711 1.6137 -8.4965 2.0255 13.2053 -4.6214 0.0571
Car -1 -1 -4.7099 393.4340 185.2192 445.5250 233.0547 1.4808 1.6577 4.3649 -6.8601 1.9634 25.8565 -4.9673 0.0516
Car -1 -1 -9.1295 0.0000 0.0000 1241.0000 374.0000 1.5381 1.6388 3.8065 2.7671 1.7221 0.8421 -7.9497 0.0508
Pedestrian -1 -1 -5.0939 1066.1293 237.2905 1230.9927 374.0000 1.2775 0.4170 0.3970 2.1459 1.5653 2.9918 -4.5180 0.2022
Cyclist -1 -1 -8.5483 983.0844 108.1130 1241.0000 374.0000 1.7386 0.5992 1.6264 2.1331 1.5669 2.7457 -7.9390 0.1207
Pedestrian -1 -1 -3.4955 1084.3729 217.4260 1225.0240 374.0000 1.3657 0.3944 0.3686 2.3259 1.5770 3.1911 -2.9095 0.1124
Pedestrian -1 -1 -8.0999 1143.1227 137.4241 1241.0000 374.0000 1.6976 0.6823 0.6305 2.4130 1.5869 2.6782 -7.4204 0.1086
Pedestrian -1 -1 -4.7716 1003.8787 178.3970 1205.4146 374.0000 1.6141 0.5980 0.5610 1.8717 1.6390 2.8969 -4.2443 0.0754
Cyclist -1 -1 -9.0475 1093.0731 62.6116 1241.0000 374.0000 1.7959 0.6191 1.6332 2.7290 1.5282 2.6204 -8.2968 0.0694
Cyclist -1 -1 -8.7843 826.3651 136.9955 1232.6652 374.0000 1.6954 0.4789 1.6856 1.7772 1.5654 3.4650 -8.3455 0.0596
Pedestrian -1 -1 -4.4272 951.8325 158.0425 1122.0115 374.0000 1.6563 0.5331 0.5792 1.8429 1.5981 3.2117 -3.9462 0.0573
Car -1 -1 -4.4694 335.9545 191.7751 488.9867 298.0623 1.4298 1.5932 3.8395 -3.2228 1.8031 12.3188 -4.7210 0.9650
Car -1 -1 -7.5332 1127.2913 171.2789 1241.0000 374.0000 1.4951 1.6140 4.2155 4.3075 1.4918 2.8135 -6.5882 0.1723
