Pedestrian -1 -1 -4.8602 834.2283 173.1958 865.2216 242.1659 1.7858 0.6728 0.7308 6.2872 1.7948 19.1023 -4.5477 0.1135
Pedestrian -1 -1 -3.9057 798.7121 162.3310 809.7178 192.7610 1.9132 0.5299 0.4239 12.2652 1.2513 45.6978 -3.6454 0.1131
Pedestrian -1 -1 -2.9575 783.3492 167.2975 792.8508 202.7076 1.9417 0.5779 0.4132 9.8156 1.6367 39.9144 -2.7185 0.1084
Pedestrian -1 -1 -1.8536 36.4576 168.5153 102.3717 290.1361 1.6595 0.5955 0.6595 -7.7579 1.6000 10.2823 -2.4878 0.0983
Pedestrian -1 -1 -7.6110 399.3521 166.8442 422.5934 219.7586 1.8564 0.6403 0.7324 -7.1261 1.6452 25.6878 -7.8794 0.0862
Car -1 -1 -2.7463 26.5429 189.0267 433.1482 331.7846 1.3769 1.4973 3.7069 -4.0361 1.5754 8.0099 -3.2005 0.0800
Pedestrian -1 -1 -3.4252 730.0195 176.5323 745.1508 213.5437 1.7579 0.6455 0.5561 6.0903 1.9362 34.6915 -3.2535 0.0713
Pedestrian -1 -1 -3.1679 511.1522 173.1753 520.6007 200.8174 1.8376 0.5998 0.6113 -6.3373 1.8589 48.3176 -3.2980 0.0626
Pedestrian -1 -1 -8.0445 891.9205 147.7511 907.0868 183.9636 1.8971 0.6438 0.5806 15.2624 0.5817 38.1447 -7.6666 0.0603
Pedestrian -1 -1 -4.1808 892.8690 151.6532 903.7661 184.9527 1.9029 0.4949 0.3070 16.5537 0.6911 41.5209 -3.8039 0.0545
Car -1 -1 -4.9148 549.8732 176.4352 582.0060 198.3897 1.5719 1.6197 4.1435 -3.4023 1.8535 54.5926 -4.9771 0.0542
Pedestrian -1 -1 -4.9969 764.3932 167.9914 786.4147 217.7284 1.8827 0.6153 0.8246 6.3088 1.6984 27.7440 -4.7762 0.0525
Pedestrian -1 -1 -7.9277 686.5196 170.8412 702.4387 212.2005 1.9402 0.6939 0.7576 3.9633 1.8454 34.2396 -7.8140 0.0515
Car -1 -1 -8.3444 599.2966 177.1232 649.5303 201.5402 1.5179 1.6048 4.0372 0.8715 1.8131 47.7735 -8.3267 0.0510
Pedestrian -1 -1 -8.1830 892.3721 150.5419 908.9712 187.2257 1.9171 0.6738 0.5311 15.2620 0.7508 37.9897 -7.8038 0.1506
Cyclist -1 -1 -8.3164 1134.1564 166.7926 1241.0000 364.5043 1.7672 0.4608 1.6803 5.9499 1.7127 7.3185 -7.6543 0.1277
Pedestrian -1 -1 -3.5897 1053.8861 171.5973 1094.1006 271.5895 1.7972 0.5446 0.4229 8.4664 1.7744 13.2625 -3.0324 0.1108
Cyclist -1 -1 -7.8785 649.8314 178.9603 656.9056 203.4884 1.5626 0.4170 1.7036 2.8027 1.9695 47.2532 -7.8201 0.1108
Cyclist -1 -1 -7.6042 367.6673 169.4180 400.4921 235.3660 1.7446 0.4784 1.6139 -6.2643 1.6534 19.9064 -7.9058 0.0990
Cyclist -1 -1 -7.9731 643.4833 176.9541 652.8818 202.8809 1.6588 0.4259 1.5818 2.4606 1.9314 47.2227 -7.9219 0.0962
Pedestrian -1 -1 -4.1140 1039.8397 166.0695 1078.2408 269.8843 1.8904 0.5257 0.3058 8.3064 1.7665 13.4413 -3.5711 0.0832
Pedestrian -1 -1 -8.3253 359.6283 173.5689 393.2768 236.1314 1.6349 0.6576 0.5970 -6.3000 1.6542 19.3095 -8.6371 0.0826
Cyclist -1 -1 -7.6514 650.5847 177.1162 663.5271 203.4946 1.6853 0.5344 1.6141 3.0526 1.9689 47.2209 -7.5878 0.0779
Pedestrian -1 -1 -4.4660 367.3052 178.5255 393.3118 235.1033 1.5573 0.5518 0.6602 -6.4981 1.7191 20.2758 -4.7729 0.0763
Pedestrian -1 -1 -3.8420 1084.1987 170.4654 1180.4794 333.5543 1.8112 0.5534 0.7113 5.9522 1.7844 8.3232 -3.2389 0.0730
Pedestrian -1 -1 -3.3599 359.7270 172.0552 394.5408 233.5732 1.6631 0.5748 0.8116 -6.4926 1.6412 19.9591 -3.6710 0.0678
Cyclist -1 -1 -7.8018 649.1440 174.7762 660.9777 208.4489 1.7696 0.5558 1.6270 2.3945 1.8751 38.8548 -7.7413 0.0663
Cyclist -1 -1 -7.3274 374.9279 166.5578 422.2894 232.2520 1.7631 0.5058 1.6631 -5.9529 1.5938 20.2324 -7.6105 0.0604
Pedestrian -1 -1 -5.2670 373.7459 176.6800 405.9601 236.5834 1.5854 0.5259 0.7405 -6.0297 1.6913 19.5944 -5.5623 0.0590
Pedestrian -1 -1 -4.6924 359.8741 171.0944 385.6019 234.3910 1.6817 0.6494 0.7044 -6.4880 1.6346 19.6015 -5.0085 0.0583
Cyclist -1 -1 -6.8987 649.9249 175.3667 675.9634 202.4805 1.7226 0.6645 1.5880 3.3928 1.8873 46.6656 -6.8270 0.0532
Cyclist -1 -1 -4.9260 891.4677 153.7654 908.7369 186.6301 1.6976 0.4858 1.7239 15.2938 0.7113 38.1616 -4.5476 0.0525
Pedestrian -1 -1 -3.9168 1072.5511 169.2117 1159.2954 323.3144 1.7756 0.5801 0.6253 5.9993 1.7334 8.6567 -3.3276 0.0511
Car -1 -1 -7.9213 681.1508 179.7005 738.0894 229.6208 1.5277 1.6464 3.5412 3.2496 1.7761 24.3984 -7.7912 0.9632
Car -1 -1 -5.2353 879.4185 202.3433 1241.0000 374.0000 1.3888 1.5081 3.5760 3.0387 1.6508 4.6088 -4.6825 0.9462
Car -1 -1 -7.9590 664.2670 180.0028 713.9843 219.8880 1.5042 1.6302 3.7958 3.1577 1.8179 29.7917 -7.8551 0.9060
Car -1 -1 -4.2910 59.1361 199.2660 432.4435 374.0000 1.3096 1.5734 3.8546 -3.0495 1.6332 6.9065 -4.6937 0.8973
Car -1 -1 -4.5821 545.0656 179.1138 580.8007 206.9904 1.5112 1.5939 3.8039 -2.7268 1.8917 41.9417 -4.6471 0.6577
Car -1 -1 -4.7562 648.1639 176.7923 674.3813 201.1445 1.5405 1.5690 3.8709 3.3591 1.8142 48.2313 -4.6875 0.2329
Car -1 -1 -4.5297 636.0688 175.1466 661.2009 192.7879 1.4833 1.5424 3.7730 3.3896 1.6902 63.2053 -4.4767 0.1166
Car -1 -1 -4.8895 646.4869 176.4799 694.2117 212.9789 1.7485 1.6706 4.5307 3.0141 1.9478 37.3667 -4.8103 0.0879
Car -1 -1 -4.5469 573.0184 174.9466 598.3438 193.8031 1.5795 1.5673 4.0504 -2.1142 1.7681 63.0187 -4.5806 0.0690
Car -1 -1 -4.8760 571.1076 174.8550 607.7043 200.6487 1.5906 1.6910 4.3703 -1.4296 1.7275 47.1598 -4.9066 0.0641
Car -1 -1 -6.2893 0.0000 191.2169 0.0000 374.0000 1.5694 1.5971 3.7630 -5.0239 1.6737 2.0677 -7.4226 0.0539
Car -1 -1 -6.7605 0.0000 0.0000 1241.0000 374.0000 1.5179 1.6164 3.6978 -2.7390 1.6349 0.9918 -7.8959 0.0509
