Car -1 -1 -4.5457 432.7812 184.6874 516.8530 240.4418 1.4563 1.8019 4.3447 -4.0354 1.8519 21.9581 -4.7260 0.9569
Car -1 -1 -4.1071 0.0000 190.9538 216.1740 374.0000 1.6192 1.6993 4.0604 -6.6120 1.8848 8.5392 -4.7512 0.9080
Pedestrian -1 -1 -4.4871 190.3248 178.0874 221.8327 245.5412 1.9160 0.6542 0.7205 -11.7954 2.0711 20.9994 -4.9938 0.2113
Pedestrian -1 -1 -7.4971 223.7262 172.0744 256.0166 238.5807 1.9555 0.6893 0.6063 -11.0987 1.9322 21.5554 -7.9679 0.1991
Pedestrian -1 -1 -5.9747 399.4459 178.5138 409.2488 208.1973 1.8408 0.4822 0.4648 -12.8843 2.1962 45.0891 -6.2518 0.1931
Pedestrian -1 -1 -8.1289 202.6674 181.3759 223.1725 225.9160 1.8209 0.5871 0.6850 -16.6201 2.1816 30.1199 -8.6296 0.1495
Car -1 -1 -6.9401 960.2882 151.6496 1049.8755 179.8557 1.5256 1.6131 4.2866 21.9270 0.3784 40.1655 -6.4435 0.1223
Pedestrian -1 -1 -4.1938 1199.4189 151.1210 1217.0322 194.3244 1.7157 0.4817 0.2519 23.9333 0.8523 28.9229 -3.5076 0.1222
Car -1 -1 -7.8788 616.3641 173.6538 634.9747 194.0329 1.9017 1.6859 4.0248 1.4638 1.9806 69.5041 -7.8582 0.1066
Car -1 -1 -4.5668 468.2715 174.7330 491.4565 192.0792 1.5448 1.5316 4.1159 -12.0340 1.7238 66.7894 -4.7447 0.1042
Cyclist -1 -1 -8.4286 915.3895 155.7660 985.5678 230.1246 1.7140 0.6483 1.8179 8.2020 1.3198 17.5784 -7.9989 0.1019
Car -1 -1 -8.1536 793.7458 165.0882 823.7162 182.0665 1.5973 1.6622 4.0781 19.2046 0.8664 69.9487 -7.8869 0.0926
Car -1 -1 -4.1449 0.0000 181.4135 87.7808 260.8692 1.7328 1.7681 4.2089 -15.5749 1.9770 18.4098 -4.8401 0.0797
Pedestrian -1 -1 -8.2963 951.1215 153.3369 967.4487 184.6219 1.8387 0.6141 0.7347 20.6672 0.6913 42.7766 -7.8490 0.0772
Car -1 -1 -4.0201 1206.2422 141.2603 1241.0000 359.1083 1.5099 1.5741 4.0312 7.3995 1.2906 5.7949 -3.1382 0.0755
Pedestrian -1 -1 -5.9052 496.6331 168.6303 511.7334 195.8436 1.9311 0.5327 0.9376 -7.5919 1.6311 51.5687 -6.0510 0.0739
Car -1 -1 -4.7459 521.2338 175.7466 549.8105 203.7946 1.7260 1.7059 4.1782 -4.9275 1.9230 47.0388 -4.8502 0.0732
Pedestrian -1 -1 -5.5653 1001.2206 151.3866 1045.8419 221.1668 1.8782 0.5741 0.9172 11.3730 1.3001 19.9492 -5.0539 0.0691
Car -1 -1 -4.6604 655.2191 174.3052 674.4108 191.8148 1.6375 1.6535 3.9900 5.3163 1.7820 69.9074 -4.5851 0.0627
Car -1 -1 -5.3319 662.9357 173.3486 711.5974 195.7410 1.6450 1.6253 4.0932 5.8451 1.6841 55.2829 -5.2276 0.0613
Car -1 -1 -4.6899 830.0220 163.7152 849.3376 182.7688 1.7914 1.7020 4.1769 22.3137 0.9319 70.0877 -4.3831 0.0609
Pedestrian -1 -1 -8.1645 1079.1423 147.1294 1100.1331 183.4813 1.7988 0.7364 0.5594 23.9336 0.5256 36.0727 -7.5824 0.0599
Pedestrian -1 -1 -7.9545 213.4675 179.5611 233.8295 224.1062 1.9717 0.7571 0.5649 -17.4537 2.2778 32.5164 -8.4440 0.0576
Car -1 -1 -4.5029 420.8461 185.5298 469.4508 215.4013 1.4339 1.6545 4.4305 -8.8170 2.1535 38.7505 -4.7256 0.0557
Pedestrian -1 -1 -2.7367 683.6797 185.9353 709.3881 241.7800 1.4093 0.3819 0.5552 2.1870 1.7528 18.6549 -2.6228 0.0521
Car -1 -1 -7.4511 1230.9449 145.9050 1241.0000 374.0000 1.4701 1.5753 4.0932 5.2677 1.3901 3.3082 -6.4806 0.0508
Pedestrian -1 -1 -6.2822 780.0458 162.9838 814.6084 232.1782 1.8153 0.5437 0.8825 4.9560 1.5560 19.3007 -6.0353 0.0505
Cyclist -1 -1 -2.7689 131.5506 165.1931 178.9423 208.1475 1.9419 0.7204 1.6954 -20.9058 1.5952 33.1304 -3.3284 0.0503
Cyclist -1 -1 -7.1051 800.5103 163.4882 838.9719 204.6602 1.8703 0.6347 1.8431 9.7089 1.4445 33.5245 -6.8260 0.1680
Pedestrian -1 -1 -8.4301 1092.1934 141.7168 1114.1066 178.2602 1.8105 0.7017 0.5773 24.5892 0.2675 36.0423 -7.8351 0.1230
Pedestrian -1 -1 -4.5859 327.4097 177.8516 346.6863 223.5652 1.8579 0.6514 0.7933 -11.3437 2.0678 29.8867 -4.9461 0.1031
Pedestrian -1 -1 -4.2867 340.2045 207.6089 370.6671 264.0851 1.2447 0.4447 0.6223 -5.9156 2.0616 16.6373 -4.6240 0.0956
Cyclist -1 -1 -7.2599 1209.8917 139.8454 1241.0000 180.8003 1.7779 0.6436 1.7801 27.4584 0.3447 31.8700 -6.5532 0.0887
Cyclist -1 -1 -5.6076 297.6567 187.2543 377.4302 265.2948 1.7278 0.5258 1.7935 -6.3591 2.0713 16.6987 -5.9669 0.0836
Pedestrian -1 -1 -4.7677 352.1844 177.1512 370.4843 222.3234 1.8598 0.6817 0.8490 -10.4988 2.0432 30.3274 -5.0987 0.0751
Pedestrian -1 -1 -4.8539 319.5661 180.1448 339.2515 224.9865 1.8200 0.6679 0.7088 -11.6776 2.1267 29.9109 -5.2235 0.0726
Pedestrian -1 -1 -8.6188 1226.5228 142.9480 1241.0000 182.8450 1.7413 0.6258 0.6002 27.7062 0.4358 31.8079 -7.9067 0.0644
Pedestrian -1 -1 -3.2712 330.5368 198.4506 359.4110 261.1521 1.3962 0.4617 0.5722 -6.1796 1.9995 16.6786 -3.6215 0.0619
Cyclist -1 -1 -7.9453 675.4882 175.6390 683.5738 201.4971 1.6043 0.3691 1.5164 4.3643 1.7833 45.6887 -7.8512 0.0593
Cyclist -1 -1 -5.2404 705.4114 174.2848 730.8610 209.8826 1.6562 0.5426 1.4440 5.1048 1.7257 34.4032 -5.0949 0.0547
Cyclist -1 -1 -6.3876 644.5040 172.2641 674.5481 206.0059 1.8352 0.5630 1.5921 2.6719 1.8029 39.5563 -6.3212 0.0547
Cyclist -1 -1 -7.0633 1170.8868 138.6290 1216.8951 180.0989 1.8081 0.5851 1.6464 25.7140 0.3156 31.8367 -6.3883 0.0526
Cyclist -1 -1 -7.7503 692.9424 175.0884 705.0123 206.7999 1.6400 0.4792 1.5729 4.6840 1.7607 38.2501 -7.6299 0.0515
Car -1 -1 -4.5510 490.7450 185.1678 536.8123 219.6514 1.3909 1.5044 3.3694 -4.2607 1.9663 32.0278 -4.6827 0.9106
Car -1 -1 -4.3608 291.8382 194.3121 402.1943 254.3131 1.3416 1.5571 3.7820 -6.9735 1.9744 19.3899 -4.7023 0.9086
Car -1 -1 -7.8504 631.2002 179.0923 660.7255 207.1596 1.4863 1.5992 3.8871 2.0115 1.8582 41.0714 -7.8024 0.8840
Car -1 -1 -3.3921 720.2221 169.0474 824.3595 205.8505 1.6964 1.7592 4.5189 7.5967 1.5207 34.2155 -3.1759 0.8554
Car -1 -1 -3.3982 713.8643 162.7572 801.7330 197.5881 1.7509 1.6888 4.1463 7.5440 1.2431 37.2358 -3.2002 0.5135
Car -1 -1 -8.2882 892.5555 165.5732 949.1687 191.8707 1.4306 1.5320 3.7030 17.6099 1.0342 41.1263 -7.8865 0.2824
Car -1 -1 -4.3724 434.6932 184.7554 495.2495 218.3911 1.4309 1.6322 3.7871 -6.8206 2.0258 34.0947 -4.5689 0.1746
Car -1 -1 -4.8703 683.2625 175.6189 721.8851 203.2737 1.5006 1.6272 3.6660 5.2243 1.6660 41.3833 -4.7461 0.1250
Car -1 -1 -5.3227 1124.3629 138.8426 1222.7948 176.7470 1.6474 1.6417 3.8727 25.8572 0.1689 33.3300 -4.6671 0.1147
Car -1 -1 -7.9656 319.2942 187.5771 370.0694 226.1338 1.4764 1.6425 3.9242 -11.6274 2.1595 31.3713 -8.3182 0.0871
Car -1 -1 -4.8175 479.8445 180.5716 513.4314 208.9750 1.5746 1.5778 3.9403 -6.8709 2.0595 43.2533 -4.9745 0.0860
Car -1 -1 -4.9156 670.8179 176.0293 707.5280 202.0099 1.6019 1.6160 3.8715 5.0749 1.8172 46.9830 -4.8091 0.0616
