Pedestrian -1 -1 -5.8406 1018.4891 195.2775 1040.8525 235.9706 1.5341 0.5512 0.5714 16.2544 2.4170 28.0257 -5.3204 0.1341
Pedestrian -1 -1 -8.4766 958.9990 182.4536 980.4795 222.3791 1.9214 0.7188 0.6083 17.5336 2.3950 35.2563 -8.0191 0.1278
Pedestrian -1 -1 -9.1092 975.8926 184.2386 991.3463 218.8463 1.8297 0.6379 0.5712 20.0823 2.4493 38.8569 -8.6359 0.1244
Car -1 -1 -8.0573 766.1938 183.9309 794.6472 203.1864 1.6823 1.7029 4.6089 16.0042 2.7623 68.0410 -7.8278 0.1224
Car -1 -1 -4.5865 27.0410 174.7225 67.7020 202.0271 1.6464 1.5537 3.8810 -35.7325 1.7702 45.8556 -5.2457 0.1221
Pedestrian -1 -1 -6.3096 959.3058 173.9051 966.3166 202.9632 1.9329 0.7745 0.3996 23.6623 2.0039 48.4630 -5.8583 0.0949
Pedestrian -1 -1 -2.9241 934.0103 177.5670 943.2158 205.8044 1.9004 0.6976 0.4319 22.3332 2.2235 49.1056 -2.5000 0.0786
Pedestrian -1 -1 -6.3077 508.1741 177.0488 514.8752 197.3318 1.7382 0.6452 0.5576 -8.5344 2.1025 62.3466 -6.4435 0.0709
Pedestrian -1 -1 -6.9023 878.2651 177.5841 890.7742 199.4260 1.7571 0.5593 0.7665 22.2564 2.1431 58.5712 -6.5413 0.0697
Car -1 -1 -3.5684 679.9640 180.7615 742.7833 205.6390 1.5786 1.7133 3.7673 6.6996 2.1193 48.0069 -3.4311 0.0675
Pedestrian -1 -1 -6.2634 1227.0647 154.0962 1241.0000 233.8639 1.7508 0.5250 0.3716 14.0150 1.3388 16.1561 -5.5581 0.0645
Pedestrian -1 -1 -8.0638 962.1895 176.9971 980.7969 220.2930 2.0357 0.6711 0.6420 17.1858 2.2352 34.3951 -7.6045 0.0643
Car -1 -1 -4.4880 676.4100 179.7465 704.3707 197.6909 1.5042 1.6255 4.0334 7.1754 2.1391 64.3231 -4.3779 0.0607
Pedestrian -1 -1 -3.3253 957.5093 177.2888 967.5634 212.6784 2.2861 0.5499 0.4946 22.9390 2.5768 47.0225 -2.8745 0.0592
Car -1 -1 -2.1222 177.5155 175.0702 234.8034 201.2444 1.5817 1.5388 3.5071 -25.4468 1.7256 45.3908 -2.6309 0.0588
Pedestrian -1 -1 -4.6117 0.0000 172.0605 18.0437 220.8204 1.8290 0.5691 0.5522 -22.9689 1.7990 27.4536 -5.3037 0.0585
Car -1 -1 -4.7476 823.9364 182.6579 846.2302 203.5492 1.6331 1.6355 3.7747 18.7695 2.4805 60.3503 -4.4480 0.0584
Car -1 -1 -6.0833 860.0214 191.5753 923.9224 215.4531 1.4933 1.6433 3.8409 19.3205 2.8237 49.5597 -5.7143 0.0570
Car -1 -1 -4.6263 458.5243 180.6034 490.0070 205.2147 1.4778 1.6502 4.2626 -8.8109 2.0050 46.9143 -4.8113 0.0549
Car -1 -1 -4.3327 40.3320 175.7882 91.7635 198.7054 1.5399 1.5891 3.8434 -38.4599 1.7556 51.0725 -4.9758 0.0543
Pedestrian -1 -1 -3.0722 950.6870 174.5683 964.9326 217.5995 2.1489 0.7248 0.6043 17.5721 2.2365 36.5330 -2.6277 0.0529
Cyclist -1 -1 -8.3131 847.0614 184.2812 873.4183 223.6382 1.6326 0.3864 1.6348 10.7813 2.1405 31.2523 -7.9845 0.4961
Pedestrian -1 -1 -7.9990 913.2922 183.1225 933.7607 224.1664 1.7429 0.6912 0.8900 13.6012 2.1970 31.4172 -7.5946 0.2204
Cyclist -1 -1 -6.3454 408.7657 178.2343 463.8504 236.8126 1.7263 0.5824 1.5901 -5.3151 1.8929 21.8699 -6.5816 0.1512
Pedestrian -1 -1 -6.0350 416.4128 190.7291 434.2230 237.1234 1.3728 0.5650 0.3960 -5.6382 1.9208 21.8508 -6.2853 0.1496
Cyclist -1 -1 -7.5498 604.9811 179.3570 624.6483 215.0032 1.7045 0.5298 1.5644 0.2064 2.0328 35.6289 -7.5447 0.1259
Pedestrian -1 -1 -8.4733 753.7882 181.8827 766.9177 203.3960 1.6611 0.7667 0.6593 11.7549 2.3741 56.5501 -8.2699 0.1222
Cyclist -1 -1 -7.9647 133.5493 177.5436 145.4870 209.6555 1.6764 0.3599 1.6338 -25.2329 1.9320 38.6318 -8.5404 0.1112
Pedestrian -1 -1 -4.8884 425.2067 193.9769 444.2978 236.7355 1.2632 0.5036 0.3780 -5.3595 1.9109 21.8613 -5.1267 0.1065
Cyclist -1 -1 -4.4598 615.8474 182.4450 626.4740 204.1700 1.5894 0.4253 1.5619 0.8162 2.3218 54.3111 -4.4454 0.0955
Cyclist -1 -1 -6.9208 214.1681 175.3470 260.4677 221.1188 1.8148 0.6094 1.6463 -15.3016 1.9198 29.5770 -7.3949 0.0909
Cyclist -1 -1 -4.7227 139.9014 178.8520 149.0441 210.3782 1.6395 0.3974 1.5789 -24.9359 1.9663 38.5839 -5.2935 0.0902
Cyclist -1 -1 -7.9370 1016.8792 183.9982 1038.0227 232.8402 1.5910 0.4698 1.7750 14.2996 1.9880 24.8200 -7.4201 0.0886
Cyclist -1 -1 -7.9968 206.7424 178.9227 225.0013 220.5792 1.6451 0.4292 1.6404 -16.1703 1.8996 29.5102 -8.4945 0.0875
Pedestrian -1 -1 -7.5274 421.8176 186.6136 447.5502 236.7259 1.4736 0.6229 0.4998 -5.3042 1.8913 21.6451 -7.7656 0.0844
Cyclist -1 -1 -3.6474 602.7871 176.7715 638.6891 213.5877 1.7642 0.6708 1.6427 0.4887 1.9599 35.4057 -3.6343 0.0844
Pedestrian -1 -1 -7.7117 435.0944 186.6852 457.5028 238.0624 1.5078 0.5792 0.5856 -4.9585 1.9288 21.6610 -7.9348 0.0732
Cyclist -1 -1 -7.6630 214.4188 179.8307 234.8060 220.9560 1.6225 0.4306 1.6426 -15.8431 1.9166 29.6019 -8.1509 0.0731
Cyclist -1 -1 -8.5652 587.8344 178.7072 616.9581 214.0176 1.6983 0.4676 1.6634 -0.4264 1.9942 35.7386 -8.5777 0.0721
Cyclist -1 -1 -8.2441 598.0217 179.0904 619.5740 215.1609 1.7318 0.5279 1.5132 -0.1088 2.0472 35.7193 -8.2478 0.0688
Pedestrian -1 -1 -8.0910 600.7979 180.7340 616.3719 215.4662 1.6641 0.6187 0.6641 -0.1123 2.0519 35.1460 -8.0949 0.0685
Pedestrian -1 -1 -7.6628 133.1953 177.6428 150.7864 211.2370 1.7615 0.6999 0.5044 -24.8787 2.0179 38.3029 -8.2358 0.0671
Pedestrian -1 -1 -5.9357 1.3353 178.7189 11.3856 216.0541 1.7621 0.4704 0.2195 -28.8141 2.0435 34.3948 -6.6294 0.0669
Cyclist -1 -1 -4.5461 251.8199 177.7984 271.6235 214.9689 1.6680 0.5669 1.6044 -16.1779 1.9028 33.4539 -4.9937 0.0656
Pedestrian -1 -1 -2.0592 306.9388 187.5538 381.0156 325.8512 1.6307 0.6019 0.7327 -3.4040 1.8248 9.0761 -2.4094 0.0610
Pedestrian -1 -1 -6.1511 128.0360 175.7951 139.8645 210.0987 1.8110 0.7240 0.4353 -25.4928 1.9697 38.5856 -6.7320 0.0587
Pedestrian -1 -1 -3.1921 508.6502 177.5230 514.5928 197.3500 1.6986 0.6620 0.4756 -8.5274 2.1042 62.3570 -3.3278 0.0578
Pedestrian -1 -1 -3.9089 211.9652 183.9972 231.8655 221.6609 1.4867 0.4770 0.5185 -15.6348 1.9391 28.9905 -4.3999 0.0554
Cyclist -1 -1 -8.5143 751.5483 182.7295 768.1961 204.2807 1.6459 0.3779 1.5942 11.7287 2.4316 56.6338 -8.3117 0.0548
Pedestrian -1 -1 -5.8974 128.2247 177.2500 145.0433 210.6491 1.7537 0.6726 0.5333 -25.2055 1.9895 38.3677 -6.4756 0.0541
Cyclist -1 -1 -2.5553 580.3661 176.2218 615.0336 212.7362 1.7496 0.6595 1.6033 -0.6479 1.9179 35.4120 -2.5741 0.0536
Cyclist -1 -1 -4.5429 263.3102 176.2955 285.2830 214.5942 1.7242 0.6626 1.5996 -15.6135 1.8878 33.4969 -4.9764 0.0531
Cyclist -1 -1 -3.2528 839.3175 183.5671 881.0780 222.0717 1.6309 0.5219 1.6581 10.7755 2.1008 31.2355 -2.9242 0.0531
Cyclist -1 -1 -7.4840 218.7517 176.3340 247.4976 218.5771 1.6870 0.4833 1.6568 -15.5943 1.8345 29.8038 -7.9627 0.0511
Car -1 -1 -7.8373 556.9758 178.8980 611.8915 234.1902 1.6264 1.6538 4.5408 -0.8633 1.8464 24.0105 -7.8737 0.9222
Car -1 -1 -3.7056 931.4725 192.2128 1014.7991 219.2785 1.5972 1.5791 4.5046 22.6042 2.8327 45.0464 -3.2438 0.7767
Car -1 -1 -4.5737 538.6582 181.0521 562.2666 196.8638 1.3867 1.6499 4.1345 -5.5640 2.1782 67.5771 -4.6559 0.3620
Car -1 -1 -6.0552 323.1232 184.9925 469.0346 235.6332 1.4836 1.6500 4.0987 -6.6322 1.8781 22.5265 -6.3389 0.3096
Car -1 -1 -7.2381 0.0000 189.2574 210.9347 354.3417 1.4642 1.8088 4.5892 -7.2416 1.7257 9.1890 -7.8917 0.1879
Car -1 -1 -2.4686 0.0000 166.9246 46.2238 199.4087 1.7866 1.7085 4.2033 -34.5489 1.4602 40.5979 -3.1705 0.1751
Car -1 -1 -4.2331 216.3456 180.3083 276.3970 206.9785 1.4778 1.5445 3.9580 -21.6663 1.9431 43.0830 -4.6969 0.1727
Car -1 -1 -7.7948 976.9667 185.5300 1035.5127 231.2530 1.4883 1.6939 4.1486 14.7910 1.9998 26.9201 -7.2976 0.1512
Car -1 -1 -4.9271 259.7444 182.2592 316.4112 218.2690 1.4722 1.5237 4.0019 -14.6507 1.9243 32.6405 -5.3463 0.1128
Car -1 -1 -6.9390 793.0934 185.7029 847.0098 207.3594 1.5724 1.6871 3.7383 16.1550 2.5885 55.6029 -6.6583 0.1054
Car -1 -1 -5.2038 837.3477 189.5736 891.8466 216.3380 1.4820 1.5192 3.8461 15.5967 2.5594 44.4914 -4.8693 0.1014
Car -1 -1 -8.2839 555.5483 182.2060 615.8325 213.8370 1.4556 1.5868 3.8260 -1.3258 1.9550 36.4904 -8.3206 0.0950
Car -1 -1 -6.9462 844.8530 184.8913 934.7092 222.2116 1.5269 1.5813 3.4250 12.1918 2.0747 31.5929 -6.5817 0.0834
Car -1 -1 -4.4119 569.8710 180.3929 605.5916 200.8745 1.4980 1.6868 4.0129 -1.7297 2.1108 56.5195 -4.4428 0.0832
Car -1 -1 -4.6215 213.3555 179.3024 265.6188 218.8246 1.5348 1.6003 4.3463 -15.9240 1.8330 31.0897 -5.0917 0.0817
Car -1 -1 -4.8984 553.7232 181.1076 609.2302 219.3410 1.5072 1.6669 4.2016 -1.3652 1.8945 31.6444 -4.9419 0.0813
Car -1 -1 -7.2704 1003.4493 192.8900 1068.6384 219.8037 1.5849 1.6716 4.0644 27.4833 2.9241 46.5908 -6.7409 0.0792
Car -1 -1 -4.4275 602.4910 179.2406 636.8010 201.9415 1.6466 1.6242 3.8710 0.7534 2.1569 55.5996 -4.4145 0.0778
Car -1 -1 -4.1504 235.0084 179.9580 301.4431 207.0132 1.4724 1.6121 4.0645 -20.0765 1.9113 42.4946 -4.5896 0.0708
Car -1 -1 -4.5204 232.7139 186.7741 316.4514 241.6664 1.4274 1.5644 3.9206 -10.1129 1.8901 21.9104 -4.9486 0.0666
Car -1 -1 -3.1418 320.4298 185.0068 479.8661 244.2256 1.5057 1.6648 4.1336 -5.8822 1.8700 20.2789 -3.4213 0.0659
Car -1 -1 -4.8708 812.3362 188.2063 847.9409 212.9283 1.5179 1.6486 4.3309 14.9713 2.6158 49.3581 -4.5786 0.0630
Car -1 -1 -7.2582 38.5524 179.7901 138.3534 216.7281 1.5995 1.7002 4.3093 -24.6374 1.9492 34.2358 -7.8785 0.0619
Car -1 -1 -4.8037 260.6596 182.1632 314.2117 222.6261 1.4451 1.5980 4.0235 -13.0157 1.8454 28.9017 -5.2237 0.0615
Car -1 -1 -4.3258 620.8486 179.0266 661.7490 202.4566 1.6774 1.7186 4.0503 2.3999 2.1666 55.0149 -4.2829 0.0575
Car -1 -1 -4.3800 261.8935 182.8582 317.6478 210.8761 1.4040 1.6192 3.8507 -17.5191 1.9798 39.5610 -4.7947 0.0547
Car -1 -1 -4.3622 304.6758 184.0753 356.4387 209.7661 1.4150 1.6447 3.9594 -16.8021 2.1219 43.4767 -4.7293 0.0527
