Cyclist -1 -1 -7.4505 666.6762 168.1218 707.7592 229.7375 1.8148 0.5749 1.8710 2.3475 1.6751 22.2091 -7.3473 0.8811
Pedestrian -1 -1 -5.6651 150.0849 161.8476 161.7101 195.7919 1.8482 0.5041 0.3029 -24.9254 1.2486 39.5475 -6.2245 0.2499
Pedestrian -1 -1 -5.8322 0.0000 173.9544 16.5181 210.0393 1.7676 0.5836 0.7304 -30.0256 1.8224 35.7390 -6.5274 0.1626
Pedestrian -1 -1 -8.4149 544.4811 172.3896 563.1479 215.2889 1.7624 0.5593 0.5654 -2.3835 1.7430 30.0359 -8.4940 0.1448
Pedestrian -1 -1 -5.3793 5.5360 165.7834 33.8944 225.5836 1.8154 0.4831 0.4786 -18.2005 1.6004 22.1924 -6.0604 0.1333
Pedestrian -1 -1 -8.1346 816.3553 170.4198 837.2025 209.7071 1.7877 0.7476 0.7138 9.9253 1.6767 33.1927 -7.8470 0.1283
Pedestrian -1 -1 -6.5210 525.8304 166.2775 543.4427 201.8801 1.8959 0.6203 0.8197 -4.0985 1.5454 38.8534 -6.6258 0.1218
Pedestrian -1 -1 -3.0487 521.2642 168.4457 535.2405 200.1339 1.8929 0.6365 0.7809 -4.9527 1.6293 43.4280 -3.1620 0.1186
Pedestrian -1 -1 -4.8575 840.4125 194.7993 873.1802 269.3394 1.2518 0.4751 0.4379 4.2235 1.6402 12.5243 -4.5403 0.1007
Cyclist -1 -1 -4.8504 245.1257 173.9557 263.0894 210.3857 1.7109 0.5486 1.7142 -17.2142 1.7651 34.8031 -5.3069 0.0996
Cyclist -1 -1 -3.4349 727.7755 165.5465 765.1939 204.9020 1.8259 0.6225 1.6144 6.3603 1.4866 33.8741 -3.2513 0.0984
Pedestrian -1 -1 -6.1597 1059.0321 150.5477 1096.0522 229.1411 1.8732 0.5727 0.6992 11.3791 1.3412 17.6402 -5.5948 0.0865
Pedestrian -1 -1 -4.6314 744.6293 156.8893 770.8618 229.2040 1.9628 0.6468 0.9652 4.0803 1.5292 20.1370 -4.4350 0.0820
Cyclist -1 -1 -8.1984 838.3669 170.3993 861.0262 209.5740 1.6385 0.4248 1.5258 10.2253 1.5355 30.9465 -7.8826 0.0711
Pedestrian -1 -1 -2.7126 596.0953 171.3243 608.9456 199.2109 1.8202 0.7022 0.6105 -0.5242 1.7201 47.5419 -2.7240 0.0706
Car -1 -1 -4.4653 382.7763 179.9623 461.9423 228.5665 1.4660 1.6277 4.0867 -6.2821 1.7263 24.4065 -4.7152 0.0649
Cyclist -1 -1 -8.5342 756.6244 173.1064 799.2162 226.6792 1.6603 0.4110 1.5997 5.3275 1.6684 23.1775 -8.3118 0.0640
Car -1 -1 -4.7770 774.9050 170.2395 797.2230 189.1199 1.5305 1.5629 3.8403 14.7104 1.3183 60.5171 -4.5399 0.0600
Cyclist -1 -1 -2.4936 306.8449 170.1766 353.1050 214.1468 1.7879 0.5749 1.8047 -11.6330 1.6787 29.8638 -2.8624 0.0587
Cyclist -1 -1 -7.5334 465.0448 165.8384 504.5514 237.9005 1.8211 0.5060 1.7544 -3.3489 1.6435 19.1394 -7.7049 0.0570
Car -1 -1 -6.7998 1125.7933 163.6097 1241.0000 235.7280 1.4585 1.6056 4.2291 14.0173 1.2712 15.7984 -6.0835 0.0560
Pedestrian -1 -1 -6.7679 540.9339 170.5654 549.3607 202.1226 1.8028 0.4813 0.2917 -3.7678 1.6718 41.5020 -6.8583 0.0552
Car -1 -1 -5.1759 724.1794 173.5351 779.9003 198.7596 1.5181 1.6904 4.3614 8.9248 1.5633 45.8773 -4.9853 0.0515
Pedestrian -1 -1 -2.7414 607.1538 167.8287 625.8920 203.5791 1.8939 0.5647 0.8514 0.3120 1.6274 38.6527 -2.7339 0.0514
Pedestrian -1 -1 -7.9228 765.9830 155.6901 796.7707 237.6913 1.8843 0.6448 0.8357 3.9864 1.4896 17.0434 -7.6976 0.0512
Car -1 -1 -5.3024 566.8797 173.4197 615.2095 195.7545 1.6004 1.6751 3.9778 -1.4836 1.6440 53.9135 -5.3302 0.0509
Pedestrian -1 -1 -5.1681 1012.9281 163.3813 1065.7113 255.9928 1.6788 0.5671 0.7535 7.9490 1.5068 13.4744 -4.6452 0.8008
Pedestrian -1 -1 -5.4383 188.8696 161.1829 238.0973 236.3255 1.8642 0.6603 0.9120 -10.1385 1.5744 18.3659 -5.9369 0.4697
Pedestrian -1 -1 -4.8345 494.9507 173.9974 518.2535 229.5731 1.7103 0.6230 0.8774 -3.3112 1.7468 22.7308 -4.9781 0.4525
Pedestrian -1 -1 -1.8182 72.8098 163.8312 115.8062 252.6816 1.7716 0.5582 0.7421 -10.6606 1.5914 14.8403 -2.4328 0.4357
Cyclist -1 -1 -3.7547 722.0709 170.5511 762.3629 212.6553 1.7463 0.6739 1.5802 5.5581 1.6505 30.5648 -3.5771 0.4028
Cyclist -1 -1 -3.5694 873.1511 174.0978 964.0563 245.8245 1.5298 0.7571 1.6674 6.6878 1.5575 15.8108 -3.1766 0.3740
Pedestrian -1 -1 -7.0197 1172.6957 153.3156 1241.0000 279.5347 1.7408 0.7085 0.5076 8.5309 1.4710 10.3200 -6.3434 0.3447
Pedestrian -1 -1 -5.6408 560.6771 170.5726 583.2106 210.1862 1.8486 0.6558 0.8406 -1.8433 1.7418 34.1772 -5.6948 0.2984
Pedestrian -1 -1 -5.4988 210.3818 164.8725 253.0472 235.3649 1.8304 0.7002 0.7205 -10.0982 1.6229 19.1776 -5.9781 0.2944
Cyclist -1 -1 -2.7760 229.7258 174.2963 287.4443 225.9068 1.7397 0.5974 1.6748 -12.0675 1.7895 24.7109 -3.2264 0.2832
Pedestrian -1 -1 -7.7049 918.1420 175.7446 963.3124 252.2619 1.4725 0.7355 0.6631 6.5492 1.5318 14.3990 -7.2865 0.2404
Cyclist -1 -1 -8.2066 1083.2100 176.3712 1148.8147 267.2740 1.5397 0.4102 1.6501 9.1201 1.6075 13.1370 -7.6109 0.1663
Cyclist -1 -1 -4.7137 737.6557 171.4836 748.9183 207.8752 1.6837 0.5131 1.3718 6.2545 1.6200 34.1036 -4.5343 0.1556
Cyclist -1 -1 -7.6597 731.4002 163.5186 756.3791 215.4922 1.8747 0.5917 1.7826 4.9702 1.5377 26.9637 -7.4799 0.1528
Pedestrian -1 -1 -4.1615 1179.0577 151.9301 1241.0000 284.4250 1.7682 0.5811 0.6438 8.3709 1.4887 10.0103 -3.4800 0.1386
Pedestrian -1 -1 -3.4789 1039.1119 164.5481 1084.3119 244.0517 1.7006 0.4670 0.7189 9.7899 1.5226 15.7370 -2.9313 0.1365
Cyclist -1 -1 -8.4606 762.0714 162.6155 856.5276 269.4016 1.7581 0.7111 1.7901 3.4457 1.5892 12.8417 -8.2052 0.1337
Cyclist -1 -1 -8.0195 941.6695 163.3867 966.8590 213.1988 1.7057 0.5332 1.6288 12.1358 1.3813 25.5642 -7.5811 0.1234
Cyclist -1 -1 -7.9555 952.0280 164.8090 971.7491 213.3504 1.6616 0.4515 1.6458 12.4019 1.3859 25.5491 -7.5085 0.1144
Pedestrian -1 -1 -4.7693 1142.5695 165.6259 1191.1827 273.1324 1.6608 0.5785 0.5027 8.8203 1.5489 11.5159 -4.1285 0.1111
Cyclist -1 -1 -3.5245 726.8142 169.0543 762.9838 206.8812 1.7629 0.5901 1.5723 6.3258 1.5855 34.0739 -3.3430 0.1097
Pedestrian -1 -1 -6.5183 631.1555 173.7122 641.4814 194.8759 1.6566 0.7829 0.6491 2.0481 1.7246 56.9632 -6.4829 0.0999
Pedestrian -1 -1 -6.0160 738.7256 167.4951 782.7464 246.0405 1.7792 0.5976 0.8799 3.4618 1.6575 16.8090 -5.8172 0.0993
Pedestrian -1 -1 -5.5403 235.3174 175.0991 265.7190 224.7917 1.6591 0.6583 0.6518 -12.2659 1.7364 24.5344 -5.9999 0.0890
Cyclist -1 -1 -7.4622 720.7480 172.8376 742.5613 213.5654 1.6867 0.4156 1.3933 5.1204 1.6858 30.5840 -7.2985 0.0843
Pedestrian -1 -1 -6.4087 605.9363 172.6988 615.2009 195.7028 1.7445 0.5586 0.6411 0.0133 1.7324 55.0352 -6.4088 0.0782
Pedestrian -1 -1 -7.0421 1166.1321 153.2153 1241.0000 275.3062 1.7387 0.5893 0.7603 8.7209 1.4588 10.6014 -6.3678 0.0712
Pedestrian -1 -1 -5.4157 123.7924 162.6433 173.0419 244.9135 1.7913 0.5457 0.7891 -10.3397 1.5687 16.0886 -5.9796 0.0711
Pedestrian -1 -1 -7.8303 498.1283 169.1658 512.8522 210.2458 1.7975 0.6314 0.5732 -4.6589 1.6358 31.8934 -7.9746 0.0692
Cyclist -1 -1 -3.4345 775.4816 166.2273 883.8141 265.4745 1.6767 0.6352 1.6842 3.7323 1.5644 12.5159 -3.1521 0.0645
Cyclist -1 -1 -7.1034 940.1822 161.8850 989.2316 211.6921 1.7374 0.6687 1.5946 12.6208 1.3545 25.7691 -6.6528 0.0640
Cyclist -1 -1 -7.5826 815.8010 173.6411 875.7040 272.8981 1.5908 0.5728 1.6581 4.0286 1.6049 12.4284 -7.2771 0.0622
Cyclist -1 -1 -6.4901 715.0338 170.8495 739.9235 196.9968 1.8169 0.6577 1.6180 8.1867 1.6773 50.5050 -6.3307 0.0617
Cyclist -1 -1 -8.2092 710.4621 174.2681 721.8860 196.7394 1.5768 0.3040 1.4898 7.5398 1.6789 51.4852 -8.0650 0.0597
Cyclist -1 -1 -4.3683 1159.0193 148.3545 1241.0000 282.8127 1.7922 0.6033 1.8658 8.6074 1.4654 10.3611 -3.6895 0.0590
Pedestrian -1 -1 -4.5776 900.7137 176.6512 935.9214 247.4586 1.4867 0.6280 0.6286 6.6269 1.5709 15.6252 -4.1839 0.0586
Cyclist -1 -1 -7.5120 468.4918 168.8884 507.1501 239.1668 1.7950 0.4855 1.6786 -3.2971 1.6934 19.2980 -7.6797 0.0578
Pedestrian -1 -1 -4.7891 492.0465 170.0701 515.2094 229.3035 1.7915 0.6448 0.8347 -3.3418 1.7070 22.3018 -4.9368 0.0575
Cyclist -1 -1 -8.3500 741.4288 161.4548 799.7650 244.7424 1.8473 0.5881 1.6905 3.6797 1.5942 16.8976 -8.1400 0.0568
Pedestrian -1 -1 -3.3937 541.5844 168.8878 561.3531 209.0550 1.8730 0.6491 0.7932 -2.8086 1.6878 34.0826 -3.4758 0.0567
Pedestrian -1 -1 -8.2174 731.1157 168.4645 748.3840 208.1054 1.8440 0.6472 0.5407 6.0503 1.6395 33.8896 -8.0428 0.0551
Pedestrian -1 -1 -3.7884 1148.5330 154.3587 1219.3806 275.6917 1.7367 0.5066 0.6359 8.3503 1.4717 10.5832 -3.1344 0.0550
Cyclist -1 -1 -4.1486 236.2859 173.7592 281.1262 225.0532 1.6875 0.5783 1.6549 -12.0105 1.7191 24.6225 -4.5985 0.0542
Pedestrian -1 -1 -7.8035 769.8436 160.0959 798.8119 241.6404 1.8495 0.6224 0.8443 4.0273 1.5599 16.8570 -7.5738 0.0521
Pedestrian -1 -1 -5.8604 455.7729 169.2418 498.8524 243.4271 1.8177 0.5858 0.9004 -3.3689 1.7289 18.0705 -6.0429 0.0518
Pedestrian -1 -1 -7.3610 249.6421 174.1796 280.1548 224.6718 1.6808 0.6426 0.7728 -11.7293 1.7261 24.4413 -7.8045 0.0515
Cyclist -1 -1 -7.4743 737.2500 169.5829 765.4000 212.4105 1.7526 0.5764 1.7110 5.9223 1.6185 30.4030 -7.2843 0.0512
Pedestrian -1 -1 -4.8436 186.7023 166.1846 214.8325 232.5997 1.7974 0.5973 0.6657 -11.3793 1.6166 19.9722 -5.3560 0.0508
Cyclist -1 -1 -8.0987 957.3225 163.0617 985.5698 212.5685 1.6901 0.4957 1.6512 12.7065 1.3555 25.4921 -7.6413 0.0501
Car -1 -1 -2.5638 280.2429 180.2487 374.7170 218.4237 1.5076 1.5274 3.3744 -11.7692 1.8261 30.0128 -2.9348 0.7131
Car -1 -1 -8.2184 697.2837 174.8105 736.9823 196.0650 1.4713 1.5764 3.8360 7.6985 1.6186 52.3673 -8.0736 0.2450
Car -1 -1 -4.6168 738.4131 174.0027 766.2443 196.3733 1.5160 1.5885 3.7884 10.0889 1.6003 51.1471 -4.4235 0.2293
Car -1 -1 -7.5061 261.2801 180.5083 347.7200 227.2882 1.4404 1.5542 3.6618 -10.3899 1.7218 24.6918 -7.9009 0.1653
Car -1 -1 -7.9422 859.8135 166.5843 887.5701 192.2795 1.9782 1.7182 4.0919 21.0348 1.4952 57.7465 -7.5949 0.1254
Car -1 -1 -7.7821 0.0000 181.3840 53.7898 225.5015 1.4710 1.5483 3.7576 -21.8081 1.8111 26.8108 -8.4602 0.1252
Car -1 -1 -7.6462 636.5267 173.5287 667.5388 196.1237 1.7436 1.7579 3.7059 3.3748 1.7993 57.8191 -7.5886 0.1012
Car -1 -1 -7.8218 770.2930 180.7298 864.7833 267.7156 1.4275 1.5654 3.6859 4.0596 1.6039 14.1948 -7.5496 0.0842
Car -1 -1 -7.6373 720.1020 177.4940 771.3694 213.0591 1.4385 1.4840 3.5680 5.9535 1.6539 31.6194 -7.4535 0.0726
Car -1 -1 -6.3485 958.3965 165.2261 1107.5978 211.1684 1.4897 1.6773 4.3555 14.4956 1.2420 25.1030 -5.8302 0.0702
Car -1 -1 -4.4120 46.6237 183.6354 122.4707 220.0561 1.4880 1.6479 4.1035 -23.9533 2.0137 32.9937 -5.0363 0.0700
Car -1 -1 -6.8837 61.3297 185.0475 204.8840 231.5171 1.4160 1.6339 3.9544 -16.5844 1.8786 25.2491 -7.4602 0.0682
Car -1 -1 -4.2003 53.1172 183.6740 186.0611 238.4895 1.3741 1.5387 3.6591 -13.9534 1.7126 20.7118 -4.7874 0.0608
Car -1 -1 -7.9378 767.2798 176.1916 814.3274 213.8783 1.4616 1.5724 3.9613 7.5138 1.6117 30.4297 -7.6985 0.0553
Car -1 -1 -4.6422 900.2694 161.4607 959.5294 213.0483 1.6260 1.6091 4.0477 11.0547 1.2666 24.9086 -4.2293 0.0517
