Pedestrian -1 -1 -7.4355 966.8998 165.9494 983.9818 204.1989 1.9427 0.5821 0.6212 18.7343 1.5917 37.0682 -6.9712 0.1695
Pedestrian -1 -1 -3.4170 376.8837 174.9350 387.2719 196.9808 1.7748 0.5150 0.6902 -18.5269 1.9445 58.5668 -3.7224 0.1332
Cyclist -1 -1 -6.1813 590.2101 167.0141 634.4316 213.0136 1.8859 0.6474 1.7830 0.0597 1.6462 29.9961 -6.1800 0.1123
Pedestrian -1 -1 -4.9135 315.1909 171.2697 331.9885 210.3723 1.8592 0.6169 0.7452 -13.8510 1.7835 34.7869 -5.2901 0.1106
Pedestrian -1 -1 -6.5786 927.1096 174.6374 945.9343 204.7920 1.6087 0.5227 0.8044 17.5335 1.7051 38.8388 -6.1578 0.0911
Pedestrian -1 -1 -4.9108 970.1476 163.9989 994.0718 219.4137 1.8576 0.5764 0.7912 12.6551 1.5604 24.6448 -4.4418 0.0834
Pedestrian -1 -1 -3.1048 50.9228 166.9614 69.7199 227.8500 1.9245 0.5953 0.4567 -17.7027 1.7380 23.1810 -3.7516 0.0748
Pedestrian -1 -1 -4.7476 83.3822 169.6963 94.9862 200.7235 1.8637 0.5468 0.7432 -31.6527 1.6737 43.8011 -5.3706 0.0748
Cyclist -1 -1 -7.6806 153.2146 177.3521 178.6442 229.7336 1.6827 0.4544 1.5786 -14.8882 1.8380 24.1371 -8.2287 0.0679
Pedestrian -1 -1 -6.0740 106.3419 171.0984 124.2184 204.7380 1.8718 0.6240 0.7144 -27.8501 1.7738 40.5719 -6.6727 0.0588
Cyclist -1 -1 -7.9195 272.4397 175.2862 286.4282 217.1877 1.7429 0.4395 1.6609 -14.2265 1.8497 30.9450 -8.3475 0.0556
Car -1 -1 -4.2156 373.6131 176.1290 414.6504 193.9506 1.5499 1.7158 4.3678 -19.6866 1.8593 65.9155 -4.5050 0.0541
Car -1 -1 -2.5761 237.1609 171.9906 290.6610 191.0816 1.7421 1.6123 4.2759 -32.0888 1.6630 66.8974 -3.0220 0.0541
Pedestrian -1 -1 -3.5862 100.6706 168.7339 130.9235 230.9776 1.9178 0.5921 0.5865 -15.5485 1.7905 22.6335 -4.1828 0.0527
Car -1 -1 -4.7889 806.5448 174.4136 841.3326 202.0985 1.5184 1.6192 3.9875 12.3444 1.6133 41.9288 -4.5049 0.0524
Pedestrian -1 -1 -4.3745 347.0324 148.4931 429.9608 315.5238 1.9378 0.6497 1.1030 -2.7692 1.6548 8.9362 -4.6677 0.2982
Pedestrian -1 -1 -3.3388 294.7095 143.8577 389.4126 347.4928 1.8201 0.4979 0.7627 -2.6064 1.5606 6.8604 -3.6904 0.1478
Pedestrian -1 -1 -2.3415 189.5823 168.9130 212.9637 215.7300 1.9840 0.6307 0.6041 -17.5803 1.8167 30.9648 -2.8544 0.1068
Pedestrian -1 -1 -6.1905 765.0015 171.6553 771.5359 193.2711 1.7990 0.7907 0.4656 13.2466 1.6990 60.4991 -5.9763 0.0985
Pedestrian -1 -1 -8.6748 862.1688 171.7118 877.9384 198.0804 1.7011 0.6287 0.7352 16.9113 1.6271 47.0199 -8.3319 0.0788
Car -1 -1 -8.0919 705.3931 186.5352 819.2183 261.5277 1.3193 1.5092 3.4400 2.9987 1.6383 15.0861 -7.9004 0.9776
Car -1 -1 -8.1671 788.1602 178.6494 875.5591 224.8549 1.4155 1.6354 4.1138 7.4249 1.6303 24.7014 -7.8790 0.9231
Car -1 -1 -7.9460 643.9195 177.6414 674.9170 203.4660 1.4156 1.4967 3.1392 2.7881 1.7027 41.7289 -7.8802 0.8997
Car -1 -1 -8.5084 943.4796 188.8660 1241.0000 374.0000 1.4420 1.5878 3.7254 3.5877 1.5791 4.3229 -7.8495 0.8427
Car -1 -1 -5.0397 719.4102 176.6434 767.8198 205.7269 1.4382 1.4406 3.5112 6.9439 1.6472 38.0034 -4.8609 0.7432
Car -1 -1 -5.0367 774.7562 173.7010 819.0154 198.1407 1.5907 1.6422 4.2531 12.6728 1.6508 49.2954 -4.7869 0.1425
Car -1 -1 -4.5510 148.3348 174.4722 178.0217 192.3100 1.4976 1.5813 3.9947 -39.0634 1.6436 63.1137 -5.1035 0.1078
Car -1 -1 -4.9937 745.0716 177.0926 803.3279 211.9908 1.4456 1.5719 3.6186 7.2133 1.6454 32.1952 -4.7758 0.0695
Car -1 -1 -4.7166 855.8398 178.3114 891.5596 210.1089 1.4366 1.5629 4.1245 12.9282 1.7219 35.5603 -4.3710 0.0683
Car -1 -1 -8.1321 771.9834 168.7546 807.6691 192.8089 1.9370 1.8031 4.1675 14.9316 1.6066 60.2169 -7.8905 0.0681
Car -1 -1 -4.7776 794.5926 177.8656 834.8492 209.6375 1.4630 1.6476 4.1542 10.1469 1.7289 36.1205 -4.5064 0.0537
