Pedestrian -1 -1 -6.0282 66.5454 192.3257 87.8964 225.0946 1.7971 0.5911 0.8420 -29.9444 2.9016 40.5114 -6.6618 0.2079
Pedestrian -1 -1 -4.9692 1021.1250 182.8127 1037.3468 216.3425 1.5131 0.5104 0.5801 19.1935 1.9746 33.1124 -4.4483 0.1408
Pedestrian -1 -1 -5.9317 0.0000 183.1935 13.4888 220.4331 1.9119 0.6176 0.6275 -31.6925 2.4569 37.6604 -6.6279 0.1261
Pedestrian -1 -1 -6.3547 663.8976 173.9096 674.4268 202.0123 1.7905 0.7321 0.6219 3.7653 1.8586 46.3674 -6.2747 0.1041
Car -1 -1 -5.0820 758.7509 177.8463 793.3392 197.6174 1.6657 1.6340 4.0264 14.6518 2.1225 63.9641 -4.8582 0.0934
Car -1 -1 -7.7145 324.9499 191.6472 351.0584 210.7316 1.5935 1.7011 4.1338 -25.1588 3.3902 66.7891 -8.0738 0.0803
Pedestrian -1 -1 -4.5087 0.0000 204.1711 18.3245 251.5669 1.2195 0.4156 0.4670 -16.1747 2.0687 19.2695 -5.2003 0.0740
Car -1 -1 -4.5260 508.0518 175.0793 538.7779 199.4534 1.8449 1.6697 4.1896 -6.8422 2.0275 57.1514 -4.6450 0.0719
Car -1 -1 -4.6539 490.3705 179.1922 520.2145 206.9547 1.6211 1.6139 4.1027 -6.5513 2.0364 45.2081 -4.7975 0.0698
Cyclist -1 -1 -4.8375 1049.5017 175.5947 1072.5983 224.5762 1.7105 0.5028 1.5887 16.2665 1.8125 26.1165 -4.2860 0.0675
Cyclist -1 -1 -7.6189 740.7323 175.5180 750.7874 196.6676 1.5563 0.3910 1.5619 10.1517 1.7586 54.0859 -7.4347 0.0667
Car -1 -1 -7.5031 208.9244 177.8173 248.1406 202.3240 2.1305 1.7363 4.4705 -34.8533 2.6003 66.0027 -7.9876 0.0630
Car -1 -1 -4.6384 725.2123 179.9491 762.8648 212.8712 1.4717 1.5384 3.7628 6.5292 1.8367 35.1379 -4.4568 0.0626
Pedestrian -1 -1 -4.3991 123.7990 206.9612 172.0579 306.9773 1.2303 0.4140 0.4147 -6.0033 1.6815 9.2993 -4.9598 0.0624
Car -1 -1 -4.6187 548.6716 176.9622 574.0578 198.5262 1.6610 1.6647 4.2845 -3.9366 2.0064 58.5638 -4.6860 0.0613
Car -1 -1 -4.6332 1008.6639 178.0499 1052.7433 210.3703 1.5332 1.6386 4.4324 21.7234 1.8176 37.2536 -4.1092 0.0604
Pedestrian -1 -1 -4.5362 1154.4678 169.5606 1186.4647 241.5421 1.8444 0.5786 0.5480 14.6191 1.7597 18.8864 -3.8855 0.0599
Car -1 -1 -4.8723 0.0000 181.6635 42.6749 207.3382 1.6500 1.7001 4.1249 -40.6783 2.2817 49.7549 -5.5552 0.0586
Car -1 -1 -7.8245 0.0000 185.3779 0.0000 212.6797 1.6096 1.7571 4.2122 -40.7492 2.4585 46.7333 -8.5389 0.0585
Pedestrian -1 -1 -5.2040 1043.1250 170.9167 1067.2877 217.3271 1.8775 0.6260 0.6087 18.1591 1.7988 29.5104 -4.6573 0.0564
Pedestrian -1 -1 -6.6906 725.0930 176.0828 746.1869 219.2068 1.7823 0.7491 0.6257 5.2323 1.9196 30.3237 -6.5221 0.0549
Car -1 -1 -4.7165 299.5844 185.3661 329.5142 210.9268 1.4407 1.6564 4.0818 -18.4732 2.2594 45.0269 -5.1041 0.0547
Pedestrian -1 -1 -5.6617 931.1503 167.6774 943.3893 196.7299 1.9408 0.6212 0.4787 21.9948 1.5947 48.5650 -5.2391 0.0531
Cyclist -1 -1 -7.1471 327.3006 174.5966 390.4922 251.0523 1.7085 0.5139 1.5580 -5.9333 1.7512 16.9798 -7.4790 0.1457
Pedestrian -1 -1 -4.4312 289.6157 197.9416 319.3961 264.8943 1.2680 0.4223 0.4684 -6.0245 1.7675 14.1152 -4.8284 0.1403
Cyclist -1 -1 -7.6231 394.1125 178.8589 419.0999 234.9164 1.6196 0.3773 1.5682 -6.1823 1.8073 21.8070 -7.8967 0.1364
Cyclist -1 -1 -7.6454 384.2899 174.8925 410.4658 232.8898 1.6974 0.4497 1.5629 -6.5081 1.7614 21.9689 -7.9307 0.1261
Cyclist -1 -1 -7.6004 364.0185 180.1142 395.1731 242.9001 1.5904 0.4106 1.5651 -6.1811 1.7918 19.2525 -7.9076 0.1214
Cyclist -1 -1 -7.3894 262.4870 182.6508 334.3063 271.1948 1.5740 0.5677 1.6832 -6.0044 1.7737 13.8739 -7.7914 0.1029
Cyclist -1 -1 -7.0124 335.5954 174.5381 403.5461 251.7337 1.7205 0.4801 1.5976 -5.6659 1.7616 16.9289 -7.3313 0.1017
Cyclist -1 -1 -4.8592 833.1858 177.8786 847.6251 208.4122 1.6479 0.5261 1.6174 12.7458 1.9325 40.0590 -4.5538 0.0975
Pedestrian -1 -1 -6.9685 835.2996 176.1773 854.0255 207.7102 1.7192 0.5894 0.7883 12.9193 1.9044 39.8456 -6.6576 0.0947
Pedestrian -1 -1 -6.8847 914.3559 175.4908 930.1033 201.7612 1.6797 0.5706 0.7389 20.1107 1.8508 46.5574 -6.4797 0.0895
Cyclist -1 -1 -7.5103 393.7643 179.3192 425.1925 237.6679 1.6470 0.3690 1.6287 -5.9722 1.8457 21.3757 -7.7801 0.0867
Cyclist -1 -1 -7.2627 395.5963 173.8667 437.3718 233.8480 1.7675 0.4367 1.5659 -5.9567 1.7994 22.1008 -7.5236 0.0849
Cyclist -1 -1 -7.2015 0.0000 178.9239 64.3576 244.1141 1.7324 0.4981 1.7219 -16.2137 1.9093 20.2007 -7.8716 0.0761
Cyclist -1 -1 -7.7175 358.0979 178.1976 383.1043 241.9718 1.6404 0.4123 1.7177 -6.5343 1.7917 19.5887 -8.0359 0.0737
Cyclist -1 -1 -7.4096 240.8303 180.8871 309.8647 275.3510 1.6054 0.4183 1.7905 -6.1862 1.7633 13.3135 -7.8375 0.0623
Pedestrian -1 -1 -7.4939 883.0573 175.0342 895.7460 199.8762 1.7168 0.6835 0.5307 19.4708 1.8699 50.3640 -7.1273 0.0615
Pedestrian -1 -1 -8.4782 829.3685 176.2071 845.5062 208.3100 1.7530 0.5755 0.6551 12.5325 1.9400 39.8866 -8.1764 0.0611
Pedestrian -1 -1 -2.8102 929.7784 168.1377 942.1395 198.3038 2.0028 0.5778 0.6002 21.7964 1.6894 48.3203 -2.3891 0.0610
Cyclist -1 -1 -7.7680 838.5287 176.7631 847.5496 207.2600 1.6676 0.3563 1.5350 13.0245 1.8905 40.4302 -7.4590 0.0594
Cyclist -1 -1 -7.2917 58.5647 183.0279 107.8038 239.9924 1.6600 0.4357 1.5865 -16.1709 1.9829 22.1190 -7.9174 0.0585
Cyclist -1 -1 -7.1908 364.9486 176.0746 416.3810 241.4590 1.6858 0.4558 1.5751 -5.9549 1.7762 19.5008 -7.4840 0.0567
Pedestrian -1 -1 -3.9745 336.9356 196.2601 361.3345 249.9541 1.1921 0.3730 0.3685 -6.0055 1.7339 16.4713 -4.3195 0.0563
Pedestrian -1 -1 -4.0060 126.1633 194.1137 153.8215 236.4005 1.3933 0.5236 0.5952 -15.9587 2.1226 24.4344 -4.5798 0.0532
Cyclist -1 -1 -7.5402 362.9411 178.9857 399.2120 245.5115 1.6405 0.4146 1.6280 -5.9818 1.8065 18.7585 -7.8454 0.0527
Pedestrian -1 -1 -7.0525 885.0870 176.1838 896.9189 200.6853 1.6831 0.5149 0.5650 19.4419 1.9151 50.0054 -6.6842 0.0525
Car -1 -1 -4.2572 230.6134 189.2367 293.7010 219.3591 1.4571 1.4873 3.9359 -18.7661 2.3877 39.0252 -4.7031 0.8524
Car -1 -1 -3.7057 954.6013 176.5282 1013.6365 196.9577 1.5508 1.6103 3.8043 29.0300 1.8411 56.0920 -3.2306 0.6571
Car -1 -1 -4.5412 201.4271 191.6199 238.3305 216.6711 1.5588 1.6164 3.8471 -27.0641 2.9155 50.0957 -5.0346 0.5732
Car -1 -1 -2.8212 331.5844 185.6993 446.4128 226.9735 1.4028 1.5494 3.6312 -7.9079 1.8774 25.8558 -3.1157 0.4778
Car -1 -1 -7.2143 0.0000 186.6645 83.3593 248.3545 1.5052 1.5881 3.5403 -16.8331 1.9264 20.2197 -7.9022 0.3351
Car -1 -1 -2.6009 86.9530 191.2838 222.4852 234.2068 1.4208 1.6137 3.7498 -16.0217 2.0918 25.4424 -3.1584 0.2935
Car -1 -1 -7.7978 898.3470 171.8127 929.7018 199.9868 1.8029 1.7171 4.2459 20.4180 1.7359 48.4559 -7.4016 0.2462
Car -1 -1 -4.1307 74.6742 198.5834 153.0024 230.0557 1.5474 1.6655 4.1174 -28.0752 3.0808 40.9376 -4.7291 0.2388
Car -1 -1 -5.1189 750.5381 178.8206 798.5418 205.2261 1.5828 1.5665 3.9148 10.4547 1.9821 46.2539 -4.8985 0.1510
Car -1 -1 -4.6963 251.7365 188.7190 279.8777 211.3340 1.4573 1.7468 3.7502 -24.5404 2.6340 51.4646 -5.1395 0.1069
Car -1 -1 -7.7614 812.0651 176.9226 848.8025 207.3540 1.6404 1.6780 3.9726 12.7191 1.8870 41.6264 -7.4674 0.1046
Car -1 -1 -4.3258 8.4392 190.8153 79.1376 222.6039 1.5995 1.6953 4.2111 -32.1881 2.6788 41.1117 -4.9871 0.0903
Car -1 -1 -2.7142 270.1695 180.1825 414.9395 233.8118 1.5214 1.5703 3.7617 -8.0094 1.7504 21.6492 -3.0651 0.0884
Car -1 -1 -4.5484 853.4712 173.7000 889.6495 199.7091 1.6614 1.6759 3.8898 17.5205 1.7202 48.3327 -4.2030 0.0808
Car -1 -1 -6.8618 673.8426 179.9190 750.3639 205.8146 1.4616 1.6982 4.3290 6.1052 1.9022 43.3385 -6.7233 0.0648
