Pedestrian -1 -1 -4.0860 121.6587 163.4894 145.2036 201.2744 1.8679 0.6426 0.7871 -23.8626 1.4047 36.0771 -4.6671 0.0986
Car -1 -1 -3.2629 712.1138 164.3296 788.4404 193.6192 1.5810 1.6174 3.9699 7.6672 1.1206 39.8875 -3.0747 0.0819
Pedestrian -1 -1 -7.7596 986.2155 130.4677 1045.8275 282.2214 1.9273 0.6356 0.8283 5.4004 1.3887 9.6847 -7.2644 0.0780
Pedestrian -1 -1 -7.8490 538.7847 170.2421 549.3152 199.4852 1.8903 0.6784 0.6376 -4.3269 1.7212 46.9884 -7.9408 0.0769
Cyclist -1 -1 -4.5150 775.1112 166.9954 799.9307 214.3999 1.6379 0.5574 1.6442 6.3105 1.4352 25.7938 -4.2782 0.0740
Pedestrian -1 -1 -5.9264 263.8524 166.6161 277.8818 188.2316 1.7862 0.4696 0.9500 -28.1758 1.2704 59.8979 -6.3645 0.0667
Car -1 -1 -2.8150 38.1243 183.1693 178.3822 228.4145 1.4594 1.5875 3.6930 -17.3873 1.8362 25.1132 -3.4158 0.0634
Car -1 -1 -4.4946 274.5903 178.7742 314.7628 201.4114 1.4468 1.6310 4.3052 -21.6314 1.8718 49.5694 -4.9043 0.0611
Car -1 -1 -6.3147 583.8881 175.5847 648.7166 201.3596 1.6038 1.6945 4.0576 0.3410 1.7809 45.9836 -6.3078 0.0602
Cyclist -1 -1 -7.5477 637.5348 173.8430 655.2394 208.7141 1.6761 0.4282 1.5443 1.7590 1.7256 35.5245 -7.4992 0.0584
Cyclist -1 -1 -4.6760 374.8310 160.8400 398.3340 229.5283 2.0241 0.6271 1.6822 -6.8943 1.6697 22.1554 -4.9747 0.0571
Cyclist -1 -1 -7.8768 0.0000 176.2033 16.1694 245.7227 1.6626 0.3931 1.6488 -15.2137 1.7497 18.0794 -8.5692 0.0562
Car -1 -1 -6.1581 116.4232 174.8487 215.8021 205.6211 1.5719 1.6893 4.3646 -23.7551 1.6833 38.7376 -6.7054 0.0533
Car -1 -1 -7.3440 194.2300 178.8989 271.7535 211.6817 1.4879 1.6724 3.9091 -18.4647 1.8013 35.4592 -7.8213 0.0510
Cyclist -1 -1 -2.1609 296.1954 169.4885 367.8990 252.1891 1.8264 0.6425 1.8302 -6.5079 1.7518 16.7247 -2.5272 0.5851
Pedestrian -1 -1 -5.1332 546.0665 170.8174 563.4891 205.4766 1.8440 0.6341 0.8754 -3.0202 1.7353 38.9243 -5.2106 0.5006
Pedestrian -1 -1 -7.4610 908.7215 155.8807 998.3378 322.4742 1.7161 0.5934 0.9370 3.7435 1.5409 7.9695 -7.0370 0.2426
Cyclist -1 -1 -5.9849 265.4716 167.9540 308.4552 203.0972 1.7139 0.7138 1.8088 -15.9882 1.4746 35.6521 -6.4039 0.2215
Pedestrian -1 -1 -3.2962 462.6151 166.8029 482.6921 203.2675 1.9083 0.6506 0.9559 -7.3174 1.5913 38.2269 -3.4845 0.1959
Pedestrian -1 -1 -7.9897 421.8726 172.9675 441.6161 218.2137 1.7035 0.6291 0.8228 -6.8840 1.7076 27.6668 -8.2318 0.1825
Pedestrian -1 -1 -8.1016 981.0906 146.8087 1100.1010 361.2141 1.7584 0.6971 0.8676 3.7347 1.5445 6.4259 -7.5958 0.1446
Pedestrian -1 -1 -2.3842 225.1393 173.2757 256.4028 217.2991 1.7035 0.6322 0.9085 -14.5534 1.7200 28.3597 -2.8548 0.1347
Pedestrian -1 -1 -4.6879 829.3854 151.2227 877.7270 279.3320 1.8724 0.6764 0.8446 3.6776 1.5560 11.0562 -4.3757 0.1330
Pedestrian -1 -1 -3.7901 910.2534 137.8322 922.5547 171.1667 1.7840 0.5388 0.3574 16.5010 -0.0921 38.9522 -3.3920 0.1274
Cyclist -1 -1 -8.0561 460.8811 169.2514 477.8809 204.2120 1.8145 0.5468 1.7443 -7.5227 1.6272 38.3588 -8.2488 0.1260
Cyclist -1 -1 -8.0019 146.2697 175.5889 166.4548 221.7402 1.6131 0.3845 1.6338 -16.4334 1.7143 26.0536 -8.5602 0.1180
Cyclist -1 -1 -4.3422 240.9143 169.6646 265.9495 206.4060 1.7590 0.5204 1.6980 -17.5251 1.6060 35.4116 -4.7990 0.1061
Pedestrian -1 -1 -6.0569 162.9738 165.3090 183.3457 217.9512 1.8975 0.6300 0.5077 -16.0158 1.6252 26.3863 -6.5982 0.1015
Pedestrian -1 -1 -3.2306 278.2626 167.7150 290.6478 207.7543 1.7838 0.5351 0.4633 -14.7029 1.5545 32.4913 -3.6527 0.0898
Pedestrian -1 -1 -5.9659 215.5960 167.0234 236.0972 212.8349 1.8368 0.6741 0.5515 -15.6426 1.6027 29.3078 -6.4526 0.0751
Cyclist -1 -1 -7.5911 232.2021 175.6837 260.4339 218.0267 1.6118 0.5924 1.6098 -14.3563 1.7263 28.4266 -8.0552 0.0665
Pedestrian -1 -1 -6.7503 842.3822 157.9876 930.1101 298.0495 1.7351 0.6351 0.8592 3.4900 1.5506 9.3051 -6.4029 0.0656
Pedestrian -1 -1 -4.1726 905.9530 136.0381 919.3875 169.9949 1.8131 0.5618 0.3623 16.2853 -0.1558 38.9168 -3.7788 0.0655
Cyclist -1 -1 -5.0654 874.6779 135.6440 896.3030 168.2261 1.6891 0.5227 1.6816 14.6441 -0.2526 38.4887 -4.7042 0.0639
Cyclist -1 -1 -8.1138 793.5891 159.4449 852.6018 276.9406 1.8041 0.4995 1.6727 3.4306 1.5979 11.9182 -7.8411 0.0636
Pedestrian -1 -1 -6.1820 307.2910 167.5551 328.1409 204.4130 1.8688 0.6107 0.9340 -15.0242 1.5998 37.0065 -6.5655 0.0635
Pedestrian -1 -1 -6.2289 141.4036 175.4038 162.1886 223.2946 1.6773 0.6706 0.5890 -16.3945 1.7695 25.7534 -6.7913 0.0612
Pedestrian -1 -1 -4.5727 218.2213 167.1383 241.7514 216.4212 1.8893 0.7111 0.7658 -14.8583 1.6699 28.1411 -5.0548 0.0571
Pedestrian -1 -1 -4.2442 910.1296 137.7012 928.6539 172.2559 1.8269 0.6357 0.7671 16.5363 -0.0327 38.6543 -3.8426 0.0562
Pedestrian -1 -1 -6.3589 283.2814 169.6902 302.1889 205.7990 1.7497 0.5916 0.8078 -15.6136 1.5961 35.4147 -6.7716 0.0536
Cyclist -1 -1 -5.0219 870.3705 135.5817 889.1302 168.5088 1.7091 0.4531 1.6420 14.3440 -0.2372 38.5002 -4.6676 0.0521
Car -1 -1 -5.9587 277.4316 182.5203 466.7640 240.2777 1.4545 1.6620 4.5196 -6.3135 1.7244 19.3152 -6.2711 0.9518
Car -1 -1 -6.5018 688.3365 177.7547 895.2810 250.4387 1.4525 1.6436 4.0040 3.7011 1.5624 15.3794 -6.2709 0.9502
Car -1 -1 -2.8553 378.2029 179.1493 489.4617 215.8254 1.4580 1.6503 4.1876 -7.2953 1.7269 29.9279 -3.0928 0.8327
Car -1 -1 -6.5435 663.4678 163.9100 842.9269 236.0975 1.7790 1.7112 4.2827 3.5933 1.5583 18.7952 -6.3583 0.7875
Car -1 -1 -2.9650 416.1444 179.3412 507.5475 209.1826 1.4150 1.5891 4.1820 -7.2613 1.7409 35.4275 -3.1662 0.5626
Car -1 -1 -7.4331 267.9935 173.0801 327.9937 203.3517 1.4809 1.5763 3.3821 -15.9804 1.4927 37.0257 -7.8382 0.1470
Car -1 -1 -6.7280 800.5134 156.7523 1080.6263 277.4875 1.8411 1.6933 3.8592 5.2590 1.5953 11.9249 -6.3226 0.1451
Car -1 -1 -7.0878 944.1506 111.7021 1241.0000 374.0000 1.7932 1.7298 4.1084 4.1825 1.5419 3.8629 -6.3006 0.1322
Car -1 -1 -3.4154 488.7144 179.0927 559.6963 207.2364 1.4544 1.5701 3.5476 -4.7150 1.8061 39.3136 -3.5345 0.1297
Car -1 -1 -7.5235 108.3873 180.3783 187.8431 217.3528 1.4312 1.6158 4.1000 -19.7666 1.7769 30.9987 -8.0874 0.1121
Car -1 -1 -4.9357 320.7195 181.4872 390.3736 223.6331 1.4227 1.6190 4.1241 -9.7799 1.7766 27.4239 -5.2756 0.1080
Car -1 -1 -7.6605 479.7162 168.8390 512.8180 193.1688 1.7594 1.7122 4.0397 -8.5311 1.4687 54.2273 -7.8161 0.0883
Car -1 -1 -3.6302 846.1448 138.4991 929.5508 168.3724 1.5292 1.6309 3.8124 14.6750 -0.2447 38.2956 -3.2667 0.0706
Car -1 -1 -4.4522 508.5326 178.1947 549.4979 202.1581 1.5483 1.7328 4.4542 -5.5837 1.9353 49.9906 -4.5633 0.0612
Car -1 -1 -4.3835 393.5714 179.9314 469.7286 223.5279 1.4526 1.5575 3.8740 -6.5447 1.7336 26.6886 -4.6222 0.0539
Car -1 -1 -7.2277 928.8135 145.8587 1241.0000 354.3844 1.6457 1.6378 3.6522 5.1355 1.4323 7.0703 -6.6197 0.0533
Car -1 -1 -4.6746 924.0410 128.6573 961.9213 160.8976 1.5148 1.6577 4.3405 17.5044 -0.6671 37.9260 -4.2448 0.0507
