Pedestrian -1 -1 -3.6657 750.4980 159.2604 839.4321 301.4322 1.7291 0.4706 0.9862 2.3482 1.4712 8.9594 -3.4162 0.8752
Pedestrian -1 -1 -4.9133 1002.1765 201.8594 1085.0785 369.0000 1.3110 0.4102 0.5140 3.1597 1.4783 5.2158 -4.3931 0.0912
Cyclist -1 -1 -7.8462 495.6032 166.6673 527.4527 265.1732 1.6978 0.5458 1.7433 -1.7693 1.4597 13.0846 -7.9757 0.0864
Pedestrian -1 -1 -6.0680 1181.4146 177.1402 1223.0000 267.4024 1.4833 0.4874 0.5588 10.1462 1.4285 11.9896 -5.3771 0.0862
Cyclist -1 -1 -7.9737 701.0921 166.0659 720.7804 211.5513 1.6852 0.5531 1.5911 4.0044 1.1507 26.9987 -7.8265 0.0634
Pedestrian -1 -1 -6.0772 208.1618 176.7914 230.7999 222.3754 1.6348 0.4939 0.6329 -14.0302 1.5021 25.6837 -6.5702 0.0627
Pedestrian -1 -1 -3.8740 392.9002 163.6183 442.8910 248.3548 1.7549 0.5984 0.8558 -4.0513 1.4056 15.1648 -4.1281 0.0611
Cyclist -1 -1 -6.3318 698.7192 169.7105 771.0389 235.4604 1.6306 0.6843 1.7744 3.2397 1.3634 17.9878 -6.1550 0.0595
Pedestrian -1 -1 -3.8804 1145.2234 158.4339 1192.9097 233.5331 1.9133 0.5699 0.7885 14.5711 1.3514 18.3267 -3.2156 0.0583
Car -1 -1 -4.8470 593.6920 165.3378 639.6863 199.5820 1.4329 1.5297 3.9807 0.4384 0.7987 31.6520 -4.8315 0.0579
Pedestrian -1 -1 -7.6878 664.8033 169.7789 704.5683 263.2895 1.6749 0.6084 0.8371 1.4434 1.4833 13.1496 -7.5794 0.0555
Pedestrian -1 -1 -8.0116 994.5143 158.6728 1028.8501 233.3478 1.8327 0.6635 0.5514 10.1455 1.2974 17.7270 -7.4978 0.0552
Pedestrian -1 -1 -2.2390 277.2905 209.4486 313.8272 288.0879 1.0720 0.2744 0.4206 -4.4373 1.4917 10.0219 -2.6424 0.0530
Pedestrian -1 -1 -4.8923 675.5692 160.1174 705.6402 234.7089 1.8217 0.6002 0.8609 2.0945 1.3242 17.7158 -4.7750 0.0530
Pedestrian -1 -1 -5.1242 686.5873 168.3167 728.8674 255.1399 1.7275 0.5845 0.8021 2.0565 1.4855 14.5331 -4.9850 0.0516
Pedestrian -1 -1 -4.8527 262.7231 166.7405 302.5674 257.7474 1.7022 0.5929 0.8844 -6.3249 1.4452 13.7569 -5.2731 0.0515
Pedestrian -1 -1 -8.0879 837.7670 170.3466 869.7001 234.7549 1.5877 0.6188 0.6548 6.2071 1.3377 17.7854 -7.7560 0.1894
Pedestrian -1 -1 -4.6657 861.0531 190.9083 894.0330 275.1413 1.2885 0.4710 0.5187 4.2813 1.4590 11.2280 -4.3091 0.1471
Pedestrian -1 -1 -4.5939 663.6125 143.7085 676.7657 175.8848 1.7878 0.6550 0.7419 3.6631 -0.2628 39.8418 -4.5009 0.1324
Pedestrian -1 -1 -5.6575 820.7866 185.0883 864.5609 259.1375 1.4108 0.4594 0.6759 4.6314 1.5041 13.9293 -5.3417 0.1168
Cyclist -1 -1 -7.5653 54.8664 168.5686 119.1068 266.8081 1.6715 0.4638 1.6995 -9.4656 1.4688 12.9089 -8.1845 0.1120
Cyclist -1 -1 -5.0022 850.5126 180.6458 915.2822 279.1034 1.4524 0.5064 1.5789 4.3299 1.4553 11.2379 -4.6422 0.1059
Cyclist -1 -1 -7.9785 844.6094 168.3605 874.3632 235.6615 1.6431 0.5276 1.4421 6.4295 1.3470 18.0225 -7.6397 0.1022
Cyclist -1 -1 -6.5172 658.9041 144.0468 690.9640 175.7787 1.7762 0.6422 1.7086 3.9530 -0.2708 40.1400 -6.4177 0.0965
Cyclist -1 -1 -6.7605 820.9636 167.4951 889.6006 235.8489 1.6996 0.6118 1.5380 6.3186 1.3766 17.9932 -6.4266 0.0890
Pedestrian -1 -1 -3.9223 853.8356 161.4896 910.1746 266.8792 1.7243 0.5892 0.6671 4.6362 1.4136 11.9729 -3.5600 0.0889
Pedestrian -1 -1 -8.3001 545.5771 160.6874 580.7211 235.3797 1.8137 0.6175 0.7368 -1.0903 1.3329 17.6406 -8.3590 0.0861
Pedestrian -1 -1 -7.1477 998.9035 169.5177 1051.1034 269.2318 1.6646 0.5048 0.5978 7.1581 1.4816 12.1412 -6.6248 0.0801
Cyclist -1 -1 -6.3639 661.3924 142.0162 693.7043 176.2638 1.8980 0.6926 1.7514 4.0458 -0.2396 39.6404 -6.2609 0.0800
Pedestrian -1 -1 -8.1253 595.8514 160.1685 627.5686 234.8672 1.8186 0.6003 0.7953 0.1191 1.3239 17.6757 -8.1168 0.0733
Pedestrian -1 -1 -4.1358 843.7632 166.5178 891.9154 264.2806 1.6797 0.5647 0.6054 4.6176 1.4398 12.5557 -3.7899 0.0707
Pedestrian -1 -1 -8.0401 999.1645 157.7846 1046.6726 268.4209 1.7936 0.5736 0.6151 6.9401 1.4257 11.8468 -7.5201 0.0700
Pedestrian -1 -1 -8.3946 940.1267 160.3738 995.8112 266.8861 1.7013 0.5681 0.6292 5.9092 1.3802 11.6299 -7.9338 0.0693
Pedestrian -1 -1 -6.5688 1021.8346 160.1342 1071.3491 269.4272 1.7514 0.5604 0.5516 7.2280 1.4254 11.6715 -6.0248 0.0690
Cyclist -1 -1 -4.7044 670.1782 143.2258 679.1277 175.0003 1.7420 0.4897 1.6468 3.9228 -0.3168 39.8999 -4.6051 0.0659
Cyclist -1 -1 -7.3923 77.7840 169.2426 153.1341 263.0057 1.6569 0.4823 1.6212 -9.2318 1.4583 13.3294 -7.9851 0.0639
Cyclist -1 -1 -8.5439 941.5243 170.0756 1010.9666 252.9309 1.6039 0.3803 1.4955 7.5118 1.4025 14.4584 -8.0721 0.0614
Cyclist -1 -1 -8.1768 966.3401 166.9803 1015.7953 250.3602 1.6089 0.4084 1.5179 7.8033 1.3484 14.4254 -7.6885 0.0596
Pedestrian -1 -1 -5.1301 960.9082 162.0596 1015.0097 268.9653 1.6999 0.5564 0.6537 6.2131 1.4071 11.5871 -4.6476 0.0591
Cyclist -1 -1 -8.5063 930.7119 168.2029 1002.5425 253.8411 1.6319 0.4035 1.5780 7.2231 1.3979 14.2859 -8.0455 0.0591
Pedestrian -1 -1 -4.5889 1044.5343 149.7835 1089.8228 266.9550 1.8528 0.5601 0.5893 7.5254 1.3675 11.5861 -4.0236 0.0590
Pedestrian -1 -1 -5.0513 1062.4487 145.6788 1119.0405 263.6972 1.8580 0.5628 0.6681 7.8516 1.3102 11.5241 -4.4643 0.0580
Pedestrian -1 -1 -7.1705 606.9665 164.1243 646.1597 235.6931 1.7599 0.5498 0.8971 0.5090 1.3575 17.9057 -7.1408 0.0566
Pedestrian -1 -1 -5.0516 901.6452 185.5944 943.1173 270.0456 1.3045 0.4505 0.5137 4.9813 1.3878 11.2266 -4.6427 0.0546
Pedestrian -1 -1 -5.1817 882.9507 163.2351 940.2071 268.9177 1.6810 0.5985 0.7177 4.9779 1.4068 11.6262 -4.7853 0.0537
Pedestrian -1 -1 -7.6830 66.6623 169.4879 113.1734 265.7875 1.7082 0.5989 0.5426 -9.4448 1.5132 12.9159 -8.3009 0.0526
Pedestrian -1 -1 -8.2017 748.3456 168.0143 780.8869 234.8780 1.6368 0.5787 0.7271 3.9481 1.3315 17.7066 -7.9844 0.0519
Pedestrian -1 -1 -7.9743 978.3033 156.6348 1023.7751 268.3543 1.7994 0.5805 0.6388 6.5424 1.4154 11.7916 -7.4774 0.0511
Pedestrian -1 -1 -8.6837 954.6512 165.9321 996.4755 249.4900 1.6616 0.5803 0.4920 7.4932 1.3723 14.3923 -8.2110 0.0503
Car -1 -1 -7.9886 660.3740 145.2047 697.2617 174.0299 1.5697 1.6448 3.7745 4.2495 -0.3951 41.2746 -7.8847 0.1430
Car -1 -1 -7.7250 692.5052 143.5135 730.2339 172.4078 1.5191 1.6426 3.9177 6.1196 -0.4872 40.4647 -7.5739 0.0622
