Pedestrian -1 -1 -8.5129 865.4095 164.4188 881.7572 201.6217 2.0070 0.6444 0.5326 14.3084 1.5516 39.2772 -8.1664 0.0954
Cyclist -1 -1 -8.4006 755.5086 165.9567 792.3271 214.7283 1.8343 0.5811 1.7168 6.3076 1.5746 28.0439 -8.1821 0.0786
Pedestrian -1 -1 -5.2214 691.2441 184.3257 716.6042 235.8553 1.3311 0.4589 0.5425 2.4364 1.6403 19.1268 -5.0975 0.0760
Car -1 -1 -4.8204 997.1046 167.8387 1023.9503 187.0919 1.6543 1.6540 3.9823 35.5476 1.2230 64.1516 -4.3165 0.0679
Cyclist -1 -1 -8.0256 902.7833 174.3704 918.0114 209.9793 1.6185 0.3969 1.5027 13.9547 1.6905 33.6380 -7.6359 0.0586
Pedestrian -1 -1 -5.7742 0.0000 162.7051 75.6228 316.6326 1.7828 0.4261 0.7817 -7.0009 1.6649 8.6285 -6.4410 0.0582
Cyclist -1 -1 -1.9597 82.3807 165.9433 115.2036 206.0842 1.8402 0.6256 1.7939 -24.0103 1.5231 33.8234 -2.5734 0.0537
Car -1 -1 -8.3647 566.0597 172.3655 609.1794 193.9695 1.6940 1.6900 4.1574 -1.8900 1.6554 58.7927 -8.3970 0.0537
Car -1 -1 -3.8380 125.8045 177.7937 218.3574 210.7975 1.4904 1.6211 3.6692 -21.2990 1.7447 35.1815 -4.3793 0.0506
Pedestrian -1 -1 -7.1085 735.0372 172.8863 749.8453 198.1020 1.7870 0.7085 0.7697 9.4492 1.7890 51.6488 -6.9290 0.2004
Pedestrian -1 -1 -6.5107 975.9763 166.0416 995.2604 201.1358 1.8580 0.6404 0.7887 20.0547 1.4970 38.6082 -6.0351 0.1842
Cyclist -1 -1 -7.5875 694.4346 169.4693 726.5753 235.4913 1.7248 0.4848 1.5437 2.7014 1.6361 19.6551 -7.4537 0.1380
Pedestrian -1 -1 -4.4519 925.3569 163.9664 950.9057 219.1770 1.8478 0.6585 0.6189 11.1392 1.5501 24.5968 -4.0316 0.1357
Pedestrian -1 -1 -3.4270 261.3245 170.0968 282.5699 210.3946 1.8232 0.6689 0.7253 -15.5669 1.6982 33.1361 -3.8634 0.1356
Pedestrian -1 -1 -5.9429 877.6140 168.1953 896.3794 211.0145 1.7525 0.6270 0.5516 11.4540 1.5615 29.9484 -5.5814 0.1197
Pedestrian -1 -1 -6.1158 736.9011 174.9444 746.2562 197.8826 1.6380 0.7427 0.5494 9.4627 1.7898 52.0481 -5.9374 0.1017
Cyclist -1 -1 -4.9190 686.6820 171.2388 714.8448 234.8651 1.6822 0.4559 1.5298 2.4335 1.6392 19.8588 -4.7997 0.0977
Cyclist -1 -1 -8.2531 670.2642 169.4288 711.0795 233.9167 1.7012 0.5320 1.5927 2.1526 1.6106 19.8739 -8.1476 0.0920
Cyclist -1 -1 -3.1560 900.3271 165.1968 947.1257 209.9404 1.8157 0.7310 1.7615 12.9608 1.5047 29.9533 -2.7516 0.0863
Pedestrian -1 -1 -5.2874 93.1971 170.4553 116.2114 209.6612 1.8086 0.6881 0.5585 -23.6444 1.6976 33.7085 -5.8955 0.0820
Cyclist -1 -1 -8.1571 733.8895 174.9471 744.3821 198.0872 1.6386 0.3070 1.4997 9.2702 1.7914 51.9958 -7.9821 0.0820
Cyclist -1 -1 -7.9550 513.8921 174.6537 520.3179 196.7385 1.5930 0.3210 1.4542 -6.8448 1.7265 52.9101 -8.0834 0.0769
Pedestrian -1 -1 -5.4665 254.8550 170.4863 270.7538 199.4319 1.8055 0.5579 0.7231 -21.8773 1.6575 45.3966 -5.9135 0.0716
Cyclist -1 -1 -2.2578 249.4526 171.2166 287.4211 211.1095 1.7835 0.6518 1.6759 -15.6239 1.7100 32.9123 -2.6982 0.0572
Cyclist -1 -1 -7.8791 517.6705 175.3134 523.0665 196.9261 1.5552 0.3542 1.4658 -6.5967 1.7376 52.8423 -8.0030 0.0565
Cyclist -1 -1 -3.5935 682.3648 173.7089 742.1326 237.0576 1.6539 0.5810 1.4836 2.6911 1.6771 19.3586 -3.4583 0.0544
Car -1 -1 -7.8914 584.4838 173.0610 639.6295 226.6448 1.6009 1.6271 4.3363 -0.0614 1.6081 23.7736 -7.8947 0.9494
Car -1 -1 -4.2257 192.8384 174.0774 259.1153 205.3646 1.6265 1.5397 3.9455 -21.0444 1.6968 39.6389 -4.7112 0.8278
Car -1 -1 -7.4117 258.4011 171.3277 308.5922 198.1571 1.6862 1.6307 3.5253 -21.2982 1.5900 47.1271 -7.8342 0.7529
Car -1 -1 -7.4871 303.1004 171.8124 342.8503 194.2787 1.6447 1.5906 3.6516 -21.7198 1.5681 54.6549 -7.8639 0.7466
Car -1 -1 -6.7868 952.6134 171.3383 1029.7780 200.1658 1.5631 1.5874 3.4397 21.0309 1.4806 39.9557 -6.3057 0.2670
Car -1 -1 -4.6281 628.9307 175.1047 648.3696 191.0483 1.4767 1.5533 3.8519 2.7605 1.6992 69.4037 -4.5888 0.1648
Car -1 -1 -5.1518 906.3191 167.9122 987.4299 208.2253 1.6287 1.6859 3.7943 14.3505 1.4287 31.0565 -4.7229 0.1365
Car -1 -1 -3.2743 960.8130 171.8767 1017.0320 195.1803 1.7001 1.6488 3.5332 28.2840 1.6285 54.0156 -2.7944 0.1176
Car -1 -1 -8.2044 877.5631 165.2614 912.7534 186.3136 1.8589 1.6314 4.2008 25.9429 1.1882 65.8298 -7.8307 0.1090
Car -1 -1 -5.0948 983.2488 165.2791 1023.1172 184.1236 1.6348 1.6677 4.2448 35.2258 0.9773 64.7968 -4.5990 0.1085
Car -1 -1 -4.9172 284.9873 167.8440 318.3879 191.1748 1.7872 1.6719 3.9661 -24.5708 1.4031 57.3768 -5.3203 0.1053
Car -1 -1 -4.2833 472.6332 175.3289 515.7817 196.9523 1.5217 1.6062 4.0746 -8.5554 1.7122 53.4532 -4.4416 0.0890
Car -1 -1 -4.8064 515.7036 172.7455 544.7261 196.6258 1.6779 1.7160 4.2883 -5.9259 1.6700 52.9710 -4.9176 0.0811
Car -1 -1 -7.8436 726.3401 173.0748 749.9003 197.0670 1.6987 1.6484 3.8147 9.4213 1.7153 53.1507 -7.6695 0.0762
Car -1 -1 -7.3609 257.8924 176.2144 329.3044 209.3129 1.4904 1.6331 3.5969 -15.1840 1.6605 34.7275 -7.7706 0.0714
Car -1 -1 -4.9554 648.9210 172.8611 676.4339 189.5573 1.5551 1.6718 4.1964 5.0115 1.5555 69.4180 -4.8839 0.0562
