Pedestrian -1 -1 -3.5279 525.3353 173.8775 534.9052 197.2020 1.8273 0.5043 0.6048 -6.3298 1.9082 56.9235 -3.6385 0.1791
Pedestrian -1 -1 -4.4530 247.4230 188.2216 273.5199 241.6413 1.5461 0.5504 0.6461 -10.4403 2.0108 21.4647 -4.9012 0.1385
Pedestrian -1 -1 -5.7004 377.0497 176.3128 392.6742 203.2731 1.8100 0.7172 0.7407 -15.3202 2.0468 49.0042 -6.0022 0.0860
Cyclist -1 -1 -6.7764 490.7727 176.3304 522.4600 209.3828 1.8007 0.6691 1.6258 -5.7957 1.9978 40.2199 -6.9191 0.0697
Pedestrian -1 -1 -2.1049 0.0000 172.3878 22.7063 247.6848 2.0409 0.5818 0.6698 -16.8274 2.0280 19.9434 -2.7993 0.0608
Cyclist -1 -1 -3.7146 321.4683 178.0494 389.0289 253.9577 1.7703 0.5312 1.5158 -6.2778 1.9029 17.6930 -4.0514 0.0602
Pedestrian -1 -1 -5.5324 1104.9777 210.0728 1179.5940 330.2023 1.2141 0.3927 0.5154 5.6612 1.6295 7.7666 -4.9213 0.0596
Car -1 -1 -7.7633 537.6335 176.3153 558.4166 192.7274 1.5014 1.6047 4.2505 -5.9192 1.8425 69.0362 -7.8488 0.0570
Car -1 -1 -7.8373 358.2449 168.1096 378.8114 188.6512 1.8113 1.7099 3.9803 -22.0052 1.3927 65.7794 -8.1591 0.0554
Pedestrian -1 -1 -6.2834 401.2079 173.7882 409.9509 197.3056 1.7781 0.6314 0.6375 -15.6037 1.8495 54.9767 -6.5590 0.0544
Cyclist -1 -1 -7.2397 252.6412 181.5038 294.5279 227.7633 1.6655 0.5170 1.7483 -12.7146 2.0024 27.2230 -7.6733 0.0530
Pedestrian -1 -1 -4.4629 0.0000 176.4306 34.7294 267.1138 1.7996 0.5717 0.7868 -12.3528 1.8752 14.8336 -5.1486 0.0517
Cyclist -1 -1 -4.3808 392.1388 180.9012 415.6749 221.4672 1.6655 0.5129 1.4640 -8.7906 2.0155 30.6649 -4.6582 0.0505
Cyclist -1 -1 -6.3864 302.3221 179.0930 356.4931 225.2106 1.7124 0.7844 1.8737 -10.8441 1.9589 27.7765 -6.7558 0.2822
Pedestrian -1 -1 -7.8716 689.0507 172.1096 700.8502 202.6376 1.7976 0.6827 0.6525 5.0055 1.7535 42.8452 -7.7565 0.2464
Pedestrian -1 -1 -4.3194 330.2190 200.9032 354.8867 253.9066 1.2427 0.4197 0.4427 -6.4935 1.9273 17.3895 -4.6724 0.1827
Pedestrian -1 -1 -3.1653 914.7850 152.4260 973.0353 272.6963 1.8789 0.5974 0.8346 5.3457 1.5595 11.7084 -2.7473 0.1233
Pedestrian -1 -1 -2.0061 134.8342 208.0925 177.9986 306.4273 1.3328 0.3756 0.4277 -6.4984 1.8465 10.2503 -2.5599 0.1098
Pedestrian -1 -1 -4.7728 335.4455 190.6521 358.7964 251.9575 1.4131 0.4905 0.5607 -6.3179 1.8456 17.1921 -5.1205 0.0998
Pedestrian -1 -1 -2.3510 284.2798 185.2550 319.4501 261.6991 1.5577 0.4528 0.5055 -6.5017 1.8222 15.1070 -2.7516 0.0833
Pedestrian -1 -1 -3.8859 222.6323 204.5820 254.6294 277.4000 1.2283 0.3767 0.3279 -6.5278 1.7908 12.5809 -4.3564 0.0807
Cyclist -1 -1 -4.2100 202.6686 182.5641 280.9557 285.1130 1.6763 0.5049 1.6289 -6.5291 1.8590 12.7741 -4.6746 0.0799
Cyclist -1 -1 -8.0913 646.2884 175.4036 660.4114 205.1224 1.6816 0.4426 1.6284 2.4680 1.8321 41.8131 -8.0333 0.0791
Cyclist -1 -1 -7.0250 327.6215 180.6915 389.7110 254.4915 1.7411 0.4913 1.5302 -6.2905 1.9447 17.9806 -7.3576 0.0787
Pedestrian -1 -1 -3.6286 1174.6333 132.6872 1241.0000 364.4817 1.8780 0.6412 0.6322 5.3526 1.5523 6.2227 -2.9421 0.0785
Pedestrian -1 -1 -3.8965 0.0000 225.8880 39.9632 345.2180 1.2162 0.3514 0.4113 -6.5499 1.8046 7.7826 -4.5795 0.0784
Pedestrian -1 -1 -8.2744 321.3165 177.3313 346.4261 225.4499 1.8258 0.6977 0.6662 -10.7413 2.0020 27.9503 -8.6386 0.0775
Cyclist -1 -1 -7.2785 81.1923 190.8286 201.3350 319.2441 1.5846 0.5154 1.7524 -6.4987 1.8561 10.0292 -7.8418 0.0731
Pedestrian -1 -1 -4.4154 215.1727 201.3689 248.1128 281.1393 1.3277 0.4174 0.3412 -6.5322 1.8241 12.3618 -4.8932 0.0689
Cyclist -1 -1 -4.0924 250.9266 181.9973 292.1145 229.1407 1.6865 0.5067 1.6909 -12.7036 2.0399 27.0308 -4.5283 0.0685
Pedestrian -1 -1 -4.0828 139.8993 211.7719 186.3300 303.4489 1.2346 0.3789 0.4201 -6.3255 1.7930 10.1329 -4.6295 0.0577
Pedestrian -1 -1 -4.3226 291.4933 201.3778 322.2677 266.1655 1.3022 0.4516 0.4436 -6.3172 1.9007 14.9222 -4.7173 0.0576
Cyclist -1 -1 -7.0949 490.6801 177.3532 519.1086 209.9789 1.7733 0.6353 1.6139 -5.8976 2.0295 40.2929 -7.2398 0.0573
Pedestrian -1 -1 -7.6960 363.8859 178.7879 383.2820 224.6691 1.7580 0.6357 0.5655 -9.2349 1.9912 28.0608 -8.0116 0.0564
Cyclist -1 -1 -4.4282 393.2971 179.0184 416.6195 220.3051 1.7093 0.5487 1.5449 -8.8055 1.9794 30.8779 -4.7042 0.0534
Cyclist -1 -1 -7.8664 490.8028 180.3936 498.5437 210.2353 1.6284 0.4087 1.6032 -6.5329 2.0611 40.6135 -8.0254 0.0531
Car -1 -1 -8.0796 718.1351 171.2632 883.5533 296.9099 1.6849 1.6523 3.8490 2.7930 1.6633 11.6032 -7.8503 0.9783
Car -1 -1 -7.9862 670.4355 184.6963 734.9492 232.2160 1.3439 1.5477 3.7698 2.8543 1.7562 23.2448 -7.8664 0.9331
Car -1 -1 -7.7731 602.2273 178.1453 629.3745 200.2771 1.5174 1.6783 3.7004 0.4235 1.9147 52.3030 -7.7656 0.6771
Car -1 -1 -8.6979 0.0000 0.0000 1241.0000 374.0000 1.4898 1.6095 3.8150 2.7596 1.6251 1.7190 -7.7592 0.6190
Car -1 -1 -7.9164 666.1185 180.0015 713.3706 221.4857 1.4737 1.5753 3.9975 3.0232 1.7744 28.3615 -7.8120 0.6072
Car -1 -1 -7.9494 645.7326 176.9632 678.3384 204.4664 1.5447 1.5718 3.7956 3.0238 1.8003 43.0149 -7.8802 0.3893
Car -1 -1 -8.3924 1110.9836 135.2420 1241.0000 374.0000 1.7985 1.6512 3.8791 6.1749 1.5762 6.3283 -7.6430 0.3588
Car -1 -1 -7.9229 659.1658 179.1913 693.5012 208.7608 1.4625 1.5541 3.6394 3.4394 1.8148 38.3081 -7.8346 0.3380
Car -1 -1 -7.2873 222.1478 187.3223 311.4831 228.6810 1.4326 1.5235 3.4325 -13.2878 2.0309 28.0515 -7.7263 0.1682
Car -1 -1 -8.2591 664.6410 175.4851 712.5818 203.2151 1.6142 1.5345 3.8440 4.7551 1.7836 44.4572 -8.1537 0.1542
Car -1 -1 -4.6952 301.6255 183.9633 344.9068 225.9585 1.5228 1.5324 3.6496 -11.5972 2.0023 29.1877 -5.0707 0.1044
Car -1 -1 -4.4576 487.5857 179.9155 527.0397 207.9949 1.6046 1.5606 3.4472 -6.2443 2.0519 43.9393 -4.5984 0.0844
Car -1 -1 -4.3024 500.9192 177.9099 541.9756 202.3567 1.6410 1.5707 3.6451 -6.2736 2.0134 51.2199 -4.4241 0.0808
Car -1 -1 -2.7902 425.8727 182.3101 503.0222 210.7593 1.5132 1.6304 3.8921 -8.1226 2.0544 40.2142 -2.9887 0.0773
Car -1 -1 -7.9661 639.3223 175.6573 666.7313 198.1510 1.6769 1.6663 4.2575 3.3021 1.9045 56.5011 -7.9085 0.0751
Car -1 -1 -4.6720 619.8683 176.6546 647.8898 202.7612 1.5673 1.6247 4.2726 1.5334 1.8216 46.1446 -4.6394 0.0624
Car -1 -1 -4.6851 647.3388 177.2596 673.5228 202.2942 1.5741 1.6410 3.9190 3.3638 1.8799 48.1107 -4.6162 0.0529
