Pedestrian -1 -1 -2.5793 550.3660 179.7757 571.3204 217.1267 1.7440 0.6722 0.7529 -2.3791 2.0777 34.3411 -2.6486 0.5374
Cyclist -1 -1 -4.7742 565.0304 184.6499 578.1239 223.6208 1.5657 0.4553 1.4410 -1.6571 2.0709 30.1792 -4.8293 0.2818
Pedestrian -1 -1 -3.3280 404.2150 170.7617 420.9026 220.1590 1.9331 0.5734 0.5414 -7.8760 1.8510 28.6133 -3.5947 0.1655
Pedestrian -1 -1 -8.1763 442.1240 178.5597 453.7102 206.3438 1.8215 0.5629 0.6845 -10.7991 2.2036 47.9221 -8.3971 0.1650
Car -1 -1 -6.3258 174.3104 184.1466 303.5672 229.4758 1.5883 1.6788 4.3448 -14.3736 2.0540 27.9762 -6.7969 0.1641
Pedestrian -1 -1 -8.3304 705.3182 172.3094 731.2977 222.4012 1.8948 0.6899 0.8166 4.1215 1.8739 27.7912 -8.1854 0.1530
Pedestrian -1 -1 -7.5906 679.4562 184.0784 701.7168 225.1953 1.5649 0.6979 0.7395 3.1068 2.0104 28.1892 -7.4827 0.1488
Pedestrian -1 -1 -8.1783 536.6583 185.0645 549.9195 215.2436 1.5753 0.5491 0.5664 -3.5843 2.2300 38.3333 -8.2715 0.1356
Cyclist -1 -1 -7.5892 602.2776 181.4515 632.8643 241.5856 1.6685 0.4799 1.6727 0.1883 1.9305 21.1393 -7.5814 0.1345
Car -1 -1 -4.9478 487.4928 184.4116 516.0947 202.9859 1.4404 1.5564 3.6472 -9.1114 2.4394 60.4031 -5.0973 0.0939
Pedestrian -1 -1 -7.2762 529.4519 183.7469 543.2128 212.5304 1.6651 0.5965 0.5591 -4.3659 2.3110 42.4174 -7.3787 0.0902
Pedestrian -1 -1 -7.0816 654.5246 174.5834 672.3469 211.7983 1.9304 0.6851 0.6359 2.7701 2.0221 37.9379 -7.0099 0.0896
Car -1 -1 -7.9118 1081.6849 162.8275 1169.0715 225.0625 1.4913 1.6356 3.8560 13.6532 1.2507 19.3609 -7.3050 0.0814
Pedestrian -1 -1 -4.9756 671.8012 207.6148 695.9456 278.7709 1.1603 0.3228 0.3489 1.1877 1.7554 12.1593 -4.8819 0.0774
Car -1 -1 -8.5119 654.5819 182.1231 775.7217 239.3202 1.5407 1.5980 3.9333 3.0800 1.8528 22.2198 -8.3768 0.0647
Pedestrian -1 -1 -5.8330 112.5979 142.4943 212.9380 301.3457 1.9825 0.6087 0.9325 -5.8292 1.6033 9.3523 -6.3781 0.0619
Pedestrian -1 -1 -4.4148 52.9075 114.3600 175.0760 352.1977 2.0166 0.6535 1.0125 -4.6121 1.5203 6.6959 -4.9999 0.0590
Pedestrian -1 -1 -5.8208 582.0334 173.6938 589.1649 202.1238 2.0799 0.4938 0.3404 -1.8247 2.1417 53.0993 -5.8555 0.0555
Pedestrian -1 -1 -3.8955 1073.1115 147.5716 1099.8357 211.4194 1.9313 0.5458 0.4243 14.5619 1.1662 22.1317 -3.3199 0.0549
Pedestrian -1 -1 -4.6892 659.2733 187.2465 670.5030 220.4278 1.4387 0.4830 0.5868 2.3841 2.0805 31.8739 -4.6159 0.0529
Pedestrian -1 -1 -6.4497 400.6053 172.0977 417.4767 221.8684 1.9026 0.5877 0.5399 -7.8348 1.8733 27.9624 -6.7210 0.0519
Car -1 -1 -5.0411 503.2299 180.6910 550.9064 209.0123 1.6105 1.6364 4.2368 -5.2067 2.1186 44.5473 -5.1572 0.0505
Pedestrian -1 -1 -4.2864 212.6120 159.6041 324.9862 350.6493 1.7902 0.6987 0.9064 -3.4346 1.6657 7.2160 -4.7174 0.7945
Pedestrian -1 -1 -4.4403 362.9907 172.1377 426.5325 297.1450 1.7195 0.6573 0.8979 -3.1319 1.7093 10.3787 -4.7274 0.7605
Pedestrian -1 -1 -7.9782 431.4252 181.4053 467.4494 256.3255 1.5949 0.6826 0.8072 -3.6124 1.7897 15.9684 -8.1980 0.6948
Pedestrian -1 -1 -6.4316 305.1888 172.8030 367.0641 297.2863 1.7229 0.5999 0.7573 -4.0190 1.7219 10.4325 -6.7916 0.5425
Pedestrian -1 -1 -4.7754 728.5449 168.0368 762.2485 255.4946 1.8550 0.6587 0.9643 2.9042 1.7525 15.8206 -4.5982 0.5119
Cyclist -1 -1 -8.6072 759.7886 176.7864 827.9235 250.5955 1.7136 0.5487 1.7771 4.4433 1.8150 17.7574 -8.3669 0.4219
Pedestrian -1 -1 -4.9000 749.8573 167.3229 792.8929 255.1584 1.8612 0.7290 1.0512 3.4705 1.7437 15.8230 -4.6890 0.3914
Cyclist -1 -1 -5.8691 414.8877 180.9631 466.6293 224.1013 1.6960 0.8128 1.8663 -6.8742 2.0298 29.1530 -6.0991 0.3760
Pedestrian -1 -1 -4.9068 400.1322 175.7279 438.8523 266.4730 1.7134 0.6205 0.6263 -3.7718 1.7708 14.0676 -5.1649 0.3485
Pedestrian -1 -1 -3.4120 352.6476 166.9383 396.6364 248.2678 1.9505 0.6196 0.8999 -5.8615 1.8084 17.8115 -3.7261 0.3306
Pedestrian -1 -1 -5.3089 416.1769 178.8338 439.7632 222.7777 1.7471 0.6053 0.7615 -7.4354 1.9935 29.2954 -5.5558 0.2645
Pedestrian -1 -1 -7.5829 430.3645 181.2747 451.3612 223.6651 1.6752 0.6524 0.7264 -6.8467 2.0182 29.0400 -7.8129 0.2179
Pedestrian -1 -1 -7.8906 712.0276 166.7726 733.7109 225.4962 1.9605 0.7003 0.6139 3.7696 1.7571 24.4329 -7.7401 0.2092
Pedestrian -1 -1 -4.6135 349.9958 168.2475 388.0191 267.2119 1.8387 0.6130 0.8362 -4.6774 1.7528 13.8809 -4.9335 0.2006
Pedestrian -1 -1 -5.6472 396.9330 174.6520 410.7782 224.8432 1.8182 0.4314 0.2873 -7.5893 1.8843 26.4078 -5.9249 0.1800
Pedestrian -1 -1 -5.3751 148.9732 185.2158 194.2162 302.8879 1.6118 0.4153 0.3564 -6.2465 1.7906 10.1953 -5.9136 0.1663
Pedestrian -1 -1 -7.8570 731.2135 165.9010 751.3195 222.7022 1.8986 0.6627 0.6399 4.4047 1.6659 24.4902 -7.6818 0.1481
Cyclist -1 -1 -4.5733 339.3123 186.4973 380.2313 284.1014 1.5131 0.4400 1.5437 -4.2659 1.7587 12.2085 -4.9035 0.1433
Pedestrian -1 -1 -7.5301 268.7137 178.6789 322.1513 294.7694 1.6393 0.5171 0.7146 -4.6647 1.7276 10.6039 -7.9360 0.1268
Cyclist -1 -1 -8.2337 566.9880 182.0027 578.7040 205.3400 1.6260 0.3182 1.4538 -2.6909 2.2888 51.5687 -8.2860 0.1192
Pedestrian -1 -1 -6.3691 480.4811 180.3562 494.1400 208.1537 1.8127 0.6046 0.8404 -8.1397 2.3121 47.6648 -6.5378 0.1175
Cyclist -1 -1 -4.1708 391.4710 179.4835 429.7075 231.0762 1.6813 0.5123 1.5807 -6.8155 1.9142 24.5564 -4.4393 0.1150
Pedestrian -1 -1 -5.2697 929.1201 168.9631 973.5797 253.1284 1.8331 0.5342 0.8353 7.5823 1.7480 16.1627 -4.8389 0.1041
Cyclist -1 -1 -7.9318 749.2297 178.5758 765.1159 236.5742 1.6574 0.3376 1.5219 4.3376 1.8341 21.5479 -7.7366 0.0971
Pedestrian -1 -1 -5.1747 154.2989 179.1270 210.9075 301.5951 1.6387 0.5041 0.5122 -6.0016 1.7288 10.0420 -5.7022 0.0951
Pedestrian -1 -1 -5.1307 851.1637 178.4016 886.3781 250.6486 1.5742 0.5084 0.6700 5.7252 1.7006 16.1310 -4.7963 0.0927
Pedestrian -1 -1 -3.3539 771.3549 165.0299 805.3724 231.4729 1.9804 0.6635 0.8765 5.3439 1.7469 21.8481 -3.1179 0.0890
Pedestrian -1 -1 -5.6852 332.4434 161.1282 384.1069 257.8342 1.9747 0.5467 0.8639 -5.3191 1.7350 15.1103 -6.0188 0.0865
Pedestrian -1 -1 -5.9131 370.2841 165.3065 409.5158 239.9633 1.9656 0.6171 0.8392 -5.9411 1.7665 19.3358 -6.2080 0.0853
Pedestrian -1 -1 -6.0178 185.0267 160.3635 286.1548 317.0160 1.8616 0.5521 1.0013 -4.6730 1.7129 8.9465 -6.4877 0.0844
Pedestrian -1 -1 -4.2279 340.4291 192.0452 380.7231 278.3609 1.4171 0.5068 0.4196 -4.2679 1.7479 12.2016 -4.5585 0.0843
Pedestrian -1 -1 -2.1990 374.5745 164.9412 417.1397 246.0922 1.9412 0.6613 0.7996 -5.3232 1.7516 17.7652 -2.4867 0.0814
Pedestrian -1 -1 -6.4417 770.2482 179.4751 817.0446 248.9368 1.6919 0.6420 1.0392 4.5201 1.8601 18.0065 -6.2006 0.0772
Pedestrian -1 -1 -5.8221 127.3021 149.4258 224.4648 304.3382 1.9360 0.5618 0.9225 -5.6491 1.6429 9.3304 -6.3544 0.0751
Cyclist -1 -1 -5.0425 838.2967 175.9775 885.4243 255.7223 1.7064 0.4912 1.6222 5.6166 1.7803 16.3160 -4.7174 0.0749
Pedestrian -1 -1 -4.9997 343.1602 195.9319 371.7691 278.4429 1.3330 0.3864 0.2797 -4.2582 1.7241 12.0096 -5.3343 0.0725
Pedestrian -1 -1 -4.5119 175.8677 183.5181 196.7784 226.3627 1.5485 0.5653 0.5524 -15.6629 1.9466 26.6050 -5.0399 0.0722
Cyclist -1 -1 -3.0625 343.2397 166.3410 443.3172 264.6575 1.8340 0.5061 1.8110 -4.1972 1.7122 13.8957 -3.3514 0.0691
Pedestrian -1 -1 -1.9812 124.1485 184.0843 182.3726 302.5399 1.5777 0.4875 0.6047 -6.4184 1.7396 10.0529 -2.5378 0.0689
Cyclist -1 -1 -3.6669 838.5208 176.0381 926.2903 253.8453 1.6865 0.6550 1.7486 6.0356 1.7596 16.1529 -3.3161 0.0684
Cyclist -1 -1 -7.8754 164.8622 171.9069 181.7157 221.9925 1.8247 0.5083 1.8604 -16.5211 1.7898 27.2084 -8.4169 0.0662
Pedestrian -1 -1 -7.1897 365.5240 161.2226 407.7313 254.2756 1.9782 0.6381 0.6117 -4.9199 1.7306 15.7386 -7.4886 0.0649
Cyclist -1 -1 -7.7782 489.7699 180.9793 497.1523 206.5247 1.6653 0.3680 1.6248 -7.8434 2.2191 48.3855 -7.9385 0.0644
Pedestrian -1 -1 -8.3257 605.3175 180.2806 622.2738 211.0770 1.7254 0.7302 0.6941 0.1776 2.1533 41.1283 -8.3220 0.0635
Cyclist -1 -1 -5.7972 94.3902 174.4745 246.4041 298.5332 1.6558 0.7143 1.6678 -6.1308 1.6789 10.0398 -6.3341 0.0631
Cyclist -1 -1 -7.3456 163.1348 177.4220 285.3947 332.8087 1.6797 0.5264 1.6970 -4.6401 1.7400 8.7063 -7.8234 0.0621
Pedestrian -1 -1 -6.4571 949.5960 169.9324 994.0722 256.7543 1.8127 0.5267 0.7654 7.6703 1.7514 15.4228 -6.0040 0.0619
Pedestrian -1 -1 -7.6916 491.5461 179.5138 501.7863 206.5112 1.7824 0.5710 0.6940 -7.5944 2.2298 48.1565 -7.8476 0.0618
Pedestrian -1 -1 -3.5867 568.8297 179.1816 581.5509 204.8384 1.7988 0.5221 0.7496 -2.5012 2.2510 51.1947 -3.6358 0.0601
Pedestrian -1 -1 -7.8377 827.9208 169.5471 854.4180 251.0923 1.8428 0.5733 0.7615 5.3179 1.7678 16.7569 -7.5364 0.0598
Pedestrian -1 -1 -5.0683 747.3605 165.1495 778.0411 230.6593 1.9715 0.6083 1.0071 4.6525 1.7394 22.2589 -4.8657 0.0586
Pedestrian -1 -1 -3.1406 746.1315 176.8456 768.5508 235.3806 1.6880 0.5583 0.6367 4.2751 1.8068 21.1889 -2.9451 0.0576
Cyclist -1 -1 -7.2492 406.6639 180.0381 447.3437 232.7725 1.7257 0.4893 1.6672 -6.2956 1.9801 24.7145 -7.4967 0.0551
Cyclist -1 -1 -5.9162 308.8757 179.2889 417.3908 280.1921 1.6632 0.5855 1.6445 -4.2300 1.7751 12.2604 -6.2426 0.0547
Pedestrian -1 -1 -4.0844 322.7323 168.7903 391.3504 294.0944 1.7194 0.5259 0.8609 -3.6822 1.6634 10.3893 -4.4179 0.0545
Pedestrian -1 -1 -5.5389 188.4864 167.3138 255.9369 297.2547 1.7899 0.6074 0.5945 -5.5860 1.7133 10.3085 -6.0253 0.0541
Pedestrian -1 -1 -3.1502 974.1761 175.1685 999.9638 253.7239 1.6270 0.4223 0.4745 7.9148 1.6766 15.2564 -2.6803 0.0538
Cyclist -1 -1 -8.0063 603.2115 181.8068 614.3875 211.7910 1.6179 0.3922 1.5249 -0.1101 2.1260 40.1852 -8.0097 0.0500
Car -1 -1 -7.7955 132.8293 177.4103 192.5036 222.8054 1.5885 1.7133 3.8364 -17.1722 1.7768 27.7652 -8.3453 0.4601
Car -1 -1 -7.9471 577.1786 182.3278 606.5178 207.3061 1.5605 1.6434 3.3980 -1.2780 2.2167 48.2165 -7.9740 0.3389
Car -1 -1 -8.0926 588.3947 182.7576 626.9691 210.1568 1.5017 1.5171 3.3834 -0.2122 2.1124 42.6906 -8.0981 0.2159
Car -1 -1 -8.0584 468.2175 180.8661 503.3642 206.0914 1.6087 1.6241 3.8282 -8.5744 2.1802 49.4138 -8.2297 0.1193
Car -1 -1 -4.5035 396.3363 186.9643 441.6222 216.0360 1.4003 1.5540 3.9867 -10.2342 2.1975 38.7524 -4.7604 0.0690
Car -1 -1 -4.6363 516.8293 180.8902 546.9418 207.8551 1.6928 1.7005 4.3483 -5.2704 2.2606 48.8077 -4.7437 0.0680
Car -1 -1 -2.3365 98.0945 190.6162 367.2628 295.4653 1.4582 1.5546 4.0762 -6.2646 1.7852 11.9019 -2.8124 0.0507
