Pedestrian -1 -1 -3.2552 376.1795 155.6180 460.3120 304.9090 1.8049 0.6170 0.9750 -2.4399 1.5045 9.0111 -3.5090 0.8854
Cyclist -1 -1 -4.1642 39.5301 162.9149 132.0072 268.5531 1.8009 0.5504 1.6839 -9.4746 1.5015 12.9130 -4.7838 0.1542
Pedestrian -1 -1 -8.1332 838.4937 168.9341 870.1597 233.2017 1.5872 0.6033 0.6083 6.2215 1.3019 17.7815 -7.8005 0.1316
Cyclist -1 -1 -7.8547 509.8863 162.5276 545.2620 264.2665 1.7450 0.6049 1.7879 -1.4769 1.4371 13.0485 -7.9629 0.1027
Pedestrian -1 -1 -4.6431 1182.3109 171.9488 1223.0000 267.7383 1.5693 0.5460 0.6340 10.1316 1.4296 12.0011 -3.9534 0.0774
Pedestrian -1 -1 -8.1963 776.5391 166.4811 807.6213 233.2386 1.6394 0.5672 0.6418 4.6372 1.2954 17.7079 -7.9428 0.0729
Pedestrian -1 -1 -4.7868 283.6082 201.0236 308.9977 286.0405 1.1556 0.2996 0.4654 -4.4285 1.4548 10.0191 -5.1895 0.0721
Pedestrian -1 -1 -5.2315 979.4941 207.0087 1081.4540 369.0000 1.2931 0.4084 0.5956 3.1410 1.5054 5.3510 -4.7242 0.0719
Pedestrian -1 -1 -7.5776 22.6416 170.6536 72.3856 258.4434 1.7274 0.5992 0.7796 -11.3716 1.5340 14.3851 -8.2341 0.0661
Cyclist -1 -1 -7.2980 1165.2247 163.9346 1223.0000 233.8123 1.7632 0.6286 1.5849 15.4188 1.3456 18.3912 -6.6072 0.0633
Car -1 -1 -4.8343 594.0775 165.9989 639.2253 200.3811 1.4390 1.5388 3.9913 0.4374 0.8323 31.6578 -4.8188 0.0565
Pedestrian -1 -1 -3.0414 667.0980 155.8706 703.7397 229.6264 1.8656 0.5425 0.8909 2.0383 1.2429 18.2426 -2.9302 0.0558
Pedestrian -1 -1 -8.1084 458.5573 174.0594 495.9810 252.7928 1.6241 0.6053 0.7947 -2.7742 1.4916 15.0725 -8.2850 0.0511
Pedestrian -1 -1 -4.7308 861.4818 188.3179 892.0893 273.0472 1.3005 0.4374 0.5150 4.2581 1.4285 11.2255 -4.3758 0.1351
Pedestrian -1 -1 -7.1436 665.3509 146.3290 683.2076 178.1984 1.7699 0.6921 0.7309 3.8910 -0.1312 39.8425 -7.0449 0.1177
Pedestrian -1 -1 -4.2245 855.9734 159.5283 910.3826 265.9462 1.7323 0.5939 0.7176 4.6605 1.3913 11.9695 -3.8603 0.1140
Cyclist -1 -1 -4.8905 854.5635 178.4274 909.8391 278.9543 1.4768 0.5178 1.6047 4.3173 1.4468 11.2231 -4.5310 0.1126
Pedestrian -1 -1 -9.1115 1020.6480 156.0874 1076.0818 269.8279 1.8063 0.5573 0.6377 7.2545 1.4190 11.6517 -8.5651 0.1007
Pedestrian -1 -1 -6.2150 1131.6702 144.7549 1196.7321 265.1876 1.8893 0.5917 0.8051 9.1070 1.3289 11.5802 -5.5603 0.0951
Cyclist -1 -1 -6.3526 659.3842 143.7579 691.6869 177.1407 1.8502 0.6886 1.7577 3.9320 -0.1899 39.6325 -6.2524 0.0898
Pedestrian -1 -1 -5.6774 643.5835 167.9137 698.2210 260.3401 1.6499 0.6372 0.7868 1.1748 1.4256 13.1185 -5.5885 0.0841
Pedestrian -1 -1 -8.3137 545.6990 160.1110 581.2672 234.7609 1.8121 0.6155 0.7528 -1.0821 1.3175 17.6427 -8.3721 0.0798
Cyclist -1 -1 -6.4785 657.6544 146.1001 689.6802 177.2318 1.7462 0.6457 1.7171 3.8813 -0.1873 40.1497 -6.3808 0.0779
Pedestrian -1 -1 -8.2044 596.2542 160.8278 629.5562 234.2592 1.7855 0.5914 0.8023 0.1492 1.3075 17.6688 -8.1943 0.0776
Pedestrian -1 -1 -8.9927 952.9503 158.1339 1011.3839 267.2143 1.7517 0.5933 0.6777 6.2438 1.3929 11.8039 -8.5155 0.0715
Pedestrian -1 -1 -3.8088 743.2570 165.8158 795.9559 253.5842 1.7262 0.5623 0.8838 3.2924 1.4378 14.3504 -3.5864 0.0711
Pedestrian -1 -1 -3.0058 821.4293 179.7121 856.7278 254.1241 1.4452 0.4486 0.6146 4.6124 1.4302 14.0671 -2.6939 0.0699
Pedestrian -1 -1 -8.2302 945.5027 162.5006 997.4241 267.1695 1.6706 0.5576 0.6354 5.9636 1.3837 11.6260 -7.7656 0.0689
Pedestrian -1 -1 -5.6915 819.5668 158.8958 879.4606 263.9054 1.7909 0.6573 0.7713 4.2921 1.4228 12.5642 -5.3683 0.0637
Pedestrian -1 -1 -5.8794 803.0573 156.5623 862.4706 262.0905 1.7844 0.6403 0.8131 3.9653 1.3800 12.4629 -5.5769 0.0625
Pedestrian -1 -1 -6.9778 605.0088 162.3207 646.4076 234.2976 1.7705 0.5541 0.9015 0.4842 1.3237 17.8889 -6.9495 0.0620
Pedestrian -1 -1 -5.1444 1080.2886 148.2260 1140.1644 264.4580 1.8400 0.5526 0.6913 8.2093 1.3295 11.5812 -4.5390 0.0585
Pedestrian -1 -1 -7.2456 998.1496 167.3502 1048.4375 267.5173 1.6760 0.4951 0.5983 7.1546 1.4564 12.1820 -6.7243 0.0575
Cyclist -1 -1 -4.7328 664.2850 144.4587 675.3264 175.3143 1.6921 0.5851 1.7617 3.6444 -0.2997 39.9770 -4.6405 0.0571
Pedestrian -1 -1 -2.5809 551.8738 162.1729 595.0992 234.5939 1.7835 0.5331 0.9547 -0.8385 1.3325 17.8795 -2.6252 0.0561
Pedestrian -1 -1 -4.7183 776.6159 158.2224 815.6600 262.8810 1.7690 0.6411 0.8771 3.3089 1.3928 12.4547 -4.4632 0.0557
Pedestrian -1 -1 -5.8845 900.1416 178.4590 945.1902 270.1232 1.4083 0.4924 0.5034 4.9881 1.3773 11.2149 -5.4747 0.0545
Pedestrian -1 -1 -4.6704 1068.6321 146.2151 1111.1288 264.5045 1.8636 0.5554 0.6481 7.8842 1.3239 11.5648 -4.0831 0.0539
Pedestrian -1 -1 -4.6511 678.3069 166.9953 709.5121 251.4522 1.6884 0.5968 0.7278 1.7901 1.4188 14.5470 -4.5296 0.0519
Pedestrian -1 -1 -8.1388 981.2258 163.9402 1029.7839 270.3711 1.6959 0.5461 0.5807 6.5141 1.4324 11.6083 -7.6374 0.0512
Pedestrian -1 -1 -7.9342 1001.1951 154.6312 1044.6527 266.1699 1.7772 0.5627 0.5892 6.8259 1.3654 11.6521 -7.4144 0.0511
Pedestrian -1 -1 -4.5687 869.0057 162.0410 912.2959 267.9105 1.6823 0.5794 0.6686 4.6694 1.3894 11.6693 -4.1956 0.0506
Car -1 -1 -6.1924 657.7678 147.4836 723.1748 174.5692 1.4780 1.6001 3.5652 4.8716 -0.3472 40.2467 -6.0708 0.1836
