Pedestrian -1 -1 -8.4592 949.8123 171.5585 971.6633 215.4716 1.9757 0.6782 0.5889 15.9016 1.9171 32.8069 -8.0119 0.0910
Pedestrian -1 -1 -4.4161 810.1757 190.6536 841.4374 258.4418 1.3433 0.4773 0.5622 4.3926 1.7186 14.8565 -4.1350 0.0872
Pedestrian -1 -1 -6.5208 1061.5543 156.0623 1192.7686 351.8699 1.7323 0.4960 0.9015 4.7606 1.5834 6.7723 -5.9292 0.0844
Car -1 -1 -6.1522 444.9844 175.9080 495.9771 195.3224 1.6667 1.6090 4.2090 -12.2040 1.9376 63.1616 -6.3426 0.0838
Cyclist -1 -1 -5.0707 810.4236 165.6481 845.0820 219.9651 1.6831 0.5256 1.6082 6.9285 1.4596 23.1795 -4.7843 0.0791
Pedestrian -1 -1 -8.0613 1011.6695 179.3883 1033.9502 227.3607 1.7211 0.6148 0.4883 14.9956 1.9619 26.2997 -7.5486 0.0757
Pedestrian -1 -1 -3.1116 1043.4142 162.1652 1057.3054 193.9782 1.8827 0.6014 0.6936 26.2942 1.2498 43.1413 -2.5675 0.0723
Cyclist -1 -1 -3.1557 990.6913 170.8729 1035.7565 213.4701 1.8760 0.6901 1.7550 18.0961 1.7885 32.4949 -2.6519 0.0663
Car -1 -1 -4.9869 811.9796 180.6045 855.0602 207.3318 1.6031 1.6305 3.9122 14.2798 2.1224 46.3955 -4.6907 0.0648
Car -1 -1 -5.2261 791.9609 171.7275 835.8081 191.0860 1.6966 1.7548 4.6887 18.4868 1.5976 65.7242 -4.9534 0.0611
Car -1 -1 -4.6230 230.4490 181.6667 255.3608 200.8120 1.5423 1.5699 3.8576 -31.5948 2.3262 62.1237 -5.0920 0.0579
Pedestrian -1 -1 -4.4373 910.3874 180.9355 928.9653 222.0746 1.8790 0.6784 0.5232 14.3516 2.2590 33.5362 -4.0368 0.0544
Car -1 -1 -2.7398 511.4096 177.8401 580.4216 204.1462 1.5383 1.6519 3.8631 -3.9426 1.8523 44.0974 -2.8289 0.0517
Car -1 -1 -7.1365 0.0000 193.6834 108.7586 241.9172 1.4798 1.8630 4.7002 -21.1671 2.3164 26.5971 -7.8040 0.0514
Car -1 -1 -4.9580 741.4053 178.3340 778.3835 200.1539 1.4026 1.5995 3.7280 10.1486 1.7906 49.2318 -4.7563 0.0512
Cyclist -1 -1 -7.8592 697.1922 171.9052 706.5607 205.9168 1.7216 0.4672 1.7017 4.7167 1.6733 37.3950 -7.7352 0.3422
Pedestrian -1 -1 -7.9057 1130.0684 170.2315 1168.1315 245.0814 1.6919 0.6696 0.6229 12.4534 1.6323 16.7530 -7.2754 0.1543
Pedestrian -1 -1 -7.6151 717.9234 166.8067 733.5598 202.2224 1.9044 0.6800 0.7675 6.2658 1.5789 39.2845 -7.4585 0.0604
Cyclist -1 -1 -7.9667 1130.0602 169.3673 1165.4410 244.0419 1.6764 0.4498 1.8168 12.6701 1.5979 17.0994 -7.3377 0.0542
Car -1 -1 -7.8629 592.9547 175.3938 625.4950 206.9737 1.5936 1.6590 4.4837 -0.1062 1.7386 39.0247 -7.8661 0.9092
Car -1 -1 -4.5618 537.6424 174.8015 561.7188 192.5411 1.5936 1.6811 3.8317 -5.6096 1.7801 67.2193 -4.6450 0.3046
Car -1 -1 -5.4881 900.9575 189.8178 987.9528 221.9399 1.4288 1.6760 3.9790 16.7960 2.3379 36.5269 -5.0608 0.2718
Car -1 -1 -5.2989 844.0485 185.6375 907.9760 215.0808 1.5455 1.5964 3.8375 15.2665 2.3206 41.7102 -4.9509 0.2430
Car -1 -1 -8.2521 730.3466 159.2317 764.0984 181.4934 2.0068 1.6782 3.9498 12.7087 0.7785 67.1515 -8.0660 0.2249
Car -1 -1 -7.9943 1115.9413 176.5491 1232.6200 245.1856 1.4615 1.6609 3.9366 13.6322 1.5628 17.7165 -7.3469 0.1562
Car -1 -1 -4.4992 562.8560 173.9993 590.9189 192.3896 1.6064 1.6734 4.3226 -2.9930 1.7138 65.5801 -4.5450 0.1077
Car -1 -1 -8.1588 832.0117 164.7110 869.5242 191.9223 2.1719 1.7770 4.1142 19.8281 1.5216 59.6594 -7.8397 0.0994
Car -1 -1 -8.4158 917.0413 163.0953 957.8436 181.4439 1.7046 1.6585 4.0324 31.3042 0.7977 69.1419 -7.9924 0.0889
Car -1 -1 -7.8282 711.5273 175.8964 742.1238 205.2139 1.5628 1.6228 3.7691 6.6177 1.7433 40.8787 -7.6693 0.0760
Car -1 -1 -4.8673 661.3130 174.0203 691.1872 196.8437 1.5832 1.5752 3.7940 4.7239 1.6704 52.1931 -4.7780 0.0689
