Pedestrian -1 -1 -6.2192 306.8547 169.9802 316.9488 207.1038 2.0034 0.5188 0.4752 -16.2563 1.8480 39.2609 -6.6097 0.3295
Pedestrian -1 -1 -3.0481 758.9099 172.5946 786.1702 239.5342 1.6980 0.4513 0.6496 4.1450 1.6911 18.6158 -2.8333 0.2801
Cyclist -1 -1 -2.9812 302.1184 173.0170 338.1823 205.7384 1.8742 0.5960 1.8689 -16.8269 1.8835 41.8277 -3.3618 0.2294
Pedestrian -1 -1 -5.1696 731.5251 164.1679 770.1617 240.4836 1.8473 0.6220 0.8656 3.4468 1.6367 17.9659 -4.9840 0.2107
Pedestrian -1 -1 -3.7618 852.0120 161.3338 876.5012 230.7229 1.8570 0.5105 0.4049 6.8576 1.5484 19.6122 -3.4307 0.1683
Pedestrian -1 -1 -7.8401 249.9118 181.0603 276.4060 243.3435 1.8790 0.7292 0.7700 -10.8081 2.1392 22.4025 -8.2854 0.1585
Pedestrian -1 -1 -3.2277 324.6761 175.9243 334.7768 224.9736 1.9517 0.4721 0.3399 -11.3227 2.0761 29.0324 -3.5969 0.1466
Pedestrian -1 -1 -5.9272 436.0510 176.3226 449.8652 198.5795 1.7459 0.5523 0.9299 -13.2300 2.0214 57.0379 -6.1545 0.1195
Cyclist -1 -1 -7.6120 403.0196 181.7198 425.9693 231.7586 1.6811 0.3951 1.6468 -6.9056 2.0026 25.3621 -7.8757 0.1159
Pedestrian -1 -1 -5.7418 112.0794 166.5580 128.4948 217.3760 1.7950 0.4875 0.2714 -17.5116 1.5723 25.7372 -6.3347 0.1046
Pedestrian -1 -1 -7.8413 199.3641 184.9263 231.1400 262.1554 1.7202 0.6310 0.4426 -9.0835 2.0021 16.5215 -8.3376 0.1018
Pedestrian -1 -1 -7.3995 76.8831 182.0072 115.2130 267.9952 1.8120 0.5587 0.3823 -11.0782 2.0111 15.4874 -8.0125 0.0915
Pedestrian -1 -1 -7.8925 775.9354 166.9692 793.3887 213.0012 1.9097 0.6894 0.5158 7.2758 1.6652 30.2531 -7.6593 0.0904
Pedestrian -1 -1 -8.1886 632.3224 172.2829 649.6123 209.6334 1.9388 0.7085 0.7217 1.5848 1.9089 37.9025 -8.1477 0.0811
Pedestrian -1 -1 -8.0443 410.1700 184.5689 427.5202 228.0248 1.6767 0.5841 0.4510 -7.5558 2.1420 28.3475 -8.3031 0.0799
Pedestrian -1 -1 -6.8279 781.7826 158.6617 820.7698 237.6082 1.9252 0.6375 0.7114 4.7160 1.5788 18.0036 -6.5765 0.0793
Pedestrian -1 -1 -7.4615 312.7602 173.3365 330.6125 206.4574 1.9074 0.6934 0.8471 -16.8114 1.9355 41.9939 -7.8405 0.0779
Pedestrian -1 -1 -6.1279 402.1317 177.9863 426.6295 230.8463 1.8247 0.6621 0.7372 -6.9125 2.0073 25.3476 -6.3920 0.0746
Pedestrian -1 -1 -4.4132 865.2302 172.2188 897.4429 240.7627 1.6443 0.5985 0.5836 6.6144 1.6288 17.7226 -4.0622 0.0696
Pedestrian -1 -1 -4.5055 848.4889 171.6179 875.3533 236.5673 1.6498 0.5606 0.5467 6.4821 1.6181 18.7062 -4.1775 0.0680
Cyclist -1 -1 -4.8544 303.9074 174.1188 319.9908 207.5256 1.7653 0.5574 1.8030 -16.2027 1.8351 39.1146 -5.2450 0.0671
Cyclist -1 -1 -7.9140 408.7065 183.7012 423.4684 226.9539 1.6570 0.4749 1.6054 -7.8180 2.1038 28.8986 -8.1764 0.0627
Cyclist -1 -1 -3.1590 821.0518 166.4915 895.0511 233.0479 1.7567 0.6138 1.8746 6.6711 1.5884 19.6183 -2.8365 0.0623
Pedestrian -1 -1 -4.5070 274.4484 185.9432 312.1886 260.6943 1.6477 0.6614 0.6810 -7.2594 1.9530 16.4452 -4.9173 0.0619
Pedestrian -1 -1 -7.9423 654.8490 165.7384 669.0309 204.2410 2.0547 0.6976 0.7421 2.7569 1.6747 38.8820 -7.8726 0.0613
Cyclist -1 -1 -2.9328 196.7643 177.7368 246.0470 223.8402 1.7702 0.6454 1.6056 -15.2950 1.9653 28.3502 -3.4239 0.0593
Pedestrian -1 -1 -7.8308 369.5847 179.0055 390.1831 237.6774 1.7806 0.5922 0.7900 -7.2039 1.9757 22.4568 -8.1383 0.0574
Cyclist -1 -1 -7.4602 402.9973 178.7119 438.2579 230.8748 1.7443 0.5891 1.6856 -6.6413 1.9557 25.2000 -7.7159 0.0565
Cyclist -1 -1 -6.1924 209.6070 172.3509 247.1873 207.2114 1.8966 0.7302 1.7793 -21.1398 1.8689 39.9333 -6.6768 0.0547
Cyclist -1 -1 -8.6315 827.9416 167.6767 889.4882 233.0548 1.6935 0.4178 1.8144 6.6739 1.5591 19.5965 -8.3085 0.0537
Pedestrian -1 -1 -5.1082 294.8670 180.9964 309.0710 210.3259 1.6621 0.6277 0.4463 -17.7444 2.1341 41.4801 -5.5104 0.0513
Pedestrian -1 -1 -4.6464 853.4595 159.5531 874.5609 216.2423 1.9593 0.6565 0.7647 8.9045 1.4993 25.4171 -4.3135 0.0501
Car -1 -1 -3.0358 25.9084 193.8464 285.8353 290.6342 1.4599 1.7084 3.8022 -8.0555 1.8879 13.1437 -3.5770 0.9487
Car -1 -1 -4.5769 406.0054 187.5073 484.8827 246.0981 1.4381 1.6538 4.3521 -4.7316 1.9111 21.0669 -4.7959 0.9471
Car -1 -1 -7.9782 442.1669 178.0851 473.8350 202.7946 1.6244 1.6915 3.9130 -10.6958 2.0054 50.4601 -8.1863 0.7385
Car -1 -1 -7.8947 439.6947 175.7979 460.9612 195.3990 1.5309 1.5472 3.5824 -13.0745 1.7786 58.8615 -8.1126 0.1185
Car -1 -1 -4.8750 498.1723 175.7436 530.9430 200.7652 1.6924 1.6785 4.0532 -6.8802 1.9071 51.4907 -5.0075 0.0880
Car -1 -1 -3.6262 666.0886 178.8474 765.8160 217.4692 1.5189 1.7217 3.7721 4.3887 1.7820 30.2683 -3.4842 0.0716
Car -1 -1 -4.7600 270.7364 194.5399 345.5130 263.6733 1.4227 1.5547 3.8426 -7.7446 2.0321 18.2158 -5.1573 0.0662
Car -1 -1 -4.8552 736.2360 180.2425 795.8289 223.7184 1.4493 1.5877 3.9145 5.6532 1.7433 26.7364 -4.6497 0.0601
Car -1 -1 -6.2436 205.1558 184.9234 319.5272 226.0144 1.5436 1.6261 4.1222 -14.1927 2.0642 29.5800 -6.6878 0.0580
