Cyclist -1 -1 -7.7370 674.5531 168.7248 701.5868 229.9068 1.7831 0.6192 1.8096 2.3447 1.6625 21.9798 -7.6330 0.2541
Cyclist -1 -1 -2.3029 23.7866 173.7395 70.5397 215.9811 1.8029 0.6211 1.7036 -24.4324 1.8415 31.2726 -2.9621 0.0631
Pedestrian -1 -1 -4.9876 876.6539 202.8248 915.3943 293.7358 1.2497 0.3995 0.4616 4.0318 1.6886 10.3283 -4.6262 0.0599
Cyclist -1 -1 -6.5964 615.1155 170.9297 655.4034 211.9826 1.7796 0.6268 1.6625 1.0688 1.6958 31.8086 -6.5637 0.0516
Pedestrian -1 -1 -6.1823 413.2415 173.9455 422.4800 196.3323 1.7260 0.6069 0.6353 -14.9417 1.8110 56.0136 -6.4421 0.0514
Car -1 -1 -4.2991 118.5672 184.1205 419.3211 347.1719 1.5219 1.7388 4.3308 -3.9642 1.6995 9.2154 -4.6957 0.9637
Car -1 -1 -7.4051 233.5187 178.5441 287.2316 207.3879 1.5722 1.5716 3.1368 -20.0951 1.9116 41.5156 -7.8536 0.9513
Car -1 -1 -4.5742 477.7984 178.1125 536.0750 221.0381 1.5106 1.6740 4.1690 -3.9587 1.7295 27.9887 -4.7140 0.9457
Car -1 -1 -7.8251 587.3886 175.6181 624.6741 211.6381 1.5561 1.6198 4.5144 -0.1696 1.6940 33.7967 -7.8307 0.9288
Car -1 -1 -4.6452 538.3882 177.8591 566.5267 199.1755 1.4085 1.7075 3.9475 -4.0273 1.7729 50.5924 -4.7247 0.8088
Car -1 -1 -4.3316 277.2091 176.4897 328.2632 201.6433 1.5446 1.5643 4.3282 -20.0206 1.7927 47.1164 -4.7316 0.7639
Car -1 -1 -7.1778 0.0000 181.2519 57.0218 235.3833 1.5489 1.7087 3.7156 -20.0000 1.8395 23.1137 -7.8855 0.6113
Car -1 -1 -4.0945 40.9781 178.7491 140.4745 215.0796 1.5373 1.6469 4.0849 -23.8212 1.8253 33.2374 -4.7127 0.0957
Car -1 -1 -4.4328 434.4561 174.9393 462.0414 190.7908 1.4707 1.6062 3.7850 -15.5407 1.6766 69.3924 -4.6525 0.0819
Car -1 -1 -4.6181 766.8858 177.9890 798.6076 205.7386 1.4862 1.4770 3.0712 9.7964 1.7895 40.9617 -4.3854 0.0767
Car -1 -1 -4.4502 285.3087 175.5879 325.8146 197.5588 1.4840 1.6286 4.1806 -21.6817 1.6869 51.4591 -4.8474 0.0677
Car -1 -1 -6.5000 806.7114 176.2650 879.2895 203.8290 1.5132 1.6435 3.6359 13.1010 1.7106 40.8386 -6.1921 0.0659
Car -1 -1 -7.5997 420.6526 175.3794 454.0373 196.3884 1.5992 1.6323 3.9861 -13.7206 1.8069 57.4173 -7.8335 0.0650
Car -1 -1 -4.6554 1091.5220 185.0797 1118.3682 206.0617 1.6079 1.6202 4.0573 41.0466 2.6572 59.8454 -4.0570 0.0619
Car -1 -1 -4.0841 122.1385 179.8463 238.6698 224.7239 1.5336 1.7833 3.9861 -16.1902 1.8187 27.3735 -4.6142 0.0616
Car -1 -1 -4.8316 844.0930 177.3739 872.0119 196.3122 1.4112 1.6030 4.0097 19.4960 1.7807 56.9096 -4.5035 0.0574
Car -1 -1 -6.9376 1146.2955 197.3023 1241.0000 239.8757 1.4830 1.6356 3.9538 22.6658 2.4294 27.0479 -6.2462 0.0573
Car -1 -1 -7.4074 0.0000 173.6262 69.3896 220.8945 1.7500 1.7847 4.3065 -23.9262 1.7833 29.0916 -8.0913 0.0532
Car -1 -1 -4.7753 262.3773 185.2416 337.5522 247.1856 1.4522 1.6535 4.2564 -8.7644 1.8360 20.0964 -5.1821 0.0532
Car -1 -1 -4.2595 682.7110 173.4331 715.8701 192.2851 1.6708 1.5440 3.7198 8.1781 1.7251 66.0500 -4.1372 0.0522
Car -1 -1 -5.0035 778.6193 174.0511 820.4728 199.4114 1.5909 1.5857 3.9317 12.3745 1.6726 47.4454 -4.7502 0.0518
Car -1 -1 -4.8248 970.9034 192.0701 1002.0173 214.7933 1.5015 1.5882 3.9943 27.8179 2.9823 53.4622 -4.3479 0.0505
