Car -1 -1 -7.5348 173.4559 191.5816 474.0638 374.0000 1.4131 1.5361 3.5347 -2.4596 1.6402 6.9856 -7.8628 0.9748
Car -1 -1 -8.0077 650.7356 177.8819 722.1859 229.7013 1.4154 1.5869 3.6815 2.1891 1.5812 21.9561 -7.9104 0.9624
Car -1 -1 -7.6262 380.3032 180.0502 529.2048 290.8261 1.5168 1.5711 3.7818 -2.4532 1.6557 12.0421 -7.8239 0.9410
Car -1 -1 -7.9101 555.2800 177.2473 603.9944 216.9032 1.3888 1.6473 3.4467 -1.2562 1.5667 27.4664 -7.9560 0.9399
Car -1 -1 -4.2360 153.4513 179.1682 253.1093 220.2746 1.4273 1.6125 4.1277 -15.5614 1.6884 27.7821 -4.7427 0.8795
Car -1 -1 -5.3128 271.6782 176.3626 423.2608 247.3573 1.5420 1.5873 3.8299 -6.5060 1.6358 17.6047 -5.6624 0.8218
Car -1 -1 -7.9504 632.1719 176.6095 678.0495 212.4504 1.4276 1.5692 4.1975 1.8490 1.6014 31.3143 -7.8926 0.7952
Car -1 -1 -4.9148 643.7550 176.2488 705.4729 220.2069 1.4423 1.5017 3.5068 2.1922 1.5720 25.7875 -4.8316 0.2918
Pedestrian -1 -1 -7.6170 626.2086 168.2968 640.4235 202.2802 1.8148 0.6130 0.7354 1.2235 1.5711 38.9669 -7.5863 0.2846
Pedestrian -1 -1 -6.8096 413.8722 168.0485 428.1539 192.7535 1.8532 0.5757 0.8756 -14.3386 1.4924 54.6378 -7.0653 0.1647
Car -1 -1 -2.3144 482.1773 166.9813 538.8871 194.4298 1.7921 1.6699 3.8135 -6.8049 1.4084 48.9665 -2.4521 0.1367
Pedestrian -1 -1 -8.8101 995.6196 213.3041 1197.2944 374.0000 1.5431 0.6292 0.5025 2.1347 1.7466 3.2764 -8.2744 0.1107
Cyclist -1 -1 -4.9997 472.4801 170.3961 505.2364 226.1197 1.7165 0.6144 1.5559 -3.9324 1.6405 23.0595 -5.1673 0.1043
Car -1 -1 -4.9763 711.6993 173.3208 767.8444 209.2088 1.5475 1.6187 3.6420 5.8343 1.5698 33.0487 -4.8036 0.1018
Pedestrian -1 -1 -5.8137 864.6420 132.6999 1012.9609 374.0000 1.8492 0.6202 0.7339 2.1912 1.5998 4.9557 -5.4206 0.1002
Pedestrian -1 -1 -4.9046 977.6650 243.0309 1089.9816 374.0000 1.2516 0.4429 0.3290 2.1505 1.6416 3.7923 -4.4229 0.0863
Pedestrian -1 -1 -3.7683 456.4597 163.0249 480.0515 203.2298 1.9189 0.6360 0.9258 -6.9132 1.4495 34.9935 -3.9623 0.0771
Pedestrian -1 -1 -8.4293 624.3745 174.0046 642.9727 206.4926 1.6401 0.6789 0.7007 1.1706 1.6994 36.9341 -8.3984 0.0762
Car -1 -1 -6.8600 596.4020 174.2428 668.8962 199.0593 1.4668 1.6746 4.2642 1.3871 1.5560 44.6734 -6.8296 0.0748
Pedestrian -1 -1 -4.5518 691.0936 160.7906 703.0184 193.5800 1.9856 0.6242 0.6809 5.2884 1.2548 44.1067 -4.4336 0.0745
Car -1 -1 -4.4429 216.1415 174.7305 278.5500 208.1951 1.5307 1.6569 4.2607 -17.7889 1.6286 35.5058 -4.9046 0.0743
Pedestrian -1 -1 -4.4468 490.0732 164.3344 503.0409 194.5079 1.8932 0.6299 0.7771 -7.2152 1.3584 45.6934 -4.6029 0.0704
Pedestrian -1 -1 -3.4252 393.3814 164.5481 425.4605 218.1173 1.7793 0.6458 0.9041 -6.8527 1.5031 24.4782 -3.6958 0.0700
Cyclist -1 -1 -4.5524 18.8348 177.7845 45.4465 224.8966 1.5934 0.4703 1.6412 -20.3794 1.7723 25.4074 -5.2235 0.0665
Cyclist -1 -1 -8.0551 655.6718 167.7538 670.0695 201.8988 1.7301 0.4228 1.6298 2.6931 1.4714 37.3963 -7.9842 0.0662
Cyclist -1 -1 -4.5342 536.8779 171.9395 546.9861 195.6703 1.6920 0.4487 1.6305 -4.9564 1.6265 52.2771 -4.6286 0.0650
Car -1 -1 -6.7635 0.0000 0.0000 1241.0000 374.0000 1.5083 1.6169 3.6987 -2.7100 1.6663 1.0188 -7.8868 0.0616
Pedestrian -1 -1 -3.1201 649.9225 163.3807 658.9935 197.3509 1.9068 0.5666 0.5012 2.4786 1.3748 40.8041 -3.0603 0.0608
Car -1 -1 -7.5387 334.5661 160.3813 371.2851 190.2225 2.3457 1.6429 4.0367 -20.9081 1.3650 58.7551 -7.8794 0.0572
Pedestrian -1 -1 -6.0573 1015.0804 163.1353 1148.0206 374.0000 1.7887 0.6058 0.8486 3.9608 1.7123 6.1613 -5.5087 0.0554
Car -1 -1 -4.5689 295.6779 178.4338 342.1718 209.3418 1.3985 1.5694 3.9086 -14.2882 1.6888 35.4847 -4.9494 0.0548
Pedestrian -1 -1 -4.2808 818.5638 136.7753 986.4724 374.0000 1.7998 0.6637 0.5828 1.5081 1.6278 3.8745 -3.9367 0.0523
Pedestrian -1 -1 -3.4816 688.2631 164.2628 695.4415 194.2256 1.8464 0.4611 0.3049 5.0376 1.3167 44.7226 -3.3706 0.0507
Pedestrian -1 -1 -5.8676 740.9009 174.5706 760.0490 220.4820 1.6155 0.6295 0.4591 4.9796 1.6775 25.8069 -5.6798 0.1475
Pedestrian -1 -1 -7.7824 748.9880 176.8274 764.3511 217.4124 1.4432 0.5137 0.4492 5.2400 1.5876 25.9979 -7.5863 0.1023
Cyclist -1 -1 -6.8262 744.7969 166.5378 793.1511 215.2764 1.7188 0.6730 1.5841 5.6848 1.4957 26.0209 -6.6140 0.0729
Cyclist -1 -1 -8.3466 714.4708 168.0275 750.3980 215.7895 1.6923 0.5849 1.6409 4.4228 1.5210 26.4361 -8.1833 0.0690
Cyclist -1 -1 -7.7208 513.4863 176.4718 529.5013 211.6408 1.5285 0.4969 1.6761 -4.0042 1.6948 32.3734 -7.8434 0.0616
Cyclist -1 -1 -4.7158 747.6112 171.0397 764.0161 217.6396 1.6498 0.5704 1.5268 5.2711 1.5852 26.3481 -4.5211 0.0614
Cyclist -1 -1 -7.7234 762.5890 168.0905 782.8884 215.8437 1.6796 0.5108 1.7066 5.8883 1.5117 26.2669 -7.5058 0.0562
Cyclist -1 -1 -2.9485 605.1246 171.3164 640.9330 205.6000 1.7345 0.7028 1.7355 0.6331 1.6564 37.0285 -2.9320 0.0541
Car -1 -1 -7.9434 558.2579 173.7282 595.2793 203.5815 1.5040 1.6489 3.4873 -1.8441 1.5523 38.2981 -7.9916 0.7169
Car -1 -1 -4.9527 0.0000 191.6488 145.5452 374.0000 1.4408 1.5550 3.8645 -6.5309 1.6797 7.4185 -5.6569 0.5669
Car -1 -1 -5.5050 376.7163 179.6839 481.7546 218.2036 1.3885 1.5675 4.0683 -7.1660 1.6724 28.3210 -5.7511 0.3902
Car -1 -1 -8.0264 492.1728 174.2033 530.1217 200.6209 1.4668 1.5776 3.7493 -5.8716 1.5494 42.2959 -8.1639 0.3662
Car -1 -1 -8.3631 420.5049 174.4664 493.2107 211.4475 1.5204 1.5495 3.6268 -6.8143 1.5951 31.7018 -8.5735 0.2602
Car -1 -1 -7.6980 492.7547 176.0740 539.1266 209.4189 1.4484 1.5653 3.8443 -4.3683 1.6069 33.6588 -7.8265 0.2459
Car -1 -1 -2.2845 447.0526 176.9432 519.6459 205.4677 1.4187 1.5664 3.9819 -6.7912 1.6459 38.2833 -2.4593 0.2418
Car -1 -1 -8.1047 723.8905 175.1701 792.3788 216.4977 1.4670 1.6234 3.9993 5.5867 1.5628 27.8829 -7.9095 0.1682
Car -1 -1 -4.3976 212.0604 176.3725 277.0368 210.5672 1.5439 1.6225 4.1059 -17.7579 1.7256 35.1716 -4.8623 0.1422
Car -1 -1 -4.8043 301.4377 180.2477 362.6370 225.2633 1.3834 1.6105 4.1348 -9.7832 1.6630 25.1091 -5.1726 0.1298
Car -1 -1 -7.3076 0.0000 167.1448 41.9031 226.5173 1.7872 1.7472 4.0051 -21.0087 1.6150 23.8407 -8.0245 0.1171
Car -1 -1 -4.6184 524.6296 171.4579 560.1101 199.6909 1.6001 1.7119 4.2989 -4.0174 1.5206 43.0422 -4.7113 0.0565
Car -1 -1 -1.6162 0.0000 188.4741 0.0000 374.0000 1.5210 1.6071 3.9826 -7.5507 1.6639 4.8818 -2.5876 0.0555
Car -1 -1 -4.6290 298.6866 181.3425 350.0325 219.4673 1.3624 1.5696 4.0372 -11.4100 1.7275 28.9037 -5.0022 0.0551
Car -1 -1 -4.2293 246.9790 178.6420 319.2584 207.7324 1.4645 1.7008 4.5037 -17.8408 1.7998 39.5394 -4.6509 0.0533
Car -1 -1 -4.7419 361.4054 178.8513 412.5146 225.1230 1.4447 1.5814 4.0842 -7.9199 1.6727 25.2833 -5.0429 0.0504
