Pedestrian -1 -1 -4.7799 1215.8035 148.4634 1233.8768 187.8622 1.9195 0.6254 0.7661 30.3287 0.7309 35.6466 -4.0791 0.1325
Pedestrian -1 -1 -4.4236 247.8521 167.1038 272.8355 216.5917 1.8860 0.6704 0.7981 -13.5799 1.6666 27.9460 -4.8725 0.0878
Pedestrian -1 -1 -3.5828 1125.6714 148.4187 1204.4591 281.1319 1.9993 0.4847 0.8404 8.5352 1.6309 11.1896 -2.9444 0.0816
Car -1 -1 -4.4811 453.5518 175.9639 496.4477 203.2263 1.5493 1.6436 4.1214 -8.1295 1.7459 43.5807 -4.6648 0.0804
Car -1 -1 -8.0948 371.2791 166.6230 402.4384 186.1147 1.6370 1.6998 3.9261 -19.4475 1.1134 62.7202 -8.3945 0.0756
Car -1 -1 -3.0869 1024.0852 171.5444 1125.8989 207.0910 1.5156 1.5971 3.7829 20.8797 1.4595 32.5146 -2.5205 0.0742
Pedestrian -1 -1 -7.8221 192.9604 165.9152 212.4036 208.6988 2.1067 0.8257 0.5677 -20.3411 1.7648 35.9724 -8.3338 0.0732
Car -1 -1 -6.2482 691.8159 173.3231 744.0566 195.1084 1.5964 1.6802 3.8161 8.0787 1.6321 54.0962 -6.1011 0.0710
Car -1 -1 -6.3681 845.2934 173.9638 906.7034 194.7668 1.4681 1.5700 4.0557 19.2122 1.5503 52.3449 -6.0185 0.0653
Pedestrian -1 -1 -6.4948 440.1212 172.6154 451.3418 198.9260 1.7658 0.6374 0.6205 -11.1540 1.7495 48.8457 -6.7185 0.0637
Car -1 -1 -7.7806 825.0370 167.9410 849.8387 192.9360 2.0632 1.7307 4.2282 19.4978 1.6574 61.8437 -7.4769 0.0625
Pedestrian -1 -1 -7.8070 218.3447 169.1386 233.9652 206.7995 1.9077 0.6776 0.6188 -19.7042 1.7192 36.9734 -8.2939 0.0603
Car -1 -1 -7.7572 362.7885 172.9806 385.0376 189.9351 1.5733 1.6319 4.1584 -22.6268 1.5856 69.1959 -8.0723 0.0592
Pedestrian -1 -1 -6.1566 793.5228 168.9837 806.0976 199.7896 1.9058 0.6825 0.6809 11.8260 1.6660 45.0802 -5.9020 0.0592
Car -1 -1 -5.1316 1014.2299 166.7987 1078.3602 196.4816 1.6810 1.6730 4.2445 25.9087 1.3378 43.0688 -4.5933 0.0574
Car -1 -1 -4.2744 230.4970 179.0437 298.8570 208.2473 1.4956 1.7874 4.2145 -19.0612 1.8562 39.9576 -4.7172 0.0572
Pedestrian -1 -1 -4.8718 804.5300 165.9135 821.6578 205.5523 1.8950 0.6450 1.0047 9.8128 1.5629 35.0298 -4.6013 0.0553
Pedestrian -1 -1 -3.2483 489.6356 171.6946 500.3114 192.4512 1.7597 0.4836 0.8520 -9.8324 1.6611 61.5165 -3.4065 0.0549
Car -1 -1 -3.0753 137.9825 180.4678 234.1902 213.8392 1.5001 1.5885 3.8916 -20.3397 1.8829 34.7290 -3.6020 0.0519
Cyclist -1 -1 -2.8007 303.3579 174.8102 341.2487 211.9939 1.7388 0.6045 1.5511 -13.6316 1.8318 34.1060 -3.1786 0.0501
Pedestrian -1 -1 -5.7479 574.9632 171.5161 587.0930 194.2405 1.7894 0.5254 0.8063 -2.3252 1.6838 57.2393 -5.7887 0.4789
Pedestrian -1 -1 -6.6212 765.1951 170.3877 782.4155 195.2913 1.7074 0.6358 1.0052 11.2807 1.5380 49.8431 -6.4002 0.2521
Cyclist -1 -1 -4.9099 335.2025 172.9532 350.0401 200.3774 1.6540 0.5092 1.8250 -16.5076 1.6599 44.4343 -5.2640 0.2396
Pedestrian -1 -1 -6.8150 870.3208 170.6686 907.5852 226.9131 1.7692 0.6912 0.8835 8.8802 1.7002 23.1116 -6.4531 0.2096
Pedestrian -1 -1 -3.2357 593.0741 173.2639 603.6011 195.1477 1.7872 0.4994 0.8202 -0.9848 1.8207 59.2316 -3.2526 0.1313
Pedestrian -1 -1 -6.7171 789.9900 171.3315 804.6703 195.1026 1.6714 0.6771 0.7951 13.2433 1.5641 51.1384 -6.4655 0.1253
Pedestrian -1 -1 -3.0066 336.8697 169.9183 351.8719 200.0984 1.8394 0.5997 0.7919 -16.3601 1.6602 44.3548 -3.3583 0.1005
Pedestrian -1 -1 -5.9197 572.0373 171.8103 583.9777 194.1514 1.7537 0.5128 0.8136 -2.5542 1.6715 57.0106 -5.9647 0.0757
Pedestrian -1 -1 -5.9681 584.2897 173.8473 591.0514 195.1376 1.6787 0.5085 0.3985 -1.7971 1.7576 57.2193 -5.9997 0.0648
Pedestrian -1 -1 -3.0196 757.5984 168.4976 770.6273 196.1691 1.8479 0.5646 0.7963 10.3448 1.5567 48.5796 -2.8114 0.0615
Pedestrian -1 -1 -5.9546 588.1587 171.3547 599.4353 194.4354 1.8290 0.4673 0.7905 -1.3179 1.7099 57.5197 -5.9778 0.0558
Pedestrian -1 -1 -7.4685 578.0779 172.4361 588.8352 194.0453 1.7087 0.6371 0.7096 -2.1405 1.6754 57.4961 -7.5059 0.0521
Car -1 -1 -4.2987 340.5189 180.9119 418.8931 218.3287 1.4125 1.6238 4.0651 -9.5954 1.7736 30.2555 -4.6037 0.9647
Car -1 -1 -7.9059 702.6866 176.6536 734.1522 203.7205 1.4313 1.5476 3.6676 6.0197 1.6547 40.5859 -7.7601 0.8660
Car -1 -1 -8.2756 901.7254 163.9298 937.1772 181.3189 1.6143 1.6529 3.8995 29.5022 0.7855 68.9468 -7.8730 0.1783
Car -1 -1 -5.1062 878.2587 165.1928 912.9006 181.9107 1.5623 1.6638 4.0527 27.4275 0.8460 69.4695 -4.7317 0.1129
Car -1 -1 -7.9959 402.7346 171.7697 436.1889 197.0515 1.5636 1.5662 3.8167 -12.3964 1.4963 46.6881 -8.2544 0.0942
Car -1 -1 -7.5923 351.8092 169.5830 387.7306 191.0459 1.5946 1.6474 3.9979 -18.5053 1.3512 55.6493 -7.9121 0.0836
Car -1 -1 -5.1220 849.3679 165.8503 884.1443 182.5498 1.5754 1.6341 4.2184 24.9218 0.9144 70.2282 -4.7825 0.0773
Car -1 -1 -7.7967 909.4450 179.6344 981.8364 239.4104 1.4763 1.6563 4.2276 9.6014 1.6907 20.5874 -7.3664 0.0691
Car -1 -1 -7.8822 966.9044 160.6340 988.4837 179.6159 1.7138 1.6694 3.9841 34.2433 0.6102 67.3013 -7.4134 0.0690
Car -1 -1 -4.5138 263.7772 166.8270 305.2282 194.5467 1.7222 1.7264 3.8373 -21.1272 1.3474 46.8901 -4.9352 0.0624
