Car -1 -1 -4.2063 504.7771 190.0328 763.2425 340.2360 1.4478 1.7036 3.9090 0.4792 1.7251 9.5481 -4.1595 0.9497
Pedestrian -1 -1 -8.0670 666.9551 168.8386 684.2339 214.4810 1.9602 0.6106 0.7069 2.8057 1.7875 31.3768 -7.9793 0.1085
Car -1 -1 -4.7376 808.3487 173.8407 836.2673 202.2914 1.7636 1.6324 3.6241 13.7058 1.8300 46.8227 -4.4549 0.1080
Pedestrian -1 -1 -3.9773 546.7327 184.8427 579.2587 241.5875 1.5921 0.5951 0.7459 -1.4100 1.9474 20.9234 -4.0447 0.1030
Pedestrian -1 -1 -5.1098 1031.9988 164.5959 1058.8748 212.7303 1.9498 0.6573 0.8720 17.8739 1.6150 29.7056 -4.5729 0.0959
Pedestrian -1 -1 -2.2396 211.6639 183.7237 252.8815 260.1660 1.5888 0.5473 0.5709 -8.1466 1.8271 15.4682 -2.7177 0.0937
Pedestrian -1 -1 -4.8671 605.6641 164.7856 626.8628 220.6907 2.0203 0.6766 0.6957 0.1794 1.7284 26.4690 -4.8612 0.0917
Car -1 -1 -4.7271 930.3730 180.1752 974.6116 219.2470 1.4607 1.5537 3.7356 14.0238 1.7828 29.7548 -4.2910 0.0718
Pedestrian -1 -1 -8.3066 1011.2396 165.9784 1033.4496 206.2961 1.8872 0.7015 0.6382 19.4490 1.5651 34.1142 -7.7925 0.0658
Pedestrian -1 -1 -7.6789 675.1160 173.0767 691.5565 212.6243 1.8876 0.7140 0.4957 3.4954 1.8981 34.7770 -7.5802 0.0536
Pedestrian -1 -1 -6.5467 1018.9732 169.7654 1041.0621 208.5220 1.7377 0.7764 0.6861 19.0521 1.5989 32.8136 -6.0249 0.0534
Car -1 -1 -5.0814 889.7446 170.8908 923.8126 187.8960 1.5487 1.5769 4.0965 27.8067 1.3696 67.7734 -4.6939 0.0502
Pedestrian -1 -1 -5.2671 1112.7004 163.8935 1154.2719 241.1152 1.7992 0.5271 0.6619 12.3869 1.5902 17.1582 -4.6505 0.4375
Cyclist -1 -1 -4.7590 957.6288 171.2723 970.3870 202.7760 1.7800 0.5683 1.8542 20.4294 1.6903 41.7313 -4.3069 0.2982
Pedestrian -1 -1 -4.7643 1083.2408 165.1679 1109.2571 230.2962 1.8309 0.5668 0.9269 13.9760 1.6145 20.8266 -4.1803 0.2580
Pedestrian -1 -1 -3.6123 431.3826 165.6284 475.9915 244.2069 1.9291 0.6387 0.9123 -4.0034 1.7514 18.2498 -3.8259 0.2311
Pedestrian -1 -1 -5.5237 0.0000 167.6711 89.1174 330.1269 1.7422 0.6240 0.8823 -6.5601 1.6863 8.0900 -6.1892 0.1749
Pedestrian -1 -1 -8.8864 943.5665 168.0846 957.8220 194.7858 1.8417 0.5391 0.7232 23.6789 1.5124 50.2182 -8.4484 0.1465
Pedestrian -1 -1 -6.6387 310.9099 163.3392 345.3892 238.9779 1.8860 0.5871 0.6577 -7.2498 1.6485 18.4292 -7.0090 0.1117
Pedestrian -1 -1 -5.8164 319.7039 139.8598 338.3480 181.3910 1.7611 0.5629 0.5494 -12.0743 0.3617 30.9038 -6.1860 0.1095
Cyclist -1 -1 -8.6626 989.3473 168.6300 1021.1672 200.9114 1.8461 0.5818 1.6934 23.0421 1.6042 42.1585 -8.1657 0.1065
Pedestrian -1 -1 -4.3242 518.3948 141.2887 535.3261 177.3710 1.8480 0.6537 0.7047 -4.3437 0.2310 37.3819 -4.4391 0.1005
Pedestrian -1 -1 -5.4072 258.1947 173.8160 315.3053 285.9149 1.7331 0.5756 0.6141 -5.2276 1.7488 11.5564 -5.8240 0.0996
Cyclist -1 -1 -4.5845 192.4629 134.3632 215.1995 182.3561 1.6970 0.5027 1.7416 -14.9012 0.3357 26.4147 -5.0938 0.0926
Pedestrian -1 -1 -2.5764 67.6659 165.7416 163.2384 310.8268 1.7572 0.5555 0.8155 -6.2245 1.6707 9.0266 -3.1667 0.0909
Cyclist -1 -1 -7.9597 796.1860 176.3187 809.6133 207.4617 1.7552 0.5648 1.7316 11.1204 1.9598 41.7642 -7.7017 0.0907
Cyclist -1 -1 -8.4624 994.5813 168.6323 1019.7053 199.5197 1.7776 0.4197 1.6490 23.2692 1.5343 42.3671 -7.9634 0.0799
Cyclist -1 -1 -6.4318 205.2054 174.1708 347.0264 290.4798 1.6982 0.7100 1.9495 -5.2994 1.7202 11.3823 -6.8593 0.0783
Pedestrian -1 -1 -3.1967 418.0610 175.2899 454.7022 248.5706 1.7229 0.5194 0.8293 -4.2313 1.7825 17.3568 -3.4330 0.0779
Cyclist -1 -1 -2.4821 178.0161 135.0475 233.2426 186.3932 1.8266 0.6386 1.7136 -14.6740 0.4814 26.1138 -2.9898 0.0749
Cyclist -1 -1 -7.3156 361.3470 174.5659 431.2848 266.5170 1.7138 0.5025 1.7623 -4.2792 1.7498 14.3983 -7.6003 0.0730
Pedestrian -1 -1 -3.5618 1168.3976 157.4273 1208.5018 226.6063 1.9029 0.5478 0.7122 16.1342 1.4782 20.1996 -2.8953 0.0725
Pedestrian -1 -1 -3.4584 499.8328 150.1322 508.5284 175.2755 1.7705 0.5509 0.4612 -7.5346 0.1702 51.1583 -3.6040 0.0714
Pedestrian -1 -1 -2.7617 165.8569 165.7044 234.7214 296.1273 1.7969 0.5521 0.6947 -5.8663 1.6981 10.2594 -3.2704 0.0685
Cyclist -1 -1 -7.6697 324.6175 138.0211 344.1805 178.3797 1.7089 0.4954 1.6749 -12.0325 0.2337 31.4200 -8.0327 0.0659
Pedestrian -1 -1 -5.9845 116.7705 124.7583 139.0112 175.3310 1.8754 0.5407 0.5592 -18.1446 0.0916 27.0953 -6.5700 0.0642
Cyclist -1 -1 -3.2892 788.2527 174.2258 820.5292 206.3712 1.8269 0.7005 1.7055 11.1306 1.9063 41.4881 -3.0294 0.0634
Cyclist -1 -1 -6.1159 511.6896 142.3387 544.4114 176.5746 1.7706 0.5809 1.6228 -4.3097 0.1921 37.6495 -6.2292 0.0615
Pedestrian -1 -1 -8.4596 535.5504 144.5259 548.1467 177.9149 1.7698 0.5543 0.3770 -3.6811 0.2680 38.5673 -8.5543 0.0613
Cyclist -1 -1 -5.8533 305.2136 137.9288 351.7587 181.2222 1.8136 0.6780 1.7137 -11.9790 0.3502 30.6151 -6.2234 0.0612
Pedestrian -1 -1 -7.7638 426.1041 170.4358 448.3837 232.5833 1.8451 0.5925 0.7280 -5.2679 1.7730 21.8241 -7.9985 0.0580
Pedestrian -1 -1 -5.5746 214.3816 170.8804 278.5236 289.5610 1.7387 0.5430 0.6766 -5.5479 1.7095 10.9168 -6.0356 0.0575
Pedestrian -1 -1 -7.9099 138.1651 165.7873 184.8266 291.8785 1.8345 0.5687 0.6496 -6.8507 1.7314 10.9264 -8.4593 0.0574
Cyclist -1 -1 -4.5776 527.7017 142.2169 540.7993 174.6788 1.6661 0.4688 1.6382 -4.0062 0.0934 37.8588 -4.6824 0.0574
Pedestrian -1 -1 -2.7726 92.5464 160.2567 177.7416 301.8393 1.7582 0.5669 0.7635 -6.1656 1.6014 9.3145 -3.3445 0.0571
Pedestrian -1 -1 -2.9999 541.1534 145.8628 551.8870 179.1246 1.7655 0.5597 0.4984 -3.4319 0.3325 38.5916 -3.0882 0.0567
Pedestrian -1 -1 -2.3515 442.0043 182.4548 479.7586 258.2127 1.6075 0.5005 0.6448 -3.3161 1.8225 15.7953 -2.5560 0.0559
Pedestrian -1 -1 -2.5864 13.3701 165.1562 127.3106 321.0392 1.7510 0.6025 0.8817 -6.3417 1.6642 8.4380 -3.2161 0.0559
Cyclist -1 -1 -7.0592 0.0000 158.4020 152.5014 325.8754 1.8063 0.5809 1.7712 -6.5309 1.6502 8.7038 -7.6885 0.0553
Pedestrian -1 -1 -5.0003 61.0883 167.1985 130.9540 303.3584 1.7981 0.6143 0.7169 -7.1731 1.7232 9.9923 -5.6106 0.0551
Cyclist -1 -1 -2.6567 483.7022 148.3304 509.0329 173.5017 1.7748 0.6248 1.6874 -8.1320 0.0454 51.4436 -2.8127 0.0548
Pedestrian -1 -1 -5.6498 1089.7726 165.8465 1127.6560 229.0846 1.8238 0.5414 0.7408 14.6309 1.6214 21.2490 -5.0537 0.0519
Cyclist -1 -1 -6.4499 796.8571 175.1381 829.5947 205.9729 1.7378 0.6775 1.7067 11.5444 1.8691 41.1533 -6.1787 0.0515
Cyclist -1 -1 -5.7676 314.1956 135.4711 359.4966 178.0093 1.7955 0.6455 1.7209 -11.7380 0.2173 30.9070 -6.1278 0.0505
Cyclist -1 -1 -7.0868 117.4145 128.1920 165.4339 174.8904 1.7175 0.4531 1.7318 -17.8326 0.0746 27.4309 -7.6588 0.0502
Cyclist -1 -1 -5.8548 109.4133 131.6610 166.8714 178.7237 1.7546 0.6257 1.7182 -17.9051 0.2185 27.3365 -6.4302 0.0501
Car -1 -1 -4.5726 737.8802 184.2717 829.6218 257.8054 1.4869 1.6365 3.7900 4.2059 1.7928 17.2931 -4.3389 0.9390
Car -1 -1 -4.3798 565.3301 185.8969 695.9971 270.0460 1.4381 1.5280 3.9033 0.5192 1.7483 15.0769 -4.3473 0.6883
Car -1 -1 -4.4441 656.6393 186.4655 752.8258 247.0890 1.4285 1.6228 4.2130 2.7201 1.8532 20.2718 -4.3136 0.4146
Car -1 -1 -4.4804 727.8403 183.3318 790.4711 224.9248 1.4066 1.4855 3.9417 5.7160 1.8370 27.5602 -4.2787 0.4138
Car -1 -1 -2.9011 750.0176 180.6860 824.5051 208.1103 1.5049 1.5498 3.9684 10.2972 1.9791 42.1103 -2.6635 0.2697
Car -1 -1 -7.9418 895.7321 175.4833 926.2892 197.6029 1.5122 1.6560 4.2253 21.6697 1.7102 52.1309 -7.5502 0.2121
Car -1 -1 -4.7240 831.6992 176.0394 851.1783 193.6212 1.4338 1.5286 3.9286 19.7392 1.7152 61.7042 -4.4161 0.1274
Car -1 -1 -4.5742 491.6502 148.7246 522.0588 170.9988 1.5569 1.6745 3.9213 -7.5256 -0.1409 52.7242 -4.7153 0.0982
Car -1 -1 -4.7286 544.0578 143.0040 575.3775 172.3661 1.4873 1.5887 3.7225 -2.7564 -0.0277 38.5346 -4.7995 0.0889
Car -1 -1 -4.4352 62.2247 124.4610 147.7247 168.2812 1.5321 1.6366 4.0604 -19.4221 -0.1908 27.8691 -5.0394 0.0847
Car -1 -1 -4.5190 282.9609 135.3218 342.0475 172.9245 1.5404 1.6573 3.9425 -13.0070 0.0026 31.6508 -4.9060 0.0761
Car -1 -1 -7.2794 997.0168 168.7082 1063.3523 196.8589 1.6074 1.6595 3.7069 24.8835 1.3704 42.7833 -6.7559 0.0696
Car -1 -1 -4.6678 787.1031 177.2563 821.1972 207.6340 1.5204 1.6077 4.0784 10.4779 1.7710 38.9329 -4.4073 0.0672
Car -1 -1 -4.3191 106.7029 124.9475 203.2018 168.7595 1.4868 1.6428 3.9487 -16.9067 -0.1651 26.9560 -4.8748 0.0634
Car -1 -1 -7.7141 325.7817 135.7535 378.7179 171.6627 1.4760 1.6514 4.0151 -11.3709 -0.0565 31.9307 -8.0536 0.0546
Car -1 -1 -4.4288 741.1374 178.5522 796.5125 210.6842 1.4642 1.6097 4.1086 7.9045 1.7643 35.8456 -4.2140 0.0543
Car -1 -1 -4.9449 906.6108 173.8063 951.3765 200.6594 1.6127 1.6617 4.1463 20.0912 1.6756 45.6758 -4.5333 0.0530
Car -1 -1 -7.7575 505.8835 140.9733 542.7087 170.8093 1.5204 1.6194 3.7213 -4.6113 -0.1159 38.9026 -7.8747 0.0522
