Pedestrian -1 -1 -5.9173 256.3194 149.1114 380.2068 339.3371 1.8532 0.5700 1.0280 -2.9405 1.5479 7.1764 -6.2892 0.7129
Pedestrian -1 -1 -7.1341 842.6956 154.7329 853.3261 191.7380 1.8538 0.4706 0.2321 12.2446 0.5631 35.6827 -6.8045 0.1222
Pedestrian -1 -1 -8.0896 547.0853 158.4049 579.1779 235.0260 1.8601 0.6377 0.7614 -1.0915 1.3240 17.6216 -8.1485 0.1113
Pedestrian -1 -1 -4.9946 985.6809 204.1362 1076.2290 369.0000 1.3177 0.4228 0.5929 3.1455 1.5083 5.3528 -4.4869 0.0935
Pedestrian -1 -1 -8.2926 836.6343 167.8567 871.8209 233.3674 1.6156 0.6133 0.6524 6.2232 1.3041 17.7935 -7.9600 0.0920
Cyclist -1 -1 -5.0394 666.3329 165.1252 694.7994 210.2257 1.7571 0.6583 1.5887 2.9926 1.1583 28.3931 -4.9338 0.0834
Pedestrian -1 -1 -5.2830 1128.1071 206.9908 1223.0000 369.0000 1.2601 0.3777 0.5729 4.3287 1.4743 5.4037 -4.6340 0.0635
Car -1 -1 -2.6580 126.8592 183.5095 323.9772 239.5733 1.4044 1.6531 4.3113 -9.9294 1.4876 18.6332 -3.1388 0.0620
Car -1 -1 -3.5872 1152.6948 167.3341 1223.0000 369.0000 1.4821 1.5503 3.8312 7.2765 1.3959 6.1175 -2.7392 0.0615
Pedestrian -1 -1 -4.9388 675.6238 158.3114 706.2664 232.8753 1.8166 0.5696 0.9057 2.1015 1.2763 17.7065 -4.8209 0.0605
Pedestrian -1 -1 -4.2684 264.1525 205.4452 302.3976 279.5680 1.1111 0.3811 0.4541 -5.0436 1.5073 10.9866 -4.6862 0.0567
Pedestrian -1 -1 -3.9339 261.6416 205.3015 310.5074 286.8659 1.1270 0.3961 0.5195 -4.6794 1.4988 10.2734 -4.3479 0.0552
Car -1 -1 -4.2175 459.9422 165.6035 576.3008 230.2807 1.7027 1.6425 4.0759 -2.4643 1.3109 20.8112 -4.3318 0.0547
Pedestrian -1 -1 -6.2462 598.6580 160.0577 630.3101 233.9793 1.8099 0.6537 0.7677 0.2019 1.3097 17.6571 -6.2331 0.0533
Pedestrian -1 -1 -6.9001 706.6400 162.6909 749.5836 233.5909 1.7554 0.5511 0.9265 3.0834 1.3148 17.9547 -6.7313 0.0522
Pedestrian -1 -1 -4.8864 1177.6571 168.7659 1223.0000 270.6303 1.6585 0.5741 0.7913 10.1168 1.4678 11.9975 -4.1973 0.1854
Cyclist -1 -1 -2.9337 649.2034 139.2391 680.9729 171.4146 1.7741 0.6706 1.6826 3.3771 -0.5195 39.8689 -2.8477 0.1563
Pedestrian -1 -1 -4.3844 0.0000 175.6766 49.8090 263.8605 1.7121 0.6258 0.7212 -11.6956 1.6188 14.1733 -5.0617 0.1395
Pedestrian -1 -1 -4.4594 750.5847 168.1416 790.4427 254.0391 1.6680 0.5917 0.8530 3.2952 1.4284 14.2448 -4.2352 0.1293
Pedestrian -1 -1 -5.0858 1012.0080 165.9095 1065.9208 269.2435 1.6849 0.5729 0.6391 7.2351 1.4474 11.8907 -4.5494 0.1140
Pedestrian -1 -1 -7.4929 15.7937 169.1650 73.2456 259.3785 1.7684 0.6613 0.8210 -11.4010 1.5466 14.3494 -8.1518 0.1051
Pedestrian -1 -1 -4.8135 689.2085 168.1843 721.8013 252.1833 1.6795 0.5839 0.7706 2.0108 1.4336 14.5323 -4.6773 0.1034
Pedestrian -1 -1 -4.1494 857.3887 161.6137 911.9699 266.7486 1.7048 0.5672 0.7084 4.6590 1.3989 11.9043 -3.7836 0.1003
Pedestrian -1 -1 -3.9775 392.9052 163.6558 441.9792 248.6201 1.7596 0.6158 0.8344 -4.0574 1.4111 15.1554 -4.2321 0.0888
Cyclist -1 -1 -3.4886 994.1483 157.6199 1141.7844 269.7634 1.7664 0.6269 1.9378 7.5253 1.4064 11.6504 -2.9258 0.0886
Pedestrian -1 -1 -3.7436 838.7946 154.2191 895.4926 260.9954 1.8404 0.5948 0.7364 4.6035 1.3878 12.5679 -3.3988 0.0867
Cyclist -1 -1 -3.2484 725.5099 167.4780 824.1320 253.1591 1.6680 0.5968 1.8650 3.3293 1.4149 14.1730 -3.0210 0.0858
Cyclist -1 -1 -7.7270 504.9725 165.7180 548.6877 264.8163 1.7008 0.5717 1.8372 -1.4633 1.4474 13.0587 -7.8342 0.0835
Pedestrian -1 -1 -3.4173 1035.3236 158.2542 1091.1560 269.2486 1.7689 0.5604 0.6358 7.4711 1.4147 11.6261 -2.8569 0.0832
Pedestrian -1 -1 -7.4189 662.0013 139.5964 679.0792 172.3143 1.7974 0.7101 0.7308 3.6577 -0.4639 39.5850 -7.3253 0.0823
Pedestrian -1 -1 -8.1581 455.9454 170.1797 496.1154 251.8895 1.6792 0.6176 0.8431 -2.7964 1.4675 15.0472 -8.3364 0.0816
Pedestrian -1 -1 -2.7403 818.7017 177.2927 860.2007 252.9645 1.4623 0.4728 0.6515 4.6132 1.4007 14.0554 -2.4281 0.0807
Cyclist -1 -1 -4.5546 64.0131 166.2101 115.6427 263.1744 1.6675 0.4891 1.7035 -9.5106 1.4221 13.0309 -5.1717 0.0786
Cyclist -1 -1 -6.4065 657.8073 141.2460 689.7311 173.2410 1.7943 0.6384 1.7385 3.8856 -0.4156 40.1481 -6.3086 0.0765
Pedestrian -1 -1 -3.6813 1114.6370 152.9866 1185.6525 266.7262 1.8133 0.5755 0.7276 8.8742 1.3750 11.5952 -3.0396 0.0754
Pedestrian -1 -1 -4.7437 884.2434 161.3514 926.1080 264.4317 1.6710 0.6167 0.7460 4.9975 1.3610 11.9193 -4.3544 0.0747
Pedestrian -1 -1 -5.4912 628.6779 170.9597 681.5980 262.8436 1.6153 0.5494 0.8147 0.8633 1.4480 12.9177 -5.4243 0.0719
Pedestrian -1 -1 -4.8522 780.3741 164.2319 821.6437 265.6942 1.7044 0.5840 0.7582 3.3459 1.4315 12.2886 -4.5911 0.0678
Cyclist -1 -1 -5.1933 952.8275 166.5829 1015.9312 251.8358 1.6133 0.4184 1.5714 7.5195 1.3503 14.1657 -4.7129 0.0659
Cyclist -1 -1 -5.0511 654.5417 138.2850 674.0922 170.4146 1.7505 0.5772 1.6735 3.3293 -0.5825 39.9592 -4.9664 0.0641
Cyclist -1 -1 -3.6142 905.5099 172.6349 1062.0216 286.3401 1.5460 0.7547 1.8063 5.2587 1.4394 9.9912 -3.1410 0.0626
Pedestrian -1 -1 -7.7757 524.3461 162.4474 559.6790 259.6037 1.7153 0.5785 0.8431 -1.1872 1.3970 12.9075 -7.8634 0.0598
Pedestrian -1 -1 -5.4442 212.0898 164.2899 264.7308 253.6259 1.7241 0.5957 0.7295 -7.3282 1.4116 14.0550 -5.9137 0.0592
Cyclist -1 -1 -8.3478 937.1804 166.1491 1001.1733 252.7595 1.6433 0.4337 1.5730 7.2364 1.3714 14.2077 -7.8840 0.0589
Pedestrian -1 -1 -5.2779 934.1161 197.6308 974.6807 279.5009 1.1239 0.3423 0.4178 4.8991 1.3728 10.0294 -4.8341 0.0588
Cyclist -1 -1 -3.1148 766.6911 160.7554 864.8360 251.0393 1.7324 0.5511 1.8416 4.1450 1.3539 14.1092 -2.8334 0.0573
Cyclist -1 -1 -7.5876 85.4545 168.7377 144.1142 263.4609 1.6700 0.4758 1.6454 -9.2478 1.4630 13.3211 -8.1815 0.0555
Pedestrian -1 -1 -4.2128 859.9433 189.3154 902.5027 273.0450 1.2573 0.4765 0.4176 4.2460 1.3988 11.0011 -3.8523 0.0548
Cyclist -1 -1 -8.2859 848.1439 172.3922 928.3852 278.3325 1.5272 0.4922 1.6570 4.3248 1.4107 11.0354 -7.9203 0.0548
Cyclist -1 -1 -3.8673 959.7405 154.3924 1083.9978 267.5364 1.8273 0.6000 1.8918 6.9618 1.4060 11.9063 -3.3481 0.0534
Pedestrian -1 -1 -8.3726 941.1871 164.9901 993.0989 267.9893 1.6461 0.5321 0.5905 5.8867 1.3986 11.6101 -7.9126 0.0514
Pedestrian -1 -1 -7.1278 410.3085 167.7368 454.3256 249.9741 1.7071 0.5794 0.7257 -3.7355 1.4425 15.1339 -7.3632 0.0514
Pedestrian -1 -1 -2.8219 792.0734 163.3058 846.6727 266.1875 1.7138 0.5753 0.7647 3.6605 1.4277 12.2318 -2.5365 0.0511
Pedestrian -1 -1 -8.3607 471.3913 182.3669 509.2040 251.9108 1.4365 0.5405 0.6648 -2.4903 1.4778 15.0565 -8.5196 0.0507
Pedestrian -1 -1 -5.0657 1081.7750 155.4109 1140.3328 268.5469 1.7818 0.5631 0.6978 8.1956 1.3871 11.5439 -4.4596 0.0504
Car -1 -1 -6.2249 653.2979 142.7383 719.8067 170.5059 1.5050 1.6134 3.6714 4.6510 -0.5844 40.2377 -6.1085 0.1184
Car -1 -1 -5.4807 0.0000 178.4658 121.7102 221.2043 1.4700 1.5745 4.0860 -19.8551 1.4003 25.3971 -6.1364 0.0700
Car -1 -1 -2.1283 0.0000 175.0039 0.0000 293.8314 1.5343 1.6152 4.2269 -11.5760 1.4638 10.3170 -2.9541 0.0544
