Pedestrian -1 -1 -6.2399 601.5091 165.4521 685.4668 303.4945 1.6799 0.6391 1.0265 0.4443 1.4972 8.9703 -6.1904 0.8493
Pedestrian -1 -1 -5.0229 986.7796 205.6339 1080.3052 369.0000 1.3347 0.4260 0.6005 3.1606 1.5372 5.3468 -4.5127 0.0936
Pedestrian -1 -1 -4.4497 0.0000 175.7966 44.9373 262.2623 1.6797 0.5622 0.6783 -11.7174 1.5887 14.1594 -5.1283 0.0899
Pedestrian -1 -1 -7.9030 558.8585 162.1852 586.1792 235.6888 1.7939 0.6434 0.7925 -0.8610 1.3472 17.6805 -7.9490 0.0745
Cyclist -1 -1 -4.8261 671.5204 167.6077 689.1481 209.7283 1.6502 0.5250 1.6030 2.9994 1.1453 28.5044 -4.7207 0.0694
Pedestrian -1 -1 -1.7241 63.8389 179.4628 91.9313 236.5033 1.6148 0.5520 0.7295 -15.2995 1.5857 20.4694 -2.3568 0.0671
Cyclist -1 -1 -6.8694 1169.1554 148.4968 1223.0000 219.9593 1.8132 0.6363 1.6893 15.7363 1.0015 18.3537 -6.1675 0.0670
Pedestrian -1 -1 -8.6635 773.6193 166.3693 809.6014 233.9986 1.6541 0.5882 0.6435 4.6325 1.3088 17.7216 -8.4105 0.0658
Pedestrian -1 -1 -6.1172 199.2901 167.0379 240.3200 255.6080 1.6882 0.5644 0.6172 -7.5775 1.4320 13.8426 -6.6066 0.0609
Pedestrian -1 -1 -8.0298 449.3587 166.1765 483.4448 249.7982 1.7236 0.5763 0.8375 -3.0058 1.4287 15.0680 -8.2209 0.0579
Pedestrian -1 -1 -4.2254 396.4450 166.2092 439.6111 248.3916 1.7113 0.5947 0.7884 -4.0484 1.4141 15.1754 -4.4791 0.0570
Pedestrian -1 -1 -4.6969 379.4631 192.9505 408.7136 273.6322 1.2387 0.4363 0.5790 -3.4127 1.4439 11.2960 -4.9807 0.0569
Car -1 -1 -3.8013 1164.1992 159.0591 1223.0000 369.0000 1.5345 1.5877 4.0765 7.5443 1.3864 6.0970 -2.9339 0.0561
Car -1 -1 -2.1454 0.0000 173.0357 0.0000 292.3492 1.5454 1.6133 4.2292 -11.5781 1.4492 10.3112 -2.9715 0.0557
Cyclist -1 -1 -7.8169 509.7695 165.1678 543.6257 263.8878 1.7044 0.5566 1.7723 -1.4780 1.4401 13.1110 -7.9247 0.0546
Car -1 -1 -4.8206 586.6793 173.4378 634.7235 213.6307 1.5486 1.5570 4.0149 0.1446 1.2767 29.3178 -4.8140 0.0528
Pedestrian -1 -1 -4.0674 661.2075 139.8628 679.5438 172.2484 1.7880 0.6524 0.8439 3.6718 -0.4710 39.8387 -3.9741 0.1998
Pedestrian -1 -1 -8.1504 837.4468 169.7198 871.1107 234.5390 1.6000 0.6166 0.7063 6.2314 1.3342 17.8172 -7.8178 0.1689
Pedestrian -1 -1 -4.0686 1171.0387 168.6561 1223.0000 269.4182 1.6607 0.5748 0.6811 10.1260 1.4659 12.0126 -3.3797 0.1299
Pedestrian -1 -1 -4.7854 691.0531 167.3404 723.1448 252.9084 1.7022 0.5878 0.8214 2.0374 1.4408 14.4945 -4.6470 0.1175
Pedestrian -1 -1 -7.2261 853.8970 165.1971 909.2236 268.4249 1.6829 0.5952 0.6669 4.6260 1.4338 11.9590 -6.8642 0.1079
Cyclist -1 -1 -3.3270 996.7257 158.8919 1142.4865 272.7025 1.7752 0.6362 1.9219 7.5577 1.4386 11.6789 -2.7634 0.1077
Pedestrian -1 -1 -7.6606 664.4579 168.1741 702.8479 260.8405 1.6614 0.5631 0.8379 1.4249 1.4408 13.1598 -7.5535 0.1058
Pedestrian -1 -1 -5.0604 645.6013 173.4416 687.2875 262.2869 1.5709 0.5334 0.7479 1.0674 1.4465 12.9323 -4.9783 0.1051
Pedestrian -1 -1 -3.1829 1119.0571 149.9749 1180.0886 268.5717 1.8648 0.6137 0.7578 8.8528 1.3852 11.5847 -2.5419 0.1015
Pedestrian -1 -1 -4.7794 860.1481 190.2628 890.6369 272.2903 1.2624 0.4124 0.5325 4.2531 1.4228 11.2699 -4.4261 0.0986
Pedestrian -1 -1 -3.0462 1015.7991 170.7448 1064.2290 272.0100 1.6444 0.5499 0.6511 7.2708 1.4864 11.8961 -2.5078 0.0982
Pedestrian -1 -1 -5.0706 770.4427 159.8609 823.0803 263.3131 1.7545 0.6253 0.8632 3.3139 1.4048 12.4523 -4.8151 0.0941
Pedestrian -1 -1 -4.1850 747.5259 170.0958 793.9680 255.6104 1.6605 0.5561 0.8600 3.2944 1.4588 14.2331 -3.9608 0.0939
Pedestrian -1 -1 -7.9782 609.8284 163.3638 638.9072 236.2339 1.7782 0.6291 0.8146 0.4351 1.3603 17.6896 -7.9523 0.0906
Pedestrian -1 -1 -3.4922 816.0325 172.6540 864.6044 253.9739 1.5847 0.5387 0.7761 4.6249 1.4321 14.0620 -3.1794 0.0815
Cyclist -1 -1 -7.9824 957.0892 172.0964 1011.9757 280.3267 1.5799 0.5103 1.8326 5.9625 1.4576 11.2698 -7.5057 0.0788
Cyclist -1 -1 -4.6646 669.1913 140.0072 679.2387 171.3873 1.7117 0.4876 1.6142 3.8971 -0.5247 39.8865 -4.5658 0.0750
Cyclist -1 -1 -8.1798 846.0349 176.1462 918.6157 278.9145 1.5124 0.5458 1.6713 4.3189 1.4487 11.2494 -7.8210 0.0749
Cyclist -1 -1 -6.3651 655.1213 138.1295 687.4279 170.9103 1.8113 0.6681 1.7530 3.6921 -0.5419 39.6148 -6.2707 0.0733
Cyclist -1 -1 -8.8434 1125.5016 161.3890 1223.0000 265.6080 1.6840 0.4539 1.7267 10.0547 1.3756 12.3157 -8.1697 0.0704
Pedestrian -1 -1 -8.1486 656.9731 161.2882 690.2875 235.6084 1.8135 0.6432 0.7275 1.6668 1.3450 17.6730 -8.0545 0.0665
Cyclist -1 -1 -6.6566 816.2280 167.0822 886.1002 234.9726 1.6983 0.5965 1.5720 6.2194 1.3629 18.0197 -6.3280 0.0657
Cyclist -1 -1 -6.1976 662.8869 168.1472 749.6341 252.4809 1.6734 0.5260 1.7213 2.0315 1.4287 14.4772 -6.0595 0.0651
Pedestrian -1 -1 -4.1666 669.7510 172.6801 713.3632 253.8667 1.6261 0.5575 0.8141 1.7529 1.4699 14.6543 -4.0484 0.0630
Pedestrian -1 -1 -4.7108 850.4045 155.7906 888.5453 262.3060 1.8124 0.6129 0.7771 4.6205 1.3923 12.5006 -4.3633 0.0620
Pedestrian -1 -1 -3.6816 672.6021 160.6059 712.8195 234.0448 1.7935 0.5994 0.8052 2.1515 1.3080 17.7051 -3.5610 0.0597
Pedestrian -1 -1 -6.8290 1034.1788 163.7481 1093.2002 271.5645 1.7364 0.5813 0.6003 7.5169 1.4670 11.6823 -6.2679 0.0588
Pedestrian -1 -1 -7.7832 897.1959 162.6379 938.0198 267.3764 1.7031 0.5927 0.6375 5.2234 1.4130 11.9158 -7.3781 0.0580
Cyclist -1 -1 -3.1454 653.0727 140.5934 684.0395 172.0432 1.7577 0.6545 1.7362 3.5919 -0.4847 40.1326 -3.0547 0.0563
Cyclist -1 -1 -4.9157 657.1702 139.0494 672.0950 170.6781 1.7229 0.5082 1.6917 3.3460 -0.5666 39.9264 -4.8305 0.0556
Pedestrian -1 -1 -4.6857 1087.3475 152.1225 1132.7549 270.1007 1.8484 0.5877 0.7162 8.1930 1.4042 11.5401 -4.0796 0.0554
Pedestrian -1 -1 -6.0832 996.1892 163.4479 1046.1599 271.5690 1.7499 0.5802 0.6259 6.9367 1.4743 11.8680 -5.5643 0.0545
Cyclist -1 -1 -3.7194 915.3360 174.2917 1064.8280 288.5703 1.5507 0.7104 1.7682 5.3844 1.4669 10.0333 -3.2383 0.0541
Pedestrian -1 -1 -7.2181 861.9476 169.4645 915.8820 270.1841 1.6047 0.5764 0.6131 4.6344 1.4292 11.6722 -6.8477 0.0528
Pedestrian -1 -1 -9.1300 1149.5552 152.3104 1211.0540 268.6455 1.8340 0.5852 0.6442 9.3665 1.3899 11.5777 -8.4615 0.0527
Pedestrian -1 -1 -4.7650 1106.4722 156.0026 1154.2188 271.0439 1.8105 0.5814 0.6834 8.5335 1.4254 11.5721 -4.1411 0.0527
Pedestrian -1 -1 -6.3317 822.4529 169.1858 853.0005 232.0771 1.5911 0.5623 0.7187 5.9592 1.3052 18.2532 -6.0196 0.0524
Pedestrian -1 -1 -8.3907 945.7448 169.2146 997.4465 270.6519 1.6181 0.5375 0.5600 5.9435 1.4385 11.5774 -7.9258 0.0515
Pedestrian -1 -1 -7.1276 1053.1105 158.3625 1119.2218 271.5203 1.7926 0.5650 0.7131 7.8129 1.4423 11.5661 -6.5446 0.0510
Cyclist -1 -1 -4.8243 830.3675 151.9878 879.6772 266.0420 1.8717 0.6136 1.7110 4.3418 1.4042 12.5045 -4.4962 0.0501
Car -1 -1 -7.8263 666.4032 140.0439 697.0648 169.1356 1.5505 1.6701 3.7501 4.4976 -0.6938 41.1970 -7.7162 0.1429
Car -1 -1 -4.9679 624.0788 141.0230 669.4514 170.1289 1.5266 1.6398 4.0317 2.3367 -0.6289 40.7452 -4.9089 0.0615
