Pedestrian -1 -1 -2.8809 755.6138 169.8723 782.8259 230.1426 1.7683 0.6362 0.6564 4.7203 1.6805 21.6016 -2.6693 0.1721
Pedestrian -1 -1 -5.1076 824.9832 195.8064 845.7137 240.1918 1.1060 0.4010 0.3435 5.6835 1.6961 18.3678 -4.8128 0.1400
Pedestrian -1 -1 -5.3815 97.8203 186.2280 122.6226 226.4653 1.8376 0.6986 0.6510 -23.3572 2.4693 33.6670 -5.9846 0.1192
Pedestrian -1 -1 -5.7644 831.8344 190.3329 864.6377 251.6689 1.2669 0.4026 0.5380 5.0400 1.6485 15.4284 -5.4552 0.1189
Pedestrian -1 -1 -5.4212 871.1921 165.8731 883.1268 203.0528 1.9068 0.4980 0.3069 13.7473 1.5485 37.2361 -5.0705 0.1152
Pedestrian -1 -1 -5.7660 481.4911 188.3502 498.0536 217.8506 1.3513 0.5112 0.5886 -5.6638 2.0832 33.7511 -5.9315 0.1109
Pedestrian -1 -1 -6.0478 1055.2922 167.8480 1070.8831 199.5415 1.8134 0.6904 0.6223 26.1791 1.5267 41.7480 -5.4913 0.1090
Pedestrian -1 -1 -6.2063 184.2322 182.8717 196.1167 203.3887 1.8218 0.5352 0.8857 -37.7958 2.7289 64.9256 -6.7319 0.1053
Cyclist -1 -1 -7.6817 433.2506 182.6685 444.5135 209.8273 1.5972 0.4175 1.4779 -10.3998 2.2019 43.7270 -7.9143 0.1003
Cyclist -1 -1 -7.8398 438.2238 180.3399 444.9840 207.1999 1.6527 0.3947 1.5902 -10.6897 2.1348 45.6726 -8.0688 0.0908
Cyclist -1 -1 -8.4558 917.0209 179.8219 981.8140 252.0615 1.4638 0.4938 1.4907 7.2299 1.6211 15.5474 -8.0284 0.0905
Pedestrian -1 -1 -7.2317 734.2173 180.5374 751.1339 209.9399 1.5223 0.6363 0.6181 6.9543 1.9317 38.0327 -7.0527 0.0885
Car -1 -1 -7.4093 178.5641 188.8458 249.7973 221.6926 1.4880 1.6704 3.8275 -19.9911 2.3410 36.5450 -7.9071 0.0821
Car -1 -1 -4.2038 49.3399 190.3680 135.6596 226.9347 1.5416 1.6574 3.8632 -24.5600 2.4239 34.3536 -4.8210 0.0812
Car -1 -1 -4.3668 484.0149 179.4595 517.6491 200.5344 1.6203 1.6016 3.5170 -8.8458 2.1730 58.5326 -4.5165 0.0808
Pedestrian -1 -1 -9.1839 1092.4423 168.9400 1160.2048 306.7787 1.7048 0.5487 0.6072 6.6202 1.6561 9.3331 -8.5826 0.0781
Pedestrian -1 -1 -7.4491 201.4566 170.6859 227.3636 218.2846 1.8084 0.6466 0.7114 -15.2785 1.7257 27.7975 -7.9479 0.0770
Car -1 -1 -4.6242 405.1969 175.2638 427.6207 194.4588 1.7223 1.6629 4.1881 -18.0977 1.9548 67.5022 -4.8855 0.0755
Pedestrian -1 -1 -3.7910 980.0690 167.6426 995.6133 204.4384 1.8535 0.5658 0.4476 19.1569 1.5907 36.6636 -3.3132 0.0743
Car -1 -1 -5.2320 1083.1649 175.6879 1144.7214 200.3693 1.6141 1.6564 4.0853 34.6428 1.8175 49.7751 -4.6271 0.0701
Pedestrian -1 -1 -6.7002 1011.9567 166.4232 1034.7642 206.2285 1.9169 0.6327 0.7708 20.0623 1.6070 35.1004 -6.1850 0.0694
Pedestrian -1 -1 -3.3895 236.6744 185.9372 250.8401 216.5140 1.8554 0.6432 0.6438 -22.6867 2.6725 44.6259 -3.8577 0.0682
Pedestrian -1 -1 -3.0819 1187.0969 160.1022 1241.0000 276.6085 1.7951 0.5388 0.7927 9.7408 1.5983 11.5841 -2.3958 0.0673
Pedestrian -1 -1 -5.7872 1161.7991 232.6657 1236.0681 352.3119 1.1347 0.3693 0.4765 5.9977 1.7743 7.4277 -5.1282 0.0660
Pedestrian -1 -1 -7.8605 720.5597 168.9331 731.7502 203.9877 1.8904 0.5948 0.7338 6.2883 1.6787 39.3189 -7.7036 0.0637
Cyclist -1 -1 -4.4287 276.6266 182.5549 305.6838 230.2141 1.6648 0.5384 1.6161 -11.6866 2.0304 26.3804 -4.8424 0.0637
Car -1 -1 -7.5414 388.8444 171.4611 430.0744 195.7764 1.6226 1.6563 3.8364 -13.9026 1.5293 50.1006 -7.8110 0.0623
Car -1 -1 -7.4718 282.6635 181.9063 350.4148 216.7634 1.4805 1.5938 3.8399 -13.6028 1.9254 33.5647 -7.8545 0.0615
Car -1 -1 -4.6549 769.5496 175.0278 793.3536 195.7525 1.5416 1.5892 3.9342 13.3599 1.7170 56.2258 -4.4232 0.0602
Pedestrian -1 -1 -4.4074 962.7488 162.2085 977.3119 195.8045 1.9773 0.6521 0.5108 21.3574 1.3504 42.8754 -3.9483 0.0590
Car -1 -1 -7.5492 1042.4578 167.6827 1115.6768 205.6517 1.5960 1.6094 4.0842 20.9608 1.3783 32.2544 -6.9774 0.0568
Cyclist -1 -1 -7.6718 261.1220 179.5903 284.8323 229.9849 1.7618 0.4808 1.7027 -12.3373 2.0157 26.3455 -8.1062 0.0564
Cyclist -1 -1 -8.3522 1042.1564 170.3533 1090.9686 223.1336 1.5667 0.5174 1.6890 14.0174 1.4921 22.2753 -7.7969 0.0563
Car -1 -1 -3.6013 1045.1611 178.8523 1135.8716 208.0742 1.5191 1.6333 3.7421 25.8515 1.8514 38.9739 -3.0196 0.0559
Car -1 -1 -4.2069 211.0324 189.9446 269.7994 217.6148 1.6047 1.6610 3.9170 -23.6634 2.7478 46.2851 -4.6775 0.0533
Cyclist -1 -1 -6.7599 140.8427 188.1761 211.2067 250.0244 1.6534 0.4147 1.7165 -12.3747 2.1071 20.5421 -7.2967 0.0533
Pedestrian -1 -1 -4.0086 991.6210 165.2533 1004.5441 189.4826 1.8685 0.4507 0.8355 30.0940 1.2820 56.0049 -3.5179 0.0528
Car -1 -1 -3.0227 55.7285 182.7116 190.9340 223.5860 1.4832 1.6160 4.2892 -19.2343 1.8979 28.6852 -3.6093 0.0522
Pedestrian -1 -1 -5.7436 174.9157 180.8247 187.9561 203.7368 1.7494 0.5832 0.6576 -33.0423 2.3664 55.5875 -6.2781 0.0514
Car -1 -1 -4.5518 640.2216 176.1483 665.2386 194.5880 1.5615 1.6151 3.8892 3.7919 1.8625 63.9156 -4.4932 0.0512
Car -1 -1 -4.5769 804.8543 178.1328 830.3379 196.7875 1.5425 1.6095 4.1137 18.1638 2.0201 63.1178 -4.2984 0.0511
Pedestrian -1 -1 -6.8873 1192.2559 153.3119 1235.1154 233.7026 1.8702 0.5922 0.5353 14.2481 1.4153 17.1027 -6.2015 0.0511
Cyclist -1 -1 -7.9507 304.2476 182.7822 312.8161 209.7500 1.6596 0.3483 1.6139 -19.1662 2.3002 45.7818 -8.3454 0.0509
Car -1 -1 -4.0060 379.0272 180.6310 441.5799 206.7411 1.5448 1.6545 3.9974 -12.7398 2.0650 46.1369 -4.2743 0.0508
Car -1 -1 -6.3079 775.7421 174.4852 869.5107 210.7722 1.4732 1.5238 3.7250 8.9211 1.5448 30.6094 -6.0274 0.0508
Pedestrian -1 -1 -3.8372 747.6985 167.6806 759.3422 196.0512 1.8690 0.5757 0.5065 9.4951 1.5279 47.9068 -3.6431 0.0506
Cyclist -1 -1 -8.0080 733.8323 173.8217 740.7232 192.7304 1.5812 0.3462 1.4990 10.7611 1.6639 61.1655 -7.8350 0.0504
Cyclist -1 -1 -7.9052 324.2068 179.3013 333.9627 209.9914 1.6466 0.4225 1.5858 -15.5618 2.0097 39.8625 -8.2754 0.1611
Cyclist -1 -1 -7.9235 643.3332 177.8593 654.1716 213.1172 1.6233 0.4072 1.4655 1.7882 1.8651 34.1651 -7.8723 0.1480
Pedestrian -1 -1 -8.1821 1123.3344 165.6302 1150.5626 218.5315 1.7968 0.6094 0.5522 18.1021 1.5512 24.8602 -7.5587 0.1337
Pedestrian -1 -1 -6.3451 319.5313 178.1528 336.6655 210.5134 1.7478 0.6230 0.8390 -15.5029 2.0416 39.5799 -6.7165 0.1312
Pedestrian -1 -1 -6.7095 142.6260 176.0929 184.8212 245.7392 1.8736 0.6271 0.8072 -12.3959 1.9653 19.9684 -7.2593 0.1261
Pedestrian -1 -1 -5.0069 817.3613 166.5007 836.2090 208.3120 1.8260 0.5953 0.7766 9.5368 1.5482 31.9009 -4.7195 0.1114
Pedestrian -1 -1 -8.0589 125.1972 182.6622 158.1899 247.8437 1.7513 0.6436 0.6834 -13.0294 2.0292 19.9972 -8.6305 0.1065
Cyclist -1 -1 -4.4677 481.5984 181.7247 499.9485 217.2596 1.6145 0.4963 1.5344 -5.6434 2.0414 33.9595 -4.6317 0.1041
Cyclist -1 -1 -7.9570 1056.3312 171.0484 1068.2272 200.4237 1.6732 0.4294 1.4661 26.1903 1.5700 41.8507 -7.4013 0.1023
Cyclist -1 -1 -7.6176 776.1282 173.7722 791.5624 207.5251 1.6263 0.3871 1.5775 8.5436 1.6724 35.6005 -7.3844 0.0976
Cyclist -1 -1 -8.3451 957.5734 165.9252 996.4583 216.9142 1.6805 0.4653 1.6139 12.4408 1.4518 24.5932 -7.8821 0.0975
Cyclist -1 -1 -6.2025 475.4608 179.3696 512.0962 216.8586 1.7275 0.6567 1.6462 -5.4723 2.0358 33.7773 -6.3624 0.0948
Cyclist -1 -1 -4.2924 485.9309 177.6271 511.9777 216.0268 1.7675 0.5943 1.6746 -5.3096 2.0001 34.3176 -4.4452 0.0880
Pedestrian -1 -1 -8.0444 834.5473 164.9034 855.0970 210.1636 1.8160 0.6473 0.8277 9.5176 1.4967 29.4004 -7.7347 0.0833
Cyclist -1 -1 -4.0506 373.7444 184.7445 403.7476 221.0211 1.5969 0.5034 1.4925 -10.1682 2.1544 33.0641 -4.3471 0.0820
Cyclist -1 -1 -7.0217 116.7875 185.4400 189.3878 248.5556 1.6349 0.5170 1.8256 -12.6852 2.0003 20.0174 -7.5809 0.0791
Pedestrian -1 -1 -8.0333 849.4372 167.5937 867.7318 210.7808 1.7526 0.6003 0.6561 10.1664 1.5389 29.6502 -7.7065 0.0763
Cyclist -1 -1 -7.9629 319.5581 178.4816 330.0455 209.9588 1.6961 0.3738 1.5550 -15.8258 2.0133 39.9318 -8.3383 0.0755
Cyclist -1 -1 -7.7983 310.0072 177.8727 320.4727 209.6628 1.6966 0.4423 1.5976 -16.2079 1.9775 39.5967 -8.1848 0.0751
Cyclist -1 -1 -5.0568 634.0055 176.6404 653.5521 213.2220 1.6845 0.4468 1.4806 1.5492 1.8675 34.1591 -5.0125 0.0725
Cyclist -1 -1 -7.4992 644.0573 175.9956 663.2816 212.8099 1.7009 0.4362 1.4514 2.0374 1.8529 34.2180 -7.4409 0.0718
Cyclist -1 -1 -8.0230 684.2042 175.7803 696.9667 206.5937 1.6439 0.4338 1.5515 4.3591 1.8067 39.4312 -7.9143 0.0680
Cyclist -1 -1 -7.7952 207.2630 175.9888 221.5239 220.0865 1.6689 0.3908 1.6335 -15.5238 1.7949 28.2465 -8.2941 0.0674
Cyclist -1 -1 -4.7790 330.4452 175.4346 341.8133 207.9766 1.6858 0.4575 1.6430 -14.6018 1.8257 38.3543 -5.1407 0.0648
Cyclist -1 -1 -6.9994 1059.0353 169.5369 1117.1356 213.1394 1.7166 0.7652 1.9128 19.1058 1.5857 28.9172 -6.4207 0.0632
Cyclist -1 -1 -4.9489 771.3860 175.2669 787.5795 208.0617 1.5725 0.4206 1.5379 8.2855 1.6935 35.4828 -4.7218 0.0626
Cyclist -1 -1 -7.1189 335.3924 175.8749 364.6856 208.1633 1.7328 0.4889 1.7241 -14.3552 1.9027 39.7783 -7.4635 0.0623
Cyclist -1 -1 -7.5098 778.8789 174.5263 799.4016 208.1965 1.6179 0.4581 1.6470 8.7973 1.7019 35.5644 -7.2697 0.0622
Cyclist -1 -1 -6.2641 731.8461 176.3594 762.5881 208.6498 1.6727 0.6539 1.5755 7.1818 1.8591 37.9602 -6.0791 0.0620
Cyclist -1 -1 -3.5502 635.6475 177.0623 671.1482 213.8656 1.6926 0.6252 1.5420 1.9949 1.8930 33.8692 -3.4926 0.0602
Cyclist -1 -1 -8.4419 729.5864 177.9238 754.9027 209.7537 1.6333 0.5228 1.5803 6.9363 1.9066 38.1165 -8.2638 0.0602
Cyclist -1 -1 -3.2383 822.2435 167.6560 868.6814 210.2046 1.7151 0.6655 1.7515 9.5974 1.5053 29.5951 -2.9281 0.0600
Pedestrian -1 -1 -6.7952 351.5155 180.0000 370.7726 213.0114 1.6618 0.6213 0.7221 -12.8012 2.0327 37.0037 -7.1265 0.0598
Cyclist -1 -1 -4.7776 300.0359 175.8885 312.6172 211.0741 1.6795 0.4627 1.6757 -14.9622 1.8318 35.4411 -5.1747 0.0598
Cyclist -1 -1 -7.7466 904.8465 168.2587 921.3572 212.0083 1.6578 0.4312 1.6267 11.7906 1.4834 28.1581 -7.3542 0.0583
Cyclist -1 -1 -5.1062 746.1041 175.7098 767.3160 207.7443 1.6159 0.4981 1.5939 7.5492 1.7668 37.3746 -4.9090 0.0573
Cyclist -1 -1 -7.8831 306.0665 177.8531 314.3997 209.5607 1.6899 0.3759 1.6072 -16.4610 1.9690 39.5209 -8.2757 0.0567
Pedestrian -1 -1 -8.3975 639.7609 180.0909 657.7857 213.8226 1.5412 0.5271 0.7469 1.7622 1.8826 33.6154 -8.3462 0.0551
Pedestrian -1 -1 -7.6505 944.6828 165.5808 966.4207 212.8022 1.7212 0.6039 0.6880 12.7690 1.4558 26.7554 -7.2099 0.0544
Cyclist -1 -1 -4.5843 1004.8342 171.1268 1021.3770 208.8176 1.6032 0.4373 1.6032 17.5430 1.5295 31.4673 -4.0801 0.0543
Cyclist -1 -1 -8.3545 832.9016 169.9028 864.9937 215.9513 1.6700 0.3911 1.6446 8.8827 1.5627 27.0122 -8.0405 0.0537
Cyclist -1 -1 -7.9188 364.2647 181.4946 378.2650 219.7478 1.6898 0.5023 1.6939 -11.0172 2.0971 33.1507 -8.2377 0.0530
Cyclist -1 -1 -7.7316 911.5554 168.3725 928.4103 211.7568 1.6484 0.4163 1.6553 12.0930 1.4778 28.2364 -7.3312 0.0524
Cyclist -1 -1 -4.8111 480.0894 181.3692 494.0834 217.5385 1.6600 0.4971 1.6282 -5.9024 2.0753 34.3661 -4.9805 0.0522
Pedestrian -1 -1 -3.7317 291.1365 174.8689 309.6081 211.5062 1.8031 0.6893 0.5576 -15.4786 1.9044 35.9781 -4.1356 0.0521
Cyclist -1 -1 -5.8799 625.1060 176.3489 658.3807 213.3185 1.7125 0.5594 1.4691 1.4573 1.8801 34.0991 -5.8381 0.0517
Pedestrian -1 -1 -4.2109 157.9707 183.3940 195.9281 246.7294 1.7532 0.6000 0.8302 -12.3663 2.0592 20.5404 -4.7475 0.0505
Car -1 -1 -4.5652 509.0564 182.7382 556.6664 215.8133 1.4339 1.6987 3.9759 -3.6663 1.9341 34.5111 -4.6708 0.9338
Car -1 -1 -4.9006 648.9183 174.8681 682.1596 199.2041 1.6323 1.6128 3.9426 3.8349 1.7794 50.7843 -4.8261 0.2856
Car -1 -1 -5.9571 683.2314 176.9397 762.8278 206.7944 1.5391 1.6435 3.9651 6.1065 1.7706 39.2897 -5.8046 0.1787
Car -1 -1 -8.1083 351.1501 184.7412 402.6354 218.7447 1.4632 1.5236 3.3466 -11.1074 2.0554 34.1423 -8.4210 0.1609
Car -1 -1 -8.3338 1057.9921 171.0524 1130.6053 201.3105 1.5963 1.6654 4.0268 26.8095 1.5010 40.1552 -7.7488 0.1592
Car -1 -1 -7.4484 338.0854 179.9638 398.6484 210.6169 1.5183 1.6080 4.0677 -12.9521 1.9211 38.8065 -7.7688 0.1478
Car -1 -1 -4.4957 322.9574 178.2055 368.4191 207.6547 1.5731 1.6143 4.0351 -15.1414 1.8956 41.4146 -4.8445 0.1446
Car -1 -1 -2.8049 644.6169 176.0163 697.2839 196.9418 1.5649 1.6668 3.7279 4.6976 1.8165 55.9414 -2.7219 0.1443
Car -1 -1 -6.3524 645.9316 177.4112 738.4780 210.1906 1.5090 1.6501 4.2701 3.8171 1.7315 34.3774 -6.2433 0.1318
Car -1 -1 -4.6542 183.5324 194.7704 220.4135 224.7983 1.5342 1.6360 4.1867 -23.9423 2.8891 42.3757 -5.1661 0.1212
Car -1 -1 -4.5240 772.8957 178.6106 815.9551 208.6016 1.4805 1.5837 3.5727 9.7946 1.8015 38.3218 -4.2761 0.1094
Car -1 -1 -8.0051 1045.5254 176.0420 1106.2397 214.8585 1.5163 1.6038 3.5965 19.5532 1.6594 30.4788 -7.4395 0.0856
Car -1 -1 -3.1318 67.4157 178.1089 202.4219 219.4066 1.5205 1.6648 4.4136 -18.9688 1.7447 28.9332 -3.7080 0.0724
Car -1 -1 -7.9408 747.0308 176.7534 784.0240 204.6182 1.4880 1.6915 4.2491 8.8219 1.7232 41.3617 -7.7326 0.0691
Car -1 -1 -8.4231 679.7034 177.4533 737.8893 205.0999 1.5114 1.5866 3.7518 5.6809 1.7928 42.1571 -8.2906 0.0691
Car -1 -1 -6.8055 783.6236 175.4471 878.8791 206.0370 1.4652 1.6291 4.3174 10.9979 1.5992 36.0622 -6.5122 0.0662
Car -1 -1 -8.7098 947.8436 176.4037 1041.0619 209.8058 1.4995 1.6628 3.8145 18.4659 1.6811 34.9118 -8.2272 0.0609
Car -1 -1 -7.3308 275.1579 183.8260 350.9336 218.9429 1.4631 1.5855 3.6926 -13.6193 1.9973 33.2098 -7.7176 0.0560
Car -1 -1 -4.7300 1114.3418 170.9114 1175.4645 216.7746 1.5504 1.6931 4.0515 19.5379 1.4844 26.5361 -4.1010 0.0557
Car -1 -1 -5.2738 111.8654 177.9731 216.7172 220.4132 1.4604 1.6033 3.6694 -16.5635 1.6606 26.7287 -5.8244 0.0531
Car -1 -1 -4.9246 467.9904 184.3262 512.7502 216.1359 1.4106 1.4737 3.3398 -5.9058 1.9979 35.1353 -5.0905 0.0515
