Car -1 -1 -4.4404 396.4321 189.5885 468.8589 238.6644 1.5244 1.5560 3.6532 -6.2310 2.1591 25.5275 -4.6781 0.9601
Car -1 -1 -7.9877 656.4386 176.4639 711.4124 219.5912 1.6031 1.6502 4.2045 2.8798 1.7601 29.3097 -7.8914 0.9448
Car -1 -1 -4.4833 437.6304 190.1487 494.3272 226.9750 1.3940 1.5535 3.8785 -6.1800 2.1867 31.1217 -4.6783 0.8777
Car -1 -1 -8.0624 838.1865 164.3378 874.4948 187.2669 1.6597 1.7356 4.2517 18.5022 1.0430 54.4413 -7.7366 0.4469
Pedestrian -1 -1 -7.5131 838.7855 165.3894 851.5505 194.2971 1.7000 0.5783 0.5270 13.9197 1.2607 42.8178 -7.2011 0.3162
Car -1 -1 -8.1937 745.6988 163.0418 783.6281 182.9254 1.5800 1.7134 4.3096 12.6932 0.8000 59.5850 -7.9850 0.1826
Car -1 -1 -8.1135 877.8013 156.0736 907.9418 174.8621 1.6907 1.6545 3.8747 26.1826 0.1804 66.9474 -7.7423 0.1557
Car -1 -1 -4.8524 649.7344 176.4668 695.2977 211.4213 1.6177 1.6723 4.2268 3.0136 1.8084 35.9965 -4.7701 0.1228
Pedestrian -1 -1 -3.7057 463.3197 171.6044 488.3503 214.3575 2.0517 0.6724 0.9958 -6.5864 1.9914 35.2114 -3.8898 0.1138
Pedestrian -1 -1 -6.3184 431.4087 178.2341 440.7926 196.7202 1.7170 0.4818 0.8377 -16.3044 2.2230 67.5597 -6.5546 0.0988
Car -1 -1 -3.9565 282.2040 189.3878 368.7827 223.0698 1.5237 1.6984 4.2402 -14.5960 2.4275 37.1677 -4.3287 0.0870
Car -1 -1 -2.9891 771.6776 169.7024 872.3521 210.7841 1.5855 1.6057 3.7346 8.5790 1.4636 29.3602 -2.7080 0.0851
Cyclist -1 -1 -8.4426 927.7427 163.4810 982.0864 228.1659 1.7189 0.4937 1.6934 9.5035 1.4695 20.0481 -8.0061 0.0830
Pedestrian -1 -1 -3.9385 1109.9766 137.6572 1187.4602 266.7727 1.8593 0.5677 0.7439 7.9472 1.3522 10.7341 -3.3147 0.0816
Pedestrian -1 -1 -6.6455 1163.7871 140.2471 1241.0000 274.1573 1.7082 0.6081 0.7006 7.8575 1.2919 9.6000 -5.9748 0.0815
Car -1 -1 -8.3009 894.7571 155.3862 933.4863 174.8399 1.7495 1.7258 4.0388 28.1447 0.1783 66.9502 -7.9046 0.0804
Car -1 -1 -5.2224 968.9678 157.2090 1016.2001 181.9801 2.0999 1.8189 4.2242 33.4722 0.7733 63.3004 -4.7381 0.0772
Car -1 -1 -8.1086 715.5309 177.5789 766.1209 207.6002 1.4156 1.5848 3.8769 6.5394 1.6684 36.6473 -7.9340 0.0752
Cyclist -1 -1 -4.7225 854.8589 169.0454 870.4513 213.8472 1.6475 0.5333 1.4523 9.5075 1.5071 27.3056 -4.3913 0.0688
Pedestrian -1 -1 -3.1492 328.2781 180.5910 340.6731 229.1435 1.9261 0.5048 0.4625 -11.1366 2.2407 29.0449 -3.5127 0.0682
Pedestrian -1 -1 -6.4827 1183.0181 151.6347 1241.0000 260.9321 1.6005 0.5561 0.6407 9.1180 1.2895 10.9604 -5.8023 0.0676
Pedestrian -1 -1 -6.4112 683.3003 165.3962 714.0270 223.7946 1.9843 0.5726 0.9813 2.9954 1.7306 24.8075 -6.2932 0.0616
Car -1 -1 -7.5419 456.8587 174.6284 487.2543 193.7525 1.7773 1.6664 4.2221 -13.2959 1.9538 69.6634 -7.7301 0.0609
Pedestrian -1 -1 -8.0147 333.9742 174.6031 348.1484 209.1106 2.0805 0.7267 0.5779 -16.4278 2.1879 43.9776 -8.3706 0.0571
Pedestrian -1 -1 -7.4779 735.9932 167.5882 757.1353 212.6357 1.8232 0.6194 0.7643 5.5777 1.6097 29.6902 -7.2946 0.0554
Cyclist -1 -1 -8.3687 952.4552 166.1431 1003.1919 229.4366 1.6745 0.4376 1.7403 10.0998 1.4966 19.9693 -7.9069 0.0544
Car -1 -1 -7.1757 1197.3976 126.6200 1241.0000 374.0000 1.5853 1.6110 4.2051 6.9439 1.3042 5.2044 -6.2750 0.0532
Pedestrian -1 -1 -7.9622 1005.4580 166.7773 1026.2804 216.8676 1.6402 0.5646 0.3461 13.3898 1.4409 23.8953 -7.4571 0.0506
Pedestrian -1 -1 -6.6114 640.1381 172.4983 654.4606 198.0305 1.9436 0.5317 0.9769 2.8299 1.9162 55.3159 -6.5610 0.0503
Cyclist -1 -1 -8.4596 642.2244 177.9688 660.1689 202.5596 1.6524 0.4306 1.5362 2.7916 2.0089 49.5700 -8.4041 0.0865
Cyclist -1 -1 -7.2519 27.5191 203.2348 64.4339 243.4457 1.6764 0.4160 1.6822 -25.2065 3.0686 32.2194 -7.9119 0.0838
Cyclist -1 -1 -8.3732 1020.3356 150.1869 1045.5402 182.0934 1.7487 0.4137 1.7174 23.6314 0.5061 40.4051 -7.8472 0.0782
Cyclist -1 -1 -7.6621 305.4993 192.9867 336.7840 257.8523 1.6295 0.4776 1.6417 -7.8402 2.1971 19.5045 -8.0401 0.0749
Pedestrian -1 -1 -4.7144 233.0263 185.0459 256.6774 253.9609 1.9093 0.5937 0.7732 -10.4918 2.2658 20.6387 -5.1799 0.0688
Cyclist -1 -1 -4.5093 296.7547 196.8631 336.4306 269.4082 1.6122 0.5479 1.7492 -7.1616 2.2260 17.5464 -4.8922 0.0642
Cyclist -1 -1 -8.1983 1110.9386 149.0183 1131.9694 181.3239 1.7010 0.3994 1.6000 27.4630 0.4457 38.8148 -7.5861 0.0627
Pedestrian -1 -1 -7.6724 1032.8268 153.2602 1048.1746 185.1116 1.7141 0.6296 0.5503 23.3768 0.6594 39.2444 -7.1386 0.0606
Cyclist -1 -1 -4.2125 390.5810 182.4776 430.9775 246.3097 1.7990 0.5312 1.4267 -5.9174 2.0931 21.3178 -4.4808 0.0601
Cyclist -1 -1 -8.7878 1098.0049 147.1841 1136.8076 180.5444 1.7456 0.4887 1.7495 27.1301 0.4021 38.6629 -8.1795 0.0600
Cyclist -1 -1 -4.3791 380.8226 183.6890 417.8560 247.6292 1.7956 0.5922 1.4917 -6.2434 2.1263 21.2801 -4.6618 0.0582
Pedestrian -1 -1 -7.5856 1035.9772 152.1501 1051.6417 184.6068 1.7321 0.5924 0.5833 23.3626 0.6269 38.9221 -7.0484 0.0551
Pedestrian -1 -1 -7.6554 1137.4062 149.6429 1152.7401 180.9855 1.7019 0.5764 0.5702 29.3159 0.4412 39.5836 -7.0214 0.0532
Pedestrian -1 -1 -3.3267 1107.3268 146.7165 1131.0579 182.0445 1.8802 0.6811 0.9334 27.4077 0.4888 38.9035 -2.7165 0.0514
Cyclist -1 -1 -4.5682 295.5019 190.4868 324.8722 257.7105 1.6981 0.5003 1.6406 -8.1488 2.1961 19.5322 -4.9592 0.0501
Car -1 -1 -7.2554 97.1615 198.4962 183.2921 237.2654 1.5107 1.6116 3.3069 -20.7825 2.7073 32.0046 -7.8278 0.9366
Car -1 -1 -7.3552 49.0485 198.9896 135.6820 238.2031 1.5522 1.6339 3.7302 -23.6754 2.8216 33.1060 -7.9725 0.8391
Car -1 -1 -4.5641 476.5096 181.6070 516.1682 215.7846 1.7194 1.5595 4.0100 -6.1800 2.2208 39.3399 -4.7194 0.7438
Car -1 -1 -7.2880 158.3242 201.2904 248.2034 239.6686 1.4533 1.5820 4.0591 -18.2200 2.8142 32.4655 -7.7962 0.5712
Car -1 -1 -7.2346 0.0000 203.3960 96.1764 241.6436 1.4852 1.7452 3.8688 -25.8276 2.9703 33.1260 -7.8931 0.4788
Car -1 -1 -8.5424 1031.1271 142.4078 1117.3528 180.3889 1.9157 1.7185 3.9746 24.6022 0.3798 38.4710 -7.9768 0.2796
Car -1 -1 -8.8542 1063.9580 148.5971 1164.3102 180.6817 1.6164 1.7173 4.1171 26.8095 0.3941 38.5821 -8.2505 0.2044
Car -1 -1 -5.9299 646.4191 177.7491 714.3203 202.2950 1.5867 1.6258 4.2887 4.7342 1.9299 48.9681 -5.8345 0.1984
Car -1 -1 -4.8978 515.0734 183.1403 544.6368 203.9909 1.4863 1.5669 3.8957 -6.2363 2.3083 55.5893 -5.0094 0.1561
Car -1 -1 -4.8896 502.1309 183.2479 533.7499 205.8138 1.4664 1.5573 3.8053 -6.5503 2.2278 50.8243 -5.0176 0.1546
Car -1 -1 -4.4748 497.3236 184.3892 535.3502 209.5439 1.4751 1.5462 3.8666 -5.9772 2.2447 46.1566 -4.6034 0.1528
Car -1 -1 -4.6079 262.1733 201.9656 339.6552 263.9747 1.3194 1.4951 3.7497 -8.1895 2.1770 19.2521 -5.0057 0.1435
Car -1 -1 -4.7542 901.8168 153.1702 927.2277 185.3042 2.6689 1.8167 4.6579 26.2793 1.0338 62.4278 -4.3577 0.1422
Car -1 -1 -4.6847 539.1270 176.3455 567.2144 205.2270 1.7849 1.7200 4.1886 -3.7126 2.0235 47.2425 -4.7631 0.1059
Car -1 -1 -4.7970 559.3042 178.7551 587.6022 203.3952 1.6462 1.6447 4.4156 -2.6852 2.0867 51.6055 -4.8492 0.0842
Car -1 -1 -4.7780 480.0464 181.6096 508.7583 205.7349 1.5549 1.7030 4.1515 -8.1303 2.1921 50.3242 -4.9378 0.0749
Car -1 -1 -5.0260 434.1143 183.4772 476.5387 207.8081 1.5365 1.6356 4.2129 -10.7372 2.3014 49.7460 -5.2380 0.0614
Car -1 -1 -3.2109 1049.9532 149.6490 1151.3894 180.0789 1.6518 1.7029 4.6568 27.7553 0.3919 41.0652 -2.6198 0.0568
Car -1 -1 -4.9204 624.8456 176.3530 662.3897 203.0404 1.6469 1.6381 4.0695 2.1184 1.8860 47.2282 -4.8764 0.0561
Car -1 -1 -4.8688 592.4368 177.3630 625.6693 201.4514 1.5510 1.6269 4.2596 -0.1424 1.8741 49.5250 -4.8721 0.0507
