Pedestrian -1 -1 -3.3261 727.4218 168.5661 737.3509 192.6346 1.9348 0.4912 0.7115 9.8530 1.5898 58.2554 -3.1597 0.1220
Pedestrian -1 -1 -6.8111 805.2817 170.7531 820.4907 198.1918 1.6961 0.7353 0.6277 12.6261 1.5659 45.0367 -6.5398 0.1207
Pedestrian -1 -1 -9.0528 1015.0183 162.1177 1039.3390 217.4600 1.7938 0.5804 0.5209 13.6965 1.4455 23.7720 -8.5358 0.0844
Pedestrian -1 -1 -3.4309 367.6564 171.1040 375.2169 196.3628 1.7665 0.5289 0.3699 -16.8226 1.6438 50.7841 -3.7495 0.0765
Cyclist -1 -1 -7.4113 110.3178 173.7453 139.9568 208.8101 1.6588 0.4509 1.8367 -23.6233 1.7030 35.1226 -8.0001 0.0759
Pedestrian -1 -1 -6.2071 500.4995 169.7403 514.2402 195.8342 1.8295 0.5756 0.9192 -7.2688 1.6109 50.9061 -6.3486 0.0730
Car -1 -1 -7.4577 767.8948 176.4102 817.9340 203.7726 1.5317 1.6454 3.5388 10.8450 1.7517 42.7959 -7.2116 0.0600
Car -1 -1 -4.8879 497.7212 173.6175 530.8098 196.4633 1.6115 1.6773 4.4091 -7.1582 1.6702 53.4088 -5.0209 0.0542
Pedestrian -1 -1 -5.0232 5.1504 176.0638 21.8241 212.0473 1.6852 0.5225 0.3654 -28.2865 1.8383 34.1669 -5.7110 0.0536
Pedestrian -1 -1 -6.0401 418.7904 170.4758 427.1238 190.5451 1.8283 0.5035 0.6354 -17.1258 1.6113 65.9860 -6.2933 0.0507
Car -1 -1 -7.9215 57.2120 169.2493 89.6457 192.2094 1.6685 1.6900 4.2884 -40.6678 1.4063 54.6153 -8.5593 0.0501
Cyclist -1 -1 -7.5775 625.6288 173.2287 635.8531 195.4420 1.6107 0.3641 1.4802 1.5014 1.6383 53.1042 -7.5498 0.1253
Pedestrian -1 -1 -5.8843 249.4748 173.0235 260.0232 196.7441 1.9162 0.7382 0.5238 -28.9129 1.9298 58.6761 -6.3406 0.0671
Cyclist -1 -1 -7.7108 622.5621 173.9377 630.4274 195.5717 1.5656 0.3766 1.4546 1.1865 1.6461 53.0385 -7.6890 0.0527
Cyclist -1 -1 -7.5580 228.8223 176.2879 245.4423 204.3960 1.6138 0.4148 1.6129 -21.9680 1.8195 42.4587 -8.0332 0.0520
Car -1 -1 -7.8547 573.7920 172.9961 623.9515 223.2373 1.6171 1.6162 4.4276 -0.4478 1.6222 25.4648 -7.8728 0.9458
Car -1 -1 -7.2066 8.5555 156.3719 115.9239 209.5459 2.5133 1.7763 4.8029 -27.5775 1.7340 36.5090 -7.8501 0.8989
Car -1 -1 -7.2770 119.9675 179.4428 199.3754 210.9091 1.4118 1.5459 3.5918 -21.7539 1.7472 34.9464 -7.8305 0.7962
Car -1 -1 -7.3462 179.0521 175.4816 244.2253 204.8504 1.5556 1.5768 3.7265 -22.2707 1.7094 40.4222 -7.8472 0.7058
Car -1 -1 -4.2014 196.4664 166.2926 248.9230 193.6860 1.9601 1.7774 3.8377 -28.7138 1.4903 53.5666 -4.6915 0.6383
Car -1 -1 -4.3159 609.4738 171.5245 648.4702 194.4261 1.6563 1.5914 3.7946 1.4351 1.5599 54.2409 -4.2900 0.1445
Car -1 -1 -4.0552 218.6979 171.3206 271.8289 198.1749 2.0933 1.7750 3.9738 -29.4633 1.9734 58.3629 -4.5210 0.1270
Car -1 -1 -7.4195 305.6577 175.7546 348.3117 196.2111 1.4764 1.5738 3.7308 -21.3638 1.7030 54.5293 -7.7915 0.0950
Car -1 -1 -4.6208 87.5226 164.5966 123.2513 191.8700 2.0196 1.8518 4.5303 -39.0317 1.4078 55.8566 -5.2286 0.0825
