Cyclist -1 -1 -7.8746 568.5797 175.9432 573.7542 198.0047 1.6203 0.3515 1.5310 -2.7506 0.9394 53.5708 -7.9261 0.2635
Pedestrian -1 -1 -3.9756 717.2131 167.8711 747.3501 230.4130 1.8332 0.5815 0.6822 3.6794 1.3249 21.5098 -3.8088 0.1575
Pedestrian -1 -1 -3.4769 769.3555 163.2169 804.9010 238.8228 1.8651 0.5956 0.7074 4.4519 1.3225 18.0637 -3.2393 0.1530
Cyclist -1 -1 -7.2732 251.9759 177.4160 310.6967 250.7613 1.6928 0.5045 1.5849 -7.9263 1.5129 17.4134 -7.6948 0.0841
Pedestrian -1 -1 -4.4736 507.7155 168.6581 530.6337 222.4397 1.8215 0.5976 0.8688 -3.0948 1.2608 24.8120 -4.5968 0.0806
Pedestrian -1 -1 -7.2653 674.4128 174.5972 693.2130 206.1409 1.6678 0.6777 0.7908 4.0447 1.1065 38.5287 -7.1619 0.0796
Cyclist -1 -1 -8.3397 665.5070 176.1462 681.3032 203.0526 1.6527 0.3621 1.4116 4.0640 1.0958 44.8767 -8.2504 0.0743
Pedestrian -1 -1 -4.5592 466.8690 166.5341 489.6115 221.9124 1.8749 0.6375 0.9388 -4.5071 1.2426 24.8153 -4.7373 0.0741
Pedestrian -1 -1 -7.4810 956.0647 158.4423 1084.0565 375.0000 1.7935 0.5981 0.9837 3.2770 1.5979 5.8015 -6.9874 0.0697
Pedestrian -1 -1 -3.9054 817.3679 154.0371 864.3156 244.3609 1.9193 0.6584 0.7226 5.0453 1.2569 15.7303 -3.6006 0.0664
Pedestrian -1 -1 -4.1046 796.7227 166.6839 847.7424 266.8175 1.6932 0.5708 0.6836 3.7037 1.3800 12.5929 -3.8250 0.0662
Cyclist -1 -1 -4.9565 690.4966 169.4382 710.3755 208.2081 1.7730 0.5232 1.7063 4.3037 1.0516 33.7530 -4.8311 0.0654
Car -1 -1 -7.9780 623.1481 173.1754 654.4236 197.5731 1.6454 1.6848 4.1902 2.1185 0.8336 50.6391 -7.9368 0.0646
Cyclist -1 -1 -8.2795 1108.7686 146.7685 1240.0000 375.0000 1.7701 0.4237 1.6779 4.6333 1.5044 5.8348 -7.6317 0.0636
Pedestrian -1 -1 -7.4699 461.1163 166.8137 476.4832 199.5785 1.8344 0.6654 0.6296 -7.8803 0.8043 40.6184 -7.6605 0.0625
Pedestrian -1 -1 -4.4852 765.8615 176.0493 798.6393 246.5913 1.6122 0.6375 0.5654 4.0363 1.4028 16.8233 -4.2540 0.0621
Pedestrian -1 -1 -5.5920 0.0000 166.0869 31.8642 238.6646 1.8503 0.6117 0.6343 -15.5380 1.3628 18.6330 -6.2801 0.0603
Cyclist -1 -1 -7.7677 680.7079 170.9475 691.5267 200.7112 1.7284 0.4971 1.7006 4.6230 0.9000 42.6277 -7.6608 0.0594
Cyclist -1 -1 -4.3585 204.4198 180.2730 233.6463 223.1669 1.6268 0.5155 1.4908 -15.1871 1.4395 28.0382 -4.8513 0.0592
Pedestrian -1 -1 -4.0022 922.5638 133.2116 1001.8287 278.2617 1.9384 0.5705 0.8670 4.8921 1.2436 10.0435 -3.5601 0.0591
Car -1 -1 -7.7974 540.3276 174.5201 570.2494 200.8065 1.6224 1.6973 4.1816 -3.3748 0.9624 46.4720 -7.8699 0.0571
Pedestrian -1 -1 -4.4075 837.0456 159.8460 884.2684 266.8431 1.7649 0.5906 0.6819 4.2797 1.3466 12.3073 -4.0803 0.0567
Car -1 -1 -8.1388 721.2767 192.0104 962.8159 339.1213 1.4048 1.6661 4.0731 2.5720 1.5104 9.1053 -7.8719 0.0549
Car -1 -1 -7.8842 544.8848 177.4001 581.9112 211.6413 1.4807 1.5719 3.9214 -2.1287 1.1429 33.1107 -7.9483 0.0537
Pedestrian -1 -1 -6.9951 1041.0455 149.4260 1159.4698 328.2632 1.7792 0.5754 0.8527 5.0585 1.4233 7.4943 -6.4188 0.0525
Car -1 -1 -7.2267 0.0000 157.8382 62.1824 186.6357 1.8321 1.6890 4.0505 -38.6114 0.0905 47.7994 -7.9035 0.0509
Car -1 -1 -4.8194 649.8716 173.5063 675.2742 195.0204 1.6795 1.6362 3.8410 4.3767 0.7656 58.0644 -4.7449 0.0509
Pedestrian -1 -1 -6.7141 685.3004 171.8784 708.7202 210.1106 1.7746 0.6681 0.8954 4.1598 1.1557 33.8218 -6.5931 0.3156
Pedestrian -1 -1 -7.5713 297.5735 176.3349 365.4006 306.5876 1.6726 0.6415 0.8349 -3.7520 1.5587 9.6723 -7.9324 0.1926
Cyclist -1 -1 -7.8415 655.5090 175.8790 664.7832 216.1080 1.5816 0.3593 1.5471 2.0814 1.2147 29.0469 -7.7711 0.1663
Pedestrian -1 -1 -5.3002 246.6710 180.6277 325.1684 313.2781 1.6373 0.5880 0.7990 -4.2337 1.5809 9.3358 -5.7155 0.1558
Pedestrian -1 -1 -5.2215 345.6094 174.6924 419.0652 306.3008 1.6779 0.6049 0.8541 -3.0943 1.5439 9.6782 -5.5233 0.1297
Pedestrian -1 -1 -7.0907 275.9121 163.4379 366.7293 313.3401 1.7900 0.6576 0.8576 -3.6672 1.5301 9.1058 -7.4637 0.1217
Cyclist -1 -1 -5.7479 248.1717 170.3630 397.7779 308.2820 1.7212 0.6472 1.7407 -3.7740 1.5360 9.4324 -6.1191 0.1170
Pedestrian -1 -1 -3.6638 345.4177 171.5998 425.9377 313.6300 1.7073 0.5251 0.8245 -2.8672 1.5438 9.1217 -3.9603 0.0912
Pedestrian -1 -1 -6.7951 330.6417 178.3812 410.0688 312.4120 1.6436 0.5606 0.8050 -3.1217 1.5600 9.3014 -7.1106 0.0802
Cyclist -1 -1 -4.3348 251.5061 170.7587 348.3398 316.3037 1.7260 0.5539 1.7223 -4.0187 1.5547 9.3905 -4.7292 0.0676
Cyclist -1 -1 -4.5423 317.2571 173.1512 382.1876 314.4466 1.6993 0.5217 1.6848 -3.4332 1.5543 9.5194 -4.8798 0.0641
Pedestrian -1 -1 -3.7662 232.0871 175.3072 310.8364 307.7652 1.6999 0.4994 0.8273 -4.5843 1.5729 9.7083 -4.1971 0.0638
Cyclist -1 -1 -7.8337 247.7451 184.7059 268.7991 252.9877 1.5740 0.4207 1.5659 -8.4825 1.5624 17.3700 -8.2822 0.0583
Pedestrian -1 -1 -6.1092 650.5472 178.1252 669.0518 216.9788 1.5330 0.5868 0.6472 2.0417 1.2534 28.7262 -6.0393 0.0577
Pedestrian -1 -1 -5.3681 371.3189 174.3928 449.3640 304.5903 1.7077 0.6020 0.9262 -2.7896 1.5659 9.9484 -5.6350 0.0567
Car -1 -1 -7.2996 4.2723 186.6932 257.0625 294.0078 1.5062 1.6605 3.9448 -7.7498 1.5353 12.1198 -7.8587 0.9345
Car -1 -1 -7.8229 583.2945 176.5835 618.7311 208.8264 1.4676 1.5972 3.1953 -0.3194 1.0748 34.3340 -7.8325 0.8452
Car -1 -1 -7.2919 99.7381 181.2725 246.9212 244.1929 1.4988 1.5379 3.7693 -11.3583 1.4050 19.0303 -7.8240 0.4798
Car -1 -1 -4.5195 498.9174 177.5970 549.3553 211.8361 1.4958 1.6212 3.8232 -3.8545 1.1631 33.3737 -4.6339 0.2060
Car -1 -1 -2.2730 0.0000 195.4905 51.3836 369.2422 1.4915 1.6117 4.0615 -8.2151 1.6062 7.1446 -3.1094 0.1504
Car -1 -1 -4.8596 653.5468 177.7572 714.6848 222.6892 1.5018 1.6142 3.9515 2.6409 1.2526 26.0384 -4.7600 0.1200
Car -1 -1 -4.3957 459.1837 177.6962 519.3293 210.9584 1.4818 1.6279 4.0762 -5.5893 1.1470 34.1648 -4.5570 0.0985
Car -1 -1 -7.6387 419.8189 177.6917 491.6846 226.3015 1.5951 1.6735 4.0222 -5.3582 1.3484 25.6094 -7.8432 0.0861
Car -1 -1 -7.5649 309.5870 183.4969 421.9076 246.9691 1.4934 1.6663 4.1741 -6.2873 1.4531 19.0216 -7.8803 0.0724
Car -1 -1 -4.3339 343.2138 180.3566 425.4323 224.1014 1.4923 1.5769 3.8362 -8.1731 1.3267 26.4990 -4.6305 0.0719
Car -1 -1 -7.8356 246.3595 185.4781 320.7970 249.7138 1.4797 1.5951 4.1682 -8.4599 1.4876 18.8081 -8.2533 0.0698
Car -1 -1 -7.7761 629.2599 175.4675 663.6994 203.7724 1.5913 1.7192 4.2417 2.3143 1.0434 42.6295 -7.7227 0.0677
Car -1 -1 -7.9236 650.5061 177.0525 695.1311 214.4912 1.4818 1.5852 4.0735 2.6578 1.1589 30.5017 -7.8379 0.0616
